Lineup Num,,Player Name,Actual FP,team,Pos,Salary,DFN_MinProj,Avg Proj,Avg Value Proj,Avg Skewed Min,Avg Skewed FP,Proj Min Enhanced,Avg Proj Stan,DFN_MinProj Stan,Proj Min Enhanced Stan,Avg Skewed FP Stan,Avg Value Proj Stan,Actual FP Stan,predictions
0,0,Jrue Holiday,35.5,NO,PG/SG,7800,35.5,41.9,5.359999999999999,37.0,43.04,40.20135135135135,1.6899840973590197,1.3232957544071682,1.438158861891601,1.8263686376630897,0.9520803304852542,0.9816192220750859,1.0294965321519474
0,1,Malcolm Brogdon,35.5,IND,PG/SG,7900,33.5,41.9,5.29,30.666666666666668,40.4,45.77119565217391,1.6899840973590197,1.1000708206770162,1.8959999656724584,1.5838817751381065,0.8840079856023717,0.9816192220750859,1.0659746750522572
0,2,Cameron Johnson,8.5,PHO,SF/PF,3500,22.0,16.950000000000003,4.82,23.666666666666668,17.21,15.756338028169015,-0.5354358687022301,-0.18347254827135773,-0.5712208042816043,-0.5461448695415755,0.4269508128172998,-1.0174558459910352,-0.3136977894711458
0,3,Julius Randle,42.5,NY,PF/C,6400,32.0,34.45,5.4,32.0,34.629999999999995,34.45,1.0254799391563623,0.9326521203794021,0.9653978817425954,1.0539010187861542,0.990978813275474,1.4998979434255617,0.965997415980157
0,4,Donovan Mitchell,37.8,UTA,PG/SG,7800,34.5,43.099999999999994,5.535,34.0,41.76,43.733823529411765,1.7970183241836084,1.2116832875420922,1.728528012935824,1.7087992497721887,1.1222611926924626,1.151910801947385,1.0603765798603555
0,5,Chris Boucher,17.8,TOR,PF/C,3900,19.0,22.25,5.715,17.0,19.13,24.86764705882353,-0.06270136689362814,-0.5183099488665857,0.17772863814128376,-0.3697907877052242,1.2973043652484475,-0.3288855447682601,0.18651188284271247
0,6,Joel Embiid,57.3,PHI,C,9000,33.0,52.15,5.775,30.666666666666668,46.87,56.11793478260869,2.6042347848190524,1.0442645872444782,2.7465017406163756,2.1781582904928944,1.3556520894337762,2.5956872399951387,1.9933905935592913
0,7,James Ennis III,31.5,PHI,SF/PF,3100,23.5,17.8,5.755,15.0,14.220000000000002,27.88666666666667,-0.459619958034813,-0.01605384797374375,0.42589199692436963,-0.8207796115679767,1.3362028480386663,0.6854599527319569,-0.07379016230742294
1,0,Shai Gilgeous-Alexander,18.3,OKC,PG/SG,6800,34.5,35.05,5.14,33.0,31.85,36.643181818181816,1.0789970525686563,1.2116832875420922,1.1456773887083787,0.7985550044606042,0.7381386751390504,-0.291865636100369,0.7751633229688327
1,1,Kent Bazemore,10.0,POR,SG/SF,3200,20.0,16.85,5.28,22.0,17.85,15.31818181818182,-0.5443553876042794,-0.4066974820015097,-0.6072372370532256,-0.487360175596125,0.8742833649048172,-0.9063961199873618,-0.2789042610400989
1,2,James Ennis III,31.5,PHI,SF/PF,3100,23.5,17.8,5.755,15.0,14.220000000000002,27.88666666666667,-0.459619958034813,-0.01605384797374375,0.42589199692436963,-0.8207796115679767,1.3362028480386663,0.6854599527319569,-0.07379016230742294
1,3,Miles Bridges,34.3,CHA,SF/PF,4900,32.0,25.15,5.125,32.333333333333336,26.410000000000004,24.890721649484533,0.1959646812657956,0.9326521203794021,0.17962536908867582,0.29888510592427536,0.7235517440927186,0.892771441272147,0.280214126907774
1,4,Jrue Holiday,35.5,NO,PG/SG,7800,35.5,41.9,5.359999999999999,37.0,43.04,40.20135135135135,1.6899840973590197,1.3232957544071682,1.438158861891601,1.8263686376630897,0.9520803304852542,0.9816192220750859,1.0294965321519474
1,5,Kevin Love,37.5,CLE,PF/C,7100,30.0,37.85,5.34,28.666666666666668,36.29,39.61046511627907,1.3287435818260314,0.7094271866492502,1.3895880237382878,1.2063738187071666,0.9326310890901451,1.1296988567466504,0.965997415980157
1,6,Joel Embiid,57.3,PHI,C,9000,33.0,52.15,5.775,30.666666666666668,46.87,56.11793478260869,2.6042347848190524,1.0442645872444782,2.7465017406163756,2.1781582904928944,1.3556520894337762,2.5956872399951387,1.9933905935592913
1,7,Donovan Mitchell,37.8,UTA,PG/SG,7800,34.5,43.099999999999994,5.535,34.0,41.76,43.733823529411765,1.7970183241836084,1.2116832875420922,1.728528012935824,1.7087992497721887,1.1222611926924626,1.151910801947385,1.0603765798603555
2,0,Chris Paul,26.0,OKC,PG,7200,31.5,38.6,5.359999999999999,30.666666666666668,35.239999999999995,39.64891304347826,1.3956399735913996,0.8768458869468642,1.3927484426793275,1.1099301802029116,0.9520803304852542,0.2782409573851544,0.965997415980157
2,1,Kent Bazemore,10.0,POR,SG/SF,3200,20.0,16.85,5.28,22.0,17.85,15.31818181818182,-0.5443553876042794,-0.4066974820015097,-0.6072372370532256,-0.487360175596125,0.8742833649048172,-0.9063961199873618,-0.2789042610400989
2,2,Bojan Bogdanovic,49.0,UTA,SF/PF,6400,33.5,32.349999999999994,5.07,35.666666666666664,33.75,30.384813084112146,0.8381700422133304,1.1000708206770162,0.6312395885977169,0.9730720646111601,0.6700663302561679,1.9811567561081465,0.7310827309465562
2,3,Domantas Sabonis,39.5,IND,PF/C,7900,33.5,44.15,5.57,33.0,43.15,44.818939393939395,1.8906732726551245,1.1000708206770162,1.817724517956993,1.8364722569349639,1.1562973651339044,1.277778491418215,1.2551500915073353
2,4,Malcolm Brogdon,35.5,IND,PG/SG,7900,33.5,41.9,5.29,30.666666666666668,40.4,45.77119565217391,1.6899840973590197,1.1000708206770162,1.8959999656724584,1.5838817751381065,0.8840079856023717,0.9816192220750859,1.0659746750522572
2,5,James Ennis III,31.5,PHI,SF/PF,3100,23.5,17.8,5.755,15.0,14.220000000000002,27.88666666666667,-0.459619958034813,-0.01605384797374375,0.42589199692436963,-0.8207796115679767,1.3362028480386663,0.6854599527319569,-0.07379016230742294
2,6,Julius Randle,42.5,NY,PF/C,6400,32.0,34.45,5.4,32.0,34.629999999999995,34.45,1.0254799391563623,0.9326521203794021,0.9653978817425954,1.0539010187861542,0.990978813275474,1.4998979434255617,0.965997415980157
2,7,Donovan Mitchell,37.8,UTA,PG/SG,7800,34.5,43.099999999999994,5.535,34.0,41.76,43.733823529411765,1.7970183241836084,1.2116832875420922,1.728528012935824,1.7087992497721887,1.1222611926924626,1.151910801947385,1.0603765798603555
3,0,Malcolm Brogdon,35.5,IND,PG/SG,7900,33.5,41.9,5.29,30.666666666666668,40.4,45.77119565217391,1.6899840973590197,1.1000708206770162,1.8959999656724584,1.5838817751381065,0.8840079856023717,0.9816192220750859,1.0659746750522572
3,1,Shai Gilgeous-Alexander,18.3,OKC,PG/SG,6800,34.5,35.05,5.14,33.0,31.85,36.643181818181816,1.0789970525686563,1.2116832875420922,1.1456773887083787,0.7985550044606042,0.7381386751390504,-0.291865636100369,0.7751633229688327
3,2,Kyle Kuzma,7.0,LAL,SF/PF,4500,26.0,23.85,5.295,24.333333333333332,20.889999999999997,25.483561643835618,0.08001093553915757,0.26297731918894623,0.22835680622041996,-0.2081328793552356,0.888870295951149,-1.1285155719947086,0.280214126907774
3,3,Miles Bridges,34.3,CHA,SF/PF,4900,32.0,25.15,5.125,32.333333333333336,26.410000000000004,24.890721649484533,0.1959646812657956,0.9326521203794021,0.17962536908867582,0.29888510592427536,0.7235517440927186,0.892771441272147,0.280214126907774
3,4,Donovan Mitchell,37.8,UTA,PG/SG,7800,34.5,43.099999999999994,5.535,34.0,41.76,43.733823529411765,1.7970183241836084,1.2116832875420922,1.728528012935824,1.7087992497721887,1.1222611926924626,1.151910801947385,1.0603765798603555
3,5,James Ennis III,31.5,PHI,SF/PF,3100,23.5,17.8,5.755,15.0,14.220000000000002,27.88666666666667,-0.459619958034813,-0.01605384797374375,0.42589199692436963,-0.8207796115679767,1.3362028480386663,0.6854599527319569,-0.07379016230742294
3,6,Domantas Sabonis,39.5,IND,PF/C,7900,33.5,44.15,5.57,33.0,43.15,44.818939393939395,1.8906732726551245,1.1000708206770162,1.817724517956993,1.8364722569349639,1.1562973651339044,1.277778491418215,1.2551500915073353
3,7,Kevin Love,37.5,CLE,PF/C,7100,30.0,37.85,5.34,28.666666666666668,36.29,39.61046511627907,1.3287435818260314,0.7094271866492502,1.3895880237382878,1.2063738187071666,0.9326310890901451,1.1296988567466504,0.965997415980157
4,0,Derrick Rose,32.5,DET,PG/SG,5300,25.0,25.85,4.855,23.333333333333332,26.889999999999997,27.696428571428573,0.25840131358013957,0.15136485232387023,0.41025442883433966,0.3429736263833626,0.46098698525874143,0.7594997700677392,0.2507325766084923
4,1,Malcolm Brogdon,35.5,IND,PG/SG,7900,33.5,41.9,5.29,30.666666666666668,40.4,45.77119565217391,1.6899840973590197,1.1000708206770162,1.8959999656724584,1.5838817751381065,0.8840079856023717,0.9816192220750859,1.0659746750522572
4,2,James Ennis III,31.5,PHI,SF/PF,3100,23.5,17.8,5.755,15.0,14.220000000000002,27.88666666666667,-0.459619958034813,-0.01605384797374375,0.42589199692436963,-0.8207796115679767,1.3362028480386663,0.6854599527319569,-0.07379016230742294
4,3,Danilo Gallinari,37.8,OKC,SF/PF,6900,31.5,35.599999999999994,5.17,30.666666666666668,30.7,36.567391304347815,1.128054406529926,0.8768458869468642,1.1394474098012928,0.6929262575273727,0.7673125372317149,1.151910801947385,0.956118255744065
4,4,Shai Gilgeous-Alexander,18.3,OKC,PG/SG,6800,34.5,35.05,5.14,33.0,31.85,36.643181818181816,1.0789970525686563,1.2116832875420922,1.1456773887083787,0.7985550044606042,0.7381386751390504,-0.291865636100369,0.7751633229688327
4,5,Chris Boucher,17.8,TOR,PF/C,3900,19.0,22.25,5.715,17.0,19.13,24.86764705882353,-0.06270136689362814,-0.5183099488665857,0.17772863814128376,-0.3697907877052242,1.2973043652484475,-0.3288855447682601,0.18651188284271247
4,6,Joel Embiid,57.3,PHI,C,9000,33.0,52.15,5.775,30.666666666666668,46.87,56.11793478260869,2.6042347848190524,1.0442645872444782,2.7465017406163756,2.1781582904928944,1.3556520894337762,2.5956872399951387,1.9933905935592913
4,7,Kevin Love,37.5,CLE,PF/C,7100,30.0,37.85,5.34,28.666666666666668,36.29,39.61046511627907,1.3287435818260314,0.7094271866492502,1.3895880237382878,1.2063738187071666,0.9326310890901451,1.1296988567466504,0.965997415980157
5,0,Jrue Holiday,35.5,NO,PG/SG,7800,35.5,41.9,5.359999999999999,37.0,43.04,40.20135135135135,1.6899840973590197,1.3232957544071682,1.438158861891601,1.8263686376630897,0.9520803304852542,0.9816192220750859,1.0294965321519474
5,1,Malcolm Brogdon,35.5,IND,PG/SG,7900,33.5,41.9,5.29,30.666666666666668,40.4,45.77119565217391,1.6899840973590197,1.1000708206770162,1.8959999656724584,1.5838817751381065,0.8840079856023717,0.9816192220750859,1.0659746750522572
5,2,Cameron Johnson,8.5,PHO,SF/PF,3500,22.0,16.950000000000003,4.82,23.666666666666668,17.21,15.756338028169015,-0.5354358687022301,-0.18347254827135773,-0.5712208042816043,-0.5461448695415755,0.4269508128172998,-1.0174558459910352,-0.3136977894711458
5,3,Domantas Sabonis,39.5,IND,PF/C,7900,33.5,44.15,5.57,33.0,43.15,44.818939393939395,1.8906732726551245,1.1000708206770162,1.817724517956993,1.8364722569349639,1.1562973651339044,1.277778491418215,1.2551500915073353
5,4,Patrick Beverley,19.8,LAC,PG/SG,4800,31.0,23.35,4.845000000000001,28.666666666666668,25.53,25.25058139534884,0.035413341028912075,0.8210396535143262,0.20920583388344233,0.21805615174928072,0.45126236456118696,-0.18080591009669555,0.280214126907774
5,5,Julius Randle,42.5,NY,PF/C,6400,32.0,34.45,5.4,32.0,34.629999999999995,34.45,1.0254799391563623,0.9326521203794021,0.9653978817425954,1.0539010187861542,0.990978813275474,1.4998979434255617,0.965997415980157
5,6,Chris Boucher,17.8,TOR,PF/C,3900,19.0,22.25,5.715,17.0,19.13,24.86764705882353,-0.06270136689362814,-0.5183099488665857,0.17772863814128376,-0.3697907877052242,1.2973043652484475,-0.3288855447682601,0.18651188284271247
5,7,Donovan Mitchell,37.8,UTA,PG/SG,7800,34.5,43.099999999999994,5.535,34.0,41.76,43.733823529411765,1.7970183241836084,1.2116832875420922,1.728528012935824,1.7087992497721887,1.1222611926924626,1.151910801947385,1.0603765798603555
6,0,Jrue Holiday,35.5,NO,PG/SG,7800,35.5,41.9,5.359999999999999,37.0,43.04,40.20135135135135,1.6899840973590197,1.3232957544071682,1.438158861891601,1.8263686376630897,0.9520803304852542,0.9816192220750859,1.0294965321519474
6,1,Malcolm Brogdon,35.5,IND,PG/SG,7900,33.5,41.9,5.29,30.666666666666668,40.4,45.77119565217391,1.6899840973590197,1.1000708206770162,1.8959999656724584,1.5838817751381065,0.8840079856023717,0.9816192220750859,1.0659746750522572
6,2,Kent Bazemore,10.0,POR,SG/SF,3200,20.0,16.85,5.28,22.0,17.85,15.31818181818182,-0.5443553876042794,-0.4066974820015097,-0.6072372370532256,-0.487360175596125,0.8742833649048172,-0.9063961199873618,-0.2789042610400989
6,3,Kyle Kuzma,7.0,LAL,SF/PF,4500,26.0,23.85,5.295,24.333333333333332,20.889999999999997,25.483561643835618,0.08001093553915757,0.26297731918894623,0.22835680622041996,-0.2081328793552356,0.888870295951149,-1.1285155719947086,0.280214126907774
6,4,Zach LaVine,47.5,CHI,PG/SG,7000,32.0,35.7,5.105,32.333333333333336,36.379999999999995,35.3319587628866,1.136973925431976,0.9326521203794021,1.0378948765741325,1.2146404162932454,0.7041025026976097,1.870097030104473,0.9651407505684614
6,5,Kevin Love,37.5,CLE,PF/C,7100,30.0,37.85,5.34,28.666666666666668,36.29,39.61046511627907,1.3287435818260314,0.7094271866492502,1.3895880237382878,1.2063738187071666,0.9326310890901451,1.1296988567466504,0.965997415980157
6,6,Joel Embiid,57.3,PHI,C,9000,33.0,52.15,5.775,30.666666666666668,46.87,56.11793478260869,2.6042347848190524,1.0442645872444782,2.7465017406163756,2.1781582904928944,1.3556520894337762,2.5956872399951387,1.9933905935592913
6,7,James Ennis III,31.5,PHI,SF/PF,3100,23.5,17.8,5.755,15.0,14.220000000000002,27.88666666666667,-0.459619958034813,-0.01605384797374375,0.42589199692436963,-0.8207796115679767,1.3362028480386663,0.6854599527319569,-0.07379016230742294
7,0,Jrue Holiday,35.5,NO,PG/SG,7800,35.5,41.9,5.359999999999999,37.0,43.04,40.20135135135135,1.6899840973590197,1.3232957544071682,1.438158861891601,1.8263686376630897,0.9520803304852542,0.9816192220750859,1.0294965321519474
7,1,Malcolm Brogdon,35.5,IND,PG/SG,7900,33.5,41.9,5.29,30.666666666666668,40.4,45.77119565217391,1.6899840973590197,1.1000708206770162,1.8959999656724584,1.5838817751381065,0.8840079856023717,0.9816192220750859,1.0659746750522572
7,2,James Ennis III,31.5,PHI,SF/PF,3100,23.5,17.8,5.755,15.0,14.220000000000002,27.88666666666667,-0.459619958034813,-0.01605384797374375,0.42589199692436963,-0.8207796115679767,1.3362028480386663,0.6854599527319569,-0.07379016230742294
7,3,Domantas Sabonis,39.5,IND,PF/C,7900,33.5,44.15,5.57,33.0,43.15,44.818939393939395,1.8906732726551245,1.1000708206770162,1.817724517956993,1.8364722569349639,1.1562973651339044,1.277778491418215,1.2551500915073353
7,4,Nicolas Batum,11.3,CHA,SG/SF,3700,23.5,17.65,4.75,24.0,17.95,17.282291666666666,-0.4729992363878868,-0.01605384797374375,-0.44578744197648495,-0.4781750671671485,0.3588784679344164,-0.8101443574508448,-0.3136977894711458
7,5,Chris Boucher,17.8,TOR,PF/C,3900,19.0,22.25,5.715,17.0,19.13,24.86764705882353,-0.06270136689362814,-0.5183099488665857,0.17772863814128376,-0.3697907877052242,1.2973043652484475,-0.3288855447682601,0.18651188284271247
7,6,Kevin Love,37.5,CLE,PF/C,7100,30.0,37.85,5.34,28.666666666666668,36.29,39.61046511627907,1.3287435818260314,0.7094271866492502,1.3895880237382878,1.2063738187071666,0.9326310890901451,1.1296988567466504,0.965997415980157
7,7,Donovan Mitchell,37.8,UTA,PG/SG,7800,34.5,43.099999999999994,5.535,34.0,41.76,43.733823529411765,1.7970183241836084,1.2116832875420922,1.728528012935824,1.7087992497721887,1.1222611926924626,1.151910801947385,1.0603765798603555
8,0,Jrue Holiday,35.5,NO,PG/SG,7800,35.5,41.9,5.359999999999999,37.0,43.04,40.20135135135135,1.6899840973590197,1.3232957544071682,1.438158861891601,1.8263686376630897,0.9520803304852542,0.9816192220750859,1.0294965321519474
8,1,Malcolm Brogdon,35.5,IND,PG/SG,7900,33.5,41.9,5.29,30.666666666666668,40.4,45.77119565217391,1.6899840973590197,1.1000708206770162,1.8959999656724584,1.5838817751381065,0.8840079856023717,0.9816192220750859,1.0659746750522572
8,2,Troy Brown,26.3,WAS,SG/SF,4100,21.0,17.25,4.195,19.333333333333332,16.95,18.737068965517242,-0.5086773119960831,-0.2950850151364337,-0.3262047735412617,-0.5700261514569149,-0.18083798077987065,0.30045290258588914,-0.27467113567703844
8,3,Domantas Sabonis,39.5,IND,PF/C,7900,33.5,44.15,5.57,33.0,43.15,44.818939393939395,1.8906732726551245,1.1000708206770162,1.817724517956993,1.8364722569349639,1.1562973651339044,1.277778491418215,1.2551500915073353
8,4,Kent Bazemore,10.0,POR,SG/SF,3200,20.0,16.85,5.28,22.0,17.85,15.31818181818182,-0.5443553876042794,-0.4066974820015097,-0.6072372370532256,-0.487360175596125,0.8742833649048172,-0.9063961199873618,-0.2789042610400989
8,5,James Ennis III,31.5,PHI,SF/PF,3100,23.5,17.8,5.755,15.0,14.220000000000002,27.88666666666667,-0.459619958034813,-0.01605384797374375,0.42589199692436963,-0.8207796115679767,1.3362028480386663,0.6854599527319569,-0.07379016230742294
8,6,Joel Embiid,57.3,PHI,C,9000,33.0,52.15,5.775,30.666666666666668,46.87,56.11793478260869,2.6042347848190524,1.0442645872444782,2.7465017406163756,2.1781582904928944,1.3556520894337762,2.5956872399951387,1.9933905935592913
8,7,Julius Randle,42.5,NY,PF/C,6400,32.0,34.45,5.4,32.0,34.629999999999995,34.45,1.0254799391563623,0.9326521203794021,0.9653978817425954,1.0539010187861542,0.990978813275474,1.4998979434255617,0.965997415980157
9,0,Trae Young,62.8,ATL,PG,9500,34.5,47.75,5.01,35.333333333333336,49.47,46.62382075471698,2.211775953128892,1.2116832875420922,1.9660857341385423,2.4169711096462874,0.611718606070839,3.0029062353419413,1.8213490347078105
9,1,Malcolm Brogdon,35.5,IND,PG/SG,7900,33.5,41.9,5.29,30.666666666666668,40.4,45.77119565217391,1.6899840973590197,1.1000708206770162,1.8959999656724584,1.5838817751381065,0.8840079856023717,0.9816192220750859,1.0659746750522572
9,2,Kent Bazemore,10.0,POR,SG/SF,3200,20.0,16.85,5.28,22.0,17.85,15.31818181818182,-0.5443553876042794,-0.4066974820015097,-0.6072372370532256,-0.487360175596125,0.8742833649048172,-0.9063961199873618,-0.2789042610400989
9,3,Bojan Bogdanovic,49.0,UTA,SF/PF,6400,33.5,32.349999999999994,5.07,35.666666666666664,33.75,30.384813084112146,0.8381700422133304,1.1000708206770162,0.6312395885977169,0.9730720646111601,0.6700663302561679,1.9811567561081465,0.7310827309465562
9,4,Donovan Mitchell,37.8,UTA,PG/SG,7800,34.5,43.099999999999994,5.535,34.0,41.76,43.733823529411765,1.7970183241836084,1.2116832875420922,1.728528012935824,1.7087992497721887,1.1222611926924626,1.151910801947385,1.0603765798603555
9,5,Chris Boucher,17.8,TOR,PF/C,3900,19.0,22.25,5.715,17.0,19.13,24.86764705882353,-0.06270136689362814,-0.5183099488665857,0.17772863814128376,-0.3697907877052242,1.2973043652484475,-0.3288855447682601,0.18651188284271247
9,6,Domantas Sabonis,39.5,IND,PF/C,7900,33.5,44.15,5.57,33.0,43.15,44.818939393939395,1.8906732726551245,1.1000708206770162,1.817724517956993,1.8364722569349639,1.1562973651339044,1.277778491418215,1.2551500915073353
9,7,James Ennis III,31.5,PHI,SF/PF,3100,23.5,17.8,5.755,15.0,14.220000000000002,27.88666666666667,-0.459619958034813,-0.01605384797374375,0.42589199692436963,-0.8207796115679767,1.3362028480386663,0.6854599527319569,-0.07379016230742294
10,0,Donovan Mitchell,37.8,UTA,PG/SG,7800,34.5,43.099999999999994,5.535,34.0,41.76,43.733823529411765,1.7970183241836084,1.2116832875420922,1.728528012935824,1.7087992497721887,1.1222611926924626,1.151910801947385,1.0603765798603555
10,1,Shai Gilgeous-Alexander,18.3,OKC,PG/SG,6800,34.5,35.05,5.14,33.0,31.85,36.643181818181816,1.0789970525686563,1.2116832875420922,1.1456773887083787,0.7985550044606042,0.7381386751390504,-0.291865636100369,0.7751633229688327
10,2,Kent Bazemore,10.0,POR,SG/SF,3200,20.0,16.85,5.28,22.0,17.85,15.31818181818182,-0.5443553876042794,-0.4066974820015097,-0.6072372370532256,-0.487360175596125,0.8742833649048172,-0.9063961199873618,-0.2789042610400989
10,3,Kevin Love,37.5,CLE,PF/C,7100,30.0,37.85,5.34,28.666666666666668,36.29,39.61046511627907,1.3287435818260314,0.7094271866492502,1.3895880237382878,1.2063738187071666,0.9326310890901451,1.1296988567466504,0.965997415980157
10,4,Khris Middleton,24.0,MIL,SG/SF,6400,25.0,29.3,4.57,26.333333333333332,31.2,27.816455696202535,0.5661247157008334,0.15136485232387023,0.42012065638436974,0.7388517996722559,0.1838352953784316,0.1301613227135899,0.49517173156345806
10,5,James Ennis III,31.5,PHI,SF/PF,3100,23.5,17.8,5.755,15.0,14.220000000000002,27.88666666666667,-0.459619958034813,-0.01605384797374375,0.42589199692436963,-0.8207796115679767,1.3362028480386663,0.6854599527319569,-0.07379016230742294
10,6,Domantas Sabonis,39.5,IND,PF/C,7900,33.5,44.15,5.57,33.0,43.15,44.818939393939395,1.8906732726551245,1.1000708206770162,1.817724517956993,1.8364722569349639,1.1562973651339044,1.277778491418215,1.2551500915073353
10,7,Julius Randle,42.5,NY,PF/C,6400,32.0,34.45,5.4,32.0,34.629999999999995,34.45,1.0254799391563623,0.9326521203794021,0.9653978817425954,1.0539010187861542,0.990978813275474,1.4998979434255617,0.965997415980157
11,0,Jrue Holiday,35.5,NO,PG/SG,7800,35.5,41.9,5.359999999999999,37.0,43.04,40.20135135135135,1.6899840973590197,1.3232957544071682,1.438158861891601,1.8263686376630897,0.9520803304852542,0.9816192220750859,1.0294965321519474
11,1,Shai Gilgeous-Alexander,18.3,OKC,PG/SG,6800,34.5,35.05,5.14,33.0,31.85,36.643181818181816,1.0789970525686563,1.2116832875420922,1.1456773887083787,0.7985550044606042,0.7381386751390504,-0.291865636100369,0.7751633229688327
11,2,Khris Middleton,24.0,MIL,SG/SF,6400,25.0,29.3,4.57,26.333333333333332,31.2,27.816455696202535,0.5661247157008334,0.15136485232387023,0.42012065638436974,0.7388517996722559,0.1838352953784316,0.1301613227135899,0.49517173156345806
11,3,Chris Boucher,17.8,TOR,PF/C,3900,19.0,22.25,5.715,17.0,19.13,24.86764705882353,-0.06270136689362814,-0.5183099488665857,0.17772863814128376,-0.3697907877052242,1.2973043652484475,-0.3288855447682601,0.18651188284271247
11,4,Norman Powell,42.0,TOR,SG/SF,4900,28.5,21.9,4.47,27.0,21.6,23.116666666666664,-0.09391968305080012,0.5420084863516362,0.03379808063443454,-0.14291860950950108,0.08658908840288382,1.4628780347576706,0.25772483871884116
11,5,James Ennis III,31.5,PHI,SF/PF,3100,23.5,17.8,5.755,15.0,14.220000000000002,27.88666666666667,-0.459619958034813,-0.01605384797374375,0.42589199692436963,-0.8207796115679767,1.3362028480386663,0.6854599527319569,-0.07379016230742294
11,6,Domantas Sabonis,39.5,IND,PF/C,7900,33.5,44.15,5.57,33.0,43.15,44.818939393939395,1.8906732726551245,1.1000708206770162,1.817724517956993,1.8364722569349639,1.1562973651339044,1.277778491418215,1.2551500915073353
11,7,Donovan Mitchell,37.8,UTA,PG/SG,7800,34.5,43.099999999999994,5.535,34.0,41.76,43.733823529411765,1.7970183241836084,1.2116832875420922,1.728528012935824,1.7087992497721887,1.1222611926924626,1.151910801947385,1.0603765798603555
12,0,Shai Gilgeous-Alexander,18.3,OKC,PG/SG,6800,34.5,35.05,5.14,33.0,31.85,36.643181818181816,1.0789970525686563,1.2116832875420922,1.1456773887083787,0.7985550044606042,0.7381386751390504,-0.291865636100369,0.7751633229688327
12,1,Donovan Mitchell,37.8,UTA,PG/SG,7800,34.5,43.099999999999994,5.535,34.0,41.76,43.733823529411765,1.7970183241836084,1.2116832875420922,1.728528012935824,1.7087992497721887,1.1222611926924626,1.151910801947385,1.0603765798603555
12,2,Jeremy Lamb,26.3,IND,SG/SF,6300,31.5,32.3,5.109999999999999,31.666666666666668,32.64,32.129999999999995,0.8337102827623061,0.8768458869468642,0.7746939224569244,0.8711173610495195,0.708964813046386,0.30045290258588914,0.7876517288015346
12,3,Thomas Bryant,15.3,WAS,PF/C,6200,29.0,30.7,4.96,27.666666666666668,32.459999999999994,32.179518072289156,0.6909979803295206,0.5978147197841742,0.7787643071300868,0.854584165877361,0.5630955025830656,-0.5139850881077157,0.5177814633692002
12,4,Malcolm Brogdon,35.5,IND,PG/SG,7900,33.5,41.9,5.29,30.666666666666668,40.4,45.77119565217391,1.6899840973590197,1.1000708206770162,1.8959999656724584,1.5838817751381065,0.8840079856023717,0.9816192220750859,1.0659746750522572
12,5,Kent Bazemore,10.0,POR,SG/SF,3200,20.0,16.85,5.28,22.0,17.85,15.31818181818182,-0.5443553876042794,-0.4066974820015097,-0.6072372370532256,-0.487360175596125,0.8742833649048172,-0.9063961199873618,-0.2789042610400989
12,6,Maxi Kleber,18.3,DAL,PF/C,4300,23.0,19.25,4.49,23.0,18.19,19.25,-0.3302869339551011,-0.07186008140628174,-0.2840418515083493,-0.4561308069376044,0.10603832979799373,-0.291865636100369,-0.2543355711555431
12,7,Julius Randle,42.5,NY,PF/C,6400,32.0,34.45,5.4,32.0,34.629999999999995,34.45,1.0254799391563623,0.9326521203794021,0.9653978817425954,1.0539010187861542,0.990978813275474,1.4998979434255617,0.965997415980157
13,0,Chris Paul,26.0,OKC,PG,7200,31.5,38.6,5.359999999999999,30.666666666666668,35.239999999999995,39.64891304347826,1.3956399735913996,0.8768458869468642,1.3927484426793275,1.1099301802029116,0.9520803304852542,0.2782409573851544,0.965997415980157
13,1,Malcolm Brogdon,35.5,IND,PG/SG,7900,33.5,41.9,5.29,30.666666666666668,40.4,45.77119565217391,1.6899840973590197,1.1000708206770162,1.8959999656724584,1.5838817751381065,0.8840079856023717,0.9816192220750859,1.0659746750522572
13,2,James Ennis III,31.5,PHI,SF/PF,3100,23.5,17.8,5.755,15.0,14.220000000000002,27.88666666666667,-0.459619958034813,-0.01605384797374375,0.42589199692436963,-0.8207796115679767,1.3362028480386663,0.6854599527319569,-0.07379016230742294
13,3,Domantas Sabonis,39.5,IND,PF/C,7900,33.5,44.15,5.57,33.0,43.15,44.818939393939395,1.8906732726551245,1.1000708206770162,1.817724517956993,1.8364722569349639,1.1562973651339044,1.277778491418215,1.2551500915073353
13,4,Shai Gilgeous-Alexander,18.3,OKC,PG/SG,6800,34.5,35.05,5.14,33.0,31.85,36.643181818181816,1.0789970525686563,1.2116832875420922,1.1456773887083787,0.7985550044606042,0.7381386751390504,-0.291865636100369,0.7751633229688327
13,5,Thomas Bryant,15.3,WAS,PF/C,6200,29.0,30.7,4.96,27.666666666666668,32.459999999999994,32.179518072289156,0.6909979803295206,0.5978147197841742,0.7787643071300868,0.854584165877361,0.5630955025830656,-0.5139850881077157,0.5177814633692002
13,6,Kevin Love,37.5,CLE,PF/C,7100,30.0,37.85,5.34,28.666666666666668,36.29,39.61046511627907,1.3287435818260314,0.7094271866492502,1.3895880237382878,1.2063738187071666,0.9326310890901451,1.1296988567466504,0.965997415980157
13,7,Malcolm Miller,1.5,TOR,SG/SF,3000,0.0,2.65,0.875,7.0,4.41,0.0,-1.8109270716952517,-2.6389468193030297,-1.86639151368471,-1.721838748450585,-3.4094120523680402,-1.535734567341511,-0.5615328741901023
14,0,Donovan Mitchell,37.8,UTA,PG/SG,7800,34.5,43.099999999999994,5.535,34.0,41.76,43.733823529411765,1.7970183241836084,1.2116832875420922,1.728528012935824,1.7087992497721887,1.1222611926924626,1.151910801947385,1.0603765798603555
14,1,Jrue Holiday,35.5,NO,PG/SG,7800,35.5,41.9,5.359999999999999,37.0,43.04,40.20135135135135,1.6899840973590197,1.3232957544071682,1.438158861891601,1.8263686376630897,0.9520803304852542,0.9816192220750859,1.0294965321519474
14,2,Bojan Bogdanovic,49.0,UTA,SF/PF,6400,33.5,32.349999999999994,5.07,35.666666666666664,33.75,30.384813084112146,0.8381700422133304,1.1000708206770162,0.6312395885977169,0.9730720646111601,0.6700663302561679,1.9811567561081465,0.7310827309465562
14,3,James Ennis III,31.5,PHI,SF/PF,3100,23.5,17.8,5.755,15.0,14.220000000000002,27.88666666666667,-0.459619958034813,-0.01605384797374375,0.42589199692436963,-0.8207796115679767,1.3362028480386663,0.6854599527319569,-0.07379016230742294
14,4,Malcolm Brogdon,35.5,IND,PG/SG,7900,33.5,41.9,5.29,30.666666666666668,40.4,45.77119565217391,1.6899840973590197,1.1000708206770162,1.8959999656724584,1.5838817751381065,0.8840079856023717,0.9816192220750859,1.0659746750522572
14,5,Marquese Chriss,24.8,GS,PF/C,5400,18.5,19.15,3.535,21.0,21.410000000000004,16.870238095238093,-0.33920645285715034,-0.5741161822991236,-0.4796582383166701,-0.1603703155245565,-0.8226629468184827,0.18939317658221577,0.2135818169061985
14,6,Julius Randle,42.5,NY,PF/C,6400,32.0,34.45,5.4,32.0,34.629999999999995,34.45,1.0254799391563623,0.9326521203794021,0.9653978817425954,1.0539010187861542,0.990978813275474,1.4998979434255617,0.965997415980157
14,7,Cameron Johnson,8.5,PHO,SF/PF,3500,22.0,16.950000000000003,4.82,23.666666666666668,17.21,15.756338028169015,-0.5354358687022301,-0.18347254827135773,-0.5712208042816043,-0.5461448695415755,0.4269508128172998,-1.0174558459910352,-0.3136977894711458
15,0,Ish Smith,23.3,WAS,PG,4000,24.0,20.1,5.029999999999999,23.666666666666668,22.060000000000002,20.383098591549295,-0.2544710232876837,0.03975238545879425,-0.19090116716806166,-0.10066711073620847,0.6311678474659481,0.07833345057854237,0.2507325766084923
15,1,Malcolm Brogdon,35.5,IND,PG/SG,7900,33.5,41.9,5.29,30.666666666666668,40.4,45.77119565217391,1.6899840973590197,1.1000708206770162,1.8959999656724584,1.5838817751381065,0.8840079856023717,0.9816192220750859,1.0659746750522572
15,2,Kent Bazemore,10.0,POR,SG/SF,3200,20.0,16.85,5.28,22.0,17.85,15.31818181818182,-0.5443553876042794,-0.4066974820015097,-0.6072372370532256,-0.487360175596125,0.8742833649048172,-0.9063961199873618,-0.2789042610400989
15,3,Bojan Bogdanovic,49.0,UTA,SF/PF,6400,33.5,32.349999999999994,5.07,35.666666666666664,33.75,30.384813084112146,0.8381700422133304,1.1000708206770162,0.6312395885977169,0.9730720646111601,0.6700663302561679,1.9811567561081465,0.7310827309465562
15,4,Donovan Mitchell,37.8,UTA,PG/SG,7800,34.5,43.099999999999994,5.535,34.0,41.76,43.733823529411765,1.7970183241836084,1.2116832875420922,1.728528012935824,1.7087992497721887,1.1222611926924626,1.151910801947385,1.0603765798603555
15,5,James Ennis III,31.5,PHI,SF/PF,3100,23.5,17.8,5.755,15.0,14.220000000000002,27.88666666666667,-0.459619958034813,-0.01605384797374375,0.42589199692436963,-0.8207796115679767,1.3362028480386663,0.6854599527319569,-0.07379016230742294
15,6,Thomas Bryant,15.3,WAS,PF/C,6200,29.0,30.7,4.96,27.666666666666668,32.459999999999994,32.179518072289156,0.6909979803295206,0.5978147197841742,0.7787643071300868,0.854584165877361,0.5630955025830656,-0.5139850881077157,0.5177814633692002
15,7,Domantas Sabonis,39.5,IND,PF/C,7900,33.5,44.15,5.57,33.0,43.15,44.818939393939395,1.8906732726551245,1.1000708206770162,1.817724517956993,1.8364722569349639,1.1562973651339044,1.277778491418215,1.2551500915073353
16,0,Donovan Mitchell,37.8,UTA,PG/SG,7800,34.5,43.099999999999994,5.535,34.0,41.76,43.733823529411765,1.7970183241836084,1.2116832875420922,1.728528012935824,1.7087992497721887,1.1222611926924626,1.151910801947385,1.0603765798603555
16,1,Patrick Beverley,19.8,LAC,PG/SG,4800,31.0,23.35,4.845000000000001,28.666666666666668,25.53,25.25058139534884,0.035413341028912075,0.8210396535143262,0.20920583388344233,0.21805615174928072,0.45126236456118696,-0.18080591009669555,0.280214126907774
16,2,Bojan Bogdanovic,49.0,UTA,SF/PF,6400,33.5,32.349999999999994,5.07,35.666666666666664,33.75,30.384813084112146,0.8381700422133304,1.1000708206770162,0.6312395885977169,0.9730720646111601,0.6700663302561679,1.9811567561081465,0.7310827309465562
16,3,Marquese Chriss,24.8,GS,PF/C,5400,18.5,19.15,3.535,21.0,21.410000000000004,16.870238095238093,-0.33920645285715034,-0.5741161822991236,-0.4796582383166701,-0.1603703155245565,-0.8226629468184827,0.18939317658221577,0.2135818169061985
16,4,Langston Galloway,14.5,DET,PG/SG,4700,28.5,20.5,4.365,32.0,20.34,18.2578125,-0.21879294767948737,0.5420084863516362,-0.3655996465961731,-0.2586509757146068,-0.015519428921440362,-0.5732169419763417,-0.20316053681984098
16,5,Danny Green,17.0,LAL,SG/SF,4500,26.0,19.9,4.43,25.0,18.72,20.695999999999998,-0.2723100610917821,0.26297731918894623,-0.16518067688460833,-0.4074497322640285,0.04769060561266488,-0.38811739863688594,-0.06563044186167014
16,6,Domantas Sabonis,39.5,IND,PF/C,7900,33.5,44.15,5.57,33.0,43.15,44.818939393939395,1.8906732726551245,1.1000708206770162,1.817724517956993,1.8364722569349639,1.1562973651339044,1.277778491418215,1.2551500915073353
16,7,Jrue Holiday,35.5,NO,PG/SG,7800,35.5,41.9,5.359999999999999,37.0,43.04,40.20135135135135,1.6899840973590197,1.3232957544071682,1.438158861891601,1.8263686376630897,0.9520803304852542,0.9816192220750859,1.0294965321519474
17,0,Jrue Holiday,35.5,NO,PG/SG,7800,35.5,41.9,5.359999999999999,37.0,43.04,40.20135135135135,1.6899840973590197,1.3232957544071682,1.438158861891601,1.8263686376630897,0.9520803304852542,0.9816192220750859,1.0294965321519474
17,1,Shai Gilgeous-Alexander,18.3,OKC,PG/SG,6800,34.5,35.05,5.14,33.0,31.85,36.643181818181816,1.0789970525686563,1.2116832875420922,1.1456773887083787,0.7985550044606042,0.7381386751390504,-0.291865636100369,0.7751633229688327
17,2,Khris Middleton,24.0,MIL,SG/SF,6400,25.0,29.3,4.57,26.333333333333332,31.2,27.816455696202535,0.5661247157008334,0.15136485232387023,0.42012065638436974,0.7388517996722559,0.1838352953784316,0.1301613227135899,0.49517173156345806
17,3,Kyle Kuzma,7.0,LAL,SF/PF,4500,26.0,23.85,5.295,24.333333333333332,20.889999999999997,25.483561643835618,0.08001093553915757,0.26297731918894623,0.22835680622041996,-0.2081328793552356,0.888870295951149,-1.1285155719947086,0.280214126907774
17,4,Malcolm Brogdon,35.5,IND,PG/SG,7900,33.5,41.9,5.29,30.666666666666668,40.4,45.77119565217391,1.6899840973590197,1.1000708206770162,1.8959999656724584,1.5838817751381065,0.8840079856023717,0.9816192220750859,1.0659746750522572
17,5,Kent Bazemore,10.0,POR,SG/SF,3200,20.0,16.85,5.28,22.0,17.85,15.31818181818182,-0.5443553876042794,-0.4066974820015097,-0.6072372370532256,-0.487360175596125,0.8742833649048172,-0.9063961199873618,-0.2789042610400989
17,6,Domantas Sabonis,39.5,IND,PF/C,7900,33.5,44.15,5.57,33.0,43.15,44.818939393939395,1.8906732726551245,1.1000708206770162,1.817724517956993,1.8364722569349639,1.1562973651339044,1.277778491418215,1.2551500915073353
17,7,Abdel Nader,27.8,OKC,PF,3100,11.0,8.65,2.76,13.666666666666666,10.25,6.962195121951219,-1.2757559375723055,-1.4112096837871937,-1.2940991968418312,-1.1854284161983495,-1.5763210508789745,0.41151262858956256,-0.4538429239670894
18,0,Malcolm Brogdon,35.5,IND,PG/SG,7900,33.5,41.9,5.29,30.666666666666668,40.4,45.77119565217391,1.6899840973590197,1.1000708206770162,1.8959999656724584,1.5838817751381065,0.8840079856023717,0.9816192220750859,1.0659746750522572
18,1,Langston Galloway,14.5,DET,PG/SG,4700,28.5,20.5,4.365,32.0,20.34,18.2578125,-0.21879294767948737,0.5420084863516362,-0.3655996465961731,-0.2586509757146068,-0.015519428921440362,-0.5732169419763417,-0.20316053681984098
18,2,Khris Middleton,24.0,MIL,SG/SF,6400,25.0,29.3,4.57,26.333333333333332,31.2,27.816455696202535,0.5661247157008334,0.15136485232387023,0.42012065638436974,0.7388517996722559,0.1838352953784316,0.1301613227135899,0.49517173156345806
18,3,Goga Bitadze,2.5,IND,PF/C,3000,10.0,11.65,3.9,12.666666666666666,13.770000000000001,9.197368421052632,-1.0081703705108327,-1.5228221506522697,-1.110367990881377,-0.8621125994983717,-0.46771429135773546,-1.4616947500057287,-0.4524136970500367
18,4,Shai Gilgeous-Alexander,18.3,OKC,PG/SG,6800,34.5,35.05,5.14,33.0,31.85,36.643181818181816,1.0789970525686563,1.2116832875420922,1.1456773887083787,0.7985550044606042,0.7381386751390504,-0.291865636100369,0.7751633229688327
18,5,Marquese Chriss,24.8,GS,PF/C,5400,18.5,19.15,3.535,21.0,21.410000000000004,16.870238095238093,-0.33920645285715034,-0.5741161822991236,-0.4796582383166701,-0.1603703155245565,-0.8226629468184827,0.18939317658221577,0.2135818169061985
18,6,Joel Embiid,57.3,PHI,C,9000,33.0,52.15,5.775,30.666666666666668,46.87,56.11793478260869,2.6042347848190524,1.0442645872444782,2.7465017406163756,2.1781582904928944,1.3556520894337762,2.5956872399951387,1.9933905935592913
18,7,James Ennis III,31.5,PHI,SF/PF,3100,23.5,17.8,5.755,15.0,14.220000000000002,27.88666666666667,-0.459619958034813,-0.01605384797374375,0.42589199692436963,-0.8207796115679767,1.3362028480386663,0.6854599527319569,-0.07379016230742294
19,0,Shai Gilgeous-Alexander,18.3,OKC,PG/SG,6800,34.5,35.05,5.14,33.0,31.85,36.643181818181816,1.0789970525686563,1.2116832875420922,1.1456773887083787,0.7985550044606042,0.7381386751390504,-0.291865636100369,0.7751633229688327
19,1,Troy Brown,26.3,WAS,SG/SF,4100,21.0,17.25,4.195,19.333333333333332,16.95,18.737068965517242,-0.5086773119960831,-0.2950850151364337,-0.3262047735412617,-0.5700261514569149,-0.18083798077987065,0.30045290258588914,-0.27467113567703844
19,2,James Ennis III,31.5,PHI,SF/PF,3100,23.5,17.8,5.755,15.0,14.220000000000002,27.88666666666667,-0.459619958034813,-0.01605384797374375,0.42589199692436963,-0.8207796115679767,1.3362028480386663,0.6854599527319569,-0.07379016230742294
19,3,Kyle Kuzma,7.0,LAL,SF/PF,4500,26.0,23.85,5.295,24.333333333333332,20.889999999999997,25.483561643835618,0.08001093553915757,0.26297731918894623,0.22835680622041996,-0.2081328793552356,0.888870295951149,-1.1285155719947086,0.280214126907774
19,4,Malcolm Brogdon,35.5,IND,PG/SG,7900,33.5,41.9,5.29,30.666666666666668,40.4,45.77119565217391,1.6899840973590197,1.1000708206770162,1.8959999656724584,1.5838817751381065,0.8840079856023717,0.9816192220750859,1.0659746750522572
19,5,Brandon Ingram,45.0,NO,SF/PF,8300,35.5,41.45,4.98,36.333333333333336,45.489999999999995,40.4993119266055,1.6498462622997991,1.3232957544071682,1.4626512159484988,2.0514037941730168,0.5825447439781756,1.6849974867650175,1.0294965321519474
19,6,Kevin Love,37.5,CLE,PF/C,7100,30.0,37.85,5.34,28.666666666666668,36.29,39.61046511627907,1.3287435818260314,0.7094271866492502,1.3895880237382878,1.2063738187071666,0.9326310890901451,1.1296988567466504,0.965997415980157
19,7,Malcolm Miller,1.5,TOR,SG/SF,3000,0.0,2.65,0.875,7.0,4.41,0.0,-1.8109270716952517,-2.6389468193030297,-1.86639151368471,-1.721838748450585,-3.4094120523680402,-1.535734567341511,-0.5615328741901023
20,0,Alex Caruso,11.8,LAL,PG/SG,3000,18.5,13.7,4.55,19.333333333333332,12.419999999999998,13.10948275862069,-0.8253202330188262,-0.5741161822991236,-0.7887922609880724,-0.9861115632895566,0.1643860539833217,-0.7731244487829537,-0.46612156383751735
20,1,Jeremy Lamb,26.3,IND,SG/SF,6300,31.5,32.3,5.109999999999999,31.666666666666668,32.64,32.129999999999995,0.8337102827623061,0.8768458869468642,0.7746939224569244,0.8711173610495195,0.708964813046386,0.30045290258588914,0.7876517288015346
20,2,JaMychal Green,29.0,LAC,SF/PF,4200,23.5,20.15,4.779999999999999,24.666666666666668,19.409999999999997,19.196959459459457,-0.25001126383665934,-0.01605384797374375,-0.28840178300995867,-0.34407248410408986,0.38805233002707995,0.5003604093925013,-0.24462204765127835
20,3,Rui Hachimura,29.0,WAS,PF,4200,27.0,20.55,4.88,26.333333333333332,21.63,21.070253164556963,-0.21433318822846276,0.3745897860540222,-0.1344170733258994,-0.14016307698080832,0.48529853700262776,0.5003604093925013,0.29489300459522677
20,4,Terence Davis,13.8,TOR,PG/SG,4300,21.5,20.05,4.67,21.333333333333332,18.229999999999997,20.206640625000002,-0.25893078273870823,-0.23927878170389572,-0.2054060089217033,-0.45245676356601416,0.28108150235397855,-0.6250448141113891,-0.2543355711555431
20,5,Brandon Ingram,45.0,NO,SF/PF,8300,35.5,41.45,4.98,36.333333333333336,45.489999999999995,40.4993119266055,1.6498462622997991,1.3232957544071682,1.4626512159484988,2.0514037941730168,0.5825447439781756,1.6849974867650175,1.0294965321519474
20,6,Julius Randle,42.5,NY,PF/C,6400,32.0,34.45,5.4,32.0,34.629999999999995,34.45,1.0254799391563623,0.9326521203794021,0.9653978817425954,1.0539010187861542,0.990978813275474,1.4998979434255617,0.965997415980157
20,7,D.J. Augustin,19.3,ORL,PG,4400,25.0,21.95,5.0,26.0,20.77,21.10576923076923,-0.0894599235997755,0.15136485232387023,-0.1314976533065324,-0.21915500947000735,0.6019939853732845,-0.2178258187645867,0.2834060019227706
21,0,Emmanuel Mudiay,4.8,UTA,PG,3800,15.5,14.55,3.825,16.333333333333332,15.790000000000001,13.807653061224492,-0.7495043223514087,-0.9089535828943517,-0.7314026743664259,-0.6765734092330438,-0.5406489465893957,-1.2914031701334294,-0.3592917031644868
21,1,Jordan McRae,27.3,WAS,PG/SG,4500,22.5,18.3,4.07,20.666666666666668,18.64,19.923387096774192,-0.4150223635245675,-0.12766631483881974,-0.2286894439709694,-0.41479781900720963,-0.3023957394993047,0.37449271992167144,-0.27467113567703844
21,2,Royce O'Neale,26.0,UTA,SF,4000,28.0,18.25,4.575,29.666666666666668,17.470000000000002,17.224719101123597,-0.4194821229755921,0.4862022529190982,-0.45051990585376817,-0.522263587626236,0.18869760572720887,0.2782409573851544,-0.27467113567703844
21,3,Larry Nance Jr.,33.3,CLE,PF/C,6000,24.0,24.75,4.125,28.333333333333332,26.709999999999997,20.96470588235294,0.16028660565759933,0.03975238545879425,-0.14309305807079115,0.3264404312112047,-0.248910325662754,0.8187316239363648,0.2834060019227706
21,4,Duncan Robinson,22.5,MIA,SG/SF,4300,13.5,12.2,2.825,25.666666666666668,17.78,6.416883116883116,-0.9591130165495627,-1.1321785166245035,-1.338923834088596,-0.49378975149640864,-1.5131110163448682,0.0191015967099165,-0.4524136970500367
21,5,Davis Bertans,13.3,WAS,SF/PF,5100,27.5,23.75,4.655,26.666666666666668,26.15,24.4921875,0.07109141663710834,0.4303960194865602,0.1468658689950346,0.27500382400893564,0.26649457130764675,-0.6620647227792803,0.2507325766084923
21,6,Hassan Whiteside,50.8,POR,C,8000,27.0,40.7,5.08,26.0,37.08,42.26538461538462,1.582949870534431,0.3745897860540222,1.607822359972838,1.278936175296082,0.6797909509537224,2.1144284273125544,1.2676768268623493
21,7,Luke Kennard,32.8,DET,SG,6300,33.5,27.35,4.345000000000001,34.333333333333336,28.53,26.68616504854369,0.39219409711087605,1.1000708206770162,0.3272107849825996,0.49360940461857983,-0.0349686703165494,0.7817117152684736,0.3441762056549403
22,0,Dennis Smith Jr.,8.3,NY,PG,3800,15.0,12.95,3.38,18.333333333333332,13.15,10.595454545454546,-0.8922166247841944,-0.9647598163268897,-0.9954453359909445,-0.919060271758027,-0.9733945676305813,-1.0322638094581915,-0.4524136970500367
22,1,Terrence Ross,15.0,ORL,SG/SF,4900,25.5,23.1,4.699999999999999,25.333333333333332,20.9,23.25197368421053,0.013114543773789325,0.20717108575640822,0.04492031510199959,-0.2072143685123378,0.3102553644466421,-0.5361970333084505,0.25772483871884116
22,2,Darius Bazley,12.3,OKC,SF/PF,3000,15.5,13.100000000000001,4.359999999999999,16.333333333333332,11.760000000000002,12.431632653061227,-0.8788373464311205,-0.9089535828943517,-0.844511527769279,-1.0467332789208021,-0.020381739270218486,-0.7361045401150625,-0.4524136970500367
22,3,Lauri Markkanen,28.0,CHI,PF/C,5600,27.5,28.2,5.035,27.0,26.439999999999998,28.722222222222225,0.4680100077782932,0.4303960194865602,0.49457464892763786,0.3016406384529678,0.6360301578147263,0.42632059205671896,0.4790633303962486
22,4,Isaiah Thomas,14.0,WAS,PG,4200,25.0,22.15,5.26,24.333333333333332,21.889999999999997,22.756849315068493,-0.07162088579567737,0.15136485232387023,0.004221100647600358,-0.11628179506546925,0.8548341235097072,-0.6102368506442327,0.280214126907774
22,5,Bojan Bogdanovic,49.0,UTA,SF/PF,6400,33.5,32.349999999999994,5.07,35.666666666666664,33.75,30.384813084112146,0.8381700422133304,1.1000708206770162,0.6312395885977169,0.9730720646111601,0.6700663302561679,1.9811567561081465,0.7310827309465562
22,6,Omari Spellman,23.0,GS,PF/C,4600,18.5,17.6,3.8099999999999996,23.0,20.639999999999997,14.156521739130435,-0.4774589958389111,-0.5741161822991236,-0.7027256751649515,-0.2310956504276772,-0.5552358776357282,0.056121505377807634,-0.039475876805509444
22,7,Wayne Ellington,2.8,NY,SG/SF,3900,14.5,9.85,2.545,17.666666666666668,10.07,8.08443396226415,-1.1687217107477164,-1.0205660497594276,-1.2018511838625918,-1.2019616113705074,-1.7854003958764009,-1.4394828048049941,-0.4538429239670894
23,0,Frank Jackson,2.3,NO,PG/SG,3300,11.5,8.8,2.675,13.666666666666666,11.3,7.404878048780489,-1.2623766592192318,-1.3554034503546557,-1.2577106680252317,-1.0889847776940946,-1.6589803268081895,-1.4765027134728852,-0.4524136970500367
23,1,Rodney Hood,28.3,POR,SG/SF,5000,31.5,23.450000000000003,4.675,30.333333333333332,23.15,24.351923076923082,0.044332859930961296,0.8768458869468642,0.1353361358796516,-0.0005494288603634749,0.28594381270275576,0.4485325372574537,0.280214126907774
23,2,Terance Mann,4.8,LAC,SG/SF,3000,0.0,2.4,0.79,8.0,4.74,0.0,-1.8332258689503744,-2.6389468193030297,-1.86639151368471,-1.6915278906349622,-3.4920713282972553,-1.2914031701334294,-0.5615328741901023
23,3,Jaren Jackson Jr.,27.3,MEM,PF/C,6000,28.0,28.200000000000003,4.6899999999999995,26.666666666666668,27.22,29.610000000000003,0.4680100077782935,0.4862022529190982,0.5675499666811105,0.3732844841989857,0.30053074374908756,0.37449271992167144,0.38130925961915924
23,4,Ja Morant,22.8,MEM,PG,7400,32.0,37.95,5.135,30.333333333333332,36.910000000000004,40.03516483516484,1.3376631007280806,0.9326521203794021,1.4244983331775238,1.2633214909668222,0.7332763647902731,0.04131354191065123,0.9651407505684614
23,5,Marco Belinelli,18.0,SA,SG/SF,3000,0.0,4.25,1.415,17.0,9.33,0.0,-1.668214769262466,-2.6389468193030297,-1.86639151368471,-1.2699314137449345,-2.884282534700085,-0.3140775813011037,-0.538937381201812
23,6,Dwight Howard,18.8,LAL,C,3900,19.5,21.8,5.585,20.0,19.939999999999998,21.255000000000003,-0.10283920195284903,-0.4625037154340477,-0.11923088669465545,-0.2953914094305136,1.1708842961802362,-0.2548457274324778,0.15892074451427718
23,7,Bismack Biyombo,29.8,CHA,C,3800,31.0,23.450000000000003,6.165,21.666666666666668,19.110000000000003,33.55153846153846,0.044332859930961296,0.8210396535143262,0.8915443590484099,-0.3716278093910192,1.7349122966384103,0.5595922632611271,0.25772483871884116
