Lineup Num,,Player Name,Actual FP,team,Pos,Salary,DFN_MinProj,Avg Proj,Avg Value Proj,Avg Skewed Min,Avg Skewed FP,Proj Min Enhanced,Avg Proj Stan,DFN_MinProj Stan,Proj Min Enhanced Stan,Avg Skewed FP Stan,Avg Value Proj Stan,Actual FP Stan,predictions
0,0,Ben Simmons,55.3,PHI,PG/SF,8200,35.5,45.6,5.574999999999999,36.0,41.28,44.96666666666666,1.9455631692277127,1.2691567981469905,1.772720064845565,1.615915870901183,0.923104730150675,2.1855088411819628,1.1606922497382164
0,1,De'Anthony Melton,23.8,MEM,PG/SG,3900,23.5,23.4,6.015000000000001,18.333333333333332,19.419999999999998,29.994545454545456,0.023426655254970393,-0.043262776048097765,0.5385481456970738,-0.3031561231668297,1.3548474699251312,0.07156899032925117,0.1897463598247768
0,2,Royce O'Neale,28.0,UTA,SF,3600,29.0,18.9,5.26,28.0,17.7,19.575,-0.3661956110908557,0.558262862124651,-0.3203488821923636,-0.45415355362414805,0.6140161778121452,0.35342763710961267,-0.23983552028814542
0,3,Omari Spellman,7.3,GS,PF/C,3100,23.5,21.0,6.79,17.0,18.619999999999997,29.029411764705884,-0.18437188679613672,-0.043262776048097765,0.4589908884889342,-0.3733874861702337,2.1153034320278636,-1.0357328363078835,0.125160795686704
0,4,Kawhi Leonard,57.8,LAC,SG/SF,9000,32.5,48.65,5.395,31.333333333333332,47.11000000000001,50.461436170212764,2.209640483084328,0.9410519045982184,2.2256612431456646,2.1277269287884897,0.7464827002429437,2.353281845217892,2.0037222937489982
0,5,Domantas Sabonis,33.0,IND,PF/C,8100,34.5,45.4,5.625,35.333333333333336,44.7,44.329245283018864,1.9282466240567868,1.1597885002973998,1.7201765700917289,1.916154947740735,0.9721664051250455,0.6889736451814716,1.1606922497382164
0,6,Marquese Chriss,42.8,GS,PF/C,3800,24.0,24.5,6.42,17.666666666666668,19.72,33.283018867924525,0.11866765369506134,0.01142137287669758,0.80962139484851,-0.2768193620405532,1.7522470372175265,1.346643821002315,0.1897463598247768
0,7,Karl-Anthony Towns,64.0,MIN,C,9900,34.5,55.95,5.63,35.333333333333336,53.93000000000001,54.63042452830189,2.8416943818231126,1.1597885002973998,2.5693165134920637,2.726449298392508,0.9770725726224824,2.7693588952269974,2.081490223939983
1,0,Ben Simmons,55.3,PHI,PG/SF,8200,35.5,45.6,5.574999999999999,36.0,41.28,44.96666666666666,1.9455631692277127,1.2691567981469905,1.772720064845565,1.615915870901183,0.923104730150675,2.1855088411819628,1.1606922497382164
1,1,Bogdan Bogdanovic,17.3,SAC,SG/SF,4700,27.5,26.65,5.645,28.666666666666668,25.29,25.565406976744185,0.30482051428251145,0.39421041535026496,0.1734483540324851,0.2121665028706467,0.991791075114793,-0.3646408201641655,0.2404301097927977
1,2,Terrence Ross,24.3,ORL,SG/SF,4300,26.5,24.85,5.800000000000001,26.666666666666668,22.55,24.6946875,0.14897160774418128,0.2848421175006743,0.10167378632571644,-0.028375915416011616,1.1438822675353408,0.10512359113643707,0.24179132545173557
1,3,Marquese Chriss,42.8,GS,PF/C,3800,24.0,24.5,6.42,17.666666666666668,19.72,33.283018867924525,0.11866765369506134,0.01142137287669758,0.80962139484851,-0.2768193620405532,1.7522470372175265,1.346643821002315,0.1897463598247768
1,4,Donovan Mitchell,41.5,UTA,PG/SG,8100,34.5,43.05,5.29,35.333333333333336,39.90999999999999,42.034669811320754,1.724777218298411,1.1597885002973998,1.531031653789285,1.4956446617578527,0.6434531827967674,1.259401858903632,1.1500356528362756
1,5,Buddy Hield,56.5,SAC,SG/SF,7100,34.5,38.099999999999994,5.36,35.666666666666664,37.72,36.853738317757006,1.296192725318002,1.1597885002973998,1.103960561203432,1.3033863055360353,0.7121395277608855,2.266039883119209,0.9434052037321103
1,6,Karl-Anthony Towns,64.0,MIN,C,9900,34.5,55.95,5.63,35.333333333333336,53.93000000000001,54.63042452830189,2.8416943818231126,1.1597885002973998,2.5693165134920637,2.726449298392508,0.9770725726224824,2.7693588952269974,2.081490223939983
1,7,De'Anthony Melton,23.8,MEM,PG/SG,3900,23.5,23.4,6.015000000000001,18.333333333333332,19.419999999999998,29.994545454545456,0.023426655254970393,-0.043262776048097765,0.5385481456970738,-0.3031561231668297,1.3548474699251312,0.07156899032925117,0.1897463598247768
2,0,Ben Simmons,55.3,PHI,PG/SF,8200,35.5,45.6,5.574999999999999,36.0,41.28,44.96666666666666,1.9455631692277127,1.2691567981469905,1.772720064845565,1.615915870901183,0.923104730150675,2.1855088411819628,1.1606922497382164
2,1,De'Anthony Melton,23.8,MEM,PG/SG,3900,23.5,23.4,6.015000000000001,18.333333333333332,19.419999999999998,29.994545454545456,0.023426655254970393,-0.043262776048097765,0.5385481456970738,-0.3031561231668297,1.3548474699251312,0.07156899032925117,0.1897463598247768
2,2,Kawhi Leonard,57.8,LAC,SG/SF,9000,32.5,48.65,5.395,31.333333333333332,47.11000000000001,50.461436170212764,2.209640483084328,0.9410519045982184,2.2256612431456646,2.1277269287884897,0.7464827002429437,2.353281845217892,2.0037222937489982
2,3,Marquese Chriss,42.8,GS,PF/C,3800,24.0,24.5,6.42,17.666666666666668,19.72,33.283018867924525,0.11866765369506134,0.01142137287669758,0.80962139484851,-0.2768193620405532,1.7522470372175265,1.346643821002315,0.1897463598247768
2,4,Damion Lee,26.3,GS,SG/SF,3100,22.0,16.0,5.16,21.666666666666668,17.740000000000002,16.246153846153845,-0.6172855160692768,-0.2073152228224838,-0.5947501101837793,-0.45064198547397766,0.5158928278634058,0.23934199436518067,-0.27613333722403494
2,5,Domantas Sabonis,33.0,IND,PF/C,8100,34.5,45.4,5.625,35.333333333333336,44.7,44.329245283018864,1.9282466240567868,1.1597885002973998,1.7201765700917289,1.916154947740735,0.9721664051250455,0.6889736451814716,1.1606922497382164
2,6,Karl-Anthony Towns,64.0,MIN,C,9900,34.5,55.95,5.63,35.333333333333336,53.93000000000001,54.63042452830189,2.8416943818231126,1.1597885002973998,2.5693165134920637,2.726449298392508,0.9770725726224824,2.7693588952269974,2.081490223939983
2,7,Omari Spellman,7.3,GS,PF/C,3100,23.5,21.0,6.79,17.0,18.619999999999997,29.029411764705884,-0.18437188679613672,-0.043262776048097765,0.4589908884889342,-0.3733874861702337,2.1153034320278636,-1.0357328363078835,0.125160795686704
3,0,De'Anthony Melton,23.8,MEM,PG/SG,3900,23.5,23.4,6.015000000000001,18.333333333333332,19.419999999999998,29.994545454545456,0.023426655254970393,-0.043262776048097765,0.5385481456970738,-0.3031561231668297,1.3548474699251312,0.07156899032925117,0.1897463598247768
3,1,Kawhi Leonard,57.8,LAC,SG/SF,9000,32.5,48.65,5.395,31.333333333333332,47.11000000000001,50.461436170212764,2.209640483084328,0.9410519045982184,2.2256612431456646,2.1277269287884897,0.7464827002429437,2.353281845217892,2.0037222937489982
3,2,Miles Bridges,28.8,CHA,SF/PF,5100,34.0,28.450000000000003,5.57,33.0,25.610000000000003,29.312121212121212,0.4606694208208423,1.1051043513726044,0.4822950052760406,0.24025904807200862,0.918198562653239,0.40711499840111015,0.46405003485831736
3,3,Domantas Sabonis,33.0,IND,PF/C,8100,34.5,45.4,5.625,35.333333333333336,44.7,44.329245283018864,1.9282466240567868,1.1597885002973998,1.7201765700917289,1.916154947740735,0.9721664051250455,0.6889736451814716,1.1606922497382164
3,4,Donovan Mitchell,41.5,UTA,PG/SG,8100,34.5,43.05,5.29,35.333333333333336,39.90999999999999,42.034669811320754,1.724777218298411,1.1597885002973998,1.531031653789285,1.4956446617578527,0.6434531827967674,1.259401858903632,1.1500356528362756
3,5,Ben Simmons,55.3,PHI,PG/SF,8200,35.5,45.6,5.574999999999999,36.0,41.28,44.96666666666666,1.9455631692277127,1.2691567981469905,1.772720064845565,1.615915870901183,0.923104730150675,2.1855088411819628,1.1606922497382164
3,6,Omari Spellman,7.3,GS,PF/C,3100,23.5,21.0,6.79,17.0,18.619999999999997,29.029411764705884,-0.18437188679613672,-0.043262776048097765,0.4589908884889342,-0.3733874861702337,2.1153034320278636,-1.0357328363078835,0.125160795686704
3,7,Terrence Ross,24.3,ORL,SG/SF,4300,26.5,24.85,5.800000000000001,26.666666666666668,22.55,24.6946875,0.14897160774418128,0.2848421175006743,0.10167378632571644,-0.028375915416011616,1.1438822675353408,0.10512359113643707,0.24179132545173557
4,0,De'Anthony Melton,23.8,MEM,PG/SG,3900,23.5,23.4,6.015000000000001,18.333333333333332,19.419999999999998,29.994545454545456,0.023426655254970393,-0.043262776048097765,0.5385481456970738,-0.3031561231668297,1.3548474699251312,0.07156899032925117,0.1897463598247768
4,1,Terrence Ross,24.3,ORL,SG/SF,4300,26.5,24.85,5.800000000000001,26.666666666666668,22.55,24.6946875,0.14897160774418128,0.2848421175006743,0.10167378632571644,-0.028375915416011616,1.1438822675353408,0.10512359113643707,0.24179132545173557
4,2,Bogdan Bogdanovic,17.3,SAC,SG/SF,4700,27.5,26.65,5.645,28.666666666666668,25.29,25.565406976744185,0.30482051428251145,0.39421041535026496,0.1734483540324851,0.2121665028706467,0.991791075114793,-0.3646408201641655,0.2404301097927977
4,3,Domantas Sabonis,33.0,IND,PF/C,8100,34.5,45.4,5.625,35.333333333333336,44.7,44.329245283018864,1.9282466240567868,1.1597885002973998,1.7201765700917289,1.916154947740735,0.9721664051250455,0.6889736451814716,1.1606922497382164
4,4,D'Angelo Russell,32.8,GS,PG/SG,7700,34.0,39.95,5.2,32.0,37.56999999999999,42.446875000000006,1.4563707681490645,1.1051043513726044,1.5650102772313244,1.2902179249728964,0.5551421678429018,0.6755518048585971,1.1145155861196316
4,5,Ben Simmons,55.3,PHI,PG/SF,8200,35.5,45.6,5.574999999999999,36.0,41.28,44.96666666666666,1.9455631692277127,1.2691567981469905,1.772720064845565,1.615915870901183,0.923104730150675,2.1855088411819628,1.1606922497382164
4,6,Marquese Chriss,42.8,GS,PF/C,3800,24.0,24.5,6.42,17.666666666666668,19.72,33.283018867924525,0.11866765369506134,0.01142137287669758,0.80962139484851,-0.2768193620405532,1.7522470372175265,1.346643821002315,0.1897463598247768
4,7,Kawhi Leonard,57.8,LAC,SG/SF,9000,32.5,48.65,5.395,31.333333333333332,47.11000000000001,50.461436170212764,2.209640483084328,0.9410519045982184,2.2256612431456646,2.1277269287884897,0.7464827002429437,2.353281845217892,2.0037222937489982
5,0,De'Anthony Melton,23.8,MEM,PG/SG,3900,23.5,23.4,6.015000000000001,18.333333333333332,19.419999999999998,29.994545454545456,0.023426655254970393,-0.043262776048097765,0.5385481456970738,-0.3031561231668297,1.3548474699251312,0.07156899032925117,0.1897463598247768
5,1,Donovan Mitchell,41.5,UTA,PG/SG,8100,34.5,43.05,5.29,35.333333333333336,39.90999999999999,42.034669811320754,1.724777218298411,1.1597885002973998,1.531031653789285,1.4956446617578527,0.6434531827967674,1.259401858903632,1.1500356528362756
5,2,Ben Simmons,55.3,PHI,PG/SF,8200,35.5,45.6,5.574999999999999,36.0,41.28,44.96666666666666,1.9455631692277127,1.2691567981469905,1.772720064845565,1.615915870901183,0.923104730150675,2.1855088411819628,1.1606922497382164
5,3,Marquese Chriss,42.8,GS,PF/C,3800,24.0,24.5,6.42,17.666666666666668,19.72,33.283018867924525,0.11866765369506134,0.01142137287669758,0.80962139484851,-0.2768193620405532,1.7522470372175265,1.346643821002315,0.1897463598247768
5,4,Terrence Ross,24.3,ORL,SG/SF,4300,26.5,24.85,5.800000000000001,26.666666666666668,22.55,24.6946875,0.14897160774418128,0.2848421175006743,0.10167378632571644,-0.028375915416011616,1.1438822675353408,0.10512359113643707,0.24179132545173557
5,5,Lauri Markkanen,20.5,CHI,PF/C,6300,31.5,33.15,5.24,30.0,29.709999999999997,34.8075,0.8676082323375935,0.8316836067486277,0.9352864076962579,0.6001947834644532,0.5943915078223977,-0.1498913749981758,0.7961454248798958
5,6,Karl-Anthony Towns,64.0,MIN,C,9900,34.5,55.95,5.63,35.333333333333336,53.93000000000001,54.63042452830189,2.8416943818231126,1.1597885002973998,2.5693165134920637,2.726449298392508,0.9770725726224824,2.7693588952269974,2.081490223939983
5,7,Miles Bridges,28.8,CHA,SF/PF,5100,34.0,28.450000000000003,5.57,33.0,25.610000000000003,29.312121212121212,0.4606694208208423,1.1051043513726044,0.4822950052760406,0.24025904807200862,0.918198562653239,0.40711499840111015,0.46405003485831736
6,0,Ben Simmons,55.3,PHI,PG/SF,8200,35.5,45.6,5.574999999999999,36.0,41.28,44.96666666666666,1.9455631692277127,1.2691567981469905,1.772720064845565,1.615915870901183,0.923104730150675,2.1855088411819628,1.1606922497382164
6,1,Donovan Mitchell,41.5,UTA,PG/SG,8100,34.5,43.05,5.29,35.333333333333336,39.90999999999999,42.034669811320754,1.724777218298411,1.1597885002973998,1.531031653789285,1.4956446617578527,0.6434531827967674,1.259401858903632,1.1500356528362756
6,2,Bogdan Bogdanovic,17.3,SAC,SG/SF,4700,27.5,26.65,5.645,28.666666666666668,25.29,25.565406976744185,0.30482051428251145,0.39421041535026496,0.1734483540324851,0.2121665028706467,0.991791075114793,-0.3646408201641655,0.2404301097927977
6,3,Omari Spellman,7.3,GS,PF/C,3100,23.5,21.0,6.79,17.0,18.619999999999997,29.029411764705884,-0.18437188679613672,-0.043262776048097765,0.4589908884889342,-0.3733874861702337,2.1153034320278636,-1.0357328363078835,0.125160795686704
6,4,Terrence Ross,24.3,ORL,SG/SF,4300,26.5,24.85,5.800000000000001,26.666666666666668,22.55,24.6946875,0.14897160774418128,0.2848421175006743,0.10167378632571644,-0.028375915416011616,1.1438822675353408,0.10512359113643707,0.24179132545173557
6,5,Andrew Wiggins,41.8,MIN,SG/SF,7200,35.0,36.55,5.0649999999999995,35.333333333333336,38.83,36.205188679245275,1.1619895002433287,1.214472649222195,1.050499749559917,1.400832321703258,0.4226756454121025,1.2795346193879433,0.926118543667416
6,6,Karl-Anthony Towns,64.0,MIN,C,9900,34.5,55.95,5.63,35.333333333333336,53.93000000000001,54.63042452830189,2.8416943818231126,1.1597885002973998,2.5693165134920637,2.726449298392508,0.9770725726224824,2.7693588952269974,2.081490223939983
6,7,Marquese Chriss,42.8,GS,PF/C,3800,24.0,24.5,6.42,17.666666666666668,19.72,33.283018867924525,0.11866765369506134,0.01142137287669758,0.80962139484851,-0.2768193620405532,1.7522470372175265,1.346643821002315,0.1897463598247768
7,0,Donovan Mitchell,41.5,UTA,PG/SG,8100,34.5,43.05,5.29,35.333333333333336,39.90999999999999,42.034669811320754,1.724777218298411,1.1597885002973998,1.531031653789285,1.4956446617578527,0.6434531827967674,1.259401858903632,1.1500356528362756
7,1,Terrence Ross,24.3,ORL,SG/SF,4300,26.5,24.85,5.800000000000001,26.666666666666668,22.55,24.6946875,0.14897160774418128,0.2848421175006743,0.10167378632571644,-0.028375915416011616,1.1438822675353408,0.10512359113643707,0.24179132545173557
7,2,Ben Simmons,55.3,PHI,PG/SF,8200,35.5,45.6,5.574999999999999,36.0,41.28,44.96666666666666,1.9455631692277127,1.2691567981469905,1.772720064845565,1.615915870901183,0.923104730150675,2.1855088411819628,1.1606922497382164
7,3,Miles Bridges,28.8,CHA,SF/PF,5100,34.0,28.450000000000003,5.57,33.0,25.610000000000003,29.312121212121212,0.4606694208208423,1.1051043513726044,0.4822950052760406,0.24025904807200862,0.918198562653239,0.40711499840111015,0.46405003485831736
7,4,Kawhi Leonard,57.8,LAC,SG/SF,9000,32.5,48.65,5.395,31.333333333333332,47.11000000000001,50.461436170212764,2.209640483084328,0.9410519045982184,2.2256612431456646,2.1277269287884897,0.7464827002429437,2.353281845217892,2.0037222937489982
7,5,Kyle Anderson,15.5,MEM,SF/PF,3000,18.5,16.700000000000003,5.575,17.0,17.06,18.173529411764708,-0.5566776079710369,-0.5901042652960512,-0.4358739718578287,-0.5103386440268712,0.9231047301506758,-0.4854373830700348,-0.21762792820955487
7,6,Domantas Sabonis,33.0,IND,PF/C,8100,34.5,45.4,5.625,35.333333333333336,44.7,44.329245283018864,1.9282466240567868,1.1597885002973998,1.7201765700917289,1.916154947740735,0.9721664051250455,0.6889736451814716,1.1606922497382164
7,7,Marquese Chriss,42.8,GS,PF/C,3800,24.0,24.5,6.42,17.666666666666668,19.72,33.283018867924525,0.11866765369506134,0.01142137287669758,0.80962139484851,-0.2768193620405532,1.7522470372175265,1.346643821002315,0.1897463598247768
8,0,Ben Simmons,55.3,PHI,PG/SF,8200,35.5,45.6,5.574999999999999,36.0,41.28,44.96666666666666,1.9455631692277127,1.2691567981469905,1.772720064845565,1.615915870901183,0.923104730150675,2.1855088411819628,1.1606922497382164
8,1,Kawhi Leonard,57.8,LAC,SG/SF,9000,32.5,48.65,5.395,31.333333333333332,47.11000000000001,50.461436170212764,2.209640483084328,0.9410519045982184,2.2256612431456646,2.1277269287884897,0.7464827002429437,2.353281845217892,2.0037222937489982
8,2,JJ Redick,29.8,NO,SG/SF,4900,28.5,21.85,4.445,28.333333333333332,24.509999999999998,21.978529411764708,-0.1107765698197028,0.5035787131998557,-0.12222274730334291,0.14369092394232777,-0.1856891242700831,0.47422420001548193,0.1897463598247768
8,3,Marquese Chriss,42.8,GS,PF/C,3800,24.0,24.5,6.42,17.666666666666668,19.72,33.283018867924525,0.11866765369506134,0.01142137287669758,0.80962139484851,-0.2768193620405532,1.7522470372175265,1.346643821002315,0.1897463598247768
8,4,Donovan Mitchell,41.5,UTA,PG/SG,8100,34.5,43.05,5.29,35.333333333333336,39.90999999999999,42.034669811320754,1.724777218298411,1.1597885002973998,1.531031653789285,1.4956446617578527,0.6434531827967674,1.259401858903632,1.1500356528362756
8,5,Omari Spellman,7.3,GS,PF/C,3100,23.5,21.0,6.79,17.0,18.619999999999997,29.029411764705884,-0.18437188679613672,-0.043262776048097765,0.4589908884889342,-0.3733874861702337,2.1153034320278636,-1.0357328363078835,0.125160795686704
8,6,Domantas Sabonis,33.0,IND,PF/C,8100,34.5,45.4,5.625,35.333333333333336,44.7,44.329245283018864,1.9282466240567868,1.1597885002973998,1.7201765700917289,1.916154947740735,0.9721664051250455,0.6889736451814716,1.1606922497382164
8,7,Bogdan Bogdanovic,17.3,SAC,SG/SF,4700,27.5,26.65,5.645,28.666666666666668,25.29,25.565406976744185,0.30482051428251145,0.39421041535026496,0.1734483540324851,0.2121665028706467,0.991791075114793,-0.3646408201641655,0.2404301097927977
9,0,Jarrett Culver,2.5,MIN,PG/SG,3800,23.5,19.1,5.035,21.666666666666668,19.580000000000002,20.716153846153848,-0.34887906591992984,-0.043262776048097765,-0.2262820487492057,-0.28910985056614863,0.3932386404274812,-1.3578570040568683,-0.18431695320155853
9,1,Kawhi Leonard,57.8,LAC,SG/SF,9000,32.5,48.65,5.395,31.333333333333332,47.11000000000001,50.461436170212764,2.209640483084328,0.9410519045982184,2.2256612431456646,2.1277269287884897,0.7464827002429437,2.353281845217892,2.0037222937489982
9,2,Ben Simmons,55.3,PHI,PG/SF,8200,35.5,45.6,5.574999999999999,36.0,41.28,44.96666666666666,1.9455631692277127,1.2691567981469905,1.772720064845565,1.615915870901183,0.923104730150675,2.1855088411819628,1.1606922497382164
9,3,Domantas Sabonis,33.0,IND,PF/C,8100,34.5,45.4,5.625,35.333333333333336,44.7,44.329245283018864,1.9282466240567868,1.1597885002973998,1.7201765700917289,1.916154947740735,0.9721664051250455,0.6889736451814716,1.1606922497382164
9,4,Donovan Mitchell,41.5,UTA,PG/SG,8100,34.5,43.05,5.29,35.333333333333336,39.90999999999999,42.034669811320754,1.724777218298411,1.1597885002973998,1.531031653789285,1.4956446617578527,0.6434531827967674,1.259401858903632,1.1500356528362756
9,5,Marquese Chriss,42.8,GS,PF/C,3800,24.0,24.5,6.42,17.666666666666668,19.72,33.283018867924525,0.11866765369506134,0.01142137287669758,0.80962139484851,-0.2768193620405532,1.7522470372175265,1.346643821002315,0.1897463598247768
9,6,Richaun Holmes,9.8,SAC,PF/C,5600,28.0,29.15,5.21,31.333333333333332,30.830000000000002,26.048936170212766,0.5212773289190815,0.4488945642750603,0.21330631031087227,0.6985186916692192,0.5649545028377756,-0.867959832271954,0.566092678554294
9,7,Omari Spellman,7.3,GS,PF/C,3100,23.5,21.0,6.79,17.0,18.619999999999997,29.029411764705884,-0.18437188679613672,-0.043262776048097765,0.4589908884889342,-0.3733874861702337,2.1153034320278636,-1.0357328363078835,0.125160795686704
10,0,Donovan Mitchell,41.5,UTA,PG/SG,8100,34.5,43.05,5.29,35.333333333333336,39.90999999999999,42.034669811320754,1.724777218298411,1.1597885002973998,1.531031653789285,1.4956446617578527,0.6434531827967674,1.259401858903632,1.1500356528362756
10,1,Kawhi Leonard,57.8,LAC,SG/SF,9000,32.5,48.65,5.395,31.333333333333332,47.11000000000001,50.461436170212764,2.209640483084328,0.9410519045982184,2.2256612431456646,2.1277269287884897,0.7464827002429437,2.353281845217892,2.0037222937489982
10,2,Doug McDermott,23.0,IND,SF/PF,3300,19.0,14.95,4.550000000000001,21.666666666666668,16.67,13.11,-0.7081973782166363,-0.5354201163712559,-0.8532674542671996,-0.5445764334910305,-0.08265960682390597,0.01788162903775368,-0.411131045680633
10,3,Omari Spellman,7.3,GS,PF/C,3100,23.5,21.0,6.79,17.0,18.619999999999997,29.029411764705884,-0.18437188679613672,-0.043262776048097765,0.4589908884889342,-0.3733874861702337,2.1153034320278636,-1.0357328363078835,0.125160795686704
10,4,Ben Simmons,55.3,PHI,PG/SF,8200,35.5,45.6,5.574999999999999,36.0,41.28,44.96666666666666,1.9455631692277127,1.2691567981469905,1.772720064845565,1.615915870901183,0.923104730150675,2.1855088411819628,1.1606922497382164
10,5,Lauri Markkanen,20.5,CHI,PF/C,6300,31.5,33.15,5.24,30.0,29.709999999999997,34.8075,0.8676082323375935,0.8316836067486277,0.9352864076962579,0.6001947834644532,0.5943915078223977,-0.1498913749981758,0.7961454248798958
10,6,Domantas Sabonis,33.0,IND,PF/C,8100,34.5,45.4,5.625,35.333333333333336,44.7,44.329245283018864,1.9282466240567868,1.1597885002973998,1.7201765700917289,1.916154947740735,0.9721664051250455,0.6889736451814716,1.1606922497382164
10,7,Marquese Chriss,42.8,GS,PF/C,3800,24.0,24.5,6.42,17.666666666666668,19.72,33.283018867924525,0.11866765369506134,0.01142137287669758,0.80962139484851,-0.2768193620405532,1.7522470372175265,1.346643821002315,0.1897463598247768
11,0,Donovan Mitchell,41.5,UTA,PG/SG,8100,34.5,43.05,5.29,35.333333333333336,39.90999999999999,42.034669811320754,1.724777218298411,1.1597885002973998,1.531031653789285,1.4956446617578527,0.6434531827967674,1.259401858903632,1.1500356528362756
11,1,Cam Reddish,17.8,ATL,PG/SG,4100,24.5,19.05,4.62,27.0,19.75,17.28611111111111,-0.3532082022126613,0.06610552180149291,-0.5090250458899079,-0.2741856859279254,-0.013973261859788744,-0.3310862193569796,-0.18431695320155853
11,2,Miles Bridges,28.8,CHA,SF/PF,5100,34.0,28.450000000000003,5.57,33.0,25.610000000000003,29.312121212121212,0.4606694208208423,1.1051043513726044,0.4822950052760406,0.24025904807200862,0.918198562653239,0.40711499840111015,0.46405003485831736
11,3,Domantas Sabonis,33.0,IND,PF/C,8100,34.5,45.4,5.625,35.333333333333336,44.7,44.329245283018864,1.9282466240567868,1.1597885002973998,1.7201765700917289,1.916154947740735,0.9721664051250455,0.6889736451814716,1.1606922497382164
11,4,Ben Simmons,55.3,PHI,PG/SF,8200,35.5,45.6,5.574999999999999,36.0,41.28,44.96666666666666,1.9455631692277127,1.2691567981469905,1.772720064845565,1.615915870901183,0.923104730150675,2.1855088411819628,1.1606922497382164
11,5,Kawhi Leonard,57.8,LAC,SG/SF,9000,32.5,48.65,5.395,31.333333333333332,47.11000000000001,50.461436170212764,2.209640483084328,0.9410519045982184,2.2256612431456646,2.1277269287884897,0.7464827002429437,2.353281845217892,2.0037222937489982
11,6,Omari Spellman,7.3,GS,PF/C,3100,23.5,21.0,6.79,17.0,18.619999999999997,29.029411764705884,-0.18437188679613672,-0.043262776048097765,0.4589908884889342,-0.3733874861702337,2.1153034320278636,-1.0357328363078835,0.125160795686704
11,7,Terrence Ross,24.3,ORL,SG/SF,4300,26.5,24.85,5.800000000000001,26.666666666666668,22.55,24.6946875,0.14897160774418128,0.2848421175006743,0.10167378632571644,-0.028375915416011616,1.1438822675353408,0.10512359113643707,0.24179132545173557
12,0,Cam Reddish,17.8,ATL,PG/SG,4100,24.5,19.05,4.62,27.0,19.75,17.28611111111111,-0.3532082022126613,0.06610552180149291,-0.5090250458899079,-0.2741856859279254,-0.013973261859788744,-0.3310862193569796,-0.18431695320155853
12,1,Donovan Mitchell,41.5,UTA,PG/SG,8100,34.5,43.05,5.29,35.333333333333336,39.90999999999999,42.034669811320754,1.724777218298411,1.1597885002973998,1.531031653789285,1.4956446617578527,0.6434531827967674,1.259401858903632,1.1500356528362756
12,2,Andrew Wiggins,41.8,MIN,SG/SF,7200,35.0,36.55,5.0649999999999995,35.333333333333336,38.83,36.205188679245275,1.1619895002433287,1.214472649222195,1.050499749559917,1.400832321703258,0.4226756454121025,1.2795346193879433,0.926118543667416
12,3,Marquese Chriss,42.8,GS,PF/C,3800,24.0,24.5,6.42,17.666666666666668,19.72,33.283018867924525,0.11866765369506134,0.01142137287669758,0.80962139484851,-0.2768193620405532,1.7522470372175265,1.346643821002315,0.1897463598247768
12,4,Ben Simmons,55.3,PHI,PG/SF,8200,35.5,45.6,5.574999999999999,36.0,41.28,44.96666666666666,1.9455631692277127,1.2691567981469905,1.772720064845565,1.615915870901183,0.923104730150675,2.1855088411819628,1.1606922497382164
12,5,Bogdan Bogdanovic,17.3,SAC,SG/SF,4700,27.5,26.65,5.645,28.666666666666668,25.29,25.565406976744185,0.30482051428251145,0.39421041535026496,0.1734483540324851,0.2121665028706467,0.991791075114793,-0.3646408201641655,0.2404301097927977
12,6,Cody Zeller,28.5,CHA,C,4700,21.0,24.4,5.21,21.666666666666668,24.48,23.64923076923077,0.11000938110959842,-0.31668352067207445,0.015495393730578753,0.14105724782970033,0.5649545028377756,0.3869822379167986,0.1897463598247768
12,7,Domantas Sabonis,33.0,IND,PF/C,8100,34.5,45.4,5.625,35.333333333333336,44.7,44.329245283018864,1.9282466240567868,1.1597885002973998,1.7201765700917289,1.916154947740735,0.9721664051250455,0.6889736451814716,1.1606922497382164
13,0,Ben Simmons,55.3,PHI,PG/SF,8200,35.5,45.6,5.574999999999999,36.0,41.28,44.96666666666666,1.9455631692277127,1.2691567981469905,1.772720064845565,1.615915870901183,0.923104730150675,2.1855088411819628,1.1606922497382164
13,1,Cam Reddish,17.8,ATL,PG/SG,4100,24.5,19.05,4.62,27.0,19.75,17.28611111111111,-0.3532082022126613,0.06610552180149291,-0.5090250458899079,-0.2741856859279254,-0.013973261859788744,-0.3310862193569796,-0.18431695320155853
13,2,Donte DiVincenzo,14.5,MIL,PG/SF,4000,20.0,16.8,4.18,21.666666666666668,19.38,15.507692307692306,-0.5480193353855743,-0.4260518185216652,-0.6556224796515457,-0.30666769131699984,-0.44571600163424396,-0.5525465846844066,-0.23983552028814542
13,3,Marquese Chriss,42.8,GS,PF/C,3800,24.0,24.5,6.42,17.666666666666668,19.72,33.283018867924525,0.11866765369506134,0.01142137287669758,0.80962139484851,-0.2768193620405532,1.7522470372175265,1.346643821002315,0.1897463598247768
13,4,De'Anthony Melton,23.8,MEM,PG/SG,3900,23.5,23.4,6.015000000000001,18.333333333333332,19.419999999999998,29.994545454545456,0.023426655254970393,-0.043262776048097765,0.5385481456970738,-0.3031561231668297,1.3548474699251312,0.07156899032925117,0.1897463598247768
13,5,Domantas Sabonis,33.0,IND,PF/C,8100,34.5,45.4,5.625,35.333333333333336,44.7,44.329245283018864,1.9282466240567868,1.1597885002973998,1.7201765700917289,1.916154947740735,0.9721664051250455,0.6889736451814716,1.1606922497382164
13,6,Karl-Anthony Towns,64.0,MIN,C,9900,34.5,55.95,5.63,35.333333333333336,53.93000000000001,54.63042452830189,2.8416943818231126,1.1597885002973998,2.5693165134920637,2.726449298392508,0.9770725726224824,2.7693588952269974,2.081490223939983
13,7,Omari Spellman,7.3,GS,PF/C,3100,23.5,21.0,6.79,17.0,18.619999999999997,29.029411764705884,-0.18437188679613672,-0.043262776048097765,0.4589908884889342,-0.3733874861702337,2.1153034320278636,-1.0357328363078835,0.125160795686704
14,0,De'Anthony Melton,23.8,MEM,PG/SG,3900,23.5,23.4,6.015000000000001,18.333333333333332,19.419999999999998,29.994545454545456,0.023426655254970393,-0.043262776048097765,0.5385481456970738,-0.3031561231668297,1.3548474699251312,0.07156899032925117,0.1897463598247768
14,1,Kawhi Leonard,57.8,LAC,SG/SF,9000,32.5,48.65,5.395,31.333333333333332,47.11000000000001,50.461436170212764,2.209640483084328,0.9410519045982184,2.2256612431456646,2.1277269287884897,0.7464827002429437,2.353281845217892,2.0037222937489982
14,2,JJ Redick,29.8,NO,SG/SF,4900,28.5,21.85,4.445,28.333333333333332,24.509999999999998,21.978529411764708,-0.1107765698197028,0.5035787131998557,-0.12222274730334291,0.14369092394232777,-0.1856891242700831,0.47422420001548193,0.1897463598247768
14,3,Marquese Chriss,42.8,GS,PF/C,3800,24.0,24.5,6.42,17.666666666666668,19.72,33.283018867924525,0.11866765369506134,0.01142137287669758,0.80962139484851,-0.2768193620405532,1.7522470372175265,1.346643821002315,0.1897463598247768
14,4,Donovan Mitchell,41.5,UTA,PG/SG,8100,34.5,43.05,5.29,35.333333333333336,39.90999999999999,42.034669811320754,1.724777218298411,1.1597885002973998,1.531031653789285,1.4956446617578527,0.6434531827967674,1.259401858903632,1.1500356528362756
14,5,Damion Lee,26.3,GS,SG/SF,3100,22.0,16.0,5.16,21.666666666666668,17.740000000000002,16.246153846153845,-0.6172855160692768,-0.2073152228224838,-0.5947501101837793,-0.45064198547397766,0.5158928278634058,0.23934199436518067,-0.27613333722403494
14,6,Domantas Sabonis,33.0,IND,PF/C,8100,34.5,45.4,5.625,35.333333333333336,44.7,44.329245283018864,1.9282466240567868,1.1597885002973998,1.7201765700917289,1.916154947740735,0.9721664051250455,0.6889736451814716,1.1606922497382164
14,7,T.J. Warren,28.0,IND,SF/PF,5000,31.0,27.700000000000003,5.525,31.333333333333332,27.380000000000003,27.405319148936176,0.39573237642987125,0.7769994578238324,0.3251147681929902,0.3956459387170398,0.8740430551763061,0.35342763710961267,0.4158905115580619
15,0,Donovan Mitchell,41.5,UTA,PG/SG,8100,34.5,43.05,5.29,35.333333333333336,39.90999999999999,42.034669811320754,1.724777218298411,1.1597885002973998,1.531031653789285,1.4956446617578527,0.6434531827967674,1.259401858903632,1.1500356528362756
15,1,Kawhi Leonard,57.8,LAC,SG/SF,9000,32.5,48.65,5.395,31.333333333333332,47.11000000000001,50.461436170212764,2.209640483084328,0.9410519045982184,2.2256612431456646,2.1277269287884897,0.7464827002429437,2.353281845217892,2.0037222937489982
15,2,Miles Bridges,28.8,CHA,SF/PF,5100,34.0,28.450000000000003,5.57,33.0,25.610000000000003,29.312121212121212,0.4606694208208423,1.1051043513726044,0.4822950052760406,0.24025904807200862,0.918198562653239,0.40711499840111015,0.46405003485831736
15,3,Omari Spellman,7.3,GS,PF/C,3100,23.5,21.0,6.79,17.0,18.619999999999997,29.029411764705884,-0.18437188679613672,-0.043262776048097765,0.4589908884889342,-0.3733874861702337,2.1153034320278636,-1.0357328363078835,0.125160795686704
15,4,Cam Reddish,17.8,ATL,PG/SG,4100,24.5,19.05,4.62,27.0,19.75,17.28611111111111,-0.3532082022126613,0.06610552180149291,-0.5090250458899079,-0.2741856859279254,-0.013973261859788744,-0.3310862193569796,-0.18431695320155853
15,5,T.J. Warren,28.0,IND,SF/PF,5000,31.0,27.700000000000003,5.525,31.333333333333332,27.380000000000003,27.405319148936176,0.39573237642987125,0.7769994578238324,0.3251147681929902,0.3956459387170398,0.8740430551763061,0.35342763710961267,0.4158905115580619
15,6,Marquese Chriss,42.8,GS,PF/C,3800,24.0,24.5,6.42,17.666666666666668,19.72,33.283018867924525,0.11866765369506134,0.01142137287669758,0.80962139484851,-0.2768193620405532,1.7522470372175265,1.346643821002315,0.1897463598247768
15,7,Moe Harkless,16.5,LAC,SF/PF,4200,30.5,20.2,4.83,28.666666666666668,17.16,21.49186046511628,-0.2536380674798392,0.7223153088990371,-0.1623395176236902,-0.5015597236514456,0.1920857730325647,-0.418328181455663,-0.1594839893329737
16,0,Chris Clemons,2.0,HOU,PG,3000,0.0,4.25,1.415,7.333333333333333,5.6899999999999995,0.0,-1.634632544861156,-2.613417775513479,-1.9339422384746396,-1.5085018907127494,-3.1588266277168975,-1.3914116048640541,-0.6016358183711225
16,1,Wes Iwundu,4.8,ORL,SG/SF,3200,0.0,3.9,1.21,17.333333333333332,8.299999999999999,0.0,-1.664936498910276,-2.613417775513479,-1.9339422384746396,-1.2793720689141443,-3.359979495111814,-1.203505840343813,-0.6016358183711225
16,2,Miles Bridges,28.8,CHA,SF/PF,5100,34.0,28.450000000000003,5.57,33.0,25.610000000000003,29.312121212121212,0.4606694208208423,1.1051043513726044,0.4822950052760406,0.24025904807200862,0.918198562653239,0.40711499840111015,0.46405003485831736
16,3,Julius Randle,43.8,NY,PF/C,6900,32.5,32.7,4.74,32.333333333333336,34.580000000000005,32.868556701030926,0.8286460057030114,0.9410519045982184,0.7754567256822332,1.0277282057476753,0.10377475807869904,1.4137530226166868,0.6586017016782683
16,4,D.J. Augustin,15.5,ORL,PG,4400,24.5,21.700000000000003,4.92,25.666666666666668,21.6,20.713636363636365,-0.12376397869789688,0.06610552180149291,-0.22648956819057314,-0.11177565898255372,0.2803967879864303,-0.4854373830700348,0.1207445362096389
16,5,Paul George,66.8,LAC,SF/PF,8800,33.5,46.65,5.279999999999999,32.333333333333336,41.07000000000001,48.3332474226804,2.0364750313750717,1.050420202447809,2.050231806418568,1.5974801381127899,0.6336408478018928,2.957264659747238,1.2890576264000257
16,6,Ed Davis,9.0,UTA,PF/C,3000,14.0,14.2,4.715,12.0,10.34,16.566666666666666,-0.7731344226076073,-1.0822616056192094,-0.5683298109356167,-1.1002820932554642,0.07924392059151376,-0.9216471935634515,-0.5049618472948576
16,7,Jimmy Butler,38.3,MIA,SG/SF,9500,37.0,42.65,4.49,39.333333333333336,47.31,40.119915254237284,1.6901441279565597,1.4332092449213765,1.3731958820283092,2.14528476953934,-0.1415336167931503,1.044652413737642,1.1491121506080484
17,0,Elfrid Payton,29.5,NY,PG,4200,19.5,18.700000000000003,4.45,20.333333333333332,19.56,17.933606557377054,-0.3835121562617809,-0.4807359674464605,-0.45565113271914154,-0.290865634641234,-0.18078295677264622,0.45409143953117037,-0.21762792820955487
17,1,Furkan Korkmaz,2.8,PHI,SG/SF,3200,11.5,10.55,3.28,18.0,13.55,6.740277777777778,-1.0891613719769995,-1.355682350243186,-1.3783321520521985,-0.8184787492043059,-1.3288261511729016,-1.3377242435725565,-0.5049618472948576
17,2,Aaron Gordon,35.0,ORL,SF/PF,6700,33.0,35.2,5.234999999999999,34.0,33.2,34.16470588235295,1.0451028203395814,0.9957360535230138,0.8823000313134939,0.9065791045668034,0.58948534032496,0.8231920484102152,0.8783856994218446
17,3,Jae Crowder,40.8,MEM,SF/PF,5100,31.5,25.75,5.050000000000001,31.0,25.369999999999997,26.165322580645164,0.22689606101334636,0.8316836067486277,0.22290019734204772,0.21918963917098694,0.40795714291979274,1.2124254177735714,0.1897463598247768
17,4,George Hill,23.5,MIL,PG/SG,4100,17.5,15.65,3.82,19.333333333333332,19.229999999999997,14.165948275862071,-0.6475894701183966,-0.6994725631456419,-0.7662242296179652,-0.31983607188013824,-0.7989600614497069,0.051436229844939584,-0.27613333722403494
17,5,Buddy Hield,56.5,SAC,SG/SF,7100,34.5,38.099999999999994,5.36,35.666666666666664,37.72,36.853738317757006,1.296192725318002,1.1597885002973998,1.103960561203432,1.3033863055360353,0.7121395277608855,2.266039883119209,0.9434052037321103
17,6,Bismack Biyombo,26.8,CHA,C,4000,22.0,20.4,5.105,20.0,17.28,22.44,-0.23632152230891365,-0.2073152228224838,-0.08418311127288858,-0.49102501920093494,0.4619249853915993,0.2728965951723666,-0.1594839893329737
17,7,Dwight Howard,13.0,LAL,C,3800,19.0,18.25,4.785,20.0,19.85,17.3375,-0.4224743828963638,-0.5354201163712559,-0.5047889912437861,-0.2654067655524998,0.14793026555563185,-0.6532103871059642,-0.21762792820955487
18,0,Coby White,14.8,CHI,PG/SG,4600,26.0,23.1,5.005000000000001,26.333333333333332,22.32,22.807594936708863,-0.002548162501417767,0.23015796857587895,-0.053881770395421226,-0.048567432279490286,0.3638016354428599,-0.532413824200095,0.1897463598247768
18,1,Jeremy Lamb,22.0,IND,SG/SF,5300,27.5,28.4,5.355,28.0,26.880000000000003,27.892857142857142,0.4563402845281105,0.39421041535026496,0.36530317523902134,0.35175133683991233,0.7072333602634486,-0.04922757257661811,0.5006351132995975
18,2,Evan Fournier,39.0,ORL,SG/SF,6400,32.5,32.35,5.05,32.0,31.630000000000003,32.85546875,0.7983420516538914,0.9410519045982184,0.7743778684239523,0.7687500546726231,0.40795714291979185,1.0916288548677024,0.6586017016782683
18,3,James Ennis III,19.5,PHI,SF/PF,3600,18.5,14.25,3.975,18.333333333333332,13.810000000000002,14.379545454545456,-0.7688052863148759,-0.5901042652960512,-0.7486171293143051,-0.7956535562281994,-0.6468688690291601,-0.2170005766125476,-0.411131045680633
18,4,Rodney McGruder,3.8,LAC,SG/SF,3000,15.0,9.75,3.265,19.666666666666668,10.21,7.436440677966101,-1.158427552660702,-0.9728933077696186,-1.3209465157490528,-1.1116946897435172,-1.3435446536652123,-1.2706150419581848,-0.5136577306600367
18,5,Duncan Robinson,14.3,MIA,SG/SF,5700,32.5,22.05,3.865,30.666666666666668,22.869999999999997,23.36820652173913,-0.09346002464877724,0.9410519045982184,-0.007669809779343924,-0.0002833702146503302,-0.7548045539727737,-0.565968425007281,0.125160795686704
18,6,Richaun Holmes,9.8,SAC,PF/C,5600,28.0,29.15,5.21,31.333333333333332,30.830000000000002,26.048936170212766,0.5212773289190815,0.4488945642750603,0.21330631031087227,0.6985186916692192,0.5649545028377756,-0.867959832271954,0.566092678554294
18,7,Alex Len,35.8,ATL,C,4300,19.0,20.9,4.87,19.333333333333332,20.8,20.53965517241379,-0.19303015938159965,-0.5354201163712559,-0.2408310698138079,-0.18200702198595772,0.2313351130120606,0.8768794097017125,0.003987884804697854
19,0,Shabazz Napier,6.8,MIN,PG/SG,3300,14.5,13.8,4.185,15.666666666666666,15.180000000000001,12.772340425531915,-0.8077675129494584,-1.0275774566944138,-0.881101183311736,-0.6753823470848702,-0.4408098341368071,-1.0692874371150694,-0.411131045680633
19,1,Buddy Hield,56.5,SAC,SG/SF,7100,34.5,38.099999999999994,5.36,35.666666666666664,37.72,36.853738317757006,1.296192725318002,1.1597885002973998,1.103960561203432,1.3033863055360353,0.7121395277608855,2.266039883119209,0.9434052037321103
19,2,Danuel House Jr.,9.3,HOU,SF/PF,4200,30.0,20.55,4.890000000000001,30.333333333333332,22.869999999999997,20.324175824175825,-0.22333411343071927,0.6676311599742417,-0.25859331986401574,-0.0002833702146503302,0.250959783001809,-0.9015144330791399,0.1207445362096389
19,3,Ed Davis,9.0,UTA,PF/C,3000,14.0,14.2,4.715,12.0,10.34,16.566666666666666,-0.7731344226076073,-1.0822616056192094,-0.5683298109356167,-1.1002820932554642,0.07924392059151376,-0.9216471935634515,-0.5049618472948576
19,4,Sterling Brown,13.5,MIL,SG/SF,3400,16.5,13.2,3.875,17.0,15.580000000000002,12.811764705882352,-0.8597171484622353,-0.8088408609952326,-0.8778513873040898,-0.6402666655831682,-0.7449922189778999,-0.6196557862987784,-0.411131045680633
19,5,Nemanja Bjelica,28.5,SAC,PF,5200,21.0,24.4,4.7,26.0,27.8,19.70769230769231,0.11000938110959842,-0.31668352067207445,-0.30941087830362424,0.4325174042938267,0.06452541809920312,0.3869822379167986,0.08139167570158214
19,6,Mohamed Bamba,18.5,ORL,C,4000,18.0,18.5,4.595000000000001,16.333333333333332,16.72,20.387755102040817,-0.40082870143270677,-0.6447884142208465,-0.25335239519682917,-0.5401869733033179,-0.03850409934697316,-0.2841097782269194,-0.23983552028814542
19,7,T.J. Warren,28.0,IND,SF/PF,5000,31.0,27.700000000000003,5.525,31.333333333333332,27.380000000000003,27.405319148936176,0.39573237642987125,0.7769994578238324,0.3251147681929902,0.3956459387170398,0.8740430551763061,0.35342763710961267,0.4158905115580619
20,0,Donte DiVincenzo,14.5,MIL,PG/SF,4000,20.0,16.8,4.18,21.666666666666668,19.38,15.507692307692306,-0.5480193353855743,-0.4260518185216652,-0.6556224796515457,-0.30666769131699984,-0.44571600163424396,-0.5525465846844066,-0.23983552028814542
20,1,Cam Reddish,17.8,ATL,PG/SG,4100,24.5,19.05,4.62,27.0,19.75,17.28611111111111,-0.3532082022126613,0.06610552180149291,-0.5090250458899079,-0.2741856859279254,-0.013973261859788744,-0.3310862193569796,-0.18431695320155853
20,2,Kentavious Caldwell-Pope,24.3,LAL,SG/SF,3600,27.0,18.45,5.119999999999999,28.333333333333332,17.35,17.581764705882353,-0.40515783772543823,0.3395262664254696,-0.4846539257732363,-0.4848797749381371,0.4766434878839091,0.10512359113643707,-0.23983552028814542
20,3,Solomon Hill,19.0,MEM,SF/PF,3400,25.0,18.05,5.295,23.666666666666668,16.85,19.066901408450704,-0.4397909280672893,0.12078967072628827,-0.3622321267216267,-0.5287743768152645,0.6483593502942043,-0.2505551774197335,-0.21762792820955487
20,4,Rodney McGruder,3.8,LAC,SG/SF,3000,15.0,9.75,3.265,19.666666666666668,10.21,7.436440677966101,-1.158427552660702,-0.9728933077696186,-1.3209465157490528,-1.1116946897435172,-1.3435446536652123,-1.2706150419581848,-0.5136577306600367
20,5,Jabari Parker,29.5,ATL,SF/PF,5700,27.5,29.75,5.215,27.0,29.15,30.300925925925927,0.5732269644318584,0.39421041535026496,0.563803496558589,0.5510328293620707,0.5698606703352125,0.45409143953117037,0.5006351132995975
20,6,Mitchell Robinson,27.3,NY,C,5700,26.0,27.65,4.855,26.333333333333332,25.95,27.3,0.39140324013713945,0.23015796857587895,0.31643317028684886,0.27010737734845497,0.21661661051974995,0.30645119597955245,0.4158905115580619
20,7,Robert Covington,24.3,MIN,SF/PF,5000,29.0,26.6,5.3,28.666666666666668,25.82,26.909302325581397,0.3004913779897803,0.558262862124651,0.28422743992890276,0.25869478086040193,0.6532655177916412,0.10512359113643707,0.2404301097927977
21,0,Aaron Holiday,20.0,IND,PG/SG,3700,18.0,17.1,4.615,20.333333333333332,17.52,15.137704918032789,-0.5220445176291859,-0.6447884142208465,-0.6861210336164407,-0.46995561029991395,-0.018879429357225627,-0.1834459758053617,-0.23983552028814542
21,1,Jerome Robinson,0.0,LAC,SG,3000,21.5,16.6,5.535,13.666666666666666,10.040000000000001,26.114634146341466,-0.5653358805564999,-0.2619993717472791,0.2187218821015472,-1.1266188543817406,0.8838553901711799,-1.5256300080927976,-0.27613333722403494
21,2,JJ Redick,29.8,NO,SG/SF,4900,28.5,21.85,4.445,28.333333333333332,24.509999999999998,21.978529411764708,-0.1107765698197028,0.5035787131998557,-0.12222274730334291,0.14369092394232777,-0.1856891242700831,0.47422420001548193,0.1897463598247768
21,3,Domantas Sabonis,33.0,IND,PF/C,8100,34.5,45.4,5.625,35.333333333333336,44.7,44.329245283018864,1.9282466240567868,1.1597885002973998,1.7201765700917289,1.916154947740735,0.9721664051250455,0.6889736451814716,1.1606922497382164
21,4,Yogi Ferrell,6.3,SAC,PG/SG,3400,14.0,13.600000000000001,4.015,14.666666666666666,12.5,12.981818181818182,-0.825084058120384,-1.0822616056192094,-0.8638336524901555,-0.9106574131462736,-0.6076195290496645,-1.1028420379222552,-0.5049618472948576
21,5,Kevin Knox,10.0,NY,SF/PF,3200,16.5,12.15,3.815,19.0,13.63,10.551315789473684,-0.9506290106095947,-0.8088408609952326,-1.064183206140999,-0.8114556129039654,-0.8038662289471438,-0.8545379919490796,-0.5049618472948576
21,6,Bobby Portis,18.0,NY,PF/C,3600,19.0,17.0,4.73,22.0,19.8,14.681818181818182,-0.5307027902146488,-0.5354201163712559,-0.7237003852779018,-0.2697962257402126,0.09396242308382528,-0.3176643790341053,-0.23983552028814542
21,7,Mohamed Bamba,18.5,ORL,C,4000,18.0,18.5,4.595000000000001,16.333333333333332,16.72,20.387755102040817,-0.40082870143270677,-0.6447884142208465,-0.25335239519682917,-0.5401869733033179,-0.03850409934697316,-0.2841097782269194,-0.23983552028814542
22,0,Cam Reddish,17.8,ATL,PG/SG,4100,24.5,19.05,4.62,27.0,19.75,17.28611111111111,-0.3532082022126613,0.06610552180149291,-0.5090250458899079,-0.2741856859279254,-0.013973261859788744,-0.3310862193569796,-0.18431695320155853
22,1,Marko Guduric,4.5,MEM,SG/SF,3000,13.5,11.15,3.71,11.666666666666666,10.33,12.902142857142858,-1.0372117364642226,-1.1369457545440047,-0.8704013957624793,-1.1011599852930067,-0.9068957463933205,-1.2236386008281246,-0.5136577306600367
22,2,Damyean Dotson,22.8,NY,SG/SF,3000,16.5,11.2,3.74,18.0,11.280000000000001,10.266666666666667,-1.0328826001714915,-0.8088408609952326,-1.0876472129574986,-1.0177602417264644,-0.8774587414086984,0.004459788714879371,-0.5136577306600367
22,3,Trevor Ariza,6.3,SAC,SF/PF,3800,25.0,18.1,4.75,27.0,17.5,16.75925925925926,-0.43546179177455785,0.12078967072628827,-0.5524541466762765,-0.471711394374999,0.11358709307357281,-1.1028420379222552,-0.23983552028814542
22,4,Russell Westbrook,40.3,HOU,PG,9700,35.5,47.95,4.95,36.666666666666664,49.510000000000005,46.42431818181819,2.1490325749860886,1.2691567981469905,1.8928762232426681,2.338421017798701,0.30983379297105246,1.1788708169663855,2.1514794865749236
22,5,Kevon Looney,8.0,GS,PF/C,3000,17.0,14.8,4.9350000000000005,9.333333333333334,9.5,26.957142857142856,-0.7211847870948304,-0.7541567120704372,0.28817099874824287,-1.1740250244090382,0.2951152904787418,-0.9887563951778233,-0.411131045680633
22,6,Ed Davis,9.0,UTA,PF/C,3000,14.0,14.2,4.715,12.0,10.34,16.566666666666666,-0.7731344226076073,-1.0822616056192094,-0.5683298109356167,-1.1002820932554642,0.07924392059151376,-0.9216471935634515,-0.5049618472948576
22,7,Danuel House Jr.,9.3,HOU,SF/PF,4200,30.0,20.55,4.890000000000001,30.333333333333332,22.869999999999997,20.324175824175825,-0.22333411343071927,0.6676311599742417,-0.25859331986401574,-0.0002833702146503302,0.250959783001809,-0.9015144330791399,0.1207445362096389
23,0,Raul Neto,6.8,PHI,PG,3000,11.5,11.4,3.8,12.0,9.559999999999999,10.925,-1.0155660550005656,-1.355682350243186,-1.033379918301773,-1.1687576721837831,-0.8185847314394549,-1.0692874371150694,-0.5136577306600367
23,1,Kawhi Leonard,57.8,LAC,SG/SF,9000,32.5,48.65,5.395,31.333333333333332,47.11000000000001,50.461436170212764,2.209640483084328,0.9410519045982184,2.2256612431456646,2.1277269287884897,0.7464827002429437,2.353281845217892,2.0037222937489982
23,2,Rodney McGruder,3.8,LAC,SG/SF,3000,15.0,9.75,3.265,19.666666666666668,10.21,7.436440677966101,-1.158427552660702,-0.9728933077696186,-1.3209465157490528,-1.1116946897435172,-1.3435446536652123,-1.2706150419581848,-0.5136577306600367
23,3,Kevin Knox,10.0,NY,SF/PF,3200,16.5,12.15,3.815,19.0,13.63,10.551315789473684,-0.9506290106095947,-0.8088408609952326,-1.064183206140999,-0.8114556129039654,-0.8038662289471438,-0.8545379919490796,-0.5049618472948576
23,4,Shabazz Napier,6.8,MIN,PG/SG,3300,14.5,13.8,4.185,15.666666666666666,15.180000000000001,12.772340425531915,-0.8077675129494584,-1.0275774566944138,-0.881101183311736,-0.6753823470848702,-0.4408098341368071,-1.0692874371150694,-0.411131045680633
23,5,Thaddeus Young,20.8,CHI,SF/PF,4200,20.5,19.9,4.71,23.333333333333332,19.380000000000003,17.48357142857143,-0.2796128852362277,-0.3713676695968698,-0.49274812857785893,-0.3066676913169995,0.07433775309407688,-0.12975861451386422,-0.18431695320155853
23,6,Taj Gibson,21.3,NY,PF/C,3100,15.0,13.45,4.35,16.333333333333332,13.85,12.35204081632653,-0.8380714669985784,-0.9728933077696186,-0.9157470406329031,-0.7921419880780295,-0.2789063067213865,-0.09620401370667833,-0.411131045680633
23,7,Damion Lee,26.3,GS,SG/SF,3100,22.0,16.0,5.16,21.666666666666668,17.740000000000002,16.246153846153845,-0.6172855160692768,-0.2073152228224838,-0.5947501101837793,-0.45064198547397766,0.5158928278634058,0.23934199436518067,-0.27613333722403494
