Lineup Num,,Player Name,Actual FP,team,Pos,Salary,DFN_MinProj,Avg Proj,Avg Value Proj,Avg Skewed Min,Avg Skewed FP,Proj Min Enhanced,Avg Proj Stan,DFN_MinProj Stan,Proj Min Enhanced Stan,Avg Skewed FP Stan,Avg Value Proj Stan,Actual FP Stan,predictions
0,0,Russell Westbrook,65.0,HOU,PG,9100,34.5,53.0,5.8,33.0,60.2,55.40909090909091,2.5889674127362587,1.1076395156069394,1.465845947003807,2.905373674337839,1.025031508160987,3.0829432649612425,2.4035419451100926
0,1,JJ Redick,17.5,NO,SG/SF,4500,26.0,22.700000000000003,5.055,24.0,14.940000000000001,24.59166666666667,0.04674190132645763,0.3204524774368771,0.0356586946436688,-0.4866256163073469,0.4713552991759671,-0.3072237474395763,0.0644517809854021
0,2,Jaylen Brown,30.5,BOS,SG/SF,5000,33.5,31.45,6.3,30.0,32.51,35.119166666666665,0.7808829318490897,1.0150292758222264,0.5242230918749721,0.8301536045639722,1.3966262792918729,0.6206114349017003,0.8645616030689344
0,3,Tobias Harris,43.8,PHI,SF/PF,6200,36.0,36.7,5.925,38.0,42.779999999999994,34.76842105263158,1.2213675501626695,1.2465548752840094,0.5079455502456608,1.5998361656538098,1.1179302009437084,1.5698581983739293,0.9380364137611469
0,4,James Harden,40.5,HOU,PG/SG,10200,35.5,60.4,5.93,36.0,53.11999999999999,59.56111111111111,3.209840969978256,1.2002497553916527,1.6585345480289502,2.3747648590977164,1.1216461486550173,1.3343308059334515,3.368702637330467
0,5,Grant Williams,19.8,BOS,SF/PF,3200,21.5,19.6,6.119999999999999,15.0,12.54,28.093333333333337,-0.2133537780587037,-0.09629360159433244,0.1981654307448275,-0.6664930113039985,1.2628521616847534,-0.14306829210227348,-0.15480280939221233
0,6,Frank Kaminsky,37.0,PHO,PF/C,4000,27.0,25.1,6.275,26.0,25.72,26.065384615384616,0.24810629826980812,0.4130627172215903,0.10405158196775685,0.3212787662192792,1.378046540735329,1.0845290260723386,0.06240072531193794
0,7,Domantas Sabonis,24.8,IND,PF/C,7500,33.5,41.35,5.5,36.0,45.709999999999994,38.47847222222223,1.611511069240411,1.0150292758222264,0.6801230770438891,1.819424277045555,0.8020746454824557,0.21379139341360215,1.0584680588346005
1,0,Russell Westbrook,65.0,HOU,PG,9100,34.5,53.0,5.8,33.0,60.2,55.40909090909091,2.5889674127362587,1.1076395156069394,1.465845947003807,2.905373674337839,1.025031508160987,3.0829432649612425,2.4035419451100926
1,1,Jaylen Brown,30.5,BOS,SG/SF,5000,33.5,31.45,6.3,30.0,32.51,35.119166666666665,0.7808829318490897,1.0150292758222264,0.5242230918749721,0.8301536045639722,1.3966262792918729,0.6206114349017003,0.8645616030689344
1,2,P.J. Tucker,30.8,HOU,SF/PF,4200,35.0,23.0,5.470000000000001,38.0,28.04,21.184210526315788,0.07191245094437622,1.1539446354992962,-0.12247588197021216,0.49515058138270895,0.779778959214603,0.6420230160326529,0.6185639247504819
1,3,Tobias Harris,43.8,PHI,SF/PF,6200,36.0,36.7,5.925,38.0,42.779999999999994,34.76842105263158,1.2213675501626695,1.2465548752840094,0.5079455502456608,1.5998361656538098,1.1179302009437084,1.5698581983739293,0.9380364137611469
1,4,James Harden,40.5,HOU,PG/SG,10200,35.5,60.4,5.93,36.0,53.11999999999999,59.56111111111111,3.209840969978256,1.2002497553916527,1.6585345480289502,2.3747648590977164,1.1216461486550173,1.3343308059334515,3.368702637330467
1,5,Frank Kaminsky,37.0,PHO,PF/C,4000,27.0,25.1,6.275,26.0,25.72,26.065384615384616,0.24810629826980812,0.4130627172215903,0.10405158196775685,0.3212787662192792,1.378046540735329,1.0845290260723386,0.06240072531193794
1,6,Domantas Sabonis,24.8,IND,PF/C,7500,33.5,41.35,5.5,36.0,45.709999999999994,38.47847222222223,1.611511069240411,1.0150292758222264,0.6801230770438891,1.819424277045555,0.8020746454824557,0.21379139341360215,1.0584680588346005
1,7,JaMychal Green,17.8,LAC,SF/PF,3800,19.0,19.2,5.0649999999999995,18.0,16.720000000000002,20.266666666666666,-0.24691451088259564,-0.3278192010561155,-0.16505762148317885,-0.3532239650181636,0.47878719459858465,-0.2858121663086237,-0.20549214128122753
2,0,Josh Richardson,22.8,PHI,PG/SG,4900,34.0,28.05,5.705,33.0,31.610000000000003,28.9,0.49561670284600984,1.0613343957145829,0.23560153749064391,0.7627033314402284,0.9544285016461189,0.0710475192072519,0.8538370566637097
2,1,Josh Hart,36.3,NO,SG/SF,3600,30.0,22.450000000000003,6.25,27.0,30.189999999999998,24.944444444444446,0.02576644331152527,0.69089343657573,0.05203054573429798,0.6562817894005425,1.3594668021787844,1.034568670100116,0.23630242328802925
2,2,Grant Williams,19.8,BOS,SF/PF,3200,21.5,19.6,6.119999999999999,15.0,12.54,28.093333333333337,-0.2133537780587037,-0.09629360159433244,0.1981654307448275,-0.6664930113039985,1.2628521616847534,-0.14306829210227348,-0.15480280939221233
2,3,Frank Kaminsky,37.0,PHO,PF/C,4000,27.0,25.1,6.275,26.0,25.72,26.065384615384616,0.24810629826980812,0.4130627172215903,0.10405158196775685,0.3212787662192792,1.378046540735329,1.0845290260723386,0.06240072531193794
2,4,Russell Westbrook,65.0,HOU,PG,9100,34.5,53.0,5.8,33.0,60.2,55.40909090909091,2.5889674127362587,1.1076395156069394,1.465845947003807,2.905373674337839,1.025031508160987,3.0829432649612425,2.4035419451100926
2,5,Ben Simmons,46.0,PHI,PG/SF,8600,35.5,45.599999999999994,5.3149999999999995,35.0,45.519999999999996,46.25142857142857,1.9680938554942606,1.2002497553916527,1.040853519547354,1.8051847749416536,0.6645845801640275,1.7268764600009148,1.1127275169752224
2,6,Montrezl Harrell,43.3,LAC,PF/C,6200,29.5,35.75,5.744999999999999,32.0,31.65,32.95703125,1.1416608097059264,0.6445883166833734,0.42388185353954555,0.7657011213568389,0.9841560833365891,1.5341722298223417,0.6185639247504819
2,7,James Harden,40.5,HOU,PG/SG,10200,35.5,60.4,5.93,36.0,53.11999999999999,59.56111111111111,3.209840969978256,1.2002497553916527,1.6585345480289502,2.3747648590977164,1.1216461486550173,1.3343308059334515,3.368702637330467
3,0,Malcolm Brogdon,54.5,IND,PG/SG,6500,33.5,35.8,5.49,36.0,43.8,33.31388888888888,1.1458559013089125,1.0150292758222264,0.44044304444347654,1.676279808527387,0.7946427500598381,2.333537925377904,0.7708751413237952
3,1,Buddy Hield,5.5,SAC,SG/SF,6100,32.5,33.599999999999994,5.525,31.0,33.519999999999996,35.2258064516129,0.9612718707775076,0.9224190360375131,0.529172073328606,0.9058477999583963,0.8206543840390003,-1.1636869926776778,0.8064818005197935
3,2,Tobias Harris,43.8,PHI,SF/PF,6200,36.0,36.7,5.925,38.0,42.779999999999994,34.76842105263158,1.2213675501626695,1.2465548752840094,0.5079455502456608,1.5998361656538098,1.1179302009437084,1.5698581983739293,0.9380364137611469
3,3,Grant Williams,19.8,BOS,SF/PF,3200,21.5,19.6,6.119999999999999,15.0,12.54,28.093333333333337,-0.2133537780587037,-0.09629360159433244,0.1981654307448275,-0.6664930113039985,1.2628521616847534,-0.14306829210227348,-0.15480280939221233
3,4,Russell Westbrook,65.0,HOU,PG,9100,34.5,53.0,5.8,33.0,60.2,55.40909090909091,2.5889674127362587,1.1076395156069394,1.465845947003807,2.905373674337839,1.025031508160987,3.0829432649612425,2.4035419451100926
3,5,Jaylen Brown,30.5,BOS,SG/SF,5000,33.5,31.45,6.3,30.0,32.51,35.119166666666665,0.7808829318490897,1.0150292758222264,0.5242230918749721,0.8301536045639722,1.3966262792918729,0.6206114349017003,0.8645616030689344
3,6,Montrezl Harrell,43.3,LAC,PF/C,6200,29.5,35.75,5.744999999999999,32.0,31.65,32.95703125,1.1416608097059264,0.6445883166833734,0.42388185353954555,0.7657011213568389,0.9841560833365891,1.5341722298223417,0.6185639247504819
3,7,Domantas Sabonis,24.8,IND,PF/C,7500,33.5,41.35,5.5,36.0,45.709999999999994,38.47847222222223,1.611511069240411,1.0150292758222264,0.6801230770438891,1.819424277045555,0.8020746454824557,0.21379139341360215,1.0584680588346005
4,0,Malcolm Brogdon,54.5,IND,PG/SG,6500,33.5,35.8,5.49,36.0,43.8,33.31388888888888,1.1458559013089125,1.0150292758222264,0.44044304444347654,1.676279808527387,0.7946427500598381,2.333537925377904,0.7708751413237952
4,1,Donovan Mitchell,25.3,UTA,PG/SG,7900,34.0,41.349999999999994,5.225,35.0,47.15,40.168571428571425,1.6115110692404107,1.0613343957145829,0.7585578716305524,1.9273447140435465,0.5976975213604682,0.24947736196518971,1.3637628994784061
4,2,Jaylen Brown,30.5,BOS,SG/SF,5000,33.5,31.45,6.3,30.0,32.51,35.119166666666665,0.7808829318490897,1.0150292758222264,0.5242230918749721,0.8301536045639722,1.3966262792918729,0.6206114349017003,0.8645616030689344
4,3,Montrezl Harrell,43.3,LAC,PF/C,6200,29.5,35.75,5.744999999999999,32.0,31.65,32.95703125,1.1416608097059264,0.6445883166833734,0.42388185353954555,0.7657011213568389,0.9841560833365891,1.5341722298223417,0.6185639247504819
4,4,Russell Westbrook,65.0,HOU,PG,9100,34.5,53.0,5.8,33.0,60.2,55.40909090909091,2.5889674127362587,1.1076395156069394,1.465845947003807,2.905373674337839,1.025031508160987,3.0829432649612425,2.4035419451100926
4,5,Josh Hart,36.3,NO,SG/SF,3600,30.0,22.450000000000003,6.25,27.0,30.189999999999998,24.944444444444446,0.02576644331152527,0.69089343657573,0.05203054573429798,0.6562817894005425,1.3594668021787844,1.034568670100116,0.23630242328802925
4,6,Domantas Sabonis,24.8,IND,PF/C,7500,33.5,41.35,5.5,36.0,45.709999999999994,38.47847222222223,1.611511069240411,1.0150292758222264,0.6801230770438891,1.819424277045555,0.8020746454824557,0.21379139341360215,1.0584680588346005
4,7,Frank Kaminsky,37.0,PHO,PF/C,4000,27.0,25.1,6.275,26.0,25.72,26.065384615384616,0.24810629826980812,0.4130627172215903,0.10405158196775685,0.3212787662192792,1.378046540735329,1.0845290260723386,0.06240072531193794
5,0,Russell Westbrook,65.0,HOU,PG,9100,34.5,53.0,5.8,33.0,60.2,55.40909090909091,2.5889674127362587,1.1076395156069394,1.465845947003807,2.905373674337839,1.025031508160987,3.0829432649612425,2.4035419451100926
5,1,Lou Williams,27.5,LAC,PG/SG,6800,30.5,36.85,5.4350000000000005,33.0,39.19,34.05833333333334,1.2339528249716287,0.7371985564680866,0.4749915176111039,1.3307845206379856,0.7537673252354409,0.40649562359217495,0.5416220125021525
5,2,Jaylen Brown,30.5,BOS,SG/SF,5000,33.5,31.45,6.3,30.0,32.51,35.119166666666665,0.7808829318490897,1.0150292758222264,0.5242230918749721,0.8301536045639722,1.3966262792918729,0.6206114349017003,0.8645616030689344
5,3,Domantas Sabonis,24.8,IND,PF/C,7500,33.5,41.35,5.5,36.0,45.709999999999994,38.47847222222223,1.611511069240411,1.0150292758222264,0.6801230770438891,1.819424277045555,0.8020746454824557,0.21379139341360215,1.0584680588346005
5,4,Josh Hart,36.3,NO,SG/SF,3600,30.0,22.450000000000003,6.25,27.0,30.189999999999998,24.944444444444446,0.02576644331152527,0.69089343657573,0.05203054573429798,0.6562817894005425,1.3594668021787844,1.034568670100116,0.23630242328802925
5,5,Grant Williams,19.8,BOS,SF/PF,3200,21.5,19.6,6.119999999999999,15.0,12.54,28.093333333333337,-0.2133537780587037,-0.09629360159433244,0.1981654307448275,-0.6664930113039985,1.2628521616847534,-0.14306829210227348,-0.15480280939221233
5,6,Montrezl Harrell,43.3,LAC,PF/C,6200,29.5,35.75,5.744999999999999,32.0,31.65,32.95703125,1.1416608097059264,0.6445883166833734,0.42388185353954555,0.7657011213568389,0.9841560833365891,1.5341722298223417,0.6185639247504819
5,7,Ben Simmons,46.0,PHI,PG/SF,8600,35.5,45.599999999999994,5.3149999999999995,35.0,45.519999999999996,46.25142857142857,1.9680938554942606,1.2002497553916527,1.040853519547354,1.8051847749416536,0.6645845801640275,1.7268764600009148,1.1127275169752224
6,0,James Harden,40.5,HOU,PG/SG,10200,35.5,60.4,5.93,36.0,53.11999999999999,59.56111111111111,3.209840969978256,1.2002497553916527,1.6585345480289502,2.3747648590977164,1.1216461486550173,1.3343308059334515,3.368702637330467
6,1,Jaylen Brown,30.5,BOS,SG/SF,5000,33.5,31.45,6.3,30.0,32.51,35.119166666666665,0.7808829318490897,1.0150292758222264,0.5242230918749721,0.8301536045639722,1.3966262792918729,0.6206114349017003,0.8645616030689344
6,2,Terrence Ross,14.5,ORL,SG/SF,4400,21.0,20.4,4.635,20.0,19.68,21.42,-0.14623231241092038,-0.14259872148668906,-0.1115332705160194,-0.1313875111889603,0.15921569142602304,-0.5213395587491018,-0.11286784776883212
6,3,Montrezl Harrell,43.3,LAC,PF/C,6200,29.5,35.75,5.744999999999999,32.0,31.65,32.95703125,1.1416608097059264,0.6445883166833734,0.42388185353954555,0.7657011213568389,0.9841560833365891,1.5341722298223417,0.6185639247504819
6,4,Malcolm Brogdon,54.5,IND,PG/SG,6500,33.5,35.8,5.49,36.0,43.8,33.31388888888888,1.1458559013089125,1.0150292758222264,0.44044304444347654,1.676279808527387,0.7946427500598381,2.333537925377904,0.7708751413237952
6,5,John Collins,32.5,ATL,PF/C,7400,32.5,38.7,5.234999999999999,30.0,39.739999999999995,41.925000000000004,1.3891712142821284,0.9224190360375131,0.8400709057108035,1.3720041319913847,0.6051294167830857,0.7633553091080506,1.1013382059871364
6,6,Frank Kaminsky,37.0,PHO,PF/C,4000,27.0,25.1,6.275,26.0,25.72,26.065384615384616,0.24810629826980812,0.4130627172215903,0.10405158196775685,0.3212787662192792,1.378046540735329,1.0845290260723386,0.06240072531193794
6,7,Tobias Harris,43.8,PHI,SF/PF,6200,36.0,36.7,5.925,38.0,42.779999999999994,34.76842105263158,1.2213675501626695,1.2465548752840094,0.5079455502456608,1.5998361656538098,1.1179302009437084,1.5698581983739293,0.9380364137611469
7,0,Ben Simmons,46.0,PHI,PG/SF,8600,35.5,45.599999999999994,5.3149999999999995,35.0,45.519999999999996,46.25142857142857,1.9680938554942606,1.2002497553916527,1.040853519547354,1.8051847749416536,0.6645845801640275,1.7268764600009148,1.1127275169752224
7,1,Derrick Rose,46.8,DET,PG/SG,4900,28.0,28.45,5.805,26.0,30.99,30.638461538461534,0.5291774356699015,0.5056729570063035,0.31628075037577946,0.7162375877327597,1.0287474558722958,1.7839740096834547,0.2756978478691099
7,2,Buddy Hield,5.5,SAC,SG/SF,6100,32.5,33.599999999999994,5.525,31.0,33.519999999999996,35.2258064516129,0.9612718707775076,0.9224190360375131,0.529172073328606,0.9058477999583963,0.8206543840390003,-1.1636869926776778,0.8064818005197935
7,3,Tobias Harris,43.8,PHI,SF/PF,6200,36.0,36.7,5.925,38.0,42.779999999999994,34.76842105263158,1.2213675501626695,1.2465548752840094,0.5079455502456608,1.5998361656538098,1.1179302009437084,1.5698581983739293,0.9380364137611469
7,4,Russell Westbrook,65.0,HOU,PG,9100,34.5,53.0,5.8,33.0,60.2,55.40909090909091,2.5889674127362587,1.1076395156069394,1.465845947003807,2.905373674337839,1.025031508160987,3.0829432649612425,2.4035419451100926
7,5,Jaylen Brown,30.5,BOS,SG/SF,5000,33.5,31.45,6.3,30.0,32.51,35.119166666666665,0.7808829318490897,1.0150292758222264,0.5242230918749721,0.8301536045639722,1.3966262792918729,0.6206114349017003,0.8645616030689344
7,6,Montrezl Harrell,43.3,LAC,PF/C,6200,29.5,35.75,5.744999999999999,32.0,31.65,32.95703125,1.1416608097059264,0.6445883166833734,0.42388185353954555,0.7657011213568389,0.9841560833365891,1.5341722298223417,0.6185639247504819
7,7,Grant Williams,19.8,BOS,SF/PF,3200,21.5,19.6,6.119999999999999,15.0,12.54,28.093333333333337,-0.2133537780587037,-0.09629360159433244,0.1981654307448275,-0.6664930113039985,1.2628521616847534,-0.14306829210227348,-0.15480280939221233
8,0,Donovan Mitchell,25.3,UTA,PG/SG,7900,34.0,41.349999999999994,5.225,35.0,47.15,40.168571428571425,1.6115110692404107,1.0613343957145829,0.7585578716305524,1.9273447140435465,0.5976975213604682,0.24947736196518971,1.3637628994784061
8,1,Jaylen Brown,30.5,BOS,SG/SF,5000,33.5,31.45,6.3,30.0,32.51,35.119166666666665,0.7808829318490897,1.0150292758222264,0.5242230918749721,0.8301536045639722,1.3966262792918729,0.6206114349017003,0.8645616030689344
8,2,Tobias Harris,43.8,PHI,SF/PF,6200,36.0,36.7,5.925,38.0,42.779999999999994,34.76842105263158,1.2213675501626695,1.2465548752840094,0.5079455502456608,1.5998361656538098,1.1179302009437084,1.5698581983739293,0.9380364137611469
8,3,Frank Kaminsky,37.0,PHO,PF/C,4000,27.0,25.1,6.275,26.0,25.72,26.065384615384616,0.24810629826980812,0.4130627172215903,0.10405158196775685,0.3212787662192792,1.378046540735329,1.0845290260723386,0.06240072531193794
8,4,Russell Westbrook,65.0,HOU,PG,9100,34.5,53.0,5.8,33.0,60.2,55.40909090909091,2.5889674127362587,1.1076395156069394,1.465845947003807,2.905373674337839,1.025031508160987,3.0829432649612425,2.4035419451100926
8,5,Buddy Hield,5.5,SAC,SG/SF,6100,32.5,33.599999999999994,5.525,31.0,33.519999999999996,35.2258064516129,0.9612718707775076,0.9224190360375131,0.529172073328606,0.9058477999583963,0.8206543840390003,-1.1636869926776778,0.8064818005197935
8,6,Pascal Siakam,33.0,TOR,PF/C,8500,35.0,42.25,4.965,37.0,53.470000000000006,39.96621621621622,1.6870227180941675,1.1539446354992962,0.7491668906425748,2.400995520868063,0.40446824037240775,0.7990412776596382,1.4460688022757953
8,7,Grant Williams,19.8,BOS,SF/PF,3200,21.5,19.6,6.119999999999999,15.0,12.54,28.093333333333337,-0.2133537780587037,-0.09629360159433244,0.1981654307448275,-0.6664930113039985,1.2628521616847534,-0.14306829210227348,-0.15480280939221233
9,0,Russell Westbrook,65.0,HOU,PG,9100,34.5,53.0,5.8,33.0,60.2,55.40909090909091,2.5889674127362587,1.1076395156069394,1.465845947003807,2.905373674337839,1.025031508160987,3.0829432649612425,2.4035419451100926
9,1,James Harden,40.5,HOU,PG/SG,10200,35.5,60.4,5.93,36.0,53.11999999999999,59.56111111111111,3.209840969978256,1.2002497553916527,1.6585345480289502,2.3747648590977164,1.1216461486550173,1.3343308059334515,3.368702637330467
9,2,Jaylen Brown,30.5,BOS,SG/SF,5000,33.5,31.45,6.3,30.0,32.51,35.119166666666665,0.7808829318490897,1.0150292758222264,0.5242230918749721,0.8301536045639722,1.3966262792918729,0.6206114349017003,0.8645616030689344
9,3,Frank Kaminsky,37.0,PHO,PF/C,4000,27.0,25.1,6.275,26.0,25.72,26.065384615384616,0.24810629826980812,0.4130627172215903,0.10405158196775685,0.3212787662192792,1.378046540735329,1.0845290260723386,0.06240072531193794
9,4,Buddy Hield,5.5,SAC,SG/SF,6100,32.5,33.599999999999994,5.525,31.0,33.519999999999996,35.2258064516129,0.9612718707775076,0.9224190360375131,0.529172073328606,0.9058477999583963,0.8206543840390003,-1.1636869926776778,0.8064818005197935
9,5,Royce O'Neale,18.0,UTA,SF,3900,28.5,19.5,4.984999999999999,28.0,17.72,19.848214285714285,-0.22174396126467677,0.5519780768986602,-0.18447732561711416,-0.27827921710289244,0.41933203121764284,-0.27153777888798875,0.02396310778847595
9,6,Lauri Markkanen,23.8,CHI,PF/C,8100,33.0,37.55,4.65,33.0,43.510000000000005,37.55,1.292684107413439,0.9687241559298697,0.6370341697443389,1.6545458316319588,0.17036353455995004,0.14241945631042702,1.1013382059871364
9,7,Josh Hart,36.3,NO,SG/SF,3600,30.0,22.450000000000003,6.25,27.0,30.189999999999998,24.944444444444446,0.02576644331152527,0.69089343657573,0.05203054573429798,0.6562817894005425,1.3594668021787844,1.034568670100116,0.23630242328802925
10,0,Russell Westbrook,65.0,HOU,PG,9100,34.5,53.0,5.8,33.0,60.2,55.40909090909091,2.5889674127362587,1.1076395156069394,1.465845947003807,2.905373674337839,1.025031508160987,3.0829432649612425,2.4035419451100926
10,1,Donovan Mitchell,25.3,UTA,PG/SG,7900,34.0,41.349999999999994,5.225,35.0,47.15,40.168571428571425,1.6115110692404107,1.0613343957145829,0.7585578716305524,1.9273447140435465,0.5976975213604682,0.24947736196518971,1.3637628994784061
10,2,Buddy Hield,5.5,SAC,SG/SF,6100,32.5,33.599999999999994,5.525,31.0,33.519999999999996,35.2258064516129,0.9612718707775076,0.9224190360375131,0.529172073328606,0.9058477999583963,0.8206543840390003,-1.1636869926776778,0.8064818005197935
10,3,OG Anunoby,38.5,TOR,SF/PF,4400,33.0,25.55,5.82,37.0,22.79,22.787837837837838,0.2858621226966863,0.9687241559298697,-0.048054109390071945,0.10169065482753385,1.039895299006223,1.1915869317271013,0.4073659207263034
10,4,Luke Kennard,20.8,DET,SG/SF,4900,28.5,24.65,5.050000000000001,29.0,30.85,24.224999999999998,0.21035047384292963,0.5519780768986602,0.018642282486479225,0.7057453230246219,0.46763935146465896,-0.07169635499909836,0.2352277655456869
10,5,Jaylen Brown,30.5,BOS,SG/SF,5000,33.5,31.45,6.3,30.0,32.51,35.119166666666665,0.7808829318490897,1.0150292758222264,0.5242230918749721,0.8301536045639722,1.3966262792918729,0.6206114349017003,0.8645616030689344
10,6,Montrezl Harrell,43.3,LAC,PF/C,6200,29.5,35.75,5.744999999999999,32.0,31.65,32.95703125,1.1416608097059264,0.6445883166833734,0.42388185353954555,0.7657011213568389,0.9841560833365891,1.5341722298223417,0.6185639247504819
10,7,Tobias Harris,43.8,PHI,SF/PF,6200,36.0,36.7,5.925,38.0,42.779999999999994,34.76842105263158,1.2213675501626695,1.2465548752840094,0.5079455502456608,1.5998361656538098,1.1179302009437084,1.5698581983739293,0.9380364137611469
11,0,Frank Jackson,16.0,NO,PG/SG,3200,22.0,16.75,5.25,14.0,13.169999999999998,26.32142857142857,-0.4524739994289327,-0.049988481701975826,0.11593417147612374,-0.6192778201173776,0.6162772599170128,-0.414281653094339,-0.15480280939221233
11,1,Donovan Mitchell,25.3,UTA,PG/SG,7900,34.0,41.349999999999994,5.225,35.0,47.15,40.168571428571425,1.6115110692404107,1.0613343957145829,0.7585578716305524,1.9273447140435465,0.5976975213604682,0.24947736196518971,1.3637628994784061
11,2,Jayson Tatum,36.3,BOS,SF/PF,6500,35.0,37.05,5.685,36.0,44.31,36.02083333333333,1.2507331913835744,1.1539446354992962,0.5660679963160603,1.7145016299641758,0.9395647108008831,1.034568670100116,0.9380364137611469
11,3,Tobias Harris,43.8,PHI,SF/PF,6200,36.0,36.7,5.925,38.0,42.779999999999994,34.76842105263158,1.2213675501626695,1.2465548752840094,0.5079455502456608,1.5998361656538098,1.1179302009437084,1.5698581983739293,0.9380364137611469
11,4,Russell Westbrook,65.0,HOU,PG,9100,34.5,53.0,5.8,33.0,60.2,55.40909090909091,2.5889674127362587,1.1076395156069394,1.465845947003807,2.905373674337839,1.025031508160987,3.0829432649612425,2.4035419451100926
11,5,Montrezl Harrell,43.3,LAC,PF/C,6200,29.5,35.75,5.744999999999999,32.0,31.65,32.95703125,1.1416608097059264,0.6445883166833734,0.42388185353954555,0.7657011213568389,0.9841560833365891,1.5341722298223417,0.6185639247504819
11,6,Frank Kaminsky,37.0,PHO,PF/C,4000,27.0,25.1,6.275,26.0,25.72,26.065384615384616,0.24810629826980812,0.4130627172215903,0.10405158196775685,0.3212787662192792,1.378046540735329,1.0845290260723386,0.06240072531193794
11,7,Malcolm Brogdon,54.5,IND,PG/SG,6500,33.5,35.8,5.49,36.0,43.8,33.31388888888888,1.1458559013089125,1.0150292758222264,0.44044304444347654,1.676279808527387,0.7946427500598381,2.333537925377904,0.7708751413237952
12,0,James Harden,40.5,HOU,PG/SG,10200,35.5,60.4,5.93,36.0,53.11999999999999,59.56111111111111,3.209840969978256,1.2002497553916527,1.6585345480289502,2.3747648590977164,1.1216461486550173,1.3343308059334515,3.368702637330467
12,1,Nickeil Alexander-Walker,2.8,NO,PG/SG,3600,20.0,18.7,5.21,13.0,16.44,28.76923076923077,-0.28886542691246037,-0.23520896127140228,0.22953274714087718,-0.3742084944344397,0.5865496782265419,-1.3563912228562507,-0.08533841304855493
12,2,Jordan Clarkson,23.0,CLE,PG/SF,3900,19.5,18.05,4.605,18.0,14.01,19.554166666666667,-0.34340161775128436,-0.2815140811637589,-0.19812360419771727,-0.5563242318685494,0.13692000515817038,0.08532190662788687,-0.24113784415368117
12,3,Tobias Harris,43.8,PHI,SF/PF,6200,36.0,36.7,5.925,38.0,42.779999999999994,34.76842105263158,1.2213675501626695,1.2465548752840094,0.5079455502456608,1.5998361656538098,1.1179302009437084,1.5698581983739293,0.9380364137611469
12,4,Jaylen Brown,30.5,BOS,SG/SF,5000,33.5,31.45,6.3,30.0,32.51,35.119166666666665,0.7808829318490897,1.0150292758222264,0.5242230918749721,0.8301536045639722,1.3966262792918729,0.6206114349017003,0.8645616030689344
12,5,Josh Hart,36.3,NO,SG/SF,3600,30.0,22.450000000000003,6.25,27.0,30.189999999999998,24.944444444444446,0.02576644331152527,0.69089343657573,0.05203054573429798,0.6562817894005425,1.3594668021787844,1.034568670100116,0.23630242328802925
12,6,Domantas Sabonis,24.8,IND,PF/C,7500,33.5,41.35,5.5,36.0,45.709999999999994,38.47847222222223,1.611511069240411,1.0150292758222264,0.6801230770438891,1.819424277045555,0.8020746454824557,0.21379139341360215,1.0584680588346005
12,7,Pascal Siakam,33.0,TOR,PF/C,8500,35.0,42.25,4.965,37.0,53.470000000000006,39.96621621621622,1.6870227180941675,1.1539446354992962,0.7491668906425748,2.400995520868063,0.40446824037240775,0.7990412776596382,1.4460688022757953
13,0,Malcolm Brogdon,54.5,IND,PG/SG,6500,33.5,35.8,5.49,36.0,43.8,33.31388888888888,1.1458559013089125,1.0150292758222264,0.44044304444347654,1.676279808527387,0.7946427500598381,2.333537925377904,0.7708751413237952
13,1,Josh Hart,36.3,NO,SG/SF,3600,30.0,22.450000000000003,6.25,27.0,30.189999999999998,24.944444444444446,0.02576644331152527,0.69089343657573,0.05203054573429798,0.6562817894005425,1.3594668021787844,1.034568670100116,0.23630242328802925
13,2,Ben Simmons,46.0,PHI,PG/SF,8600,35.5,45.599999999999994,5.3149999999999995,35.0,45.519999999999996,46.25142857142857,1.9680938554942606,1.2002497553916527,1.040853519547354,1.8051847749416536,0.6645845801640275,1.7268764600009148,1.1127275169752224
13,3,Grant Williams,19.8,BOS,SF/PF,3200,21.5,19.6,6.119999999999999,15.0,12.54,28.093333333333337,-0.2133537780587037,-0.09629360159433244,0.1981654307448275,-0.6664930113039985,1.2628521616847534,-0.14306829210227348,-0.15480280939221233
13,4,RJ Barrett,38.8,NY,PG/SG,6300,35.0,31.75,5.029999999999999,36.0,33.55,30.868055555555554,0.8060534814670086,1.1539446354992962,0.3269358406222248,0.9080961423958546,0.45277556061942253,1.2129985128580536,1.0309232677215028
13,5,John Collins,32.5,ATL,PF/C,7400,32.5,38.7,5.234999999999999,30.0,39.739999999999995,41.925000000000004,1.3891712142821284,0.9224190360375131,0.8400709057108035,1.3720041319913847,0.6051294167830857,0.7633553091080506,1.1013382059871364
13,6,Pascal Siakam,33.0,TOR,PF/C,8500,35.0,42.25,4.965,37.0,53.470000000000006,39.96621621621622,1.6870227180941675,1.1539446354992962,0.7491668906425748,2.400995520868063,0.40446824037240775,0.7990412776596382,1.4460688022757953
13,7,Josh Richardson,22.8,PHI,PG/SG,4900,34.0,28.05,5.705,33.0,31.610000000000003,28.9,0.49561670284600984,1.0613343957145829,0.23560153749064391,0.7627033314402284,0.9544285016461189,0.0710475192072519,0.8538370566637097
14,0,Russell Westbrook,65.0,HOU,PG,9100,34.5,53.0,5.8,33.0,60.2,55.40909090909091,2.5889674127362587,1.1076395156069394,1.465845947003807,2.905373674337839,1.025031508160987,3.0829432649612425,2.4035419451100926
14,1,James Harden,40.5,HOU,PG/SG,10200,35.5,60.4,5.93,36.0,53.11999999999999,59.56111111111111,3.209840969978256,1.2002497553916527,1.6585345480289502,2.3747648590977164,1.1216461486550173,1.3343308059334515,3.368702637330467
14,2,Josh Hart,36.3,NO,SG/SF,3600,30.0,22.450000000000003,6.25,27.0,30.189999999999998,24.944444444444446,0.02576644331152527,0.69089343657573,0.05203054573429798,0.6562817894005425,1.3594668021787844,1.034568670100116,0.23630242328802925
14,3,Tobias Harris,43.8,PHI,SF/PF,6200,36.0,36.7,5.925,38.0,42.779999999999994,34.76842105263158,1.2213675501626695,1.2465548752840094,0.5079455502456608,1.5998361656538098,1.1179302009437084,1.5698581983739293,0.9380364137611469
14,4,Donovan Mitchell,25.3,UTA,PG/SG,7900,34.0,41.349999999999994,5.225,35.0,47.15,40.168571428571425,1.6115110692404107,1.0613343957145829,0.7585578716305524,1.9273447140435465,0.5976975213604682,0.24947736196518971,1.3637628994784061
14,5,Davis Bertans,31.5,WAS,SF/PF,3500,27.0,20.3,5.805,28.0,18.779999999999998,19.575,-0.15462249561689317,0.4130627172215903,-0.197156762597877,-0.1988377843127048,1.0287474558722958,0.6919833720048755,-0.019563225040854077
14,6,Luke Kornet,12.0,CHI,PF/C,3200,0.0,3.0,0.94,8.0,5.619999999999999,0.0,-1.6061241902502121,-2.0874137569656668,-1.1056011298078285,-1.185110666877677,-2.5868696672312232,-0.6997694015070396,-0.6831165592455735
14,7,Frank Kaminsky,37.0,PHO,PF/C,4000,27.0,25.1,6.275,26.0,25.72,26.065384615384616,0.24810629826980812,0.4130627172215903,0.10405158196775685,0.3212787662192792,1.378046540735329,1.0845290260723386,0.06240072531193794
15,0,James Harden,40.5,HOU,PG/SG,10200,35.5,60.4,5.93,36.0,53.11999999999999,59.56111111111111,3.209840969978256,1.2002497553916527,1.6585345480289502,2.3747648590977164,1.1216461486550173,1.3343308059334515,3.368702637330467
15,1,Buddy Hield,5.5,SAC,SG/SF,6100,32.5,33.599999999999994,5.525,31.0,33.519999999999996,35.2258064516129,0.9612718707775076,0.9224190360375131,0.529172073328606,0.9058477999583963,0.8206543840390003,-1.1636869926776778,0.8064818005197935
15,2,Eric Gordon,20.0,HOU,SG/SF,4600,29.5,23.35,5.07,28.0,15.310000000000002,24.60089285714286,0.10127809216528164,0.6445883166833734,0.03608686735216954,-0.4588960595786964,0.4825031423098941,-0.1287939046816385,0.18013489844719346
15,3,Frank Kaminsky,37.0,PHO,PF/C,4000,27.0,25.1,6.275,26.0,25.72,26.065384615384616,0.24810629826980812,0.4130627172215903,0.10405158196775685,0.3212787662192792,1.378046540735329,1.0845290260723386,0.06240072531193794
15,4,Josh Hart,36.3,NO,SG/SF,3600,30.0,22.450000000000003,6.25,27.0,30.189999999999998,24.944444444444446,0.02576644331152527,0.69089343657573,0.05203054573429798,0.6562817894005425,1.3594668021787844,1.034568670100116,0.23630242328802925
15,5,Tobias Harris,43.8,PHI,SF/PF,6200,36.0,36.7,5.925,38.0,42.779999999999994,34.76842105263158,1.2213675501626695,1.2465548752840094,0.5079455502456608,1.5998361656538098,1.1179302009437084,1.5698581983739293,0.9380364137611469
15,6,Montrezl Harrell,43.3,LAC,PF/C,6200,29.5,35.75,5.744999999999999,32.0,31.65,32.95703125,1.1416608097059264,0.6445883166833734,0.42388185353954555,0.7657011213568389,0.9841560833365891,1.5341722298223417,0.6185639247504819
15,7,Evan Fournier,31.3,ORL,SG/SF,5000,30.0,24.65,4.949999999999999,28.0,28.369999999999997,26.410714285714285,0.21035047384292963,0.69089343657573,0.12007777833258224,0.5198823481947484,0.3933203972384807,0.6777089845842404,0.23825519842462617
16,0,Russell Westbrook,65.0,HOU,PG,9100,34.5,53.0,5.8,33.0,60.2,55.40909090909091,2.5889674127362587,1.1076395156069394,1.465845947003807,2.905373674337839,1.025031508160987,3.0829432649612425,2.4035419451100926
16,1,Terrence Ross,14.5,ORL,SG/SF,4400,21.0,20.4,4.635,20.0,19.68,21.42,-0.14623231241092038,-0.14259872148668906,-0.1115332705160194,-0.1313875111889603,0.15921569142602304,-0.5213395587491018,-0.11286784776883212
16,2,Davis Bertans,31.5,WAS,SF/PF,3500,27.0,20.3,5.805,28.0,18.779999999999998,19.575,-0.15462249561689317,0.4130627172215903,-0.197156762597877,-0.1988377843127048,1.0287474558722958,0.6919833720048755,-0.019563225040854077
16,3,Pascal Siakam,33.0,TOR,PF/C,8500,35.0,42.25,4.965,37.0,53.470000000000006,39.96621621621622,1.6870227180941675,1.1539446354992962,0.7491668906425748,2.400995520868063,0.40446824037240775,0.7990412776596382,1.4460688022757953
16,4,Dejounte Murray,44.5,SA,PG,5700,26.0,26.8,4.725,24.0,38.56,29.033333333333335,0.39073941277134805,0.3204524774368771,0.24178932372962203,1.2835693294513648,0.2261027502295824,1.619818554346152,0.0644517809854021
16,5,Tony Snell,17.8,DET,SG/SF,3400,30.0,18.75,5.495,33.0,17.35,17.045454545454547,-0.28467033530947383,0.69089343657573,-0.314548911756669,-0.3060087738315427,0.7983586977711469,-0.2858121663086237,0.02396310778847595
16,6,Domantas Sabonis,24.8,IND,PF/C,7500,33.5,41.35,5.5,36.0,45.709999999999994,38.47847222222223,1.611511069240411,1.0150292758222264,0.6801230770438891,1.819424277045555,0.8020746454824557,0.21379139341360215,1.0584680588346005
16,7,Tobias Harris,43.8,PHI,SF/PF,6200,36.0,36.7,5.925,38.0,42.779999999999994,34.76842105263158,1.2213675501626695,1.2465548752840094,0.5079455502456608,1.5998361656538098,1.1179302009437084,1.5698581983739293,0.9380364137611469
17,0,Russell Westbrook,65.0,HOU,PG,9100,34.5,53.0,5.8,33.0,60.2,55.40909090909091,2.5889674127362587,1.1076395156069394,1.465845947003807,2.905373674337839,1.025031508160987,3.0829432649612425,2.4035419451100926
17,1,Donovan Mitchell,25.3,UTA,PG/SG,7900,34.0,41.349999999999994,5.225,35.0,47.15,40.168571428571425,1.6115110692404107,1.0613343957145829,0.7585578716305524,1.9273447140435465,0.5976975213604682,0.24947736196518971,1.3637628994784061
17,2,Shaquille Harrison,11.0,CHI,PG/SF,3000,0.0,5.0,1.665,4.0,4.4399999999999995,0.0,-1.4383205261307535,-2.0874137569656668,-1.1056011298078285,-1.273545469417697,-2.0480572490914386,-0.7711413386102147,-0.6693797026713874
17,3,OG Anunoby,38.5,TOR,SF/PF,4400,33.0,25.55,5.82,37.0,22.79,22.787837837837838,0.2858621226966863,0.9687241559298697,-0.048054109390071945,0.10169065482753385,1.039895299006223,1.1915869317271013,0.4073659207263034
17,4,Luke Kennard,20.8,DET,SG/SF,4900,28.5,24.65,5.050000000000001,29.0,30.85,24.224999999999998,0.21035047384292963,0.5519780768986602,0.018642282486479225,0.7057453230246219,0.46763935146465896,-0.07169635499909836,0.2352277655456869
17,5,Pascal Siakam,33.0,TOR,PF/C,8500,35.0,42.25,4.965,37.0,53.470000000000006,39.96621621621622,1.6870227180941675,1.1539446354992962,0.7491668906425748,2.400995520868063,0.40446824037240775,0.7990412776596382,1.4460688022757953
17,6,Frank Kaminsky,37.0,PHO,PF/C,4000,27.0,25.1,6.275,26.0,25.72,26.065384615384616,0.24810629826980812,0.4130627172215903,0.10405158196775685,0.3212787662192792,1.378046540735329,1.0845290260723386,0.06240072531193794
17,7,Domantas Sabonis,24.8,IND,PF/C,7500,33.5,41.35,5.5,36.0,45.709999999999994,38.47847222222223,1.611511069240411,1.0150292758222264,0.6801230770438891,1.819424277045555,0.8020746454824557,0.21379139341360215,1.0584680588346005
18,0,Mike Conley,27.8,UTA,PG,7400,31.0,35.599999999999994,4.8149999999999995,29.0,20.94,38.055172413793095,1.1290755348969663,0.7835036763604432,0.6604784115721904,-0.03695712881571817,0.29298980903314176,0.42790720472312754,0.909134311096691
18,1,James Harden,40.5,HOU,PG/SG,10200,35.5,60.4,5.93,36.0,53.11999999999999,59.56111111111111,3.209840969978256,1.2002497553916527,1.6585345480289502,2.3747648590977164,1.1216461486550173,1.3343308059334515,3.368702637330467
18,2,Jayson Tatum,36.3,BOS,SF/PF,6500,35.0,37.05,5.685,36.0,44.31,36.02083333333333,1.2507331913835744,1.1539446354992962,0.5660679963160603,1.7145016299641758,0.9395647108008831,1.034568670100116,0.9380364137611469
18,3,Grant Williams,19.8,BOS,SF/PF,3200,21.5,19.6,6.119999999999999,15.0,12.54,28.093333333333337,-0.2133537780587037,-0.09629360159433244,0.1981654307448275,-0.6664930113039985,1.2628521616847534,-0.14306829210227348,-0.15480280939221233
18,4,Dejounte Murray,44.5,SA,PG,5700,26.0,26.8,4.725,24.0,38.56,29.033333333333335,0.39073941277134805,0.3204524774368771,0.24178932372962203,1.2835693294513648,0.2261027502295824,1.619818554346152,0.0644517809854021
18,5,Montrezl Harrell,43.3,LAC,PF/C,6200,29.5,35.75,5.744999999999999,32.0,31.65,32.95703125,1.1416608097059264,0.6445883166833734,0.42388185353954555,0.7657011213568389,0.9841560833365891,1.5341722298223417,0.6185639247504819
18,6,Frank Kaminsky,37.0,PHO,PF/C,4000,27.0,25.1,6.275,26.0,25.72,26.065384615384616,0.24810629826980812,0.4130627172215903,0.10405158196775685,0.3212787662192792,1.378046540735329,1.0845290260723386,0.06240072531193794
18,7,Frank Jackson,16.0,NO,PG/SG,3200,22.0,16.75,5.25,14.0,13.169999999999998,26.32142857142857,-0.4524739994289327,-0.049988481701975826,0.11593417147612374,-0.6192778201173776,0.6162772599170128,-0.414281653094339,-0.15480280939221233
19,0,Malcolm Brogdon,54.5,IND,PG/SG,6500,33.5,35.8,5.49,36.0,43.8,33.31388888888888,1.1458559013089125,1.0150292758222264,0.44044304444347654,1.676279808527387,0.7946427500598381,2.333537925377904,0.7708751413237952
19,1,Josh Richardson,22.8,PHI,PG/SG,4900,34.0,28.05,5.705,33.0,31.610000000000003,28.9,0.49561670284600984,1.0613343957145829,0.23560153749064391,0.7627033314402284,0.9544285016461189,0.0710475192072519,0.8538370566637097
19,2,Buddy Hield,5.5,SAC,SG/SF,6100,32.5,33.599999999999994,5.525,31.0,33.519999999999996,35.2258064516129,0.9612718707775076,0.9224190360375131,0.529172073328606,0.9058477999583963,0.8206543840390003,-1.1636869926776778,0.8064818005197935
19,3,Lauri Markkanen,23.8,CHI,PF/C,8100,33.0,37.55,4.65,33.0,43.510000000000005,37.55,1.292684107413439,0.9687241559298697,0.6370341697443389,1.6545458316319588,0.17036353455995004,0.14241945631042702,1.1013382059871364
19,4,Donovan Mitchell,25.3,UTA,PG/SG,7900,34.0,41.349999999999994,5.225,35.0,47.15,40.168571428571425,1.6115110692404107,1.0613343957145829,0.7585578716305524,1.9273447140435465,0.5976975213604682,0.24947736196518971,1.3637628994784061
19,5,Josh Hart,36.3,NO,SG/SF,3600,30.0,22.450000000000003,6.25,27.0,30.189999999999998,24.944444444444446,0.02576644331152527,0.69089343657573,0.05203054573429798,0.6562817894005425,1.3594668021787844,1.034568670100116,0.23630242328802925
19,6,Domantas Sabonis,24.8,IND,PF/C,7500,33.5,41.35,5.5,36.0,45.709999999999994,38.47847222222223,1.611511069240411,1.0150292758222264,0.6801230770438891,1.819424277045555,0.8020746454824557,0.21379139341360215,1.0584680588346005
19,7,Kenrich Williams,16.8,NO,SF/PF,3200,17.0,13.65,4.27,20.0,18.330000000000002,11.6025,-0.7125696788140938,-0.513039680625542,-0.5671477060247653,-0.2325629208745766,-0.11204849149952376,-0.35718410341179885,-0.21627116273772004
20,0,D.J. Augustin,22.0,ORL,PG,4900,26.0,22.65,4.645,25.0,21.169999999999998,23.555999999999997,0.042546809723470795,0.3204524774368771,-0.012404934967592703,-0.01971983679520597,0.16664758684864062,0.013949969524711748,0.06240072531193794
20,1,Jaylen Brown,30.5,BOS,SG/SF,5000,33.5,31.45,6.3,30.0,32.51,35.119166666666665,0.7808829318490897,1.0150292758222264,0.5242230918749721,0.8301536045639722,1.3966262792918729,0.6206114349017003,0.8645616030689344
20,2,JaMychal Green,17.8,LAC,SF/PF,3800,19.0,19.2,5.0649999999999995,18.0,16.720000000000002,20.266666666666666,-0.24691451088259564,-0.3278192010561155,-0.16505762148317885,-0.3532239650181636,0.47878719459858465,-0.2858121663086237,-0.20549214128122753
20,3,Tobias Harris,43.8,PHI,SF/PF,6200,36.0,36.7,5.925,38.0,42.779999999999994,34.76842105263158,1.2213675501626695,1.2465548752840094,0.5079455502456608,1.5998361656538098,1.1179302009437084,1.5698581983739293,0.9380364137611469
20,4,Josh Hart,36.3,NO,SG/SF,3600,30.0,22.450000000000003,6.25,27.0,30.189999999999998,24.944444444444446,0.02576644331152527,0.69089343657573,0.05203054573429798,0.6562817894005425,1.3594668021787844,1.034568670100116,0.23630242328802925
20,5,Frank Kaminsky,37.0,PHO,PF/C,4000,27.0,25.1,6.275,26.0,25.72,26.065384615384616,0.24810629826980812,0.4130627172215903,0.10405158196775685,0.3212787662192792,1.378046540735329,1.0845290260723386,0.06240072531193794
20,6,Domantas Sabonis,24.8,IND,PF/C,7500,33.5,41.35,5.5,36.0,45.709999999999994,38.47847222222223,1.611511069240411,1.0150292758222264,0.6801230770438891,1.819424277045555,0.8020746454824557,0.21379139341360215,1.0584680588346005
20,7,Russell Westbrook,65.0,HOU,PG,9100,34.5,53.0,5.8,33.0,60.2,55.40909090909091,2.5889674127362587,1.1076395156069394,1.465845947003807,2.905373674337839,1.025031508160987,3.0829432649612425,2.4035419451100926
21,0,Lou Williams,27.5,LAC,PG/SG,6800,30.5,36.85,5.4350000000000005,33.0,39.19,34.05833333333334,1.2339528249716287,0.7371985564680866,0.4749915176111039,1.3307845206379856,0.7537673252354409,0.40649562359217495,0.5416220125021525
21,1,Jaylen Brown,30.5,BOS,SG/SF,5000,33.5,31.45,6.3,30.0,32.51,35.119166666666665,0.7808829318490897,1.0150292758222264,0.5242230918749721,0.8301536045639722,1.3966262792918729,0.6206114349017003,0.8645616030689344
21,2,Terrence Ross,14.5,ORL,SG/SF,4400,21.0,20.4,4.635,20.0,19.68,21.42,-0.14623231241092038,-0.14259872148668906,-0.1115332705160194,-0.1313875111889603,0.15921569142602304,-0.5213395587491018,-0.11286784776883212
21,3,Grant Williams,19.8,BOS,SF/PF,3200,21.5,19.6,6.119999999999999,15.0,12.54,28.093333333333337,-0.2133537780587037,-0.09629360159433244,0.1981654307448275,-0.6664930113039985,1.2628521616847534,-0.14306829210227348,-0.15480280939221233
21,4,Langston Galloway,15.0,DET,PG/SG,3200,20.5,14.100000000000001,4.375,23.0,16.339999999999996,12.567391304347826,-0.6748138543872155,-0.18890384137904567,-0.522368647511118,-0.38170296922596725,-0.03401358956203742,-0.48565359019751414,-0.256357404462555
21,5,Tobias Harris,43.8,PHI,SF/PF,6200,36.0,36.7,5.925,38.0,42.779999999999994,34.76842105263158,1.2213675501626695,1.2465548752840094,0.5079455502456608,1.5998361656538098,1.1179302009437084,1.5698581983739293,0.9380364137611469
21,6,Frank Kaminsky,37.0,PHO,PF/C,4000,27.0,25.1,6.275,26.0,25.72,26.065384615384616,0.24810629826980812,0.4130627172215903,0.10405158196775685,0.3212787662192792,1.378046540735329,1.0845290260723386,0.06240072531193794
21,7,James Harden,40.5,HOU,PG/SG,10200,35.5,60.4,5.93,36.0,53.11999999999999,59.56111111111111,3.209840969978256,1.2002497553916527,1.6585345480289502,2.3747648590977164,1.1216461486550173,1.3343308059334515,3.368702637330467
22,0,Russell Westbrook,65.0,HOU,PG,9100,34.5,53.0,5.8,33.0,60.2,55.40909090909091,2.5889674127362587,1.1076395156069394,1.465845947003807,2.905373674337839,1.025031508160987,3.0829432649612425,2.4035419451100926
22,1,Donovan Mitchell,25.3,UTA,PG/SG,7900,34.0,41.349999999999994,5.225,35.0,47.15,40.168571428571425,1.6115110692404107,1.0613343957145829,0.7585578716305524,1.9273447140435465,0.5976975213604682,0.24947736196518971,1.3637628994784061
22,2,Jaylen Brown,30.5,BOS,SG/SF,5000,33.5,31.45,6.3,30.0,32.51,35.119166666666665,0.7808829318490897,1.0150292758222264,0.5242230918749721,0.8301536045639722,1.3966262792918729,0.6206114349017003,0.8645616030689344
22,3,Luke Kornet,12.0,CHI,PF/C,3200,0.0,3.0,0.94,8.0,5.619999999999999,0.0,-1.6061241902502121,-2.0874137569656668,-1.1056011298078285,-1.185110666877677,-2.5868696672312232,-0.6997694015070396,-0.6831165592455735
22,4,James Harden,40.5,HOU,PG/SG,10200,35.5,60.4,5.93,36.0,53.11999999999999,59.56111111111111,3.209840969978256,1.2002497553916527,1.6585345480289502,2.3747648590977164,1.1216461486550173,1.3343308059334515,3.368702637330467
22,5,Vince Carter,8.0,ATL,SF/PF,3100,0.0,3.5,1.13,10.0,1.5,0.0,-1.5641732742203476,-2.0874137569656668,-1.1056011298078285,-1.4938830282885953,-2.4456636542014865,-0.98525714991974,-0.548764341083925
22,6,Jahlil Okafor,17.3,NO,C,3100,0.0,4.9,1.575,10.0,8.9,0.0,-1.4467107093367264,-2.0874137569656668,-1.1056011298078285,-0.9392918937155865,-2.114944307894998,-0.3214981348602113,-0.5734270568398032
22,7,Domantas Sabonis,24.8,IND,PF/C,7500,33.5,41.35,5.5,36.0,45.709999999999994,38.47847222222223,1.611511069240411,1.0150292758222264,0.6801230770438891,1.819424277045555,0.8020746454824557,0.21379139341360215,1.0584680588346005
23,0,Josh Richardson,22.8,PHI,PG/SG,4900,34.0,28.05,5.705,33.0,31.610000000000003,28.9,0.49561670284600984,1.0613343957145829,0.23560153749064391,0.7627033314402284,0.9544285016461189,0.0710475192072519,0.8538370566637097
23,1,Malcolm Brogdon,54.5,IND,PG/SG,6500,33.5,35.8,5.49,36.0,43.8,33.31388888888888,1.1458559013089125,1.0150292758222264,0.44044304444347654,1.676279808527387,0.7946427500598381,2.333537925377904,0.7708751413237952
23,2,Evan Fournier,31.3,ORL,SG/SF,5000,30.0,24.65,4.949999999999999,28.0,28.369999999999997,26.410714285714285,0.21035047384292963,0.69089343657573,0.12007777833258224,0.5198823481947484,0.3933203972384807,0.6777089845842404,0.23825519842462617
23,3,Tobias Harris,43.8,PHI,SF/PF,6200,36.0,36.7,5.925,38.0,42.779999999999994,34.76842105263158,1.2213675501626695,1.2465548752840094,0.5079455502456608,1.5998361656538098,1.1179302009437084,1.5698581983739293,0.9380364137611469
23,4,Donovan Mitchell,25.3,UTA,PG/SG,7900,34.0,41.349999999999994,5.225,35.0,47.15,40.168571428571425,1.6115110692404107,1.0613343957145829,0.7585578716305524,1.9273447140435465,0.5976975213604682,0.24947736196518971,1.3637628994784061
23,5,Kevin Huerter,21.0,ATL,SG/SF,3900,19.5,15.7,4.0,14.0,11.940000000000001,21.867857142857144,-0.5405709230916486,-0.2815140811637589,-0.09074893852402383,-0.7114598600531612,-0.31270966791020177,-0.05742196757846338,-0.44043346952447676
23,6,Frank Kaminsky,37.0,PHO,PF/C,4000,27.0,25.1,6.275,26.0,25.72,26.065384615384616,0.24810629826980812,0.4130627172215903,0.10405158196775685,0.3212787662192792,1.378046540735329,1.0845290260723386,0.06240072531193794
23,7,Derrick Rose,46.8,DET,PG/SG,4900,28.0,28.45,5.805,26.0,30.99,30.638461538461534,0.5291774356699015,0.5056729570063035,0.31628075037577946,0.7162375877327597,1.0287474558722958,1.7839740096834547,0.2756978478691099
24,0,Shaquille Harrison,11.0,CHI,PG/SF,3000,0.0,5.0,1.665,4.0,4.4399999999999995,0.0,-1.4383205261307535,-2.0874137569656668,-1.1056011298078285,-1.273545469417697,-2.0480572490914386,-0.7711413386102147,-0.6693797026713874
24,1,Donovan Mitchell,25.3,UTA,PG/SG,7900,34.0,41.349999999999994,5.225,35.0,47.15,40.168571428571425,1.6115110692404107,1.0613343957145829,0.7585578716305524,1.9273447140435465,0.5976975213604682,0.24947736196518971,1.3637628994784061
24,2,Tobias Harris,43.8,PHI,SF/PF,6200,36.0,36.7,5.925,38.0,42.779999999999994,34.76842105263158,1.2213675501626695,1.2465548752840094,0.5079455502456608,1.5998361656538098,1.1179302009437084,1.5698581983739293,0.9380364137611469
24,3,Domantas Sabonis,24.8,IND,PF/C,7500,33.5,41.35,5.5,36.0,45.709999999999994,38.47847222222223,1.611511069240411,1.0150292758222264,0.6801230770438891,1.819424277045555,0.8020746454824557,0.21379139341360215,1.0584680588346005
24,4,Allonzo Trier,4.3,NY,PG/SG,3400,17.0,11.8,3.455,15.0,15.059999999999999,13.373333333333335,-0.8677880681245932,-0.513039680625542,-0.4849661700383392,-0.4776322465575145,-0.7177479684428673,-1.249333317201488,-0.6311703505506578
24,5,Buddy Hield,5.5,SAC,SG/SF,6100,32.5,33.599999999999994,5.525,31.0,33.519999999999996,35.2258064516129,0.9612718707775076,0.9224190360375131,0.529172073328606,0.9058477999583963,0.8206543840390003,-1.1636869926776778,0.8064818005197935
24,6,Frank Kaminsky,37.0,PHO,PF/C,4000,27.0,25.1,6.275,26.0,25.72,26.065384615384616,0.24810629826980812,0.4130627172215903,0.10405158196775685,0.3212787662192792,1.378046540735329,1.0845290260723386,0.06240072531193794
24,7,Montrezl Harrell,43.3,LAC,PF/C,6200,29.5,35.75,5.744999999999999,32.0,31.65,32.95703125,1.1416608097059264,0.6445883166833734,0.42388185353954555,0.7657011213568389,0.9841560833365891,1.5341722298223417,0.6185639247504819
25,0,Derrick Rose,46.8,DET,PG/SG,4900,28.0,28.45,5.805,26.0,30.99,30.638461538461534,0.5291774356699015,0.5056729570063035,0.31628075037577946,0.7162375877327597,1.0287474558722958,1.7839740096834547,0.2756978478691099
25,1,Josh Hart,36.3,NO,SG/SF,3600,30.0,22.450000000000003,6.25,27.0,30.189999999999998,24.944444444444446,0.02576644331152527,0.69089343657573,0.05203054573429798,0.6562817894005425,1.3594668021787844,1.034568670100116,0.23630242328802925
25,2,Davis Bertans,31.5,WAS,SF/PF,3500,27.0,20.3,5.805,28.0,18.779999999999998,19.575,-0.15462249561689317,0.4130627172215903,-0.197156762597877,-0.1988377843127048,1.0287474558722958,0.6919833720048755,-0.019563225040854077
25,3,Pascal Siakam,33.0,TOR,PF/C,8500,35.0,42.25,4.965,37.0,53.470000000000006,39.96621621621622,1.6870227180941675,1.1539446354992962,0.7491668906425748,2.400995520868063,0.40446824037240775,0.7990412776596382,1.4460688022757953
25,4,Buddy Hield,5.5,SAC,SG/SF,6100,32.5,33.599999999999994,5.525,31.0,33.519999999999996,35.2258064516129,0.9612718707775076,0.9224190360375131,0.529172073328606,0.9058477999583963,0.8206543840390003,-1.1636869926776778,0.8064818005197935
25,5,Tobias Harris,43.8,PHI,SF/PF,6200,36.0,36.7,5.925,38.0,42.779999999999994,34.76842105263158,1.2213675501626695,1.2465548752840094,0.5079455502456608,1.5998361656538098,1.1179302009437084,1.5698581983739293,0.9380364137611469
25,6,Clint Capela,30.5,HOU,C,7600,32.5,41.55,5.465,31.0,38.31,43.560483870967744,1.6282914356523568,0.9224190360375131,0.9159710901421378,1.264833142472547,0.7760630115032936,0.6206114349017003,1.2265634398512764
25,7,Jahlil Okafor,17.3,NO,C,3100,0.0,4.9,1.575,10.0,8.9,0.0,-1.4467107093367264,-2.0874137569656668,-1.1056011298078285,-0.9392918937155865,-2.114944307894998,-0.3214981348602113,-0.5734270568398032
26,0,Langston Galloway,15.0,DET,PG/SG,3200,20.5,14.100000000000001,4.375,23.0,16.339999999999996,12.567391304347826,-0.6748138543872155,-0.18890384137904567,-0.522368647511118,-0.38170296922596725,-0.03401358956203742,-0.48565359019751414,-0.256357404462555
26,1,Lou Williams,27.5,LAC,PG/SG,6800,30.5,36.85,5.4350000000000005,33.0,39.19,34.05833333333334,1.2339528249716287,0.7371985564680866,0.4749915176111039,1.3307845206379856,0.7537673252354409,0.40649562359217495,0.5416220125021525
26,2,Evan Fournier,31.3,ORL,SG/SF,5000,30.0,24.65,4.949999999999999,28.0,28.369999999999997,26.410714285714285,0.21035047384292963,0.69089343657573,0.12007777833258224,0.5198823481947484,0.3933203972384807,0.6777089845842404,0.23825519842462617
26,3,Cedi Osman,1.8,CLE,SF/PF,5000,30.5,23.6,4.7,29.0,24.160000000000004,24.820689655172416,0.12225355018021399,0.7371985564680866,0.046287284368809814,0.20436495947145608,0.2075230116730385,-1.4277631599594258,0.22852572750528197
26,4,Bryn Forbes,26.0,SA,PG/SG,4100,29.0,20.2,4.9399999999999995,33.0,27.48,17.75151515151515,-0.1630126788228662,0.5982831967910167,-0.2817817709911722,0.45318152255015703,0.3858885018158632,0.29943771793741225,0.05679294232619219
26,5,Brandon Ingram,63.3,NO,SF/PF,6900,32.5,33.65,4.855,33.0,41.85,33.14015151515151,0.9654669623804945,0.9224190360375131,0.4323801714654143,1.530137550092608,0.3227173907236133,2.9616109718858445,0.8064818005197935
26,6,Nikola Vucevic,34.5,ORL,C,8300,32.0,45.55,5.465,34.0,40.15,42.870588235294115,1.9638987638912744,0.8761139161451564,0.8839541397364961,1.4027314786366463,0.7760630115032936,0.9060991833144009,1.4082877013807649
26,7,Kris Dunn,10.3,CHI,PG/SG,3900,23.5,20.6,5.265000000000001,25.0,23.54,19.364,-0.12945194599897428,0.088926877975094,-0.20694893432105957,0.15789921576398744,0.6274251030509398,-0.8211016945824372,-0.11286784776883212
27,0,James Harden,40.5,HOU,PG/SG,10200,35.5,60.4,5.93,36.0,53.11999999999999,59.56111111111111,3.209840969978256,1.2002497553916527,1.6585345480289502,2.3747648590977164,1.1216461486550173,1.3343308059334515,3.368702637330467
27,1,Marco Belinelli,7.8,SA,SG/SF,3200,17.5,11.100000000000001,3.4450000000000003,18.0,6.459999999999999,10.791666666666668,-0.9265193505664038,-0.46673456073318537,-0.6047771810905499,-1.122157078628849,-0.7251798638654848,-0.999531537340375,-0.6368089420642911
27,2,Kevin Huerter,21.0,ATL,SG/SF,3900,19.5,15.7,4.0,14.0,11.940000000000001,21.867857142857144,-0.5405709230916486,-0.2815140811637589,-0.09074893852402383,-0.7114598600531612,-0.31270966791020177,-0.05742196757846338,-0.44043346952447676
27,3,Aaron Gordon,26.8,ORL,SF/PF,6400,32.5,34.05,5.305,29.0,24.41,38.15948275862068,0.9990276952043861,0.9224190360375131,0.6653192874444944,0.22310114645027368,0.65715268474141,0.3565352676199524,0.8064818005197935
27,4,Shaquille Harrison,11.0,CHI,PG/SF,3000,0.0,5.0,1.665,4.0,4.4399999999999995,0.0,-1.4383205261307535,-2.0874137569656668,-1.1056011298078285,-1.273545469417697,-2.0480572490914386,-0.7711413386102147,-0.6693797026713874
27,5,Davis Bertans,31.5,WAS,SF/PF,3500,27.0,20.3,5.805,28.0,18.779999999999998,19.575,-0.15462249561689317,0.4130627172215903,-0.197156762597877,-0.1988377843127048,1.0287474558722958,0.6919833720048755,-0.019563225040854077
27,6,Frank Kaminsky,37.0,PHO,PF/C,4000,27.0,25.1,6.275,26.0,25.72,26.065384615384616,0.24810629826980812,0.4130627172215903,0.10405158196775685,0.3212787662192792,1.378046540735329,1.0845290260723386,0.06240072531193794
27,7,Buddy Hield,5.5,SAC,SG/SF,6100,32.5,33.599999999999994,5.525,31.0,33.519999999999996,35.2258064516129,0.9612718707775076,0.9224190360375131,0.529172073328606,0.9058477999583963,0.8206543840390003,-1.1636869926776778,0.8064818005197935
