Lineup Num,,Player Name,Actual FP,team,Pos,Salary,DFN_MinProj,Avg Proj,Avg Value Proj,Avg Skewed Min,Avg Skewed FP,Proj Min Enhanced,Avg Proj Stan,DFN_MinProj Stan,Proj Min Enhanced Stan,Avg Skewed FP Stan,Avg Value Proj Stan,Actual FP Stan,predictions
0,0,James Harden,74.5,HOU,PG/SG,11200,35.5,61.099999999999994,5.46,34.0,58.08,63.79558823529411,3.17780760321269,1.2235679480462696,2.952931864626417,3.0825329949139935,0.716182741244755,3.2689852992894957,2.8574627800097154
0,1,Lou Williams,58.5,LAC,PG/SG,6500,32.0,39.25,6.05,31.0,32.769999999999996,40.516129032258064,1.3709834643299725,0.8660010040055636,1.2430314942813119,0.9230936858734548,1.1699395282930019,2.2446474064748423,0.6785931843018916
0,2,Damion Lee,25.5,GS,SG/SF,4300,27.5,25.15,5.855,24.0,22.45,28.817708333333332,0.20502372253380213,0.40627207595322745,0.383770387264896,0.04259531885257935,1.0199690647770563,0.13195050254462015,0.20907238381408144
0,3,Markieff Morris,39.0,DET,SF/PF,3800,31.0,25.95,6.855,26.333333333333332,19.59,30.54873417721519,0.27117746674918775,0.7638390199939333,0.5109160269344172,-0.2014187634807253,1.789048364858831,0.9962355996069838,0.2982253110065796
0,4,Malcolm Brogdon,38.3,IND,PG/SG,8100,34.5,45.9,5.675000000000001,34.333333333333336,47.2,46.12281553398058,1.9208864631203648,1.1214059640346392,1.6548484201854123,2.154255646736947,0.8815347907623371,0.9514208167963426,1.4162824912487726
0,5,T.J. Warren,31.0,IND,SF/PF,5800,34.5,31.75,5.475,37.0,28.910000000000004,29.60472972972973,0.7507921123107331,1.1214059640346392,0.4415779233176328,0.5937599943327015,0.7277189307459814,0.4840666531996572,0.4777322249917347
0,6,Montrezl Harrell,62.8,LAC,PF/C,6200,29.5,34.3,5.53,28.333333333333332,31.660000000000004,35.71235294117647,0.9616571719972742,0.610596043976488,0.8901891689697283,0.8283889196531867,0.7700182922504794,2.5199382151687804,0.47848530069160683
0,7,JaMychal Green,18.3,LAC,SF/PF,3900,23.5,25.05,6.445,22.0,20.309999999999995,26.757954545454545,0.19675450450687912,-0.0023758600932935496,0.232479339908678,-0.13998864485136228,1.4737258518253031,-0.3290015492219738,0.276567616900537
1,0,Malcolm Brogdon,38.3,IND,PG/SG,8100,34.5,45.9,5.675000000000001,34.333333333333336,47.2,46.12281553398058,1.9208864631203648,1.1214059640346392,1.6548484201854123,2.154255646736947,0.8815347907623371,0.9514208167963426,1.4162824912487726
1,1,Lou Williams,58.5,LAC,PG/SG,6500,32.0,39.25,6.05,31.0,32.769999999999996,40.516129032258064,1.3709834643299725,0.8660010040055636,1.2430314942813119,0.9230936858734548,1.1699395282930019,2.2446474064748423,0.6785931843018916
1,2,Damion Lee,25.5,GS,SG/SF,4300,27.5,25.15,5.855,24.0,22.45,28.817708333333332,0.20502372253380213,0.40627207595322745,0.383770387264896,0.04259531885257935,1.0199690647770563,0.13195050254462015,0.20907238381408144
1,3,JaMychal Green,18.3,LAC,SF/PF,3900,23.5,25.05,6.445,22.0,20.309999999999995,26.757954545454545,0.19675450450687912,-0.0023758600932935496,0.232479339908678,-0.13998864485136228,1.4737258518253031,-0.3290015492219738,0.276567616900537
1,4,James Harden,74.5,HOU,PG/SG,11200,35.5,61.099999999999994,5.46,34.0,58.08,63.79558823529411,3.17780760321269,1.2235679480462696,2.952931864626417,3.0825329949139935,0.716182741244755,3.2689852992894957,2.8574627800097154
1,5,T.J. Warren,31.0,IND,SF/PF,5800,34.5,31.75,5.475,37.0,28.910000000000004,29.60472972972973,0.7507921123107331,1.1214059640346392,0.4415779233176328,0.5937599943327015,0.7277189307459814,0.4840666531996572,0.4777322249917347
1,6,Montrezl Harrell,62.8,LAC,PF/C,6200,29.5,34.3,5.53,28.333333333333332,31.660000000000004,35.71235294117647,0.9616571719972742,0.610596043976488,0.8901891689697283,0.8283889196531867,0.7700182922504794,2.5199382151687804,0.47848530069160683
1,7,Alec Burks,47.0,GS,PG/SG,4000,27.0,24.7,6.15,23.333333333333332,16.76,28.58142857142857,0.1678122414126478,0.35519108394741233,0.3664153942273724,-0.4428732575378064,1.2468474583011797,1.5084045460143105,0.08190412559819132
2,0,Alec Burks,47.0,GS,PG/SG,4000,27.0,24.7,6.15,23.333333333333332,16.76,28.58142857142857,0.1678122414126478,0.35519108394741233,0.3664153942273724,-0.4428732575378064,1.2468474583011797,1.5084045460143105,0.08190412559819132
2,1,James Harden,74.5,HOU,PG/SG,11200,35.5,61.099999999999994,5.46,34.0,58.08,63.79558823529411,3.17780760321269,1.2235679480462696,2.952931864626417,3.0825329949139935,0.716182741244755,3.2689852992894957,2.8574627800097154
2,2,Damion Lee,25.5,GS,SG/SF,4300,27.5,25.15,5.855,24.0,22.45,28.817708333333332,0.20502372253380213,0.40627207595322745,0.383770387264896,0.04259531885257935,1.0199690647770563,0.13195050254462015,0.20907238381408144
2,3,T.J. Warren,31.0,IND,SF/PF,5800,34.5,31.75,5.475,37.0,28.910000000000004,29.60472972972973,0.7507921123107331,1.1214059640346392,0.4415779233176328,0.5937599943327015,0.7277189307459814,0.4840666531996572,0.4777322249917347
2,4,Malcolm Brogdon,38.3,IND,PG/SG,8100,34.5,45.9,5.675000000000001,34.333333333333336,47.2,46.12281553398058,1.9208864631203648,1.1214059640346392,1.6548484201854123,2.154255646736947,0.8815347907623371,0.9514208167963426,1.4162824912487726
2,5,Kevin Huerter,21.5,ATL,SG/SF,3900,26.0,23.1,5.915,22.666666666666668,18.380000000000003,26.49705882352941,0.03550475298187689,0.2530290999357821,0.21331627913263296,-0.3046554906217386,1.0661138227819624,-0.12413397065904316,0.08190412559819132
2,6,Jonas Valanciunas,33.5,MEM,C,6100,24.0,34.599999999999994,5.645,22.333333333333332,30.04,37.18208955223881,0.9864648260780435,0.04870513191252158,0.9981428440807678,0.6901711527371187,0.8584624117598829,0.6441194489519467,0.5805205878515874
2,7,Lou Williams,58.5,LAC,PG/SG,6500,32.0,39.25,6.05,31.0,32.769999999999996,40.516129032258064,1.3709834643299725,0.8660010040055636,1.2430314942813119,0.9230936858734548,1.1699395282930019,2.2446474064748423,0.6785931843018916
3,0,Malcolm Brogdon,38.3,IND,PG/SG,8100,34.5,45.9,5.675000000000001,34.333333333333336,47.2,46.12281553398058,1.9208864631203648,1.1214059640346392,1.6548484201854123,2.154255646736947,0.8815347907623371,0.9514208167963426,1.4162824912487726
3,1,Josh Okogie,15.0,MIN,SG/SF,4000,27.5,21.200000000000003,5.305,24.0,20.520000000000003,24.291666666666668,-0.12161038952966367,0.40627207595322745,0.05132794285358441,-0.12207152691779727,0.5969754497320797,-0.540271239614996,0.2772139675237197
3,2,Markieff Morris,39.0,DET,SF/PF,3800,31.0,25.95,6.855,26.333333333333332,19.59,30.54873417721519,0.27117746674918775,0.7638390199939333,0.5109160269344172,-0.2014187634807253,1.789048364858831,0.9962355996069838,0.2982253110065796
3,3,T.J. Warren,31.0,IND,SF/PF,5800,34.5,31.75,5.475,37.0,28.910000000000004,29.60472972972973,0.7507921123107331,1.1214059640346392,0.4415779233176328,0.5937599943327015,0.7277189307459814,0.4840666531996572,0.4777322249917347
3,4,Lou Williams,58.5,LAC,PG/SG,6500,32.0,39.25,6.05,31.0,32.769999999999996,40.516129032258064,1.3709834643299725,0.8660010040055636,1.2430314942813119,0.9230936858734548,1.1699395282930019,2.2446474064748423,0.6785931843018916
3,5,JaMychal Green,18.3,LAC,SF/PF,3900,23.5,25.05,6.445,22.0,20.309999999999995,26.757954545454545,0.19675450450687912,-0.0023758600932935496,0.232479339908678,-0.13998864485136228,1.4737258518253031,-0.3290015492219738,0.276567616900537
3,6,Jonas Valanciunas,33.5,MEM,C,6100,24.0,34.599999999999994,5.645,22.333333333333332,30.04,37.18208955223881,0.9864648260780435,0.04870513191252158,0.9981428440807678,0.6901711527371187,0.8584624117598829,0.6441194489519467,0.5805205878515874
3,7,James Harden,74.5,HOU,PG/SG,11200,35.5,61.099999999999994,5.46,34.0,58.08,63.79558823529411,3.17780760321269,1.2235679480462696,2.952931864626417,3.0825329949139935,0.716182741244755,3.2689852992894957,2.8574627800097154
4,0,Alec Burks,47.0,GS,PG/SG,4000,27.0,24.7,6.15,23.333333333333332,16.76,28.58142857142857,0.1678122414126478,0.35519108394741233,0.3664153942273724,-0.4428732575378064,1.2468474583011797,1.5084045460143105,0.08190412559819132
4,1,Lou Williams,58.5,LAC,PG/SG,6500,32.0,39.25,6.05,31.0,32.769999999999996,40.516129032258064,1.3709834643299725,0.8660010040055636,1.2430314942813119,0.9230936858734548,1.1699395282930019,2.2446474064748423,0.6785931843018916
4,2,JaMychal Green,18.3,LAC,SF/PF,3900,23.5,25.05,6.445,22.0,20.309999999999995,26.757954545454545,0.19675450450687912,-0.0023758600932935496,0.232479339908678,-0.13998864485136228,1.4737258518253031,-0.3290015492219738,0.276567616900537
4,3,Markieff Morris,39.0,DET,SF/PF,3800,31.0,25.95,6.855,26.333333333333332,19.59,30.54873417721519,0.27117746674918775,0.7638390199939333,0.5109160269344172,-0.2014187634807253,1.789048364858831,0.9962355996069838,0.2982253110065796
4,4,James Harden,74.5,HOU,PG/SG,11200,35.5,61.099999999999994,5.46,34.0,58.08,63.79558823529411,3.17780760321269,1.2235679480462696,2.952931864626417,3.0825329949139935,0.716182741244755,3.2689852992894957,2.8574627800097154
4,5,T.J. Warren,31.0,IND,SF/PF,5800,34.5,31.75,5.475,37.0,28.910000000000004,29.60472972972973,0.7507921123107331,1.1214059640346392,0.4415779233176328,0.5937599943327015,0.7277189307459814,0.4840666531996572,0.4777322249917347
4,6,Jonas Valanciunas,33.5,MEM,C,6100,24.0,34.599999999999994,5.645,22.333333333333332,30.04,37.18208955223881,0.9864648260780435,0.04870513191252158,0.9981428440807678,0.6901711527371187,0.8584624117598829,0.6441194489519467,0.5805205878515874
4,7,Pascal Siakam,50.8,TOR,PF/C,8000,34.5,41.65,5.215,32.333333333333336,41.910000000000004,44.44097938144329,1.569444696976129,1.1214059640346392,1.5313158142514978,1.702914914029541,0.5277583127247201,1.7516847955577903,1.1029125711130485
5,0,Lou Williams,58.5,LAC,PG/SG,6500,32.0,39.25,6.05,31.0,32.769999999999996,40.516129032258064,1.3709834643299725,0.8660010040055636,1.2430314942813119,0.9230936858734548,1.1699395282930019,2.2446474064748423,0.6785931843018916
5,1,Malcolm Brogdon,38.3,IND,PG/SG,8100,34.5,45.9,5.675000000000001,34.333333333333336,47.2,46.12281553398058,1.9208864631203648,1.1214059640346392,1.6548484201854123,2.154255646736947,0.8815347907623371,0.9514208167963426,1.4162824912487726
5,2,JaMychal Green,18.3,LAC,SF/PF,3900,23.5,25.05,6.445,22.0,20.309999999999995,26.757954545454545,0.19675450450687912,-0.0023758600932935496,0.232479339908678,-0.13998864485136228,1.4737258518253031,-0.3290015492219738,0.276567616900537
5,3,Montrezl Harrell,62.8,LAC,PF/C,6200,29.5,34.3,5.53,28.333333333333332,31.660000000000004,35.71235294117647,0.9616571719972742,0.610596043976488,0.8901891689697283,0.8283889196531867,0.7700182922504794,2.5199382151687804,0.47848530069160683
5,4,James Harden,74.5,HOU,PG/SG,11200,35.5,61.099999999999994,5.46,34.0,58.08,63.79558823529411,3.17780760321269,1.2235679480462696,2.952931864626417,3.0825329949139935,0.716182741244755,3.2689852992894957,2.8574627800097154
5,5,Damion Lee,25.5,GS,SG/SF,4300,27.5,25.15,5.855,24.0,22.45,28.817708333333332,0.20502372253380213,0.40627207595322745,0.383770387264896,0.04259531885257935,1.0199690647770563,0.13195050254462015,0.20907238381408144
5,6,Jonas Valanciunas,33.5,MEM,C,6100,24.0,34.599999999999994,5.645,22.333333333333332,30.04,37.18208955223881,0.9864648260780435,0.04870513191252158,0.9981428440807678,0.6901711527371187,0.8584624117598829,0.6441194489519467,0.5805205878515874
5,7,Kevin Knox,22.5,NY,SF/PF,3500,24.5,18.2,5.195,23.666666666666668,18.840000000000003,18.840845070422535,-0.3696869303373598,0.0997861239183367,-0.3490405444387408,-0.2654084703863119,0.512376726723085,-0.06011285235812734,-0.14039061109122405
6,0,James Harden,74.5,HOU,PG/SG,11200,35.5,61.099999999999994,5.46,34.0,58.08,63.79558823529411,3.17780760321269,1.2235679480462696,2.952931864626417,3.0825329949139935,0.716182741244755,3.2689852992894957,2.8574627800097154
6,1,Damion Lee,25.5,GS,SG/SF,4300,27.5,25.15,5.855,24.0,22.45,28.817708333333332,0.20502372253380213,0.40627207595322745,0.383770387264896,0.04259531885257935,1.0199690647770563,0.13195050254462015,0.20907238381408144
6,2,De'Andre Hunter,13.0,ATL,SF/PF,4300,33.5,25.45,5.915,29.666666666666668,20.03,28.738483146067416,0.22983137661457176,1.019243980023009,0.377951215270171,-0.16387813542944754,1.0661138227819624,-0.6683134762168277,0.28548390438191096
6,3,JaMychal Green,18.3,LAC,SF/PF,3900,23.5,25.05,6.445,22.0,20.309999999999995,26.757954545454545,0.19675450450687912,-0.0023758600932935496,0.232479339908678,-0.13998864485136228,1.4737258518253031,-0.3290015492219738,0.276567616900537
6,4,Malcolm Brogdon,38.3,IND,PG/SG,8100,34.5,45.9,5.675000000000001,34.333333333333336,47.2,46.12281553398058,1.9208864631203648,1.1214059640346392,1.6548484201854123,2.154255646736947,0.8815347907623371,0.9514208167963426,1.4162824912487726
6,5,Glenn Robinson III,32.3,GS,SF/PF,4800,33.5,25.85,5.38,31.666666666666668,23.25,27.34657894736842,0.2629082487222647,1.019243980023009,0.27571441139588154,0.11085100621853876,0.6546563972382129,0.5672941069908476,0.28548390438191096
6,6,Jonas Valanciunas,33.5,MEM,C,6100,24.0,34.599999999999994,5.645,22.333333333333332,30.04,37.18208955223881,0.9864648260780435,0.04870513191252158,0.9981428440807678,0.6901711527371187,0.8584624117598829,0.6441194489519467,0.5805205878515874
6,7,Lou Williams,58.5,LAC,PG/SG,6500,32.0,39.25,6.05,31.0,32.769999999999996,40.516129032258064,1.3709834643299725,0.8660010040055636,1.2430314942813119,0.9230936858734548,1.1699395282930019,2.2446474064748423,0.6785931843018916
7,0,Lou Williams,58.5,LAC,PG/SG,6500,32.0,39.25,6.05,31.0,32.769999999999996,40.516129032258064,1.3709834643299725,0.8660010040055636,1.2430314942813119,0.9230936858734548,1.1699395282930019,2.2446474064748423,0.6785931843018916
7,1,Damion Lee,25.5,GS,SG/SF,4300,27.5,25.15,5.855,24.0,22.45,28.817708333333332,0.20502372253380213,0.40627207595322745,0.383770387264896,0.04259531885257935,1.0199690647770563,0.13195050254462015,0.20907238381408144
7,2,Ben Simmons,8.3,PHI,PG/SF,7700,35.0,39.55,5.13,36.0,39.85,38.451388888888886,1.3957911184107419,1.1724869560404543,1.0913741939539519,1.5271565190621954,0.4623865722177693,-0.969212732231132,1.2462552348765314
7,3,JaMychal Green,18.3,LAC,SF/PF,3900,23.5,25.05,6.445,22.0,20.309999999999995,26.757954545454545,0.19675450450687912,-0.0023758600932935496,0.232479339908678,-0.13998864485136228,1.4737258518253031,-0.3290015492219738,0.276567616900537
7,4,James Harden,74.5,HOU,PG/SG,11200,35.5,61.099999999999994,5.46,34.0,58.08,63.79558823529411,3.17780760321269,1.2235679480462696,2.952931864626417,3.0825329949139935,0.716182741244755,3.2689852992894957,2.8574627800097154
7,5,T.J. Warren,31.0,IND,SF/PF,5800,34.5,31.75,5.475,37.0,28.910000000000004,29.60472972972973,0.7507921123107331,1.1214059640346392,0.4415779233176328,0.5937599943327015,0.7277189307459814,0.4840666531996572,0.4777322249917347
7,6,Jonas Valanciunas,33.5,MEM,C,6100,24.0,34.599999999999994,5.645,22.333333333333332,30.04,37.18208955223881,0.9864648260780435,0.04870513191252158,0.9981428440807678,0.6901711527371187,0.8584624117598829,0.6441194489519467,0.5805205878515874
7,7,Alec Burks,47.0,GS,PG/SG,4000,27.0,24.7,6.15,23.333333333333332,16.76,28.58142857142857,0.1678122414126478,0.35519108394741233,0.3664153942273724,-0.4428732575378064,1.2468474583011797,1.5084045460143105,0.08190412559819132
8,0,Malcolm Brogdon,38.3,IND,PG/SG,8100,34.5,45.9,5.675000000000001,34.333333333333336,47.2,46.12281553398058,1.9208864631203648,1.1214059640346392,1.6548484201854123,2.154255646736947,0.8815347907623371,0.9514208167963426,1.4162824912487726
8,1,Lou Williams,58.5,LAC,PG/SG,6500,32.0,39.25,6.05,31.0,32.769999999999996,40.516129032258064,1.3709834643299725,0.8660010040055636,1.2430314942813119,0.9230936858734548,1.1699395282930019,2.2446474064748423,0.6785931843018916
8,2,Damion Lee,25.5,GS,SG/SF,4300,27.5,25.15,5.855,24.0,22.45,28.817708333333332,0.20502372253380213,0.40627207595322745,0.383770387264896,0.04259531885257935,1.0199690647770563,0.13195050254462015,0.20907238381408144
8,3,Nemanja Bjelica,11.5,SAC,PF,4900,26.5,24.8,5.075,25.0,23.439999999999998,26.288,0.17608145943957113,0.3041100919415972,0.19796069218969267,0.12706173196795392,0.4200872107132719,-0.7643451536682014,0.259242364944502
8,4,Alec Burks,47.0,GS,PG/SG,4000,27.0,24.7,6.15,23.333333333333332,16.76,28.58142857142857,0.1678122414126478,0.35519108394741233,0.3664153942273724,-0.4428732575378064,1.2468474583011797,1.5084045460143105,0.08190412559819132
8,5,De'Andre Hunter,13.0,ATL,SF/PF,4300,33.5,25.45,5.915,29.666666666666668,20.03,28.738483146067416,0.22983137661457176,1.019243980023009,0.377951215270171,-0.16387813542944754,1.0661138227819624,-0.6683134762168277,0.28548390438191096
8,6,Jonas Valanciunas,33.5,MEM,C,6100,24.0,34.599999999999994,5.645,22.333333333333332,30.04,37.18208955223881,0.9864648260780435,0.04870513191252158,0.9981428440807678,0.6901711527371187,0.8584624117598829,0.6441194489519467,0.5805205878515874
8,7,James Harden,74.5,HOU,PG/SG,11200,35.5,61.099999999999994,5.46,34.0,58.08,63.79558823529411,3.17780760321269,1.2235679480462696,2.952931864626417,3.0825329949139935,0.716182741244755,3.2689852992894957,2.8574627800097154
9,0,Malcolm Brogdon,38.3,IND,PG/SG,8100,34.5,45.9,5.675000000000001,34.333333333333336,47.2,46.12281553398058,1.9208864631203648,1.1214059640346392,1.6548484201854123,2.154255646736947,0.8815347907623371,0.9514208167963426,1.4162824912487726
9,1,Lou Williams,58.5,LAC,PG/SG,6500,32.0,39.25,6.05,31.0,32.769999999999996,40.516129032258064,1.3709834643299725,0.8660010040055636,1.2430314942813119,0.9230936858734548,1.1699395282930019,2.2446474064748423,0.6785931843018916
9,2,JaMychal Green,18.3,LAC,SF/PF,3900,23.5,25.05,6.445,22.0,20.309999999999995,26.757954545454545,0.19675450450687912,-0.0023758600932935496,0.232479339908678,-0.13998864485136228,1.4737258518253031,-0.3290015492219738,0.276567616900537
9,3,Montrezl Harrell,62.8,LAC,PF/C,6200,29.5,34.3,5.53,28.333333333333332,31.660000000000004,35.71235294117647,0.9616571719972742,0.610596043976488,0.8901891689697283,0.8283889196531867,0.7700182922504794,2.5199382151687804,0.47848530069160683
9,4,Damion Lee,25.5,GS,SG/SF,4300,27.5,25.15,5.855,24.0,22.45,28.817708333333332,0.20502372253380213,0.40627207595322745,0.383770387264896,0.04259531885257935,1.0199690647770563,0.13195050254462015,0.20907238381408144
9,5,Ersan Ilyasova,10.3,MIL,PF/C,3300,17.5,14.9,4.484999999999999,18.666666666666668,18.020000000000003,13.968749999999998,-0.642571125225825,-0.6153477641630751,-0.7069009694861395,-0.33537054993642024,-0.033669576334975686,-0.8411704956293004,-0.28132485089565634
9,6,Jonas Valanciunas,33.5,MEM,C,6100,24.0,34.599999999999994,5.645,22.333333333333332,30.04,37.18208955223881,0.9864648260780435,0.04870513191252158,0.9981428440807678,0.6901711527371187,0.8584624117598829,0.6441194489519467,0.5805205878515874
9,7,James Harden,74.5,HOU,PG/SG,11200,35.5,61.099999999999994,5.46,34.0,58.08,63.79558823529411,3.17780760321269,1.2235679480462696,2.952931864626417,3.0825329949139935,0.716182741244755,3.2689852992894957,2.8574627800097154
10,0,James Harden,74.5,HOU,PG/SG,11200,35.5,61.099999999999994,5.46,34.0,58.08,63.79558823529411,3.17780760321269,1.2235679480462696,2.952931864626417,3.0825329949139935,0.716182741244755,3.2689852992894957,2.8574627800097154
10,1,Alec Burks,47.0,GS,PG/SG,4000,27.0,24.7,6.15,23.333333333333332,16.76,28.58142857142857,0.1678122414126478,0.35519108394741233,0.3664153942273724,-0.4428732575378064,1.2468474583011797,1.5084045460143105,0.08190412559819132
10,2,T.J. Warren,31.0,IND,SF/PF,5800,34.5,31.75,5.475,37.0,28.910000000000004,29.60472972972973,0.7507921123107331,1.1214059640346392,0.4415779233176328,0.5937599943327015,0.7277189307459814,0.4840666531996572,0.4777322249917347
10,3,Glenn Robinson III,32.3,GS,SF/PF,4800,33.5,25.85,5.38,31.666666666666668,23.25,27.34657894736842,0.2629082487222647,1.019243980023009,0.27571441139588154,0.11085100621853876,0.6546563972382129,0.5672941069908476,0.28548390438191096
10,4,Lou Williams,58.5,LAC,PG/SG,6500,32.0,39.25,6.05,31.0,32.769999999999996,40.516129032258064,1.3709834643299725,0.8660010040055636,1.2430314942813119,0.9230936858734548,1.1699395282930019,2.2446474064748423,0.6785931843018916
10,5,Ben Simmons,8.3,PHI,PG/SF,7700,35.0,39.55,5.13,36.0,39.85,38.451388888888886,1.3957911184107419,1.1724869560404543,1.0913741939539519,1.5271565190621954,0.4623865722177693,-0.969212732231132,1.2462552348765314
10,6,Jonas Valanciunas,33.5,MEM,C,6100,24.0,34.599999999999994,5.645,22.333333333333332,30.04,37.18208955223881,0.9864648260780435,0.04870513191252158,0.9981428440807678,0.6901711527371187,0.8584624117598829,0.6441194489519467,0.5805205878515874
10,7,Landry Shamet,18.8,LAC,SG/SF,3900,32.0,23.1,5.9399999999999995,29.333333333333332,16.94,25.200000000000003,0.03550475298187689,0.8660010040055636,0.11804596621990533,-0.42751572788046555,1.0853408052840063,-0.29699099007151586,0.08190412559819132
11,0,James Harden,74.5,HOU,PG/SG,11200,35.5,61.099999999999994,5.46,34.0,58.08,63.79558823529411,3.17780760321269,1.2235679480462696,2.952931864626417,3.0825329949139935,0.716182741244755,3.2689852992894957,2.8574627800097154
11,1,Buddy Hield,36.5,SAC,SG/SF,6400,32.5,32.349999999999994,5.050000000000001,30.333333333333332,27.609999999999996,34.66071428571428,0.8004074204722718,0.9170819960113787,0.8129452213865511,0.4828445023630169,0.40086022821122796,0.8361828038546942,0.4777322249917347
11,2,De'Andre Hunter,13.0,ATL,SF/PF,4300,33.5,25.45,5.915,29.666666666666668,20.03,28.738483146067416,0.22983137661457176,1.019243980023009,0.377951215270171,-0.16387813542944754,1.0661138227819624,-0.6683134762168277,0.28548390438191096
11,3,Glenn Robinson III,32.3,GS,SF/PF,4800,33.5,25.85,5.38,31.666666666666668,23.25,27.34657894736842,0.2629082487222647,1.019243980023009,0.27571441139588154,0.11085100621853876,0.6546563972382129,0.5672941069908476,0.28548390438191096
11,4,Lou Williams,58.5,LAC,PG/SG,6500,32.0,39.25,6.05,31.0,32.769999999999996,40.516129032258064,1.3709834643299725,0.8660010040055636,1.2430314942813119,0.9230936858734548,1.1699395282930019,2.2446474064748423,0.6785931843018916
11,5,Damion Lee,25.5,GS,SG/SF,4300,27.5,25.15,5.855,24.0,22.45,28.817708333333332,0.20502372253380213,0.40627207595322745,0.383770387264896,0.04259531885257935,1.0199690647770563,0.13195050254462015,0.20907238381408144
11,6,Montrezl Harrell,62.8,LAC,PF/C,6200,29.5,34.3,5.53,28.333333333333332,31.660000000000004,35.71235294117647,0.9616571719972742,0.610596043976488,0.8901891689697283,0.8283889196531867,0.7700182922504794,2.5199382151687804,0.47848530069160683
11,7,Jonas Valanciunas,33.5,MEM,C,6100,24.0,34.599999999999994,5.645,22.333333333333332,30.04,37.18208955223881,0.9864648260780435,0.04870513191252158,0.9981428440807678,0.6901711527371187,0.8584624117598829,0.6441194489519467,0.5805205878515874
12,0,Ben Simmons,8.3,PHI,PG/SF,7700,35.0,39.55,5.13,36.0,39.85,38.451388888888886,1.3957911184107419,1.1724869560404543,1.0913741939539519,1.5271565190621954,0.4623865722177693,-0.969212732231132,1.2462552348765314
12,1,James Harden,74.5,HOU,PG/SG,11200,35.5,61.099999999999994,5.46,34.0,58.08,63.79558823529411,3.17780760321269,1.2235679480462696,2.952931864626417,3.0825329949139935,0.716182741244755,3.2689852992894957,2.8574627800097154
12,2,Damion Lee,25.5,GS,SG/SF,4300,27.5,25.15,5.855,24.0,22.45,28.817708333333332,0.20502372253380213,0.40627207595322745,0.383770387264896,0.04259531885257935,1.0199690647770563,0.13195050254462015,0.20907238381408144
12,3,JaMychal Green,18.3,LAC,SF/PF,3900,23.5,25.05,6.445,22.0,20.309999999999995,26.757954545454545,0.19675450450687912,-0.0023758600932935496,0.232479339908678,-0.13998864485136228,1.4737258518253031,-0.3290015492219738,0.276567616900537
12,4,Lou Williams,58.5,LAC,PG/SG,6500,32.0,39.25,6.05,31.0,32.769999999999996,40.516129032258064,1.3709834643299725,0.8660010040055636,1.2430314942813119,0.9230936858734548,1.1699395282930019,2.2446474064748423,0.6785931843018916
12,5,De'Andre Hunter,13.0,ATL,SF/PF,4300,33.5,25.45,5.915,29.666666666666668,20.03,28.738483146067416,0.22983137661457176,1.019243980023009,0.377951215270171,-0.16387813542944754,1.0661138227819624,-0.6683134762168277,0.28548390438191096
12,6,Serge Ibaka,35.5,TOR,PF/C,5700,23.5,27.15,4.734999999999999,25.333333333333332,26.95,25.185197368421054,0.370408083072266,-0.0023758600932935496,0.11695869761120734,0.42653356028610073,0.15860024868546796,0.7721616855537784,0.28548390438191096
12,7,Jonas Valanciunas,33.5,MEM,C,6100,24.0,34.599999999999994,5.645,22.333333333333332,30.04,37.18208955223881,0.9864648260780435,0.04870513191252158,0.9981428440807678,0.6901711527371187,0.8584624117598829,0.6441194489519467,0.5805205878515874
13,0,Lou Williams,58.5,LAC,PG/SG,6500,32.0,39.25,6.05,31.0,32.769999999999996,40.516129032258064,1.3709834643299725,0.8660010040055636,1.2430314942813119,0.9230936858734548,1.1699395282930019,2.2446474064748423,0.6785931843018916
13,1,Malcolm Brogdon,38.3,IND,PG/SG,8100,34.5,45.9,5.675000000000001,34.333333333333336,47.2,46.12281553398058,1.9208864631203648,1.1214059640346392,1.6548484201854123,2.154255646736947,0.8815347907623371,0.9514208167963426,1.4162824912487726
13,2,T.J. Warren,31.0,IND,SF/PF,5800,34.5,31.75,5.475,37.0,28.910000000000004,29.60472972972973,0.7507921123107331,1.1214059640346392,0.4415779233176328,0.5937599943327015,0.7277189307459814,0.4840666531996572,0.4777322249917347
13,3,Montrezl Harrell,62.8,LAC,PF/C,6200,29.5,34.3,5.53,28.333333333333332,31.660000000000004,35.71235294117647,0.9616571719972742,0.610596043976488,0.8901891689697283,0.8283889196531867,0.7700182922504794,2.5199382151687804,0.47848530069160683
13,4,Fred VanVleet,24.5,TOR,PG/SG,6300,36.0,34.05,5.41,37.0,34.19,33.129729729729725,0.9409841269299662,1.2746489400520846,0.7004928213355562,1.0442475309480328,0.6777287762406664,0.06792938424370432,0.5805205878515874
13,5,JaMychal Green,18.3,LAC,SF/PF,3900,23.5,25.05,6.445,22.0,20.309999999999995,26.757954545454545,0.19675450450687912,-0.0023758600932935496,0.232479339908678,-0.13998864485136228,1.4737258518253031,-0.3290015492219738,0.276567616900537
13,6,Jonas Valanciunas,33.5,MEM,C,6100,24.0,34.599999999999994,5.645,22.333333333333332,30.04,37.18208955223881,0.9864648260780435,0.04870513191252158,0.9981428440807678,0.6901711527371187,0.8584624117598829,0.6441194489519467,0.5805205878515874
13,7,Markieff Morris,39.0,DET,SF/PF,3800,31.0,25.95,6.855,26.333333333333332,19.59,30.54873417721519,0.27117746674918775,0.7638390199939333,0.5109160269344172,-0.2014187634807253,1.789048364858831,0.9962355996069838,0.2982253110065796
14,0,James Harden,74.5,HOU,PG/SG,11200,35.5,61.099999999999994,5.46,34.0,58.08,63.79558823529411,3.17780760321269,1.2235679480462696,2.952931864626417,3.0825329949139935,0.716182741244755,3.2689852992894957,2.8574627800097154
14,1,Alec Burks,47.0,GS,PG/SG,4000,27.0,24.7,6.15,23.333333333333332,16.76,28.58142857142857,0.1678122414126478,0.35519108394741233,0.3664153942273724,-0.4428732575378064,1.2468474583011797,1.5084045460143105,0.08190412559819132
14,2,Markieff Morris,39.0,DET,SF/PF,3800,31.0,25.95,6.855,26.333333333333332,19.59,30.54873417721519,0.27117746674918775,0.7638390199939333,0.5109160269344172,-0.2014187634807253,1.789048364858831,0.9962355996069838,0.2982253110065796
14,3,JaMychal Green,18.3,LAC,SF/PF,3900,23.5,25.05,6.445,22.0,20.309999999999995,26.757954545454545,0.19675450450687912,-0.0023758600932935496,0.232479339908678,-0.13998864485136228,1.4737258518253031,-0.3290015492219738,0.276567616900537
14,4,Lou Williams,58.5,LAC,PG/SG,6500,32.0,39.25,6.05,31.0,32.769999999999996,40.516129032258064,1.3709834643299725,0.8660010040055636,1.2430314942813119,0.9230936858734548,1.1699395282930019,2.2446474064748423,0.6785931843018916
14,5,Kevin Huerter,21.5,ATL,SG/SF,3900,26.0,23.1,5.915,22.666666666666668,18.380000000000003,26.49705882352941,0.03550475298187689,0.2530290999357821,0.21331627913263296,-0.3046554906217386,1.0661138227819624,-0.12413397065904316,0.08190412559819132
14,6,Montrezl Harrell,62.8,LAC,PF/C,6200,29.5,34.3,5.53,28.333333333333332,31.660000000000004,35.71235294117647,0.9616571719972742,0.610596043976488,0.8901891689697283,0.8283889196531867,0.7700182922504794,2.5199382151687804,0.47848530069160683
14,7,Clint Capela,57.0,HOU,C,6400,30.0,35.349999999999994,5.545,26.333333333333332,30.769999999999992,40.27215189873417,1.0484839612799675,0.6616770359823031,1.225111121332363,0.752454467458556,0.7815544817517057,2.1486157290234686,0.5805205878515874
15,0,RJ Barrett,37.5,NY,PG/SG,6700,36.5,33.3,4.965,38.0,33.779999999999994,31.98552631578947,0.8789649917280423,1.3257299320578997,0.616449896447017,1.0092664911729783,0.3354884877042765,0.9002039221556101,0.5805205878515874
15,1,Malcolm Brogdon,38.3,IND,PG/SG,8100,34.5,45.9,5.675000000000001,34.333333333333336,47.2,46.12281553398058,1.9208864631203648,1.1214059640346392,1.6548484201854123,2.154255646736947,0.8815347907623371,0.9514208167963426,1.4162824912487726
15,2,Danuel House Jr.,28.5,HOU,SF/PF,5100,33.0,25.3,4.949999999999999,29.666666666666668,25.16,28.142696629213486,0.21742754957418708,0.9681629880171939,0.33419007902855696,0.27381145980476673,0.3239522982030494,0.3240138574473676,0.2746628204989955
15,3,JaMychal Green,18.3,LAC,SF/PF,3900,23.5,25.05,6.445,22.0,20.309999999999995,26.757954545454545,0.19675450450687912,-0.0023758600932935496,0.232479339908678,-0.13998864485136228,1.4737258518253031,-0.3290015492219738,0.276567616900537
15,4,Landry Shamet,18.8,LAC,SG/SF,3900,32.0,23.1,5.9399999999999995,29.333333333333332,16.94,25.200000000000003,0.03550475298187689,0.8660010040055636,0.11804596621990533,-0.42751572788046555,1.0853408052840063,-0.29699099007151586,0.08190412559819132
15,5,Marcus Morris,30.5,NY,SF/PF,5900,34.0,28.4,4.795,34.666666666666664,30.54,27.853846153846153,0.47377330840880594,1.0703249720288242,0.3129737126818444,0.7328309573408432,0.20474500669037482,0.4520560940491993,0.3524790546815884
15,6,Jonas Valanciunas,33.5,MEM,C,6100,24.0,34.599999999999994,5.645,22.333333333333332,30.04,37.18208955223881,0.9864648260780435,0.04870513191252158,0.9981428440807678,0.6901711527371187,0.8584624117598829,0.6441194489519467,0.5805205878515874
15,7,Lou Williams,58.5,LAC,PG/SG,6500,32.0,39.25,6.05,31.0,32.769999999999996,40.516129032258064,1.3709834643299725,0.8660010040055636,1.2430314942813119,0.9230936858734548,1.1699395282930019,2.2446474064748423,0.6785931843018916
16,0,Ben Simmons,8.3,PHI,PG/SF,7700,35.0,39.55,5.13,36.0,39.85,38.451388888888886,1.3957911184107419,1.1724869560404543,1.0913741939539519,1.5271565190621954,0.4623865722177693,-0.969212732231132,1.2462552348765314
16,1,Alec Burks,47.0,GS,PG/SG,4000,27.0,24.7,6.15,23.333333333333332,16.76,28.58142857142857,0.1678122414126478,0.35519108394741233,0.3664153942273724,-0.4428732575378064,1.2468474583011797,1.5084045460143105,0.08190412559819132
16,2,Damion Lee,25.5,GS,SG/SF,4300,27.5,25.15,5.855,24.0,22.45,28.817708333333332,0.20502372253380213,0.40627207595322745,0.383770387264896,0.04259531885257935,1.0199690647770563,0.13195050254462015,0.20907238381408144
16,3,Nemanja Bjelica,11.5,SAC,PF,4900,26.5,24.8,5.075,25.0,23.439999999999998,26.288,0.17608145943957113,0.3041100919415972,0.19796069218969267,0.12706173196795392,0.4200872107132719,-0.7643451536682014,0.259242364944502
16,4,James Harden,74.5,HOU,PG/SG,11200,35.5,61.099999999999994,5.46,34.0,58.08,63.79558823529411,3.17780760321269,1.2235679480462696,2.952931864626417,3.0825329949139935,0.716182741244755,3.2689852992894957,2.8574627800097154
16,5,Norman Powell,12.0,TOR,SG/SF,4000,23.0,19.700000000000003,4.945,23.666666666666668,17.34,19.145070422535213,-0.2456486599335116,-0.05345685209910868,-0.3266948774836426,-0.393387884197486,0.3201069017026413,-0.7323345945177435,-0.15016343443088934
16,6,Jonas Valanciunas,33.5,MEM,C,6100,24.0,34.599999999999994,5.645,22.333333333333332,30.04,37.18208955223881,0.9864648260780435,0.04870513191252158,0.9981428440807678,0.6901711527371187,0.8584624117598829,0.6441194489519467,0.5805205878515874
16,7,Marquese Chriss,16.3,GS,PF/C,3300,10.5,10.9,3.315,13.666666666666666,13.940000000000001,8.37439024390244,-0.9733398463027528,-1.330481652244487,-1.117812483167154,-0.6834745555028131,-0.9334923574306516,-0.45704378582380545,-0.24704306740570076
17,0,DeAndre' Bembry,16.8,ATL,PG/SG,4800,19.0,20.6,4.27,24.0,23.1,16.308333333333334,-0.17122569769120297,-0.4621047881456297,-0.5350561524210515,0.0980530648374215,-0.19902162585255712,-0.42503322667334753,0.08780743174650563
17,1,Alec Burks,47.0,GS,PG/SG,4000,27.0,24.7,6.15,23.333333333333332,16.76,28.58142857142857,0.1678122414126478,0.35519108394741233,0.3664153942273724,-0.4428732575378064,1.2468474583011797,1.5084045460143105,0.08190412559819132
17,2,De'Andre Hunter,13.0,ATL,SF/PF,4300,33.5,25.45,5.915,29.666666666666668,20.03,28.738483146067416,0.22983137661457176,1.019243980023009,0.377951215270171,-0.16387813542944754,1.0661138227819624,-0.6683134762168277,0.28548390438191096
17,3,JaMychal Green,18.3,LAC,SF/PF,3900,23.5,25.05,6.445,22.0,20.309999999999995,26.757954545454545,0.19675450450687912,-0.0023758600932935496,0.232479339908678,-0.13998864485136228,1.4737258518253031,-0.3290015492219738,0.276567616900537
17,4,Landry Shamet,18.8,LAC,SG/SF,3900,32.0,23.1,5.9399999999999995,29.333333333333332,16.94,25.200000000000003,0.03550475298187689,0.8660010040055636,0.11804596621990533,-0.42751572788046555,1.0853408052840063,-0.29699099007151586,0.08190412559819132
17,5,Montrezl Harrell,62.8,LAC,PF/C,6200,29.5,34.3,5.53,28.333333333333332,31.660000000000004,35.71235294117647,0.9616571719972742,0.610596043976488,0.8901891689697283,0.8283889196531867,0.7700182922504794,2.5199382151687804,0.47848530069160683
17,6,Pascal Siakam,50.8,TOR,PF/C,8000,34.5,41.65,5.215,32.333333333333336,41.910000000000004,44.44097938144329,1.569444696976129,1.1214059640346392,1.5313158142514978,1.702914914029541,0.5277583127247201,1.7516847955577903,1.1029125711130485
17,7,Fred VanVleet,24.5,TOR,PG/SG,6300,36.0,34.05,5.41,37.0,34.19,33.129729729729725,0.9409841269299662,1.2746489400520846,0.7004928213355562,1.0442475309480328,0.6777287762406664,0.06792938424370432,0.5805205878515874
18,0,Alec Burks,47.0,GS,PG/SG,4000,27.0,24.7,6.15,23.333333333333332,16.76,28.58142857142857,0.1678122414126478,0.35519108394741233,0.3664153942273724,-0.4428732575378064,1.2468474583011797,1.5084045460143105,0.08190412559819132
18,1,Damion Lee,25.5,GS,SG/SF,4300,27.5,25.15,5.855,24.0,22.45,28.817708333333332,0.20502372253380213,0.40627207595322745,0.383770387264896,0.04259531885257935,1.0199690647770563,0.13195050254462015,0.20907238381408144
18,2,Ben Simmons,8.3,PHI,PG/SF,7700,35.0,39.55,5.13,36.0,39.85,38.451388888888886,1.3957911184107419,1.1724869560404543,1.0913741939539519,1.5271565190621954,0.4623865722177693,-0.969212732231132,1.2462552348765314
18,3,Kevin Knox,22.5,NY,SF/PF,3500,24.5,18.2,5.195,23.666666666666668,18.840000000000003,18.840845070422535,-0.3696869303373598,0.0997861239183367,-0.3490405444387408,-0.2654084703863119,0.512376726723085,-0.06011285235812734,-0.14039061109122405
18,4,Lou Williams,58.5,LAC,PG/SG,6500,32.0,39.25,6.05,31.0,32.769999999999996,40.516129032258064,1.3709834643299725,0.8660010040055636,1.2430314942813119,0.9230936858734548,1.1699395282930019,2.2446474064748423,0.6785931843018916
18,5,T.J. Warren,31.0,IND,SF/PF,5800,34.5,31.75,5.475,37.0,28.910000000000004,29.60472972972973,0.7507921123107331,1.1214059640346392,0.4415779233176328,0.5937599943327015,0.7277189307459814,0.4840666531996572,0.4777322249917347
18,6,Brandon Clarke,30.5,MEM,PF/C,5000,21.5,23.7,4.75,22.0,25.000000000000004,23.161363636363635,0.08512006114341587,-0.20669982811655405,-0.03169398447131201,0.26016032233157516,0.17013643818669502,0.4520560940491993,0.276567616900537
18,7,Landry Shamet,18.8,LAC,SG/SF,3900,32.0,23.1,5.9399999999999995,29.333333333333332,16.94,25.200000000000003,0.03550475298187689,0.8660010040055636,0.11804596621990533,-0.42751572788046555,1.0853408052840063,-0.29699099007151586,0.08190412559819132
19,0,Alec Burks,47.0,GS,PG/SG,4000,27.0,24.7,6.15,23.333333333333332,16.76,28.58142857142857,0.1678122414126478,0.35519108394741233,0.3664153942273724,-0.4428732575378064,1.2468474583011797,1.5084045460143105,0.08190412559819132
19,1,Ryan Arcidiacono,8.8,CHI,PG/SG,3100,0.0,6.75,2.175,12.0,8.73,0.0,-1.3165123944200654,-2.4031824843666048,-1.73292011322738,-1.1279897194736235,-1.8102427595238748,-0.9372021730806741,-0.24704306740570076
19,2,Damion Lee,25.5,GS,SG/SF,4300,27.5,25.15,5.855,24.0,22.45,28.817708333333332,0.20502372253380213,0.40627207595322745,0.383770387264896,0.04259531885257935,1.0199690647770563,0.13195050254462015,0.20907238381408144
19,3,T.J. Warren,31.0,IND,SF/PF,5800,34.5,31.75,5.475,37.0,28.910000000000004,29.60472972972973,0.7507921123107331,1.1214059640346392,0.4415779233176328,0.5937599943327015,0.7277189307459814,0.4840666531996572,0.4777322249917347
19,4,Lou Williams,58.5,LAC,PG/SG,6500,32.0,39.25,6.05,31.0,32.769999999999996,40.516129032258064,1.3709834643299725,0.8660010040055636,1.2430314942813119,0.9230936858734548,1.1699395282930019,2.2446474064748423,0.6785931843018916
19,5,Marcus Morris,30.5,NY,SF/PF,5900,34.0,28.4,4.795,34.666666666666664,30.54,27.853846153846153,0.47377330840880594,1.0703249720288242,0.3129737126818444,0.7328309573408432,0.20474500669037482,0.4520560940491993,0.3524790546815884
19,6,Jonas Valanciunas,33.5,MEM,C,6100,24.0,34.599999999999994,5.645,22.333333333333332,30.04,37.18208955223881,0.9864648260780435,0.04870513191252158,0.9981428440807678,0.6901711527371187,0.8584624117598829,0.6441194489519467,0.5805205878515874
19,7,Jakarr Sampson,29.0,IND,SF/PF,3000,18.5,14.95,4.975,18.0,11.87,15.365277777777777,-0.6384365162123635,-0.5131857801514448,-0.6043245589435774,-0.8600861465622331,0.343179280705094,0.3560244165978255,-0.2347449483946704
20,0,Lou Williams,58.5,LAC,PG/SG,6500,32.0,39.25,6.05,31.0,32.769999999999996,40.516129032258064,1.3709834643299725,0.8660010040055636,1.2430314942813119,0.9230936858734548,1.1699395282930019,2.2446474064748423,0.6785931843018916
20,1,DeAndre' Bembry,16.8,ATL,PG/SG,4800,19.0,20.6,4.27,24.0,23.1,16.308333333333334,-0.17122569769120297,-0.4621047881456297,-0.5350561524210515,0.0980530648374215,-0.19902162585255712,-0.42503322667334753,0.08780743174650563
20,2,Landry Shamet,18.8,LAC,SG/SF,3900,32.0,23.1,5.9399999999999995,29.333333333333332,16.94,25.200000000000003,0.03550475298187689,0.8660010040055636,0.11804596621990533,-0.42751572788046555,1.0853408052840063,-0.29699099007151586,0.08190412559819132
20,3,Luke Kornet,7.5,CHI,PF/C,3100,14.0,12.2,3.945,13.333333333333334,10.559999999999999,12.809999999999999,-0.8658400119527514,-0.972914708203781,-0.7920123561750101,-0.9718548346239916,-0.44897239837913366,-1.0204296268718647,-0.24704306740570076
20,4,Alec Burks,47.0,GS,PG/SG,4000,27.0,24.7,6.15,23.333333333333332,16.76,28.58142857142857,0.1678122414126478,0.35519108394741233,0.3664153942273724,-0.4428732575378064,1.2468474583011797,1.5084045460143105,0.08190412559819132
20,5,Terence Davis,2.3,TOR,SG/SF,3000,0.0,3.5,1.165,6.333333333333333,6.0600000000000005,0.0,-1.5852619802950692,-2.4031824843666048,-1.73292011322738,-1.3557930760575128,-2.587012852606467,-1.353339442036627,-0.48208141518531356
20,6,Jonas Valanciunas,33.5,MEM,C,6100,24.0,34.599999999999994,5.645,22.333333333333332,30.04,37.18208955223881,0.9864648260780435,0.04870513191252158,0.9981428440807678,0.6901711527371187,0.8584624117598829,0.6441194489519467,0.5805205878515874
20,7,Malcolm Brogdon,38.3,IND,PG/SG,8100,34.5,45.9,5.675000000000001,34.333333333333336,47.2,46.12281553398058,1.9208864631203648,1.1214059640346392,1.6548484201854123,2.154255646736947,0.8815347907623371,0.9514208167963426,1.4162824912487726
21,0,Frank Ntilikina,25.8,NY,PG/SG,4000,27.0,16.0,3.9800000000000004,21.666666666666668,11.540000000000001,19.938461538461535,-0.55160972692967,0.35519108394741233,-0.26841947893941837,-0.8882416176006912,-0.4220546228762711,0.15115683803489494,-0.2207241183729501
21,1,Jarrett Culver,32.8,MIN,SG/SF,3200,30.0,20.75,6.48,20.666666666666668,13.85,30.12096774193548,-0.1588218706508183,0.6616770359823031,0.4794961395681938,-0.6911533203314837,1.5006436273281654,0.5993046661413055,-0.01944147987655345
21,2,Bogdan Bogdanovic,34.5,SAC,SG/SF,4300,24.0,21.85,5.065,22.666666666666668,19.889999999999997,23.13529411764706,-0.06786047235466303,0.04870513191252158,-0.033608817600355535,-0.17582288071849078,0.41239641771245433,0.7081405672528626,0.276567616900537
21,3,Jaren Jackson Jr.,7.0,MEM,PF/C,5700,27.0,27.6,4.82,23.333333333333332,25.619999999999997,31.937142857142863,0.4076195641934206,0.35519108394741233,0.612896081337445,0.31305848004019315,0.22397198919241945,-1.0524401860223227,0.2982253110065796
21,4,Andrew Wiggins,47.5,MIN,SG/SF,6600,33.5,33.25,5.045,31.0,32.989999999999995,35.931451612903224,0.8748303827145809,1.019243980023009,0.9062821931529894,0.9418639998990934,0.39701483171081847,1.5404151051647683,0.573250004370672
21,5,Thon Maker,11.5,DET,PF/C,3000,11.5,8.85,2.965,11.333333333333334,7.67,8.980147058823528,-1.1428588158546784,-1.2283196682328565,-1.0733190182142587,-1.2184285052335198,-1.2026701124592727,-0.7643451536682014,-0.24704306740570076
21,6,Joel Embiid,56.0,PHI,C,9500,32.0,48.75,5.125,25.333333333333332,47.81,61.578947368421055,2.156559176887676,0.8660010040055636,2.7901172989558356,2.2063006083534913,0.45854117571736047,2.084594610722553,2.23314273061544
21,7,Harrison Barnes,41.0,SAC,SF/PF,5200,34.0,25.5,4.880000000000001,34.0,26.079999999999995,25.5,0.23396598562803342,1.0703249720288242,0.14008127668951564,0.3523055002756195,0.2701167471973263,1.1242778362088155,0.276567616900537
22,0,George Hill,32.8,MIL,PG/SG,3600,20.0,16.25,4.49,21.666666666666668,19.65,15.0,-0.530936681862362,-0.3599428041339994,-0.6311545897468531,-0.19629958692827845,-0.029824179834566214,0.5993046661413055,-0.2282179871723663
22,1,Kris Dunn,27.3,CHI,PG/SG,3500,18.0,16.4,4.68,19.0,16.139999999999997,15.536842105263156,-0.5185328548219773,-0.56426677215726,-0.5917229815380765,-0.49577141524642526,0.11630088718097058,0.2471885154862687,-0.26575750449182123
22,2,Kevin Knox,22.5,NY,SF/PF,3500,24.5,18.2,5.195,23.666666666666668,18.840000000000003,18.840845070422535,-0.3696869303373598,0.0997861239183367,-0.3490405444387408,-0.2654084703863119,0.512376726723085,-0.06011285235812734,-0.14039061109122405
22,3,P.J. Tucker,45.8,HOU,SF/PF,4500,33.5,24.6,5.45,31.666666666666668,24.46,26.02421052631579,0.1595430233857248,1.019243980023009,0.17858508235220366,0.21408773335955236,0.7084919482439374,1.4315792040532114,0.2772139675237197
22,4,Markelle Fultz,21.5,ORL,PG/SG,4100,25.5,22.25,5.415,23.333333333333332,19.549999999999997,24.31607142857143,-0.03478360024697037,0.20194810792996695,0.0531204978719456,-0.2048315478490235,0.6815741727410751,-0.12413397065904316,0.2772139675237197
22,5,Julius Randle,30.3,NY,PF/C,6800,33.0,37.65,5.555,31.666666666666668,33.95,39.235263157894735,1.2386759758992014,0.9681629880171939,1.1489505702428948,1.0237708247382453,0.7892452747525234,0.43925187038901614,0.7028160391109843
22,6,Thomas Bryant,38.3,WAS,PF/C,6800,30.0,33.15,4.890000000000001,27.0,33.63,36.83333333333333,0.8665611646876576,0.6616770359823031,0.9725263388748022,0.9964685497918616,0.2778075401981439,0.9514208167963426,0.5757561428418331
22,7,Tobias Harris,28.3,PHI,SF/PF,6600,35.5,32.7,4.95,36.333333333333336,37.92,31.95,0.8293496835665036,1.2235679480462696,0.6138404517861421,1.3624896732918186,0.32395229820305005,0.3112096337871845,0.6060837373846736
23,0,Markelle Fultz,21.5,ORL,PG/SG,4100,25.5,22.25,5.415,23.333333333333332,19.549999999999997,24.31607142857143,-0.03478360024697037,0.20194810792996695,0.0531204978719456,-0.2048315478490235,0.6815741727410751,-0.12413397065904316,0.2772139675237197
23,1,Yogi Ferrell,3.3,SAC,PG/SG,3000,0.0,0.4,0.125,5.666666666666667,4.299999999999999,0.0,-1.8416077391296883,-2.4031824843666048,-1.73292011322738,-1.5059555882626234,-3.3868553246915125,-1.289318323735711,-0.48208141518531356
23,2,Andrew Wiggins,47.5,MIN,SG/SF,6600,33.5,33.25,5.045,31.0,32.989999999999995,35.931451612903224,0.8748303827145809,1.019243980023009,0.9062821931529894,0.9418639998990934,0.39701483171081847,1.5404151051647683,0.573250004370672
23,3,Noah Vonleh,18.0,MIN,PF/C,3500,13.0,14.25,4.085,14.333333333333334,12.969999999999999,12.924418604651162,-0.6963210424008258,-1.0750766922154111,-0.7836081912517168,-0.766234576434039,-0.34130129636768514,-0.34820788471224856,-0.2282179871723663
23,4,Zach LaVine,32.0,CHI,PG/SG,7200,32.5,36.3,5.03,32.666666666666664,35.9,36.11479591836734,1.1270415325357381,0.9170819960113787,0.9197490221321126,1.1901440626927708,0.3854786422095921,0.548087771500573,0.7023581272241304
23,5,Serge Ibaka,35.5,TOR,PF/C,5700,23.5,27.15,4.734999999999999,25.333333333333332,26.95,25.185197368421054,0.370408083072266,-0.0023758600932935496,0.11695869761120734,0.42653356028610073,0.15860024868546796,0.7721616855537784,0.28548390438191096
23,6,Montrezl Harrell,62.8,LAC,PF/C,6200,29.5,34.3,5.53,28.333333333333332,31.660000000000004,35.71235294117647,0.9616571719972742,0.610596043976488,0.8901891689697283,0.8283889196531867,0.7700182922504794,2.5199382151687804,0.47848530069160683
23,7,Markieff Morris,39.0,DET,SF/PF,3800,31.0,25.95,6.855,26.333333333333332,19.59,30.54873417721519,0.27117746674918775,0.7638390199939333,0.5109160269344172,-0.2014187634807253,1.789048364858831,0.9962355996069838,0.2982253110065796
24,0,Allonzo Trier,6.8,NY,PG/SG,3400,17.0,13.7,4.029999999999999,20.0,14.64,11.645,-0.7418017415489035,-0.6664287561688902,-0.8775828118319976,-0.6237508290575987,-0.38360065787218317,-1.0652444096825058,-0.3502158589979703
24,1,Norman Powell,12.0,TOR,SG/SF,4000,23.0,19.700000000000003,4.945,23.666666666666668,17.34,19.145070422535213,-0.2456486599335116,-0.05345685209910868,-0.3266948774836426,-0.393387884197486,0.3201069017026413,-0.7323345945177435,-0.15016343443088934
24,2,Glenn Robinson III,32.3,GS,SF/PF,4800,33.5,25.85,5.38,31.666666666666668,23.25,27.34657894736842,0.2629082487222647,1.019243980023009,0.27571441139588154,0.11085100621853876,0.6546563972382129,0.5672941069908476,0.28548390438191096
24,3,T.J. Warren,31.0,IND,SF/PF,5800,34.5,31.75,5.475,37.0,28.910000000000004,29.60472972972973,0.7507921123107331,1.1214059640346392,0.4415779233176328,0.5937599943327015,0.7277189307459814,0.4840666531996572,0.4777322249917347
24,4,Kyle Korver,17.3,MIL,SG/SF,3200,13.0,9.4,2.9450000000000003,16.666666666666668,11.14,7.331999999999999,-1.0973781167066008,-1.0750766922154111,-1.1943771253500983,-0.9223694612836709,-1.218051698460908,-0.3930226675228896,-0.24704306740570076
24,5,Tim Hardaway Jr.,20.8,DAL,SG/SF,3900,21.5,15.65,4.035,23.333333333333332,16.37,14.420357142857146,-0.5805519900239011,-0.20669982811655405,-0.6737299574756361,-0.4761479051287116,-0.37975526137177373,-0.16894875346968422,-0.29507618129022434
24,6,Clint Capela,57.0,HOU,C,6400,30.0,35.349999999999994,5.545,26.333333333333332,30.769999999999992,40.27215189873417,1.0484839612799675,0.6616770359823031,1.225111121332363,0.752454467458556,0.7815544817517057,2.1486157290234686,0.5805205878515874
24,7,Kyle Lowry,39.0,TOR,PG,8400,37.0,42.05,5.02,38.333333333333336,43.470000000000006,40.587391304347825,1.6025215690838217,1.376810924063715,1.2482657819155376,1.836013504393162,0.37778784920877384,0.9962355996069838,1.4671408016237995
25,0,Luke Kennard,32.8,DET,PG/SG,6000,34.5,31.1,5.165,33.333333333333336,28.339999999999996,32.1885,0.6970421951357324,1.1214059640346392,0.6313585236094824,0.5451278170844548,0.4893043477206315,0.5993046661413055,0.4777322249917347
25,1,Landry Shamet,18.8,LAC,SG/SF,3900,32.0,23.1,5.9399999999999995,29.333333333333332,16.94,25.200000000000003,0.03550475298187689,0.8660010040055636,0.11804596621990533,-0.42751572788046555,1.0853408052840063,-0.29699099007151586,0.08190412559819132
25,2,Solomon Hill,15.3,MEM,SF/PF,3100,15.0,10.15,3.295,19.0,14.510000000000002,8.013157894736842,-1.0353589815046769,-0.8707527241921508,-1.1443453730522564,-0.634842378254567,-0.948873943432287,-0.5210649041247213,-0.3190681819528545
25,3,Al-Farouq Aminu,5.3,ORL,SF/PF,3600,24.0,18.25,5.055,24.666666666666668,18.81,17.756756756756754,-0.36555232132389814,0.04870513191252158,-0.4286679529990808,-0.26796805866253576,0.40470562471163607,-1.1612760871338796,-0.05311945240513473
25,4,Ben Simmons,8.3,PHI,PG/SF,7700,35.0,39.55,5.13,36.0,39.85,38.451388888888886,1.3957911184107419,1.1724869560404543,1.0913741939539519,1.5271565190621954,0.4623865722177693,-0.969212732231132,1.2462552348765314
25,5,Robert Covington,24.5,MIN,SF/PF,5400,27.5,24.95,4.62,23.0,24.91,29.831521739130437,0.1884852864799558,0.40627207595322745,0.4582360311148709,0.2524815575029044,0.0701561291760644,0.06792938424370432,0.2664009823065924
25,6,Brook Lopez,44.5,MIL,C,5200,27.0,24.450000000000003,4.6850000000000005,26.666666666666668,22.33,24.755625000000002,0.14713919634534012,0.35519108394741233,0.08540616258679466,0.03235696574768536,0.12014628368138006,1.3483517502620208,0.2664009823065924
25,7,Frank Ntilikina,25.8,NY,PG/SG,4000,27.0,16.0,3.9800000000000004,21.666666666666668,11.540000000000001,19.938461538461535,-0.55160972692967,0.35519108394741233,-0.26841947893941837,-0.8882416176006912,-0.4220546228762711,0.15115683803489494,-0.2207241183729501
26,0,Alec Burks,47.0,GS,PG/SG,4000,27.0,24.7,6.15,23.333333333333332,16.76,28.58142857142857,0.1678122414126478,0.35519108394741233,0.3664153942273724,-0.4428732575378064,1.2468474583011797,1.5084045460143105,0.08190412559819132
26,1,Damion Lee,25.5,GS,SG/SF,4300,27.5,25.15,5.855,24.0,22.45,28.817708333333332,0.20502372253380213,0.40627207595322745,0.383770387264896,0.04259531885257935,1.0199690647770563,0.13195050254462015,0.20907238381408144
26,2,T.J. Warren,31.0,IND,SF/PF,5800,34.5,31.75,5.475,37.0,28.910000000000004,29.60472972972973,0.7507921123107331,1.1214059640346392,0.4415779233176328,0.5937599943327015,0.7277189307459814,0.4840666531996572,0.4777322249917347
26,3,Kyle Anderson,16.3,MEM,SF/PF,4000,21.5,19.05,4.755,21.333333333333332,19.59,19.198828125000002,-0.29939857710851253,-0.20669982811655405,-0.32274631860382735,-0.2014187634807253,0.17398183468710382,-0.45704378582380545,0.28548390438191096
26,4,Wayne Ellington,5.0,NY,SG/SF,3100,21.0,14.9,4.79,21.333333333333332,12.319999999999999,14.6671875,-0.642571125225825,-0.2577808201223692,-0.6556000122990773,-0.821692322418881,0.20089961018996602,-1.1804824226241544,-0.1955191553241582
26,5,Al Horford,21.0,PHI,PF/C,6400,31.0,30.5,4.785,33.0,38.440000000000005,28.65151515151515,0.6474268869741931,0.7638390199939333,0.3715633260672423,1.4068558700796925,0.19705421368955725,-0.15614452980950108,0.5283980576114935
26,6,Luke Kornet,7.5,CHI,PF/C,3100,14.0,12.2,3.945,13.333333333333334,10.559999999999999,12.809999999999999,-0.8658400119527514,-0.972914708203781,-0.7920123561750101,-0.9718548346239916,-0.44897239837913366,-1.0204296268718647,-0.24704306740570076
26,7,Norman Powell,12.0,TOR,SG/SF,4000,23.0,19.700000000000003,4.945,23.666666666666668,17.34,19.145070422535213,-0.2456486599335116,-0.05345685209910868,-0.3266948774836426,-0.393387884197486,0.3201069017026413,-0.7323345945177435,-0.15016343443088934
27,0,T.J. McConnell,18.3,IND,PG,3100,17.5,14.25,4.595000000000001,15.333333333333334,13.209999999999999,16.26358695652174,-0.6963210424008258,-0.6153477641630751,-0.5383428201058306,-0.7457578702242512,0.050929146674020445,-0.3290015492219738,-0.1955191553241582
27,1,Andrew Wiggins,47.5,MIN,SG/SF,6600,33.5,33.25,5.045,31.0,32.989999999999995,35.931451612903224,0.8748303827145809,1.019243980023009,0.9062821931529894,0.9418639998990934,0.39701483171081847,1.5404151051647683,0.573250004370672
27,2,Justin Holiday,9.0,IND,SG/SF,3400,24.5,18.25,5.38,24.333333333333332,16.35,18.375,-0.36555232132389814,0.0997861239183367,-0.3832573469637346,-0.47785429731286055,0.6546563972382129,-0.924397949420491,-0.15016343443088934
27,3,Thon Maker,11.5,DET,PF/C,3000,11.5,8.85,2.965,11.333333333333334,7.67,8.980147058823528,-1.1428588158546784,-1.2283196682328565,-1.0733190182142587,-1.2184285052335198,-1.2026701124592727,-0.7643451536682014,-0.24704306740570076
27,4,RJ Barrett,37.5,NY,PG/SG,6700,36.5,33.3,4.965,38.0,33.779999999999994,31.98552631578947,0.8789649917280423,1.3257299320578997,0.616449896447017,1.0092664911729783,0.3354884877042765,0.9002039221556101,0.5805205878515874
27,5,Omari Spellman,30.3,GS,PF/C,3300,17.0,15.35,4.675,16.333333333333332,15.989999999999998,15.976530612244899,-0.6053596441046708,-0.6664287561688902,-0.5594274056672024,-0.5085693566275425,0.11245549068056179,0.43925187038901614,-0.28132485089565634
27,6,Luke Kornet,7.5,CHI,PF/C,3100,14.0,12.2,3.945,13.333333333333334,10.559999999999999,12.809999999999999,-0.8658400119527514,-0.972914708203781,-0.7920123561750101,-0.9718548346239916,-0.44897239837913366,-1.0204296268718647,-0.24704306740570076
27,7,Lou Williams,58.5,LAC,PG/SG,6500,32.0,39.25,6.05,31.0,32.769999999999996,40.516129032258064,1.3709834643299725,0.8660010040055636,1.2430314942813119,0.9230936858734548,1.1699395282930019,2.2446474064748423,0.6785931843018916
28,0,Lou Williams,58.5,LAC,PG/SG,6500,32.0,39.25,6.05,31.0,32.769999999999996,40.516129032258064,1.3709834643299725,0.8660010040055636,1.2430314942813119,0.9230936858734548,1.1699395282930019,2.2446474064748423,0.6785931843018916
28,1,Evan Fournier,10.5,ORL,SG/SF,4800,30.0,25.6,5.3100000000000005,28.666666666666668,24.46,26.790697674418603,0.24223520365495674,0.6616770359823031,0.23488435661690965,0.21408773335955236,0.6008208462324892,-0.8283662719691173,0.28548390438191096
28,2,C.J. Miles,27.5,WAS,SG/SF,3100,11.0,8.25,2.63,19.0,16.45,4.776315789473684,-1.1924741240162176,-1.2794006602386718,-1.382094775487528,-0.4693223363921158,-1.4603116779866672,0.2599927391464518,-0.4595394849253045
28,3,Marquese Chriss,16.3,GS,PF/C,3300,10.5,10.9,3.315,13.666666666666666,13.940000000000001,8.37439024390244,-0.9733398463027528,-1.330481652244487,-1.117812483167154,-0.6834745555028131,-0.9334923574306516,-0.45704378582380545,-0.24704306740570076
28,4,Terence Davis,2.3,TOR,SG/SF,3000,0.0,3.5,1.165,6.333333333333333,6.0600000000000005,0.0,-1.5852619802950692,-2.4031824843666048,-1.73292011322738,-1.3557930760575128,-2.587012852606467,-1.353339442036627,-0.48208141518531356
28,5,Al Horford,21.0,PHI,PF/C,6400,31.0,30.5,4.785,33.0,38.440000000000005,28.65151515151515,0.6474268869741931,0.7638390199939333,0.3715633260672423,1.4068558700796925,0.19705421368955725,-0.15614452980950108,0.5283980576114935
28,6,Jonas Valanciunas,33.5,MEM,C,6100,24.0,34.599999999999994,5.645,22.333333333333332,30.04,37.18208955223881,0.9864648260780435,0.04870513191252158,0.9981428440807678,0.6901711527371187,0.8584624117598829,0.6441194489519467,0.5805205878515874
28,7,Robin Lopez,12.3,MIL,C,3200,14.0,11.8,3.69,15.333333333333334,10.14,10.773913043478261,-0.898916884060444,-0.972914708203781,-0.9415650502752797,-1.00768907049112,-0.6450876198999861,-0.7131282590274688,-0.24704306740570076
