Lineup Num,,Player Name,Actual FP,team,Pos,Salary,DFN_MinProj,Avg Proj,Avg Value Proj,Avg Skewed Min,Avg Skewed FP,Proj Min Enhanced,Avg Proj Stan,DFN_MinProj Stan,Proj Min Enhanced Stan,Avg Skewed FP Stan,Avg Value Proj Stan,Actual FP Stan,predictions
0,0,Russell Westbrook,50.5,HOU,PG,9400,34.0,54.35,5.77,33.0,61.67,55.9969696969697,2.68818583376478,1.078462457049653,2.4873782846617085,3.1542769750927566,1.2095729377301496,2.027475207170197,2.5975606584900497
0,1,Stephen Curry,55.3,GS,PG/SG,9500,33.5,52.45,5.515000000000001,30.0,39.910000000000004,58.569166666666675,2.5223311114650904,1.0251275864464702,2.6873541446720255,1.38604665450501,0.9431406373438853,2.3852907436962325,2.3538329464046757
0,2,Mario Hezonja,22.0,POR,SF/PF,3300,25.5,20.85,6.32,20.333333333333332,14.569999999999999,26.147950819672133,-0.236094796256073,0.17176965679554468,0.1667615936487444,-0.6730965589000232,1.7842308405240561,-0.09705454095314062,0.001301727369441093
0,3,Danuel House Jr.,17.8,HOU,SF/PF,3800,27.0,18.65,4.885,28.0,23.15,17.98392857142857,-0.42813710628729346,0.33177426860509324,-0.4679516065725442,0.024119256846432298,0.28489613050722895,-0.4101431354134219,-0.20495451991776234
0,4,Lou Williams,35.5,LAC,PG/SG,7100,29.0,36.75,5.18,31.0,35.910000000000004,34.37903225806452,1.1518473535150184,0.5451137510178247,0.8066883212085659,1.061004316161674,0.5931217329148691,0.9093016555263351,0.5747989630028247
0,5,Marquese Chriss,6.5,GS,PF/C,3200,20.0,20.7,6.48,19.0,20.759999999999998,21.789473684210527,-0.2491885901218382,-0.4149139198394667,-0.17208890021600715,-0.17009354031371093,1.951404048609556,-1.2525005443184645,-0.1663710995812559
0,6,Omari Spellman,20.0,GS,PF/C,3100,16.5,17.55,5.675,18.0,23.029999999999998,16.087500000000002,-0.5241582613029034,-0.7882580140617466,-0.6153897456370818,0.01436798669613214,1.1103138454293844,-0.24614434783898886,-0.2529266698065952
0,7,James Harden,57.8,HOU,PG/SG,10100,35.0,58.3,5.76,36.0,48.38000000000001,56.68055555555556,3.0329890722299258,1.1851321982560188,2.540523775295617,2.0743238059470244,1.1991246122248063,2.571653002303543,2.413588140892896
1,0,Lou Williams,35.5,LAC,PG/SG,7100,29.0,36.75,5.18,31.0,35.910000000000004,34.37903225806452,1.1518473535150184,0.5451137510178247,0.8066883212085659,1.061004316161674,0.5931217329148691,0.9093016555263351,0.5747989630028247
1,1,James Harden,57.8,HOU,PG/SG,10100,35.0,58.3,5.76,36.0,48.38000000000001,56.68055555555556,3.0329890722299258,1.1851321982560188,2.540523775295617,2.0743238059470244,1.1991246122248063,2.571653002303543,2.413588140892896
1,2,Josh Hart,22.5,NO,SG/SF,4800,33.0,26.450000000000003,5.525,29.333333333333332,32.11,29.756250000000005,0.25274017473248767,0.9717927158432874,0.44728938380689665,0.7522140947355047,0.9535889628492289,-0.059782089231678555,0.4303622824547045
1,3,Montrezl Harrell,33.8,LAC,PF/C,6400,30.0,36.1,5.625,30.666666666666668,35.08,35.315217391304344,1.0951075800967036,0.6517834922241903,0.879472182380194,0.9935580309554315,1.0580722179026658,0.7825753196733639,0.5903785892625744
1,4,Russell Westbrook,50.5,HOU,PG,9400,34.0,54.35,5.77,33.0,61.67,55.9969696969697,2.68818583376478,1.078462457049653,2.4873782846617085,3.1542769750927566,1.2095729377301496,2.027475207170197,2.5975606584900497
1,5,Luke Kennard,24.8,DET,SG/SF,5000,30.5,25.95,5.199999999999999,30.333333333333332,27.99,26.092582417582417,0.20909419517993733,0.7051183628273732,0.16245696847589366,0.41742048624186867,0.6140183839255562,0.111671188687047,0.23495908713405708
1,6,Marquese Chriss,6.5,GS,PF/C,3200,20.0,20.7,6.48,19.0,20.759999999999998,21.789473684210527,-0.2491885901218382,-0.4149139198394667,-0.17208890021600715,-0.17009354031371093,1.951404048609556,-1.2525005443184645,-0.1663710995812559
1,7,Mario Hezonja,22.0,POR,SF/PF,3300,25.5,20.85,6.32,20.333333333333332,14.569999999999999,26.147950819672133,-0.236094796256073,0.17176965679554468,0.1667615936487444,-0.6730965589000232,1.7842308405240561,-0.09705454095314062,0.001301727369441093
2,0,Russell Westbrook,50.5,HOU,PG,9400,34.0,54.35,5.77,33.0,61.67,55.9969696969697,2.68818583376478,1.078462457049653,2.4873782846617085,3.1542769750927566,1.2095729377301496,2.027475207170197,2.5975606584900497
2,1,Stephen Curry,55.3,GS,PG/SG,9500,33.5,52.45,5.515000000000001,30.0,39.910000000000004,58.569166666666675,2.5223311114650904,1.0251275864464702,2.6873541446720255,1.38604665450501,0.9431406373438853,2.3852907436962325,2.3538329464046757
2,2,Danuel House Jr.,17.8,HOU,SF/PF,3800,27.0,18.65,4.885,28.0,23.15,17.98392857142857,-0.42813710628729346,0.33177426860509324,-0.4679516065725442,0.024119256846432298,0.28489613050722895,-0.4101431354134219,-0.20495451991776234
2,3,Tobias Harris,28.8,PHI,SF/PF,6500,35.5,35.849999999999994,5.49,37.0,42.37,34.39662162162162,1.0732845903204278,1.2384670688592017,0.8080558090587594,1.585947692586161,0.9170198235805257,0.4098508024587435,1.094268685201044
2,4,James Harden,57.8,HOU,PG/SG,10100,35.0,58.3,5.76,36.0,48.38000000000001,56.68055555555556,3.0329890722299258,1.1851321982560188,2.540523775295617,2.0743238059470244,1.1991246122248063,2.571653002303543,2.413588140892896
2,5,Rodney Hood,18.8,POR,SG/SF,3800,31.0,21.4,5.609999999999999,31.0,24.1,21.4,-0.1880842187482682,0.758453233430556,-0.20236859336118748,0.1013168122029748,1.0423997296446497,-0.33559823197049776,0.07176132213949843
2,6,Omari Spellman,20.0,GS,PF/C,3100,16.5,17.55,5.675,18.0,23.029999999999998,16.087500000000002,-0.5241582613029034,-0.7882580140617466,-0.6153897456370818,0.01436798669613214,1.1103138454293844,-0.24614434783898886,-0.2529266698065952
2,7,Marquese Chriss,6.5,GS,PF/C,3200,20.0,20.7,6.48,19.0,20.759999999999998,21.789473684210527,-0.2491885901218382,-0.4149139198394667,-0.17208890021600715,-0.17009354031371093,1.951404048609556,-1.2525005443184645,-0.1663710995812559
3,0,Patrick Beverley,20.3,LAC,PG/SG,4800,29.5,26.85,5.585,29.666666666666668,24.889999999999997,26.699157303370786,0.2876569583745276,0.5984486216210074,0.20961522885611605,0.16551267402578326,1.0162789158812908,-0.22378087680611158,0.3189618224319745
3,1,Stephen Curry,55.3,GS,PG/SG,9500,33.5,52.45,5.515000000000001,30.0,39.910000000000004,58.569166666666675,2.5223311114650904,1.0251275864464702,2.6873541446720255,1.38604665450501,0.9431406373438853,2.3852907436962325,2.3538329464046757
3,2,Rodney Hood,18.8,POR,SG/SF,3800,31.0,21.4,5.609999999999999,31.0,24.1,21.4,-0.1880842187482682,0.758453233430556,-0.20236859336118748,0.1013168122029748,1.0423997296446497,-0.33559823197049776,0.07176132213949843
3,3,Kevin Love,39.0,CLE,PF/C,8400,32.5,42.55,5.045,35.0,46.989999999999995,39.51071428571428,1.6581407163245987,0.9184578452401045,1.2056517516412064,1.9613715933727138,0.4520693385927289,1.1702088175765695,1.582351784669553
3,4,James Harden,57.8,HOU,PG/SG,10100,35.0,58.3,5.76,36.0,48.38000000000001,56.68055555555556,3.0329890722299258,1.1851321982560188,2.540523775295617,2.0743238059470244,1.1991246122248063,2.571653002303543,2.413588140892896
3,5,Josh Hart,22.5,NO,SG/SF,4800,33.0,26.450000000000003,5.525,29.333333333333332,32.11,29.756250000000005,0.25274017473248767,0.9717927158432874,0.44728938380689665,0.7522140947355047,0.9535889628492289,-0.059782089231678555,0.4303622824547045
3,6,Omari Spellman,20.0,GS,PF/C,3100,16.5,17.55,5.675,18.0,23.029999999999998,16.087500000000002,-0.5241582613029034,-0.7882580140617466,-0.6153897456370818,0.01436798669613214,1.1103138454293844,-0.24614434783898886,-0.2529266698065952
3,7,Derrick Rose,18.3,DET,PG/SG,5400,27.0,31.15,5.74,26.0,35.57000000000001,32.348076923076924,0.6630123825264578,0.33177426860509324,0.6487913776457513,1.033375717402491,1.178227961214119,-0.3728706836919598,0.582872689991086
4,0,Russell Westbrook,50.5,HOU,PG,9400,34.0,54.35,5.77,33.0,61.67,55.9969696969697,2.68818583376478,1.078462457049653,2.4873782846617085,3.1542769750927566,1.2095729377301496,2.027475207170197,2.5975606584900497
4,1,Stephen Curry,55.3,GS,PG/SG,9500,33.5,52.45,5.515000000000001,30.0,39.910000000000004,58.569166666666675,2.5223311114650904,1.0251275864464702,2.6873541446720255,1.38604665450501,0.9431406373438853,2.3852907436962325,2.3538329464046757
4,2,Landry Shamet,26.5,LAC,SG/SF,4300,30.0,21.2,4.95,33.0,16.72,19.272727272727273,-0.20554261056928816,0.6517834922241903,-0.36775374781262576,-0.49838630204048007,0.35281024629196367,0.23839752454001795,-0.07874944898836957
4,3,Marquese Chriss,6.5,GS,PF/C,3200,20.0,20.7,6.48,19.0,20.759999999999998,21.789473684210527,-0.2491885901218382,-0.4149139198394667,-0.17208890021600715,-0.17009354031371093,1.951404048609556,-1.2525005443184645,-0.1663710995812559
4,4,Jordan Poole,19.3,GS,SG/SF,3300,24.5,16.1,4.875,22.0,12.819999999999999,17.92954545454546,-0.6507316020052984,0.06509991558917898,-0.4721796305912581,-0.8153025819252325,0.2744478050018854,-0.2983257802490357,-0.33999989823285764
4,5,Tobias Harris,28.8,PHI,SF/PF,6500,35.5,35.849999999999994,5.49,37.0,42.37,34.39662162162162,1.0732845903204278,1.2384670688592017,0.8080558090587594,1.585947692586161,0.9170198235805257,0.4098508024587435,1.094268685201044
4,6,Omari Spellman,20.0,GS,PF/C,3100,16.5,17.55,5.675,18.0,23.029999999999998,16.087500000000002,-0.5241582613029034,-0.7882580140617466,-0.6153897456370818,0.01436798669613214,1.1103138454293844,-0.24614434783898886,-0.2529266698065952
4,7,James Harden,57.8,HOU,PG/SG,10100,35.0,58.3,5.76,36.0,48.38000000000001,56.68055555555556,3.0329890722299258,1.1851321982560188,2.540523775295617,2.0743238059470244,1.1991246122248063,2.571653002303543,2.413588140892896
5,0,Russell Westbrook,50.5,HOU,PG,9400,34.0,54.35,5.77,33.0,61.67,55.9969696969697,2.68818583376478,1.078462457049653,2.4873782846617085,3.1542769750927566,1.2095729377301496,2.027475207170197,2.5975606584900497
5,1,Stephen Curry,55.3,GS,PG/SG,9500,33.5,52.45,5.515000000000001,30.0,39.910000000000004,58.569166666666675,2.5223311114650904,1.0251275864464702,2.6873541446720255,1.38604665450501,0.9431406373438853,2.3852907436962325,2.3538329464046757
5,2,Rodney Hood,18.8,POR,SG/SF,3800,31.0,21.4,5.609999999999999,31.0,24.1,21.4,-0.1880842187482682,0.758453233430556,-0.20236859336118748,0.1013168122029748,1.0423997296446497,-0.33559823197049776,0.07176132213949843
5,3,Frank Kaminsky,27.5,PHO,PF/C,5300,28.5,26.35,4.955,28.333333333333332,28.93,26.505000000000003,0.24401097882197756,0.49177888041464174,0.19452043861404897,0.4938054357525527,0.3580344090446354,0.3129424279829421,0.22385150211373755
5,4,James Harden,57.8,HOU,PG/SG,10100,35.0,58.3,5.76,36.0,48.38000000000001,56.68055555555556,3.0329890722299258,1.1851321982560188,2.540523775295617,2.0743238059470244,1.1991246122248063,2.571653002303543,2.413588140892896
5,5,Dario Saric,9.3,PHO,SF/PF,4800,29.5,23.8,4.97,30.333333333333332,24.36,23.146153846153847,0.021416483103972234,0.5984486216210074,-0.06661358656787965,0.12244456419529147,0.37370689730265066,-1.043774814678277,0.07176132213949843
5,6,Marquese Chriss,6.5,GS,PF/C,3200,20.0,20.7,6.48,19.0,20.759999999999998,21.789473684210527,-0.2491885901218382,-0.4149139198394667,-0.17208890021600715,-0.17009354031371093,1.951404048609556,-1.2525005443184645,-0.1663710995812559
5,7,Danuel House Jr.,17.8,HOU,SF/PF,3800,27.0,18.65,4.885,28.0,23.15,17.98392857142857,-0.42813710628729346,0.33177426860509324,-0.4679516065725442,0.024119256846432298,0.28489613050722895,-0.4101431354134219,-0.20495451991776234
6,0,Russell Westbrook,50.5,HOU,PG,9400,34.0,54.35,5.77,33.0,61.67,55.9969696969697,2.68818583376478,1.078462457049653,2.4873782846617085,3.1542769750927566,1.2095729377301496,2.027475207170197,2.5975606584900497
6,1,Stephen Curry,55.3,GS,PG/SG,9500,33.5,52.45,5.515000000000001,30.0,39.910000000000004,58.569166666666675,2.5223311114650904,1.0251275864464702,2.6873541446720255,1.38604665450501,0.9431406373438853,2.3852907436962325,2.3538329464046757
6,2,Tobias Harris,28.8,PHI,SF/PF,6500,35.5,35.849999999999994,5.49,37.0,42.37,34.39662162162162,1.0732845903204278,1.2384670688592017,0.8080558090587594,1.585947692586161,0.9170198235805257,0.4098508024587435,1.094268685201044
6,3,Bojan Bogdanovic,43.8,UTA,SF/PF,5400,29.0,27.85,5.175000000000001,24.0,29.089999999999996,33.65208333333333,0.3749489174796277,0.5451137510178247,0.7501715621425521,0.5068071292862859,0.5878975701621983,1.528024354102605,0.4303622824547045
6,4,Luke Kennard,24.8,DET,SG/SF,5000,30.5,25.95,5.199999999999999,30.333333333333332,27.99,26.092582417582417,0.20909419517993733,0.7051183628273732,0.16245696847589366,0.41742048624186867,0.6140183839255562,0.111671188687047,0.23495908713405708
6,5,Rodney Hood,18.8,POR,SG/SF,3800,31.0,21.4,5.609999999999999,31.0,24.1,21.4,-0.1880842187482682,0.758453233430556,-0.20236859336118748,0.1013168122029748,1.0423997296446497,-0.33559823197049776,0.07176132213949843
6,6,Marquese Chriss,6.5,GS,PF/C,3200,20.0,20.7,6.48,19.0,20.759999999999998,21.789473684210527,-0.2491885901218382,-0.4149139198394667,-0.17208890021600715,-0.17009354031371093,1.951404048609556,-1.2525005443184645,-0.1663710995812559
6,7,Lou Williams,35.5,LAC,PG/SG,7100,29.0,36.75,5.18,31.0,35.910000000000004,34.37903225806452,1.1518473535150184,0.5451137510178247,0.8066883212085659,1.061004316161674,0.5931217329148691,0.9093016555263351,0.5747989630028247
7,0,Tyler Johnson,6.8,PHO,PG/SG,4000,16.5,15.850000000000001,3.955,21.666666666666668,16.85,12.070384615384617,-0.6725545917815735,-0.7882580140617466,-0.9277010162213774,-0.48782242604432147,-0.6867981414897386,-1.2301370732855872,-0.2529266698065952
7,1,James Harden,57.8,HOU,PG/SG,10100,35.0,58.3,5.76,36.0,48.38000000000001,56.68055555555556,3.0329890722299258,1.1851321982560188,2.540523775295617,2.0743238059470244,1.1991246122248063,2.571653002303543,2.413588140892896
7,2,Luke Kennard,24.8,DET,SG/SF,5000,30.5,25.95,5.199999999999999,30.333333333333332,27.99,26.092582417582417,0.20909419517993733,0.7051183628273732,0.16245696847589366,0.41742048624186867,0.6140183839255562,0.111671188687047,0.23495908713405708
7,3,Marcus Morris,20.3,NY,SF/PF,5300,31.0,26.05,4.905,33.0,26.090000000000003,24.471212121212123,0.21782339109044746,0.758453233430556,0.03640327848572564,0.2630253755287846,0.3057927815179169,-0.22378087680611158,0.08642751219456853
7,4,Stephen Curry,55.3,GS,PG/SG,9500,33.5,52.45,5.515000000000001,30.0,39.910000000000004,58.569166666666675,2.5223311114650904,1.0251275864464702,2.6873541446720255,1.38604665450501,0.9431406373438853,2.3852907436962325,2.3538329464046757
7,5,Mario Hezonja,22.0,POR,SF/PF,3300,25.5,20.85,6.32,20.333333333333332,14.569999999999999,26.147950819672133,-0.236094796256073,0.17176965679554468,0.1667615936487444,-0.6730965589000232,1.7842308405240561,-0.09705454095314062,0.001301727369441093
7,6,Marquese Chriss,6.5,GS,PF/C,3200,20.0,20.7,6.48,19.0,20.759999999999998,21.789473684210527,-0.2491885901218382,-0.4149139198394667,-0.17208890021600715,-0.17009354031371093,1.951404048609556,-1.2525005443184645,-0.1663710995812559
7,7,Russell Westbrook,50.5,HOU,PG,9400,34.0,54.35,5.77,33.0,61.67,55.9969696969697,2.68818583376478,1.078462457049653,2.4873782846617085,3.1542769750927566,1.2095729377301496,2.027475207170197,2.5975606584900497
8,0,Russell Westbrook,50.5,HOU,PG,9400,34.0,54.35,5.77,33.0,61.67,55.9969696969697,2.68818583376478,1.078462457049653,2.4873782846617085,3.1542769750927566,1.2095729377301496,2.027475207170197,2.5975606584900497
8,1,James Harden,57.8,HOU,PG/SG,10100,35.0,58.3,5.76,36.0,48.38000000000001,56.68055555555556,3.0329890722299258,1.1851321982560188,2.540523775295617,2.0743238059470244,1.1991246122248063,2.571653002303543,2.413588140892896
8,2,Tobias Harris,28.8,PHI,SF/PF,6500,35.5,35.849999999999994,5.49,37.0,42.37,34.39662162162162,1.0732845903204278,1.2384670688592017,0.8080558090587594,1.585947692586161,0.9170198235805257,0.4098508024587435,1.094268685201044
8,3,Omari Spellman,20.0,GS,PF/C,3100,16.5,17.55,5.675,18.0,23.029999999999998,16.087500000000002,-0.5241582613029034,-0.7882580140617466,-0.6153897456370818,0.01436798669613214,1.1103138454293844,-0.24614434783898886,-0.2529266698065952
8,4,Bogdan Bogdanovic,23.3,SAC,SG/SF,4900,28.0,24.3,4.970000000000001,25.666666666666668,18.68,26.50909090909091,0.06506246265652228,0.4384440098114589,0.19483848698799403,-0.33911555625224543,0.3737068973026516,-0.0001461664773391988,0.08642751219456853
8,5,Bruce Brown Jr.,19.8,DET,SG/SF,3200,20.0,10.75,3.38,19.666666666666668,8.870000000000001,10.932203389830509,-1.1177435832175842,-0.4149139198394667,-1.0161890955206052,-1.1362818910392765,-1.2875768580470037,-0.2610533285275736,-0.5400430981118053
8,6,Marquese Chriss,6.5,GS,PF/C,3200,20.0,20.7,6.48,19.0,20.759999999999998,21.789473684210527,-0.2491885901218382,-0.4149139198394667,-0.17208890021600715,-0.17009354031371093,1.951404048609556,-1.2525005443184645,-0.1663710995812559
8,7,Stephen Curry,55.3,GS,PG/SG,9500,33.5,52.45,5.515000000000001,30.0,39.910000000000004,58.569166666666675,2.5223311114650904,1.0251275864464702,2.6873541446720255,1.38604665450501,0.9431406373438853,2.3852907436962325,2.3538329464046757
9,0,James Harden,57.8,HOU,PG/SG,10100,35.0,58.3,5.76,36.0,48.38000000000001,56.68055555555556,3.0329890722299258,1.1851321982560188,2.540523775295617,2.0743238059470244,1.1991246122248063,2.571653002303543,2.413588140892896
9,1,Langston Galloway,10.5,DET,PG/SG,3200,24.0,16.55,5.18,24.666666666666668,16.330000000000002,16.1027027027027,-0.6114502204080035,0.011765044985996127,-0.6142078091122863,-0.5300779300289551,0.5931217329148691,-0.954320930546768,-0.3317006074470925
9,2,Josh Hart,22.5,NO,SG/SF,4800,33.0,26.450000000000003,5.525,29.333333333333332,32.11,29.756250000000005,0.25274017473248767,0.9717927158432874,0.44728938380689665,0.7522140947355047,0.9535889628492289,-0.059782089231678555,0.4303622824547045
9,3,Kevin Love,39.0,CLE,PF/C,8400,32.5,42.55,5.045,35.0,46.989999999999995,39.51071428571428,1.6581407163245987,0.9184578452401045,1.2056517516412064,1.9613715933727138,0.4520693385927289,1.1702088175765695,1.582351784669553
9,4,Landry Shamet,26.5,LAC,SG/SF,4300,30.0,21.2,4.95,33.0,16.72,19.272727272727273,-0.20554261056928816,0.6517834922241903,-0.36775374781262576,-0.49838630204048007,0.35281024629196367,0.23839752454001795,-0.07874944898836957
9,5,Tobias Harris,28.8,PHI,SF/PF,6500,35.5,35.849999999999994,5.49,37.0,42.37,34.39662162162162,1.0732845903204278,1.2384670688592017,0.8080558090587594,1.585947692586161,0.9170198235805257,0.4098508024587435,1.094268685201044
9,6,Marquese Chriss,6.5,GS,PF/C,3200,20.0,20.7,6.48,19.0,20.759999999999998,21.789473684210527,-0.2491885901218382,-0.4149139198394667,-0.17208890021600715,-0.17009354031371093,1.951404048609556,-1.2525005443184645,-0.1663710995812559
9,7,Stephen Curry,55.3,GS,PG/SG,9500,33.5,52.45,5.515000000000001,30.0,39.910000000000004,58.569166666666675,2.5223311114650904,1.0251275864464702,2.6873541446720255,1.38604665450501,0.9431406373438853,2.3852907436962325,2.3538329464046757
10,0,James Harden,57.8,HOU,PG/SG,10100,35.0,58.3,5.76,36.0,48.38000000000001,56.68055555555556,3.0329890722299258,1.1851321982560188,2.540523775295617,2.0743238059470244,1.1991246122248063,2.571653002303543,2.413588140892896
10,1,Lou Williams,35.5,LAC,PG/SG,7100,29.0,36.75,5.18,31.0,35.910000000000004,34.37903225806452,1.1518473535150184,0.5451137510178247,0.8066883212085659,1.061004316161674,0.5931217329148691,0.9093016555263351,0.5747989630028247
10,2,Josh Hart,22.5,NO,SG/SF,4800,33.0,26.450000000000003,5.525,29.333333333333332,32.11,29.756250000000005,0.25274017473248767,0.9717927158432874,0.44728938380689665,0.7522140947355047,0.9535889628492289,-0.059782089231678555,0.4303622824547045
10,3,Marquese Chriss,6.5,GS,PF/C,3200,20.0,20.7,6.48,19.0,20.759999999999998,21.789473684210527,-0.2491885901218382,-0.4149139198394667,-0.17208890021600715,-0.17009354031371093,1.951404048609556,-1.2525005443184645,-0.1663710995812559
10,4,George Hill,38.0,MIL,PG/SG,3300,23.0,19.1,5.765000000000001,30.0,20.22,14.643333333333334,-0.3888557246899982,-0.09490469622036957,-0.7276667114243957,-0.2139742559900612,1.2043487749774788,1.0956639141336455,-0.21236009157185992
10,5,Kevin Love,39.0,CLE,PF/C,8400,32.5,42.55,5.045,35.0,46.989999999999995,39.51071428571428,1.6581407163245987,0.9184578452401045,1.2056517516412064,1.9613715933727138,0.4520693385927289,1.1702088175765695,1.582351784669553
10,6,Omari Spellman,20.0,GS,PF/C,3100,16.5,17.55,5.675,18.0,23.029999999999998,16.087500000000002,-0.5241582613029034,-0.7882580140617466,-0.6153897456370818,0.01436798669613214,1.1103138454293844,-0.24614434783898886,-0.2529266698065952
10,7,Stephen Curry,55.3,GS,PG/SG,9500,33.5,52.45,5.515000000000001,30.0,39.910000000000004,58.569166666666675,2.5223311114650904,1.0251275864464702,2.6873541446720255,1.38604665450501,0.9431406373438853,2.3852907436962325,2.3538329464046757
11,0,Russell Westbrook,50.5,HOU,PG,9400,34.0,54.35,5.77,33.0,61.67,55.9969696969697,2.68818583376478,1.078462457049653,2.4873782846617085,3.1542769750927566,1.2095729377301496,2.027475207170197,2.5975606584900497
11,1,CJ McCollum,41.3,POR,PG/SG,6300,35.0,32.0,5.1,37.0,33.14,30.270270270270274,0.737210547765793,1.1851321982560188,0.4872519709730507,0.8359124968589138,0.5095351288721192,1.341662095495295,0.5854837139605633
11,2,Dario Saric,9.3,PHO,SF/PF,4800,29.5,23.8,4.97,30.333333333333332,24.36,23.146153846153847,0.021416483103972234,0.5984486216210074,-0.06661358656787965,0.12244456419529147,0.37370689730265066,-1.043774814678277,0.07176132213949843
11,3,Tobias Harris,28.8,PHI,SF/PF,6500,35.5,35.849999999999994,5.49,37.0,42.37,34.39662162162162,1.0732845903204278,1.2384670688592017,0.8080558090587594,1.585947692586161,0.9170198235805257,0.4098508024587435,1.094268685201044
11,4,James Harden,57.8,HOU,PG/SG,10100,35.0,58.3,5.76,36.0,48.38000000000001,56.68055555555556,3.0329890722299258,1.1851321982560188,2.540523775295617,2.0743238059470244,1.1991246122248063,2.571653002303543,2.413588140892896
11,5,Landry Shamet,26.5,LAC,SG/SF,4300,30.0,21.2,4.95,33.0,16.72,19.272727272727273,-0.20554261056928816,0.6517834922241903,-0.36775374781262576,-0.49838630204048007,0.35281024629196367,0.23839752454001795,-0.07874944898836957
11,6,Marquese Chriss,6.5,GS,PF/C,3200,20.0,20.7,6.48,19.0,20.759999999999998,21.789473684210527,-0.2491885901218382,-0.4149139198394667,-0.17208890021600715,-0.17009354031371093,1.951404048609556,-1.2525005443184645,-0.1663710995812559
11,7,Josh Hart,22.5,NO,SG/SF,4800,33.0,26.450000000000003,5.525,29.333333333333332,32.11,29.756250000000005,0.25274017473248767,0.9717927158432874,0.44728938380689665,0.7522140947355047,0.9535889628492289,-0.059782089231678555,0.4303622824547045
12,0,Lou Williams,35.5,LAC,PG/SG,7100,29.0,36.75,5.18,31.0,35.910000000000004,34.37903225806452,1.1518473535150184,0.5451137510178247,0.8066883212085659,1.061004316161674,0.5931217329148691,0.9093016555263351,0.5747989630028247
12,1,James Harden,57.8,HOU,PG/SG,10100,35.0,58.3,5.76,36.0,48.38000000000001,56.68055555555556,3.0329890722299258,1.1851321982560188,2.540523775295617,2.0743238059470244,1.1991246122248063,2.571653002303543,2.413588140892896
12,2,Danuel House Jr.,17.8,HOU,SF/PF,3800,27.0,18.65,4.885,28.0,23.15,17.98392857142857,-0.42813710628729346,0.33177426860509324,-0.4679516065725442,0.024119256846432298,0.28489613050722895,-0.4101431354134219,-0.20495451991776234
12,3,Tobias Harris,28.8,PHI,SF/PF,6500,35.5,35.849999999999994,5.49,37.0,42.37,34.39662162162162,1.0732845903204278,1.2384670688592017,0.8080558090587594,1.585947692586161,0.9170198235805257,0.4098508024587435,1.094268685201044
12,4,Russell Westbrook,50.5,HOU,PG,9400,34.0,54.35,5.77,33.0,61.67,55.9969696969697,2.68818583376478,1.078462457049653,2.4873782846617085,3.1542769750927566,1.2095729377301496,2.027475207170197,2.5975606584900497
12,5,Kent Bazemore,13.3,POR,SG/SF,3800,27.0,23.0,6.025,26.333333333333332,21.86,23.582278481012658,-0.04841708418010791,0.33177426860509324,-0.032707007890178066,-0.08070689726929345,1.476005238116416,-0.7455952009065805,0.006138887916106551
12,6,Omari Spellman,20.0,GS,PF/C,3100,16.5,17.55,5.675,18.0,23.029999999999998,16.087500000000002,-0.5241582613029034,-0.7882580140617466,-0.6153897456370818,0.01436798669613214,1.1103138454293844,-0.24614434783898886,-0.2529266698065952
12,7,Luke Kennard,24.8,DET,SG/SF,5000,30.5,25.95,5.199999999999999,30.333333333333332,27.99,26.092582417582417,0.20909419517993733,0.7051183628273732,0.16245696847589366,0.41742048624186867,0.6140183839255562,0.111671188687047,0.23495908713405708
13,0,Stephen Curry,55.3,GS,PG/SG,9500,33.5,52.45,5.515000000000001,30.0,39.910000000000004,58.569166666666675,2.5223311114650904,1.0251275864464702,2.6873541446720255,1.38604665450501,0.9431406373438853,2.3852907436962325,2.3538329464046757
13,1,James Harden,57.8,HOU,PG/SG,10100,35.0,58.3,5.76,36.0,48.38000000000001,56.68055555555556,3.0329890722299258,1.1851321982560188,2.540523775295617,2.0743238059470244,1.1991246122248063,2.571653002303543,2.413588140892896
13,2,Marcus Morris,20.3,NY,SF/PF,5300,31.0,26.05,4.905,33.0,26.090000000000003,24.471212121212123,0.21782339109044746,0.758453233430556,0.03640327848572564,0.2630253755287846,0.3057927815179169,-0.22378087680611158,0.08642751219456853
13,3,Marquese Chriss,6.5,GS,PF/C,3200,20.0,20.7,6.48,19.0,20.759999999999998,21.789473684210527,-0.2491885901218382,-0.4149139198394667,-0.17208890021600715,-0.17009354031371093,1.951404048609556,-1.2525005443184645,-0.1663710995812559
13,4,Luke Kennard,24.8,DET,SG/SF,5000,30.5,25.95,5.199999999999999,30.333333333333332,27.99,26.092582417582417,0.20909419517993733,0.7051183628273732,0.16245696847589366,0.41742048624186867,0.6140183839255562,0.111671188687047,0.23495908713405708
13,5,Skal Labissiere,19.0,POR,PF/C,3200,15.0,13.4,4.175,7.333333333333333,9.4,27.40909090909091,-0.8864198915890689,-0.9482626258712952,0.2648091292559102,-1.0932137812087845,-0.45693498037217656,-0.320689251281913,-0.4229252355554373
13,6,Omari Spellman,20.0,GS,PF/C,3100,16.5,17.55,5.675,18.0,23.029999999999998,16.087500000000002,-0.5241582613029034,-0.7882580140617466,-0.6153897456370818,0.01436798669613214,1.1103138454293844,-0.24614434783898886,-0.2529266698065952
13,7,Russell Westbrook,50.5,HOU,PG,9400,34.0,54.35,5.77,33.0,61.67,55.9969696969697,2.68818583376478,1.078462457049653,2.4873782846617085,3.1542769750927566,1.2095729377301496,2.027475207170197,2.5975606584900497
14,0,Stephen Curry,55.3,GS,PG/SG,9500,33.5,52.45,5.515000000000001,30.0,39.910000000000004,58.569166666666675,2.5223311114650904,1.0251275864464702,2.6873541446720255,1.38604665450501,0.9431406373438853,2.3852907436962325,2.3538329464046757
14,1,James Harden,57.8,HOU,PG/SG,10100,35.0,58.3,5.76,36.0,48.38000000000001,56.68055555555556,3.0329890722299258,1.1851321982560188,2.540523775295617,2.0743238059470244,1.1991246122248063,2.571653002303543,2.413588140892896
14,2,Terrance Ferguson,7.5,OKC,SG/SF,3200,25.0,15.05,4.705,25.333333333333332,12.209999999999999,14.85197368421053,-0.7423881590656536,0.11843478619236182,-0.7114459343645282,-0.8648715385225912,0.09682627141104191,-1.1779556408755405,-0.4229252355554373
14,3,Montrezl Harrell,33.8,LAC,PF/C,6400,30.0,36.1,5.625,30.666666666666668,35.08,35.315217391304344,1.0951075800967036,0.6517834922241903,0.879472182380194,0.9935580309554315,1.0580722179026658,0.7825753196733639,0.5903785892625744
14,4,Luke Kennard,24.8,DET,SG/SF,5000,30.5,25.95,5.199999999999999,30.333333333333332,27.99,26.092582417582417,0.20909419517993733,0.7051183628273732,0.16245696847589366,0.41742048624186867,0.6140183839255562,0.111671188687047,0.23495908713405708
14,5,Dario Saric,9.3,PHO,SF/PF,4800,29.5,23.8,4.97,30.333333333333332,24.36,23.146153846153847,0.021416483103972234,0.5984486216210074,-0.06661358656787965,0.12244456419529147,0.37370689730265066,-1.043774814678277,0.07176132213949843
14,6,Marquese Chriss,6.5,GS,PF/C,3200,20.0,20.7,6.48,19.0,20.759999999999998,21.789473684210527,-0.2491885901218382,-0.4149139198394667,-0.17208890021600715,-0.17009354031371093,1.951404048609556,-1.2525005443184645,-0.1663710995812559
14,7,Tobias Harris,28.8,PHI,SF/PF,6500,35.5,35.849999999999994,5.49,37.0,42.37,34.39662162162162,1.0732845903204278,1.2384670688592017,0.8080558090587594,1.585947692586161,0.9170198235805257,0.4098508024587435,1.094268685201044
15,0,Stephen Curry,55.3,GS,PG/SG,9500,33.5,52.45,5.515000000000001,30.0,39.910000000000004,58.569166666666675,2.5223311114650904,1.0251275864464702,2.6873541446720255,1.38604665450501,0.9431406373438853,2.3852907436962325,2.3538329464046757
15,1,Lou Williams,35.5,LAC,PG/SG,7100,29.0,36.75,5.18,31.0,35.910000000000004,34.37903225806452,1.1518473535150184,0.5451137510178247,0.8066883212085659,1.061004316161674,0.5931217329148691,0.9093016555263351,0.5747989630028247
15,2,Mario Hezonja,22.0,POR,SF/PF,3300,25.5,20.85,6.32,20.333333333333332,14.569999999999999,26.147950819672133,-0.236094796256073,0.17176965679554468,0.1667615936487444,-0.6730965589000232,1.7842308405240561,-0.09705454095314062,0.001301727369441093
15,3,T.J. Warren,36.8,IND,SF/PF,5400,33.5,26.05,4.84,35.0,15.709999999999999,24.93357142857143,0.21782339109044746,1.0251275864464702,0.07234947592403633,-0.5804594924721723,0.23787866573318217,1.0062100300021362,0.2650472646358993
15,4,Russell Westbrook,50.5,HOU,PG,9400,34.0,54.35,5.77,33.0,61.67,55.9969696969697,2.68818583376478,1.078462457049653,2.4873782846617085,3.1542769750927566,1.2095729377301496,2.027475207170197,2.5975606584900497
15,5,Rodney Hood,18.8,POR,SG/SF,3800,31.0,21.4,5.609999999999999,31.0,24.1,21.4,-0.1880842187482682,0.758453233430556,-0.20236859336118748,0.1013168122029748,1.0423997296446497,-0.33559823197049776,0.07176132213949843
15,6,Omari Spellman,20.0,GS,PF/C,3100,16.5,17.55,5.675,18.0,23.029999999999998,16.087500000000002,-0.5241582613029034,-0.7882580140617466,-0.6153897456370818,0.01436798669613214,1.1103138454293844,-0.24614434783898886,-0.2529266698065952
15,7,Marquese Chriss,6.5,GS,PF/C,3200,20.0,20.7,6.48,19.0,20.759999999999998,21.789473684210527,-0.2491885901218382,-0.4149139198394667,-0.17208890021600715,-0.17009354031371093,1.951404048609556,-1.2525005443184645,-0.1663710995812559
16,0,Lou Williams,35.5,LAC,PG/SG,7100,29.0,36.75,5.18,31.0,35.910000000000004,34.37903225806452,1.1518473535150184,0.5451137510178247,0.8066883212085659,1.061004316161674,0.5931217329148691,0.9093016555263351,0.5747989630028247
16,1,James Harden,57.8,HOU,PG/SG,10100,35.0,58.3,5.76,36.0,48.38000000000001,56.68055555555556,3.0329890722299258,1.1851321982560188,2.540523775295617,2.0743238059470244,1.1991246122248063,2.571653002303543,2.413588140892896
16,2,Dario Saric,9.3,PHO,SF/PF,4800,29.5,23.8,4.97,30.333333333333332,24.36,23.146153846153847,0.021416483103972234,0.5984486216210074,-0.06661358656787965,0.12244456419529147,0.37370689730265066,-1.043774814678277,0.07176132213949843
16,3,T.J. Warren,36.8,IND,SF/PF,5400,33.5,26.05,4.84,35.0,15.709999999999999,24.93357142857143,0.21782339109044746,1.0251275864464702,0.07234947592403633,-0.5804594924721723,0.23787866573318217,1.0062100300021362,0.2650472646358993
16,4,Landry Shamet,26.5,LAC,SG/SF,4300,30.0,21.2,4.95,33.0,16.72,19.272727272727273,-0.20554261056928816,0.6517834922241903,-0.36775374781262576,-0.49838630204048007,0.35281024629196367,0.23839752454001795,-0.07874944898836957
16,5,Omari Spellman,20.0,GS,PF/C,3100,16.5,17.55,5.675,18.0,23.029999999999998,16.087500000000002,-0.5241582613029034,-0.7882580140617466,-0.6153897456370818,0.01436798669613214,1.1103138454293844,-0.24614434783898886,-0.2529266698065952
16,6,Marquese Chriss,6.5,GS,PF/C,3200,20.0,20.7,6.48,19.0,20.759999999999998,21.789473684210527,-0.2491885901218382,-0.4149139198394667,-0.17208890021600715,-0.17009354031371093,1.951404048609556,-1.2525005443184645,-0.1663710995812559
16,7,Jordan Clarkson,23.5,CLE,PG/SF,3900,19.0,17.7,4.52,18.0,17.94,18.683333333333334,-0.5110644674371385,-0.5215836610458323,-0.4135762727995272,-0.39924838884576247,-0.0964677504378178,0.014762814211245574,-0.2529266698065952
17,0,Russell Westbrook,50.5,HOU,PG,9400,34.0,54.35,5.77,33.0,61.67,55.9969696969697,2.68818583376478,1.078462457049653,2.4873782846617085,3.1542769750927566,1.2095729377301496,2.027475207170197,2.5975606584900497
17,1,Glenn Robinson III,30.3,GS,SG/SF,3400,29.5,18.5,5.425000000000001,26.0,18.2,20.990384615384617,-0.4412309001530584,0.5984486216210074,-0.23421420618825173,-0.37812063685344577,0.8491057077957919,0.5216681576231297,-0.1308029267656001
17,2,Dario Saric,9.3,PHO,SF/PF,4800,29.5,23.8,4.97,30.333333333333332,24.36,23.146153846153847,0.021416483103972234,0.5984486216210074,-0.06661358656787965,0.12244456419529147,0.37370689730265066,-1.043774814678277,0.07176132213949843
17,3,Tobias Harris,28.8,PHI,SF/PF,6500,35.5,35.849999999999994,5.49,37.0,42.37,34.39662162162162,1.0732845903204278,1.2384670688592017,0.8080558090587594,1.585947692586161,0.9170198235805257,0.4098508024587435,1.094268685201044
17,4,Bryn Forbes,23.8,SA,PG/SG,4100,31.0,21.05,5.12,32.0,26.29,20.392187500000002,-0.21863640443505303,0.758453233430556,-0.28072113548411426,0.279277492445951,0.5304317798828072,0.03712628524412286,-0.0896932515513624
17,5,Frank Kaminsky,27.5,PHO,PF/C,5300,28.5,26.35,4.955,28.333333333333332,28.93,26.505000000000003,0.24401097882197756,0.49177888041464174,0.19452043861404897,0.4938054357525527,0.3580344090446354,0.3129424279829421,0.22385150211373755
17,6,Omari Spellman,20.0,GS,PF/C,3100,16.5,17.55,5.675,18.0,23.029999999999998,16.087500000000002,-0.5241582613029034,-0.7882580140617466,-0.6153897456370818,0.01436798669613214,1.1103138454293844,-0.24614434783898886,-0.2529266698065952
17,7,Mario Hezonja,22.0,POR,SF/PF,3300,25.5,20.85,6.32,20.333333333333332,14.569999999999999,26.147950819672133,-0.236094796256073,0.17176965679554468,0.1667615936487444,-0.6730965589000232,1.7842308405240561,-0.09705454095314062,0.001301727369441093
18,0,De'Aaron Fox,39.3,SAC,PG,7300,32.5,36.8,5.03,27.0,27.620000000000005,44.2962962962963,1.1562119514702731,0.9184578452401045,1.5777075815369952,0.3873540699451106,0.43639685033471365,1.1925722886094465,0.888128805751734
18,1,Collin Sexton,23.3,CLE,PG/SG,5400,30.0,24.9,4.605,30.0,25.080000000000002,24.9,0.11743763811958216,0.6517834922241903,0.06973945990293133,0.18095218509709213,-0.007656983642395119,-0.0001461664773391988,0.006138887916106551
18,2,Furkan Korkmaz,5.3,PHI,SG/SF,3100,0.0,6.65,2.135,13.0,5.15,0.0,-1.4756406155484942,-2.5483087439667806,-1.8661149761760851,-1.4385712656985787,-2.5883933834622996,-1.3419544284499734,-0.42356552544838216
18,3,OG Anunoby,40.0,TOR,SF/PF,4900,31.0,23.3,4.77,32.666666666666664,26.740000000000002,22.111224489795923,-0.02222949644857782,0.758453233430556,-0.14707433297486316,0.3158447555095765,0.1647403871957757,1.2447537210194937,-0.0896932515513624
18,4,Damian Lillard,54.8,POR,PG,8900,36.5,44.65,5.0,36.666666666666664,48.53,44.44704545454545,1.8414538304453092,1.3451368100655674,1.5894275986748188,2.0865128936348984,0.4050518738186822,2.3480182919747703,1.8219544217872887
18,5,Richaun Holmes,45.8,SAC,PF/C,4000,17.0,18.4,4.625,16.666666666666668,14.239999999999998,18.767999999999997,-0.44996009606356846,-0.7349231434585638,-0.40699384941580496,-0.6999125518133483,0.013239667368291914,1.6771141609884535,-0.3317006074470925
18,6,Cody Zeller,33.3,CHA,C,5800,30.0,30.05,5.195,32.0,39.83,28.171875,0.5669912275108479,0.6517834922241903,0.32411189898108533,1.3795458077381428,0.6087942211728854,0.7453028679519018,0.5903785892625744
18,7,Monte Morris,11.0,DEN,PG,3300,13.5,12.75,3.87,13.0,8.25,13.240384615384615,-0.9431596650073839,-1.1082672376808438,-0.8367391812730863,-1.1866634534824936,-0.7756089082851604,-0.917048478825306,-0.5400430981118053
19,0,Shai Gilgeous-Alexander,40.3,OKC,PG/SG,7000,35.5,34.849999999999994,4.994999999999999,33.666666666666664,40.33,36.74777227722772,0.9859926312153278,1.2384670688592017,0.9908463884380828,1.4201761000310598,0.39982771106600945,1.2671171920523707,1.6004450974076398
19,1,Furkan Korkmaz,5.3,PHI,SG/SF,3100,0.0,6.65,2.135,13.0,5.15,0.0,-1.4756406155484942,-2.5483087439667806,-1.8661149761760851,-1.4385712656985787,-2.5883933834622996,-1.3419544284499734,-0.42356552544838216
19,2,Jordan Clarkson,23.5,CLE,PG/SF,3900,19.0,17.7,4.52,18.0,17.94,18.683333333333334,-0.5110644674371385,-0.5215836610458323,-0.4135762727995272,-0.39924838884576247,-0.0964677504378178,0.014762814211245574,-0.2529266698065952
19,3,Jabari Parker,11.0,ATL,SF/PF,4500,19.5,20.75,4.615,20.0,19.03,20.231250000000003,-0.24482399216658313,-0.4682487904426495,-0.29323324686188396,-0.3106743516472034,0.0027913418629483978,-0.917048478825306,-0.17344439800074213
19,4,Elfrid Payton,7.0,NY,SG,5100,28.0,26.25,5.15,27.0,27.01,27.22222222222222,0.23528178291146742,0.4384440098114589,0.2502809936559499,0.33778511334775163,0.5617767563988386,-1.2152280925970025,0.0883636658165815
19,5,Domantas Sabonis,41.5,IND,PF/C,7600,33.0,41.05,5.395,34.0,36.83,39.84264705882353,1.5272027776669486,0.9717927158432874,1.231457917557012,1.1357640539806408,0.8177607312797595,1.3565710761838798,0.582872689991086
19,6,Pascal Siakam,38.8,TOR,PF/C,8700,35.0,42.8,4.93,33.333333333333336,47.36,44.93999999999999,1.6799637061008739,1.1851321982560188,1.6277524277351996,1.9914380096694726,0.3319135952812757,1.1552998368879845,1.6664880510328708
19,7,Tyson Chandler,0.0,HOU,C,3100,0.0,6.75,2.175,9.0,10.249999999999998,0.0,-1.4669114196379844,-2.5483087439667806,-1.8661149761760851,-1.0241422843108259,-2.5466000814409244,-1.7370424166974714,-0.5558792812795327
20,0,Collin Sexton,23.3,CLE,PG/SG,5400,30.0,24.9,4.605,30.0,25.080000000000002,24.9,0.11743763811958216,0.6517834922241903,0.06973945990293133,0.18095218509709213,-0.007656983642395119,-0.0001461664773391988,0.006138887916106551
20,1,Kyle Korver,13.3,MIL,SG/SF,3200,15.0,11.5,3.59,17.0,15.4,10.147058823529413,-1.052274613888759,-0.9482626258712952,-1.0772302839397743,-0.6056502736937808,-1.0681620224347854,-0.7455952009065805,-0.4483367623598136
20,2,Jeff Green,9.8,UTA,SF/PF,3400,18.0,14.65,4.3149999999999995,19.666666666666668,12.930000000000001,13.408474576271185,-0.7773049427076937,-0.6282534022521981,-0.8236710006930617,-0.8063639176207906,-0.31065842329736454,-1.0065023629568148,-0.5387768996015889
20,3,John Collins,31.0,ATL,PF/C,7700,33.0,39.7,5.165,32.0,36.96,40.940625000000004,1.409358632875064,0.9717927158432874,1.3168203861571477,1.1463279299767997,0.5774492446568539,0.5738495900331765,0.5903785892625744
20,4,Josh Hart,22.5,NO,SG/SF,4800,33.0,26.450000000000003,5.525,29.333333333333332,32.11,29.756250000000005,0.25274017473248767,0.9717927158432874,0.44728938380689665,0.7522140947355047,0.9535889628492289,-0.059782089231678555,0.4303622824547045
20,5,DeAndre' Bembry,15.0,ATL,SG/SF,3800,24.5,19.450000000000003,5.115,25.0,19.79,19.061000000000003,-0.358303539003213,0.06509991558917898,-0.3842145180996939,-0.2489163073619698,0.5252076171301354,-0.6188688650536095,-0.17344439800074213
20,6,Draymond Green,58.8,GS,PF/C,7100,31.5,36.8,5.205,26.0,25.839999999999996,44.58461538461538,1.1562119514702731,0.8117881040337388,1.6001229946345357,0.24271022938232548,0.6192425466782289,2.646197905746467,0.5869418874311328
20,7,Rodney Hood,18.8,POR,SG/SF,3800,31.0,21.4,5.609999999999999,31.0,24.1,21.4,-0.1880842187482682,0.758453233430556,-0.20236859336118748,0.1013168122029748,1.0423997296446497,-0.33559823197049776,0.07176132213949843
21,0,Anfernee Simons,15.0,POR,PG/SG,3400,18.5,14.45,4.23,16.666666666666668,11.129999999999999,16.039499999999997,-0.7947633345287138,-0.5749185316490152,-0.6191215132247044,-0.9526329698752919,-0.39946919009278536,-0.6188688650536095,-0.5400430981118053
21,1,Gary Harris,28.0,DEN,SG,4700,32.0,23.75,5.07,35.0,18.05,21.714285714285715,0.017051885148717166,0.8651229746369217,-0.1779344008231848,-0.39030972454132074,0.47819015235608864,0.3502148797044041,0.056119698081919765
21,2,Justin Holiday,21.5,IND,SG/SF,3600,23.5,17.200000000000003,4.765,19.0,15.12,21.27368421052632,-0.5547104469896882,-0.04156982561718672,-0.21218903438124553,-0.6284032373778144,0.15951622444310393,-0.13432699267460269,-0.28501744096274834
21,3,Kyle O'Quinn,7.8,PHI,PF/C,3400,0.0,7.4,2.17,9.0,9.18,0.0,-1.4101716462196692,-2.5483087439667806,-1.8661149761760851,-1.1110911098176681,-2.5518242441935963,-1.1555921698426632,-0.5558792812795327
21,4,T.J. McConnell,15.8,IND,PG,3100,18.5,14.45,4.675,17.0,15.209999999999999,15.725,-0.7947633345287138,-0.5749185316490152,-0.6435723654394372,-0.6210897847650894,0.06548129489501044,-0.5592329422992701,-0.41599146778805424
21,5,LaMarcus Aldridge,39.8,SA,PF/C,7800,33.0,39.15,5.035,34.0,40.730000000000004,37.9985294117647,1.3613480553672586,0.9717927158432874,1.0880866995766731,1.452680333865394,0.4416210130873854,1.2298447403309085,1.2188910843081622
21,6,Domantas Sabonis,41.5,IND,PF/C,7600,33.0,41.05,5.395,34.0,36.83,39.84264705882353,1.5272027776669486,0.9717927158432874,1.231457917557012,1.1357640539806408,0.8177607312797595,1.3565710761838798,0.582872689991086
21,7,Mario Hezonja,22.0,POR,SF/PF,3300,25.5,20.85,6.32,20.333333333333332,14.569999999999999,26.147950819672133,-0.236094796256073,0.17176965679554468,0.1667615936487444,-0.6730965589000232,1.7842308405240561,-0.09705454095314062,0.001301727369441093
22,0,De'Aaron Fox,39.3,SAC,PG,7300,32.5,36.8,5.03,27.0,27.620000000000005,44.2962962962963,1.1562119514702731,0.9184578452401045,1.5777075815369952,0.3873540699451106,0.43639685033471365,1.1925722886094465,0.888128805751734
22,1,Furkan Korkmaz,5.3,PHI,SG/SF,3100,0.0,6.65,2.135,13.0,5.15,0.0,-1.4756406155484942,-2.5483087439667806,-1.8661149761760851,-1.4385712656985787,-2.5883933834622996,-1.3419544284499734,-0.42356552544838216
22,2,T.J. Warren,36.8,IND,SF/PF,5400,33.5,26.05,4.84,35.0,15.709999999999999,24.93357142857143,0.21782339109044746,1.0251275864464702,0.07234947592403633,-0.5804594924721723,0.23787866573318217,1.0062100300021362,0.2650472646358993
22,3,James Ennis III,8.8,PHI,SF/PF,3000,15.5,12.35,4.1,14.0,11.75,13.673214285714286,-0.978076448649424,-0.8949277552681123,-0.8030887701335557,-0.9022514074320748,-0.5352974216622548,-1.081047266399739,-0.5400430981118053
22,4,Shake Milton,9.0,PHI,PG/SG,3000,0.0,3.0,1.0,7.0,7.4,0.0,-1.79425626628211,-2.5483087439667806,-1.8661149761760851,-1.2557349503804525,-3.7742783283188137,-1.0661382857111543,-0.5558792812795327
22,5,Cameron Johnson,8.5,PHO,SF/PF,3200,0.0,2.9,0.9,9.0,6.42,0.0,-1.80298546219262,-2.5483087439667806,-1.8661149761760851,-1.33537032327457,-3.8787615833722513,-1.1034107374326163,-0.5558792812795327
22,6,Robin Lopez,7.8,MIL,C,3300,16.0,14.25,4.324999999999999,15.0,7.7299999999999995,15.2,-0.8122217263497338,-0.8415928846649294,-0.684388573429055,-1.2289189574671273,-0.300210097792021,-1.1555921698426632,-0.5400430981118053
22,7,Eric Bledsoe,32.5,MIL,PG,6000,27.0,31.05,5.145,25.0,21.41,33.534,0.654283186615948,0.33177426860509324,0.7409911547264747,-0.11727416033291868,0.5565525936461659,0.6856669451975627,0.46584803916600026
