Lineup Num,,Player Name,Actual FP,team,Pos,Salary,DFN_MinProj,Avg Proj,Avg Value Proj,Avg Skewed Min,Avg Skewed FP,Proj Min Enhanced,Avg Proj Stan,DFN_MinProj Stan,Proj Min Enhanced Stan,Avg Skewed FP Stan,Avg Value Proj Stan,Actual FP Stan,predictions
0,0,Trae Young,50.5,ATL,PG,9600,35.0,49.45,5.140000000000001,36.0,49.21,48.076388888888886,2.710110446450813,1.3097702604479644,2.421948273318299,2.785568405415429,0.6465885201548287,2.7813101198163364,1.959116484563188
0,1,Bogdan Bogdanovic,39.8,SAC,SG/SF,4400,27.5,27.25,6.19,28.333333333333332,25.15,26.448529411764707,0.6091029065985969,0.5403229795059488,0.5233920313771199,0.4334340371960665,1.5104983600291537,1.8270963747209532,0.4462211047683874
0,2,Josh Richardson,16.5,PHI,SG/SF,4600,29.0,28.4,6.175,28.0,27.580000000000002,29.41428571428571,0.7179388827621125,0.6942124356943519,0.7837347225335516,0.6709937427144812,1.4981567908880915,-0.25077093936525396,0.6540034780227915
0,3,Taurean Prince,24.0,BKN,SF/PF,5800,32.0,27.200000000000003,4.67,31.666666666666668,28.8,27.486315789473686,0.604370907634966,1.0019913480711582,0.6144919299724891,0.7902624014521212,0.2598860204015588,0.4180704707483321,0.527144738063079
0,4,Kevin Huerter,16.0,ATL,SG/SF,4000,28.5,24.9,6.215,24.666666666666668,20.82,28.76959459459459,0.38669895530793436,0.6429159502982175,0.7271418659585294,0.010128059873130766,1.5310676419309228,-0.2953603667061597,0.4462211047683874
0,5,Tobias Harris,31.0,PHI,SF/PF,7700,35.5,39.95,5.165,35.666666666666664,39.269999999999996,39.763317757009354,1.8110306433609007,1.3610667458440988,1.6922027752108957,1.813822120290721,0.6671578020565979,1.0423224535210125,1.195873806695996
0,6,Nikola Jokic,50.5,DEN,C,8900,32.5,47.55,5.335,32.333333333333336,45.669999999999995,47.7951030927835,2.53029448583283,1.0532878334672926,2.397256190196059,2.4394937726848984,0.8070289189886314,2.7813101198163364,2.0139091501754844
0,7,Jerami Grant,17.5,DEN,PF/C,4700,31.5,25.25,5.35,26.666666666666668,20.21,29.826562499999998,0.4198229480533523,0.9506948626750238,0.8199255746959304,-0.049506269495689245,0.8193704881296929,-0.1615920846834425,0.4462211047683874
1,0,Ben Simmons,36.3,PHI,PG/SF,9300,36.0,46.2,4.984999999999999,36.0,42.260000000000005,46.2,2.4025305138147903,1.4123632312402332,2.2572334137143217,2.1061280953936268,0.5190589723638559,1.5149703833346129,2.0139091501754844
1,1,Kevin Huerter,16.0,ATL,SG/SF,4000,28.5,24.9,6.215,24.666666666666668,20.82,28.76959459459459,0.38669895530793436,0.6429159502982175,0.7271418659585294,0.010128059873130766,1.5310676419309228,-0.2953603667061597,0.4462211047683874
1,2,Draymond Green,15.5,GS,PG/SF,6500,33.0,32.55,5.015000000000001,31.666666666666668,31.610000000000003,33.92052631578947,1.110694796743495,1.104584318863427,1.1793055940163606,1.06497136133144,0.5437421106459804,-0.33994979404706543,0.8737047147925002
1,3,Tobias Harris,31.0,PHI,SF/PF,7700,35.5,39.95,5.165,35.666666666666664,39.269999999999996,39.763317757009354,1.8110306433609007,1.3610667458440988,1.6922027752108957,1.813822120290721,0.6671578020565979,1.0423224535210125,1.195873806695996
1,4,Bogdan Bogdanovic,39.8,SAC,SG/SF,4400,27.5,27.25,6.19,28.333333333333332,25.15,26.448529411764707,0.6091029065985969,0.5403229795059488,0.5233920313771199,0.4334340371960665,1.5104983600291537,1.8270963747209532,0.4462211047683874
1,5,Josh Richardson,16.5,PHI,SG/SF,4600,29.0,28.4,6.175,28.0,27.580000000000002,29.41428571428571,0.7179388827621125,0.6942124356943519,0.7837347225335516,0.6709937427144812,1.4981567908880915,-0.25077093936525396,0.6540034780227915
1,6,Nikola Jokic,50.5,DEN,C,8900,32.5,47.55,5.335,32.333333333333336,45.669999999999995,47.7951030927835,2.53029448583283,1.0532878334672926,2.397256190196059,2.4394937726848984,0.8070289189886314,2.7813101198163364,2.0139091501754844
1,7,Glenn Robinson III,11.3,GS,SG/SF,4500,32.0,22.8,5.07,33.333333333333336,23.04,21.887999999999998,0.18795499883542766,1.0019913480711582,0.12305553065127381,0.22715791429736107,0.5889945308298734,-0.7145009837106736,0.17647363759839516
2,0,Ben Simmons,36.3,PHI,PG/SF,9300,36.0,46.2,4.984999999999999,36.0,42.260000000000005,46.2,2.4025305138147903,1.4123632312402332,2.2572334137143217,2.1061280953936268,0.5190589723638559,1.5149703833346129,2.0139091501754844
2,1,Spencer Dinwiddie,34.5,BKN,PG/SG,8200,33.5,38.95,4.74,32.666666666666664,38.19,39.943622448979596,1.7163906640882785,1.1558808042595614,1.7080304440910943,1.7082400289492037,0.317480009726514,1.3544484449073526,1.195873806695996
2,2,Josh Richardson,16.5,PHI,SG/SF,4600,29.0,28.4,6.175,28.0,27.580000000000002,29.41428571428571,0.7179388827621125,0.6942124356943519,0.7837347225335516,0.6709937427144812,1.4981567908880915,-0.25077093936525396,0.6540034780227915
2,3,Richaun Holmes,19.8,SAC,PF/C,4800,26.5,27.85,5.795,29.333333333333332,28.709999999999997,25.159943181818186,0.6658868941621705,0.43773000871367995,0.4102761942443682,0.7814638938403278,1.1855037059811928,0.04351928108472396,0.6540034780227915
2,4,Bogdan Bogdanovic,39.8,SAC,SG/SF,4400,27.5,27.25,6.19,28.333333333333332,25.15,26.448529411764707,0.6091029065985969,0.5403229795059488,0.5233920313771199,0.4334340371960665,1.5104983600291537,1.8270963747209532,0.4462211047683874
2,5,Kevin Huerter,16.0,ATL,SG/SF,4000,28.5,24.9,6.215,24.666666666666668,20.82,28.76959459459459,0.38669895530793436,0.6429159502982175,0.7271418659585294,0.010128059873130766,1.5310676419309228,-0.2953603667061597,0.4462211047683874
2,6,Marvin Bagley III,27.0,SAC,PF/C,5700,24.0,28.3,4.945,23.333333333333332,25.18,29.10857142857143,0.7084748848348504,0.18124758173300806,0.7568982357324725,0.43636687306666433,0.4861481213210252,0.6856070347937665,0.6243563422507736
2,7,Nikola Jokic,50.5,DEN,C,8900,32.5,47.55,5.335,32.333333333333336,45.669999999999995,47.7951030927835,2.53029448583283,1.0532878334672926,2.397256190196059,2.4394937726848984,0.8070289189886314,2.7813101198163364,2.0139091501754844
3,0,Trae Young,50.5,ATL,PG,9600,35.0,49.45,5.140000000000001,36.0,49.21,48.076388888888886,2.710110446450813,1.3097702604479644,2.421948273318299,2.785568405415429,0.6465885201548287,2.7813101198163364,1.959116484563188
3,1,Gary Harris,25.8,DEN,SG,4200,33.5,23.05,5.470000000000001,34.666666666666664,21.57,22.274278846153848,0.21161499365358324,1.1558808042595614,0.15696420826548327,0.08344895663807347,0.9181030412581881,0.5785924091755928,0.2048125461436952
3,2,Kentavious Caldwell-Pope,19.3,LAL,SG/SF,3700,28.0,21.5,5.79,28.333333333333332,18.46,21.247058823529414,0.06492302578101858,0.5916194649020831,0.06679185496980254,-0.22058836194722223,1.181389849600839,-0.0010701462561817782,0.17647363759839516
3,3,Marvin Bagley III,27.0,SAC,PF/C,5700,24.0,28.3,4.945,23.333333333333332,25.18,29.10857142857143,0.7084748848348504,0.18124758173300806,0.7568982357324725,0.43636687306666433,0.4861481213210252,0.6856070347937665,0.6243563422507736
3,4,Kevin Huerter,16.0,ATL,SG/SF,4000,28.5,24.9,6.215,24.666666666666668,20.82,28.76959459459459,0.38669895530793436,0.6429159502982175,0.7271418659585294,0.010128059873130766,1.5310676419309228,-0.2953603667061597,0.4462211047683874
3,5,Josh Richardson,16.5,PHI,SG/SF,4600,29.0,28.4,6.175,28.0,27.580000000000002,29.41428571428571,0.7179388827621125,0.6942124356943519,0.7837347225335516,0.6709937427144812,1.4981567908880915,-0.25077093936525396,0.6540034780227915
3,6,Nikola Jokic,50.5,DEN,C,8900,32.5,47.55,5.335,32.333333333333336,45.669999999999995,47.7951030927835,2.53029448583283,1.0532878334672926,2.397256190196059,2.4394937726848984,0.8070289189886314,2.7813101198163364,2.0139091501754844
3,7,Ben Simmons,36.3,PHI,PG/SF,9300,36.0,46.2,4.984999999999999,36.0,42.260000000000005,46.2,2.4025305138147903,1.4123632312402332,2.2572334137143217,2.1061280953936268,0.5190589723638559,1.5149703833346129,2.0139091501754844
4,0,Draymond Green,15.5,GS,PG/SF,6500,33.0,32.55,5.015000000000001,31.666666666666668,31.610000000000003,33.92052631578947,1.110694796743495,1.104584318863427,1.1793055940163606,1.06497136133144,0.5437421106459804,-0.33994979404706543,0.8737047147925002
4,1,Matisse Thybulle,8.5,PHI,SG/SF,3600,25.0,19.4,5.38,23.666666666666668,15.239999999999998,20.492957746478872,-0.13382093069148845,0.28384055252527685,0.0005946749667057103,-0.5353794120580432,0.8440536264118167,-0.9642017768197457,-0.04308796075105807
4,2,Ben Simmons,36.3,PHI,PG/SF,9300,36.0,46.2,4.984999999999999,36.0,42.260000000000005,46.2,2.4025305138147903,1.4123632312402332,2.2572334137143217,2.1061280953936268,0.5190589723638559,1.5149703833346129,2.0139091501754844
4,3,Tobias Harris,31.0,PHI,SF/PF,7700,35.5,39.95,5.165,35.666666666666664,39.269999999999996,39.763317757009354,1.8110306433609007,1.3610667458440988,1.6922027752108957,1.813822120290721,0.6671578020565979,1.0423224535210125,1.195873806695996
4,4,Kevin Huerter,16.0,ATL,SG/SF,4000,28.5,24.9,6.215,24.666666666666668,20.82,28.76959459459459,0.38669895530793436,0.6429159502982175,0.7271418659585294,0.010128059873130766,1.5310676419309228,-0.2953603667061597,0.4462211047683874
4,5,Bogdan Bogdanovic,39.8,SAC,SG/SF,4400,27.5,27.25,6.19,28.333333333333332,25.15,26.448529411764707,0.6091029065985969,0.5403229795059488,0.5233920313771199,0.4334340371960665,1.5104983600291537,1.8270963747209532,0.4462211047683874
4,6,Nikola Jokic,50.5,DEN,C,8900,32.5,47.55,5.335,32.333333333333336,45.669999999999995,47.7951030927835,2.53029448583283,1.0532878334672926,2.397256190196059,2.4394937726848984,0.8070289189886314,2.7813101198163364,2.0139091501754844
4,7,Josh Richardson,16.5,PHI,SG/SF,4600,29.0,28.4,6.175,28.0,27.580000000000002,29.41428571428571,0.7179388827621125,0.6942124356943519,0.7837347225335516,0.6709937427144812,1.4981567908880915,-0.25077093936525396,0.6540034780227915
5,0,Trae Young,50.5,ATL,PG,9600,35.0,49.45,5.140000000000001,36.0,49.21,48.076388888888886,2.710110446450813,1.3097702604479644,2.421948273318299,2.785568405415429,0.6465885201548287,2.7813101198163364,1.959116484563188
5,1,Kevin Huerter,16.0,ATL,SG/SF,4000,28.5,24.9,6.215,24.666666666666668,20.82,28.76959459459459,0.38669895530793436,0.6429159502982175,0.7271418659585294,0.010128059873130766,1.5310676419309228,-0.2953603667061597,0.4462211047683874
5,2,Josh Richardson,16.5,PHI,SG/SF,4600,29.0,28.4,6.175,28.0,27.580000000000002,29.41428571428571,0.7179388827621125,0.6942124356943519,0.7837347225335516,0.6709937427144812,1.4981567908880915,-0.25077093936525396,0.6540034780227915
5,3,Richaun Holmes,19.8,SAC,PF/C,4800,26.5,27.85,5.795,29.333333333333332,28.709999999999997,25.159943181818186,0.6658868941621705,0.43773000871367995,0.4102761942443682,0.7814638938403278,1.1855037059811928,0.04351928108472396,0.6540034780227915
5,4,Bogdan Bogdanovic,39.8,SAC,SG/SF,4400,27.5,27.25,6.19,28.333333333333332,25.15,26.448529411764707,0.6091029065985969,0.5403229795059488,0.5233920313771199,0.4334340371960665,1.5104983600291537,1.8270963747209532,0.4462211047683874
5,5,Ben Simmons,36.3,PHI,PG/SF,9300,36.0,46.2,4.984999999999999,36.0,42.260000000000005,46.2,2.4025305138147903,1.4123632312402332,2.2572334137143217,2.1061280953936268,0.5190589723638559,1.5149703833346129,2.0139091501754844
5,6,Marvin Bagley III,27.0,SAC,PF/C,5700,24.0,28.3,4.945,23.333333333333332,25.18,29.10857142857143,0.7084748848348504,0.18124758173300806,0.7568982357324725,0.43636687306666433,0.4861481213210252,0.6856070347937665,0.6243563422507736
5,7,Julius Randle,36.3,NY,PF/C,7500,31.5,33.6,4.465,32.333333333333336,35.42,32.7340206185567,1.210066774979749,0.9506948626750238,1.0751506821554488,1.437441516897349,0.09121790880704761,1.5149703833346129,1.0827875374761509
6,0,Ben Simmons,36.3,PHI,PG/SF,9300,36.0,46.2,4.984999999999999,36.0,42.260000000000005,46.2,2.4025305138147903,1.4123632312402332,2.2572334137143217,2.1061280953936268,0.5190589723638559,1.5149703833346129,2.0139091501754844
6,1,Josh Richardson,16.5,PHI,SG/SF,4600,29.0,28.4,6.175,28.0,27.580000000000002,29.41428571428571,0.7179388827621125,0.6942124356943519,0.7837347225335516,0.6709937427144812,1.4981567908880915,-0.25077093936525396,0.6540034780227915
6,2,Bogdan Bogdanovic,39.8,SAC,SG/SF,4400,27.5,27.25,6.19,28.333333333333332,25.15,26.448529411764707,0.6091029065985969,0.5403229795059488,0.5233920313771199,0.4334340371960665,1.5104983600291537,1.8270963747209532,0.4462211047683874
6,3,Tobias Harris,31.0,PHI,SF/PF,7700,35.5,39.95,5.165,35.666666666666664,39.269999999999996,39.763317757009354,1.8110306433609007,1.3610667458440988,1.6922027752108957,1.813822120290721,0.6671578020565979,1.0423224535210125,1.195873806695996
6,4,RJ Barrett,11.8,NY,PG/SG,5400,31.5,26.2,4.855,34.0,27.3,24.273529411764702,0.5097309283623435,0.9506948626750238,0.3324642222432709,0.6436206079222357,0.4120987064746546,-0.6699115563697678,0.527144738063079
6,5,Marvin Bagley III,27.0,SAC,PF/C,5700,24.0,28.3,4.945,23.333333333333332,25.18,29.10857142857143,0.7084748848348504,0.18124758173300806,0.7568982357324725,0.43636687306666433,0.4861481213210252,0.6856070347937665,0.6243563422507736
6,6,Nikola Jokic,50.5,DEN,C,8900,32.5,47.55,5.335,32.333333333333336,45.669999999999995,47.7951030927835,2.53029448583283,1.0532878334672926,2.397256190196059,2.4394937726848984,0.8070289189886314,2.7813101198163364,2.0139091501754844
6,7,Kentavious Caldwell-Pope,19.3,LAL,SG/SF,3700,28.0,21.5,5.79,28.333333333333332,18.46,21.247058823529414,0.06492302578101858,0.5916194649020831,0.06679185496980254,-0.22058836194722223,1.181389849600839,-0.0010701462561817782,0.17647363759839516
7,0,Trae Young,50.5,ATL,PG,9600,35.0,49.45,5.140000000000001,36.0,49.21,48.076388888888886,2.710110446450813,1.3097702604479644,2.421948273318299,2.785568405415429,0.6465885201548287,2.7813101198163364,1.959116484563188
7,1,Josh Richardson,16.5,PHI,SG/SF,4600,29.0,28.4,6.175,28.0,27.580000000000002,29.41428571428571,0.7179388827621125,0.6942124356943519,0.7837347225335516,0.6709937427144812,1.4981567908880915,-0.25077093936525396,0.6540034780227915
7,2,Kentavious Caldwell-Pope,19.3,LAL,SG/SF,3700,28.0,21.5,5.79,28.333333333333332,18.46,21.247058823529414,0.06492302578101858,0.5916194649020831,0.06679185496980254,-0.22058836194722223,1.181389849600839,-0.0010701462561817782,0.17647363759839516
7,3,Jerami Grant,17.5,DEN,PF/C,4700,31.5,25.25,5.35,26.666666666666668,20.21,29.826562499999998,0.4198229480533523,0.9506948626750238,0.8199255746959304,-0.049506269495689245,0.8193704881296929,-0.1615920846834425,0.4462211047683874
7,4,Ben Simmons,36.3,PHI,PG/SF,9300,36.0,46.2,4.984999999999999,36.0,42.260000000000005,46.2,2.4025305138147903,1.4123632312402332,2.2572334137143217,2.1061280953936268,0.5190589723638559,1.5149703833346129,2.0139091501754844
7,5,Bobby Portis,14.5,NY,PF/C,3500,19.5,18.5,5.3,21.333333333333332,20.1,16.91015625,-0.2189969120368484,-0.2804207868322014,-0.3139140332099312,-0.06026000102121412,0.7782319243261538,-0.4291286487288769,-0.14370599375337526
7,6,Marvin Bagley III,27.0,SAC,PF/C,5700,24.0,28.3,4.945,23.333333333333332,25.18,29.10857142857143,0.7084748848348504,0.18124758173300806,0.7568982357324725,0.43636687306666433,0.4861481213210252,0.6856070347937665,0.6243563422507736
7,7,Nikola Jokic,50.5,DEN,C,8900,32.5,47.55,5.335,32.333333333333336,45.669999999999995,47.7951030927835,2.53029448583283,1.0532878334672926,2.397256190196059,2.4394937726848984,0.8070289189886314,2.7813101198163364,2.0139091501754844
8,0,Trae Young,50.5,ATL,PG,9600,35.0,49.45,5.140000000000001,36.0,49.21,48.076388888888886,2.710110446450813,1.3097702604479644,2.421948273318299,2.785568405415429,0.6465885201548287,2.7813101198163364,1.959116484563188
8,1,Bogdan Bogdanovic,39.8,SAC,SG/SF,4400,27.5,27.25,6.19,28.333333333333332,25.15,26.448529411764707,0.6091029065985969,0.5403229795059488,0.5233920313771199,0.4334340371960665,1.5104983600291537,1.8270963747209532,0.4462211047683874
8,2,Kevin Huerter,16.0,ATL,SG/SF,4000,28.5,24.9,6.215,24.666666666666668,20.82,28.76959459459459,0.38669895530793436,0.6429159502982175,0.7271418659585294,0.010128059873130766,1.5310676419309228,-0.2953603667061597,0.4462211047683874
8,3,Jerami Grant,17.5,DEN,PF/C,4700,31.5,25.25,5.35,26.666666666666668,20.21,29.826562499999998,0.4198229480533523,0.9506948626750238,0.8199255746959304,-0.049506269495689245,0.8193704881296929,-0.1615920846834425,0.4462211047683874
8,4,Spencer Dinwiddie,34.5,BKN,PG/SG,8200,33.5,38.95,4.74,32.666666666666664,38.19,39.943622448979596,1.7163906640882785,1.1558808042595614,1.7080304440910943,1.7082400289492037,0.317480009726514,1.3544484449073526,1.195873806695996
8,5,De'Andre Hunter,21.5,ATL,SF/PF,4500,33.0,23.75,5.3,31.333333333333332,23.83,25.013297872340427,0.2778629791444188,1.104584318863427,0.39740324359685386,0.3043892588897673,0.7782319243261538,0.19512333404380341,0.2048125461436952
8,6,Richaun Holmes,19.8,SAC,PF/C,4800,26.5,27.85,5.795,29.333333333333332,28.709999999999997,25.159943181818186,0.6658868941621705,0.43773000871367995,0.4102761942443682,0.7814638938403278,1.1855037059811928,0.04351928108472396,0.6540034780227915
8,7,Nikola Jokic,50.5,DEN,C,8900,32.5,47.55,5.335,32.333333333333336,45.669999999999995,47.7951030927835,2.53029448583283,1.0532878334672926,2.397256190196059,2.4394937726848984,0.8070289189886314,2.7813101198163364,2.0139091501754844
9,0,D'Angelo Russell,18.5,GS,PG/SG,7900,32.0,39.25,4.95,31.666666666666668,37.47,39.66315789473684,1.744782657870065,1.0019913480711582,1.6834104519617743,1.6378519680548587,0.490261977701379,-0.07241323000163102,1.195873806695996
9,1,Kevin Huerter,16.0,ATL,SG/SF,4000,28.5,24.9,6.215,24.666666666666668,20.82,28.76959459459459,0.38669895530793436,0.6429159502982175,0.7271418659585294,0.010128059873130766,1.5310676419309228,-0.2953603667061597,0.4462211047683874
9,2,Tobias Harris,31.0,PHI,SF/PF,7700,35.5,39.95,5.165,35.666666666666664,39.269999999999996,39.763317757009354,1.8110306433609007,1.3610667458440988,1.6922027752108957,1.813822120290721,0.6671578020565979,1.0423224535210125,1.195873806695996
9,3,Jabari Parker,24.3,ATL,SF/PF,6000,28.0,29.25,4.845000000000001,26.333333333333332,29.310000000000002,31.101265822784814,0.7983828651438416,0.5916194649020831,0.9318227299671682,0.8401206112522824,0.4038709937139469,0.4448241271528756,0.6992909614952855
9,4,Josh Richardson,16.5,PHI,SG/SF,4600,29.0,28.4,6.175,28.0,27.580000000000002,29.41428571428571,0.7179388827621125,0.6942124356943519,0.7837347225335516,0.6709937427144812,1.4981567908880915,-0.25077093936525396,0.6540034780227915
9,5,Richaun Holmes,19.8,SAC,PF/C,4800,26.5,27.85,5.795,29.333333333333332,28.709999999999997,25.159943181818186,0.6658868941621705,0.43773000871367995,0.4102761942443682,0.7814638938403278,1.1855037059811928,0.04351928108472396,0.6540034780227915
9,6,Jerami Grant,17.5,DEN,PF/C,4700,31.5,25.25,5.35,26.666666666666668,20.21,29.826562499999998,0.4198229480533523,0.9506948626750238,0.8199255746959304,-0.049506269495689245,0.8193704881296929,-0.1615920846834425,0.4462211047683874
9,7,Trae Young,50.5,ATL,PG,9600,35.0,49.45,5.140000000000001,36.0,49.21,48.076388888888886,2.710110446450813,1.3097702604479644,2.421948273318299,2.785568405415429,0.6465885201548287,2.7813101198163364,1.959116484563188
10,0,Trae Young,50.5,ATL,PG,9600,35.0,49.45,5.140000000000001,36.0,49.21,48.076388888888886,2.710110446450813,1.3097702604479644,2.421948273318299,2.785568405415429,0.6465885201548287,2.7813101198163364,1.959116484563188
10,1,Buddy Hield,33.5,SAC,SG/SF,8400,35.0,39.45,4.6850000000000005,36.0,38.89,38.35416666666667,1.7637106537245895,1.3097702604479644,1.5685034049039062,1.776672865929817,0.27222758954262105,1.265269590225541,1.195873806695996
10,2,Matisse Thybulle,8.5,PHI,SG/SF,3600,25.0,19.4,5.38,23.666666666666668,15.239999999999998,20.492957746478872,-0.13382093069148845,0.28384055252527685,0.0005946749667057103,-0.5353794120580432,0.8440536264118167,-0.9642017768197457,-0.04308796075105807
10,3,Richaun Holmes,19.8,SAC,PF/C,4800,26.5,27.85,5.795,29.333333333333332,28.709999999999997,25.159943181818186,0.6658868941621705,0.43773000871367995,0.4102761942443682,0.7814638938403278,1.1855037059811928,0.04351928108472396,0.6540034780227915
10,4,Kevin Huerter,16.0,ATL,SG/SF,4000,28.5,24.9,6.215,24.666666666666668,20.82,28.76959459459459,0.38669895530793436,0.6429159502982175,0.7271418659585294,0.010128059873130766,1.5310676419309228,-0.2953603667061597,0.4462211047683874
10,5,Bogdan Bogdanovic,39.8,SAC,SG/SF,4400,27.5,27.25,6.19,28.333333333333332,25.15,26.448529411764707,0.6091029065985969,0.5403229795059488,0.5233920313771199,0.4334340371960665,1.5104983600291537,1.8270963747209532,0.4462211047683874
10,6,Nikola Jokic,50.5,DEN,C,8900,32.5,47.55,5.335,32.333333333333336,45.669999999999995,47.7951030927835,2.53029448583283,1.0532878334672926,2.397256190196059,2.4394937726848984,0.8070289189886314,2.7813101198163364,2.0139091501754844
10,7,Marvin Bagley III,27.0,SAC,PF/C,5700,24.0,28.3,4.945,23.333333333333332,25.18,29.10857142857143,0.7084748848348504,0.18124758173300806,0.7568982357324725,0.43636687306666433,0.4861481213210252,0.6856070347937665,0.6243563422507736
11,0,Raul Neto,19.3,PHI,PG,3000,10.0,9.2,3.065,12.0,8.820000000000002,7.666666666666666,-1.099148719272236,-1.2550540093587546,-1.125334361898384,-1.1630062883659524,-1.0606618776920524,-0.0010701462561817782,-0.5876869779776449
11,1,Kevin Huerter,16.0,ATL,SG/SF,4000,28.5,24.9,6.215,24.666666666666668,20.82,28.76959459459459,0.38669895530793436,0.6429159502982175,0.7271418659585294,0.010128059873130766,1.5310676419309228,-0.2953603667061597,0.4462211047683874
11,2,Bogdan Bogdanovic,39.8,SAC,SG/SF,4400,27.5,27.25,6.19,28.333333333333332,25.15,26.448529411764707,0.6091029065985969,0.5403229795059488,0.5233920313771199,0.4334340371960665,1.5104983600291537,1.8270963747209532,0.4462211047683874
11,3,Tobias Harris,31.0,PHI,SF/PF,7700,35.5,39.95,5.165,35.666666666666664,39.269999999999996,39.763317757009354,1.8110306433609007,1.3610667458440988,1.6922027752108957,1.813822120290721,0.6671578020565979,1.0423224535210125,1.195873806695996
11,4,Josh Richardson,16.5,PHI,SG/SF,4600,29.0,28.4,6.175,28.0,27.580000000000002,29.41428571428571,0.7179388827621125,0.6942124356943519,0.7837347225335516,0.6709937427144812,1.4981567908880915,-0.25077093936525396,0.6540034780227915
11,5,Draymond Green,15.5,GS,PG/SF,6500,33.0,32.55,5.015000000000001,31.666666666666668,31.610000000000003,33.92052631578947,1.110694796743495,1.104584318863427,1.1793055940163606,1.06497136133144,0.5437421106459804,-0.33994979404706543,0.8737047147925002
11,6,Nikola Jokic,50.5,DEN,C,8900,32.5,47.55,5.335,32.333333333333336,45.669999999999995,47.7951030927835,2.53029448583283,1.0532878334672926,2.397256190196059,2.4394937726848984,0.8070289189886314,2.7813101198163364,2.0139091501754844
11,7,Trae Young,50.5,ATL,PG,9600,35.0,49.45,5.140000000000001,36.0,49.21,48.076388888888886,2.710110446450813,1.3097702604479644,2.421948273318299,2.785568405415429,0.6465885201548287,2.7813101198163364,1.959116484563188
12,0,Trae Young,50.5,ATL,PG,9600,35.0,49.45,5.140000000000001,36.0,49.21,48.076388888888886,2.710110446450813,1.3097702604479644,2.421948273318299,2.785568405415429,0.6465885201548287,2.7813101198163364,1.959116484563188
12,1,Bogdan Bogdanovic,39.8,SAC,SG/SF,4400,27.5,27.25,6.19,28.333333333333332,25.15,26.448529411764707,0.6091029065985969,0.5403229795059488,0.5233920313771199,0.4334340371960665,1.5104983600291537,1.8270963747209532,0.4462211047683874
12,2,Tobias Harris,31.0,PHI,SF/PF,7700,35.5,39.95,5.165,35.666666666666664,39.269999999999996,39.763317757009354,1.8110306433609007,1.3610667458440988,1.6922027752108957,1.813822120290721,0.6671578020565979,1.0423224535210125,1.195873806695996
12,3,Marvin Bagley III,27.0,SAC,PF/C,5700,24.0,28.3,4.945,23.333333333333332,25.18,29.10857142857143,0.7084748848348504,0.18124758173300806,0.7568982357324725,0.43636687306666433,0.4861481213210252,0.6856070347937665,0.6243563422507736
12,4,Josh Richardson,16.5,PHI,SG/SF,4600,29.0,28.4,6.175,28.0,27.580000000000002,29.41428571428571,0.7179388827621125,0.6942124356943519,0.7837347225335516,0.6709937427144812,1.4981567908880915,-0.25077093936525396,0.6540034780227915
12,5,Kevin Huerter,16.0,ATL,SG/SF,4000,28.5,24.9,6.215,24.666666666666668,20.82,28.76959459459459,0.38669895530793436,0.6429159502982175,0.7271418659585294,0.010128059873130766,1.5310676419309228,-0.2953603667061597,0.4462211047683874
12,6,Richaun Holmes,19.8,SAC,PF/C,4800,26.5,27.85,5.795,29.333333333333332,28.709999999999997,25.159943181818186,0.6658868941621705,0.43773000871367995,0.4102761942443682,0.7814638938403278,1.1855037059811928,0.04351928108472396,0.6540034780227915
12,7,Will Barton,39.3,DEN,PG/SF,7100,33.5,32.35,4.535,32.333333333333336,32.510000000000005,33.51726804123712,1.091766800888971,1.1558808042595614,1.1439064129242331,1.1529564374493715,0.14881189813200285,1.7825069473800474,0.8737047147925002
13,0,Trae Young,50.5,ATL,PG,9600,35.0,49.45,5.140000000000001,36.0,49.21,48.076388888888886,2.710110446450813,1.3097702604479644,2.421948273318299,2.785568405415429,0.6465885201548287,2.7813101198163364,1.959116484563188
13,1,Kevin Huerter,16.0,ATL,SG/SF,4000,28.5,24.9,6.215,24.666666666666668,20.82,28.76959459459459,0.38669895530793436,0.6429159502982175,0.7271418659585294,0.010128059873130766,1.5310676419309228,-0.2953603667061597,0.4462211047683874
13,2,Tobias Harris,31.0,PHI,SF/PF,7700,35.5,39.95,5.165,35.666666666666664,39.269999999999996,39.763317757009354,1.8110306433609007,1.3610667458440988,1.6922027752108957,1.813822120290721,0.6671578020565979,1.0423224535210125,1.195873806695996
13,3,Jerami Grant,17.5,DEN,PF/C,4700,31.5,25.25,5.35,26.666666666666668,20.21,29.826562499999998,0.4198229480533523,0.9506948626750238,0.8199255746959304,-0.049506269495689245,0.8193704881296929,-0.1615920846834425,0.4462211047683874
13,4,Spencer Dinwiddie,34.5,BKN,PG/SG,8200,33.5,38.95,4.74,32.666666666666664,38.19,39.943622448979596,1.7163906640882785,1.1558808042595614,1.7080304440910943,1.7082400289492037,0.317480009726514,1.3544484449073526,1.195873806695996
13,5,Nemanja Bjelica,12.8,SAC,PF,5300,26.0,26.450000000000003,4.975,25.666666666666668,27.870000000000005,26.793506493506495,0.5333909231804993,0.3864335233175456,0.5536751203050961,0.6993444894635926,0.5108312596031482,-0.5807327016879563,0.527144738063079
13,6,Marvin Bagley III,27.0,SAC,PF/C,5700,24.0,28.3,4.945,23.333333333333332,25.18,29.10857142857143,0.7084748848348504,0.18124758173300806,0.7568982357324725,0.43636687306666433,0.4861481213210252,0.6856070347937665,0.6243563422507736
13,7,Danny Green,21.5,LAL,SG/SF,4300,26.0,20.75,4.835,26.333333333333332,19.35,20.487341772151897,-0.006056958673448171,0.3864335233175456,0.00010168844973958419,-0.13358089778615684,0.3956432809532385,0.19512333404380341,0.17122091901822625
14,0,Draymond Green,15.5,GS,PG/SF,6500,33.0,32.55,5.015000000000001,31.666666666666668,31.610000000000003,33.92052631578947,1.110694796743495,1.104584318863427,1.1793055940163606,1.06497136133144,0.5437421106459804,-0.33994979404706543,0.8737047147925002
14,1,Kevin Huerter,16.0,ATL,SG/SF,4000,28.5,24.9,6.215,24.666666666666668,20.82,28.76959459459459,0.38669895530793436,0.6429159502982175,0.7271418659585294,0.010128059873130766,1.5310676419309228,-0.2953603667061597,0.4462211047683874
14,2,Mike Scott,10.3,PHI,SF/PF,3600,23.5,16.700000000000003,4.640000000000001,22.666666666666668,15.2,17.313970588235296,-0.3893488747275683,0.12995109633687368,-0.2784660392347128,-0.5392898598855067,0.23520288211943574,-0.803679838392485,-0.19425957696394927
14,3,Jabari Parker,24.3,ATL,SF/PF,6000,28.0,29.25,4.845000000000001,26.333333333333332,29.310000000000002,31.101265822784814,0.7983828651438416,0.5916194649020831,0.9318227299671682,0.8401206112522824,0.4038709937139469,0.4448241271528756,0.6992909614952855
14,4,Trae Young,50.5,ATL,PG,9600,35.0,49.45,5.140000000000001,36.0,49.21,48.076388888888886,2.710110446450813,1.3097702604479644,2.421948273318299,2.785568405415429,0.6465885201548287,2.7813101198163364,1.959116484563188
14,5,Glenn Robinson III,11.3,GS,SG/SF,4500,32.0,22.8,5.07,33.333333333333336,23.04,21.887999999999998,0.18795499883542766,1.0019913480711582,0.12305553065127381,0.22715791429736107,0.5889945308298734,-0.7145009837106736,0.17647363759839516
14,6,Nikola Jokic,50.5,DEN,C,8900,32.5,47.55,5.335,32.333333333333336,45.669999999999995,47.7951030927835,2.53029448583283,1.0532878334672926,2.397256190196059,2.4394937726848984,0.8070289189886314,2.7813101198163364,2.0139091501754844
14,7,Richaun Holmes,19.8,SAC,PF/C,4800,26.5,27.85,5.795,29.333333333333332,28.709999999999997,25.159943181818186,0.6658868941621705,0.43773000871367995,0.4102761942443682,0.7814638938403278,1.1855037059811928,0.04351928108472396,0.6540034780227915
15,0,Trae Young,50.5,ATL,PG,9600,35.0,49.45,5.140000000000001,36.0,49.21,48.076388888888886,2.710110446450813,1.3097702604479644,2.421948273318299,2.785568405415429,0.6465885201548287,2.7813101198163364,1.959116484563188
15,1,Glenn Robinson III,11.3,GS,SG/SF,4500,32.0,22.8,5.07,33.333333333333336,23.04,21.887999999999998,0.18795499883542766,1.0019913480711582,0.12305553065127381,0.22715791429736107,0.5889945308298734,-0.7145009837106736,0.17647363759839516
15,2,Josh Richardson,16.5,PHI,SG/SF,4600,29.0,28.4,6.175,28.0,27.580000000000002,29.41428571428571,0.7179388827621125,0.6942124356943519,0.7837347225335516,0.6709937427144812,1.4981567908880915,-0.25077093936525396,0.6540034780227915
15,3,Harrison Barnes,28.3,SAC,SF/PF,5600,34.5,26.9,4.779999999999999,36.333333333333336,28.6,25.542660550458713,0.575978913853179,1.25847377505183,0.44387223503149803,0.7707101623148033,0.3503908607693448,0.8015395458801214,0.527144738063079
15,4,Kevin Huerter,16.0,ATL,SG/SF,4000,28.5,24.9,6.215,24.666666666666668,20.82,28.76959459459459,0.38669895530793436,0.6429159502982175,0.7271418659585294,0.010128059873130766,1.5310676419309228,-0.2953603667061597,0.4462211047683874
15,5,Draymond Green,15.5,GS,PG/SF,6500,33.0,32.55,5.015000000000001,31.666666666666668,31.610000000000003,33.92052631578947,1.110694796743495,1.104584318863427,1.1793055940163606,1.06497136133144,0.5437421106459804,-0.33994979404706543,0.8737047147925002
15,6,Marvin Bagley III,27.0,SAC,PF/C,5700,24.0,28.3,4.945,23.333333333333332,25.18,29.10857142857143,0.7084748848348504,0.18124758173300806,0.7568982357324725,0.43636687306666433,0.4861481213210252,0.6856070347937665,0.6243563422507736
15,7,Jerami Grant,17.5,DEN,PF/C,4700,31.5,25.25,5.35,26.666666666666668,20.21,29.826562499999998,0.4198229480533523,0.9506948626750238,0.8199255746959304,-0.049506269495689245,0.8193704881296929,-0.1615920846834425,0.4462211047683874
16,0,Ben Simmons,36.3,PHI,PG/SF,9300,36.0,46.2,4.984999999999999,36.0,42.260000000000005,46.2,2.4025305138147903,1.4123632312402332,2.2572334137143217,2.1061280953936268,0.5190589723638559,1.5149703833346129,2.0139091501754844
16,1,Buddy Hield,33.5,SAC,SG/SF,8400,35.0,39.45,4.6850000000000005,36.0,38.89,38.35416666666667,1.7637106537245895,1.3097702604479644,1.5685034049039062,1.776672865929817,0.27222758954262105,1.265269590225541,1.195873806695996
16,2,Kevin Huerter,16.0,ATL,SG/SF,4000,28.5,24.9,6.215,24.666666666666668,20.82,28.76959459459459,0.38669895530793436,0.6429159502982175,0.7271418659585294,0.010128059873130766,1.5310676419309228,-0.2953603667061597,0.4462211047683874
16,3,Julius Randle,36.3,NY,PF/C,7500,31.5,33.6,4.465,32.333333333333336,35.42,32.7340206185567,1.210066774979749,0.9506948626750238,1.0751506821554488,1.437441516897349,0.09121790880704761,1.5149703833346129,1.0827875374761509
16,4,Glenn Robinson III,11.3,GS,SG/SF,4500,32.0,22.8,5.07,33.333333333333336,23.04,21.887999999999998,0.18795499883542766,1.0019913480711582,0.12305553065127381,0.22715791429736107,0.5889945308298734,-0.7145009837106736,0.17647363759839516
16,5,De'Andre Hunter,21.5,ATL,SF/PF,4500,33.0,23.75,5.3,31.333333333333332,23.83,25.013297872340427,0.2778629791444188,1.104584318863427,0.39740324359685386,0.3043892588897673,0.7782319243261538,0.19512333404380341,0.2048125461436952
16,6,Kevon Looney,4.8,GS,PF/C,3000,14.5,11.25,3.75,11.333333333333334,8.75,14.393382352941176,-0.9051367617633602,-0.7933856407935452,-0.5348437464286437,-1.1698495720640139,-0.4970635535835642,-1.2941635391424482,-0.5532603423391741
16,7,Will Barton,39.3,DEN,PG/SF,7100,33.5,32.35,4.535,32.333333333333336,32.510000000000005,33.51726804123712,1.091766800888971,1.1558808042595614,1.1439064129242331,1.1529564374493715,0.14881189813200285,1.7825069473800474,0.8737047147925002
17,0,Trae Young,50.5,ATL,PG,9600,35.0,49.45,5.140000000000001,36.0,49.21,48.076388888888886,2.710110446450813,1.3097702604479644,2.421948273318299,2.785568405415429,0.6465885201548287,2.7813101198163364,1.959116484563188
17,1,Alex Caruso,8.0,LAL,PG/SG,3700,18.0,15.05,4.065,21.0,14.290000000000001,12.9,-0.5455048405273953,-0.43431024302060456,-0.6659371813004646,-0.6282525479603037,-0.2378906016212663,-1.0087912041606515,-0.24685003558424942
17,2,Mike Scott,10.3,PHI,SF/PF,3600,23.5,16.700000000000003,4.640000000000001,22.666666666666668,15.2,17.313970588235296,-0.3893488747275683,0.12995109633687368,-0.2784660392347128,-0.5392898598855067,0.23520288211943574,-0.803679838392485,-0.19425957696394927
17,3,Harrison Barnes,28.3,SAC,SF/PF,5600,34.5,26.9,4.779999999999999,36.333333333333336,28.6,25.542660550458713,0.575978913853179,1.25847377505183,0.44387223503149803,0.7707101623148033,0.3503908607693448,0.8015395458801214,0.527144738063079
17,4,Buddy Hield,33.5,SAC,SG/SF,8400,35.0,39.45,4.6850000000000005,36.0,38.89,38.35416666666667,1.7637106537245895,1.3097702604479644,1.5685034049039062,1.776672865929817,0.27222758954262105,1.265269590225541,1.195873806695996
17,5,Draymond Green,15.5,GS,PG/SF,6500,33.0,32.55,5.015000000000001,31.666666666666668,31.610000000000003,33.92052631578947,1.110694796743495,1.104584318863427,1.1793055940163606,1.06497136133144,0.5437421106459804,-0.33994979404706543,0.8737047147925002
17,6,Richaun Holmes,19.8,SAC,PF/C,4800,26.5,27.85,5.795,29.333333333333332,28.709999999999997,25.159943181818186,0.6658868941621705,0.43773000871367995,0.4102761942443682,0.7814638938403278,1.1855037059811928,0.04351928108472396,0.6540034780227915
17,7,Joe Harris,20.5,BKN,SG/SF,4900,31.0,25.2,5.15,30.666666666666668,25.38,25.47391304347826,0.4150909490897211,0.8993983772788894,0.43783737944934076,0.4559191122039823,0.6548162329155364,0.10594447936199193,0.4462211047683874
18,0,Trae Young,50.5,ATL,PG,9600,35.0,49.45,5.140000000000001,36.0,49.21,48.076388888888886,2.710110446450813,1.3097702604479644,2.421948273318299,2.785568405415429,0.6465885201548287,2.7813101198163364,1.959116484563188
18,1,Buddy Hield,33.5,SAC,SG/SF,8400,35.0,39.45,4.6850000000000005,36.0,38.89,38.35416666666667,1.7637106537245895,1.3097702604479644,1.5685034049039062,1.776672865929817,0.27222758954262105,1.265269590225541,1.195873806695996
18,2,Kevin Knox,16.5,NY,SF/PF,3100,18.0,13.55,4.359999999999999,18.333333333333332,13.89,13.303636363636365,-0.6874648094363288,-0.43431024302060456,-0.6305048104518005,-0.6673570262349399,0.004826924819614746,-0.25077093936525396,-0.24685003558424942
18,3,Jerami Grant,17.5,DEN,PF/C,4700,31.5,25.25,5.35,26.666666666666668,20.21,29.826562499999998,0.4198229480533523,0.9506948626750238,0.8199255746959304,-0.049506269495689245,0.8193704881296929,-0.1615920846834425,0.4462211047683874
18,4,Kevin Huerter,16.0,ATL,SG/SF,4000,28.5,24.9,6.215,24.666666666666668,20.82,28.76959459459459,0.38669895530793436,0.6429159502982175,0.7271418659585294,0.010128059873130766,1.5310676419309228,-0.2953603667061597,0.4462211047683874
18,5,Mason Plumlee,37.0,DEN,PF/C,3700,15.0,17.4,4.715,16.333333333333332,17.7,15.979591836734691,-0.3231008892367331,-0.7420891553974108,-0.3956016767421936,-0.29488687066903096,0.2969107278247441,1.5773955816118812,-0.18123662142559394
18,6,Richaun Holmes,19.8,SAC,PF/C,4800,26.5,27.85,5.795,29.333333333333332,28.709999999999997,25.159943181818186,0.6658868941621705,0.43773000871367995,0.4102761942443682,0.7814638938403278,1.1855037059811928,0.04351928108472396,0.6540034780227915
18,7,Elfrid Payton,38.8,NY,PG,4400,26.5,24.200000000000003,5.5,23.333333333333332,22.12,27.48428571428572,0.32045096981709914,0.43773000871367995,0.6143137240837463,0.1372176142656982,0.9427861795403111,1.7379175200391417,0.20647642475413588
19,0,Draymond Green,15.5,GS,PG/SF,6500,33.0,32.55,5.015000000000001,31.666666666666668,31.610000000000003,33.92052631578947,1.110694796743495,1.104584318863427,1.1793055940163606,1.06497136133144,0.5437421106459804,-0.33994979404706543,0.8737047147925002
19,1,Spencer Dinwiddie,34.5,BKN,PG/SG,8200,33.5,38.95,4.74,32.666666666666664,38.19,39.943622448979596,1.7163906640882785,1.1558808042595614,1.7080304440910943,1.7082400289492037,0.317480009726514,1.3544484449073526,1.195873806695996
19,2,Buddy Hield,33.5,SAC,SG/SF,8400,35.0,39.45,4.6850000000000005,36.0,38.89,38.35416666666667,1.7637106537245895,1.3097702604479644,1.5685034049039062,1.776672865929817,0.27222758954262105,1.265269590225541,1.195873806695996
19,3,Kevon Looney,4.8,GS,PF/C,3000,14.5,11.25,3.75,11.333333333333334,8.75,14.393382352941176,-0.9051367617633602,-0.7933856407935452,-0.5348437464286437,-1.1698495720640139,-0.4970635535835642,-1.2941635391424482,-0.5532603423391741
19,4,Danny Green,21.5,LAL,SG/SF,4300,26.0,20.75,4.835,26.333333333333332,19.35,20.487341772151897,-0.006056958673448171,0.3864335233175456,0.00010168844973958419,-0.13358089778615684,0.3956432809532385,0.19512333404380341,0.17122091901822625
19,5,Will Barton,39.3,DEN,PG/SF,7100,33.5,32.35,4.535,32.333333333333336,32.510000000000005,33.51726804123712,1.091766800888971,1.1558808042595614,1.1439064129242331,1.1529564374493715,0.14881189813200285,1.7825069473800474,0.8737047147925002
19,6,Jerami Grant,17.5,DEN,PF/C,4700,31.5,25.25,5.35,26.666666666666668,20.21,29.826562499999998,0.4198229480533523,0.9506948626750238,0.8199255746959304,-0.049506269495689245,0.8193704881296929,-0.1615920846834425,0.4462211047683874
19,7,Torrey Craig,6.8,DEN,SG/SF,3000,17.0,13.8,4.585,14.333333333333334,9.74,16.367441860465117,-0.6638048146181733,-0.5369032138128733,-0.3615550766027171,-1.0730659883342895,0.18995046193554202,-1.1158058297788251,-0.47862798485255204
20,0,Will Barton,39.3,DEN,PG/SF,7100,33.5,32.35,4.535,32.333333333333336,32.510000000000005,33.51726804123712,1.091766800888971,1.1558808042595614,1.1439064129242331,1.1529564374493715,0.14881189813200285,1.7825069473800474,0.8737047147925002
20,1,Josh Richardson,16.5,PHI,SG/SF,4600,29.0,28.4,6.175,28.0,27.580000000000002,29.41428571428571,0.7179388827621125,0.6942124356943519,0.7837347225335516,0.6709937427144812,1.4981567908880915,-0.25077093936525396,0.6540034780227915
20,2,Glenn Robinson III,11.3,GS,SG/SF,4500,32.0,22.8,5.07,33.333333333333336,23.04,21.887999999999998,0.18795499883542766,1.0019913480711582,0.12305553065127381,0.22715791429736107,0.5889945308298734,-0.7145009837106736,0.17647363759839516
20,3,Jerami Grant,17.5,DEN,PF/C,4700,31.5,25.25,5.35,26.666666666666668,20.21,29.826562499999998,0.4198229480533523,0.9506948626750238,0.8199255746959304,-0.049506269495689245,0.8193704881296929,-0.1615920846834425,0.4462211047683874
20,4,Damyean Dotson,0.0,NY,SG/SF,3100,17.0,10.65,3.425,16.0,11.649999999999999,11.315625,-0.9619207493269336,-0.5369032138128733,-0.8050182146781388,-0.8863421045729022,-0.7644642183065697,-1.7222220416151433,-0.5876869779776449
20,5,Kevin Huerter,16.0,ATL,SG/SF,4000,28.5,24.9,6.215,24.666666666666668,20.82,28.76959459459459,0.38669895530793436,0.6429159502982175,0.7271418659585294,0.010128059873130766,1.5310676419309228,-0.2953603667061597,0.4462211047683874
20,6,Julius Randle,36.3,NY,PF/C,7500,31.5,33.6,4.465,32.333333333333336,35.42,32.7340206185567,1.210066774979749,0.9506948626750238,1.0751506821554488,1.437441516897349,0.09121790880704761,1.5149703833346129,1.0827875374761509
20,7,Bogdan Bogdanovic,39.8,SAC,SG/SF,4400,27.5,27.25,6.19,28.333333333333332,25.15,26.448529411764707,0.6091029065985969,0.5403229795059488,0.5233920313771199,0.4334340371960665,1.5104983600291537,1.8270963747209532,0.4462211047683874
21,0,Yogi Ferrell,6.5,SAC,PG/SG,3200,13.0,10.9,3.385,14.333333333333334,11.24,9.886046511627907,-0.938260754508778,-0.9472750969819483,-0.9305107612389494,-0.9264241948044041,-0.7973750693494012,-1.1425594861833688,-0.5876869779776449
21,1,Joe Harris,20.5,BKN,SG/SF,4900,31.0,25.2,5.15,30.666666666666668,25.38,25.47391304347826,0.4150909490897211,0.8993983772788894,0.43783737944934076,0.4559191122039823,0.6548162329155364,0.10594447936199193,0.4462211047683874
21,2,Damion Lee,27.8,GS,SG/SF,3500,24.5,16.55,4.745,22.333333333333332,18.229999999999997,18.155597014925373,-0.40354487161846186,0.23254406712914244,-0.2045856301509951,-0.2430734369551384,0.32159386610686785,0.7569501185392158,-0.19425957696394927
21,3,Harrison Barnes,28.3,SAC,SF/PF,5600,34.5,26.9,4.779999999999999,36.333333333333336,28.6,25.542660550458713,0.575978913853179,1.25847377505183,0.44387223503149803,0.7707101623148033,0.3503908607693448,0.8015395458801214,0.527144738063079
21,4,Draymond Green,15.5,GS,PG/SF,6500,33.0,32.55,5.015000000000001,31.666666666666668,31.610000000000003,33.92052631578947,1.110694796743495,1.104584318863427,1.1793055940163606,1.06497136133144,0.5437421106459804,-0.33994979404706543,0.8737047147925002
21,5,Ben Simmons,36.3,PHI,PG/SF,9300,36.0,46.2,4.984999999999999,36.0,42.260000000000005,46.2,2.4025305138147903,1.4123632312402332,2.2572334137143217,2.1061280953936268,0.5190589723638559,1.5149703833346129,2.0139091501754844
21,6,Omari Spellman,9.5,GS,PF/C,3800,11.0,10.25,2.715,17.333333333333332,15.39,6.5048076923076925,-0.9997767410359826,-1.152461038566486,-1.2273257129314226,-0.5207152327050544,-1.3486318243168276,-0.8750229221379343,-0.336700986770505
21,7,Jabari Parker,24.3,ATL,SF/PF,6000,28.0,29.25,4.845000000000001,26.333333333333332,29.310000000000002,31.101265822784814,0.7983828651438416,0.5916194649020831,0.9318227299671682,0.8401206112522824,0.4038709937139469,0.4448241271528756,0.6992909614952855
22,0,Will Barton,39.3,DEN,PG/SF,7100,33.5,32.35,4.535,32.333333333333336,32.510000000000005,33.51726804123712,1.091766800888971,1.1558808042595614,1.1439064129242331,1.1529564374493715,0.14881189813200285,1.7825069473800474,0.8737047147925002
22,1,Timothe Luwawu-Cabarrot,16.8,BKN,SG/SF,3000,0.0,3.4,1.125,8.333333333333334,2.9999999999999996,0.0,-1.6480605990534456,-2.2809837172814422,-1.7983366009908772,-1.731976447261908,-2.6568381532693772,-0.22401728296071047,-0.6773840612988088
22,2,David Nwaba,9.5,BKN,SG/SF,3000,17.5,12.100000000000001,4.025,16.0,11.84,13.234375000000002,-0.8246927793816311,-0.4856067284167389,-0.6365847738617837,-0.86776747739245,-0.2708014526640978,-0.8750229221379343,-0.5013300860437557
22,3,Marcus Morris Sr.,30.3,NY,SF/PF,6400,30.5,28.55,4.484999999999999,32.0,31.23,27.21171875,0.732134879653006,0.848101891882755,0.5903870053097986,1.0278221069705356,0.10767333432846297,0.9798972552437445,0.6540034780227915
22,4,Kentavious Caldwell-Pope,19.3,LAL,SG/SF,3700,28.0,21.5,5.79,28.333333333333332,18.46,21.247058823529414,0.06492302578101858,0.5916194649020831,0.06679185496980254,-0.22058836194722223,1.181389849600839,-0.0010701462561817782,0.17647363759839516
22,5,De'Andre Hunter,21.5,ATL,SF/PF,4500,33.0,23.75,5.3,31.333333333333332,23.83,25.013297872340427,0.2778629791444188,1.104584318863427,0.39740324359685386,0.3043892588897673,0.7782319243261538,0.19512333404380341,0.2048125461436952
22,6,Marvin Bagley III,27.0,SAC,PF/C,5700,24.0,28.3,4.945,23.333333333333332,25.18,29.10857142857143,0.7084748848348504,0.18124758173300806,0.7568982357324725,0.43636687306666433,0.4861481213210252,0.6856070347937665,0.6243563422507736
22,7,Jerami Grant,17.5,DEN,PF/C,4700,31.5,25.25,5.35,26.666666666666668,20.21,29.826562499999998,0.4198229480533523,0.9506948626750238,0.8199255746959304,-0.049506269495689245,0.8193704881296929,-0.1615920846834425,0.4462211047683874
23,0,Alec Burks,20.0,GS,PG/SG,6100,29.5,27.6,4.535,30.666666666666668,29.32,26.55,0.6422268993440149,0.7455089210904863,0.5322994139533441,0.8410982232091481,0.14881189813200285,0.06135505202108619,0.527144738063079
23,1,RJ Barrett,11.8,NY,PG/SG,5400,31.5,26.2,4.855,34.0,27.3,24.273529411764702,0.5097309283623435,0.9506948626750238,0.3324642222432709,0.6436206079222357,0.4120987064746546,-0.6699115563697678,0.527144738063079
23,2,Rodions Kurucs,8.8,BKN,SF/PF,3000,11.5,7.050000000000001,2.325,9.666666666666666,6.67,8.387068965517242,-1.3026246747083738,-1.1011645531703516,-1.0620953583974513,-1.3731928590921216,-1.6695126219844338,-0.9374481204152023,-0.5876869779776449
23,3,James Ennis III,12.3,PHI,SF/PF,3500,16.5,13.0,3.7199999999999998,17.666666666666668,14.219999999999999,12.141509433962263,-0.7395167980362712,-0.5881996992090077,-0.7325196833796729,-0.6350958316583651,-0.521746691865688,-0.6253221290288621,-0.336700986770505
23,4,Yogi Ferrell,6.5,SAC,PG/SG,3200,13.0,10.9,3.385,14.333333333333334,11.24,9.886046511627907,-0.938260754508778,-0.9472750969819483,-0.9305107612389494,-0.9264241948044041,-0.7973750693494012,-1.1425594861833688,-0.5876869779776449
23,5,De'Andre Hunter,21.5,ATL,SF/PF,4500,33.0,23.75,5.3,31.333333333333332,23.83,25.013297872340427,0.2778629791444188,1.104584318863427,0.39740324359685386,0.3043892588897673,0.7782319243261538,0.19512333404380341,0.2048125461436952
23,6,Jerami Grant,17.5,DEN,PF/C,4700,31.5,25.25,5.35,26.666666666666668,20.21,29.826562499999998,0.4198229480533523,0.9506948626750238,0.8199255746959304,-0.049506269495689245,0.8193704881296929,-0.1615920846834425,0.4462211047683874
23,7,Gary Harris,25.8,DEN,SG,4200,33.5,23.05,5.470000000000001,34.666666666666664,21.57,22.274278846153848,0.21161499365358324,1.1558808042595614,0.15696420826548327,0.08344895663807347,0.9181030412581881,0.5785924091755928,0.2048125461436952
24,0,Will Barton,39.3,DEN,PG/SF,7100,33.5,32.35,4.535,32.333333333333336,32.510000000000005,33.51726804123712,1.091766800888971,1.1558808042595614,1.1439064129242331,1.1529564374493715,0.14881189813200285,1.7825069473800474,0.8737047147925002
24,1,Jordan Poole,10.5,GS,SG/SF,3000,0.0,2.5,0.835,17.0,12.0,0.0,-1.7332365803988057,-2.2809837172814422,-1.7983366009908772,-0.8521256860825955,-2.895441823329905,-0.7858440674561228,-0.568526357141092
24,2,Kevin Huerter,16.0,ATL,SG/SF,4000,28.5,24.9,6.215,24.666666666666668,20.82,28.76959459459459,0.38669895530793436,0.6429159502982175,0.7271418659585294,0.010128059873130766,1.5310676419309228,-0.2953603667061597,0.4462211047683874
24,3,Rodions Kurucs,8.8,BKN,SF/PF,3000,11.5,7.050000000000001,2.325,9.666666666666666,6.67,8.387068965517242,-1.3026246747083738,-1.1011645531703516,-1.0620953583974513,-1.3731928590921216,-1.6695126219844338,-0.9374481204152023,-0.5876869779776449
24,4,Gary Harris,25.8,DEN,SG,4200,33.5,23.05,5.470000000000001,34.666666666666664,21.57,22.274278846153848,0.21161499365358324,1.1558808042595614,0.15696420826548327,0.08344895663807347,0.9181030412581881,0.5785924091755928,0.2048125461436952
24,5,Marquese Chriss,9.0,GS,PF/C,5100,22.5,19.85,3.915,20.333333333333332,20.79,21.965163934426233,-0.09123294001880813,0.027358125544604907,0.12982920464858366,0.007195224002532946,-0.3613062930318845,-0.9196123494788401,0.10134647370348222
24,6,Bobby Portis,14.5,NY,PF/C,3500,19.5,18.5,5.3,21.333333333333332,20.1,16.91015625,-0.2189969120368484,-0.2804207868322014,-0.3139140332099312,-0.06026000102121412,0.7782319243261538,-0.4291286487288769,-0.14370599375337526
24,7,Matisse Thybulle,8.5,PHI,SG/SF,3600,25.0,19.4,5.38,23.666666666666668,15.239999999999998,20.492957746478872,-0.13382093069148845,0.28384055252527685,0.0005946749667057103,-0.5353794120580432,0.8440536264118167,-0.9642017768197457,-0.04308796075105807
25,0,RJ Barrett,11.8,NY,PG/SG,5400,31.5,26.2,4.855,34.0,27.3,24.273529411764702,0.5097309283623435,0.9506948626750238,0.3324642222432709,0.6436206079222357,0.4120987064746546,-0.6699115563697678,0.527144738063079
25,1,Jordan Poole,10.5,GS,SG/SF,3000,0.0,2.5,0.835,17.0,12.0,0.0,-1.7332365803988057,-2.2809837172814422,-1.7983366009908772,-0.8521256860825955,-2.895441823329905,-0.7858440674561228,-0.568526357141092
25,2,Garrett Temple,20.5,BKN,SG/SF,5000,32.5,24.15,4.824999999999999,31.0,22.99,25.318548387096772,0.3157189708534676,1.0532878334672926,0.4241990192379612,0.2222698545130315,0.3874155681925301,0.10594447936199193,0.17647363759839516
25,3,Marquese Chriss,9.0,GS,PF/C,5100,22.5,19.85,3.915,20.333333333333332,20.79,21.965163934426233,-0.09123294001880813,0.027358125544604907,0.12982920464858366,0.007195224002532946,-0.3613062930318845,-0.9196123494788401,0.10134647370348222
25,4,Cam Reddish,19.3,ATL,PG/SG,3800,28.0,19.35,5.085,28.666666666666668,19.77,18.900000000000002,-0.13855292965511928,0.5916194649020831,-0.13923977679329583,-0.0925211955977891,0.601336099970935,-0.0010701462561817782,0.20647642475413588
25,5,De'Andre Hunter,21.5,ATL,SF/PF,4500,33.0,23.75,5.3,31.333333333333332,23.83,25.013297872340427,0.2778629791444188,1.104584318863427,0.39740324359685386,0.3043892588897673,0.7782319243261538,0.19512333404380341,0.2048125461436952
25,6,Kevon Looney,4.8,GS,PF/C,3000,14.5,11.25,3.75,11.333333333333334,8.75,14.393382352941176,-0.9051367617633602,-0.7933856407935452,-0.5348437464286437,-1.1698495720640139,-0.4970635535835642,-1.2941635391424482,-0.5532603423391741
25,7,Alex Caruso,8.0,LAL,PG/SG,3700,18.0,15.05,4.065,21.0,14.290000000000001,12.9,-0.5455048405273953,-0.43431024302060456,-0.6659371813004646,-0.6282525479603037,-0.2378906016212663,-1.0087912041606515,-0.24685003558424942
