Lineup Num,,Player Name,Actual FP,team,Pos,Salary,DFN_MinProj,Avg Proj,Avg Value Proj,Avg Skewed Min,Avg Skewed FP,Proj Min Enhanced,Avg Proj Stan,DFN_MinProj Stan,Proj Min Enhanced Stan,Avg Skewed FP Stan,Avg Value Proj Stan,Actual FP Stan,predictions
0,0,Alec Burks,42.3,GS,PG/SG,5300,28.0,33.3,6.300000000000001,26.333333333333332,29.560000000000002,35.407594936708854,0.9545969350552432,0.47669065450382214,0.9908940956188957,0.6687823685990966,1.6538493024533183,1.3016950785153418,0.6936041090899752
0,1,Jeff Teague,35.3,ATL,PG/SG,3900,29.5,24.950000000000003,6.41,25.333333333333332,24.65,29.053618421052636,0.19282873043808588,0.637540789305665,0.4773133815010864,0.20171021422168492,1.7556269776902762,0.8226880417803577,0.2076024632717625
0,2,Sekou Doumbouya,19.8,DET,SF/PF,3000,28.0,17.85,5.96,21.666666666666668,13.790000000000001,23.067692307692308,-0.45490231779925805,0.47669065450382214,-0.006518467795344556,-0.8313658746863977,1.3392637608118099,-0.23797039670424977,-0.25966585578904294
0,3,Aaron Gordon,44.5,ORL,SF/PF,6100,34.0,32.65,5.365,34.0,30.55,32.65,0.8952976137377401,1.1200911937111937,0.7680025609471903,0.7629578131680653,0.7887390629391713,1.45224014720348,0.6936041090899752
0,4,Spencer Dinwiddie,24.8,BKN,PG/SG,8000,34.5,42.75,5.34,31.333333333333332,38.79,47.070478723404264,1.8167178372866377,1.173707905311808,1.9335844201873111,1.5468019174592809,0.7656077731125894,0.10417748667788176,1.4488855099753797
0,5,John Collins,47.8,ATL,PF/C,8300,34.5,43.8,5.285,31.666666666666668,40.379999999999995,47.71894736842105,1.9125090486456813,1.173707905311808,1.985998996944105,1.6980533890397456,0.7147189354941105,1.6780577502356866,1.4488855099753797
0,6,Kristaps Porzingis,59.0,DAL,PF/C,7000,33.0,41.599999999999994,5.96,28.666666666666668,37.0,47.88837209302324,1.7118036534172083,1.012857770509965,1.999693298589068,1.3765251035416504,1.3392637608118099,2.444469009011662,1.4488855099753797
0,7,De'Aaron Fox,45.3,SAC,PG,8200,33.5,44.05,5.37,32.666666666666664,41.56999999999999,45.173724489795916,1.935316479921644,1.0664744821105794,1.7802731211287957,1.8112541759458798,0.7933653209044874,1.5069838085446208,1.4488855099753797
1,0,Spencer Dinwiddie,24.8,BKN,PG/SG,8000,34.5,42.75,5.34,31.333333333333332,38.79,47.070478723404264,1.8167178372866377,1.173707905311808,1.9335844201873111,1.5468019174592809,0.7656077731125894,0.10417748667788176,1.4488855099753797
1,1,Alec Burks,42.3,GS,PG/SG,5300,28.0,33.3,6.300000000000001,26.333333333333332,29.560000000000002,35.407594936708854,0.9545969350552432,0.47669065450382214,0.9908940956188957,0.6687823685990966,1.6538493024533183,1.3016950785153418,0.6936041090899752
1,2,Tony Snell,9.5,DET,SG/SF,3300,31.0,18.35,5.54,31.0,16.869999999999997,18.35,-0.40928745524733245,0.7983909241075079,-0.3878412155899955,-0.5383756026940504,0.9506580917252413,-0.9427950364714408,-0.2590740057728963
1,3,Aaron Gordon,44.5,ORL,SF/PF,6100,34.0,32.65,5.365,34.0,30.55,32.65,0.8952976137377401,1.1200911937111937,0.7680025609471903,0.7629578131680653,0.7887390629391713,1.45224014720348,0.6936041090899752
1,4,Jeff Teague,35.3,ATL,PG/SG,3900,29.5,24.950000000000003,6.41,25.333333333333332,24.65,29.053618421052636,0.19282873043808588,0.637540789305665,0.4773133815010864,0.20171021422168492,1.7556269776902762,0.8226880417803577,0.2076024632717625
1,5,Jayson Tatum,45.3,BOS,SF/PF,7500,33.5,42.099999999999994,5.615,31.333333333333332,40.339999999999996,45.011170212765954,1.7574185159691338,1.0664744821105794,1.7671341456424612,1.6942483205723127,1.0200519612049859,1.5069838085446208,1.4488855099753797
1,6,Kristaps Porzingis,59.0,DAL,PF/C,7000,33.0,41.599999999999994,5.96,28.666666666666668,37.0,47.88837209302324,1.7118036534172083,1.012857770509965,1.999693298589068,1.3765251035416504,1.3392637608118099,2.444469009011662,1.4488855099753797
1,7,John Collins,47.8,ATL,PF/C,8300,34.5,43.8,5.285,31.666666666666668,40.379999999999995,47.71894736842105,1.9125090486456813,1.173707905311808,1.985998996944105,1.6980533890397456,0.7147189354941105,1.6780577502356866,1.4488855099753797
2,0,Alec Burks,42.3,GS,PG/SG,5300,28.0,33.3,6.300000000000001,26.333333333333332,29.560000000000002,35.407594936708854,0.9545969350552432,0.47669065450382214,0.9908940956188957,0.6687823685990966,1.6538493024533183,1.3016950785153418,0.6936041090899752
2,1,Jeff Teague,35.3,ATL,PG/SG,3900,29.5,24.950000000000003,6.41,25.333333333333332,24.65,29.053618421052636,0.19282873043808588,0.637540789305665,0.4773133815010864,0.20171021422168492,1.7556269776902762,0.8226880417803577,0.2076024632717625
2,2,Jayson Tatum,45.3,BOS,SF/PF,7500,33.5,42.099999999999994,5.615,31.333333333333332,40.339999999999996,45.011170212765954,1.7574185159691338,1.0664744821105794,1.7671341456424612,1.6942483205723127,1.0200519612049859,1.5069838085446208,1.4488855099753797
2,3,Aaron Gordon,44.5,ORL,SF/PF,6100,34.0,32.65,5.365,34.0,30.55,32.65,0.8952976137377401,1.1200911937111937,0.7680025609471903,0.7629578131680653,0.7887390629391713,1.45224014720348,0.6936041090899752
2,4,Spencer Dinwiddie,24.8,BKN,PG/SG,8000,34.5,42.75,5.34,31.333333333333332,38.79,47.070478723404264,1.8167178372866377,1.173707905311808,1.9335844201873111,1.5468019174592809,0.7656077731125894,0.10417748667788176,1.4488855099753797
2,5,JaMychal Green,19.3,LAC,PF,3700,17.5,16.45,4.465,21.0,17.93,13.708333333333334,-0.58262393294465,-0.6492602891090781,-0.763018944920539,-0.4375412883070734,-0.043987370817761745,-0.2721851850424629,-0.1777992058546113
2,6,Kristaps Porzingis,59.0,DAL,PF/C,7000,33.0,41.599999999999994,5.96,28.666666666666668,37.0,47.88837209302324,1.7118036534172083,1.012857770509965,1.999693298589068,1.3765251035416504,1.3392637608118099,2.444469009011662,1.4488855099753797
2,7,De'Aaron Fox,45.3,SAC,PG,8200,33.5,44.05,5.37,32.666666666666664,41.56999999999999,45.173724489795916,1.935316479921644,1.0664744821105794,1.7802731211287957,1.8112541759458798,0.7933653209044874,1.5069838085446208,1.4488855099753797
3,0,Alec Burks,42.3,GS,PG/SG,5300,28.0,33.3,6.300000000000001,26.333333333333332,29.560000000000002,35.407594936708854,0.9545969350552432,0.47669065450382214,0.9908940956188957,0.6687823685990966,1.6538493024533183,1.3016950785153418,0.6936041090899752
3,1,Spencer Dinwiddie,24.8,BKN,PG/SG,8000,34.5,42.75,5.34,31.333333333333332,38.79,47.070478723404264,1.8167178372866377,1.173707905311808,1.9335844201873111,1.5468019174592809,0.7656077731125894,0.10417748667788176,1.4488855099753797
3,2,Jimmy Butler,56.8,MIA,SG/SF,8100,34.5,40.15,4.975,34.333333333333336,41.51,40.34490291262136,1.5795205520166244,1.173707905311808,1.3899679905004256,1.8055465732447304,0.42789094164449987,2.2939239403235234,1.4488855099753797
3,3,Kristaps Porzingis,59.0,DAL,PF/C,7000,33.0,41.599999999999994,5.96,28.666666666666668,37.0,47.88837209302324,1.7118036534172083,1.012857770509965,1.999693298589068,1.3765251035416504,1.3392637608118099,2.444469009011662,1.4488855099753797
3,4,Tony Snell,9.5,DET,SG/SF,3300,31.0,18.35,5.54,31.0,16.869999999999997,18.35,-0.40928745524733245,0.7983909241075079,-0.3878412155899955,-0.5383756026940504,0.9506580917252413,-0.9427950364714408,-0.2590740057728963
3,5,Aaron Gordon,44.5,ORL,SF/PF,6100,34.0,32.65,5.365,34.0,30.55,32.65,0.8952976137377401,1.1200911937111937,0.7680025609471903,0.7629578131680653,0.7887390629391713,1.45224014720348,0.6936041090899752
3,6,John Collins,47.8,ATL,PF/C,8300,34.5,43.8,5.285,31.666666666666668,40.379999999999995,47.71894736842105,1.9125090486456813,1.173707905311808,1.985998996944105,1.6980533890397456,0.7147189354941105,1.6780577502356866,1.4488855099753797
3,7,Jeff Teague,35.3,ATL,PG/SG,3900,29.5,24.950000000000003,6.41,25.333333333333332,24.65,29.053618421052636,0.19282873043808588,0.637540789305665,0.4773133815010864,0.20171021422168492,1.7556269776902762,0.8226880417803577,0.2076024632717625
4,0,Brad Wanamaker,35.3,BOS,PG/SG,3600,26.0,21.45,5.975,18.333333333333332,15.55,30.419999999999998,-0.12647530742539378,0.262223808101365,0.5877555943962864,-0.663942862119342,1.3531425347077584,0.8226880417803577,-0.16606480399371648
4,1,Alec Burks,42.3,GS,PG/SG,5300,28.0,33.3,6.300000000000001,26.333333333333332,29.560000000000002,35.407594936708854,0.9545969350552432,0.47669065450382214,0.9908940956188957,0.6687823685990966,1.6538493024533183,1.3016950785153418,0.6936041090899752
4,2,Jayson Tatum,45.3,BOS,SF/PF,7500,33.5,42.099999999999994,5.615,31.333333333333332,40.339999999999996,45.011170212765954,1.7574185159691338,1.0664744821105794,1.7671341456424612,1.6942483205723127,1.0200519612049859,1.5069838085446208,1.4488855099753797
4,3,Aaron Gordon,44.5,ORL,SF/PF,6100,34.0,32.65,5.365,34.0,30.55,32.65,0.8952976137377401,1.1200911937111937,0.7680025609471903,0.7629578131680653,0.7887390629391713,1.45224014720348,0.6936041090899752
4,4,Tony Snell,9.5,DET,SG/SF,3300,31.0,18.35,5.54,31.0,16.869999999999997,18.35,-0.40928745524733245,0.7983909241075079,-0.3878412155899955,-0.5383756026940504,0.9506580917252413,-0.9427950364714408,-0.2590740057728963
4,5,Kristaps Porzingis,59.0,DAL,PF/C,7000,33.0,41.599999999999994,5.96,28.666666666666668,37.0,47.88837209302324,1.7118036534172083,1.012857770509965,1.999693298589068,1.3765251035416504,1.3392637608118099,2.444469009011662,1.4488855099753797
4,6,John Collins,47.8,ATL,PF/C,8300,34.5,43.8,5.285,31.666666666666668,40.379999999999995,47.71894736842105,1.9125090486456813,1.173707905311808,1.985998996944105,1.6980533890397456,0.7147189354941105,1.6780577502356866,1.4488855099753797
4,7,De'Aaron Fox,45.3,SAC,PG,8200,33.5,44.05,5.37,32.666666666666664,41.56999999999999,45.173724489795916,1.935316479921644,1.0664744821105794,1.7802731211287957,1.8112541759458798,0.7933653209044874,1.5069838085446208,1.4488855099753797
5,0,Jeff Teague,35.3,ATL,PG/SG,3900,29.5,24.950000000000003,6.41,25.333333333333332,24.65,29.053618421052636,0.19282873043808588,0.637540789305665,0.4773133815010864,0.20171021422168492,1.7556269776902762,0.8226880417803577,0.2076024632717625
5,1,Spencer Dinwiddie,24.8,BKN,PG/SG,8000,34.5,42.75,5.34,31.333333333333332,38.79,47.070478723404264,1.8167178372866377,1.173707905311808,1.9335844201873111,1.5468019174592809,0.7656077731125894,0.10417748667788176,1.4488855099753797
5,2,Aaron Gordon,44.5,ORL,SF/PF,6100,34.0,32.65,5.365,34.0,30.55,32.65,0.8952976137377401,1.1200911937111937,0.7680025609471903,0.7629578131680653,0.7887390629391713,1.45224014720348,0.6936041090899752
5,3,Jayson Tatum,45.3,BOS,SF/PF,7500,33.5,42.099999999999994,5.615,31.333333333333332,40.339999999999996,45.011170212765954,1.7574185159691338,1.0664744821105794,1.7671341456424612,1.6942483205723127,1.0200519612049859,1.5069838085446208,1.4488855099753797
5,4,Damion Lee,32.8,GS,SG,5700,30.0,30.15,5.29,28.666666666666668,24.610000000000003,31.552325581395348,0.6672233009781119,0.6911575009062794,0.6792794738557036,0.19790514575425225,0.7193451934594267,0.651614100089292,0.5987030804444065
5,5,Sekou Doumbouya,19.8,DET,SF/PF,3000,28.0,17.85,5.96,21.666666666666668,13.790000000000001,23.067692307692308,-0.45490231779925805,0.47669065450382214,-0.006518467795344556,-0.8313658746863977,1.3392637608118099,-0.23797039670424977,-0.25966585578904294
5,6,Kristaps Porzingis,59.0,DAL,PF/C,7000,33.0,41.599999999999994,5.96,28.666666666666668,37.0,47.88837209302324,1.7118036534172083,1.012857770509965,1.999693298589068,1.3765251035416504,1.3392637608118099,2.444469009011662,1.4488855099753797
5,7,John Collins,47.8,ATL,PF/C,8300,34.5,43.8,5.285,31.666666666666668,40.379999999999995,47.71894736842105,1.9125090486456813,1.173707905311808,1.985998996944105,1.6980533890397456,0.7147189354941105,1.6780577502356866,1.4488855099753797
6,0,Jeff Teague,35.3,ATL,PG/SG,3900,29.5,24.950000000000003,6.41,25.333333333333332,24.65,29.053618421052636,0.19282873043808588,0.637540789305665,0.4773133815010864,0.20171021422168492,1.7556269776902762,0.8226880417803577,0.2076024632717625
6,1,Spencer Dinwiddie,24.8,BKN,PG/SG,8000,34.5,42.75,5.34,31.333333333333332,38.79,47.070478723404264,1.8167178372866377,1.173707905311808,1.9335844201873111,1.5468019174592809,0.7656077731125894,0.10417748667788176,1.4488855099753797
6,2,Tony Snell,9.5,DET,SG/SF,3300,31.0,18.35,5.54,31.0,16.869999999999997,18.35,-0.40928745524733245,0.7983909241075079,-0.3878412155899955,-0.5383756026940504,0.9506580917252413,-0.9427950364714408,-0.2590740057728963
6,3,Jayson Tatum,45.3,BOS,SF/PF,7500,33.5,42.099999999999994,5.615,31.333333333333332,40.339999999999996,45.011170212765954,1.7574185159691338,1.0664744821105794,1.7671341456424612,1.6942483205723127,1.0200519612049859,1.5069838085446208,1.4488855099753797
6,4,De'Aaron Fox,45.3,SAC,PG,8200,33.5,44.05,5.37,32.666666666666664,41.56999999999999,45.173724489795916,1.935316479921644,1.0664744821105794,1.7802731211287957,1.8112541759458798,0.7933653209044874,1.5069838085446208,1.4488855099753797
6,5,John Collins,47.8,ATL,PF/C,8300,34.5,43.8,5.285,31.666666666666668,40.379999999999995,47.71894736842105,1.9125090486456813,1.173707905311808,1.985998996944105,1.6980533890397456,0.7147189354941105,1.6780577502356866,1.4488855099753797
6,6,Marquese Chriss,24.3,GS,PF/C,5500,24.0,26.450000000000003,4.785,22.0,22.250000000000004,28.85454545454546,0.32967331809386274,0.047756961698907766,0.46122266475884044,-0.02659389382429977,0.25209313896248126,0.0699626983396686,0.3210207084849691
6,7,Alec Burks,42.3,GS,PG/SG,5300,28.0,33.3,6.300000000000001,26.333333333333332,29.560000000000002,35.407594936708854,0.9545969350552432,0.47669065450382214,0.9908940956188957,0.6687823685990966,1.6538493024533183,1.3016950785153418,0.6936041090899752
7,0,Spencer Dinwiddie,24.8,BKN,PG/SG,8000,34.5,42.75,5.34,31.333333333333332,38.79,47.070478723404264,1.8167178372866377,1.173707905311808,1.9335844201873111,1.5468019174592809,0.7656077731125894,0.10417748667788176,1.4488855099753797
7,1,Jeff Teague,35.3,ATL,PG/SG,3900,29.5,24.950000000000003,6.41,25.333333333333332,24.65,29.053618421052636,0.19282873043808588,0.637540789305665,0.4773133815010864,0.20171021422168492,1.7556269776902762,0.8226880417803577,0.2076024632717625
7,2,Jayson Tatum,45.3,BOS,SF/PF,7500,33.5,42.099999999999994,5.615,31.333333333333332,40.339999999999996,45.011170212765954,1.7574185159691338,1.0664744821105794,1.7671341456424612,1.6942483205723127,1.0200519612049859,1.5069838085446208,1.4488855099753797
7,3,Kristaps Porzingis,59.0,DAL,PF/C,7000,33.0,41.599999999999994,5.96,28.666666666666668,37.0,47.88837209302324,1.7118036534172083,1.012857770509965,1.999693298589068,1.3765251035416504,1.3392637608118099,2.444469009011662,1.4488855099753797
7,4,De'Aaron Fox,45.3,SAC,PG,8200,33.5,44.05,5.37,32.666666666666664,41.56999999999999,45.173724489795916,1.935316479921644,1.0664744821105794,1.7802731211287957,1.8112541759458798,0.7933653209044874,1.5069838085446208,1.4488855099753797
7,5,Reggie Bullock,16.0,NY,SG/SF,3600,26.0,18.05,5.025,24.0,16.869999999999997,19.554166666666667,-0.4366563727784879,0.262223808101365,-0.2905105479270449,-0.5383756026940504,0.47415352129766347,-0.4980027880746698,-0.2590740057728963
7,6,John Collins,47.8,ATL,PF/C,8300,34.5,43.8,5.285,31.666666666666668,40.379999999999995,47.71894736842105,1.9125090486456813,1.173707905311808,1.985998996944105,1.6980533890397456,0.7147189354941105,1.6780577502356866,1.4488855099753797
7,7,Tony Snell,9.5,DET,SG/SF,3300,31.0,18.35,5.54,31.0,16.869999999999997,18.35,-0.40928745524733245,0.7983909241075079,-0.3878412155899955,-0.5383756026940504,0.9506580917252413,-0.9427950364714408,-0.2590740057728963
8,0,Alec Burks,42.3,GS,PG/SG,5300,28.0,33.3,6.300000000000001,26.333333333333332,29.560000000000002,35.407594936708854,0.9545969350552432,0.47669065450382214,0.9908940956188957,0.6687823685990966,1.6538493024533183,1.3016950785153418,0.6936041090899752
8,1,Spencer Dinwiddie,24.8,BKN,PG/SG,8000,34.5,42.75,5.34,31.333333333333332,38.79,47.070478723404264,1.8167178372866377,1.173707905311808,1.9335844201873111,1.5468019174592809,0.7656077731125894,0.10417748667788176,1.4488855099753797
8,2,Andrew Wiggins,26.5,MIN,SG/SF,7000,34.5,35.65,5.08,34.666666666666664,38.230000000000004,35.47860576923077,1.1689867890492938,1.173707905311808,0.99663377595716,1.4935309589152181,0.5250423589161425,0.22050776702780645,0.9855701269430821
8,3,Sekou Doumbouya,19.8,DET,SF/PF,3000,28.0,17.85,5.96,21.666666666666668,13.790000000000001,23.067692307692308,-0.45490231779925805,0.47669065450382214,-0.006518467795344556,-0.8313658746863977,1.3392637608118099,-0.23797039670424977,-0.25966585578904294
8,4,Devin Booker,22.5,PHO,PG/SG,8600,37.5,43.9,5.1,36.666666666666664,44.66,44.89772727272727,1.9216320211560665,1.495408174915494,1.7579647528986997,2.105195715055086,0.5435473907774072,-0.053210539677898794,1.4488855099753797
8,5,Jayson Tatum,45.3,BOS,SF/PF,7500,33.5,42.099999999999994,5.615,31.333333333333332,40.339999999999996,45.011170212765954,1.7574185159691338,1.0664744821105794,1.7671341456424612,1.6942483205723127,1.0200519612049859,1.5069838085446208,1.4488855099753797
8,6,Kristaps Porzingis,59.0,DAL,PF/C,7000,33.0,41.599999999999994,5.96,28.666666666666668,37.0,47.88837209302324,1.7118036534172083,1.012857770509965,1.999693298589068,1.3765251035416504,1.3392637608118099,2.444469009011662,1.4488855099753797
8,7,Tony Snell,9.5,DET,SG/SF,3300,31.0,18.35,5.54,31.0,16.869999999999997,18.35,-0.40928745524733245,0.7983909241075079,-0.3878412155899955,-0.5383756026940504,0.9506580917252413,-0.9427950364714408,-0.2590740057728963
9,0,Spencer Dinwiddie,24.8,BKN,PG/SG,8000,34.5,42.75,5.34,31.333333333333332,38.79,47.070478723404264,1.8167178372866377,1.173707905311808,1.9335844201873111,1.5468019174592809,0.7656077731125894,0.10417748667788176,1.4488855099753797
9,1,Devin Booker,22.5,PHO,PG/SG,8600,37.5,43.9,5.1,36.666666666666664,44.66,44.89772727272727,1.9216320211560665,1.495408174915494,1.7579647528986997,2.105195715055086,0.5435473907774072,-0.053210539677898794,1.4488855099753797
9,2,Reggie Bullock,16.0,NY,SG/SF,3600,26.0,18.05,5.025,24.0,16.869999999999997,19.554166666666667,-0.4366563727784879,0.262223808101365,-0.2905105479270449,-0.5383756026940504,0.47415352129766347,-0.4980027880746698,-0.2590740057728963
9,3,Kristaps Porzingis,59.0,DAL,PF/C,7000,33.0,41.599999999999994,5.96,28.666666666666668,37.0,47.88837209302324,1.7118036534172083,1.012857770509965,1.999693298589068,1.3765251035416504,1.3392637608118099,2.444469009011662,1.4488855099753797
9,4,Jeff Teague,35.3,ATL,PG/SG,3900,29.5,24.950000000000003,6.41,25.333333333333332,24.65,29.053618421052636,0.19282873043808588,0.637540789305665,0.4773133815010864,0.20171021422168492,1.7556269776902762,0.8226880417803577,0.2076024632717625
9,5,Joe Harris,26.5,BKN,SG/SF,4800,32.5,25.8,5.355,30.666666666666668,24.46,27.342391304347828,0.27037399677635926,0.9592410589093509,0.33899791205458807,0.18363613900137796,0.7794865470085388,0.22050776702780645,0.2076024632717625
9,6,John Collins,47.8,ATL,PF/C,8300,34.5,43.8,5.285,31.666666666666668,40.379999999999995,47.71894736842105,1.9125090486456813,1.173707905311808,1.985998996944105,1.6980533890397456,0.7147189354941105,1.6780577502356866,1.4488855099753797
9,7,Alec Burks,42.3,GS,PG/SG,5300,28.0,33.3,6.300000000000001,26.333333333333332,29.560000000000002,35.407594936708854,0.9545969350552432,0.47669065450382214,0.9908940956188957,0.6687823685990966,1.6538493024533183,1.3016950785153418,0.6936041090899752
10,0,Spencer Dinwiddie,24.8,BKN,PG/SG,8000,34.5,42.75,5.34,31.333333333333332,38.79,47.070478723404264,1.8167178372866377,1.173707905311808,1.9335844201873111,1.5468019174592809,0.7656077731125894,0.10417748667788176,1.4488855099753797
10,1,Jeff Teague,35.3,ATL,PG/SG,3900,29.5,24.950000000000003,6.41,25.333333333333332,24.65,29.053618421052636,0.19282873043808588,0.637540789305665,0.4773133815010864,0.20171021422168492,1.7556269776902762,0.8226880417803577,0.2076024632717625
10,2,Tony Snell,9.5,DET,SG/SF,3300,31.0,18.35,5.54,31.0,16.869999999999997,18.35,-0.40928745524733245,0.7983909241075079,-0.3878412155899955,-0.5383756026940504,0.9506580917252413,-0.9427950364714408,-0.2590740057728963
10,3,Jayson Tatum,45.3,BOS,SF/PF,7500,33.5,42.099999999999994,5.615,31.333333333333332,40.339999999999996,45.011170212765954,1.7574185159691338,1.0664744821105794,1.7671341456424612,1.6942483205723127,1.0200519612049859,1.5069838085446208,1.4488855099753797
10,4,Alec Burks,42.3,GS,PG/SG,5300,28.0,33.3,6.300000000000001,26.333333333333332,29.560000000000002,35.407594936708854,0.9545969350552432,0.47669065450382214,0.9908940956188957,0.6687823685990966,1.6538493024533183,1.3016950785153418,0.6936041090899752
10,5,John Collins,47.8,ATL,PF/C,8300,34.5,43.8,5.285,31.666666666666668,40.379999999999995,47.71894736842105,1.9125090486456813,1.173707905311808,1.985998996944105,1.6980533890397456,0.7147189354941105,1.6780577502356866,1.4488855099753797
10,6,Kristaps Porzingis,59.0,DAL,PF/C,7000,33.0,41.599999999999994,5.96,28.666666666666668,37.0,47.88837209302324,1.7118036534172083,1.012857770509965,1.999693298589068,1.3765251035416504,1.3392637608118099,2.444469009011662,1.4488855099753797
10,7,Bogdan Bogdanovic,31.5,SAC,SG/SF,5300,28.0,25.85,4.859999999999999,27.333333333333332,25.45,26.480487804878052,0.27493548303155185,0.47669065450382214,0.26933177248551377,0.2778115835703467,0.32148700844222494,0.5626556504099379,0.2076024632717625
11,0,Spencer Dinwiddie,24.8,BKN,PG/SG,8000,34.5,42.75,5.34,31.333333333333332,38.79,47.070478723404264,1.8167178372866377,1.173707905311808,1.9335844201873111,1.5468019174592809,0.7656077731125894,0.10417748667788176,1.4488855099753797
11,1,Jeff Teague,35.3,ATL,PG/SG,3900,29.5,24.950000000000003,6.41,25.333333333333332,24.65,29.053618421052636,0.19282873043808588,0.637540789305665,0.4773133815010864,0.20171021422168492,1.7556269776902762,0.8226880417803577,0.2076024632717625
11,2,Jayson Tatum,45.3,BOS,SF/PF,7500,33.5,42.099999999999994,5.615,31.333333333333332,40.339999999999996,45.011170212765954,1.7574185159691338,1.0664744821105794,1.7671341456424612,1.6942483205723127,1.0200519612049859,1.5069838085446208,1.4488855099753797
11,3,John Collins,47.8,ATL,PF/C,8300,34.5,43.8,5.285,31.666666666666668,40.379999999999995,47.71894736842105,1.9125090486456813,1.173707905311808,1.985998996944105,1.6980533890397456,0.7147189354941105,1.6780577502356866,1.4488855099753797
11,4,Damion Lee,32.8,GS,SG,5700,30.0,30.15,5.29,28.666666666666668,24.610000000000003,31.552325581395348,0.6672233009781119,0.6911575009062794,0.6792794738557036,0.19790514575425225,0.7193451934594267,0.651614100089292,0.5987030804444065
11,5,Sekou Doumbouya,19.8,DET,SF/PF,3000,28.0,17.85,5.96,21.666666666666668,13.790000000000001,23.067692307692308,-0.45490231779925805,0.47669065450382214,-0.006518467795344556,-0.8313658746863977,1.3392637608118099,-0.23797039670424977,-0.25966585578904294
11,6,Kristaps Porzingis,59.0,DAL,PF/C,7000,33.0,41.599999999999994,5.96,28.666666666666668,37.0,47.88837209302324,1.7118036534172083,1.012857770509965,1.999693298589068,1.3765251035416504,1.3392637608118099,2.444469009011662,1.4488855099753797
11,7,Tim Hardaway Jr.,38.5,DAL,SG/SF,5600,30.5,25.65,4.6,28.666666666666668,22.35,27.290406976744187,0.25668953801078137,0.7447742125068937,0.3347961105484245,-0.017081222655717262,0.08092159424577795,1.0416626871449222,0.2076024632717625
12,0,De'Aaron Fox,45.3,SAC,PG,8200,33.5,44.05,5.37,32.666666666666664,41.56999999999999,45.173724489795916,1.935316479921644,1.0664744821105794,1.7802731211287957,1.8112541759458798,0.7933653209044874,1.5069838085446208,1.4488855099753797
12,1,Brad Wanamaker,35.3,BOS,PG/SG,3600,26.0,21.45,5.975,18.333333333333332,15.55,30.419999999999998,-0.12647530742539378,0.262223808101365,0.5877555943962864,-0.663942862119342,1.3531425347077584,0.8226880417803577,-0.16606480399371648
12,2,Jayson Tatum,45.3,BOS,SF/PF,7500,33.5,42.099999999999994,5.615,31.333333333333332,40.339999999999996,45.011170212765954,1.7574185159691338,1.0664744821105794,1.7671341456424612,1.6942483205723127,1.0200519612049859,1.5069838085446208,1.4488855099753797
12,3,Kristaps Porzingis,59.0,DAL,PF/C,7000,33.0,41.599999999999994,5.96,28.666666666666668,37.0,47.88837209302324,1.7118036534172083,1.012857770509965,1.999693298589068,1.3765251035416504,1.3392637608118099,2.444469009011662,1.4488855099753797
12,4,Draymond Green,42.0,GS,PG/SF,6500,30.0,34.25,5.29,28.333333333333332,31.630000000000003,36.26470588235294,1.041265173903902,0.6911575009062794,1.0601728615157224,0.8656946617887588,0.7193451934594267,1.2811662055124142,0.8411418773262692
12,5,Kevin Porter Jr.,20.5,CLE,SG/SF,4500,28.5,22.9,5.09,23.666666666666668,19.32,27.57676056338028,0.005807793975190444,0.5303073661044364,0.3579415658632797,-0.3053151590637736,0.5342948748467748,-0.1900696930307514,0.08274642200953905
12,6,John Collins,47.8,ATL,PF/C,8300,34.5,43.8,5.285,31.666666666666668,40.379999999999995,47.71894736842105,1.9125090486456813,1.173707905311808,1.985998996944105,1.6980533890397456,0.7147189354941105,1.6780577502356866,1.4488855099753797
12,7,Tony Snell,9.5,DET,SG/SF,3300,31.0,18.35,5.54,31.0,16.869999999999997,18.35,-0.40928745524733245,0.7983909241075079,-0.3878412155899955,-0.5383756026940504,0.9506580917252413,-0.9427950364714408,-0.2590740057728963
13,0,Jeff Teague,35.3,ATL,PG/SG,3900,29.5,24.950000000000003,6.41,25.333333333333332,24.65,29.053618421052636,0.19282873043808588,0.637540789305665,0.4773133815010864,0.20171021422168492,1.7556269776902762,0.8226880417803577,0.2076024632717625
13,1,Jimmy Butler,56.8,MIA,SG/SF,8100,34.5,40.15,4.975,34.333333333333336,41.51,40.34490291262136,1.5795205520166244,1.173707905311808,1.3899679905004256,1.8055465732447304,0.42789094164449987,2.2939239403235234,1.4488855099753797
13,2,Draymond Green,42.0,GS,PG/SF,6500,30.0,34.25,5.29,28.333333333333332,31.630000000000003,36.26470588235294,1.041265173903902,0.6911575009062794,1.0601728615157224,0.8656946617887588,0.7193451934594267,1.2811662055124142,0.8411418773262692
13,3,Kristaps Porzingis,59.0,DAL,PF/C,7000,33.0,41.599999999999994,5.96,28.666666666666668,37.0,47.88837209302324,1.7118036534172083,1.012857770509965,1.999693298589068,1.3765251035416504,1.3392637608118099,2.444469009011662,1.4488855099753797
13,4,Elfrid Payton,59.3,NY,PG,6500,31.0,32.1,4.95,31.666666666666668,30.759999999999998,31.42421052631579,0.8451212649306221,0.7983909241075079,0.6689241599330166,0.7829344226220887,0.4047596518179189,2.4649978820145892,0.6936041090899752
13,5,Reggie Bullock,16.0,NY,SG/SF,3600,26.0,18.05,5.025,24.0,16.869999999999997,19.554166666666667,-0.4366563727784879,0.262223808101365,-0.2905105479270449,-0.5383756026940504,0.47415352129766347,-0.4980027880746698,-0.2590740057728963
13,6,John Collins,47.8,ATL,PF/C,8300,34.5,43.8,5.285,31.666666666666668,40.379999999999995,47.71894736842105,1.9125090486456813,1.173707905311808,1.985998996944105,1.6980533890397456,0.7147189354941105,1.6780577502356866,1.4488855099753797
13,7,Aaron Gordon,44.5,ORL,SF/PF,6100,34.0,32.65,5.365,34.0,30.55,32.65,0.8952976137377401,1.1200911937111937,0.7680025609471903,0.7629578131680653,0.7887390629391713,1.45224014720348,0.6936041090899752
14,0,Spencer Dinwiddie,24.8,BKN,PG/SG,8000,34.5,42.75,5.34,31.333333333333332,38.79,47.070478723404264,1.8167178372866377,1.173707905311808,1.9335844201873111,1.5468019174592809,0.7656077731125894,0.10417748667788176,1.4488855099753797
14,1,Alec Burks,42.3,GS,PG/SG,5300,28.0,33.3,6.300000000000001,26.333333333333332,29.560000000000002,35.407594936708854,0.9545969350552432,0.47669065450382214,0.9908940956188957,0.6687823685990966,1.6538493024533183,1.3016950785153418,0.6936041090899752
14,2,Draymond Green,42.0,GS,PG/SF,6500,30.0,34.25,5.29,28.333333333333332,31.630000000000003,36.26470588235294,1.041265173903902,0.6911575009062794,1.0601728615157224,0.8656946617887588,0.7193451934594267,1.2811662055124142,0.8411418773262692
14,3,John Collins,47.8,ATL,PF/C,8300,34.5,43.8,5.285,31.666666666666668,40.379999999999995,47.71894736842105,1.9125090486456813,1.173707905311808,1.985998996944105,1.6980533890397456,0.7147189354941105,1.6780577502356866,1.4488855099753797
14,4,Brad Wanamaker,35.3,BOS,PG/SG,3600,26.0,21.45,5.975,18.333333333333332,15.55,30.419999999999998,-0.12647530742539378,0.262223808101365,0.5877555943962864,-0.663942862119342,1.3531425347077584,0.8226880417803577,-0.16606480399371648
14,5,Eric Paschall,28.5,GS,SF/PF,4100,23.0,20.75,5.029999999999999,24.333333333333332,21.61,19.613013698630137,-0.19033611499808958,-0.05947646150232083,-0.28575404613245314,-0.08747498930322954,0.4787797792629788,0.35736692038065904,-0.042389555723307625
14,6,Bam Adebayo,48.0,MIA,C,8400,35.0,40.4,4.824999999999999,35.333333333333336,40.459999999999994,40.0188679245283,1.6023279832925872,1.2273246169124223,1.3636151574989757,1.7056635259746116,0.2891032026850108,1.691743665570972,1.4488855099753797
14,7,Cody Zeller,30.8,CHA,C,5700,27.5,27.1,4.77,25.0,25.660000000000004,29.810000000000002,0.3889726394113659,0.4230739429032079,0.5384503703621831,0.2977881930243708,0.23821436506653185,0.5147549467364396,0.3571212680622463
15,0,De'Aaron Fox,45.3,SAC,PG,8200,33.5,44.05,5.37,32.666666666666664,41.56999999999999,45.173724489795916,1.935316479921644,1.0664744821105794,1.7802731211287957,1.8112541759458798,0.7933653209044874,1.5069838085446208,1.4488855099753797
15,1,Alec Burks,42.3,GS,PG/SG,5300,28.0,33.3,6.300000000000001,26.333333333333332,29.560000000000002,35.407594936708854,0.9545969350552432,0.47669065450382214,0.9908940956188957,0.6687823685990966,1.6538493024533183,1.3016950785153418,0.6936041090899752
15,2,Tony Snell,9.5,DET,SG/SF,3300,31.0,18.35,5.54,31.0,16.869999999999997,18.35,-0.40928745524733245,0.7983909241075079,-0.3878412155899955,-0.5383756026940504,0.9506580917252413,-0.9427950364714408,-0.2590740057728963
15,3,Aaron Gordon,44.5,ORL,SF/PF,6100,34.0,32.65,5.365,34.0,30.55,32.65,0.8952976137377401,1.1200911937111937,0.7680025609471903,0.7629578131680653,0.7887390629391713,1.45224014720348,0.6936041090899752
15,4,Jeff Teague,35.3,ATL,PG/SG,3900,29.5,24.950000000000003,6.41,25.333333333333332,24.65,29.053618421052636,0.19282873043808588,0.637540789305665,0.4773133815010864,0.20171021422168492,1.7556269776902762,0.8226880417803577,0.2076024632717625
15,5,Mikal Bridges,37.0,PHO,SG/SF,4500,33.5,23.45,5.21,29.666666666666668,20.13,26.48005617977528,0.05598414278230869,1.0664744821105794,0.2692968849897908,-0.22826252259825375,0.6453250660143659,0.9390183221302827,0.13987995031271788
15,6,John Collins,47.8,ATL,PF/C,8300,34.5,43.8,5.285,31.666666666666668,40.379999999999995,47.71894736842105,1.9125090486456813,1.173707905311808,1.985998996944105,1.6980533890397456,0.7147189354941105,1.6780577502356866,1.4488855099753797
15,7,Spencer Dinwiddie,24.8,BKN,PG/SG,8000,34.5,42.75,5.34,31.333333333333332,38.79,47.070478723404264,1.8167178372866377,1.173707905311808,1.9335844201873111,1.5468019174592809,0.7656077731125894,0.10417748667788176,1.4488855099753797
16,0,De'Aaron Fox,45.3,SAC,PG,8200,33.5,44.05,5.37,32.666666666666664,41.56999999999999,45.173724489795916,1.935316479921644,1.0664744821105794,1.7802731211287957,1.8112541759458798,0.7933653209044874,1.5069838085446208,1.4488855099753797
16,1,Spencer Dinwiddie,24.8,BKN,PG/SG,8000,34.5,42.75,5.34,31.333333333333332,38.79,47.070478723404264,1.8167178372866377,1.173707905311808,1.9335844201873111,1.5468019174592809,0.7656077731125894,0.10417748667788176,1.4488855099753797
16,2,Tony Snell,9.5,DET,SG/SF,3300,31.0,18.35,5.54,31.0,16.869999999999997,18.35,-0.40928745524733245,0.7983909241075079,-0.3878412155899955,-0.5383756026940504,0.9506580917252413,-0.9427950364714408,-0.2590740057728963
16,3,John Collins,47.8,ATL,PF/C,8300,34.5,43.8,5.285,31.666666666666668,40.379999999999995,47.71894736842105,1.9125090486456813,1.173707905311808,1.985998996944105,1.6980533890397456,0.7147189354941105,1.6780577502356866,1.4488855099753797
16,4,Alec Burks,42.3,GS,PG/SG,5300,28.0,33.3,6.300000000000001,26.333333333333332,29.560000000000002,35.407594936708854,0.9545969350552432,0.47669065450382214,0.9908940956188957,0.6687823685990966,1.6538493024533183,1.3016950785153418,0.6936041090899752
16,5,Isaac Bonga,1.0,WAS,SF,3400,19.5,14.55,4.279999999999999,23.0,13.529999999999998,12.335869565217392,-0.7559604106419672,-0.4347934427066209,-0.8739527704379927,-0.856098819724713,-0.21515891553446503,-1.5244464382210645,-0.6519182316229141
16,6,Kristaps Porzingis,59.0,DAL,PF/C,7000,33.0,41.599999999999994,5.96,28.666666666666668,37.0,47.88837209302324,1.7118036534172083,1.012857770509965,1.999693298589068,1.3765251035416504,1.3392637608118099,2.444469009011662,1.4488855099753797
16,7,Mikal Bridges,37.0,PHO,SG/SF,4500,33.5,23.45,5.21,29.666666666666668,20.13,26.48005617977528,0.05598414278230869,1.0664744821105794,0.2692968849897908,-0.22826252259825375,0.6453250660143659,0.9390183221302827,0.13987995031271788
17,0,Alec Burks,42.3,GS,PG/SG,5300,28.0,33.3,6.300000000000001,26.333333333333332,29.560000000000002,35.407594936708854,0.9545969350552432,0.47669065450382214,0.9908940956188957,0.6687823685990966,1.6538493024533183,1.3016950785153418,0.6936041090899752
17,1,Bryn Forbes,13.3,SA,PG/SG,3100,24.5,15.8,5.09,22.333333333333332,16.82,17.332835820895525,-0.6419232542621531,0.10137367329952206,-0.47005680203296507,-0.5431319382783415,0.5342948748467748,-0.6827626451010208,-0.3866019780065796
17,2,Kawhi Leonard,45.5,LAC,SF,10300,34.0,50.05,4.84,31.666666666666668,52.489999999999995,53.7378947368421,2.4826948305447516,1.1200911937111937,2.4724998960416116,2.850037867555112,0.3029819765809602,1.5206697238799063,1.7363954535559902
17,3,Aaron Gordon,44.5,ORL,SF/PF,6100,34.0,32.65,5.365,34.0,30.55,32.65,0.8952976137377401,1.1200911937111937,0.7680025609471903,0.7629578131680653,0.7887390629391713,1.45224014720348,0.6936041090899752
17,4,Jeff Teague,35.3,ATL,PG/SG,3900,29.5,24.950000000000003,6.41,25.333333333333332,24.65,29.053618421052636,0.19282873043808588,0.637540789305665,0.4773133815010864,0.20171021422168492,1.7556269776902762,0.8226880417803577,0.2076024632717625
17,5,Tony Snell,9.5,DET,SG/SF,3300,31.0,18.35,5.54,31.0,16.869999999999997,18.35,-0.40928745524733245,0.7983909241075079,-0.3878412155899955,-0.5383756026940504,0.9506580917252413,-0.9427950364714408,-0.2590740057728963
17,6,John Collins,47.8,ATL,PF/C,8300,34.5,43.8,5.285,31.666666666666668,40.379999999999995,47.71894736842105,1.9125090486456813,1.173707905311808,1.985998996944105,1.6980533890397456,0.7147189354941105,1.6780577502356866,1.4488855099753797
17,7,Kristaps Porzingis,59.0,DAL,PF/C,7000,33.0,41.599999999999994,5.96,28.666666666666668,37.0,47.88837209302324,1.7118036534172083,1.012857770509965,1.999693298589068,1.3765251035416504,1.3392637608118099,2.444469009011662,1.4488855099753797
18,0,Spencer Dinwiddie,24.8,BKN,PG/SG,8000,34.5,42.75,5.34,31.333333333333332,38.79,47.070478723404264,1.8167178372866377,1.173707905311808,1.9335844201873111,1.5468019174592809,0.7656077731125894,0.10417748667788176,1.4488855099753797
18,1,Brad Wanamaker,35.3,BOS,PG/SG,3600,26.0,21.45,5.975,18.333333333333332,15.55,30.419999999999998,-0.12647530742539378,0.262223808101365,0.5877555943962864,-0.663942862119342,1.3531425347077584,0.8226880417803577,-0.16606480399371648
18,2,Draymond Green,42.0,GS,PG/SF,6500,30.0,34.25,5.29,28.333333333333332,31.630000000000003,36.26470588235294,1.041265173903902,0.6911575009062794,1.0601728615157224,0.8656946617887588,0.7193451934594267,1.2811662055124142,0.8411418773262692
18,3,John Collins,47.8,ATL,PF/C,8300,34.5,43.8,5.285,31.666666666666668,40.379999999999995,47.71894736842105,1.9125090486456813,1.173707905311808,1.985998996944105,1.6980533890397456,0.7147189354941105,1.6780577502356866,1.4488855099753797
18,4,Tony Snell,9.5,DET,SG/SF,3300,31.0,18.35,5.54,31.0,16.869999999999997,18.35,-0.40928745524733245,0.7983909241075079,-0.3878412155899955,-0.5383756026940504,0.9506580917252413,-0.9427950364714408,-0.2590740057728963
18,5,Jimmy Butler,56.8,MIA,SG/SF,8100,34.5,40.15,4.975,34.333333333333336,41.51,40.34490291262136,1.5795205520166244,1.173707905311808,1.3899679905004256,1.8055465732447304,0.42789094164449987,2.2939239403235234,1.4488855099753797
18,6,Kristaps Porzingis,59.0,DAL,PF/C,7000,33.0,41.599999999999994,5.96,28.666666666666668,37.0,47.88837209302324,1.7118036534172083,1.012857770509965,1.999693298589068,1.3765251035416504,1.3392637608118099,2.444469009011662,1.4488855099753797
18,7,John Henson,18.8,CLE,C,3000,19.0,17.0,5.6850000000000005,14.0,15.039999999999997,23.07142857142857,-0.5324475841375318,-0.4884101543072352,-0.006216472187857904,-0.7124574850791141,1.0848195727194143,-0.3063999733806761,-0.25966585578904294
19,0,De'Aaron Fox,45.3,SAC,PG,8200,33.5,44.05,5.37,32.666666666666664,41.56999999999999,45.173724489795916,1.935316479921644,1.0664744821105794,1.7802731211287957,1.8112541759458798,0.7933653209044874,1.5069838085446208,1.4488855099753797
19,1,Bryn Forbes,13.3,SA,PG/SG,3100,24.5,15.8,5.09,22.333333333333332,16.82,17.332835820895525,-0.6419232542621531,0.10137367329952206,-0.47005680203296507,-0.5431319382783415,0.5342948748467748,-0.6827626451010208,-0.3866019780065796
19,2,Draymond Green,42.0,GS,PG/SF,6500,30.0,34.25,5.29,28.333333333333332,31.630000000000003,36.26470588235294,1.041265173903902,0.6911575009062794,1.0601728615157224,0.8656946617887588,0.7193451934594267,1.2811662055124142,0.8411418773262692
19,3,Jayson Tatum,45.3,BOS,SF/PF,7500,33.5,42.099999999999994,5.615,31.333333333333332,40.339999999999996,45.011170212765954,1.7574185159691338,1.0664744821105794,1.7671341456424612,1.6942483205723127,1.0200519612049859,1.5069838085446208,1.4488855099753797
19,4,Spencer Dinwiddie,24.8,BKN,PG/SG,8000,34.5,42.75,5.34,31.333333333333332,38.79,47.070478723404264,1.8167178372866377,1.173707905311808,1.9335844201873111,1.5468019174592809,0.7656077731125894,0.10417748667788176,1.4488855099753797
19,5,Joe Harris,26.5,BKN,SG/SF,4800,32.5,25.8,5.355,30.666666666666668,24.46,27.342391304347828,0.27037399677635926,0.9592410589093509,0.33899791205458807,0.18363613900137796,0.7794865470085388,0.22050776702780645,0.2076024632717625
19,6,Cheick Diallo,15.0,PHO,PF/C,3000,15.0,14.0,4.66,13.0,9.959999999999999,16.153846153846153,-0.8061367594490855,-0.9173438471121497,-0.5653524572260186,-1.195701180443116,0.13643668982957394,-0.5664323647510962,-0.6519182316229141
19,7,Aaron Gordon,44.5,ORL,SF/PF,6100,34.0,32.65,5.365,34.0,30.55,32.65,0.8952976137377401,1.1200911937111937,0.7680025609471903,0.7629578131680653,0.7887390629391713,1.45224014720348,0.6936041090899752
20,0,Alec Burks,42.3,GS,PG/SG,5300,28.0,33.3,6.300000000000001,26.333333333333332,29.560000000000002,35.407594936708854,0.9545969350552432,0.47669065450382214,0.9908940956188957,0.6687823685990966,1.6538493024533183,1.3016950785153418,0.6936041090899752
20,1,Jeff Teague,35.3,ATL,PG/SG,3900,29.5,24.950000000000003,6.41,25.333333333333332,24.65,29.053618421052636,0.19282873043808588,0.637540789305665,0.4773133815010864,0.20171021422168492,1.7556269776902762,0.8226880417803577,0.2076024632717625
20,2,Rudy Gay,10.8,SA,SF/PF,4100,16.5,17.450000000000003,4.235,21.0,20.19,13.710714285714289,-0.4913942078407984,-0.7564937123103067,-0.7628264967392973,-0.2225549198971039,-0.2567952372223108,-0.8538365867920865,-0.14474283582530217
20,3,Rui Hachimura,20.0,WAS,PF/C,5100,17.5,15.3,3.02,27.666666666666668,23.04,9.677710843373493,-0.6875381168140788,-0.6492602891090781,-1.088807051255567,0.04855620840750326,-1.38097592279417,-0.22428448136896456,-0.3866019780065796
20,4,Jimmy Butler,56.8,MIA,SG/SF,8100,34.5,40.15,4.975,34.333333333333336,41.51,40.34490291262136,1.5795205520166244,1.173707905311808,1.3899679905004256,1.8055465732447304,0.42789094164449987,2.2939239403235234,1.4488855099753797
20,5,Draymond Green,42.0,GS,PG/SF,6500,30.0,34.25,5.29,28.333333333333332,31.630000000000003,36.26470588235294,1.041265173903902,0.6911575009062794,1.0601728615157224,0.8656946617887588,0.7193451934594267,1.2811662055124142,0.8411418773262692
20,6,Bam Adebayo,48.0,MIA,C,8400,35.0,40.4,4.824999999999999,35.333333333333336,40.459999999999994,40.0188679245283,1.6023279832925872,1.2273246169124223,1.3636151574989757,1.7056635259746116,0.2891032026850108,1.691743665570972,1.4488855099753797
20,7,John Collins,47.8,ATL,PF/C,8300,34.5,43.8,5.285,31.666666666666668,40.379999999999995,47.71894736842105,1.9125090486456813,1.173707905311808,1.985998996944105,1.6980533890397456,0.7147189354941105,1.6780577502356866,1.4488855099753797
21,0,Jordan McLaughlin,16.8,MIN,PG,3000,17.5,13.600000000000001,4.525,18.666666666666668,13.7,12.750000000000002,-0.8426286494906259,-0.6492602891090781,-0.8404793378702922,-0.8399272787381223,0.011527724766034225,-0.4432591267335287,-0.6519182316229141
21,1,Jimmy Butler,56.8,MIA,SG/SF,8100,34.5,40.15,4.975,34.333333333333336,41.51,40.34490291262136,1.5795205520166244,1.173707905311808,1.3899679905004256,1.8055465732447304,0.42789094164449987,2.2939239403235234,1.4488855099753797
21,2,Aaron Gordon,44.5,ORL,SF/PF,6100,34.0,32.65,5.365,34.0,30.55,32.65,0.8952976137377401,1.1200911937111937,0.7680025609471903,0.7629578131680653,0.7887390629391713,1.45224014720348,0.6936041090899752
21,3,Rui Hachimura,20.0,WAS,PF/C,5100,17.5,15.3,3.02,27.666666666666668,23.04,9.677710843373493,-0.6875381168140788,-0.6492602891090781,-1.088807051255567,0.04855620840750326,-1.38097592279417,-0.22428448136896456,-0.3866019780065796
21,4,Draymond Green,42.0,GS,PG/SF,6500,30.0,34.25,5.29,28.333333333333332,31.630000000000003,36.26470588235294,1.041265173903902,0.6911575009062794,1.0601728615157224,0.8656946617887588,0.7193451934594267,1.2811662055124142,0.8411418773262692
21,5,John Collins,47.8,ATL,PF/C,8300,34.5,43.8,5.285,31.666666666666668,40.379999999999995,47.71894736842105,1.9125090486456813,1.173707905311808,1.985998996944105,1.6980533890397456,0.7147189354941105,1.6780577502356866,1.4488855099753797
21,6,Kristaps Porzingis,59.0,DAL,PF/C,7000,33.0,41.599999999999994,5.96,28.666666666666668,37.0,47.88837209302324,1.7118036534172083,1.012857770509965,1.999693298589068,1.3765251035416504,1.3392637608118099,2.444469009011662,1.4488855099753797
21,7,Dejounte Murray,11.8,SA,PG,5200,25.0,26.0,4.995,26.0,25.8,25.0,0.2886199417971294,0.15499038490013636,0.14966655461785666,0.31110593266038633,0.4463959735057655,-0.7854070101156603,0.25640667806119893
22,0,Draymond Green,42.0,GS,PG/SF,6500,30.0,34.25,5.29,28.333333333333332,31.630000000000003,36.26470588235294,1.041265173903902,0.6911575009062794,1.0601728615157224,0.8656946617887588,0.7193451934594267,1.2811662055124142,0.8411418773262692
22,1,Landry Shamet,8.3,LAC,SG/SF,4500,27.0,19.200000000000003,4.2700000000000005,32.333333333333336,19.82,16.03298969072165,-0.33174218890905877,0.36945723130259356,-0.5751210719642531,-0.25775180322086005,-0.2244114314650966,-1.0249105284831523,-0.14474283582530217
22,2,Jayson Tatum,45.3,BOS,SF/PF,7500,33.5,42.099999999999994,5.615,31.333333333333332,40.339999999999996,45.011170212765954,1.7574185159691338,1.0664744821105794,1.7671341456424612,1.6942483205723127,1.0200519612049859,1.5069838085446208,1.4488855099753797
22,3,Eric Paschall,28.5,GS,SF/PF,4100,23.0,20.75,5.029999999999999,24.333333333333332,21.61,19.613013698630137,-0.19033611499808958,-0.05947646150232083,-0.28575404613245314,-0.08747498930322954,0.4787797792629788,0.35736692038065904,-0.042389555723307625
22,4,Tony Snell,9.5,DET,SG/SF,3300,31.0,18.35,5.54,31.0,16.869999999999997,18.35,-0.40928745524733245,0.7983909241075079,-0.3878412155899955,-0.5383756026940504,0.9506580917252413,-0.9427950364714408,-0.2590740057728963
22,5,Kristaps Porzingis,59.0,DAL,PF/C,7000,33.0,41.599999999999994,5.96,28.666666666666668,37.0,47.88837209302324,1.7118036534172083,1.012857770509965,1.999693298589068,1.3765251035416504,1.3392637608118099,2.444469009011662,1.4488855099753797
22,6,Cody Zeller,30.8,CHA,C,5700,27.5,27.1,4.77,25.0,25.660000000000004,29.810000000000002,0.3889726394113659,0.4230739429032079,0.5384503703621831,0.2977881930243708,0.23821436506653185,0.5147549467364396,0.3571212680622463
22,7,John Collins,47.8,ATL,PF/C,8300,34.5,43.8,5.285,31.666666666666668,40.379999999999995,47.71894736842105,1.9125090486456813,1.173707905311808,1.985998996944105,1.6980533890397456,0.7147189354941105,1.6780577502356866,1.4488855099753797
23,0,Jeff Teague,35.3,ATL,PG/SG,3900,29.5,24.950000000000003,6.41,25.333333333333332,24.65,29.053618421052636,0.19282873043808588,0.637540789305665,0.4773133815010864,0.20171021422168492,1.7556269776902762,0.8226880417803577,0.2076024632717625
23,1,Jimmy Butler,56.8,MIA,SG/SF,8100,34.5,40.15,4.975,34.333333333333336,41.51,40.34490291262136,1.5795205520166244,1.173707905311808,1.3899679905004256,1.8055465732447304,0.42789094164449987,2.2939239403235234,1.4488855099753797
23,2,Aaron Gordon,44.5,ORL,SF/PF,6100,34.0,32.65,5.365,34.0,30.55,32.65,0.8952976137377401,1.1200911937111937,0.7680025609471903,0.7629578131680653,0.7887390629391713,1.45224014720348,0.6936041090899752
23,3,John Collins,47.8,ATL,PF/C,8300,34.5,43.8,5.285,31.666666666666668,40.379999999999995,47.71894736842105,1.9125090486456813,1.173707905311808,1.985998996944105,1.6980533890397456,0.7147189354941105,1.6780577502356866,1.4488855099753797
23,4,Brad Wanamaker,35.3,BOS,PG/SG,3600,26.0,21.45,5.975,18.333333333333332,15.55,30.419999999999998,-0.12647530742539378,0.262223808101365,0.5877555943962864,-0.663942862119342,1.3531425347077584,0.8226880417803577,-0.16606480399371648
23,5,Tony Snell,9.5,DET,SG/SF,3300,31.0,18.35,5.54,31.0,16.869999999999997,18.35,-0.40928745524733245,0.7983909241075079,-0.3878412155899955,-0.5383756026940504,0.9506580917252413,-0.9427950364714408,-0.2590740057728963
23,6,Kristaps Porzingis,59.0,DAL,PF/C,7000,33.0,41.599999999999994,5.96,28.666666666666668,37.0,47.88837209302324,1.7118036534172083,1.012857770509965,1.999693298589068,1.3765251035416504,1.3392637608118099,2.444469009011662,1.4488855099753797
23,7,Lonnie Walker IV,6.5,SA,SG/SF,3000,15.5,12.9,4.29,15.333333333333334,11.319999999999999,13.040217391304349,-0.9064894570633218,-0.8637271355115353,-0.8170215780393839,-1.066328852550391,-0.2059063996038318,-1.1480837665007197,-0.6519182316229141
24,0,Elfrid Payton,59.3,NY,PG,6500,31.0,32.1,4.95,31.666666666666668,30.759999999999998,31.42421052631579,0.8451212649306221,0.7983909241075079,0.6689241599330166,0.7829344226220887,0.4047596518179189,2.4649978820145892,0.6936041090899752
24,1,Tony Snell,9.5,DET,SG/SF,3300,31.0,18.35,5.54,31.0,16.869999999999997,18.35,-0.40928745524733245,0.7983909241075079,-0.3878412155899955,-0.5383756026940504,0.9506580917252413,-0.9427950364714408,-0.2590740057728963
24,2,Kevin Knox II,19.0,NY,SF/PF,3000,17.0,12.25,4.075,17.333333333333332,12.53,12.014423076923078,-0.9657887783808251,-0.7028770007096924,-0.8999347230942666,-0.95122553141054,-0.40483549211243225,-0.29271405804539086,-0.6519182316229141
24,3,Aaron Gordon,44.5,ORL,SF/PF,6100,34.0,32.65,5.365,34.0,30.55,32.65,0.8952976137377401,1.1200911937111937,0.7680025609471903,0.7629578131680653,0.7887390629391713,1.45224014720348,0.6936041090899752
24,4,Alec Burks,42.3,GS,PG/SG,5300,28.0,33.3,6.300000000000001,26.333333333333332,29.560000000000002,35.407594936708854,0.9545969350552432,0.47669065450382214,0.9908940956188957,0.6687823685990966,1.6538493024533183,1.3016950785153418,0.6936041090899752
24,5,Eric Paschall,28.5,GS,SF/PF,4100,23.0,20.75,5.029999999999999,24.333333333333332,21.61,19.613013698630137,-0.19033611499808958,-0.05947646150232083,-0.28575404613245314,-0.08747498930322954,0.4787797792629788,0.35736692038065904,-0.042389555723307625
24,6,Kristaps Porzingis,59.0,DAL,PF/C,7000,33.0,41.599999999999994,5.96,28.666666666666668,37.0,47.88837209302324,1.7118036534172083,1.012857770509965,1.999693298589068,1.3765251035416504,1.3392637608118099,2.444469009011662,1.4488855099753797
24,7,Jaren Jackson Jr.,31.3,MEM,PF/C,6100,30.5,33.2,5.455,27.333333333333332,31.360000000000003,37.04634146341464,0.9454739625448586,0.7447742125068937,1.1233510868227288,0.8400104496335855,0.8720117063148644,0.5489697350746527,0.6936041090899752
25,0,Jeff Teague,35.3,ATL,PG/SG,3900,29.5,24.950000000000003,6.41,25.333333333333332,24.65,29.053618421052636,0.19282873043808588,0.637540789305665,0.4773133815010864,0.20171021422168492,1.7556269776902762,0.8226880417803577,0.2076024632717625
25,1,Alec Burks,42.3,GS,PG/SG,5300,28.0,33.3,6.300000000000001,26.333333333333332,29.560000000000002,35.407594936708854,0.9545969350552432,0.47669065450382214,0.9908940956188957,0.6687823685990966,1.6538493024533183,1.3016950785153418,0.6936041090899752
25,2,Tony Snell,9.5,DET,SG/SF,3300,31.0,18.35,5.54,31.0,16.869999999999997,18.35,-0.40928745524733245,0.7983909241075079,-0.3878412155899955,-0.5383756026940504,0.9506580917252413,-0.9427950364714408,-0.2590740057728963
25,3,Jayson Tatum,45.3,BOS,SF/PF,7500,33.5,42.099999999999994,5.615,31.333333333333332,40.339999999999996,45.011170212765954,1.7574185159691338,1.0664744821105794,1.7671341456424612,1.6942483205723127,1.0200519612049859,1.5069838085446208,1.4488855099753797
25,4,Draymond Green,42.0,GS,PG/SF,6500,30.0,34.25,5.29,28.333333333333332,31.630000000000003,36.26470588235294,1.041265173903902,0.6911575009062794,1.0601728615157224,0.8656946617887588,0.7193451934594267,1.2811662055124142,0.8411418773262692
25,5,Jaren Jackson Jr.,31.3,MEM,PF/C,6100,30.5,33.2,5.455,27.333333333333332,31.360000000000003,37.04634146341464,0.9454739625448586,0.7447742125068937,1.1233510868227288,0.8400104496335855,0.8720117063148644,0.5489697350746527,0.6936041090899752
25,6,Rui Hachimura,20.0,WAS,PF/C,5100,17.5,15.3,3.02,27.666666666666668,23.04,9.677710843373493,-0.6875381168140788,-0.6492602891090781,-1.088807051255567,0.04855620840750326,-1.38097592279417,-0.22428448136896456,-0.3866019780065796
25,7,Cedi Osman,22.5,CLE,SF/PF,4200,28.0,21.0,4.99,25.0,21.64,23.52,-0.1675286837221268,0.47669065450382214,0.030040765158063948,-0.08462118795265462,0.4417697155404493,-0.053210539677898794,0.13987995031271788
26,0,Brandon Goodwin,11.3,ATL,PG,3200,17.0,14.0,4.375,15.333333333333334,14.080000000000002,15.521739130434781,-0.8061367594490855,-0.7028770007096924,-0.6164445529683598,-0.8037791282975078,-0.12726001419345487,-0.8196217984538734,-0.6093495995378467
26,1,Malik Monk,25.3,CHA,PG/SG,4400,28.0,23.8,5.404999999999999,26.333333333333332,20.419999999999998,25.30632911392405,0.08791454656865676,0.47669065450382214,0.17442659656899404,-0.20067577620936397,0.8257491266617007,0.1383922750160949,0.2076024632717625
26,2,Kent Bazemore,16.5,SAC,SG/SF,3500,18.5,15.15,4.305,19.666666666666668,17.05,14.251271186440679,-0.7012225755796565,-0.5420268659078495,-0.7191342359302884,-0.5212527945906013,-0.19202762570788323,-0.4637879997364566,-0.3867987892125898
26,3,Doug McDermott,18.0,IND,SF/PF,3900,20.5,17.5,4.505,20.333333333333332,17.419999999999998,17.643442622950822,-0.48683272158560614,-0.3275600195053923,-0.44495100209550126,-0.4860559112668454,-0.006977307095231372,-0.3611436347218172,-0.25966585578904294
26,4,Landry Shamet,8.3,LAC,SG/SF,4500,27.0,19.200000000000003,4.2700000000000005,32.333333333333336,19.82,16.03298969072165,-0.33174218890905877,0.36945723130259356,-0.5751210719642531,-0.25775180322086005,-0.2244114314650966,-1.0249105284831523,-0.14474283582530217
26,5,Andrew Wiggins,26.5,MIN,SG/SF,7000,34.5,35.65,5.08,34.666666666666664,38.230000000000004,35.47860576923077,1.1689867890492938,1.173707905311808,0.99663377595716,1.4935309589152181,0.5250423589161425,0.22050776702780645,0.9855701269430821
26,6,Jarrett Allen,25.5,BKN,C,6700,27.5,31.2,4.65,29.0,31.419999999999998,29.586206896551722,0.7630145123371558,0.4230739429032079,0.5203615685543064,0.8457180523347346,0.12718417389894154,0.15207819035138012,0.6936041090899752
26,7,Jordan McLaughlin,16.8,MIN,PG,3000,17.5,13.600000000000001,4.525,18.666666666666668,13.7,12.750000000000002,-0.8426286494906259,-0.6492602891090781,-0.8404793378702922,-0.8399272787381223,0.011527724766034225,-0.4432591267335287,-0.6519182316229141
