Lineup Num,,Player Name,Actual FP,team,Pos,Salary,DFN_MinProj,Avg Proj,Avg Value Proj,Avg Skewed Min,Avg Skewed FP,Proj Min Enhanced,Avg Proj Stan,DFN_MinProj Stan,Proj Min Enhanced Stan,Avg Skewed FP Stan,Avg Value Proj Stan,Actual FP Stan,predictions
0,0,De'Anthony Melton,11.3,MEM,PG/SG,4000,24.5,24.6,6.145,21.333333333333332,20.580000000000002,28.251562500000006,0.2950180495760749,0.34276314808899455,0.579438727583668,-0.014600528151882263,1.3242154368816974,-0.5454157695626449,0.30525890487642404
0,1,CJ McCollum,22.5,POR,PG/SG,6600,36.0,36.3,5.49,36.0,35.46,36.3,1.186347849480591,1.2866232006284637,1.133887881982382,1.1618404299396248,0.8997121551197221,0.11421965930122266,0.9446036357212487
0,2,Paul George,40.5,LAC,SF,8100,33.5,47.4,5.835,27.333333333333332,41.800000000000004,58.09390243902439,2.0319684288771835,1.0814362326851008,2.635248957143264,1.6630928274060333,1.1233054867348085,1.1743480271181528,1.6381788764206076
0,3,Jaren Jackson Jr.,32.3,MEM,PF/C,5800,30.0,32.95,5.665,27.0,30.389999999999997,36.611111111111114,0.9311380349780163,0.7941744775643929,1.1553200285921563,0.7609966357511875,1.0131290624607079,0.6914006595571067,0.8124367244005242
0,4,Donovan Mitchell,39.8,UTA,PG/SG,7300,34.5,40.7,5.575,35.0,38.48,40.118571428571435,1.5215487998720336,1.163511019862446,1.3969456120799975,1.4006073448210996,0.9548003672567723,1.133120812814161,1.3088582897573076
0,5,Joe Ingles,20.3,UTA,SG/SF,4500,29.0,26.4,5.88,31.333333333333332,24.660000000000004,24.43404255319149,0.43214571109984645,0.7120996903870477,0.3164534330580897,0.307971992615144,1.152469834336776,-0.01535158565417987,0.4361854419886236
0,6,Joel Embiid,64.5,PHI,C,8200,32.0,50.2,6.12,31.333333333333332,46.78000000000001,51.26808510638298,2.245278124580829,0.9583240519190831,2.165024935628142,2.056821051283433,1.3080130215472712,2.5878525175407265,1.9521342857105308
0,7,Dillon Brooks,14.8,MEM,SG/SF,4900,31.5,30.5,6.234999999999999,29.666666666666668,27.580000000000002,32.38483146067416,0.7444920512373268,0.9172866583304106,0.8641756693997954,0.5388327182621332,1.3825441320856329,-0.3392796980426863,0.6239750866962573
1,0,CJ McCollum,22.5,POR,PG/SG,6600,36.0,36.3,5.49,36.0,35.46,36.3,1.186347849480591,1.2866232006284637,1.133887881982382,1.1618404299396248,0.8997121551197221,0.11421965930122266,0.9446036357212487
1,1,Donovan Mitchell,39.8,UTA,PG/SG,7300,34.5,40.7,5.575,35.0,38.48,40.118571428571435,1.5215487998720336,1.163511019862446,1.3969456120799975,1.4006073448210996,0.9548003672567723,1.133120812814161,1.3088582897573076
1,2,Landry Shamet,24.0,LAC,SG/SF,4400,33.5,21.75,4.935,30.666666666666668,19.169999999999998,23.75951086956522,0.07789925216343618,1.0814362326851008,0.26998559111961073,-0.12607779635813424,0.5400185346954522,0.20256368995263352,0.26092269437949767
1,3,Jaren Jackson Jr.,32.3,MEM,PF/C,5800,30.0,32.95,5.665,27.0,30.389999999999997,36.611111111111114,0.9311380349780163,0.7941744775643929,1.1553200285921563,0.7609966357511875,1.0131290624607079,0.6914006595571067,0.8124367244005242
1,4,Joe Ingles,20.3,UTA,SG/SF,4500,29.0,26.4,5.88,31.333333333333332,24.660000000000004,24.43404255319149,0.43214571109984645,0.7120996903870477,0.3164534330580897,0.307971992615144,1.152469834336776,-0.01535158565417987,0.4361854419886236
1,5,Paul George,40.5,LAC,SF,8100,33.5,47.4,5.835,27.333333333333332,41.800000000000004,58.09390243902439,2.0319684288771835,1.0814362326851008,2.635248957143264,1.6630928274060333,1.1233054867348085,1.1743480271181528,1.6381788764206076
1,6,Joel Embiid,64.5,PHI,C,8200,32.0,50.2,6.12,31.333333333333332,46.78000000000001,51.26808510638298,2.245278124580829,0.9583240519190831,2.165024935628142,2.056821051283433,1.3080130215472712,2.5878525175407265,1.9521342857105308
1,7,De'Anthony Melton,11.3,MEM,PG/SG,4000,24.5,24.6,6.145,21.333333333333332,20.580000000000002,28.251562500000006,0.2950180495760749,0.34276314808899455,0.579438727583668,-0.014600528151882263,1.3242154368816974,-0.5454157695626449,0.30525890487642404
2,0,De'Anthony Melton,11.3,MEM,PG/SG,4000,24.5,24.6,6.145,21.333333333333332,20.580000000000002,28.251562500000006,0.2950180495760749,0.34276314808899455,0.579438727583668,-0.014600528151882263,1.3242154368816974,-0.5454157695626449,0.30525890487642404
2,1,CJ McCollum,22.5,POR,PG/SG,6600,36.0,36.3,5.49,36.0,35.46,36.3,1.186347849480591,1.2866232006284637,1.133887881982382,1.1618404299396248,0.8997121551197221,0.11421965930122266,0.9446036357212487
2,2,Paul George,40.5,LAC,SF,8100,33.5,47.4,5.835,27.333333333333332,41.800000000000004,58.09390243902439,2.0319684288771835,1.0814362326851008,2.635248957143264,1.6630928274060333,1.1233054867348085,1.1743480271181528,1.6381788764206076
2,3,Josh Jackson,9.8,MEM,SF/PF,3000,18.5,17.25,5.74,19.333333333333332,14.910000000000002,16.50646551724138,-0.2649199016459932,-0.14968557497507634,-0.22966975967505973,-0.4628814577472347,1.0617363084639877,-0.6337598002140558,-0.17150243781760524
2,4,Donovan Mitchell,39.8,UTA,PG/SG,7300,34.5,40.7,5.575,35.0,38.48,40.118571428571435,1.5215487998720336,1.163511019862446,1.3969456120799975,1.4006073448210996,0.9548003672567723,1.133120812814161,1.3088582897573076
2,5,Dillon Brooks,14.8,MEM,SG/SF,4900,31.5,30.5,6.234999999999999,29.666666666666668,27.580000000000002,32.38483146067416,0.7444920512373268,0.9172866583304106,0.8641756693997954,0.5388327182621332,1.3825441320856329,-0.3392796980426863,0.6239750866962573
2,6,Julius Randle,64.5,NY,PF/C,8400,33.5,43.7,5.21,33.333333333333336,39.8,43.918499999999995,1.7500949024116532,1.0814362326851008,1.6587190535963268,1.504969042716314,0.7182451033741446,2.5878525175407265,1.5112294820244356
2,7,Kevin Love,26.8,CLE,PF,7700,31.0,37.2,4.835,34.333333333333336,38.4,33.588349514563106,1.2549116802424773,0.876249264741738,0.9470848759734085,1.394282393433511,0.4752088733577463,0.36747254716860045,0.8526814256761956
3,0,CJ McCollum,22.5,POR,PG/SG,6600,36.0,36.3,5.49,36.0,35.46,36.3,1.186347849480591,1.2866232006284637,1.133887881982382,1.1618404299396248,0.8997121551197221,0.11421965930122266,0.9446036357212487
3,1,Dillon Brooks,14.8,MEM,SG/SF,4900,31.5,30.5,6.234999999999999,29.666666666666668,27.580000000000002,32.38483146067416,0.7444920512373268,0.9172866583304106,0.8641756693997954,0.5388327182621332,1.3825441320856329,-0.3392796980426863,0.6239750866962573
3,2,Joe Ingles,20.3,UTA,SG/SF,4500,29.0,26.4,5.88,31.333333333333332,24.660000000000004,24.43404255319149,0.43214571109984645,0.7120996903870477,0.3164534330580897,0.307971992615144,1.152469834336776,-0.01535158565417987,0.4361854419886236
3,3,Marcus Morris Sr.,23.5,LAC,SF/PF,6400,29.0,28.95,4.52,34.0,31.189999999999998,24.69264705882353,0.6264098982585232,0.7120996903870477,0.3342684498823344,0.8242461496270751,0.2710584401439715,0.17311567973549657,0.6053279048317712
3,4,Donovan Mitchell,39.8,UTA,PG/SG,7300,34.5,40.7,5.575,35.0,38.48,40.118571428571435,1.5215487998720336,1.163511019862446,1.3969456120799975,1.4006073448210996,0.9548003672567723,1.133120812814161,1.3088582897573076
3,5,JaMychal Green,19.8,LAC,PF,3400,21.5,20.700000000000003,6.07,20.0,18.740000000000002,22.252500000000005,-0.002091883725430462,0.0965387865569591,0.16616905501554025,-0.16007441006642345,1.275608190878418,-0.04479959587131682,0.22506138707754175
3,6,Joel Embiid,64.5,PHI,C,8200,32.0,50.2,6.12,31.333333333333332,46.78000000000001,51.26808510638298,2.245278124580829,0.9583240519190831,2.165024935628142,2.056821051283433,1.3080130215472712,2.5878525175407265,1.9521342857105308
3,7,Julius Randle,64.5,NY,PF/C,8400,33.5,43.7,5.21,33.333333333333336,39.8,43.918499999999995,1.7500949024116532,1.0814362326851008,1.6587190535963268,1.504969042716314,0.7182451033741446,2.5878525175407265,1.5112294820244356
4,0,Shaquille Harrison,9.8,CHI,PG/SF,3000,13.5,13.100000000000001,4.34,9.333333333333334,9.46,18.948214285714286,-0.5810753434924669,-0.5600595108618021,-0.06146002456387751,-0.8937687710267183,0.1544010497361005,-0.6337598002140558,-0.2360010451949628
4,1,CJ McCollum,22.5,POR,PG/SG,6600,36.0,36.3,5.49,36.0,35.46,36.3,1.186347849480591,1.2866232006284637,1.133887881982382,1.1618404299396248,0.8997121551197221,0.11421965930122266,0.9446036357212487
4,2,Dillon Brooks,14.8,MEM,SG/SF,4900,31.5,30.5,6.234999999999999,29.666666666666668,27.580000000000002,32.38483146067416,0.7444920512373268,0.9172866583304106,0.8641756693997954,0.5388327182621332,1.3825441320856329,-0.3392796980426863,0.6239750866962573
4,3,Julius Randle,64.5,NY,PF/C,8400,33.5,43.7,5.21,33.333333333333336,39.8,43.918499999999995,1.7500949024116532,1.0814362326851008,1.6587190535963268,1.504969042716314,0.7182451033741446,2.5878525175407265,1.5112294820244356
4,4,De'Anthony Melton,11.3,MEM,PG/SG,4000,24.5,24.6,6.145,21.333333333333332,20.580000000000002,28.251562500000006,0.2950180495760749,0.34276314808899455,0.579438727583668,-0.014600528151882263,1.3242154368816974,-0.5454157695626449,0.30525890487642404
4,5,Joe Ingles,20.3,UTA,SG/SF,4500,29.0,26.4,5.88,31.333333333333332,24.660000000000004,24.43404255319149,0.43214571109984645,0.7120996903870477,0.3164534330580897,0.307971992615144,1.152469834336776,-0.01535158565417987,0.4361854419886236
4,6,Joel Embiid,64.5,PHI,C,8200,32.0,50.2,6.12,31.333333333333332,46.78000000000001,51.26808510638298,2.245278124580829,0.9583240519190831,2.165024935628142,2.056821051283433,1.3080130215472712,2.5878525175407265,1.9521342857105308
4,7,Bradley Beal,41.5,WAS,SG,9900,37.0,52.65,5.3,37.333333333333336,50.89,52.17991071428571,2.431924108321518,1.368697987805809,2.227839728842447,2.3817654288208043,0.7765737985780801,1.2332440475524267,1.904244322904801
5,0,Donovan Mitchell,39.8,UTA,PG/SG,7300,34.5,40.7,5.575,35.0,38.48,40.118571428571435,1.5215487998720336,1.163511019862446,1.3969456120799975,1.4006073448210996,0.9548003672567723,1.133120812814161,1.3088582897573076
5,1,Dillon Brooks,14.8,MEM,SG/SF,4900,31.5,30.5,6.234999999999999,29.666666666666668,27.580000000000002,32.38483146067416,0.7444920512373268,0.9172866583304106,0.8641756693997954,0.5388327182621332,1.3825441320856329,-0.3392796980426863,0.6239750866962573
5,2,Ben Simmons,55.5,PHI,PG/SF,8600,37.0,43.15,5.005,37.666666666666664,44.290000000000006,42.38628318584071,1.7081947836127227,1.368697987805809,1.55316610409947,1.859956939344733,0.5853852976318468,2.0577883336322613,1.5112294820244356
5,3,JaMychal Green,19.8,LAC,PF,3400,21.5,20.700000000000003,6.07,20.0,18.740000000000002,22.252500000000005,-0.002091883725430462,0.0965387865569591,0.16616905501554025,-0.16007441006642345,1.275608190878418,-0.04479959587131682,0.22506138707754175
5,4,Joe Ingles,20.3,UTA,SG/SF,4500,29.0,26.4,5.88,31.333333333333332,24.660000000000004,24.43404255319149,0.43214571109984645,0.7120996903870477,0.3164534330580897,0.307971992615144,1.152469834336776,-0.01535158565417987,0.4361854419886236
5,5,Julius Randle,64.5,NY,PF/C,8400,33.5,43.7,5.21,33.333333333333336,39.8,43.918499999999995,1.7500949024116532,1.0814362326851008,1.6587190535963268,1.504969042716314,0.7182451033741446,2.5878525175407265,1.5112294820244356
5,6,Joel Embiid,64.5,PHI,C,8200,32.0,50.2,6.12,31.333333333333332,46.78000000000001,51.26808510638298,2.245278124580829,0.9583240519190831,2.165024935628142,2.056821051283433,1.3080130215472712,2.5878525175407265,1.9521342857105308
5,7,Landry Shamet,24.0,LAC,SG/SF,4400,33.5,21.75,4.935,30.666666666666668,19.169999999999998,23.75951086956522,0.07789925216343618,1.0814362326851008,0.26998559111961073,-0.12607779635813424,0.5400185346954522,0.20256368995263352,0.26092269437949767
6,0,Kendrick Nunn,15.0,MIA,PG/SG,5600,34.0,31.8,5.6850000000000005,32.333333333333336,28.28,33.439175257731954,0.843528695671162,1.1224736262737733,0.9368084042286644,0.5941760429035347,1.0260909947282495,-0.3275004939558316,0.8124367244005242
6,1,Joe Ingles,20.3,UTA,SG/SF,4500,29.0,26.4,5.88,31.333333333333332,24.660000000000004,24.43404255319149,0.43214571109984645,0.7120996903870477,0.3164534330580897,0.307971992615144,1.152469834336776,-0.01535158565417987,0.4361854419886236
6,2,Dillon Brooks,14.8,MEM,SG/SF,4900,31.5,30.5,6.234999999999999,29.666666666666668,27.580000000000002,32.38483146067416,0.7444920512373268,0.9172866583304106,0.8641756693997954,0.5388327182621332,1.3825441320856329,-0.3392796980426863,0.6239750866962573
6,3,JaMychal Green,19.8,LAC,PF,3400,21.5,20.700000000000003,6.07,20.0,18.740000000000002,22.252500000000005,-0.002091883725430462,0.0965387865569591,0.16616905501554025,-0.16007441006642345,1.275608190878418,-0.04479959587131682,0.22506138707754175
6,4,Donovan Mitchell,39.8,UTA,PG/SG,7300,34.5,40.7,5.575,35.0,38.48,40.118571428571435,1.5215487998720336,1.163511019862446,1.3969456120799975,1.4006073448210996,0.9548003672567723,1.133120812814161,1.3088582897573076
6,5,Jaren Jackson Jr.,32.3,MEM,PF/C,5800,30.0,32.95,5.665,27.0,30.389999999999997,36.611111111111114,0.9311380349780163,0.7941744775643929,1.1553200285921563,0.7609966357511875,1.0131290624607079,0.6914006595571067,0.8124367244005242
6,6,Joel Embiid,64.5,PHI,C,8200,32.0,50.2,6.12,31.333333333333332,46.78000000000001,51.26808510638298,2.245278124580829,0.9583240519190831,2.165024935628142,2.056821051283433,1.3080130215472712,2.5878525175407265,1.9521342857105308
6,7,Julius Randle,64.5,NY,PF/C,8400,33.5,43.7,5.21,33.333333333333336,39.8,43.918499999999995,1.7500949024116532,1.0814362326851008,1.6587190535963268,1.504969042716314,0.7182451033741446,2.5878525175407265,1.5112294820244356
7,0,Ben Simmons,55.5,PHI,PG/SF,8600,37.0,43.15,5.005,37.666666666666664,44.290000000000006,42.38628318584071,1.7081947836127227,1.368697987805809,1.55316610409947,1.859956939344733,0.5853852976318468,2.0577883336322613,1.5112294820244356
7,1,CJ McCollum,22.5,POR,PG/SG,6600,36.0,36.3,5.49,36.0,35.46,36.3,1.186347849480591,1.2866232006284637,1.133887881982382,1.1618404299396248,0.8997121551197221,0.11421965930122266,0.9446036357212487
7,2,Trevor Ariza,42.5,POR,SF,3600,33.5,21.8,6.0649999999999995,31.0,19.6,23.558064516129033,0.0817083538724299,1.0814362326851008,0.2561081446811687,-0.09208118264984445,1.2723677078115323,1.2921400679867006,0.26092269437949767
7,3,John Collins,60.5,ATL,PF/C,8700,33.0,42.349999999999994,4.855,36.0,41.69,38.820833333333326,1.6472491562688236,1.0403988390964283,1.3075456770571103,1.6543960192480982,0.48817080562528786,2.352268435803631,1.5112294820244356
7,4,De'Anthony Melton,11.3,MEM,PG/SG,4000,24.5,24.6,6.145,21.333333333333332,20.580000000000002,28.251562500000006,0.2950180495760749,0.34276314808899455,0.579438727583668,-0.014600528151882263,1.3242154368816974,-0.5454157695626449,0.30525890487642404
7,5,Dillon Brooks,14.8,MEM,SG/SF,4900,31.5,30.5,6.234999999999999,29.666666666666668,27.580000000000002,32.38483146067416,0.7444920512373268,0.9172866583304106,0.8641756693997954,0.5388327182621332,1.3825441320856329,-0.3392796980426863,0.6239750866962573
7,6,Joel Embiid,64.5,PHI,C,8200,32.0,50.2,6.12,31.333333333333332,46.78000000000001,51.26808510638298,2.245278124580829,0.9583240519190831,2.165024935628142,2.056821051283433,1.3080130215472712,2.5878525175407265,1.9521342857105308
7,7,Joe Ingles,20.3,UTA,SG/SF,4500,29.0,26.4,5.88,31.333333333333332,24.660000000000004,24.43404255319149,0.43214571109984645,0.7120996903870477,0.3164534330580897,0.307971992615144,1.152469834336776,-0.01535158565417987,0.4361854419886236
8,0,Donovan Mitchell,39.8,UTA,PG/SG,7300,34.5,40.7,5.575,35.0,38.48,40.118571428571435,1.5215487998720336,1.163511019862446,1.3969456120799975,1.4006073448210996,0.9548003672567723,1.133120812814161,1.3088582897573076
8,1,Dillon Brooks,14.8,MEM,SG/SF,4900,31.5,30.5,6.234999999999999,29.666666666666668,27.580000000000002,32.38483146067416,0.7444920512373268,0.9172866583304106,0.8641756693997954,0.5388327182621332,1.3825441320856329,-0.3392796980426863,0.6239750866962573
8,2,Kevin Porter Jr.,29.0,CLE,SG/SF,3900,25.5,20.4,5.220000000000001,25.666666666666668,19.4,20.267532467532465,-0.024946493979392748,0.4248379352663397,0.029426541964338596,-0.10789356111881655,0.7247260695079156,0.497043792124003,0.17192480987789496
8,3,John Collins,60.5,ATL,PF/C,8700,33.0,42.349999999999994,4.855,36.0,41.69,38.820833333333326,1.6472491562688236,1.0403988390964283,1.3075456770571103,1.6543960192480982,0.48817080562528786,2.352268435803631,1.5112294820244356
8,4,Ben Simmons,55.5,PHI,PG/SF,8600,37.0,43.15,5.005,37.666666666666664,44.290000000000006,42.38628318584071,1.7081947836127227,1.368697987805809,1.55316610409947,1.859956939344733,0.5853852976318468,2.0577883336322613,1.5112294820244356
8,5,Joe Ingles,20.3,UTA,SG/SF,4500,29.0,26.4,5.88,31.333333333333332,24.660000000000004,24.43404255319149,0.43214571109984645,0.7120996903870477,0.3164534330580897,0.307971992615144,1.152469834336776,-0.01535158565417987,0.4361854419886236
8,6,Kelly Olynyk,14.3,MIA,C,3800,21.5,21.25,5.574999999999999,21.0,18.93,21.75595238095238,0.039808235073499586,0.0965387865569591,0.13196236489716,-0.14505265052090036,0.9548003672567718,-0.36872770825982326,0.22506138707754175
8,7,Joel Embiid,64.5,PHI,C,8200,32.0,50.2,6.12,31.333333333333332,46.78000000000001,51.26808510638298,2.245278124580829,0.9583240519190831,2.165024935628142,2.056821051283433,1.3080130215472712,2.5878525175407265,1.9521342857105308
9,0,Donovan Mitchell,39.8,UTA,PG/SG,7300,34.5,40.7,5.575,35.0,38.48,40.118571428571435,1.5215487998720336,1.163511019862446,1.3969456120799975,1.4006073448210996,0.9548003672567723,1.133120812814161,1.3088582897573076
9,1,Lou Williams,39.3,LAC,PG/SG,6800,30.5,33.95,4.984999999999999,28.0,31.97,36.98125,1.0073200691578894,0.8352118711530654,1.1808185423042308,0.8859144256560654,0.5724233653643053,1.103672802597024,0.8124367244005242
9,2,Josh Jackson,9.8,MEM,SF/PF,3000,18.5,17.25,5.74,19.333333333333332,14.910000000000002,16.50646551724138,-0.2649199016459932,-0.14968557497507634,-0.22966975967505973,-0.4628814577472347,1.0617363084639877,-0.6337598002140558,-0.17150243781760524
9,3,Jaren Jackson Jr.,32.3,MEM,PF/C,5800,30.0,32.95,5.665,27.0,30.389999999999997,36.611111111111114,0.9311380349780163,0.7941744775643929,1.1553200285921563,0.7609966357511875,1.0131290624607079,0.6914006595571067,0.8124367244005242
9,4,Joe Ingles,20.3,UTA,SG/SF,4500,29.0,26.4,5.88,31.333333333333332,24.660000000000004,24.43404255319149,0.43214571109984645,0.7120996903870477,0.3164534330580897,0.307971992615144,1.152469834336776,-0.01535158565417987,0.4361854419886236
9,5,Paul George,40.5,LAC,SF,8100,33.5,47.4,5.835,27.333333333333332,41.800000000000004,58.09390243902439,2.0319684288771835,1.0814362326851008,2.635248957143264,1.6630928274060333,1.1233054867348085,1.1743480271181528,1.6381788764206076
9,6,Julius Randle,64.5,NY,PF/C,8400,33.5,43.7,5.21,33.333333333333336,39.8,43.918499999999995,1.7500949024116532,1.0814362326851008,1.6587190535963268,1.504969042716314,0.7182451033741446,2.5878525175407265,1.5112294820244356
9,7,Kendrick Nunn,15.0,MIA,PG/SG,5600,34.0,31.8,5.6850000000000005,32.333333333333336,28.28,33.439175257731954,0.843528695671162,1.1224736262737733,0.9368084042286644,0.5941760429035347,1.0260909947282495,-0.3275004939558316,0.8124367244005242
10,0,Ja Morant,62.5,MEM,PG,6300,30.0,34.3,5.45,29.0,32.839999999999996,35.48275862068965,1.0339837811208448,0.7941744775643929,1.0775889057278905,0.9546982719960928,0.8737882905846396,2.4700604766721788,0.8243579352170477
10,1,De'Anthony Melton,11.3,MEM,PG/SG,4000,24.5,24.6,6.145,21.333333333333332,20.580000000000002,28.251562500000006,0.2950180495760749,0.34276314808899455,0.579438727583668,-0.014600528151882263,1.3242154368816974,-0.5454157695626449,0.30525890487642404
10,2,Josh Jackson,9.8,MEM,SF/PF,3000,18.5,17.25,5.74,19.333333333333332,14.910000000000002,16.50646551724138,-0.2649199016459932,-0.14968557497507634,-0.22966975967505973,-0.4628814577472347,1.0617363084639877,-0.6337598002140558,-0.17150243781760524
10,3,Jaren Jackson Jr.,32.3,MEM,PF/C,5800,30.0,32.95,5.665,27.0,30.389999999999997,36.611111111111114,0.9311380349780163,0.7941744775643929,1.1553200285921563,0.7609966357511875,1.0131290624607079,0.6914006595571067,0.8124367244005242
10,4,Kendrick Nunn,15.0,MIA,PG/SG,5600,34.0,31.8,5.6850000000000005,32.333333333333336,28.28,33.439175257731954,0.843528695671162,1.1224736262737733,0.9368084042286644,0.5941760429035347,1.0260909947282495,-0.3275004939558316,0.8124367244005242
10,5,John Collins,60.5,ATL,PF/C,8700,33.0,42.349999999999994,4.855,36.0,41.69,38.820833333333326,1.6472491562688236,1.0403988390964283,1.3075456770571103,1.6543960192480982,0.48817080562528786,2.352268435803631,1.5112294820244356
10,6,Joel Embiid,64.5,PHI,C,8200,32.0,50.2,6.12,31.333333333333332,46.78000000000001,51.26808510638298,2.245278124580829,0.9583240519190831,2.165024935628142,2.056821051283433,1.3080130215472712,2.5878525175407265,1.9521342857105308
10,7,Donovan Mitchell,39.8,UTA,PG/SG,7300,34.5,40.7,5.575,35.0,38.48,40.118571428571435,1.5215487998720336,1.163511019862446,1.3969456120799975,1.4006073448210996,0.9548003672567723,1.133120812814161,1.3088582897573076
11,0,De'Anthony Melton,11.3,MEM,PG/SG,4000,24.5,24.6,6.145,21.333333333333332,20.580000000000002,28.251562500000006,0.2950180495760749,0.34276314808899455,0.579438727583668,-0.014600528151882263,1.3242154368816974,-0.5454157695626449,0.30525890487642404
11,1,Donovan Mitchell,39.8,UTA,PG/SG,7300,34.5,40.7,5.575,35.0,38.48,40.118571428571435,1.5215487998720336,1.163511019862446,1.3969456120799975,1.4006073448210996,0.9548003672567723,1.133120812814161,1.3088582897573076
11,2,Paul George,40.5,LAC,SF,8100,33.5,47.4,5.835,27.333333333333332,41.800000000000004,58.09390243902439,2.0319684288771835,1.0814362326851008,2.635248957143264,1.6630928274060333,1.1233054867348085,1.1743480271181528,1.6381788764206076
11,3,Kevin Love,26.8,CLE,PF,7700,31.0,37.2,4.835,34.333333333333336,38.4,33.588349514563106,1.2549116802424773,0.876249264741738,0.9470848759734085,1.394282393433511,0.4752088733577463,0.36747254716860045,0.8526814256761956
11,4,Dillon Brooks,14.8,MEM,SG/SF,4900,31.5,30.5,6.234999999999999,29.666666666666668,27.580000000000002,32.38483146067416,0.7444920512373268,0.9172866583304106,0.8641756693997954,0.5388327182621332,1.3825441320856329,-0.3392796980426863,0.6239750866962573
11,5,P.J. Tucker,20.3,HOU,PF/C,5000,35.0,23.0,4.6,32.333333333333336,22.139999999999997,24.896907216494842,0.17312679488827767,1.2045484134511186,0.34833973660080714,0.10873602390609793,0.3229061692141365,-0.01535158565417987,0.272703353620295
11,6,Julius Randle,64.5,NY,PF/C,8400,33.5,43.7,5.21,33.333333333333336,39.8,43.918499999999995,1.7500949024116532,1.0814362326851008,1.6587190535963268,1.504969042716314,0.7182451033741446,2.5878525175407265,1.5112294820244356
11,7,Joe Ingles,20.3,UTA,SG/SF,4500,29.0,26.4,5.88,31.333333333333332,24.660000000000004,24.43404255319149,0.43214571109984645,0.7120996903870477,0.3164534330580897,0.307971992615144,1.152469834336776,-0.01535158565417987,0.4361854419886236
12,0,Donovan Mitchell,39.8,UTA,PG/SG,7300,34.5,40.7,5.575,35.0,38.48,40.118571428571435,1.5215487998720336,1.163511019862446,1.3969456120799975,1.4006073448210996,0.9548003672567723,1.133120812814161,1.3088582897573076
12,1,Dillon Brooks,14.8,MEM,SG/SF,4900,31.5,30.5,6.234999999999999,29.666666666666668,27.580000000000002,32.38483146067416,0.7444920512373268,0.9172866583304106,0.8641756693997954,0.5388327182621332,1.3825441320856329,-0.3392796980426863,0.6239750866962573
12,2,Joe Ingles,20.3,UTA,SG/SF,4500,29.0,26.4,5.88,31.333333333333332,24.660000000000004,24.43404255319149,0.43214571109984645,0.7120996903870477,0.3164534330580897,0.307971992615144,1.152469834336776,-0.01535158565417987,0.4361854419886236
12,3,Josh Jackson,9.8,MEM,SF/PF,3000,18.5,17.25,5.74,19.333333333333332,14.910000000000002,16.50646551724138,-0.2649199016459932,-0.14968557497507634,-0.22966975967505973,-0.4628814577472347,1.0617363084639877,-0.6337598002140558,-0.17150243781760524
12,4,CJ McCollum,22.5,POR,PG/SG,6600,36.0,36.3,5.49,36.0,35.46,36.3,1.186347849480591,1.2866232006284637,1.133887881982382,1.1618404299396248,0.8997121551197221,0.11421965930122266,0.9446036357212487
12,5,Bojan Bogdanovic,17.0,UTA,SF/PF,6000,33.5,31.9,5.325,33.666666666666664,31.759999999999998,31.742079207920796,0.8511468990891491,1.0814362326851008,0.8198970820308843,0.8693114282636449,0.7927762139125069,-0.20970845308728378,0.8124367244005242
12,6,Joel Embiid,64.5,PHI,C,8200,32.0,50.2,6.12,31.333333333333332,46.78000000000001,51.26808510638298,2.245278124580829,0.9583240519190831,2.165024935628142,2.056821051283433,1.3080130215472712,2.5878525175407265,1.9521342857105308
12,7,Jaren Jackson Jr.,32.3,MEM,PF/C,5800,30.0,32.95,5.665,27.0,30.389999999999997,36.611111111111114,0.9311380349780163,0.7941744775643929,1.1553200285921563,0.7609966357511875,1.0131290624607079,0.6914006595571067,0.8124367244005242
13,0,Donovan Mitchell,39.8,UTA,PG/SG,7300,34.5,40.7,5.575,35.0,38.48,40.118571428571435,1.5215487998720336,1.163511019862446,1.3969456120799975,1.4006073448210996,0.9548003672567723,1.133120812814161,1.3088582897573076
13,1,CJ McCollum,22.5,POR,PG/SG,6600,36.0,36.3,5.49,36.0,35.46,36.3,1.186347849480591,1.2866232006284637,1.133887881982382,1.1618404299396248,0.8997121551197221,0.11421965930122266,0.9446036357212487
13,2,Paul George,40.5,LAC,SF,8100,33.5,47.4,5.835,27.333333333333332,41.800000000000004,58.09390243902439,2.0319684288771835,1.0814362326851008,2.635248957143264,1.6630928274060333,1.1233054867348085,1.1743480271181528,1.6381788764206076
13,3,Julius Randle,64.5,NY,PF/C,8400,33.5,43.7,5.21,33.333333333333336,39.8,43.918499999999995,1.7500949024116532,1.0814362326851008,1.6587190535963268,1.504969042716314,0.7182451033741446,2.5878525175407265,1.5112294820244356
13,4,Josh Richardson,7.5,PHI,SG/SF,4400,20.5,16.8,3.825,32.666666666666664,25.52,10.542857142857144,-0.2992018170269361,0.01446399937961396,-0.6404970314706641,0.3759652200317227,-0.17936870615308623,-0.7692206472128859,0.03232678716801188
13,5,P.J. Tucker,20.3,HOU,PF/C,5000,35.0,23.0,4.6,32.333333333333336,22.139999999999997,24.896907216494842,0.17312679488827767,1.2045484134511186,0.34833973660080714,0.10873602390609793,0.3229061692141365,-0.01535158565417987,0.272703353620295
13,6,Jaren Jackson Jr.,32.3,MEM,PF/C,5800,30.0,32.95,5.665,27.0,30.389999999999997,36.611111111111114,0.9311380349780163,0.7941744775643929,1.1553200285921563,0.7609966357511875,1.0131290624607079,0.6914006595571067,0.8124367244005242
13,7,De'Anthony Melton,11.3,MEM,PG/SG,4000,24.5,24.6,6.145,21.333333333333332,20.580000000000002,28.251562500000006,0.2950180495760749,0.34276314808899455,0.579438727583668,-0.014600528151882263,1.3242154368816974,-0.5454157695626449,0.30525890487642404
14,0,Donovan Mitchell,39.8,UTA,PG/SG,7300,34.5,40.7,5.575,35.0,38.48,40.118571428571435,1.5215487998720336,1.163511019862446,1.3969456120799975,1.4006073448210996,0.9548003672567723,1.133120812814161,1.3088582897573076
14,1,RJ Barrett,16.5,NY,PG/SG,4600,25.0,24.25,5.29,26.666666666666668,26.35,22.734375,0.26835433761311916,0.38380054167766714,0.19936496245420496,0.44158659067795614,0.7700928324443096,-0.23915646330442072,0.2695770145202193
14,2,Paul George,40.5,LAC,SF,8100,33.5,47.4,5.835,27.333333333333332,41.800000000000004,58.09390243902439,2.0319684288771835,1.0814362326851008,2.635248957143264,1.6630928274060333,1.1233054867348085,1.1743480271181528,1.6381788764206076
14,3,Julius Randle,64.5,NY,PF/C,8400,33.5,43.7,5.21,33.333333333333336,39.8,43.918499999999995,1.7500949024116532,1.0814362326851008,1.6587190535963268,1.504969042716314,0.7182451033741446,2.5878525175407265,1.5112294820244356
14,4,Joe Ingles,20.3,UTA,SG/SF,4500,29.0,26.4,5.88,31.333333333333332,24.660000000000004,24.43404255319149,0.43214571109984645,0.7120996903870477,0.3164534330580897,0.307971992615144,1.152469834336776,-0.01535158565417987,0.4361854419886236
14,5,Yuta Watanabe,1.3,MEM,SF/PF,3000,0.0,6.4,2.125,6.0,4.34,0.0,-1.0914949724976175,-1.6680691377559616,-1.366784367093708,-1.2985656598323982,-1.281132948894092,-1.134375973905384,-0.6293950503076327
14,6,Joel Embiid,64.5,PHI,C,8200,32.0,50.2,6.12,31.333333333333332,46.78000000000001,51.26808510638298,2.245278124580829,0.9583240519190831,2.165024935628142,2.056821051283433,1.3080130215472712,2.5878525175407265,1.9521342857105308
14,7,Kyle Anderson,27.3,MEM,SF/PF,4100,26.5,21.95,5.335,22.333333333333332,17.589999999999996,26.045149253731346,0.09313565899941077,0.5069127224436848,0.4274410313043862,-0.25099558626301216,0.7992571800462773,0.3969205573857374,0.22506138707754175
15,0,Kendrick Nunn,15.0,MIA,PG/SG,5600,34.0,31.8,5.6850000000000005,32.333333333333336,28.28,33.439175257731954,0.843528695671162,1.1224736262737733,0.9368084042286644,0.5941760429035347,1.0260909947282495,-0.3275004939558316,0.8124367244005242
15,1,De'Anthony Melton,11.3,MEM,PG/SG,4000,24.5,24.6,6.145,21.333333333333332,20.580000000000002,28.251562500000006,0.2950180495760749,0.34276314808899455,0.579438727583668,-0.014600528151882263,1.3242154368816974,-0.5454157695626449,0.30525890487642404
15,2,Ben Simmons,55.5,PHI,PG/SF,8600,37.0,43.15,5.005,37.666666666666664,44.290000000000006,42.38628318584071,1.7081947836127227,1.368697987805809,1.55316610409947,1.859956939344733,0.5853852976318468,2.0577883336322613,1.5112294820244356
15,3,Georges Niang,9.8,UTA,SF/PF,3000,15.0,10.8,3.6,13.333333333333334,10.520000000000001,12.15,-0.7562940221061754,-0.43694733009578435,-0.5297824986012977,-0.8099631651411673,-0.32519044416292525,-0.6337598002140558,-0.47792255295086833
15,4,Joe Ingles,20.3,UTA,SG/SF,4500,29.0,26.4,5.88,31.333333333333332,24.660000000000004,24.43404255319149,0.43214571109984645,0.7120996903870477,0.3164534330580897,0.307971992615144,1.152469834336776,-0.01535158565417987,0.4361854419886236
15,5,Jaren Jackson Jr.,32.3,MEM,PF/C,5800,30.0,32.95,5.665,27.0,30.389999999999997,36.611111111111114,0.9311380349780163,0.7941744775643929,1.1553200285921563,0.7609966357511875,1.0131290624607079,0.6914006595571067,0.8124367244005242
15,6,Rudy Gobert,35.8,UTA,C,8000,35.0,42.85,5.34,35.666666666666664,41.46999999999999,42.04906542056075,1.685340173358761,1.2045484134511186,1.5299354950765762,1.6370024029322285,0.8024976631131626,0.8975367310770653,1.5112294820244356
15,7,Julius Randle,64.5,NY,PF/C,8400,33.5,43.7,5.21,33.333333333333336,39.8,43.918499999999995,1.7500949024116532,1.0814362326851008,1.6587190535963268,1.504969042716314,0.7182451033741446,2.5878525175407265,1.5112294820244356
16,0,Ben Simmons,55.5,PHI,PG/SF,8600,37.0,43.15,5.005,37.666666666666664,44.290000000000006,42.38628318584071,1.7081947836127227,1.368697987805809,1.55316610409947,1.859956939344733,0.5853852976318468,2.0577883336322613,1.5112294820244356
16,1,Dillon Brooks,14.8,MEM,SG/SF,4900,31.5,30.5,6.234999999999999,29.666666666666668,27.580000000000002,32.38483146067416,0.7444920512373268,0.9172866583304106,0.8641756693997954,0.5388327182621332,1.3825441320856329,-0.3392796980426863,0.6239750866962573
16,2,William Howard,0.0,HOU,SF/PF,3000,0.0,2.75,0.915,0.0,0.55,0.0,-1.3695593972541547,-1.6680691377559616,-1.366784367093708,-1.598210231819415,-2.065329851080337,-1.21094080046994,-0.6293950503076327
16,3,JaMychal Green,19.8,LAC,PF,3400,21.5,20.700000000000003,6.07,20.0,18.740000000000002,22.252500000000005,-0.002091883725430462,0.0965387865569591,0.16616905501554025,-0.16007441006642345,1.275608190878418,-0.04479959587131682,0.22506138707754175
16,4,Damian Lillard,55.5,POR,PG,10200,38.5,51.099999999999994,4.99,38.666666666666664,53.660000000000004,50.87974137931034,2.3138419553427143,1.4918101685718266,2.1382723080415484,2.6007668706160647,0.5756638484311911,2.0577883336322613,2.0141498763997134
16,5,Brandon Clarke,16.0,MEM,PF/C,5000,22.5,24.450000000000003,4.875,23.0,24.490000000000002,23.91847826086957,0.28359074444909405,0.17861357373430425,0.2809367025229939,0.29453147091651777,0.5011327378928288,-0.2686044735215577,0.30525890487642404
16,6,Joel Embiid,64.5,PHI,C,8200,32.0,50.2,6.12,31.333333333333332,46.78000000000001,51.26808510638298,2.245278124580829,0.9583240519190831,2.165024935628142,2.056821051283433,1.3080130215472712,2.5878525175407265,1.9521342857105308
16,7,Jaren Jackson Jr.,32.3,MEM,PF/C,5800,30.0,32.95,5.665,27.0,30.389999999999997,36.611111111111114,0.9311380349780163,0.7941744775643929,1.1553200285921563,0.7609966357511875,1.0131290624607079,0.6914006595571067,0.8124367244005242
17,0,James Harden,66.5,HOU,PG/SG,11700,37.0,58.2,4.994999999999999,35.666666666666664,60.8,60.37570093457945,2.8547343980198145,1.368697987805809,2.7924398710776477,3.1652687819583605,0.5789043314980757,2.7056445584092743,1.9521342857105308
17,1,Bradley Beal,41.5,WAS,SG,9900,37.0,52.65,5.3,37.333333333333336,50.89,52.17991071428571,2.431924108321518,1.368697987805809,2.227839728842447,2.3817654288208043,0.7765737985780801,1.2332440475524267,1.904244322904801
17,2,Rodney McGruder,21.0,LAC,SG/SF,3000,20.5,12.95,4.29,16.333333333333332,9.95,16.253571428571426,-0.592502648619448,0.01446399937961396,-0.24709139134151545,-0.8550284437777373,0.12199621906724752,0.025875628649811817,-0.2360010451949628
17,3,Robert Covington,25.8,HOU,SF/PF,5300,32.5,28.75,5.425000000000001,29.0,28.79,32.2198275862069,0.6111734914225486,0.9993614455077557,0.8528087104502,0.6344976079994127,0.8575858752502133,0.30857652673432656,0.6053279048317712
17,4,Kevin Porter Jr.,29.0,CLE,SG/SF,3900,25.5,20.4,5.220000000000001,25.666666666666668,19.4,20.267532467532465,-0.024946493979392748,0.4248379352663397,0.029426541964338596,-0.10789356111881655,0.7247260695079156,0.497043792124003,0.17192480987789496
17,5,Marcus Morris Sr.,23.5,LAC,SF/PF,6400,29.0,28.95,4.52,34.0,31.189999999999998,24.69264705882353,0.6264098982585232,0.7120996903870477,0.3342684498823344,0.8242461496270751,0.2710584401439715,0.17311567973549657,0.6053279048317712
17,6,Ian Mahinmi,13.8,WAS,C,4000,18.5,19.35,4.8149999999999995,20.666666666666668,20.25,17.321370967741935,-0.1049376298682594,-0.14968557497507634,-0.17353170332002985,-0.04069095262568599,0.46224694109020475,-0.3981757184769602,0.07007738997284953
17,7,Jaren Jackson Jr.,32.3,MEM,PF/C,5800,30.0,32.95,5.665,27.0,30.389999999999997,36.611111111111114,0.9311380349780163,0.7941744775643929,1.1553200285921563,0.7609966357511875,1.0131290624607079,0.6914006595571067,0.8124367244005242
18,0,De'Anthony Melton,11.3,MEM,PG/SG,4000,24.5,24.6,6.145,21.333333333333332,20.580000000000002,28.251562500000006,0.2950180495760749,0.34276314808899455,0.579438727583668,-0.014600528151882263,1.3242154368816974,-0.5454157695626449,0.30525890487642404
18,1,Donovan Mitchell,39.8,UTA,PG/SG,7300,34.5,40.7,5.575,35.0,38.48,40.118571428571435,1.5215487998720336,1.163511019862446,1.3969456120799975,1.4006073448210996,0.9548003672567723,1.133120812814161,1.3088582897573076
18,2,Dillon Brooks,14.8,MEM,SG/SF,4900,31.5,30.5,6.234999999999999,29.666666666666668,27.580000000000002,32.38483146067416,0.7444920512373268,0.9172866583304106,0.8641756693997954,0.5388327182621332,1.3825441320856329,-0.3392796980426863,0.6239750866962573
18,3,Brandon Clarke,16.0,MEM,PF/C,5000,22.5,24.450000000000003,4.875,23.0,24.490000000000002,23.91847826086957,0.28359074444909405,0.17861357373430425,0.2809367025229939,0.29453147091651777,0.5011327378928288,-0.2686044735215577,0.30525890487642404
18,4,Shake Milton,11.3,PHI,PG/SG,4000,19.5,13.75,3.4299999999999997,22.333333333333332,14.75,12.005597014925375,-0.5315570212755495,-0.06761078779773119,-0.5397302820023959,-0.4755313605224124,-0.43536686843702604,-0.5454157695626449,-0.20608467044590634
18,5,P.J. Tucker,20.3,HOU,PF/C,5000,35.0,23.0,4.6,32.333333333333336,22.139999999999997,24.896907216494842,0.17312679488827767,1.2045484134511186,0.34833973660080714,0.10873602390609793,0.3229061692141365,-0.01535158565417987,0.272703353620295
18,6,Jaren Jackson Jr.,32.3,MEM,PF/C,5800,30.0,32.95,5.665,27.0,30.389999999999997,36.611111111111114,0.9311380349780163,0.7941744775643929,1.1553200285921563,0.7609966357511875,1.0131290624607079,0.6914006595571067,0.8124367244005242
18,7,Rui Hachimura,29.3,WAS,PF/C,4800,29.0,24.35,5.095000000000001,27.666666666666668,24.53,25.523493975903616,0.27597254103110663,0.7120996903870477,0.3915046986088523,0.29769394661031207,0.6437139928357829,0.5147125982542852,0.30525890487642404
19,0,Chris Clemons,0.0,HOU,PG,3000,0.0,3.75,1.25,9.666666666666666,7.410000000000001,0.0,-1.2933773630742815,-1.6680691377559616,-1.366784367093708,-1.05584565033368,-1.8482174855990212,-1.21094080046994,-0.62125873753662
19,1,Joe Ingles,20.3,UTA,SG/SF,4500,29.0,26.4,5.88,31.333333333333332,24.660000000000004,24.43404255319149,0.43214571109984645,0.7120996903870477,0.3164534330580897,0.307971992615144,1.152469834336776,-0.01535158565417987,0.4361854419886236
19,2,Landry Shamet,24.0,LAC,SG/SF,4400,33.5,21.75,4.935,30.666666666666668,19.169999999999998,23.75951086956522,0.07789925216343618,1.0814362326851008,0.26998559111961073,-0.12607779635813424,0.5400185346954522,0.20256368995263352,0.26092269437949767
19,3,Jaren Jackson Jr.,32.3,MEM,PF/C,5800,30.0,32.95,5.665,27.0,30.389999999999997,36.611111111111114,0.9311380349780163,0.7941744775643929,1.1553200285921563,0.7609966357511875,1.0131290624607079,0.6914006595571067,0.8124367244005242
19,4,Josh Richardson,7.5,PHI,SG/SF,4400,20.5,16.8,3.825,32.666666666666664,25.52,10.542857142857144,-0.2992018170269361,0.01446399937961396,-0.6404970314706641,0.3759652200317227,-0.17936870615308623,-0.7692206472128859,0.03232678716801188
19,5,Dillon Brooks,14.8,MEM,SG/SF,4900,31.5,30.5,6.234999999999999,29.666666666666668,27.580000000000002,32.38483146067416,0.7444920512373268,0.9172866583304106,0.8641756693997954,0.5388327182621332,1.3825441320856329,-0.3392796980426863,0.6239750866962573
19,6,Joel Embiid,64.5,PHI,C,8200,32.0,50.2,6.12,31.333333333333332,46.78000000000001,51.26808510638298,2.245278124580829,0.9583240519190831,2.165024935628142,2.056821051283433,1.3080130215472712,2.5878525175407265,1.9521342857105308
19,7,De'Anthony Melton,11.3,MEM,PG/SG,4000,24.5,24.6,6.145,21.333333333333332,20.580000000000002,28.251562500000006,0.2950180495760749,0.34276314808899455,0.579438727583668,-0.014600528151882263,1.3242154368816974,-0.5454157695626449,0.30525890487642404
20,0,Kendrick Nunn,15.0,MIA,PG/SG,5600,34.0,31.8,5.6850000000000005,32.333333333333336,28.28,33.439175257731954,0.843528695671162,1.1224736262737733,0.9368084042286644,0.5941760429035347,1.0260909947282495,-0.3275004939558316,0.8124367244005242
20,1,Dillon Brooks,14.8,MEM,SG/SF,4900,31.5,30.5,6.234999999999999,29.666666666666668,27.580000000000002,32.38483146067416,0.7444920512373268,0.9172866583304106,0.8641756693997954,0.5388327182621332,1.3825441320856329,-0.3392796980426863,0.6239750866962573
20,2,Joe Ingles,20.3,UTA,SG/SF,4500,29.0,26.4,5.88,31.333333333333332,24.660000000000004,24.43404255319149,0.43214571109984645,0.7120996903870477,0.3164534330580897,0.307971992615144,1.152469834336776,-0.01535158565417987,0.4361854419886236
20,3,Larry Nance Jr.,6.0,CLE,PF/C,6900,17.0,17.85,2.575,30.666666666666668,24.97,9.895108695652175,-0.21921068113806919,-0.27279775574109405,-0.6851198018923609,0.33248117924205,-0.9894894728744138,-0.8575646778642967,0.03232678716801188
20,4,Amir Coffey,19.5,LAC,PG/SF,3000,0.0,3.5,1.165,5.666666666666667,4.7,0.0,-1.3124228716192499,-1.6680691377559616,-1.366784367093708,-1.270103378588249,-1.9033056977360714,-0.06246840200159903,-0.6293950503076327
20,5,Josh Richardson,7.5,PHI,SG/SF,4400,20.5,16.8,3.825,32.666666666666664,25.52,10.542857142857144,-0.2992018170269361,0.01446399937961396,-0.6404970314706641,0.3759652200317227,-0.17936870615308623,-0.7692206472128859,0.03232678716801188
20,6,Jaren Jackson Jr.,32.3,MEM,PF/C,5800,30.0,32.95,5.665,27.0,30.389999999999997,36.611111111111114,0.9311380349780163,0.7941744775643929,1.1553200285921563,0.7609966357511875,1.0131290624607079,0.6914006595571067,0.8124367244005242
20,7,Donovan Mitchell,39.8,UTA,PG/SG,7300,34.5,40.7,5.575,35.0,38.48,40.118571428571435,1.5215487998720336,1.163511019862446,1.3969456120799975,1.4006073448210996,0.9548003672567723,1.133120812814161,1.3088582897573076
21,0,Michael Frazier,0.0,HOU,PG/SG,3000,0.0,2.9,0.96,13.333333333333334,3.4,0.0,-1.3581320921271738,-1.6680691377559616,-1.366784367093708,-1.372883838636566,-2.036165503478369,-1.21094080046994,-0.6293950503076327
21,1,De'Anthony Melton,11.3,MEM,PG/SG,4000,24.5,24.6,6.145,21.333333333333332,20.580000000000002,28.251562500000006,0.2950180495760749,0.34276314808899455,0.579438727583668,-0.014600528151882263,1.3242154368816974,-0.5454157695626449,0.30525890487642404
21,2,Derrick Jones Jr.,15.8,MIA,SF/PF,4900,29.0,23.9,4.875,29.0,22.28,23.9,0.24169062565016347,0.7120996903870477,0.2796637528214037,0.11980468883437856,0.5011327378928288,-0.28038367760841243,0.30525890487642404
21,3,Cedi Osman,14.5,CLE,SF/PF,4200,23.0,19.05,4.54,28.666666666666668,20.93,15.284302325581397,-0.1277922401222214,0.21965096732297681,-0.3138634119402494,0.013071134168818338,0.284020372411513,-0.35694850417296853,0.07007738997284953
21,4,Collin Sexton,21.5,CLE,PG/SG,6500,33.5,32.2,4.9399999999999995,34.333333333333336,31.939999999999998,31.41844660194175,0.8740015093431114,1.0814362326851008,0.7976023416268078,0.8835425688857196,0.5432590177623375,0.055323638866948764,0.8124367244005242
21,5,Bobby Portis,25.0,NY,PF/C,3600,18.0,17.1,4.725,19.666666666666668,18.3,15.650847457627119,-0.2763472067729741,-0.1907229685637489,-0.2886124686967048,-0.19486164269816167,0.4039182458862693,0.2614597103869074,0.03232678716801188
21,6,Kelly Olynyk,14.3,MIA,C,3800,21.5,21.25,5.574999999999999,21.0,18.93,21.75595238095238,0.039808235073499586,0.0965387865569591,0.13196236489716,-0.14505265052090036,0.9548003672567718,-0.36872770825982326,0.22506138707754175
21,7,Russell Westbrook,55.5,HOU,PG,9800,37.0,53.65,5.475,37.333333333333336,53.05,53.170982142857135,2.5081061425013913,1.368697987805809,2.2961136907785566,2.5525391162857005,0.8899907059190658,2.0577883336322613,2.0141498763997134
22,0,Lou Williams,39.3,LAC,PG/SG,6800,30.5,33.95,4.984999999999999,28.0,31.97,36.98125,1.0073200691578894,0.8352118711530654,1.1808185423042308,0.8859144256560654,0.5724233653643053,1.103672802597024,0.8124367244005242
22,1,Shake Milton,11.3,PHI,PG/SG,4000,19.5,13.75,3.4299999999999997,22.333333333333332,14.75,12.005597014925375,-0.5315570212755495,-0.06761078779773119,-0.5397302820023959,-0.4755313605224124,-0.43536686843702604,-0.5454157695626449,-0.20608467044590634
22,2,Mario Hezonja,1.5,POR,SF/PF,3200,18.5,14.8,4.65,17.333333333333332,12.180000000000001,15.796153846153848,-0.4515658853866825,-0.14968557497507634,-0.2786024506966426,-0.6787204238487008,0.3553109998829901,-1.1225967698185293,-0.20608467044590634
22,3,Thaddeus Young,25.0,CHI,PF,5300,31.0,25.700000000000003,4.83,28.333333333333332,23.020000000000003,28.11882352941177,0.37881828717393556,0.876249264741738,0.570294466974276,0.17831048916957465,0.4719683902908611,0.2614597103869074,0.4003780257534583
22,4,Rodney McGruder,21.0,LAC,SG/SF,3000,20.5,12.95,4.29,16.333333333333332,9.95,16.253571428571426,-0.592502648619448,0.01446399937961396,-0.24709139134151545,-0.8550284437777373,0.12199621906724752,0.025875628649811817,-0.2360010451949628
22,5,Brandon Clarke,16.0,MEM,PF/C,5000,22.5,24.450000000000003,4.875,23.0,24.490000000000002,23.91847826086957,0.28359074444909405,0.17861357373430425,0.2809367025229939,0.29453147091651777,0.5011327378928288,-0.2686044735215577,0.30525890487642404
22,6,Patrick Patterson,0.0,LAC,PF/C,3000,13.5,11.85,3.95,9.666666666666666,9.849999999999998,16.549137931034483,-0.6763028862173085,-0.5600595108618021,-0.22673009794025248,-0.8629346330122234,-0.09835662948095349,-1.21094080046994,-0.30590625489833057
22,7,Damian Lillard,55.5,POR,PG,10200,38.5,51.099999999999994,4.99,38.666666666666664,53.660000000000004,50.87974137931034,2.3138419553427143,1.4918101685718266,2.1382723080415484,2.6007668706160647,0.5756638484311911,2.0577883336322613,2.0141498763997134
23,0,Jordan Clarkson,42.0,UTA,PG/SG,4300,23.0,20.95,4.890000000000001,23.666666666666668,23.23,20.359859154929577,0.016953624819537567,0.21965096732297681,0.03578683907241243,0.1949134865619949,0.5108541870934851,1.2626920577695637,0.22506138707754175
23,1,Kevin Porter Jr.,29.0,CLE,SG/SF,3900,25.5,20.4,5.220000000000001,25.666666666666668,19.4,20.267532467532465,-0.024946493979392748,0.4248379352663397,0.029426541964338596,-0.10789356111881655,0.7247260695079156,0.497043792124003,0.17192480987789496
23,2,Landry Shamet,24.0,LAC,SG/SF,4400,33.5,21.75,4.935,30.666666666666668,19.169999999999998,23.75951086956522,0.07789925216343618,1.0814362326851008,0.26998559111961073,-0.12607779635813424,0.5400185346954522,0.20256368995263352,0.26092269437949767
23,3,Carmelo Anthony,25.0,POR,PF,4900,34.5,28.45,5.805,34.333333333333336,27.29,28.588106796116502,0.5883188811685865,1.163511019862446,0.6026229419606203,0.5159047694821237,1.1038625883334963,0.2614597103869074,0.5624745802837676
23,4,Jeff Teague,22.8,ATL,PG/SG,4700,21.5,20.55,4.380000000000001,25.0,24.47,17.673000000000002,-0.013519188852411605,0.0965387865569591,-0.14930831591129073,0.29295023306962037,0.18032491427118358,0.13188846543150487,0.1787532214810591
23,5,Kevin Knox II,5.8,NY,SF/PF,3100,18.0,14.05,4.52,18.0,13.09,14.05,-0.5087024110215874,-0.1907229685637489,-0.3988933175201799,-0.6067741018148789,0.2710584401439715,-0.8693438819511514,-0.2360010451949628
23,6,Mfiondu Kabengele,11.8,LAC,C,3000,0.0,3.4,1.125,6.666666666666667,5.279999999999999,0.0,-1.320041075037237,-1.6680691377559616,-1.366784367093708,-1.2242474810282304,-1.929229562271154,-0.515967759345508,-0.6293950503076327
23,7,Russell Westbrook,55.5,HOU,PG,9800,37.0,53.65,5.475,37.333333333333336,53.05,53.170982142857135,2.5081061425013913,1.368697987805809,2.2961136907785566,2.5525391162857005,0.8899907059190658,2.0577883336322613,2.0141498763997134
24,0,De'Anthony Melton,11.3,MEM,PG/SG,4000,24.5,24.6,6.145,21.333333333333332,20.580000000000002,28.251562500000006,0.2950180495760749,0.34276314808899455,0.579438727583668,-0.014600528151882263,1.3242154368816974,-0.5454157695626449,0.30525890487642404
24,1,Garrison Mathews,0.0,WAS,SG/SF,3000,0.0,3.9,1.29,10.666666666666666,8.46,0.0,-1.2819500579473007,-1.6680691377559616,-1.366784367093708,-0.9728306633715776,-1.8222936210639387,-1.21094080046994,-0.5502950173280087
24,2,Paul George,40.5,LAC,SF,8100,33.5,47.4,5.835,27.333333333333332,41.800000000000004,58.09390243902439,2.0319684288771835,1.0814362326851008,2.635248957143264,1.6630928274060333,1.1233054867348085,1.1743480271181528,1.6381788764206076
24,3,Wenyen Gabriel,2.0,POR,PF,3000,0.0,2.65,0.875,8.0,3.69,0.0,-1.3771776006721421,-1.6680691377559616,-1.366784367093708,-1.3499558898565567,-2.0912537156154194,-1.0931487596013922,-0.6293950503076327
24,4,Josh Richardson,7.5,PHI,SG/SF,4400,20.5,16.8,3.825,32.666666666666664,25.52,10.542857142857144,-0.2992018170269361,0.01446399937961396,-0.6404970314706641,0.3759652200317227,-0.17936870615308623,-0.7692206472128859,0.03232678716801188
24,5,Ben McLemore,19.8,HOU,SG/SF,3900,24.0,17.7,4.5600000000000005,23.333333333333332,18.240000000000002,18.205714285714286,-0.23063798626505033,0.30172575450032196,-0.1126101387495248,-0.19960535623885312,0.29698230467905457,-0.04479959587131682,0.17192480987789496
24,6,Jaren Jackson Jr.,32.3,MEM,PF/C,5800,30.0,32.95,5.665,27.0,30.389999999999997,36.611111111111114,0.9311380349780163,0.7941744775643929,1.1553200285921563,0.7609966357511875,1.0131290624607079,0.6914006595571067,0.8124367244005242
24,7,Vince Carter,3.3,ATL,SF/PF,3300,17.5,15.0,4.550000000000001,19.333333333333332,13.719999999999999,13.577586206896552,-0.4363294785507079,-0.2317603621524215,-0.43143745147319834,-0.5569651096376176,0.2905013385452841,-1.0165839330368363,-0.17150243781760524
25,0,Raul Neto,0.0,PHI,PG,3000,0.0,3.65,1.21,7.333333333333333,6.45,0.0,-1.300995566492269,-1.6680691377559616,-1.366784367093708,-1.131745066984745,-1.8741413501341035,-1.21094080046994,-0.62125873753662
25,1,Lou Williams,39.3,LAC,PG/SG,6800,30.5,33.95,4.984999999999999,28.0,31.97,36.98125,1.0073200691578894,0.8352118711530654,1.1808185423042308,0.8859144256560654,0.5724233653643053,1.103672802597024,0.8124367244005242
25,2,Marial Shayok,0.0,PHI,SF,3000,0.0,6.15,2.04,5.0,4.51,0.0,-1.1105404810425858,-1.6680691377559616,-1.366784367093708,-1.285125138133772,-1.336221161031142,-1.21094080046994,-0.6293950503076327
25,3,Patrick Patterson,0.0,LAC,PF/C,3000,13.5,11.85,3.95,9.666666666666666,9.849999999999998,16.549137931034483,-0.6763028862173085,-0.5600595108618021,-0.22673009794025248,-0.8629346330122234,-0.09835662948095349,-1.21094080046994,-0.30590625489833057
25,4,De'Anthony Melton,11.3,MEM,PG/SG,4000,24.5,24.6,6.145,21.333333333333332,20.580000000000002,28.251562500000006,0.2950180495760749,0.34276314808899455,0.579438727583668,-0.014600528151882263,1.3242154368816974,-0.5454157695626449,0.30525890487642404
25,5,Thaddeus Young,25.0,CHI,PF,5300,31.0,25.700000000000003,4.83,28.333333333333332,23.020000000000003,28.11882352941177,0.37881828717393556,0.876249264741738,0.570294466974276,0.17831048916957465,0.4719683902908611,0.2614597103869074,0.4003780257534583
25,6,Jonas Valanciunas,34.5,MEM,C,7100,28.0,36.4,5.145,27.666666666666668,35.82000000000001,36.83855421686747,1.1939660528985785,0.6300249032097026,1.170988366410575,1.1903027111837745,0.6761188235046353,0.8209719045125095,0.8526814256761956
25,7,Royce O'Neale,12.3,UTA,SF,3400,25.5,18.45,5.42,26.666666666666668,18.23,17.642812499999998,-0.17350146063014543,0.4248379352663397,-0.1513879038870206,-0.20039597516230184,0.8543453921833276,-0.48651974912837104,0.17192480987789496
