Lineup Num,,Player Name,Actual FP,team,Pos,Salary,DFN_MinProj,Avg Proj,Avg Value Proj,Avg Skewed Min,Avg Skewed FP,Proj Min Enhanced,Avg Proj Stan,DFN_MinProj Stan,Proj Min Enhanced Stan,Avg Skewed FP Stan,Avg Value Proj Stan,Actual FP Stan,predictions
0,0,Devonte' Graham,58.5,CHA,PG,6400,33.5,35.25,5.525,33.666666666666664,35.65,35.07549504950495,1.0426677169051608,0.9506735298454827,0.95537269051416,1.1854058484370051,0.8444276082780626,2.144651673025845,0.9317048289379022
0,1,Donovan Mitchell,26.3,UTA,PG/SG,7500,34.0,39.75,5.285,34.0,38.690000000000005,39.75,1.4118951645054545,0.9954736402774983,1.3075110306094944,1.4621574175559922,0.6652682595633881,0.22357606907728536,0.9865341177141208
0,2,Pat Connaughton,9.8,MIL,SG/SF,3100,25.5,20.85,6.745,19.0,16.55,27.982894736842105,-0.13886011541577875,0.23387176293323367,0.4210751493817581,-0.5533951285934681,1.7551542975776575,-0.7608260261137468,0.11109628148541775
0,3,PJ Washington,6.0,CHA,PF/C,5600,32.5,27.950000000000003,4.98,32.0,27.610000000000003,28.386718750000004,0.44369874635357354,0.8610733089814516,0.45149589322309236,0.4534707774775812,0.43758658723848953,-0.9875368116728936,0.45153767973022274
0,4,Donte DiVincenzo,0.0,MIL,PG/SG,4800,25.5,28.0,5.805,25.666666666666668,25.4,27.818181818181817,0.44780127354913213,0.23387176293323367,0.40866704747929905,0.25227966966410714,1.0534468484451824,-1.345501209924178,0.5340432957501426
0,5,Kevin Huerter,25.8,ATL,SG/SF,5800,35.5,29.3,5.05,34.666666666666664,29.0,30.004326923076928,0.5544669806336615,1.129873971573545,0.5733530445202857,0.5800117909892227,0.48984139728026915,0.19374570255634502,0.5340432957501426
0,6,Serge Ibaka,49.8,TOR,C,5900,31.5,35.65,6.05,30.0,32.05,37.4325,1.075487934469631,0.7714730881174204,1.1329298478289493,0.8576737271118897,1.2363386835914125,1.6256032955614825,0.8645202116948761
0,7,Trae Young,61.5,ATL,PG,10300,36.0,50.7,4.915,32.333333333333336,50.339999999999996,56.44948453608247,2.3103486203328356,1.1746740820055606,2.565511359470204,2.522734976844212,0.3890642636282649,2.3236338721514875,1.598329840080464
1,0,Monte Morris,18.5,DEN,PG,3900,22.5,19.75,5.0649999999999995,23.0,18.39,19.320652173913043,-0.22911571371807285,-0.034928899658859744,-0.2314661892021182,-0.3858875999161869,0.5010388565749361,-0.24177764864938442,-0.12351990923363722
1,1,Donovan Mitchell,26.3,UTA,PG/SG,7500,34.0,39.75,5.285,34.0,38.690000000000005,39.75,1.4118951645054545,0.9954736402774983,1.3075110306094944,1.4621574175559922,0.6652682595633881,0.22357606907728536,0.9865341177141208
1,2,De'Andre Hunter,32.3,ATL,SF/PF,5200,34.5,25.5,4.880000000000001,32.666666666666664,23.94,26.931122448979593,0.24267491377119121,1.040273750709514,0.3418433694331769,0.11936608712669947,0.36293685860737546,0.5815404673285696,0.19223680192452577
1,3,Bojan Bogdanovic,8.8,UTA,SF/PF,6100,33.5,30.65,5.04,34.0,31.009999999999998,30.19926470588235,0.6652352149137494,0.9506735298454827,0.5880380364041207,0.7629955587290786,0.48237642441715783,-0.8204867591556275,0.5340432957501426
1,4,Jordan Clarkson,16.0,UTA,PG/SG,4200,23.0,23.5,5.575,24.666666666666668,23.6,21.91216216216216,0.0785738259488385,0.009871210773155828,-0.03624337196970102,0.0884136090015497,0.8817524725936198,-0.3909294812540863,0.24664291118523862
1,5,Khris Middleton,0.0,MIL,SF,7600,28.0,40.15,5.279999999999999,33.0,37.290000000000006,34.06666666666666,1.4447153820699248,0.4578723150933115,0.8793759473432894,1.3347060370406696,0.6615357731318318,-1.345501209924178,1.0506105724765682
1,6,Serge Ibaka,49.8,TOR,C,5900,31.5,35.65,6.05,30.0,32.05,37.4325,1.075487934469631,0.7714730881174204,1.1329298478289493,0.8576737271118897,1.2363386835914125,1.6256032955614825,0.8645202116948761
1,7,Nikola Jokic,33.3,DEN,C,9500,32.5,50.55,5.32,31.666666666666668,47.89,51.88026315789473,2.2980410387461587,0.8610733089814516,2.2213042084064862,2.299695060942398,0.6913956645842783,0.6412012003704504,1.8766244226542232
2,0,Donovan Mitchell,26.3,UTA,PG/SG,7500,34.0,39.75,5.285,34.0,38.690000000000005,39.75,1.4118951645054545,0.9954736402774983,1.3075110306094944,1.4621574175559922,0.6652682595633881,0.22357606907728536,0.9865341177141208
2,1,Cody Martin,24.0,CHA,SG/SF,4500,26.5,23.2,5.17,26.333333333333332,17.2,23.346835443037975,0.053958662775485534,0.32347198379726483,0.07183298543221667,-0.49422127335421123,0.5794210716376065,0.08635638308095964,0.10916450115761973
2,2,Pat Connaughton,9.8,MIL,SG/SF,3100,25.5,20.85,6.745,19.0,16.55,27.982894736842105,-0.13886011541577875,0.23387176293323367,0.4210751493817581,-0.5533951285934681,1.7551542975776575,-0.7608260261137468,0.11109628148541775
2,3,Miles Bridges,17.0,CHA,SF/PF,5500,31.0,29.65,5.395,30.0,26.55,30.638333333333332,0.583184671002573,0.726672977685405,0.6211138164698048,0.3569718750874081,0.7473829610576135,-0.33126874821220553,0.544666199140357
2,4,Donte DiVincenzo,0.0,MIL,PG/SG,4800,25.5,28.0,5.805,25.666666666666668,25.4,27.818181818181817,0.44780127354913213,0.23387176293323367,0.40866704747929905,0.25227966966410714,1.0534468484451824,-1.345501209924178,0.5340432957501426
2,5,PJ Washington,6.0,CHA,PF/C,5600,32.5,27.950000000000003,4.98,32.0,27.610000000000003,28.386718750000004,0.44369874635357354,0.8610733089814516,0.45149589322309236,0.4534707774775812,0.43758658723848953,-0.9875368116728936,0.45153767973022274
2,6,Nikola Jokic,33.3,DEN,C,9500,32.5,50.55,5.32,31.666666666666668,47.89,51.88026315789473,2.2980410387461587,0.8610733089814516,2.2213042084064862,2.299695060942398,0.6913956645842783,0.6412012003704504,1.8766244226542232
2,7,John Collins,46.3,ATL,PF,9000,35.0,45.349999999999994,5.0600000000000005,33.666666666666664,43.09,47.14603960396039,1.8713782104080416,1.0850738611415294,1.8646671652162503,1.8627188991755776,0.4973063701433811,1.4167907299148998,1.403154799246101
3,0,Mike Conley,33.0,UTA,PG,5300,31.5,30.05,5.655,31.0,28.189999999999998,30.53467741935484,0.6160048885670437,0.7714730881174204,0.613305241684664,0.5062720636910715,0.9414722554985112,0.6233029804578862,0.5340432957501426
3,1,Pat Connaughton,9.8,MIL,SG/SF,3100,25.5,20.85,6.745,19.0,16.55,27.982894736842105,-0.13886011541577875,0.23387176293323367,0.4210751493817581,-0.5533951285934681,1.7551542975776575,-0.7608260261137468,0.11109628148541775
3,2,Kevin Huerter,25.8,ATL,SG/SF,5800,35.5,29.3,5.05,34.666666666666664,29.0,30.004326923076928,0.5544669806336615,1.129873971573545,0.5733530445202857,0.5800117909892227,0.48984139728026915,0.19374570255634502,0.5340432957501426
3,3,Cody Zeller,21.3,CHA,PF/C,4900,23.5,25.7,5.255,24.0,24.020000000000003,25.164583333333333,0.2590850225534264,0.054671321205171396,0.208766999104106,0.12664902315614665,0.6428733409740536,-0.07472759613211832,0.24664291118523862
3,4,Donovan Mitchell,26.3,UTA,PG/SG,7500,34.0,39.75,5.285,34.0,38.690000000000005,39.75,1.4118951645054545,0.9954736402774983,1.3075110306094944,1.4621574175559922,0.6652682595633881,0.22357606907728536,0.9865341177141208
3,5,Mason Plumlee,20.0,DEN,PF/C,3600,15.5,18.25,5.055,16.333333333333332,18.79,17.31887755102041,-0.3521915295848374,-0.6621304457070777,-0.38226324694739316,-0.34947291976895195,0.49357388371182476,-0.15228654908656333,-0.13861089699313958
3,6,Nikola Jokic,33.3,DEN,C,9500,32.5,50.55,5.32,31.666666666666668,47.89,51.88026315789473,2.2980410387461587,0.8610733089814516,2.2213042084064862,2.299695060942398,0.6913956645842783,0.6412012003704504,1.8766244226542232
3,7,Trae Young,61.5,ATL,PG,10300,36.0,50.7,4.915,32.333333333333336,50.339999999999996,56.44948453608247,2.3103486203328356,1.1746740820055606,2.565511359470204,2.522734976844212,0.3890642636282649,2.3236338721514875,1.598329840080464
4,0,Donte DiVincenzo,0.0,MIL,PG/SG,4800,25.5,28.0,5.805,25.666666666666668,25.4,27.818181818181817,0.44780127354913213,0.23387176293323367,0.40866704747929905,0.25227966966410714,1.0534468484451824,-1.345501209924178,0.5340432957501426
4,1,Donovan Mitchell,26.3,UTA,PG/SG,7500,34.0,39.75,5.285,34.0,38.690000000000005,39.75,1.4118951645054545,0.9954736402774983,1.3075110306094944,1.4621574175559922,0.6652682595633881,0.22357606907728536,0.9865341177141208
4,2,Bojan Bogdanovic,8.8,UTA,SF/PF,6100,33.5,30.65,5.04,34.0,31.009999999999998,30.19926470588235,0.6652352149137494,0.9506735298454827,0.5880380364041207,0.7629955587290786,0.48237642441715783,-0.8204867591556275,0.5340432957501426
4,3,Jerami Grant,36.5,DEN,PF,4300,23.0,19.75,4.5649999999999995,26.0,21.07,17.471153846153847,-0.22911571371807285,0.009871210773155828,-0.3707920168659111,-0.14190924292971208,0.1277902134193643,0.8321155461044688,0.11016833533634145
4,4,Devonte' Graham,58.5,CHA,PG,6400,33.5,35.25,5.525,33.666666666666664,35.65,35.07549504950495,1.0426677169051608,0.9506735298454827,0.95537269051416,1.1854058484370051,0.8444276082780626,2.144651673025845,0.9317048289379022
4,5,Pat Connaughton,9.8,MIL,SG/SF,3100,25.5,20.85,6.745,19.0,16.55,27.982894736842105,-0.13886011541577875,0.23387176293323367,0.4210751493817581,-0.5533951285934681,1.7551542975776575,-0.7608260261137468,0.11109628148541775
4,6,Nikola Jokic,33.3,DEN,C,9500,32.5,50.55,5.32,31.666666666666668,47.89,51.88026315789473,2.2980410387461587,0.8610733089814516,2.2213042084064862,2.299695060942398,0.6913956645842783,0.6412012003704504,1.8766244226542232
4,7,Khris Middleton,0.0,MIL,SF,7600,28.0,40.15,5.279999999999999,33.0,37.290000000000006,34.06666666666666,1.4447153820699248,0.4578723150933115,0.8793759473432894,1.3347060370406696,0.6615357731318318,-1.345501209924178,1.0506105724765682
5,0,Donte DiVincenzo,0.0,MIL,PG/SG,4800,25.5,28.0,5.805,25.666666666666668,25.4,27.818181818181817,0.44780127354913213,0.23387176293323367,0.40866704747929905,0.25227966966410714,1.0534468484451824,-1.345501209924178,0.5340432957501426
5,1,Pat Connaughton,9.8,MIL,SG/SF,3100,25.5,20.85,6.745,19.0,16.55,27.982894736842105,-0.13886011541577875,0.23387176293323367,0.4210751493817581,-0.5533951285934681,1.7551542975776575,-0.7608260261137468,0.11109628148541775
5,2,Khris Middleton,0.0,MIL,SF,7600,28.0,40.15,5.279999999999999,33.0,37.290000000000006,34.06666666666666,1.4447153820699248,0.4578723150933115,0.8793759473432894,1.3347060370406696,0.6615357731318318,-1.345501209924178,1.0506105724765682
5,3,Miles Bridges,17.0,CHA,SF/PF,5500,31.0,29.65,5.395,30.0,26.55,30.638333333333332,0.583184671002573,0.726672977685405,0.6211138164698048,0.3569718750874081,0.7473829610576135,-0.33126874821220553,0.544666199140357
5,4,Trae Young,61.5,ATL,PG,10300,36.0,50.7,4.915,32.333333333333336,50.339999999999996,56.44948453608247,2.3103486203328356,1.1746740820055606,2.565511359470204,2.522734976844212,0.3890642636282649,2.3236338721514875,1.598329840080464
5,5,Will Barton,36.0,DEN,SG/SF,6000,34.0,29.6,4.945,33.333333333333336,30.74,30.192,0.5790821438070144,0.9954736402774983,0.5874907738602185,0.738415649629695,0.4114591822175994,0.8022851795835285,0.5340432957501426
5,6,Cody Zeller,21.3,CHA,PF/C,4900,23.5,25.7,5.255,24.0,24.020000000000003,25.164583333333333,0.2590850225534264,0.054671321205171396,0.208766999104106,0.12664902315614665,0.6428733409740536,-0.07472759613211832,0.24664291118523862
5,7,Donovan Mitchell,26.3,UTA,PG/SG,7500,34.0,39.75,5.285,34.0,38.690000000000005,39.75,1.4118951645054545,0.9954736402774983,1.3075110306094944,1.4621574175559922,0.6652682595633881,0.22357606907728536,0.9865341177141208
6,0,Donovan Mitchell,26.3,UTA,PG/SG,7500,34.0,39.75,5.285,34.0,38.690000000000005,39.75,1.4118951645054545,0.9954736402774983,1.3075110306094944,1.4621574175559922,0.6652682595633881,0.22357606907728536,0.9865341177141208
6,1,Kevin Huerter,25.8,ATL,SG/SF,5800,35.5,29.3,5.05,34.666666666666664,29.0,30.004326923076928,0.5544669806336615,1.129873971573545,0.5733530445202857,0.5800117909892227,0.48984139728026915,0.19374570255634502,0.5340432957501426
6,2,Pat Connaughton,9.8,MIL,SG/SF,3100,25.5,20.85,6.745,19.0,16.55,27.982894736842105,-0.13886011541577875,0.23387176293323367,0.4210751493817581,-0.5533951285934681,1.7551542975776575,-0.7608260261137468,0.11109628148541775
6,3,Bojan Bogdanovic,8.8,UTA,SF/PF,6100,33.5,30.65,5.04,34.0,31.009999999999998,30.19926470588235,0.6652352149137494,0.9506735298454827,0.5880380364041207,0.7629955587290786,0.48237642441715783,-0.8204867591556275,0.5340432957501426
6,4,Terry Rozier,55.0,CHA,PG/SG,6600,35.0,34.55,5.25,35.666666666666664,32.489999999999995,33.904205607476634,0.9852323361673371,1.0850738611415294,0.8671374818118222,0.8977298752738481,0.6391408545424979,1.9358391073792625,0.8391228374235292
6,5,Mason Plumlee,20.0,DEN,PF/C,3600,15.5,18.25,5.055,16.333333333333332,18.79,17.31887755102041,-0.3521915295848374,-0.6621304457070777,-0.38226324694739316,-0.34947291976895195,0.49357388371182476,-0.15228654908656333,-0.13861089699313958
6,6,Nikola Jokic,33.3,DEN,C,9500,32.5,50.55,5.32,31.666666666666668,47.89,51.88026315789473,2.2980410387461587,0.8610733089814516,2.2213042084064862,2.299695060942398,0.6913956645842783,0.6412012003704504,1.8766244226542232
6,7,Khris Middleton,0.0,MIL,SF,7600,28.0,40.15,5.279999999999999,33.0,37.290000000000006,34.06666666666666,1.4447153820699248,0.4578723150933115,0.8793759473432894,1.3347060370406696,0.6615357731318318,-1.345501209924178,1.0506105724765682
7,0,Donovan Mitchell,26.3,UTA,PG/SG,7500,34.0,39.75,5.285,34.0,38.690000000000005,39.75,1.4118951645054545,0.9954736402774983,1.3075110306094944,1.4621574175559922,0.6652682595633881,0.22357606907728536,0.9865341177141208
7,1,Pat Connaughton,9.8,MIL,SG/SF,3100,25.5,20.85,6.745,19.0,16.55,27.982894736842105,-0.13886011541577875,0.23387176293323367,0.4210751493817581,-0.5533951285934681,1.7551542975776575,-0.7608260261137468,0.11109628148541775
7,2,Miles Bridges,17.0,CHA,SF/PF,5500,31.0,29.65,5.395,30.0,26.55,30.638333333333332,0.583184671002573,0.726672977685405,0.6211138164698048,0.3569718750874081,0.7473829610576135,-0.33126874821220553,0.544666199140357
7,3,PJ Washington,6.0,CHA,PF/C,5600,32.5,27.950000000000003,4.98,32.0,27.610000000000003,28.386718750000004,0.44369874635357354,0.8610733089814516,0.45149589322309236,0.4534707774775812,0.43758658723848953,-0.9875368116728936,0.45153767973022274
7,4,Jamal Murray,39.8,DEN,PG,7000,35.0,35.4,5.035,33.333333333333336,33.660000000000004,37.169999999999995,1.054975298491837,1.0850738611415294,1.113155280200085,1.0042428147045113,0.47864393798560223,1.0289959651426752,0.8645202116948761
7,5,Will Barton,36.0,DEN,SG/SF,6000,34.0,29.6,4.945,33.333333333333336,30.74,30.192,0.5790821438070144,0.9954736402774983,0.5874907738602185,0.738415649629695,0.4114591822175994,0.8022851795835285,0.5340432957501426
7,6,Nikola Jokic,33.3,DEN,C,9500,32.5,50.55,5.32,31.666666666666668,47.89,51.88026315789473,2.2980410387461587,0.8610733089814516,2.2213042084064862,2.299695060942398,0.6913956645842783,0.6412012003704504,1.8766244226542232
7,7,Mike Conley,33.0,UTA,PG,5300,31.5,30.05,5.655,31.0,28.189999999999998,30.53467741935484,0.6160048885670437,0.7714730881174204,0.613305241684664,0.5062720636910715,0.9414722554985112,0.6233029804578862,0.5340432957501426
8,0,Donovan Mitchell,26.3,UTA,PG/SG,7500,34.0,39.75,5.285,34.0,38.690000000000005,39.75,1.4118951645054545,0.9954736402774983,1.3075110306094944,1.4621574175559922,0.6652682595633881,0.22357606907728536,0.9865341177141208
8,1,Donte DiVincenzo,0.0,MIL,PG/SG,4800,25.5,28.0,5.805,25.666666666666668,25.4,27.818181818181817,0.44780127354913213,0.23387176293323367,0.40866704747929905,0.25227966966410714,1.0534468484451824,-1.345501209924178,0.5340432957501426
8,2,Khris Middleton,0.0,MIL,SF,7600,28.0,40.15,5.279999999999999,33.0,37.290000000000006,34.06666666666666,1.4447153820699248,0.4578723150933115,0.8793759473432894,1.3347060370406696,0.6615357731318318,-1.345501209924178,1.0506105724765682
8,3,Bojan Bogdanovic,8.8,UTA,SF/PF,6100,33.5,30.65,5.04,34.0,31.009999999999998,30.19926470588235,0.6652352149137494,0.9506735298454827,0.5880380364041207,0.7629955587290786,0.48237642441715783,-0.8204867591556275,0.5340432957501426
8,4,Pat Connaughton,9.8,MIL,SG/SF,3100,25.5,20.85,6.745,19.0,16.55,27.982894736842105,-0.13886011541577875,0.23387176293323367,0.4210751493817581,-0.5533951285934681,1.7551542975776575,-0.7608260261137468,0.11109628148541775
8,5,Paul Millsap,38.5,DEN,PF/C,4600,24.0,24.05,5.23,23.0,22.990000000000002,25.095652173913045,0.12370162509998556,0.09947143163718697,0.20357429863289647,0.0328812217770163,0.6242109088162754,0.9514370121882303,0.24664291118523862
8,6,Nikola Jokic,33.3,DEN,C,9500,32.5,50.55,5.32,31.666666666666668,47.89,51.88026315789473,2.2980410387461587,0.8610733089814516,2.2213042084064862,2.299695060942398,0.6913956645842783,0.6412012003704504,1.8766244226542232
8,7,Miles Bridges,17.0,CHA,SF/PF,5500,31.0,29.65,5.395,30.0,26.55,30.638333333333332,0.583184671002573,0.726672977685405,0.6211138164698048,0.3569718750874081,0.7473829610576135,-0.33126874821220553,0.544666199140357
9,0,Devonte' Graham,58.5,CHA,PG,6400,33.5,35.25,5.525,33.666666666666664,35.65,35.07549504950495,1.0426677169051608,0.9506735298454827,0.95537269051416,1.1854058484370051,0.8444276082780626,2.144651673025845,0.9317048289379022
9,1,Donte DiVincenzo,0.0,MIL,PG/SG,4800,25.5,28.0,5.805,25.666666666666668,25.4,27.818181818181817,0.44780127354913213,0.23387176293323367,0.40866704747929905,0.25227966966410714,1.0534468484451824,-1.345501209924178,0.5340432957501426
9,2,Kevin Huerter,25.8,ATL,SG/SF,5800,35.5,29.3,5.05,34.666666666666664,29.0,30.004326923076928,0.5544669806336615,1.129873971573545,0.5733530445202857,0.5800117909892227,0.48984139728026915,0.19374570255634502,0.5340432957501426
9,3,Cody Zeller,21.3,CHA,PF/C,4900,23.5,25.7,5.255,24.0,24.020000000000003,25.164583333333333,0.2590850225534264,0.054671321205171396,0.208766999104106,0.12664902315614665,0.6428733409740536,-0.07472759613211832,0.24664291118523862
9,4,Pat Connaughton,9.8,MIL,SG/SF,3100,25.5,20.85,6.745,19.0,16.55,27.982894736842105,-0.13886011541577875,0.23387176293323367,0.4210751493817581,-0.5533951285934681,1.7551542975776575,-0.7608260261137468,0.11109628148541775
9,5,Khris Middleton,0.0,MIL,SF,7600,28.0,40.15,5.279999999999999,33.0,37.290000000000006,34.06666666666666,1.4447153820699248,0.4578723150933115,0.8793759473432894,1.3347060370406696,0.6615357731318318,-1.345501209924178,1.0506105724765682
9,6,Nikola Jokic,33.3,DEN,C,9500,32.5,50.55,5.32,31.666666666666668,47.89,51.88026315789473,2.2980410387461587,0.8610733089814516,2.2213042084064862,2.299695060942398,0.6913956645842783,0.6412012003704504,1.8766244226542232
9,7,Norman Powell,0.0,TOR,SG/SF,6800,37.0,32.3,4.73,36.333333333333336,31.26,32.892660550458714,0.8006186123671902,1.2642743028695917,0.7909360869941298,0.7857547338211008,0.2509622656607037,-1.345501209924178,0.7948949646112698
10,0,Trae Young,61.5,ATL,PG,10300,36.0,50.7,4.915,32.333333333333336,50.339999999999996,56.44948453608247,2.3103486203328356,1.1746740820055606,2.565511359470204,2.522734976844212,0.3890642636282649,2.3236338721514875,1.598329840080464
10,1,Donovan Mitchell,26.3,UTA,PG/SG,7500,34.0,39.75,5.285,34.0,38.690000000000005,39.75,1.4118951645054545,0.9954736402774983,1.3075110306094944,1.4621574175559922,0.6652682595633881,0.22357606907728536,0.9865341177141208
10,2,Khris Middleton,0.0,MIL,SF,7600,28.0,40.15,5.279999999999999,33.0,37.290000000000006,34.06666666666666,1.4447153820699248,0.4578723150933115,0.8793759473432894,1.3347060370406696,0.6615357731318318,-1.345501209924178,1.0506105724765682
10,3,Mason Plumlee,20.0,DEN,PF/C,3600,15.5,18.25,5.055,16.333333333333332,18.79,17.31887755102041,-0.3521915295848374,-0.6621304457070777,-0.38226324694739316,-0.34947291976895195,0.49357388371182476,-0.15228654908656333,-0.13861089699313958
10,4,Sterling Brown,31.0,MIL,SG/SF,3000,21.0,14.95,5.0,12.0,11.59,26.1625,-0.6229583244917195,-0.16932923095490646,0.283941744296376,-1.0049371624191827,0.45251653296471206,0.5039815143741248,-0.248435477172227
10,5,Pat Connaughton,9.8,MIL,SG/SF,3100,25.5,20.85,6.745,19.0,16.55,27.982894736842105,-0.13886011541577875,0.23387176293323367,0.4210751493817581,-0.5533951285934681,1.7551542975776575,-0.7608260261137468,0.11109628148541775
10,6,Nikola Jokic,33.3,DEN,C,9500,32.5,50.55,5.32,31.666666666666668,47.89,51.88026315789473,2.2980410387461587,0.8610733089814516,2.2213042084064862,2.299695060942398,0.6913956645842783,0.6412012003704504,1.8766244226542232
10,7,Cody Zeller,21.3,CHA,PF/C,4900,23.5,25.7,5.255,24.0,24.020000000000003,25.164583333333333,0.2590850225534264,0.054671321205171396,0.208766999104106,0.12664902315614665,0.6428733409740536,-0.07472759613211832,0.24664291118523862
11,0,Donovan Mitchell,26.3,UTA,PG/SG,7500,34.0,39.75,5.285,34.0,38.690000000000005,39.75,1.4118951645054545,0.9954736402774983,1.3075110306094944,1.4621574175559922,0.6652682595633881,0.22357606907728536,0.9865341177141208
11,1,Joe Ingles,39.8,UTA,SG/SF,5100,28.0,24.4,4.8,28.666666666666668,24.639999999999997,23.832558139534882,0.15241931546889712,0.4578723150933115,0.10842329518746398,0.18309177738436042,0.30321707570248324,1.0289959651426752,0.24664291118523862
11,2,De'Andre Hunter,32.3,ATL,SF/PF,5200,34.5,25.5,4.880000000000001,32.666666666666664,23.94,26.931122448979593,0.24267491377119121,1.040273750709514,0.3418433694331769,0.11936608712669947,0.36293685860737546,0.5815404673285696,0.19223680192452577
11,3,PJ Washington,6.0,CHA,PF/C,5600,32.5,27.950000000000003,4.98,32.0,27.610000000000003,28.386718750000004,0.44369874635357354,0.8610733089814516,0.45149589322309236,0.4534707774775812,0.43758658723848953,-0.9875368116728936,0.45153767973022274
11,4,Devonte' Graham,58.5,CHA,PG,6400,33.5,35.25,5.525,33.666666666666664,35.65,35.07549504950495,1.0426677169051608,0.9506735298454827,0.95537269051416,1.1854058484370051,0.8444276082780626,2.144651673025845,0.9317048289379022
11,5,Kevin Huerter,25.8,ATL,SG/SF,5800,35.5,29.3,5.05,34.666666666666664,29.0,30.004326923076928,0.5544669806336615,1.129873971573545,0.5733530445202857,0.5800117909892227,0.48984139728026915,0.19374570255634502,0.5340432957501426
11,6,Nikola Jokic,33.3,DEN,C,9500,32.5,50.55,5.32,31.666666666666668,47.89,51.88026315789473,2.2980410387461587,0.8610733089814516,2.2213042084064862,2.299695060942398,0.6913956645842783,0.6412012003704504,1.8766244226542232
11,7,Donte DiVincenzo,0.0,MIL,PG/SG,4800,25.5,28.0,5.805,25.666666666666668,25.4,27.818181818181817,0.44780127354913213,0.23387176293323367,0.40866704747929905,0.25227966966410714,1.0534468484451824,-1.345501209924178,0.5340432957501426
12,0,Donte DiVincenzo,0.0,MIL,PG/SG,4800,25.5,28.0,5.805,25.666666666666668,25.4,27.818181818181817,0.44780127354913213,0.23387176293323367,0.40866704747929905,0.25227966966410714,1.0534468484451824,-1.345501209924178,0.5340432957501426
12,1,Caleb Martin,41.5,CHA,SG/SF,3200,21.0,14.55,4.52,17.666666666666668,11.13,17.295283018867924,-0.6557785420561899,-0.16932923095490646,-0.38404066283966276,-1.046814044588503,0.0941978355353629,1.1304192113138725,-0.3570339415638295
12,2,Khris Middleton,0.0,MIL,SF,7600,28.0,40.15,5.279999999999999,33.0,37.290000000000006,34.06666666666666,1.4447153820699248,0.4578723150933115,0.8793759473432894,1.3347060370406696,0.6615357731318318,-1.345501209924178,1.0506105724765682
12,3,Pascal Siakam,52.8,TOR,PF,8700,37.5,42.4,4.880000000000001,38.0,42.9,41.84210526315789,1.6293291058700716,1.3090744133016072,1.4651128478019464,1.8454219261056404,0.36293685860737546,1.8045854946871247,1.403154799246101
12,4,Norman Powell,0.0,TOR,SG/SF,6800,37.0,32.3,4.73,36.333333333333336,31.26,32.892660550458714,0.8006186123671902,1.2642743028695917,0.7909360869941298,0.7857547338211008,0.2509622656607037,-1.345501209924178,0.7948949646112698
12,5,Bojan Bogdanovic,8.8,UTA,SF/PF,6100,33.5,30.65,5.04,34.0,31.009999999999998,30.19926470588235,0.6652352149137494,0.9506735298454827,0.5880380364041207,0.7629955587290786,0.48237642441715783,-0.8204867591556275,0.5340432957501426
12,6,Nikola Jokic,33.3,DEN,C,9500,32.5,50.55,5.32,31.666666666666668,47.89,51.88026315789473,2.2980410387461587,0.8610733089814516,2.2213042084064862,2.299695060942398,0.6913956645842783,0.6412012003704504,1.8766244226542232
12,7,Pat Connaughton,9.8,MIL,SG/SF,3100,25.5,20.85,6.745,19.0,16.55,27.982894736842105,-0.13886011541577875,0.23387176293323367,0.4210751493817581,-0.5533951285934681,1.7551542975776575,-0.7608260261137468,0.11109628148541775
13,0,Jordan Clarkson,16.0,UTA,PG/SG,4200,23.0,23.5,5.575,24.666666666666668,23.6,21.91216216216216,0.0785738259488385,0.009871210773155828,-0.03624337196970102,0.0884136090015497,0.8817524725936198,-0.3909294812540863,0.24664291118523862
13,1,Will Barton,36.0,DEN,SG/SF,6000,34.0,29.6,4.945,33.333333333333336,30.74,30.192,0.5790821438070144,0.9954736402774983,0.5874907738602185,0.738415649629695,0.4114591822175994,0.8022851795835285,0.5340432957501426
13,2,Khris Middleton,0.0,MIL,SF,7600,28.0,40.15,5.279999999999999,33.0,37.290000000000006,34.06666666666666,1.4447153820699248,0.4578723150933115,0.8793759473432894,1.3347060370406696,0.6615357731318318,-1.345501209924178,1.0506105724765682
13,3,Vince Carter,12.0,ATL,SF/PF,3000,0.0,3.15,1.04,16.0,9.23,0.0,-1.5911547426436006,-2.0509338690995604,-1.686923496047099,-1.2197837752878695,-2.503612720827416,-0.6295724134216092,-0.5925199419117266
13,4,Norman Powell,0.0,TOR,SG/SF,6800,37.0,32.3,4.73,36.333333333333336,31.26,32.892660550458714,0.8006186123671902,1.2642743028695917,0.7909360869941298,0.7857547338211008,0.2509622656607037,-1.345501209924178,0.7948949646112698
13,5,John Collins,46.3,ATL,PF,9000,35.0,45.349999999999994,5.0600000000000005,33.666666666666664,43.09,47.14603960396039,1.8713782104080416,1.0850738611415294,1.8646671652162503,1.8627188991755776,0.4973063701433811,1.4167907299148998,1.403154799246101
13,6,Serge Ibaka,49.8,TOR,C,5900,31.5,35.65,6.05,30.0,32.05,37.4325,1.075487934469631,0.7714730881174204,1.1329298478289493,0.8576737271118897,1.2363386835914125,1.6256032955614825,0.8645202116948761
13,7,Donovan Mitchell,26.3,UTA,PG/SG,7500,34.0,39.75,5.285,34.0,38.690000000000005,39.75,1.4118951645054545,0.9954736402774983,1.3075110306094944,1.4621574175559922,0.6652682595633881,0.22357606907728536,0.9865341177141208
14,0,Devonte' Graham,58.5,CHA,PG,6400,33.5,35.25,5.525,33.666666666666664,35.65,35.07549504950495,1.0426677169051608,0.9506735298454827,0.95537269051416,1.1854058484370051,0.8444276082780626,2.144651673025845,0.9317048289379022
14,1,Pat Connaughton,9.8,MIL,SG/SF,3100,25.5,20.85,6.745,19.0,16.55,27.982894736842105,-0.13886011541577875,0.23387176293323367,0.4210751493817581,-0.5533951285934681,1.7551542975776575,-0.7608260261137468,0.11109628148541775
14,2,Miles Bridges,17.0,CHA,SF/PF,5500,31.0,29.65,5.395,30.0,26.55,30.638333333333332,0.583184671002573,0.726672977685405,0.6211138164698048,0.3569718750874081,0.7473829610576135,-0.33126874821220553,0.544666199140357
14,3,PJ Washington,6.0,CHA,PF/C,5600,32.5,27.950000000000003,4.98,32.0,27.610000000000003,28.386718750000004,0.44369874635357354,0.8610733089814516,0.45149589322309236,0.4534707774775812,0.43758658723848953,-0.9875368116728936,0.45153767973022274
14,4,Donte DiVincenzo,0.0,MIL,PG/SG,4800,25.5,28.0,5.805,25.666666666666668,25.4,27.818181818181817,0.44780127354913213,0.23387176293323367,0.40866704747929905,0.25227966966410714,1.0534468484451824,-1.345501209924178,0.5340432957501426
14,5,Pascal Siakam,52.8,TOR,PF,8700,37.5,42.4,4.880000000000001,38.0,42.9,41.84210526315789,1.6293291058700716,1.3090744133016072,1.4651128478019464,1.8454219261056404,0.36293685860737546,1.8045854946871247,1.403154799246101
14,6,Brook Lopez,0.0,MIL,C,5100,21.5,23.3,4.574999999999999,27.333333333333332,25.52,18.327439024390245,0.06216371716660329,-0.12452912052289088,-0.30628661051684536,0.26320407370827775,0.13525518628247557,-1.345501209924178,0.16346281057376316
14,7,Khris Middleton,0.0,MIL,SF,7600,28.0,40.15,5.279999999999999,33.0,37.290000000000006,34.06666666666666,1.4447153820699248,0.4578723150933115,0.8793759473432894,1.3347060370406696,0.6615357731318318,-1.345501209924178,1.0506105724765682
15,0,Devonte' Graham,58.5,CHA,PG,6400,33.5,35.25,5.525,33.666666666666664,35.65,35.07549504950495,1.0426677169051608,0.9506735298454827,0.95537269051416,1.1854058484370051,0.8444276082780626,2.144651673025845,0.9317048289379022
15,1,Wesley Matthews,23.5,MIL,SG,3100,27.0,17.75,5.705,24.0,15.51,19.96875,-0.3932168015404256,0.36827209422928037,-0.182643887137065,-0.6480732969762792,0.9787971198140683,0.056526016560019265,-0.22645224487698212
15,2,Kevin Huerter,25.8,ATL,SG/SF,5800,35.5,29.3,5.05,34.666666666666664,29.0,30.004326923076928,0.5544669806336615,1.129873971573545,0.5733530445202857,0.5800117909892227,0.48984139728026915,0.19374570255634502,0.5340432957501426
15,3,PJ Washington,6.0,CHA,PF/C,5600,32.5,27.950000000000003,4.98,32.0,27.610000000000003,28.386718750000004,0.44369874635357354,0.8610733089814516,0.45149589322309236,0.4534707774775812,0.43758658723848953,-0.9875368116728936,0.45153767973022274
15,4,Jordan Clarkson,16.0,UTA,PG/SG,4200,23.0,23.5,5.575,24.666666666666668,23.6,21.91216216216216,0.0785738259488385,0.009871210773155828,-0.03624337196970102,0.0884136090015497,0.8817524725936198,-0.3909294812540863,0.24664291118523862
15,5,Jerami Grant,36.5,DEN,PF,4300,23.0,19.75,4.5649999999999995,26.0,21.07,17.471153846153847,-0.22911571371807285,0.009871210773155828,-0.3707920168659111,-0.14190924292971208,0.1277902134193643,0.8321155461044688,0.11016833533634145
15,6,Nikola Jokic,33.3,DEN,C,9500,32.5,50.55,5.32,31.666666666666668,47.89,51.88026315789473,2.2980410387461587,0.8610733089814516,2.2213042084064862,2.299695060942398,0.6913956645842783,0.6412012003704504,1.8766244226542232
15,7,Khris Middleton,0.0,MIL,SF,7600,28.0,40.15,5.279999999999999,33.0,37.290000000000006,34.06666666666666,1.4447153820699248,0.4578723150933115,0.8793759473432894,1.3347060370406696,0.6615357731318318,-1.345501209924178,1.0506105724765682
16,0,Trae Young,61.5,ATL,PG,10300,36.0,50.7,4.915,32.333333333333336,50.339999999999996,56.44948453608247,2.3103486203328356,1.1746740820055606,2.565511359470204,2.522734976844212,0.3890642636282649,2.3236338721514875,1.598329840080464
16,1,Kevin Huerter,25.8,ATL,SG/SF,5800,35.5,29.3,5.05,34.666666666666664,29.0,30.004326923076928,0.5544669806336615,1.129873971573545,0.5733530445202857,0.5800117909892227,0.48984139728026915,0.19374570255634502,0.5340432957501426
16,2,Bojan Bogdanovic,8.8,UTA,SF/PF,6100,33.5,30.65,5.04,34.0,31.009999999999998,30.19926470588235,0.6652352149137494,0.9506735298454827,0.5880380364041207,0.7629955587290786,0.48237642441715783,-0.8204867591556275,0.5340432957501426
16,3,Mason Plumlee,20.0,DEN,PF/C,3600,15.5,18.25,5.055,16.333333333333332,18.79,17.31887755102041,-0.3521915295848374,-0.6621304457070777,-0.38226324694739316,-0.34947291976895195,0.49357388371182476,-0.15228654908656333,-0.13861089699313958
16,4,Wesley Matthews,23.5,MIL,SG,3100,27.0,17.75,5.705,24.0,15.51,19.96875,-0.3932168015404256,0.36827209422928037,-0.182643887137065,-0.6480732969762792,0.9787971198140683,0.056526016560019265,-0.22645224487698212
16,5,Pat Connaughton,9.8,MIL,SG/SF,3100,25.5,20.85,6.745,19.0,16.55,27.982894736842105,-0.13886011541577875,0.23387176293323367,0.4210751493817581,-0.5533951285934681,1.7551542975776575,-0.7608260261137468,0.11109628148541775
16,6,Nikola Jokic,33.3,DEN,C,9500,32.5,50.55,5.32,31.666666666666668,47.89,51.88026315789473,2.2980410387461587,0.8610733089814516,2.2213042084064862,2.299695060942398,0.6913956645842783,0.6412012003704504,1.8766244226542232
16,7,Rondae Hollis-Jefferson,23.5,TOR,PF/C,3300,10.5,9.8,2.955,14.0,14.86,7.3500000000000005,-1.0455186256342777,-1.1101315500272333,-1.1332356024388985,-0.7072471522155362,-1.0740704175415763,0.056526016560019265,-0.5249711849694686
17,0,Devonte' Graham,58.5,CHA,PG,6400,33.5,35.25,5.525,33.666666666666664,35.65,35.07549504950495,1.0426677169051608,0.9506735298454827,0.95537269051416,1.1854058484370051,0.8444276082780626,2.144651673025845,0.9317048289379022
17,1,Donovan Mitchell,26.3,UTA,PG/SG,7500,34.0,39.75,5.285,34.0,38.690000000000005,39.75,1.4118951645054545,0.9954736402774983,1.3075110306094944,1.4621574175559922,0.6652682595633881,0.22357606907728536,0.9865341177141208
17,2,Norman Powell,0.0,TOR,SG/SF,6800,37.0,32.3,4.73,36.333333333333336,31.26,32.892660550458714,0.8006186123671902,1.2642743028695917,0.7909360869941298,0.7857547338211008,0.2509622656607037,-1.345501209924178,0.7948949646112698
17,3,Pascal Siakam,52.8,TOR,PF,8700,37.5,42.4,4.880000000000001,38.0,42.9,41.84210526315789,1.6293291058700716,1.3090744133016072,1.4651128478019464,1.8454219261056404,0.36293685860737546,1.8045854946871247,1.403154799246101
17,4,Patrick McCaw,17.5,TOR,PG/SF,3100,23.0,11.850000000000001,3.825,23.0,12.23,11.850000000000001,-0.877315010616366,0.009871210773155828,-0.7942430145155106,-0.9466736741836066,-0.4246177784508814,-0.3014383816912652,-0.5249711849694686
17,5,Chris Boucher,2.0,TOR,PF/C,3500,10.5,11.2,3.215,15.666666666666666,15.1,7.506382978723405,-0.9306478641586308,-1.1101315500272333,-1.121455008957873,-0.6853983441271952,-0.8799811231006791,-1.2261797438404165,-0.5249711849694686
17,6,Ersan Ilyasova,11.3,MIL,PF/C,4600,13.0,13.75,2.98,15.0,14.010000000000002,11.916666666666666,-0.721418977185131,-0.8861309978671555,-0.7892209021018309,-0.7846283475284106,-1.0554079853837977,-0.6713349265509257,-0.4312651709141195
17,7,Bismack Biyombo,24.5,CHA,C,3900,17.5,16.55,4.265000000000001,22.333333333333332,18.71,12.968283582089553,-0.4916774542338372,-0.4829300039790154,-0.7100008266211165,-0.3567558557983988,-0.09615897247397795,0.11618674960190001,-0.13861089699313958
18,0,Terence Davis,-0.5,TOR,PG/SG,3100,12.0,10.75,3.4850000000000003,13.666666666666666,14.189999999999998,9.439024390243903,-0.9675706089186601,-0.9757312187311866,-0.9758658725980413,-0.7682417414621551,-0.6784268557966701,-1.3753315764451184,-0.5249711849694686
18,1,Kevin Huerter,25.8,ATL,SG/SF,5800,35.5,29.3,5.05,34.666666666666664,29.0,30.004326923076928,0.5544669806336615,1.129873971573545,0.5733530445202857,0.5800117909892227,0.48984139728026915,0.19374570255634502,0.5340432957501426
18,2,OG Anunoby,18.8,TOR,SF/PF,6200,36.0,26.4,4.275,36.0,27.419999999999998,26.4,0.3165204032912498,1.1746740820055606,0.3018330197701101,0.4361738044076441,-0.08869399961086667,-0.22387942873682015,0.29819498567701536
18,3,Cody Zeller,21.3,CHA,PF/C,4900,23.5,25.7,5.255,24.0,24.020000000000003,25.164583333333333,0.2590850225534264,0.054671321205171396,0.208766999104106,0.12664902315614665,0.6428733409740536,-0.07472759613211832,0.24664291118523862
18,4,Gary Harris,27.5,DEN,SG,4400,32.5,21.25,4.85,32.0,21.669999999999998,21.58203125,-0.10603989785130831,0.8610733089814516,-0.06111269025133652,-0.0872872227088597,0.3405419400180403,0.29516894872754224,0.16346281057376316
18,5,Joe Ingles,39.8,UTA,SG/SF,5100,28.0,24.4,4.8,28.666666666666668,24.639999999999997,23.832558139534882,0.15241931546889712,0.4578723150933115,0.10842329518746398,0.18309177738436042,0.30321707570248324,1.0289959651426752,0.24664291118523862
18,6,Nikola Jokic,33.3,DEN,C,9500,32.5,50.55,5.32,31.666666666666668,47.89,51.88026315789473,2.2980410387461587,0.8610733089814516,2.2213042084064862,2.299695060942398,0.6913956645842783,0.6412012003704504,1.8766244226542232
18,7,Bruno Fernando,3.3,ATL,C,3000,12.5,12.65,4.1899999999999995,13.333333333333334,12.03,11.859375,-0.811674575487425,-0.9309311082991711,-0.793536779957337,-0.9648810142572243,-0.1521462689473145,-1.1486207908859716,-0.43719873311992674
19,0,Donte DiVincenzo,0.0,MIL,PG/SG,4800,25.5,28.0,5.805,25.666666666666668,25.4,27.818181818181817,0.44780127354913213,0.23387176293323367,0.40866704747929905,0.25227966966410714,1.0534468484451824,-1.345501209924178,0.5340432957501426
19,1,Jordan Clarkson,16.0,UTA,PG/SG,4200,23.0,23.5,5.575,24.666666666666668,23.6,21.91216216216216,0.0785738259488385,0.009871210773155828,-0.03624337196970102,0.0884136090015497,0.8817524725936198,-0.3909294812540863,0.24664291118523862
19,2,Vince Carter,12.0,ATL,SF/PF,3000,0.0,3.15,1.04,16.0,9.23,0.0,-1.5911547426436006,-2.0509338690995604,-1.686923496047099,-1.2197837752878695,-2.503612720827416,-0.6295724134216092,-0.5925199419117266
19,3,Georges Niang,13.5,UTA,SF/PF,3000,12.0,9.600000000000001,3.175,12.666666666666666,9.940000000000001,9.094736842105265,-1.061928734416513,-0.9757312187311866,-1.0018016341387779,-1.1551477180265273,-0.9098410145531249,-0.5400813138587881,-0.5925199419117266
19,4,Pat Connaughton,9.8,MIL,SG/SF,3100,25.5,20.85,6.745,19.0,16.55,27.982894736842105,-0.13886011541577875,0.23387176293323367,0.4210751493817581,-0.5533951285934681,1.7551542975776575,-0.7608260261137468,0.11109628148541775
19,5,Mason Plumlee,20.0,DEN,PF/C,3600,15.5,18.25,5.055,16.333333333333332,18.79,17.31887755102041,-0.3521915295848374,-0.6621304457070777,-0.38226324694739316,-0.34947291976895195,0.49357388371182476,-0.15228654908656333,-0.13861089699313958
19,6,Serge Ibaka,49.8,TOR,C,5900,31.5,35.65,6.05,30.0,32.05,37.4325,1.075487934469631,0.7714730881174204,1.1329298478289493,0.8576737271118897,1.2363386835914125,1.6256032955614825,0.8645202116948761
19,7,Khris Middleton,0.0,MIL,SF,7600,28.0,40.15,5.279999999999999,33.0,37.290000000000006,34.06666666666666,1.4447153820699248,0.4578723150933115,0.8793759473432894,1.3347060370406696,0.6615357731318318,-1.345501209924178,1.0506105724765682
20,0,Patrick McCaw,17.5,TOR,PG/SF,3100,23.0,11.850000000000001,3.825,23.0,12.23,11.850000000000001,-0.877315010616366,0.009871210773155828,-0.7942430145155106,-0.9466736741836066,-0.4246177784508814,-0.3014383816912652,-0.5249711849694686
20,1,Jeff Teague,13.3,ATL,PG/SG,3800,18.0,17.05,4.470000000000001,23.0,21.07,13.343478260869567,-0.450652182278249,-0.4381298935469998,-0.6817367788134007,-0.14190924292971208,0.05687297121980652,-0.5520134604671643,0.11016833533634145
20,2,Kevin Huerter,25.8,ATL,SG/SF,5800,35.5,29.3,5.05,34.666666666666664,29.0,30.004326923076928,0.5544669806336615,1.129873971573545,0.5733530445202857,0.5800117909892227,0.48984139728026915,0.19374570255634502,0.5340432957501426
20,3,Chris Boucher,2.0,TOR,PF/C,3500,10.5,11.2,3.215,15.666666666666666,15.1,7.506382978723405,-0.9306478641586308,-1.1101315500272333,-1.121455008957873,-0.6853983441271952,-0.8799811231006791,-1.2261797438404165,-0.5249711849694686
20,4,Caleb Martin,41.5,CHA,SG/SF,3200,21.0,14.55,4.52,17.666666666666668,11.13,17.295283018867924,-0.6557785420561899,-0.16932923095490646,-0.38404066283966276,-1.046814044588503,0.0941978355353629,1.1304192113138725,-0.3570339415638295
20,5,Norman Powell,0.0,TOR,SG/SF,6800,37.0,32.3,4.73,36.333333333333336,31.26,32.892660550458714,0.8006186123671902,1.2642743028695917,0.7909360869941298,0.7857547338211008,0.2509622656607037,-1.345501209924178,0.7948949646112698
20,6,Cody Zeller,21.3,CHA,PF/C,4900,23.5,25.7,5.255,24.0,24.020000000000003,25.164583333333333,0.2590850225534264,0.054671321205171396,0.208766999104106,0.12664902315614665,0.6428733409740536,-0.07472759613211832,0.24664291118523862
20,7,Devonte' Graham,58.5,CHA,PG,6400,33.5,35.25,5.525,33.666666666666664,35.65,35.07549504950495,1.0426677169051608,0.9506735298454827,0.95537269051416,1.1854058484370051,0.8444276082780626,2.144651673025845,0.9317048289379022
21,0,Kyle Lowry,44.3,TOR,PG,8400,35.0,38.25,4.545,36.333333333333336,42.269999999999996,36.846330275229356,1.2888193486386899,1.0850738611415294,1.0887726940595406,1.788068804873745,0.11286026769314175,1.2974692638311385,0.8645202116948761
21,1,Kyle Korver,39.5,MIL,SG/SF,3000,14.0,12.2,4.0649999999999995,14.666666666666666,12.280000000000001,11.645454545454545,-0.8485973202474545,-0.7965307770031244,-0.8096517685120284,-0.9421218391652022,-0.24545842973620743,1.011097745230111,-0.5249711849694686
21,2,Georges Niang,13.5,UTA,SF/PF,3000,12.0,9.600000000000001,3.175,12.666666666666666,9.940000000000001,9.094736842105265,-1.061928734416513,-0.9757312187311866,-1.0018016341387779,-1.1551477180265273,-0.9098410145531249,-0.5400813138587881,-0.5925199419117266
21,3,Chris Boucher,2.0,TOR,PF/C,3500,10.5,11.2,3.215,15.666666666666666,15.1,7.506382978723405,-0.9306478641586308,-1.1101315500272333,-1.121455008957873,-0.6853983441271952,-0.8799811231006791,-1.2261797438404165,-0.5249711849694686
21,4,Terry Rozier,55.0,CHA,PG/SG,6600,35.0,34.55,5.25,35.666666666666664,32.489999999999995,33.904205607476634,0.9852323361673371,1.0850738611415294,0.8671374818118222,0.8977298752738481,0.6391408545424979,1.9358391073792625,0.8391228374235292
21,5,Mason Plumlee,20.0,DEN,PF/C,3600,15.5,18.25,5.055,16.333333333333332,18.79,17.31887755102041,-0.3521915295848374,-0.6621304457070777,-0.38226324694739316,-0.34947291976895195,0.49357388371182476,-0.15228654908656333,-0.13861089699313958
21,6,Paul Millsap,38.5,DEN,PF/C,4600,24.0,24.05,5.23,23.0,22.990000000000002,25.095652173913045,0.12370162509998556,0.09947143163718697,0.20357429863289647,0.0328812217770163,0.6242109088162754,0.9514370121882303,0.24664291118523862
21,7,Robin Lopez,26.3,MIL,C,3000,20.5,12.1,4.01,11.666666666666666,10.620000000000001,21.26142857142857,-0.856802374638572,-0.21412934138692202,-0.08526423063002517,-1.0932427617762277,-0.2865157804833201,0.22357606907728536,-0.5249711849694686
