Lineup Num,,Player Name,Actual FP,team,Pos,Salary,DFN_MinProj,Avg Proj,Avg Value Proj,Avg Skewed Min,Avg Skewed FP,Proj Min Enhanced,Avg Proj Stan,DFN_MinProj Stan,Proj Min Enhanced Stan,Avg Skewed FP Stan,Avg Value Proj Stan,Actual FP Stan,predictions
0,0,Lonzo Ball,34.5,NO,PG,6300,34.5,35.35,5.6,32.0,34.89,38.11171875,1.0296386107678783,1.131797327652836,1.0968866225702336,0.9781185198841232,1.031951404139306,0.8347567520834109,0.7987426555943221
0,1,D'Angelo Russell,44.8,GS,PG/SG,7700,34.0,44.25,5.725,28.0,26.129999999999995,53.732142857142854,1.806537046803269,1.078462457049653,2.31129896398582,0.26627579891221725,1.162555472956103,1.6025692575455293,1.35336047116572
0,2,Glenn Robinson III,30.3,GS,SG/SF,3400,29.5,18.5,5.425000000000001,26.0,18.2,20.990384615384617,-0.4412309001530584,0.5984486216210074,-0.23421420618825173,-0.37812063685344577,0.8491057077957919,0.5216681576231297,-0.44432817394885915
0,3,Brandon Ingram,55.0,NO,SF/PF,7500,35.5,41.6,5.535,35.0,48.56,42.19428571428571,1.575213355174754,1.2384670688592017,1.4142864365622874,2.088950711172474,0.9640372883545724,2.3629272726633554,1.3135255150572227
0,4,Russell Westbrook,50.5,HOU,PG,9400,34.0,54.35,5.77,33.0,61.67,55.9969696969697,2.68818583376478,1.078462457049653,2.4873782846617085,3.1542769750927566,1.2095729377301496,2.027475207170197,2.2369950153814093
0,5,Mario Hezonja,22.0,POR,SF/PF,3300,25.5,20.85,6.32,20.333333333333332,14.569999999999999,26.147950819672133,-0.236094796256073,0.17176965679554468,0.1667615936487444,-0.6730965589000232,1.7842308405240561,-0.09705454095314062,-0.4094188340930661
0,6,Montrezl Harrell,33.8,LAC,PF/C,6400,30.0,36.1,5.625,30.666666666666668,35.08,35.315217391304344,1.0951075800967036,0.6517834922241903,0.879472182380194,0.9935580309554315,1.0580722179026658,0.7825753196733639,0.8235632415072343
0,7,Wendell Carter Jr.,44.5,CHI,PF/C,6000,28.5,28.35,4.734999999999999,25.666666666666668,25.089999999999996,31.479545454545452,0.4185948970321777,0.49177888041464174,0.5812672613312585,0.18176479094295,0.12817124792707246,1.5802057865126522,0.3463070581951119
1,0,D'Angelo Russell,44.8,GS,PG/SG,7700,34.0,44.25,5.725,28.0,26.129999999999995,53.732142857142854,1.806537046803269,1.078462457049653,2.31129896398582,0.26627579891221725,1.162555472956103,1.6025692575455293,1.35336047116572
1,1,James Harden,57.8,HOU,PG/SG,10100,35.0,58.3,5.76,36.0,48.38000000000001,56.68055555555556,3.0329890722299258,1.1851321982560188,2.540523775295617,2.0743238059470244,1.1991246122248063,2.571653002303543,2.40591194672596
1,2,Brandon Ingram,55.0,NO,SF/PF,7500,35.5,41.6,5.535,35.0,48.56,42.19428571428571,1.575213355174754,1.2384670688592017,1.4142864365622874,2.088950711172474,0.9640372883545724,2.3629272726633554,1.3135255150572227
1,3,Montrezl Harrell,33.8,LAC,PF/C,6400,30.0,36.1,5.625,30.666666666666668,35.08,35.315217391304344,1.0951075800967036,0.6517834922241903,0.879472182380194,0.9935580309554315,1.0580722179026658,0.7825753196733639,0.8235632415072343
1,4,Patrick Beverley,20.3,LAC,PG/SG,4800,29.5,26.85,5.585,29.666666666666668,24.889999999999997,26.699157303370786,0.2876569583745276,0.5984486216210074,0.20961522885611605,0.16551267402578326,1.0162789158812908,-0.22378087680611158,0.13615213161445786
1,5,Richaun Holmes,45.8,SAC,PF/C,4000,17.0,18.4,4.625,16.666666666666668,14.239999999999998,18.767999999999997,-0.44996009606356846,-0.7349231434585638,-0.40699384941580496,-0.6999125518133483,0.013239667368291914,1.6771141609884535,-0.42338563653959005
1,6,Markieff Morris,9.8,DET,PF/C,4600,26.0,22.450000000000003,4.859999999999999,25.333333333333332,21.950000000000003,23.040789473684214,-0.09642766168791271,0.22510452739872752,-0.07480515636105323,-0.07339344465656812,0.2587753167438692,-1.0065023629568148,-0.10350645501957073
1,7,Josh Hart,22.5,NO,SG/SF,4800,33.0,26.450000000000003,5.525,29.333333333333332,32.11,29.756250000000005,0.25274017473248767,0.9717927158432874,0.44728938380689665,0.7522140947355047,0.9535889628492289,-0.059782089231678555,0.18574830063597933
2,0,James Harden,57.8,HOU,PG/SG,10100,35.0,58.3,5.76,36.0,48.38000000000001,56.68055555555556,3.0329890722299258,1.1851321982560188,2.540523775295617,2.0743238059470244,1.1991246122248063,2.571653002303543,2.40591194672596
2,1,Patrick Beverley,20.3,LAC,PG/SG,4800,29.5,26.85,5.585,29.666666666666668,24.889999999999997,26.699157303370786,0.2876569583745276,0.5984486216210074,0.20961522885611605,0.16551267402578326,1.0162789158812908,-0.22378087680611158,0.13615213161445786
2,2,Brandon Ingram,55.0,NO,SF/PF,7500,35.5,41.6,5.535,35.0,48.56,42.19428571428571,1.575213355174754,1.2384670688592017,1.4142864365622874,2.088950711172474,0.9640372883545724,2.3629272726633554,1.3135255150572227
2,3,Danuel House Jr.,17.8,HOU,SF/PF,3800,27.0,18.65,4.885,28.0,23.15,17.98392857142857,-0.42813710628729346,0.33177426860509324,-0.4679516065725442,0.024119256846432298,0.28489613050722895,-0.4101431354134219,-0.3579746088182235
2,4,Russell Westbrook,50.5,HOU,PG,9400,34.0,54.35,5.77,33.0,61.67,55.9969696969697,2.68818583376478,1.078462457049653,2.4873782846617085,3.1542769750927566,1.2095729377301496,2.027475207170197,2.2369950153814093
2,5,Jordan Poole,19.3,GS,SG/SF,3300,24.5,16.1,4.875,22.0,12.819999999999999,17.92954545454546,-0.6507316020052984,0.06509991558917898,-0.4721796305912581,-0.8153025819252325,0.2744478050018854,-0.2983257802490357,-0.593915111216502
2,6,Patrick Patterson,13.3,LAC,PF/C,3400,26.5,17.75,5.21,27.333333333333332,17.89,17.208841463414636,-0.5066998694818834,0.27843939800191037,-0.5282108763073406,-0.4033114180750542,0.6244667094309007,-0.7455952009065805,-0.49150179640475355
2,7,Lauri Markkanen,31.5,CHI,PF/C,7700,33.0,39.55,5.15,31.666666666666668,38.230000000000004,41.21526315789473,1.3962648390092984,0.9717927158432874,1.338172173156227,1.249528872400809,0.5617767563988386,0.6111220417546386,1.1483930417277401
3,0,Josh Richardson,30.3,PHI,PG/SG,5300,34.0,30.1,5.675,35.0,28.1,29.24,0.5713558254661029,1.078462457049653,0.4071534459504386,0.4263591505463107,1.1103138454293844,0.5216681576231297,0.37448838503807624
3,1,Patrick Beverley,20.3,LAC,PG/SG,4800,29.5,26.85,5.585,29.666666666666668,24.889999999999997,26.699157303370786,0.2876569583745276,0.5984486216210074,0.20961522885611605,0.16551267402578326,1.0162789158812908,-0.22378087680611158,0.13615213161445786
3,2,Brandon Ingram,55.0,NO,SF/PF,7500,35.5,41.6,5.535,35.0,48.56,42.19428571428571,1.575213355174754,1.2384670688592017,1.4142864365622874,2.088950711172474,0.9640372883545724,2.3629272726633554,1.3135255150572227
3,3,Lauri Markkanen,31.5,CHI,PF/C,7700,33.0,39.55,5.15,31.666666666666668,38.230000000000004,41.21526315789473,1.3962648390092984,0.9717927158432874,1.338172173156227,1.249528872400809,0.5617767563988386,0.6111220417546386,1.1483930417277401
3,4,Cam Reddish,12.0,ATL,SG/SF,3500,24.5,17.200000000000003,4.9,22.0,13.26,19.15454545454546,-0.5547104469896882,0.06509991558917898,-0.37694181194881643,-0.7795479247074655,0.30056861876524515,-0.8425035753823819,-0.5189578994394329
3,5,Montrezl Harrell,33.8,LAC,PF/C,6400,30.0,36.1,5.625,30.666666666666668,35.08,35.315217391304344,1.0951075800967036,0.6517834922241903,0.879472182380194,0.9935580309554315,1.0580722179026658,0.7825753196733639,0.8235632415072343
3,6,Dewayne Dedmon,11.3,SAC,C,4500,25.0,23.25,5.155,22.333333333333332,17.21,26.026119402985078,-0.026594094403832882,0.11843478619236182,0.1572897908998518,-0.45856861559342127,0.5670009191515104,-0.8946850077924288,-0.10818612796894715
3,7,James Harden,57.8,HOU,PG/SG,10100,35.0,58.3,5.76,36.0,48.38000000000001,56.68055555555556,3.0329890722299258,1.1851321982560188,2.540523775295617,2.0743238059470244,1.1991246122248063,2.571653002303543,2.40591194672596
4,0,D'Angelo Russell,44.8,GS,PG/SG,7700,34.0,44.25,5.725,28.0,26.129999999999995,53.732142857142854,1.806537046803269,1.078462457049653,2.31129896398582,0.26627579891221725,1.162555472956103,1.6025692575455293,1.35336047116572
4,1,James Harden,57.8,HOU,PG/SG,10100,35.0,58.3,5.76,36.0,48.38000000000001,56.68055555555556,3.0329890722299258,1.1851321982560188,2.540523775295617,2.0743238059470244,1.1991246122248063,2.571653002303543,2.40591194672596
4,2,Brandon Ingram,55.0,NO,SF/PF,7500,35.5,41.6,5.535,35.0,48.56,42.19428571428571,1.575213355174754,1.2384670688592017,1.4142864365622874,2.088950711172474,0.9640372883545724,2.3629272726633554,1.3135255150572227
4,3,Patrick Patterson,13.3,LAC,PF/C,3400,26.5,17.75,5.21,27.333333333333332,17.89,17.208841463414636,-0.5066998694818834,0.27843939800191037,-0.5282108763073406,-0.4033114180750542,0.6244667094309007,-0.7455952009065805,-0.49150179640475355
4,4,Glenn Robinson III,30.3,GS,SG/SF,3400,29.5,18.5,5.425000000000001,26.0,18.2,20.990384615384617,-0.4412309001530584,0.5984486216210074,-0.23421420618825173,-0.37812063685344577,0.8491057077957919,0.5216681576231297,-0.44432817394885915
4,5,Montrezl Harrell,33.8,LAC,PF/C,6400,30.0,36.1,5.625,30.666666666666668,35.08,35.315217391304344,1.0951075800967036,0.6517834922241903,0.879472182380194,0.9935580309554315,1.0580722179026658,0.7825753196733639,0.8235632415072343
4,6,Lauri Markkanen,31.5,CHI,PF/C,7700,33.0,39.55,5.15,31.666666666666668,38.230000000000004,41.21526315789473,1.3962648390092984,0.9717927158432874,1.338172173156227,1.249528872400809,0.5617767563988386,0.6111220417546386,1.1483930417277401
4,7,Langston Galloway,10.5,DET,PG/SG,3200,24.0,16.55,5.18,24.666666666666668,16.330000000000002,16.1027027027027,-0.6114502204080035,0.011765044985996127,-0.6142078091122863,-0.5300779300289551,0.5931217329148691,-0.954320930546768,-0.5849446533853739
5,0,Russell Westbrook,50.5,HOU,PG,9400,34.0,54.35,5.77,33.0,61.67,55.9969696969697,2.68818583376478,1.078462457049653,2.4873782846617085,3.1542769750927566,1.2095729377301496,2.027475207170197,2.2369950153814093
5,1,Jordan Poole,19.3,GS,SG/SF,3300,24.5,16.1,4.875,22.0,12.819999999999999,17.92954545454546,-0.6507316020052984,0.06509991558917898,-0.4721796305912581,-0.8153025819252325,0.2744478050018854,-0.2983257802490357,-0.593915111216502
5,2,Luke Kennard,24.8,DET,SG/SF,5000,30.5,25.95,5.199999999999999,30.333333333333332,27.99,26.092582417582417,0.20909419517993733,0.7051183628273732,0.16245696847589366,0.41742048624186867,0.6140183839255562,0.111671188687047,0.14320104325937358
5,3,Patrick Patterson,13.3,LAC,PF/C,3400,26.5,17.75,5.21,27.333333333333332,17.89,17.208841463414636,-0.5066998694818834,0.27843939800191037,-0.5282108763073406,-0.4033114180750542,0.6244667094309007,-0.7455952009065805,-0.49150179640475355
5,4,James Harden,57.8,HOU,PG/SG,10100,35.0,58.3,5.76,36.0,48.38000000000001,56.68055555555556,3.0329890722299258,1.1851321982560188,2.540523775295617,2.0743238059470244,1.1991246122248063,2.571653002303543,2.40591194672596
5,5,Montrezl Harrell,33.8,LAC,PF/C,6400,30.0,36.1,5.625,30.666666666666668,35.08,35.315217391304344,1.0951075800967036,0.6517834922241903,0.879472182380194,0.9935580309554315,1.0580722179026658,0.7825753196733639,0.8235632415072343
5,6,Markieff Morris,9.8,DET,PF/C,4600,26.0,22.450000000000003,4.859999999999999,25.333333333333332,21.950000000000003,23.040789473684214,-0.09642766168791271,0.22510452739872752,-0.07480515636105323,-0.07339344465656812,0.2587753167438692,-1.0065023629568148,-0.10350645501957073
5,7,Brandon Ingram,55.0,NO,SF/PF,7500,35.5,41.6,5.535,35.0,48.56,42.19428571428571,1.575213355174754,1.2384670688592017,1.4142864365622874,2.088950711172474,0.9640372883545724,2.3629272726633554,1.3135255150572227
6,0,Russell Westbrook,50.5,HOU,PG,9400,34.0,54.35,5.77,33.0,61.67,55.9969696969697,2.68818583376478,1.078462457049653,2.4873782846617085,3.1542769750927566,1.2095729377301496,2.027475207170197,2.2369950153814093
6,1,D'Angelo Russell,44.8,GS,PG/SG,7700,34.0,44.25,5.725,28.0,26.129999999999995,53.732142857142854,1.806537046803269,1.078462457049653,2.31129896398582,0.26627579891221725,1.162555472956103,1.6025692575455293,1.35336047116572
6,2,Wesley Matthews,23.8,MIL,SG/SF,4100,26.5,19.4,4.73,30.0,23.0,17.136666666666667,-0.3626681369584684,0.27843939800191037,-0.5338221172895758,0.011930169158557317,0.12294708517440163,0.03712628524412286,-0.2981094741411691
6,3,Mario Hezonja,22.0,POR,SF/PF,3300,25.5,20.85,6.32,20.333333333333332,14.569999999999999,26.147950819672133,-0.236094796256073,0.17176965679554468,0.1667615936487444,-0.6730965589000232,1.7842308405240561,-0.09705454095314062,-0.4094188340930661
6,4,James Harden,57.8,HOU,PG/SG,10100,35.0,58.3,5.76,36.0,48.38000000000001,56.68055555555556,3.0329890722299258,1.1851321982560188,2.540523775295617,2.0743238059470244,1.1991246122248063,2.571653002303543,2.40591194672596
6,5,Bojan Bogdanovic,43.8,UTA,SF/PF,5400,29.0,27.85,5.175000000000001,24.0,29.089999999999996,33.65208333333333,0.3749489174796277,0.5451137510178247,0.7501715621425521,0.5068071292862859,0.5878975701621983,1.528024354102605,0.3008617392612034
6,6,Montrezl Harrell,33.8,LAC,PF/C,6400,30.0,36.1,5.625,30.666666666666668,35.08,35.315217391304344,1.0951075800967036,0.6517834922241903,0.879472182380194,0.9935580309554315,1.0580722179026658,0.7825753196733639,0.8235632415072343
6,7,Christian Wood,38.5,DET,PF/C,3200,11.0,10.75,3.385,11.0,8.85,10.75,-1.1177435832175842,-1.374941590696758,-1.0303545268648633,-1.1379071027309933,-1.282352695294332,1.1329363658551075,-0.8506314623134728
7,0,James Harden,57.8,HOU,PG/SG,10100,35.0,58.3,5.76,36.0,48.38000000000001,56.68055555555556,3.0329890722299258,1.1851321982560188,2.540523775295617,2.0743238059470244,1.1991246122248063,2.571653002303543,2.40591194672596
7,1,Malcolm Brogdon,46.5,IND,PG/SG,6900,34.5,36.45,5.3,35.0,47.370000000000005,35.92928571428572,1.1256597657834886,1.131797327652836,0.9272130212195151,1.9922506155153314,0.7185016389789942,1.7292955933985006,0.9774277805723575
7,2,Jordan Poole,19.3,GS,SG/SF,3300,24.5,16.1,4.875,22.0,12.819999999999999,17.92954545454546,-0.6507316020052984,0.06509991558917898,-0.4721796305912581,-0.8153025819252325,0.2744478050018854,-0.2983257802490357,-0.593915111216502
7,3,Montrezl Harrell,33.8,LAC,PF/C,6400,30.0,36.1,5.625,30.666666666666668,35.08,35.315217391304344,1.0951075800967036,0.6517834922241903,0.879472182380194,0.9935580309554315,1.0580722179026658,0.7825753196733639,0.8235632415072343
7,4,Russell Westbrook,50.5,HOU,PG,9400,34.0,54.35,5.77,33.0,61.67,55.9969696969697,2.68818583376478,1.078462457049653,2.4873782846617085,3.1542769750927566,1.2095729377301496,2.027475207170197,2.2369950153814093
7,5,Glenn Robinson III,30.3,GS,SG/SF,3400,29.5,18.5,5.425000000000001,26.0,18.2,20.990384615384617,-0.4412309001530584,0.5984486216210074,-0.23421420618825173,-0.37812063685344577,0.8491057077957919,0.5216681576231297,-0.44432817394885915
7,6,Larry Nance Jr.,31.5,CLE,PF/C,5000,25.5,25.1,5.0,23.0,24.22,27.82826086956522,0.13489602994060243,0.17176965679554468,0.2973975640934708,0.11106808235327466,0.4050518738186822,0.6111220417546386,0.08220879369550207
7,7,Patrick Beverley,20.3,LAC,PG/SG,4800,29.5,26.85,5.585,29.666666666666668,24.889999999999997,26.699157303370786,0.2876569583745276,0.5984486216210074,0.20961522885611605,0.16551267402578326,1.0162789158812908,-0.22378087680611158,0.13615213161445786
8,0,Lonzo Ball,34.5,NO,PG,6300,34.5,35.35,5.6,32.0,34.89,38.11171875,1.0296386107678783,1.131797327652836,1.0968866225702336,0.9781185198841232,1.031951404139306,0.8347567520834109,0.7987426555943221
8,1,Tony Snell,12.5,DET,SG/SF,3500,30.0,17.1,4.885,29.666666666666668,17.240000000000002,17.292134831460675,-0.5634396429001983,0.6517834922241903,-0.5217352202419636,-0.45613079805584616,0.28489613050722895,-0.8052311236609199,-0.4919388885767528
8,2,Brandon Ingram,55.0,NO,SF/PF,7500,35.5,41.6,5.535,35.0,48.56,42.19428571428571,1.575213355174754,1.2384670688592017,1.4142864365622874,2.088950711172474,0.9640372883545724,2.3629272726633554,1.3135255150572227
8,3,Larry Nance Jr.,31.5,CLE,PF/C,5000,25.5,25.1,5.0,23.0,24.22,27.82826086956522,0.13489602994060243,0.17176965679554468,0.2973975640934708,0.11106808235327466,0.4050518738186822,0.6111220417546386,0.08220879369550207
8,4,D'Angelo Russell,44.8,GS,PG/SG,7700,34.0,44.25,5.725,28.0,26.129999999999995,53.732142857142854,1.806537046803269,1.078462457049653,2.31129896398582,0.26627579891221725,1.162555472956103,1.6025692575455293,1.35336047116572
8,5,Jordan Clarkson,23.5,CLE,PG/SF,3900,19.0,17.7,4.52,18.0,17.94,18.683333333333334,-0.5110644674371385,-0.5215836610458323,-0.4135762727995272,-0.39924838884576247,-0.0964677504378178,0.014762814211245574,-0.4271068864503615
8,6,Montrezl Harrell,33.8,LAC,PF/C,6400,30.0,36.1,5.625,30.666666666666668,35.08,35.315217391304344,1.0951075800967036,0.6517834922241903,0.879472182380194,0.9935580309554315,1.0580722179026658,0.7825753196733639,0.8235632415072343
8,7,Russell Westbrook,50.5,HOU,PG,9400,34.0,54.35,5.77,33.0,61.67,55.9969696969697,2.68818583376478,1.078462457049653,2.4873782846617085,3.1542769750927566,1.2095729377301496,2.027475207170197,2.2369950153814093
9,0,Russell Westbrook,50.5,HOU,PG,9400,34.0,54.35,5.77,33.0,61.67,55.9969696969697,2.68818583376478,1.078462457049653,2.4873782846617085,3.1542769750927566,1.2095729377301496,2.027475207170197,2.2369950153814093
9,1,D'Angelo Russell,44.8,GS,PG/SG,7700,34.0,44.25,5.725,28.0,26.129999999999995,53.732142857142854,1.806537046803269,1.078462457049653,2.31129896398582,0.26627579891221725,1.162555472956103,1.6025692575455293,1.35336047116572
9,2,Thaddeus Young,22.0,CHI,SF/PF,4400,21.0,19.85,4.484999999999999,20.333333333333332,16.85,20.50081967213115,-0.3233867553611731,-0.30824417863310094,-0.2722755100896973,-0.48782242604432147,-0.13303688970652103,-0.09705454095314062,-0.28179444176021307
9,3,Eric Paschall,13.5,GS,SF/PF,3200,22.5,17.75,5.5649999999999995,28.0,20.43,14.263392857142856,-0.5066998694818834,-0.1482395668235524,-0.7572052438050909,-0.196909533227036,0.995382264870603,-0.7306862202179957,-0.53573237513534
9,4,James Harden,57.8,HOU,PG/SG,10100,35.0,58.3,5.76,36.0,48.38000000000001,56.68055555555556,3.0329890722299258,1.1851321982560188,2.540523775295617,2.0743238059470244,1.1991246122248063,2.571653002303543,2.40591194672596
9,5,Lauri Markkanen,31.5,CHI,PF/C,7700,33.0,39.55,5.15,31.666666666666668,38.230000000000004,41.21526315789473,1.3962648390092984,0.9717927158432874,1.338172173156227,1.249528872400809,0.5617767563988386,0.6111220417546386,1.1483930417277401
9,6,Richaun Holmes,45.8,SAC,PF/C,4000,17.0,18.4,4.625,16.666666666666668,14.239999999999998,18.767999999999997,-0.44996009606356846,-0.7349231434585638,-0.40699384941580496,-0.6999125518133483,0.013239667368291914,1.6771141609884535,-0.42338563653959005
9,7,Glenn Robinson III,30.3,GS,SG/SF,3400,29.5,18.5,5.425000000000001,26.0,18.2,20.990384615384617,-0.4412309001530584,0.5984486216210074,-0.23421420618825173,-0.37812063685344577,0.8491057077957919,0.5216681576231297,-0.44432817394885915
10,0,Russell Westbrook,50.5,HOU,PG,9400,34.0,54.35,5.77,33.0,61.67,55.9969696969697,2.68818583376478,1.078462457049653,2.4873782846617085,3.1542769750927566,1.2095729377301496,2.027475207170197,2.2369950153814093
10,1,D'Angelo Russell,44.8,GS,PG/SG,7700,34.0,44.25,5.725,28.0,26.129999999999995,53.732142857142854,1.806537046803269,1.078462457049653,2.31129896398582,0.26627579891221725,1.162555472956103,1.6025692575455293,1.35336047116572
10,2,Brandon Ingram,55.0,NO,SF/PF,7500,35.5,41.6,5.535,35.0,48.56,42.19428571428571,1.575213355174754,1.2384670688592017,1.4142864365622874,2.088950711172474,0.9640372883545724,2.3629272726633554,1.3135255150572227
10,3,Richaun Holmes,45.8,SAC,PF/C,4000,17.0,18.4,4.625,16.666666666666668,14.239999999999998,18.767999999999997,-0.44996009606356846,-0.7349231434585638,-0.40699384941580496,-0.6999125518133483,0.013239667368291914,1.6771141609884535,-0.42338563653959005
10,4,James Harden,57.8,HOU,PG/SG,10100,35.0,58.3,5.76,36.0,48.38000000000001,56.68055555555556,3.0329890722299258,1.1851321982560188,2.540523775295617,2.0743238059470244,1.1991246122248063,2.571653002303543,2.40591194672596
10,5,Patrick Patterson,13.3,LAC,PF/C,3400,26.5,17.75,5.21,27.333333333333332,17.89,17.208841463414636,-0.5066998694818834,0.27843939800191037,-0.5282108763073406,-0.4033114180750542,0.6244667094309007,-0.7455952009065805,-0.49150179640475355
10,6,Markieff Morris,9.8,DET,PF/C,4600,26.0,22.450000000000003,4.859999999999999,25.333333333333332,21.950000000000003,23.040789473684214,-0.09642766168791271,0.22510452739872752,-0.07480515636105323,-0.07339344465656812,0.2587753167438692,-1.0065023629568148,-0.10350645501957073
10,7,Skal Labissiere,19.0,POR,PF/C,3200,15.0,13.4,4.175,7.333333333333333,9.4,27.40909090909091,-0.8864198915890689,-0.9482626258712952,0.2648091292559102,-1.0932137812087845,-0.45693498037217656,-0.320689251281913,-0.6929936819297966
11,0,Patrick Beverley,20.3,LAC,PG/SG,4800,29.5,26.85,5.585,29.666666666666668,24.889999999999997,26.699157303370786,0.2876569583745276,0.5984486216210074,0.20961522885611605,0.16551267402578326,1.0162789158812908,-0.22378087680611158,0.13615213161445786
11,1,RJ Barrett,47.8,NY,PG/SG,6100,35.0,33.3,5.4399999999999995,36.0,35.120000000000005,32.375,0.8506900946024228,1.1851321982560188,0.6508845165170137,0.9968084543388653,0.8647781960538062,1.8262039678743016,0.6663937814736971
11,2,Cam Reddish,12.0,ATL,SG/SF,3500,24.5,17.200000000000003,4.9,22.0,13.26,19.15454545454546,-0.5547104469896882,0.06509991558917898,-0.37694181194881643,-0.7795479247074655,0.30056861876524515,-0.8425035753823819,-0.5189578994394329
11,3,Markieff Morris,9.8,DET,PF/C,4600,26.0,22.450000000000003,4.859999999999999,25.333333333333332,21.950000000000003,23.040789473684214,-0.09642766168791271,0.22510452739872752,-0.07480515636105323,-0.07339344465656812,0.2587753167438692,-1.0065023629568148,-0.10350645501957073
11,4,James Harden,57.8,HOU,PG/SG,10100,35.0,58.3,5.76,36.0,48.38000000000001,56.68055555555556,3.0329890722299258,1.1851321982560188,2.540523775295617,2.0743238059470244,1.1991246122248063,2.571653002303543,2.40591194672596
11,5,Glenn Robinson III,30.3,GS,SG/SF,3400,29.5,18.5,5.425000000000001,26.0,18.2,20.990384615384617,-0.4412309001530584,0.5984486216210074,-0.23421420618825173,-0.37812063685344577,0.8491057077957919,0.5216681576231297,-0.44432817394885915
11,6,Montrezl Harrell,33.8,LAC,PF/C,6400,30.0,36.1,5.625,30.666666666666668,35.08,35.315217391304344,1.0951075800967036,0.6517834922241903,0.879472182380194,0.9935580309554315,1.0580722179026658,0.7825753196733639,0.8235632415072343
11,7,Russell Westbrook,50.5,HOU,PG,9400,34.0,54.35,5.77,33.0,61.67,55.9969696969697,2.68818583376478,1.078462457049653,2.4873782846617085,3.1542769750927566,1.2095729377301496,2.027475207170197,2.2369950153814093
12,0,D'Angelo Russell,44.8,GS,PG/SG,7700,34.0,44.25,5.725,28.0,26.129999999999995,53.732142857142854,1.806537046803269,1.078462457049653,2.31129896398582,0.26627579891221725,1.162555472956103,1.6025692575455293,1.35336047116572
12,1,Kevin Huerter,17.0,ATL,SG/SF,3900,21.0,17.75,4.535,17.0,16.35,21.926470588235297,-0.5066998694818834,-0.30824417863310094,-0.16143805425675248,-0.5284527183372384,-0.0807952621798016,-0.4697790581677612,-0.41881763297536106
12,2,Mario Hezonja,22.0,POR,SF/PF,3300,25.5,20.85,6.32,20.333333333333332,14.569999999999999,26.147950819672133,-0.236094796256073,0.17176965679554468,0.1667615936487444,-0.6730965589000232,1.7842308405240561,-0.09705454095314062,-0.4094188340930661
12,3,Montrezl Harrell,33.8,LAC,PF/C,6400,30.0,36.1,5.625,30.666666666666668,35.08,35.315217391304344,1.0951075800967036,0.6517834922241903,0.879472182380194,0.9935580309554315,1.0580722179026658,0.7825753196733639,0.8235632415072343
12,4,Kris Dunn,7.8,CHI,PG/SG,3900,19.5,18.8,4.82,22.666666666666668,19.44,16.173529411764704,-0.41504331242152825,-0.4682487904426495,-0.608701375420296,-0.27735751196701147,0.21698201472249515,-1.1555921698426632,-0.3900298162760263
12,5,Lauri Markkanen,31.5,CHI,PF/C,7700,33.0,39.55,5.15,31.666666666666668,38.230000000000004,41.21526315789473,1.3962648390092984,0.9717927158432874,1.338172173156227,1.249528872400809,0.5617767563988386,0.6111220417546386,1.1483930417277401
12,6,Larry Nance Jr.,31.5,CLE,PF/C,5000,25.5,25.1,5.0,23.0,24.22,27.82826086956522,0.13489602994060243,0.17176965679554468,0.2973975640934708,0.11106808235327466,0.4050518738186822,0.6111220417546386,0.08220879369550207
12,7,James Harden,57.8,HOU,PG/SG,10100,35.0,58.3,5.76,36.0,48.38000000000001,56.68055555555556,3.0329890722299258,1.1851321982560188,2.540523775295617,2.0743238059470244,1.1991246122248063,2.571653002303543,2.40591194672596
13,0,RJ Barrett,47.8,NY,PG/SG,6100,35.0,33.3,5.4399999999999995,36.0,35.120000000000005,32.375,0.8506900946024228,1.1851321982560188,0.6508845165170137,0.9968084543388653,0.8647781960538062,1.8262039678743016,0.6663937814736971
13,1,James Harden,57.8,HOU,PG/SG,10100,35.0,58.3,5.76,36.0,48.38000000000001,56.68055555555556,3.0329890722299258,1.1851321982560188,2.540523775295617,2.0743238059470244,1.1991246122248063,2.571653002303543,2.40591194672596
13,2,Mario Hezonja,22.0,POR,SF/PF,3300,25.5,20.85,6.32,20.333333333333332,14.569999999999999,26.147950819672133,-0.236094796256073,0.17176965679554468,0.1667615936487444,-0.6730965589000232,1.7842308405240561,-0.09705454095314062,-0.4094188340930661
13,3,Patrick Patterson,13.3,LAC,PF/C,3400,26.5,17.75,5.21,27.333333333333332,17.89,17.208841463414636,-0.5066998694818834,0.27843939800191037,-0.5282108763073406,-0.4033114180750542,0.6244667094309007,-0.7455952009065805,-0.49150179640475355
13,4,Derrick Rose,18.3,DET,PG/SG,5400,27.0,31.15,5.74,26.0,35.57000000000001,32.348076923076924,0.6630123825264578,0.33177426860509324,0.6487913776457513,1.033375717402491,1.178227961214119,-0.3728706836919598,0.4801084420955629
13,5,Cam Reddish,12.0,ATL,SG/SF,3500,24.5,17.200000000000003,4.9,22.0,13.26,19.15454545454546,-0.5547104469896882,0.06509991558917898,-0.37694181194881643,-0.7795479247074655,0.30056861876524515,-0.8425035753823819,-0.5189578994394329
13,6,Montrezl Harrell,33.8,LAC,PF/C,6400,30.0,36.1,5.625,30.666666666666668,35.08,35.315217391304344,1.0951075800967036,0.6517834922241903,0.879472182380194,0.9935580309554315,1.0580722179026658,0.7825753196733639,0.8235632415072343
13,7,D'Angelo Russell,44.8,GS,PG/SG,7700,34.0,44.25,5.725,28.0,26.129999999999995,53.732142857142854,1.806537046803269,1.078462457049653,2.31129896398582,0.26627579891221725,1.162555472956103,1.6025692575455293,1.35336047116572
14,0,Russell Westbrook,50.5,HOU,PG,9400,34.0,54.35,5.77,33.0,61.67,55.9969696969697,2.68818583376478,1.078462457049653,2.4873782846617085,3.1542769750927566,1.2095729377301496,2.027475207170197,2.2369950153814093
14,1,Tony Snell,12.5,DET,SG/SF,3500,30.0,17.1,4.885,29.666666666666668,17.240000000000002,17.292134831460675,-0.5634396429001983,0.6517834922241903,-0.5217352202419636,-0.45613079805584616,0.28489613050722895,-0.8052311236609199,-0.4919388885767528
14,2,Cam Reddish,12.0,ATL,SG/SF,3500,24.5,17.200000000000003,4.9,22.0,13.26,19.15454545454546,-0.5547104469896882,0.06509991558917898,-0.37694181194881643,-0.7795479247074655,0.30056861876524515,-0.8425035753823819,-0.5189578994394329
14,3,Montrezl Harrell,33.8,LAC,PF/C,6400,30.0,36.1,5.625,30.666666666666668,35.08,35.315217391304344,1.0951075800967036,0.6517834922241903,0.879472182380194,0.9935580309554315,1.0580722179026658,0.7825753196733639,0.8235632415072343
14,4,D'Angelo Russell,44.8,GS,PG/SG,7700,34.0,44.25,5.725,28.0,26.129999999999995,53.732142857142854,1.806537046803269,1.078462457049653,2.31129896398582,0.26627579891221725,1.162555472956103,1.6025692575455293,1.35336047116572
14,5,Torrey Craig,17.5,DEN,SG/SF,3200,16.5,13.8,4.32,20.0,18.259999999999998,11.385000000000002,-0.8515031079470288,-0.7882580140617466,-0.9809863514869444,-0.37324500177829584,-0.30543426054469186,-0.4325066064462992,-0.6850745059813808
14,6,Jahlil Okafor,15.8,NO,C,3100,21.0,19.6,6.33,9.666666666666666,13.780000000000001,42.57931034482759,-0.3452097451374481,-0.30824417863310094,1.4442202373267121,-0.7372924207228317,1.7946791660293997,-0.5592329422992701,-0.4404788918686645
14,7,Lauri Markkanen,31.5,CHI,PF/C,7700,33.0,39.55,5.15,31.666666666666668,38.230000000000004,41.21526315789473,1.3962648390092984,0.9717927158432874,1.338172173156227,1.249528872400809,0.5617767563988386,0.6111220417546386,1.1483930417277401
15,0,James Harden,57.8,HOU,PG/SG,10100,35.0,58.3,5.76,36.0,48.38000000000001,56.68055555555556,3.0329890722299258,1.1851321982560188,2.540523775295617,2.0743238059470244,1.1991246122248063,2.571653002303543,2.40591194672596
15,1,Glenn Robinson III,30.3,GS,SG/SF,3400,29.5,18.5,5.425000000000001,26.0,18.2,20.990384615384617,-0.4412309001530584,0.5984486216210074,-0.23421420618825173,-0.37812063685344577,0.8491057077957919,0.5216681576231297,-0.44432817394885915
15,2,Kevin Huerter,17.0,ATL,SG/SF,3900,21.0,17.75,4.535,17.0,16.35,21.926470588235297,-0.5066998694818834,-0.30824417863310094,-0.16143805425675248,-0.5284527183372384,-0.0807952621798016,-0.4697790581677612,-0.41881763297536106
15,3,Montrezl Harrell,33.8,LAC,PF/C,6400,30.0,36.1,5.625,30.666666666666668,35.08,35.315217391304344,1.0951075800967036,0.6517834922241903,0.879472182380194,0.9935580309554315,1.0580722179026658,0.7825753196733639,0.8235632415072343
15,4,Eric Gordon,16.8,HOU,SG/SF,4700,30.0,22.65,4.815,32.0,17.830000000000002,21.234375,-0.07896926986689307,0.6517834922241903,-0.21524513516743585,-0.40818705315020415,0.21175785196982339,-0.48468803885634604,-0.1111806456090135
15,5,Mario Hezonja,22.0,POR,SF/PF,3300,25.5,20.85,6.32,20.333333333333332,14.569999999999999,26.147950819672133,-0.236094796256073,0.17176965679554468,0.1667615936487444,-0.6730965589000232,1.7842308405240561,-0.09705454095314062,-0.4094188340930661
15,6,Dewayne Dedmon,11.3,SAC,C,4500,25.0,23.25,5.155,22.333333333333332,17.21,26.026119402985078,-0.026594094403832882,0.11843478619236182,0.1572897908998518,-0.45856861559342127,0.5670009191515104,-0.8946850077924288,-0.10818612796894715
15,7,Patrick Beverley,20.3,LAC,PG/SG,4800,29.5,26.85,5.585,29.666666666666668,24.889999999999997,26.699157303370786,0.2876569583745276,0.5984486216210074,0.20961522885611605,0.16551267402578326,1.0162789158812908,-0.22378087680611158,0.13615213161445786
16,0,Donovan Mitchell,36.0,UTA,PG/SG,7800,34.0,39.3,5.015000000000001,31.333333333333332,40.519999999999996,42.644680851063825,1.3744418492330235,1.078462457049653,1.4493024776675212,1.4356156111023681,0.4207243620766984,0.9465741072477971,1.1710493364802699
16,1,Bryn Forbes,23.8,SA,PG/SG,4100,31.0,21.05,5.12,32.0,26.29,20.392187500000002,-0.21863640443505303,0.758453233430556,-0.28072113548411426,0.279277492445951,0.5304317798828072,0.03712628524412286,-0.19236002054104268
16,2,Landry Shamet,26.5,LAC,SG/SF,4300,30.0,21.2,4.95,33.0,16.72,19.272727272727273,-0.20554261056928816,0.6517834922241903,-0.36775374781262576,-0.49838630204048007,0.35281024629196367,0.23839752454001795,-0.23399957288835027
16,3,Miles Bridges,21.3,CHA,SF/PF,6300,32.5,28.1,4.46,32.0,27.3,28.5390625,0.3967719072559027,0.9184578452401045,0.35265894921191926,0.36135068287764344,-0.15915770346987984,-0.14923597336318745,0.37385914481627364
16,4,Wesley Matthews,23.8,MIL,SG/SF,4100,26.5,19.4,4.73,30.0,23.0,17.136666666666667,-0.3626681369584684,0.27843939800191037,-0.5338221172895758,0.011930169158557317,0.12294708517440163,0.03712628524412286,-0.2981094741411691
16,5,Tobias Harris,28.8,PHI,SF/PF,6500,35.5,35.849999999999994,5.49,37.0,42.37,34.39662162162162,1.0732845903204278,1.2384670688592017,0.8080558090587594,1.585947692586161,0.9170198235805257,0.4098508024587435,0.8804947173779487
16,6,Cody Zeller,33.3,CHA,C,5800,30.0,30.05,5.195,32.0,39.83,28.171875,0.5669912275108479,0.6517834922241903,0.32411189898108533,1.3795458077381428,0.6087942211728854,0.7453028679519018,0.49076176302070024
16,7,Josh Hart,22.5,NO,SG/SF,4800,33.0,26.450000000000003,5.525,29.333333333333332,32.11,29.756250000000005,0.25274017473248767,0.9717927158432874,0.44728938380689665,0.7522140947355047,0.9535889628492289,-0.059782089231678555,0.18574830063597933
17,0,Malik Beasley,18.3,DEN,PG/SG,3200,18.0,12.7,3.9699999999999998,21.0,17.259999999999998,10.885714285714284,-0.947524262962639,-0.6282534022521981,-1.0198033982689076,-0.4545055863641298,-0.6711256532317234,-0.3728706836919598,-0.7205070551942911
17,1,Josh Richardson,30.3,PHI,PG/SG,5300,34.0,30.1,5.675,35.0,28.1,29.24,0.5713558254661029,1.078462457049653,0.4071534459504386,0.4263591505463107,1.1103138454293844,0.5216681576231297,0.37448838503807624
17,2,Tobias Harris,28.8,PHI,SF/PF,6500,35.5,35.849999999999994,5.49,37.0,42.37,34.39662162162162,1.0732845903204278,1.2384670688592017,0.8080558090587594,1.585947692586161,0.9170198235805257,0.4098508024587435,0.8804947173779487
17,3,Serge Ibaka,20.0,TOR,PF/C,5500,24.5,26.45,4.8100000000000005,23.666666666666668,27.15,27.38133802816901,0.2527401747324874,0.06509991558917898,0.2626514771415877,0.34916159518976814,0.20653368921715162,-0.24614434783898886,0.20522569616855085
17,4,Wesley Matthews,23.8,MIL,SG/SF,4100,26.5,19.4,4.73,30.0,23.0,17.136666666666667,-0.3626681369584684,0.27843939800191037,-0.5338221172895758,0.011930169158557317,0.12294708517440163,0.03712628524412286,-0.2981094741411691
17,5,Joe Ingles,22.8,UTA,SF/PF,5300,29.0,24.15,4.5600000000000005,28.333333333333332,17.71,24.718235294117644,0.05196866879075708,0.5451137510178247,0.05560813411156772,-0.4179383233005043,-0.054674448416441875,-0.03741861819880126,0.024026351686117785
17,6,Lauri Markkanen,31.5,CHI,PF/C,7700,33.0,39.55,5.15,31.666666666666668,38.230000000000004,41.21526315789473,1.3962648390092984,0.9717927158432874,1.338172173156227,1.249528872400809,0.5617767563988386,0.6111220417546386,1.1483930417277401
17,7,Derrick Rose,18.3,DET,PG/SG,5400,27.0,31.15,5.74,26.0,35.57000000000001,32.348076923076924,0.6630123825264578,0.33177426860509324,0.6487913776457513,1.033375717402491,1.178227961214119,-0.3728706836919598,0.4801084420955629
18,0,Russell Westbrook,50.5,HOU,PG,9400,34.0,54.35,5.77,33.0,61.67,55.9969696969697,2.68818583376478,1.078462457049653,2.4873782846617085,3.1542769750927566,1.2095729377301496,2.027475207170197,2.2369950153814093
18,1,Josh Richardson,30.3,PHI,PG/SG,5300,34.0,30.1,5.675,35.0,28.1,29.24,0.5713558254661029,1.078462457049653,0.4071534459504386,0.4263591505463107,1.1103138454293844,0.5216681576231297,0.37448838503807624
18,2,Glenn Robinson III,30.3,GS,SG/SF,3400,29.5,18.5,5.425000000000001,26.0,18.2,20.990384615384617,-0.4412309001530584,0.5984486216210074,-0.23421420618825173,-0.37812063685344577,0.8491057077957919,0.5216681576231297,-0.44432817394885915
18,3,Larry Nance Jr.,31.5,CLE,PF/C,5000,25.5,25.1,5.0,23.0,24.22,27.82826086956522,0.13489602994060243,0.17176965679554468,0.2973975640934708,0.11106808235327466,0.4050518738186822,0.6111220417546386,0.08220879369550207
18,4,Cam Reddish,12.0,ATL,SG/SF,3500,24.5,17.200000000000003,4.9,22.0,13.26,19.15454545454546,-0.5547104469896882,0.06509991558917898,-0.37694181194881643,-0.7795479247074655,0.30056861876524515,-0.8425035753823819,-0.5189578994394329
18,5,Dwayne Bacon,11.0,CHA,SG/SF,5700,32.0,26.45,4.62,29.666666666666668,26.009999999999998,28.530337078651684,0.2527401747324874,0.8651229746369217,0.3519805899499194,0.2565245287619174,0.008015504615620157,-0.917048478825306,0.24087213848990793
18,6,Dewayne Dedmon,11.3,SAC,C,4500,25.0,23.25,5.155,22.333333333333332,17.21,26.026119402985078,-0.026594094403832882,0.11843478619236182,0.1572897908998518,-0.45856861559342127,0.5670009191515104,-0.8946850077924288,-0.10818612796894715
18,7,Kris Dunn,7.8,CHI,PG/SG,3900,19.5,18.8,4.82,22.666666666666668,19.44,16.173529411764704,-0.41504331242152825,-0.4682487904426495,-0.608701375420296,-0.27735751196701147,0.21698201472249515,-1.1555921698426632,-0.3900298162760263
19,0,CJ McCollum,41.3,POR,PG/SG,6300,35.0,32.0,5.1,37.0,33.14,30.270270270270274,0.737210547765793,1.1851321982560188,0.4872519709730507,0.8359124968589138,0.5095351288721192,1.341662095495295,0.6007790705132573
19,1,Hamidou Diallo,20.0,OKC,SG/SF,3400,18.5,14.600000000000001,4.295,17.0,13.66,15.888235294117647,-0.7816695406629486,-0.5749185316490152,-0.6308816116947661,-0.7470436908731319,-0.3315550743080516,-0.24614434783898886,-0.6395738569189471
19,2,Miles Bridges,21.3,CHA,SF/PF,6300,32.5,28.1,4.46,32.0,27.3,28.5390625,0.3967719072559027,0.9184578452401045,0.35265894921191926,0.36135068287764344,-0.15915770346987984,-0.14923597336318745,0.37385914481627364
19,3,Kevin Love,39.0,CLE,PF/C,8400,32.5,42.55,5.045,35.0,46.989999999999995,39.51071428571428,1.6581407163245987,0.9184578452401045,1.2056517516412064,1.9613715933727138,0.4520693385927289,1.1702088175765695,1.4017795628017071
19,4,Nickeil Alexander-Walker,36.0,NO,PG/SG,3800,15.0,16.5,4.355,13.333333333333334,12.5,18.5625,-0.6158148183632586,-0.9482626258712952,-0.42297047940031224,-0.8413059689926993,-0.2688651212759886,0.9465741072477971,-0.530573669764577
19,5,Abdel Nader,4.8,OKC,SF,3000,0.0,3.4,1.125,12.0,4.38,0.0,-1.75933948264007,-2.5483087439667806,-1.8661149761760851,-1.5011419158296713,-3.643674259502017,-1.3792268801714356,-1.1588575515240764
19,6,Montrezl Harrell,33.8,LAC,PF/C,6400,30.0,36.1,5.625,30.666666666666668,35.08,35.315217391304344,1.0951075800967036,0.6517834922241903,0.879472182380194,0.9935580309554315,1.0580722179026658,0.7825753196733639,0.8235632415072343
19,7,Zach LaVine,34.8,CHI,PG/SG,7700,33.0,38.15,4.970000000000001,31.333333333333332,38.35,40.179255319148936,1.2740560962621585,0.9717927158432874,1.257627579965517,1.2592801425511089,0.3737068973026516,0.857120223116288,1.0764544989268146
20,0,CJ McCollum,41.3,POR,PG/SG,6300,35.0,32.0,5.1,37.0,33.14,30.270270270270274,0.737210547765793,1.1851321982560188,0.4872519709730507,0.8359124968589138,0.5095351288721192,1.341662095495295,0.6007790705132573
20,1,Tyler Johnson,6.8,PHO,PG/SG,4000,16.5,15.850000000000001,3.955,21.666666666666668,16.85,12.070384615384617,-0.6725545917815735,-0.7882580140617466,-0.9277010162213774,-0.48782242604432147,-0.6867981414897386,-1.2301370732855872,-0.5197705670902528
20,2,Marcus Morris,20.3,NY,SF/PF,5300,31.0,26.05,4.905,33.0,26.090000000000003,24.471212121212123,0.21782339109044746,0.758453233430556,0.03640327848572564,0.2630253755287846,0.3057927815179169,-0.22378087680611158,0.1651603754948142
20,3,TJ Leaf,9.8,IND,SF/PF,3200,16.5,11.35,3.5300000000000002,11.0,7.289999999999999,17.025,-1.065368407754524,-0.7882580140617466,-0.542503659941336,-1.2646736146848943,-1.1308519754668473,-1.0065023629568148,-0.8019305422754769
20,4,Kyle Lowry,41.8,TOR,PG,7300,35.5,38.15,5.215,39.0,41.370000000000005,34.72628205128205,1.2740560962621585,1.2384670688592017,0.8336853112739343,1.5046871080003277,0.6296908721835724,1.378934547216757,1.0527967852308555
20,5,Bobby Portis,52.3,NY,PF/C,5400,21.0,23.8,4.385,21.666666666666668,20.1,23.067692307692305,0.021416483103972234,-0.30824417863310094,-0.07271359127841628,-0.22372552614036106,-0.23752014475995806,2.16165603336746,0.012824836119113262
20,6,Jerami Grant,17.3,DEN,PF/C,4200,26.0,19.95,4.74,26.0,16.87,19.95,-0.31465755945066326,0.22510452739872752,-0.3150990725706081,-0.4861972143526048,0.13339541067974514,-0.44741558713488394,-0.2950960528326583
20,7,Kris Dunn,7.8,CHI,PG/SG,3900,19.5,18.8,4.82,22.666666666666668,19.44,16.173529411764704,-0.41504331242152825,-0.4682487904426495,-0.608701375420296,-0.27735751196701147,0.21698201472249515,-1.1555921698426632,-0.3900298162760263
21,0,Trae Young,41.0,ATL,PG,9000,35.0,46.0,5.115,37.0,60.220000000000006,43.51351351351351,1.9592979752371944,1.1851321982560188,1.516850010350797,3.0364491274432983,0.5252076171301354,1.3192986244624179,1.723167103419957
21,1,Donovan Mitchell,36.0,UTA,PG/SG,7800,34.0,39.3,5.015000000000001,31.333333333333332,40.519999999999996,42.644680851063825,1.3744418492330235,1.078462457049653,1.4493024776675212,1.4356156111023681,0.4207243620766984,0.9465741072477971,1.1710493364802699
21,2,Kyle Korver,13.3,MIL,SG/SF,3200,15.0,11.5,3.59,17.0,15.4,10.147058823529413,-1.052274613888759,-0.9482626258712952,-1.0772302839397743,-0.6056502736937808,-1.0681620224347854,-0.7455952009065805,-0.7758237122635935
21,3,De'Andre Hunter,27.8,ATL,SF/PF,4600,27.0,20.4,4.404999999999999,24.0,16.0,22.95,-0.27537617785336826,0.33177426860509324,-0.08186359834422052,-0.5568939229422805,-0.21662349374927103,0.33530589901581936,-0.21998168621918907
21,4,Furkan Korkmaz,5.3,PHI,SG/SF,3100,0.0,6.65,2.135,13.0,5.15,0.0,-1.4756406155484942,-2.5483087439667806,-1.8661149761760851,-1.4385712656985787,-2.5883933834622996,-1.3419544284499734,-1.0617508609207396
21,5,Georges Niang,2.8,UTA,SF/PF,3000,0.0,6.65,2.21,15.666666666666666,10.129999999999999,0.0,-1.4756406155484942,-2.5483087439667806,-1.8661149761760851,-1.0338935544611259,-2.510030942172221,-1.5283166870572837,-1.0370782596475772
21,6,Ivica Zubac,24.0,LAC,C,4200,17.5,19.9,4.72,15.0,19.72,23.216666666666665,-0.3190221574059183,-0.6815882728553809,-0.06113155619076393,-0.2546045482829782,0.11249875966905719,0.05203526593270764,-0.2834084193792716
21,7,Gary Harris,28.0,DEN,SG,4700,32.0,23.75,5.07,35.0,18.05,21.714285714285715,0.017051885148717166,0.8651229746369217,-0.1779344008231848,-0.39030972454132074,0.47819015235608864,0.3502148797044041,-0.06224907192467287
22,0,Shake Milton,9.0,PHI,PG/SG,3000,0.0,3.0,1.0,7.0,7.4,0.0,-1.79425626628211,-2.5483087439667806,-1.8661149761760851,-1.2557349503804525,-3.7742783283188137,-1.0661382857111543,-1.1499634607485867
22,1,Ben McLemore,0.0,HOU,SG/SF,3100,0.0,6.5,2.095,9.0,4.5,0.0,-1.4887344094142596,-2.5483087439667806,-1.8661149761760851,-1.491390645679371,-2.630186685483674,-1.7370424166974714,-1.0710818924207548
22,2,Torrey Craig,17.5,DEN,SG/SF,3200,16.5,13.8,4.32,20.0,18.259999999999998,11.385000000000002,-0.8515031079470288,-0.7882580140617466,-0.9809863514869444,-0.37324500177829584,-0.30543426054469186,-0.4325066064462992,-0.6850745059813808
22,3,Nemanja Bjelica,33.5,SAC,PF,4200,24.5,20.05,4.79,22.0,17.35,22.32840909090909,-0.3059283635401531,0.06509991558917898,-0.13018928182976366,-0.4471921337514045,0.18563703820646366,0.7602118486404869,-0.28520401149534214
22,4,Markelle Fultz,22.0,ORL,PG/SG,4400,23.0,20.700000000000003,4.699999999999999,24.0,22.06,19.837500000000002,-0.2491885901218379,-0.09490469622036957,-0.3238454028540974,-0.06445478035212672,0.09160210865836922,-0.09705454095314062,-0.21548803908372124
22,5,T.J. Warren,36.8,IND,SF/PF,5400,33.5,26.05,4.84,35.0,15.709999999999999,24.93357142857143,0.21782339109044746,1.0251275864464702,0.07234947592403633,-0.5804594924721723,0.23787866573318217,1.0062100300021362,0.11087425359482497
22,6,Aron Baynes,18.3,PHO,C,5100,26.5,23.200000000000003,4.53,22.666666666666668,23.66,27.12352941176471,-0.03095869235908764,0.27843939800191037,0.24260810550601905,0.06556215498520775,-0.08601942493247336,-0.3728706836919598,0.010488641148493655
22,7,Domantas Sabonis,41.5,IND,PF/C,7600,33.0,41.05,5.395,34.0,36.83,39.84264705882353,1.5272027776669486,0.9717927158432874,1.231457917557012,1.1357640539806408,0.8177607312797595,1.3565710761838798,1.201218982096418
23,0,Michael Carter-Williams,6.3,ORL,PG,3200,11.0,13.75,4.305,16.0,13.45,9.453125,-0.8558677059022838,-1.374941590696758,-1.1311802787439786,-0.7641084136361571,-0.32110674880270806,-1.2674095250070494,-0.7388062830006409
23,1,Dennis Schroder,41.3,OKC,PG/SG,5000,26.5,24.200000000000003,4.824999999999999,26.333333333333332,27.639999999999997,24.353164556962028,0.05633326674601246,0.27843939800191037,0.02722565194267873,0.38897928163682666,0.22220617747516597,1.341662095495295,0.05613276510689237
23,2,Mikal Bridges,4.8,PHO,SG/SF,3700,20.0,15.350000000000001,4.13,19.666666666666668,12.49,15.610169491525426,-0.7162005713341235,-0.4149139198394667,-0.6524998814726787,-0.8421185748385577,-0.5039524451462233,-1.3792268801714356,-0.5785600907389505
23,3,Skal Labissiere,19.0,POR,PF/C,3200,15.0,13.4,4.175,7.333333333333333,9.4,27.40909090909091,-0.8864198915890689,-0.9482626258712952,0.2648091292559102,-1.0932137812087845,-0.45693498037217656,-0.320689251281913,-0.6929936819297966
23,4,Furkan Korkmaz,5.3,PHI,SG/SF,3100,0.0,6.65,2.135,13.0,5.15,0.0,-1.4756406155484942,-2.5483087439667806,-1.8661149761760851,-1.4385712656985787,-2.5883933834622996,-1.3419544284499734,-1.0617508609207396
23,5,Edmond Sumner,16.8,IND,SG/SF,3500,26.0,17.3,4.9350000000000005,19.0,14.88,23.673684210526318,-0.5459812510791784,0.22510452739872752,-0.025600655000135593,-0.6479057776784144,0.33713775803394835,-0.48468803885634604,-0.48443868566730885
23,6,Julius Randle,35.5,NY,PF/C,8300,34.0,42.05,5.055,34.666666666666664,39.21,41.24134615384615,1.6144947367720488,1.078462457049653,1.340199999799552,1.329164245294926,0.46251766409807243,0.9093016555263351,1.32722645190297
23,7,Royce O'Neale,22.5,UTA,SF,3900,28.0,18.75,4.785,26.333333333333332,17.75,19.936708860759495,-0.4194079103767833,0.4384440098114589,-0.31613239429186407,-0.414687899917071,0.1804128754537919,-0.059782089231678555,-0.3662192490570219
24,0,Nickeil Alexander-Walker,36.0,NO,PG/SG,3800,15.0,16.5,4.355,13.333333333333334,12.5,18.5625,-0.6158148183632586,-0.9482626258712952,-0.42297047940031224,-0.8413059689926993,-0.2688651212759886,0.9465741072477971,-0.530573669764577
24,1,Derrick Rose,18.3,DET,PG/SG,5400,27.0,31.15,5.74,26.0,35.57000000000001,32.348076923076924,0.6630123825264578,0.33177426860509324,0.6487913776457513,1.033375717402491,1.178227961214119,-0.3728706836919598,0.4801084420955629
24,2,Cameron Johnson,8.5,PHO,SF/PF,3200,0.0,2.9,0.9,9.0,6.42,0.0,-1.80298546219262,-2.5483087439667806,-1.8661149761760851,-1.33537032327457,-3.8787615833722513,-1.1034107374326163,-1.1514881743665715
24,3,Danuel House Jr.,17.8,HOU,SF/PF,3800,27.0,18.65,4.885,28.0,23.15,17.98392857142857,-0.42813710628729346,0.33177426860509324,-0.4679516065725442,0.024119256846432298,0.28489613050722895,-0.4101431354134219,-0.3579746088182235
24,4,Josh Hart,22.5,NO,SG/SF,4800,33.0,26.450000000000003,5.525,29.333333333333332,32.11,29.756250000000005,0.25274017473248767,0.9717927158432874,0.44728938380689665,0.7522140947355047,0.9535889628492289,-0.059782089231678555,0.18574830063597933
24,5,Taj Gibson,2.8,NY,PF/C,3300,12.5,12.5,3.77,10.666666666666666,7.7,14.6484375,-0.964982654783659,-1.2149369788872093,-0.7272698871800523,-1.2313567750047025,-0.8800921633385979,-1.5283166870572837,-0.771834720314008
24,6,Nerlens Noel,22.8,OKC,C,3200,11.0,10.100000000000001,3.165,9.666666666666666,9.7,11.493103448275864,-1.174483356635899,-1.374941590696758,-0.9725818318122348,-1.0688356058330344,-1.5122158564118942,-0.03741861819880126,-0.8583652222420778
24,7,Serge Ibaka,20.0,TOR,PF/C,5500,24.5,26.45,4.8100000000000005,23.666666666666668,27.15,27.38133802816901,0.2527401747324874,0.06509991558917898,0.2626514771415877,0.34916159518976814,0.20653368921715162,-0.24614434783898886,0.20522569616855085
