Lineup Num,,Player Name,Actual FP,team,Pos,Salary,DFN_MinProj,Avg Proj,Avg Value Proj,Avg Skewed Min,Avg Skewed FP,Proj Min Enhanced,Avg Proj Stan,DFN_MinProj Stan,Proj Min Enhanced Stan,Avg Skewed FP Stan,Avg Value Proj Stan,Actual FP Stan,predictions
0,0,Russell Westbrook,41.0,HOU,PG,8400,36.0,47.599999999999994,5.6850000000000005,36.0,48.300000000000004,47.599999999999994,1.8600179731888893,1.0792103381336478,1.7904240036764967,1.9959776911995322,1.101805839116362,1.37054542717323,1.4496400542755414
0,1,Josh Richardson,42.8,PHI,SG/SF,5600,36.0,32.5,5.8149999999999995,35.666666666666664,30.0,32.80373831775701,0.7060511046366408,1.0792103381336478,0.7059919643426258,0.5469329917502431,1.205312665574224,1.4999420086270439,0.4766770992388889
0,2,Danuel House Jr.,5.5,HOU,SF/PF,4200,32.5,20.25,4.82,33.0,20.97,19.94318181818182,-0.23011407018223667,0.7513489695867167,-0.23657040791792205,-0.16808742551899608,0.41308733999289154,-1.1814427070547704,-0.20947572571806455
0,3,Al Horford,42.0,PHI,PF/C,6000,32.0,34.05,5.67,32.333333333333336,28.729999999999997,33.69896907216494,0.8245046573688251,0.7045116312228694,0.77160427463598,0.44637087326387154,1.089862743755839,1.4424324168697933,0.554958766406629
0,4,Kent Bazemore,8.3,POR,SG/SF,3600,27.5,21.4,5.949999999999999,28.666666666666668,18.72,20.529069767441857,-0.14222917621964828,0.2829755859482439,-0.1936301249409257,-0.3462486590578431,1.3128005238189273,-0.9801591359043929,-0.23403063615354627
0,5,Bruce Brown,46.5,DET,PG/SF,5000,28.5,25.15,5.050000000000001,28.333333333333332,24.07,25.297941176470587,0.1443519997453142,0.3766502626759385,0.15588497951416522,0.07737916291230429,0.5962148021875718,1.7659238705043288,0.07009722584671949
0,6,Andre Drummond,62.3,DET,C,10200,36.5,55.599999999999994,5.46,36.0,49.98,56.37222222222222,2.4713911485808095,1.126047676497495,2.4333484827258753,2.129004745575204,0.9226594087085226,2.9017383077100303,1.9166944625505724
0,7,Andrew Wiggins,39.3,MIN,SG/SF,7000,34.0,36.55,5.215,34.666666666666664,37.989999999999995,35.84711538461538,1.0155587746788002,0.8918609846782586,0.9290439534160478,1.1796033277393039,0.7275888511533198,1.248337544689072,0.7887002815068003
1,0,Derrick Rose,40.3,DET,PG/SG,6500,28.5,36.7,5.625,27.666666666666668,32.62,37.80542168674699,1.027022021717399,0.3766502626759385,1.0725700779512437,0.7543918503599225,1.0540334576742714,1.3202245343856354,0.7392645994372363
1,1,Kent Bazemore,8.3,POR,SG/SF,3600,27.5,21.4,5.949999999999999,28.666666666666668,18.72,20.529069767441857,-0.14222917621964828,0.2829755859482439,-0.1936301249409257,-0.3462486590578431,1.3128005238189273,-0.9801591359043929,-0.23403063615354627
1,2,Andrew Wiggins,39.3,MIN,SG/SF,7000,34.0,36.55,5.215,34.666666666666664,37.989999999999995,35.84711538461538,1.0155587746788002,0.8918609846782586,0.9290439534160478,1.1796033277393039,0.7275888511533198,1.248337544689072,0.7887002815068003
1,3,Christian Wood,7.5,DET,PF/C,4400,20.5,23.450000000000003,5.305,20.666666666666668,19.990000000000002,23.260887096774194,0.01443519997453153,-0.37274715114561807,0.006587355741423949,-0.2456865405714714,0.7992474233164554,-1.0376687276616436,-0.07358539208812255
1,4,Russell Westbrook,41.0,HOU,PG,8400,36.0,47.599999999999994,5.6850000000000005,36.0,48.300000000000004,47.599999999999994,1.8600179731888893,1.0792103381336478,1.7904240036764967,1.9959776911995322,1.101805839116362,1.37054542717323,1.4496400542755414
1,5,Josh Richardson,42.8,PHI,SG/SF,5600,36.0,32.5,5.8149999999999995,35.666666666666664,30.0,32.80373831775701,0.7060511046366408,1.0792103381336478,0.7059919643426258,0.5469329917502431,1.205312665574224,1.4999420086270439,0.4766770992388889
1,6,Clint Capela,25.3,HOU,C,7500,35.5,39.95,5.315,35.333333333333336,41.79,40.13844339622642,1.2753923742203666,1.0323729997698003,1.2435594497638034,1.4804978554938013,0.8072094868901377,0.24191968893718482,1.003433509673298
1,7,Al Horford,42.0,PHI,PF/C,6000,32.0,34.05,5.67,32.333333333333336,28.729999999999997,33.69896907216494,0.8245046573688251,0.7045116312228694,0.77160427463598,0.44637087326387154,1.089862743755839,1.4424324168697933,0.554958766406629
2,0,Russell Westbrook,41.0,HOU,PG,8400,36.0,47.599999999999994,5.6850000000000005,36.0,48.300000000000004,47.599999999999994,1.8600179731888893,1.0792103381336478,1.7904240036764967,1.9959776911995322,1.101805839116362,1.37054542717323,1.4496400542755414
2,1,Derrick Rose,40.3,DET,PG/SG,6500,28.5,36.7,5.625,27.666666666666668,32.62,37.80542168674699,1.027022021717399,0.3766502626759385,1.0725700779512437,0.7543918503599225,1.0540334576742714,1.3202245343856354,0.7392645994372363
2,2,Jayson Tatum,41.5,BOS,SF/PF,6700,34.5,35.15,5.234999999999999,33.333333333333336,36.53,36.38025,0.9085684689852142,0.9386983230421059,0.9681178945653083,1.063996482865208,0.743512978300683,1.4064889220215118,0.7102389911441641
2,3,Robert Covington,29.0,MIN,SF/PF,5700,32.0,30.45,5.35,31.666666666666668,29.369999999999997,30.77052631578947,0.5493867284424613,0.7045116312228694,0.5569759300873084,0.49704784635936583,0.8350767093980231,0.5079015508144693,0.3855016372293861
2,4,Svi Mykhailiuk,5.5,DET,SG/SF,4200,32.0,22.25,5.27,27.666666666666668,16.830000000000002,25.734939759036145,-0.07727077633425669,0.7045116312228694,0.18791301972153066,-0.4959040952304743,0.7713802008085692,-1.1814427070547704,-0.13843564791698057
2,5,Andrew Wiggins,39.3,MIN,SG/SF,7000,34.0,36.55,5.215,34.666666666666664,37.989999999999995,35.84711538461538,1.0155587746788002,0.8918609846782586,0.9290439534160478,1.1796033277393039,0.7275888511533198,1.248337544689072,0.7887002815068003
2,6,Kevin Love,33.8,CLE,PF/C,7700,34.5,41.25,5.36,32.333333333333336,37.81,44.01417525773196,1.3747405152215533,0.9386983230421059,1.5276155104597084,1.1653504290561967,0.8430387729717055,0.8529591013579734,1.0541991298383984
2,7,Kent Bazemore,8.3,POR,SG/SF,3600,27.5,21.4,5.949999999999999,28.666666666666668,18.72,20.529069767441857,-0.14222917621964828,0.2829755859482439,-0.1936301249409257,-0.3462486590578431,1.3128005238189273,-0.9801591359043929,-0.23403063615354627
3,0,Derrick Rose,40.3,DET,PG/SG,6500,28.5,36.7,5.625,27.666666666666668,32.62,37.80542168674699,1.027022021717399,0.3766502626759385,1.0725700779512437,0.7543918503599225,1.0540334576742714,1.3202245343856354,0.7392645994372363
3,1,Kent Bazemore,8.3,POR,SG/SF,3600,27.5,21.4,5.949999999999999,28.666666666666668,18.72,20.529069767441857,-0.14222917621964828,0.2829755859482439,-0.1936301249409257,-0.3462486590578431,1.3128005238189273,-0.9801591359043929,-0.23403063615354627
3,2,Jayson Tatum,41.5,BOS,SF/PF,6700,34.5,35.15,5.234999999999999,33.333333333333336,36.53,36.38025,0.9085684689852142,0.9386983230421059,0.9681178945653083,1.063996482865208,0.743512978300683,1.4064889220215118,0.7102389911441641
3,3,Al Horford,42.0,PHI,PF/C,6000,32.0,34.05,5.67,32.333333333333336,28.729999999999997,33.69896907216494,0.8245046573688251,0.7045116312228694,0.77160427463598,0.44637087326387154,1.089862743755839,1.4424324168697933,0.554958766406629
3,4,Damian Lillard,38.5,POR,PG,8900,37.0,47.2,5.295,38.0,47.879999999999995,45.95789473684211,1.829449314419294,1.1728850148613423,1.6700725529134792,1.9627209276056135,0.7912853597427738,1.1908279529318215,1.4406816023484466
3,5,Andrew Wiggins,39.3,MIN,SG/SF,7000,34.0,36.55,5.215,34.666666666666664,37.989999999999995,35.84711538461538,1.0155587746788002,0.8918609846782586,0.9290439534160478,1.1796033277393039,0.7275888511533198,1.248337544689072,0.7887002815068003
3,6,Christian Wood,7.5,DET,PF/C,4400,20.5,23.450000000000003,5.305,20.666666666666668,19.990000000000002,23.260887096774194,0.01443519997453153,-0.37274715114561807,0.006587355741423949,-0.2456865405714714,0.7992474233164554,-1.0376687276616436,-0.07358539208812255
3,7,CJ McCollum,20.5,POR,PG/SG,6800,36.0,35.45,5.21,36.0,35.61,35.45,0.9314949630624115,1.0792103381336478,0.8999389905789736,0.9911483340404349,0.7236078193664791,-0.10313786160631952,0.71475964943548
4,0,Russell Westbrook,41.0,HOU,PG,8400,36.0,47.599999999999994,5.6850000000000005,36.0,48.300000000000004,47.599999999999994,1.8600179731888893,1.0792103381336478,1.7904240036764967,1.9959776911995322,1.101805839116362,1.37054542717323,1.4496400542755414
4,1,CJ McCollum,20.5,POR,PG/SG,6800,36.0,35.45,5.21,36.0,35.61,35.45,0.9314949630624115,1.0792103381336478,0.8999389905789736,0.9911483340404349,0.7236078193664791,-0.10313786160631952,0.71475964943548
4,2,Bruce Brown,46.5,DET,PG/SF,5000,28.5,25.15,5.050000000000001,28.333333333333332,24.07,25.297941176470587,0.1443519997453142,0.3766502626759385,0.15588497951416522,0.07737916291230429,0.5962148021875718,1.7659238705043288,0.07009722584671949
4,3,Christian Wood,7.5,DET,PF/C,4400,20.5,23.450000000000003,5.305,20.666666666666668,19.990000000000002,23.260887096774194,0.01443519997453153,-0.37274715114561807,0.006587355741423949,-0.2456865405714714,0.7992474233164554,-1.0376687276616436,-0.07358539208812255
4,4,Josh Richardson,42.8,PHI,SG/SF,5600,36.0,32.5,5.8149999999999995,35.666666666666664,30.0,32.80373831775701,0.7060511046366408,1.0792103381336478,0.7059919643426258,0.5469329917502431,1.205312665574224,1.4999420086270439,0.4766770992388889
4,5,Cedi Osman,18.0,CLE,SF/PF,4700,34.5,23.95,5.095,30.666666666666668,21.77,26.943749999999998,0.05264602343652626,0.9386983230421059,0.27650786772623165,-0.10474120914962823,0.6320440882691389,-0.282855335847728,0.0011765961602233526
4,6,Al Horford,42.0,PHI,PF/C,6000,32.0,34.05,5.67,32.333333333333336,28.729999999999997,33.69896907216494,0.8245046573688251,0.7045116312228694,0.77160427463598,0.44637087326387154,1.089862743755839,1.4424324168697933,0.554958766406629
4,7,Damian Lillard,38.5,POR,PG,8900,37.0,47.2,5.295,38.0,47.879999999999995,45.95789473684211,1.829449314419294,1.1728850148613423,1.6700725529134792,1.9627209276056135,0.7912853597427738,1.1908279529318215,1.4406816023484466
5,0,Shabazz Napier,17.5,MIN,PG/SG,5200,25.5,26.4,5.1,26.333333333333332,25.1,25.564556962025318,0.23987905840030171,0.09562623249285476,0.17542550307726898,0.15893741648786544,0.6360251200559797,-0.31879883069600967,0.1372728182309899
5,1,Derrick Rose,40.3,DET,PG/SG,6500,28.5,36.7,5.625,27.666666666666668,32.62,37.80542168674699,1.027022021717399,0.3766502626759385,1.0725700779512437,0.7543918503599225,1.0540334576742714,1.3202245343856354,0.7392645994372363
5,2,Kent Bazemore,8.3,POR,SG/SF,3600,27.5,21.4,5.949999999999999,28.666666666666668,18.72,20.529069767441857,-0.14222917621964828,0.2829755859482439,-0.1936301249409257,-0.3462486590578431,1.3128005238189273,-0.9801591359043929,-0.23403063615354627
5,3,Al Horford,42.0,PHI,PF/C,6000,32.0,34.05,5.67,32.333333333333336,28.729999999999997,33.69896907216494,0.8245046573688251,0.7045116312228694,0.77160427463598,0.44637087326387154,1.089862743755839,1.4424324168697933,0.554958766406629
5,4,Josh Richardson,42.8,PHI,SG/SF,5600,36.0,32.5,5.8149999999999995,35.666666666666664,30.0,32.80373831775701,0.7060511046366408,1.0792103381336478,0.7059919643426258,0.5469329917502431,1.205312665574224,1.4999420086270439,0.4766770992388889
5,5,Andrew Wiggins,39.3,MIN,SG/SF,7000,34.0,36.55,5.215,34.666666666666664,37.989999999999995,35.84711538461538,1.0155587746788002,0.8918609846782586,0.9290439534160478,1.1796033277393039,0.7275888511533198,1.248337544689072,0.7887002815068003
5,6,Clint Capela,25.3,HOU,C,7500,35.5,39.95,5.315,35.333333333333336,41.79,40.13844339622642,1.2753923742203666,1.0323729997698003,1.2435594497638034,1.4804978554938013,0.8072094868901377,0.24191968893718482,1.003433509673298
5,7,Kevin Love,33.8,CLE,PF/C,7700,34.5,41.25,5.36,32.333333333333336,37.81,44.01417525773196,1.3747405152215533,0.9386983230421059,1.5276155104597084,1.1653504290561967,0.8430387729717055,0.8529591013579734,1.0541991298383984
6,0,Russell Westbrook,41.0,HOU,PG,8400,36.0,47.599999999999994,5.6850000000000005,36.0,48.300000000000004,47.599999999999994,1.8600179731888893,1.0792103381336478,1.7904240036764967,1.9959776911995322,1.101805839116362,1.37054542717323,1.4496400542755414
6,1,Derrick Rose,40.3,DET,PG/SG,6500,28.5,36.7,5.625,27.666666666666668,32.62,37.80542168674699,1.027022021717399,0.3766502626759385,1.0725700779512437,0.7543918503599225,1.0540334576742714,1.3202245343856354,0.7392645994372363
6,2,Josh Richardson,42.8,PHI,SG/SF,5600,36.0,32.5,5.8149999999999995,35.666666666666664,30.0,32.80373831775701,0.7060511046366408,1.0792103381336478,0.7059919643426258,0.5469329917502431,1.205312665574224,1.4999420086270439,0.4766770992388889
6,3,Daniel Theis,20.8,BOS,PF/C,4000,22.5,19.5,4.87,22.333333333333332,21.56,19.645522388059703,-0.2874303053752292,-0.18539779769022893,-0.2583861496077076,-0.12136959094658734,0.4528976578613001,-0.08157176469735045,-0.24942688131820528
6,4,Andrew Wiggins,39.3,MIN,SG/SF,7000,34.0,36.55,5.215,34.666666666666664,37.989999999999995,35.84711538461538,1.0155587746788002,0.8918609846782586,0.9290439534160478,1.1796033277393039,0.7275888511533198,1.248337544689072,0.7887002815068003
6,5,Kent Bazemore,8.3,POR,SG/SF,3600,27.5,21.4,5.949999999999999,28.666666666666668,18.72,20.529069767441857,-0.14222917621964828,0.2829755859482439,-0.1936301249409257,-0.3462486590578431,1.3128005238189273,-0.9801591359043929,-0.23403063615354627
6,6,Al Horford,42.0,PHI,PF/C,6000,32.0,34.05,5.67,32.333333333333336,28.729999999999997,33.69896907216494,0.8245046573688251,0.7045116312228694,0.77160427463598,0.44637087326387154,1.089862743755839,1.4424324168697933,0.554958766406629
6,7,Clint Capela,25.3,HOU,C,7500,35.5,39.95,5.315,35.333333333333336,41.79,40.13844339622642,1.2753923742203666,1.0323729997698003,1.2435594497638034,1.4804978554938013,0.8072094868901377,0.24191968893718482,1.003433509673298
7,0,Derrick Rose,40.3,DET,PG/SG,6500,28.5,36.7,5.625,27.666666666666668,32.62,37.80542168674699,1.027022021717399,0.3766502626759385,1.0725700779512437,0.7543918503599225,1.0540334576742714,1.3202245343856354,0.7392645994372363
7,1,Kent Bazemore,8.3,POR,SG/SF,3600,27.5,21.4,5.949999999999999,28.666666666666668,18.72,20.529069767441857,-0.14222917621964828,0.2829755859482439,-0.1936301249409257,-0.3462486590578431,1.3128005238189273,-0.9801591359043929,-0.23403063615354627
7,2,Robert Covington,29.0,MIN,SF/PF,5700,32.0,30.45,5.35,31.666666666666668,29.369999999999997,30.77052631578947,0.5493867284424613,0.7045116312228694,0.5569759300873084,0.49704784635936583,0.8350767093980231,0.5079015508144693,0.3855016372293861
7,3,Cedi Osman,18.0,CLE,SF/PF,4700,34.5,23.95,5.095,30.666666666666668,21.77,26.943749999999998,0.05264602343652626,0.9386983230421059,0.27650786772623165,-0.10474120914962823,0.6320440882691389,-0.282855335847728,0.0011765961602233526
7,4,Russell Westbrook,41.0,HOU,PG,8400,36.0,47.599999999999994,5.6850000000000005,36.0,48.300000000000004,47.599999999999994,1.8600179731888893,1.0792103381336478,1.7904240036764967,1.9959776911995322,1.101805839116362,1.37054542717323,1.4496400542755414
7,5,Gordon Hayward,12.5,BOS,SF/PF,6600,32.5,31.6,4.8100000000000005,34.0,33.879999999999995,30.205882352941178,0.6372716224050499,0.7513489695867167,0.5155926390048063,0.8541621411416767,0.40512527641921,-0.6782337791788267,0.5056005273638824
7,6,Kevin Love,33.8,CLE,PF/C,7700,34.5,41.25,5.36,32.333333333333336,37.81,44.01417525773196,1.3747405152215533,0.9386983230421059,1.5276155104597084,1.1653504290561967,0.8430387729717055,0.8529591013579734,1.0541991298383984
7,7,Jayson Tatum,41.5,BOS,SF/PF,6700,34.5,35.15,5.234999999999999,33.333333333333336,36.53,36.38025,0.9085684689852142,0.9386983230421059,0.9681178945653083,1.063996482865208,0.743512978300683,1.4064889220215118,0.7102389911441641
8,0,Langston Galloway,14.5,DET,PG/SG,3200,21.0,15.55,4.87,22.666666666666668,16.91,14.406617647058823,-0.5892958107249896,-0.3259098127817708,-0.6423504423572424,-0.48956947359353764,0.4528976578613001,-0.5344597997856999,-0.5087126549125625
8,1,Andrew Wiggins,39.3,MIN,SG/SF,7000,34.0,36.55,5.215,34.666666666666664,37.989999999999995,35.84711538461538,1.0155587746788002,0.8918609846782586,0.9290439534160478,1.1796033277393039,0.7275888511533198,1.248337544689072,0.7887002815068003
8,2,Robert Covington,29.0,MIN,SF/PF,5700,32.0,30.45,5.35,31.666666666666668,29.369999999999997,30.77052631578947,0.5493867284424613,0.7045116312228694,0.5569759300873084,0.49704784635936583,0.8350767093980231,0.5079015508144693,0.3855016372293861
8,3,Al Horford,42.0,PHI,PF/C,6000,32.0,34.05,5.67,32.333333333333336,28.729999999999997,33.69896907216494,0.8245046573688251,0.7045116312228694,0.77160427463598,0.44637087326387154,1.089862743755839,1.4424324168697933,0.554958766406629
8,4,Russell Westbrook,41.0,HOU,PG,8400,36.0,47.599999999999994,5.6850000000000005,36.0,48.300000000000004,47.599999999999994,1.8600179731888893,1.0792103381336478,1.7904240036764967,1.9959776911995322,1.101805839116362,1.37054542717323,1.4496400542755414
8,5,Kent Bazemore,8.3,POR,SG/SF,3600,27.5,21.4,5.949999999999999,28.666666666666668,18.72,20.529069767441857,-0.14222917621964828,0.2829755859482439,-0.1936301249409257,-0.3462486590578431,1.3128005238189273,-0.9801591359043929,-0.23403063615354627
8,6,Andre Drummond,62.3,DET,C,10200,36.5,55.599999999999994,5.46,36.0,49.98,56.37222222222222,2.4713911485808095,1.126047676497495,2.4333484827258753,2.129004745575204,0.9226594087085226,2.9017383077100303,1.9166944625505724
8,7,Shabazz Napier,17.5,MIN,PG/SG,5200,25.5,26.4,5.1,26.333333333333332,25.1,25.564556962025318,0.23987905840030171,0.09562623249285476,0.17542550307726898,0.15893741648786544,0.6360251200559797,-0.31879883069600967,0.1372728182309899
9,0,Jarrett Culver,23.0,MIN,PG/SG,5100,28.5,24.8,4.85,27.666666666666668,23.099999999999998,25.54698795180723,0.11760442332191787,0.3766502626759385,0.17413785367034176,0.0005718755644456303,0.43697353071393624,0.07657961263508896,0.05815979925426156
9,1,Derrick Rose,40.3,DET,PG/SG,6500,28.5,36.7,5.625,27.666666666666668,32.62,37.80542168674699,1.027022021717399,0.3766502626759385,1.0725700779512437,0.7543918503599225,1.0540334576742714,1.3202245343856354,0.7392645994372363
9,2,Jayson Tatum,41.5,BOS,SF/PF,6700,34.5,35.15,5.234999999999999,33.333333333333336,36.53,36.38025,0.9085684689852142,0.9386983230421059,0.9681178945653083,1.063996482865208,0.743512978300683,1.4064889220215118,0.7102389911441641
9,3,Robert Covington,29.0,MIN,SF/PF,5700,32.0,30.45,5.35,31.666666666666668,29.369999999999997,30.77052631578947,0.5493867284424613,0.7045116312228694,0.5569759300873084,0.49704784635936583,0.8350767093980231,0.5079015508144693,0.3855016372293861
9,4,Shai Gilgeous-Alexander,30.8,OKC,PG/SG,7100,36.0,35.3,4.98,36.666666666666664,34.92,34.658181818181816,0.9200317160238126,1.0792103381336478,0.841905885722412,0.9365122224218554,0.5404803571717994,0.6372981322682835,0.711011167862655
9,5,Al Horford,42.0,PHI,PF/C,6000,32.0,34.05,5.67,32.333333333333336,28.729999999999997,33.69896907216494,0.8245046573688251,0.7045116312228694,0.77160427463598,0.44637087326387154,1.089862743755839,1.4424324168697933,0.554958766406629
9,6,Christian Wood,7.5,DET,PF/C,4400,20.5,23.450000000000003,5.305,20.666666666666668,19.990000000000002,23.260887096774194,0.01443519997453153,-0.37274715114561807,0.006587355741423949,-0.2456865405714714,0.7992474233164554,-1.0376687276616436,-0.07358539208812255
9,7,Russell Westbrook,41.0,HOU,PG,8400,36.0,47.599999999999994,5.6850000000000005,36.0,48.300000000000004,47.599999999999994,1.8600179731888893,1.0792103381336478,1.7904240036764967,1.9959776911995322,1.101805839116362,1.37054542717323,1.4496400542755414
10,0,Derrick Rose,40.3,DET,PG/SG,6500,28.5,36.7,5.625,27.666666666666668,32.62,37.80542168674699,1.027022021717399,0.3766502626759385,1.0725700779512437,0.7543918503599225,1.0540334576742714,1.3202245343856354,0.7392645994372363
10,1,Andrew Wiggins,39.3,MIN,SG/SF,7000,34.0,36.55,5.215,34.666666666666664,37.989999999999995,35.84711538461538,1.0155587746788002,0.8918609846782586,0.9290439534160478,1.1796033277393039,0.7275888511533198,1.248337544689072,0.7887002815068003
10,2,Danuel House Jr.,5.5,HOU,SF/PF,4200,32.5,20.25,4.82,33.0,20.97,19.94318181818182,-0.23011407018223667,0.7513489695867167,-0.23657040791792205,-0.16808742551899608,0.41308733999289154,-1.1814427070547704,-0.20947572571806455
10,3,Jayson Tatum,41.5,BOS,SF/PF,6700,34.5,35.15,5.234999999999999,33.333333333333336,36.53,36.38025,0.9085684689852142,0.9386983230421059,0.9681178945653083,1.063996482865208,0.743512978300683,1.4064889220215118,0.7102389911441641
10,4,Darius Garland,32.5,CLE,PG,4800,34.5,25.3,5.26,33.333333333333336,22.56,26.1855,0.15581524678391287,0.9386983230421059,0.22093500672366423,-0.042186820484877575,0.7634181372348876,0.7595060147524412,0.06023022148485398
10,5,Al Horford,42.0,PHI,PF/C,6000,32.0,34.05,5.67,32.333333333333336,28.729999999999997,33.69896907216494,0.8245046573688251,0.7045116312228694,0.77160427463598,0.44637087326387154,1.089862743755839,1.4424324168697933,0.554958766406629
10,6,Christian Wood,7.5,DET,PF/C,4400,20.5,23.450000000000003,5.305,20.666666666666668,19.990000000000002,23.260887096774194,0.01443519997453153,-0.37274715114561807,0.006587355741423949,-0.2456865405714714,0.7992474233164554,-1.0376687276616436,-0.07358539208812255
10,7,Andre Drummond,62.3,DET,C,10200,36.5,55.599999999999994,5.46,36.0,49.98,56.37222222222222,2.4713911485808095,1.126047676497495,2.4333484827258753,2.129004745575204,0.9226594087085226,2.9017383077100303,1.9166944625505724
11,0,Russell Westbrook,41.0,HOU,PG,8400,36.0,47.599999999999994,5.6850000000000005,36.0,48.300000000000004,47.599999999999994,1.8600179731888893,1.0792103381336478,1.7904240036764967,1.9959776911995322,1.101805839116362,1.37054542717323,1.4496400542755414
11,1,Josh Richardson,42.8,PHI,SG/SF,5600,36.0,32.5,5.8149999999999995,35.666666666666664,30.0,32.80373831775701,0.7060511046366408,1.0792103381336478,0.7059919643426258,0.5469329917502431,1.205312665574224,1.4999420086270439,0.4766770992388889
11,2,Jayson Tatum,41.5,BOS,SF/PF,6700,34.5,35.15,5.234999999999999,33.333333333333336,36.53,36.38025,0.9085684689852142,0.9386983230421059,0.9681178945653083,1.063996482865208,0.743512978300683,1.4064889220215118,0.7102389911441641
11,3,Tony Snell,17.3,DET,SF/PF,4500,27.0,18.05,4.01,26.0,15.55,18.744230769230768,-0.39824169341501464,0.2361382475843966,-0.3244426663976313,-0.5972580414214629,-0.23183980947532973,-0.3331762286353223,-0.3215463230826798
11,4,Derrick Rose,40.3,DET,PG/SG,6500,28.5,36.7,5.625,27.666666666666668,32.62,37.80542168674699,1.027022021717399,0.3766502626759385,1.0725700779512437,0.7543918503599225,1.0540334576742714,1.3202245343856354,0.7392645994372363
11,5,Kent Bazemore,8.3,POR,SG/SF,3600,27.5,21.4,5.949999999999999,28.666666666666668,18.72,20.529069767441857,-0.14222917621964828,0.2829755859482439,-0.1936301249409257,-0.3462486590578431,1.3128005238189273,-0.9801591359043929,-0.23403063615354627
11,6,Al Horford,42.0,PHI,PF/C,6000,32.0,34.05,5.67,32.333333333333336,28.729999999999997,33.69896907216494,0.8245046573688251,0.7045116312228694,0.77160427463598,0.44637087326387154,1.089862743755839,1.4424324168697933,0.554958766406629
11,7,Clint Capela,25.3,HOU,C,7500,35.5,39.95,5.315,35.333333333333336,41.79,40.13844339622642,1.2753923742203666,1.0323729997698003,1.2435594497638034,1.4804978554938013,0.8072094868901377,0.24191968893718482,1.003433509673298
12,0,Russell Westbrook,41.0,HOU,PG,8400,36.0,47.599999999999994,5.6850000000000005,36.0,48.300000000000004,47.599999999999994,1.8600179731888893,1.0792103381336478,1.7904240036764967,1.9959776911995322,1.101805839116362,1.37054542717323,1.4496400542755414
12,1,Dennis Schroder,23.3,OKC,PG/SG,6100,31.5,32.3,5.3149999999999995,33.333333333333336,30.560000000000002,30.523499999999995,0.6907667752518426,0.6576742928590221,0.5388711373258908,0.5912753432088008,0.8072094868901369,0.09814570954405803,0.4864051064402121
12,2,Andrew Wiggins,39.3,MIN,SG/SF,7000,34.0,36.55,5.215,34.666666666666664,37.989999999999995,35.84711538461538,1.0155587746788002,0.8918609846782586,0.9290439534160478,1.1796033277393039,0.7275888511533198,1.248337544689072,0.7887002815068003
12,3,Keita Bates-Diop,26.5,MIN,SF/PF,3100,17.0,12.1,3.925,17.666666666666668,13.76,11.643396226415094,-0.8529504926127552,-0.7006085196925491,-0.8448695586496942,-0.7389952005479234,-0.2995173498516245,0.3281840765730608,-0.664714471498202
12,4,Josh Richardson,42.8,PHI,SG/SF,5600,36.0,32.5,5.8149999999999995,35.666666666666664,30.0,32.80373831775701,0.7060511046366408,1.0792103381336478,0.7059919643426258,0.5469329917502431,1.205312665574224,1.4999420086270439,0.4766770992388889
12,5,Furkan Korkmaz,13.8,PHI,SG/SF,3300,16.5,12.75,3.87,19.333333333333332,13.65,10.88146551724138,-0.8032764221121617,-0.7474458580563963,-0.9007121823153699,-0.7477053052987115,-0.3433086995068738,-0.5847806925732942,-0.6346399350867946
12,6,Al Horford,42.0,PHI,PF/C,6000,32.0,34.05,5.67,32.333333333333336,28.729999999999997,33.69896907216494,0.8245046573688251,0.7045116312228694,0.77160427463598,0.44637087326387154,1.089862743755839,1.4424324168697933,0.554958766406629
12,7,Andre Drummond,62.3,DET,C,10200,36.5,55.599999999999994,5.46,36.0,49.98,56.37222222222222,2.4713911485808095,1.126047676497495,2.4333484827258753,2.129004745575204,0.9226594087085226,2.9017383077100303,1.9166944625505724
13,0,Russell Westbrook,41.0,HOU,PG,8400,36.0,47.599999999999994,5.6850000000000005,36.0,48.300000000000004,47.599999999999994,1.8600179731888893,1.0792103381336478,1.7904240036764967,1.9959776911995322,1.101805839116362,1.37054542717323,1.4496400542755414
13,1,Collin Sexton,36.0,CLE,PG/SG,5900,34.5,31.05,5.255,33.666666666666664,28.689999999999998,31.818564356435644,0.5952397165968554,0.9386983230421059,0.6337876311861982,0.4432035624454032,0.7594371054480469,1.011110478690413,0.4216094248590086
13,2,Darius Bazley,3.5,OKC,SF/PF,3500,16.0,12.9,3.685,16.0,12.42,12.9,-0.7918131750735632,-0.7942831964202436,-0.7527718773509985,-0.8451001129666145,-0.490606875619986,-1.3252166864478971,-0.6155411566856883
13,3,Robert Covington,29.0,MIN,SF/PF,5700,32.0,30.45,5.35,31.666666666666668,29.369999999999997,30.77052631578947,0.5493867284424613,0.7045116312228694,0.5569759300873084,0.49704784635936583,0.8350767093980231,0.5079015508144693,0.3855016372293861
13,4,Svi Mykhailiuk,5.5,DET,SG/SF,4200,32.0,22.25,5.27,27.666666666666668,16.830000000000002,25.734939759036145,-0.07727077633425669,0.7045116312228694,0.18791301972153066,-0.4959040952304743,0.7713802008085692,-1.1814427070547704,-0.13843564791698057
13,5,Al Horford,42.0,PHI,PF/C,6000,32.0,34.05,5.67,32.333333333333336,28.729999999999997,33.69896907216494,0.8245046573688251,0.7045116312228694,0.77160427463598,0.44637087326387154,1.089862743755839,1.4424324168697933,0.554958766406629
13,6,Andre Drummond,62.3,DET,C,10200,36.5,55.599999999999994,5.46,36.0,49.98,56.37222222222222,2.4713911485808095,1.126047676497495,2.4333484827258753,2.129004745575204,0.9226594087085226,2.9017383077100303,1.9166944625505724
13,7,P.J. Tucker,12.5,HOU,PF/C,4100,35.0,20.35,4.98,35.333333333333336,22.29,20.15801886792453,-0.22247190548983758,0.9855356614059532,-0.22082479696697807,-0.06356616850953918,0.5404803571717994,-0.6782337791788267,-0.20153324179229673
14,0,Derrick Rose,40.3,DET,PG/SG,6500,28.5,36.7,5.625,27.666666666666668,32.62,37.80542168674699,1.027022021717399,0.3766502626759385,1.0725700779512437,0.7543918503599225,1.0540334576742714,1.3202245343856354,0.7392645994372363
14,1,Andrew Wiggins,39.3,MIN,SG/SF,7000,34.0,36.55,5.215,34.666666666666664,37.989999999999995,35.84711538461538,1.0155587746788002,0.8918609846782586,0.9290439534160478,1.1796033277393039,0.7275888511533198,1.248337544689072,0.7887002815068003
14,2,Grant Williams,4.0,BOS,SF/PF,3200,15.0,8.8,2.74,18.333333333333332,9.6,7.200000000000001,-1.105141927461922,-0.8879578731479382,-1.170530278557244,-1.0683955256686362,-1.2430218833329103,-1.2892731915996154,-0.8157423699359179
14,3,Al Horford,42.0,PHI,PF/C,6000,32.0,34.05,5.67,32.333333333333336,28.729999999999997,33.69896907216494,0.8245046573688251,0.7045116312228694,0.77160427463598,0.44637087326387154,1.089862743755839,1.4424324168697933,0.554958766406629
14,4,Russell Westbrook,41.0,HOU,PG,8400,36.0,47.599999999999994,5.6850000000000005,36.0,48.300000000000004,47.599999999999994,1.8600179731888893,1.0792103381336478,1.7904240036764967,1.9959776911995322,1.101805839116362,1.37054542717323,1.4496400542755414
14,5,Ben Simmons,35.3,PHI,PG/SF,9000,36.5,45.95,5.109999999999999,38.333333333333336,45.36999999999999,43.752391304347825,1.7339222557643066,1.126047676497495,1.5084291164549355,1.7639721737467216,0.6439871836296612,0.9607895859028185,1.3582489707377774
14,6,Daniel Theis,20.8,BOS,PF/C,4000,22.5,19.5,4.87,22.333333333333332,21.56,19.645522388059703,-0.2874303053752292,-0.18539779769022893,-0.2583861496077076,-0.12136959094658734,0.4528976578613001,-0.08157176469735045,-0.24942688131820528
14,7,Cedi Osman,18.0,CLE,SF/PF,4700,34.5,23.95,5.095,30.666666666666668,21.77,26.943749999999998,0.05264602343652626,0.9386983230421059,0.27650786772623165,-0.10474120914962823,0.6320440882691389,-0.282855335847728,0.0011765961602233526
15,0,Jarrett Culver,23.0,MIN,PG/SG,5100,28.5,24.8,4.85,27.666666666666668,23.099999999999998,25.54698795180723,0.11760442332191787,0.3766502626759385,0.17413785367034176,0.0005718755644456303,0.43697353071393624,0.07657961263508896,0.05815979925426156
15,1,Andrew Wiggins,39.3,MIN,SG/SF,7000,34.0,36.55,5.215,34.666666666666664,37.989999999999995,35.84711538461538,1.0155587746788002,0.8918609846782586,0.9290439534160478,1.1796033277393039,0.7275888511533198,1.248337544689072,0.7887002815068003
15,2,Cedi Osman,18.0,CLE,SF/PF,4700,34.5,23.95,5.095,30.666666666666668,21.77,26.943749999999998,0.05264602343652626,0.9386983230421059,0.27650786772623165,-0.10474120914962823,0.6320440882691389,-0.282855335847728,0.0011765961602233526
15,3,Mike Scott,14.0,PHI,SF/PF,4000,23.5,15.7,3.915,17.333333333333332,11.979999999999999,21.285576923076924,-0.5778325636863912,-0.09172312096253438,-0.13818499865334852,-0.8799405319697668,-0.30747941342530605,-0.5704032946339815,-0.44712921236260356
15,4,Russell Westbrook,41.0,HOU,PG,8400,36.0,47.599999999999994,5.6850000000000005,36.0,48.300000000000004,47.599999999999994,1.8600179731888893,1.0792103381336478,1.7904240036764967,1.9959776911995322,1.101805839116362,1.37054542717323,1.4496400542755414
15,5,Kent Bazemore,8.3,POR,SG/SF,3600,27.5,21.4,5.949999999999999,28.666666666666668,18.72,20.529069767441857,-0.14222917621964828,0.2829755859482439,-0.1936301249409257,-0.3462486590578431,1.3128005238189273,-0.9801591359043929,-0.23403063615354627
15,6,Al Horford,42.0,PHI,PF/C,6000,32.0,34.05,5.67,32.333333333333336,28.729999999999997,33.69896907216494,0.8245046573688251,0.7045116312228694,0.77160427463598,0.44637087326387154,1.089862743755839,1.4424324168697933,0.554958766406629
15,7,Clint Capela,25.3,HOU,C,7500,35.5,39.95,5.315,35.333333333333336,41.79,40.13844339622642,1.2753923742203666,1.0323729997698003,1.2435594497638034,1.4804978554938013,0.8072094868901377,0.24191968893718482,1.003433509673298
16,0,Russell Westbrook,41.0,HOU,PG,8400,36.0,47.599999999999994,5.6850000000000005,36.0,48.300000000000004,47.599999999999994,1.8600179731888893,1.0792103381336478,1.7904240036764967,1.9959776911995322,1.101805839116362,1.37054542717323,1.4496400542755414
16,1,Derrick Rose,40.3,DET,PG/SG,6500,28.5,36.7,5.625,27.666666666666668,32.62,37.80542168674699,1.027022021717399,0.3766502626759385,1.0725700779512437,0.7543918503599225,1.0540334576742714,1.3202245343856354,0.7392645994372363
16,2,Svi Mykhailiuk,5.5,DET,SG/SF,4200,32.0,22.25,5.27,27.666666666666668,16.830000000000002,25.734939759036145,-0.07727077633425669,0.7045116312228694,0.18791301972153066,-0.4959040952304743,0.7713802008085692,-1.1814427070547704,-0.13843564791698057
16,3,Al Horford,42.0,PHI,PF/C,6000,32.0,34.05,5.67,32.333333333333336,28.729999999999997,33.69896907216494,0.8245046573688251,0.7045116312228694,0.77160427463598,0.44637087326387154,1.089862743755839,1.4424324168697933,0.554958766406629
16,4,Andrew Wiggins,39.3,MIN,SG/SF,7000,34.0,36.55,5.215,34.666666666666664,37.989999999999995,35.84711538461538,1.0155587746788002,0.8918609846782586,0.9290439534160478,1.1796033277393039,0.7275888511533198,1.248337544689072,0.7887002815068003
16,5,Kent Bazemore,8.3,POR,SG/SF,3600,27.5,21.4,5.949999999999999,28.666666666666668,18.72,20.529069767441857,-0.14222917621964828,0.2829755859482439,-0.1936301249409257,-0.3462486590578431,1.3128005238189273,-0.9801591359043929,-0.23403063615354627
16,6,Mike Muscala,14.5,OKC,PF/C,4000,13.0,9.75,2.44,12.333333333333334,8.330000000000002,10.277027027027026,-1.0325413628841318,-1.0753072266033272,-0.9450120520170305,-1.1689576441550074,-1.4818837905433626,-0.5344597997856999,-0.7457471974514525
16,7,Daniel Theis,20.8,BOS,PF/C,4000,22.5,19.5,4.87,22.333333333333332,21.56,19.645522388059703,-0.2874303053752292,-0.18539779769022893,-0.2583861496077076,-0.12136959094658734,0.4528976578613001,-0.08157176469735045,-0.24942688131820528
17,0,Russell Westbrook,41.0,HOU,PG,8400,36.0,47.599999999999994,5.6850000000000005,36.0,48.300000000000004,47.599999999999994,1.8600179731888893,1.0792103381336478,1.7904240036764967,1.9959776911995322,1.101805839116362,1.37054542717323,1.4496400542755414
17,1,Austin Rivers,10.3,HOU,PG/SG,3800,19.0,9.35,2.47,20.666666666666668,14.089999999999998,8.595967741935484,-1.0631100216537277,-0.51325916623716,-1.0682184799596195,-0.7128648862955593,-1.4579975998223171,-0.8363851565112661,-0.7293037244914505
17,2,Carmelo Anthony,10.5,POR,SF/PF,6600,34.5,31.6,4.785,34.666666666666664,30.1,31.448076923076925,0.6372716224050499,0.9386983230421059,0.6066342561288396,0.5548512687964142,0.38522011748500534,-0.8220077585719534,0.48481256316114185
17,3,Christian Wood,7.5,DET,PF/C,4400,20.5,23.450000000000003,5.305,20.666666666666668,19.990000000000002,23.260887096774194,0.01443519997453153,-0.37274715114561807,0.006587355741423949,-0.2456865405714714,0.7992474233164554,-1.0376687276616436,-0.07358539208812255
17,4,Darius Garland,32.5,CLE,PG,4800,34.5,25.3,5.26,33.333333333333336,22.56,26.1855,0.15581524678391287,0.9386983230421059,0.22093500672366423,-0.042186820484877575,0.7634181372348876,0.7595060147524412,0.06023022148485398
17,5,Kent Bazemore,8.3,POR,SG/SF,3600,27.5,21.4,5.949999999999999,28.666666666666668,18.72,20.529069767441857,-0.14222917621964828,0.2829755859482439,-0.1936301249409257,-0.3462486590578431,1.3128005238189273,-0.9801591359043929,-0.23403063615354627
17,6,Al Horford,42.0,PHI,PF/C,6000,32.0,34.05,5.67,32.333333333333336,28.729999999999997,33.69896907216494,0.8245046573688251,0.7045116312228694,0.77160427463598,0.44637087326387154,1.089862743755839,1.4424324168697933,0.554958766406629
17,7,Robert Covington,29.0,MIN,SF/PF,5700,32.0,30.45,5.35,31.666666666666668,29.369999999999997,30.77052631578947,0.5493867284424613,0.7045116312228694,0.5569759300873084,0.49704784635936583,0.8350767093980231,0.5079015508144693,0.3855016372293861
18,0,Shai Gilgeous-Alexander,30.8,OKC,PG/SG,7100,36.0,35.3,4.98,36.666666666666664,34.92,34.658181818181816,0.9200317160238126,1.0792103381336478,0.841905885722412,0.9365122224218554,0.5404803571717994,0.6372981322682835,0.711011167862655
18,1,Svi Mykhailiuk,5.5,DET,SG/SF,4200,32.0,22.25,5.27,27.666666666666668,16.830000000000002,25.734939759036145,-0.07727077633425669,0.7045116312228694,0.18791301972153066,-0.4959040952304743,0.7713802008085692,-1.1814427070547704,-0.13843564791698057
18,2,Bruce Brown,46.5,DET,PG/SF,5000,28.5,25.15,5.050000000000001,28.333333333333332,24.07,25.297941176470587,0.1443519997453142,0.3766502626759385,0.15588497951416522,0.07737916291230429,0.5962148021875718,1.7659238705043288,0.07009722584671949
18,3,Al Horford,42.0,PHI,PF/C,6000,32.0,34.05,5.67,32.333333333333336,28.729999999999997,33.69896907216494,0.8245046573688251,0.7045116312228694,0.77160427463598,0.44637087326387154,1.089862743755839,1.4424324168697933,0.554958766406629
18,4,Andrew Wiggins,39.3,MIN,SG/SF,7000,34.0,36.55,5.215,34.666666666666664,37.989999999999995,35.84711538461538,1.0155587746788002,0.8918609846782586,0.9290439534160478,1.1796033277393039,0.7275888511533198,1.248337544689072,0.7887002815068003
18,5,Daniel Theis,20.8,BOS,PF/C,4000,22.5,19.5,4.87,22.333333333333332,21.56,19.645522388059703,-0.2874303053752292,-0.18539779769022893,-0.2583861496077076,-0.12136959094658734,0.4528976578613001,-0.08157176469735045,-0.24942688131820528
18,6,Thon Maker,23.5,DET,PF/C,3000,11.5,10.0,3.35,10.666666666666666,8.5,10.78125,-1.0134359511531341,-1.2158192416948692,-0.9080570725362148,-1.1554965731765168,-0.7573360053383242,0.11252310748337066,-0.7823605708050889
18,7,Steven Adams,31.0,OKC,C,6900,34.0,37.25,5.415,31.666666666666668,34.85,39.99473684210526,1.0690539275255933,0.8918609846782586,1.233027060238801,0.9309694284895357,0.8868301226269548,0.651675530207596,0.8093200617275402
19,0,Brandon Knight,12.5,CLE,PG/SG,4600,17.5,15.15,3.295,16.333333333333332,11.31,16.23214285714286,-0.6198644694945856,-0.6537711813287018,-0.508555969878926,-0.9329929881791122,-0.8011273549935739,-0.6782337791788267,-0.47263709548640653
19,1,Derrick Rose,40.3,DET,PG/SG,6500,28.5,36.7,5.625,27.666666666666668,32.62,37.80542168674699,1.027022021717399,0.3766502626759385,1.0725700779512437,0.7543918503599225,1.0540334576742714,1.3202245343856354,0.7392645994372363
19,2,Jayson Tatum,41.5,BOS,SF/PF,6700,34.5,35.15,5.234999999999999,33.333333333333336,36.53,36.38025,0.9085684689852142,0.9386983230421059,0.9681178945653083,1.063996482865208,0.743512978300683,1.4064889220215118,0.7102389911441641
19,3,Christian Wood,7.5,DET,PF/C,4400,20.5,23.450000000000003,5.305,20.666666666666668,19.990000000000002,23.260887096774194,0.01443519997453153,-0.37274715114561807,0.006587355741423949,-0.2456865405714714,0.7992474233164554,-1.0376687276616436,-0.07358539208812255
19,4,Andrew Wiggins,39.3,MIN,SG/SF,7000,34.0,36.55,5.215,34.666666666666664,37.989999999999995,35.84711538461538,1.0155587746788002,0.8918609846782586,0.9290439534160478,1.1796033277393039,0.7275888511533198,1.248337544689072,0.7887002815068003
19,5,Bruce Brown,46.5,DET,PG/SF,5000,28.5,25.15,5.050000000000001,28.333333333333332,24.07,25.297941176470587,0.1443519997453142,0.3766502626759385,0.15588497951416522,0.07737916291230429,0.5962148021875718,1.7659238705043288,0.07009722584671949
19,6,Daniel Theis,20.8,BOS,PF/C,4000,22.5,19.5,4.87,22.333333333333332,21.56,19.645522388059703,-0.2874303053752292,-0.18539779769022893,-0.2583861496077076,-0.12136959094658734,0.4528976578613001,-0.08157176469735045,-0.24942688131820528
19,7,Grant Williams,4.0,BOS,SF/PF,3200,15.0,8.8,2.74,18.333333333333332,9.6,7.200000000000001,-1.105141927461922,-0.8879578731479382,-1.170530278557244,-1.0683955256686362,-1.2430218833329103,-1.2892731915996154,-0.8157423699359179
20,0,Russell Westbrook,41.0,HOU,PG,8400,36.0,47.599999999999994,5.6850000000000005,36.0,48.300000000000004,47.599999999999994,1.8600179731888893,1.0792103381336478,1.7904240036764967,1.9959776911995322,1.101805839116362,1.37054542717323,1.4496400542755414
20,1,Derrick Rose,40.3,DET,PG/SG,6500,28.5,36.7,5.625,27.666666666666668,32.62,37.80542168674699,1.027022021717399,0.3766502626759385,1.0725700779512437,0.7543918503599225,1.0540334576742714,1.3202245343856354,0.7392645994372363
20,2,Mario Hezonja,15.0,POR,SF/PF,3100,12.5,11.3,3.625,15.333333333333334,11.66,9.21195652173913,-0.9140878101519472,-1.1221445649671746,-1.0230720785891356,-0.9052790185175139,-0.5383792570620765,-0.49851630493741816,-0.7176344166811439
20,3,Noah Vonleh,16.0,MIN,PF/C,3200,0.0,2.4,0.74,13.333333333333334,11.040000000000001,0.0,-1.5942404677754582,-2.2930780240633566,-1.6982251011335545,-0.9543723362037739,-2.835434598069258,-0.4266293152408548,-1.0475298554945691
20,4,Jarrett Culver,23.0,MIN,PG/SG,5100,28.5,24.8,4.85,27.666666666666668,23.099999999999998,25.54698795180723,0.11760442332191787,0.3766502626759385,0.17413785367034176,0.0005718755644456303,0.43697353071393624,0.07657961263508896,0.05815979925426156
20,5,Kevin Love,33.8,CLE,PF/C,7700,34.5,41.25,5.36,32.333333333333336,37.81,44.01417525773196,1.3747405152215533,0.9386983230421059,1.5276155104597084,1.1653504290561967,0.8430387729717055,0.8529591013579734,1.0541991298383984
20,6,Enes Kanter,24.3,BOS,C,5400,21.0,25.0,4.625,20.0,26.2,26.25,0.13288875270671582,-0.3259098127817708,0.22566227284257692,0.24603846399574603,0.2578271003060974,0.17003269924062142,0.10657846880252397
20,7,Anthony Tolliver,12.5,POR,PF/C,3100,16.0,9.6,3.08,15.0,9.040000000000003,10.24,-1.0440046099227303,-0.7942831964202436,-0.9477257979139131,-1.1127378771271932,-0.9723117218277312,-0.6782337791788267,-0.7837438910116816
21,0,Shai Gilgeous-Alexander,30.8,OKC,PG/SG,7100,36.0,35.3,4.98,36.666666666666664,34.92,34.658181818181816,0.9200317160238126,1.0792103381336478,0.841905885722412,0.9365122224218554,0.5404803571717994,0.6372981322682835,0.711011167862655
21,1,Deonte Burton,4.0,OKC,SG/SF,3300,0.0,3.0,0.91,9.333333333333334,4.840000000000001,0.0,-1.5483874796210642,-2.2930780240633566,-1.6982251011335545,-1.4453055130663746,-2.7000795173166687,-1.2892731915996154,-1.0762011094854538
21,2,Cedi Osman,18.0,CLE,SF/PF,4700,34.5,23.95,5.095,30.666666666666668,21.77,26.943749999999998,0.05264602343652626,0.9386983230421059,0.27650786772623165,-0.10474120914962823,0.6320440882691389,-0.282855335847728,0.0011765961602233526
21,3,Danuel House Jr.,5.5,HOU,SF/PF,4200,32.5,20.25,4.82,33.0,20.97,19.94318181818182,-0.23011407018223667,0.7513489695867167,-0.23657040791792205,-0.16808742551899608,0.41308733999289154,-1.1814427070547704,-0.20947572571806455
21,4,Derrick Rose,40.3,DET,PG/SG,6500,28.5,36.7,5.625,27.666666666666668,32.62,37.80542168674699,1.027022021717399,0.3766502626759385,1.0725700779512437,0.7543918503599225,1.0540334576742714,1.3202245343856354,0.7392645994372363
21,5,Christian Wood,7.5,DET,PF/C,4400,20.5,23.450000000000003,5.305,20.666666666666668,19.990000000000002,23.260887096774194,0.01443519997453153,-0.37274715114561807,0.006587355741423949,-0.2456865405714714,0.7992474233164554,-1.0376687276616436,-0.07358539208812255
21,6,Al Horford,42.0,PHI,PF/C,6000,32.0,34.05,5.67,32.333333333333336,28.729999999999997,33.69896907216494,0.8245046573688251,0.7045116312228694,0.77160427463598,0.44637087326387154,1.089862743755839,1.4424324168697933,0.554958766406629
21,7,Austin Rivers,10.3,HOU,PG/SG,3800,19.0,9.35,2.47,20.666666666666668,14.089999999999998,8.595967741935484,-1.0631100216537277,-0.51325916623716,-1.0682184799596195,-0.7128648862955593,-1.4579975998223171,-0.8363851565112661,-0.7293037244914505
22,0,Bruce Brown,46.5,DET,PG/SF,5000,28.5,25.15,5.050000000000001,28.333333333333332,24.07,25.297941176470587,0.1443519997453142,0.3766502626759385,0.15588497951416522,0.07737916291230429,0.5962148021875718,1.7659238705043288,0.07009722584671949
22,1,Matisse Thybulle,8.8,PHI,SG/SF,3000,14.5,11.05,3.675,17.0,11.469999999999999,9.425,-0.9331932218829446,-0.9347952115117855,-1.0074579201916483,-0.9203237449052388,-0.49856893919366796,-0.9442156410561111,-0.7325360893364308
22,2,Hamidou Diallo,10.8,OKC,SG/SF,3200,16.0,13.3,4.165,17.666666666666668,14.520000000000001,12.045283018867924,-0.7612445163039672,-0.7942831964202436,-0.8154148948109222,-0.6788162949970239,-0.10842782408326257,-0.8004416616629844,-0.6117085454722007
22,3,Daniel Theis,20.8,BOS,PF/C,4000,22.5,19.5,4.87,22.333333333333332,21.56,19.645522388059703,-0.2874303053752292,-0.18539779769022893,-0.2583861496077076,-0.12136959094658734,0.4528976578613001,-0.08157176469735045,-0.24942688131820528
22,4,Josh Richardson,42.8,PHI,SG/SF,5600,36.0,32.5,5.8149999999999995,35.666666666666664,30.0,32.80373831775701,0.7060511046366408,1.0792103381336478,0.7059919643426258,0.5469329917502431,1.205312665574224,1.4999420086270439,0.4766770992388889
22,5,Al Horford,42.0,PHI,PF/C,6000,32.0,34.05,5.67,32.333333333333336,28.729999999999997,33.69896907216494,0.8245046573688251,0.7045116312228694,0.77160427463598,0.44637087326387154,1.089862743755839,1.4424324168697933,0.554958766406629
22,6,Naz Reid,11.0,MIN,PF/C,3400,10.0,9.2,2.705,13.0,15.36,7.076923076923077,-1.0745732686923262,-1.356331256786411,-1.179550702874788,-0.6123027678091878,-1.2708891058407965,-0.7860642637236718,-0.7512994883560664
22,7,Josh Okogie,23.3,MIN,SG/SF,3300,20.0,13.100000000000001,3.9800000000000004,19.666666666666668,15.919999999999998,13.322033898305087,-0.7765288456887651,-0.41958448950946536,-0.7218406130333191,-0.5679604163506304,-0.2557260001963744,0.09814570954405803,-0.5918569282624839
23,0,Darius Garland,32.5,CLE,PG,4800,34.5,25.3,5.26,33.333333333333336,22.56,26.1855,0.15581524678391287,0.9386983230421059,0.22093500672366423,-0.042186820484877575,0.7634181372348876,0.7595060147524412,0.06023022148485398
23,1,Austin Rivers,10.3,HOU,PG/SG,3800,19.0,9.35,2.47,20.666666666666668,14.089999999999998,8.595967741935484,-1.0631100216537277,-0.51325916623716,-1.0682184799596195,-0.7128648862955593,-1.4579975998223171,-0.8363851565112661,-0.7293037244914505
23,2,Hamidou Diallo,10.8,OKC,SG/SF,3200,16.0,13.3,4.165,17.666666666666668,14.520000000000001,12.045283018867924,-0.7612445163039672,-0.7942831964202436,-0.8154148948109222,-0.6788162949970239,-0.10842782408326257,-0.8004416616629844,-0.6117085454722007
23,3,Anthony Tolliver,12.5,POR,PF/C,3100,16.0,9.6,3.08,15.0,9.040000000000003,10.24,-1.0440046099227303,-0.7942831964202436,-0.9477257979139131,-1.1127378771271932,-0.9723117218277312,-0.6782337791788267,-0.7837438910116816
23,4,Langston Galloway,14.5,DET,PG/SG,3200,21.0,15.55,4.87,22.666666666666668,16.91,14.406617647058823,-0.5892958107249896,-0.3259098127817708,-0.6423504423572424,-0.48956947359353764,0.4528976578613001,-0.5344597997856999,-0.5087126549125625
23,5,Matisse Thybulle,8.8,PHI,SG/SF,3000,14.5,11.05,3.675,17.0,11.469999999999999,9.425,-0.9331932218829446,-0.9347952115117855,-1.0074579201916483,-0.9203237449052388,-0.49856893919366796,-0.9442156410561111,-0.7325360893364308
23,6,Isaiah Hartenstein,12.0,HOU,PF/C,3300,11.0,10.75,3.265,13.333333333333334,14.95,8.868749999999999,-0.9561197159601417,-1.2626565800587164,-1.0482260097830474,-0.6447677036984888,-0.825013545714619,-0.7141772740271083,-0.7005766134544444
23,7,Sekou Doumbouya,13.3,DET,SF/PF,5800,33.0,27.6,4.75,25.0,16.72,36.432,0.3315850347090899,0.798186307950564,0.9719107011025759,-0.5046141999812626,0.35735289497711914,-0.6207241874215759,0.21165943625242295
24,0,Jeff Teague,26.3,MIN,PG,5200,25.5,26.3,5.029999999999999,26.0,26.98,25.79423076923077,0.23223689370790288,0.09562623249285476,0.19225851404167263,0.30780102495587974,0.5802906750402073,0.3138066786337482,0.15229404708399438
24,1,Shabazz Napier,17.5,MIN,PG/SG,5200,25.5,26.4,5.1,26.333333333333332,25.1,25.564556962025318,0.23987905840030171,0.09562623249285476,0.17542550307726898,0.15893741648786544,0.6360251200559797,-0.31879883069600967,0.1372728182309899
24,2,Semi Ojeleye,1.5,BOS,SF/PF,3000,0.0,3.25,1.085,9.0,5.630000000000001,0.0,-1.5292820678900667,-2.2930780240633566,-1.6982251011335545,-1.3827511244016235,-2.5607434047772384,-1.468990665841024,-1.0678169550000223
24,3,Mario Hezonja,15.0,POR,SF/PF,3100,12.5,11.3,3.625,15.333333333333334,11.66,9.21195652173913,-0.9140878101519472,-1.1221445649671746,-1.0230720785891356,-0.9052790185175139,-0.5383792570620765,-0.49851630493741816,-0.7176344166811439
24,4,Langston Galloway,14.5,DET,PG/SG,3200,21.0,15.55,4.87,22.666666666666668,16.91,14.406617647058823,-0.5892958107249896,-0.3259098127817708,-0.6423504423572424,-0.48956947359353764,0.4528976578613001,-0.5344597997856999,-0.5087126549125625
24,5,Thon Maker,23.5,DET,PF/C,3000,11.5,10.0,3.35,10.666666666666666,8.5,10.78125,-1.0134359511531341,-1.2158192416948692,-0.9080570725362148,-1.1554965731765168,-0.7573360053383242,0.11252310748337066,-0.7823605708050889
24,6,Isaiah Hartenstein,12.0,HOU,PF/C,3300,11.0,10.75,3.265,13.333333333333334,14.95,8.868749999999999,-0.9561197159601417,-1.2626565800587164,-1.0482260097830474,-0.6447677036984888,-0.825013545714619,-0.7141772740271083,-0.7005766134544444
24,7,James Ennis III,15.0,PHI,SF/PF,3700,17.5,14.100000000000001,3.81,19.666666666666668,13.559999999999999,12.546610169491526,-0.7001071987647751,-0.6537711813287018,-0.7786721528941154,-0.7548317546402654,-0.39108108094896427,-0.49851630493741816,-0.5561913678681637
25,0,Langston Galloway,14.5,DET,PG/SG,3200,21.0,15.55,4.87,22.666666666666668,16.91,14.406617647058823,-0.5892958107249896,-0.3259098127817708,-0.6423504423572424,-0.48956947359353764,0.4528976578613001,-0.5344597997856999,-0.5087126549125625
25,1,Matthew Dellavedova,10.3,CLE,PG/SG,3400,13.0,12.25,3.62,12.333333333333334,9.669999999999998,12.912162162162161,-0.8414872455741567,-1.0753072266033272,-0.7518805009615115,-1.0628527317363166,-0.5423602888489173,-0.8363851565112661,-0.6661452048979859
25,2,Matisse Thybulle,8.8,PHI,SG/SF,3000,14.5,11.05,3.675,17.0,11.469999999999999,9.425,-0.9331932218829446,-0.9347952115117855,-1.0074579201916483,-0.9203237449052388,-0.49856893919366796,-0.9442156410561111,-0.7325360893364308
25,3,James Ennis III,15.0,PHI,SF/PF,3700,17.5,14.100000000000001,3.81,19.666666666666668,13.559999999999999,12.546610169491526,-0.7001071987647751,-0.6537711813287018,-0.7786721528941154,-0.7548317546402654,-0.39108108094896427,-0.49851630493741816,-0.5561913678681637
25,4,Ben McLemore,15.0,HOU,SG/SF,3200,27.5,14.4,4.5,24.0,16.880000000000003,16.5,-0.6771807046875782,0.2829755859482439,-0.48892446606284334,-0.49194495670738875,0.15830130563507566,-0.49851630493741816,-0.5309641064470966
25,5,Josh Okogie,23.3,MIN,SG/SF,3300,20.0,13.100000000000001,3.9800000000000004,19.666666666666668,15.919999999999998,13.322033898305087,-0.7765288456887651,-0.41958448950946536,-0.7218406130333191,-0.5679604163506304,-0.2557260001963744,0.09814570954405803,-0.5918569282624839
25,6,Mike Muscala,14.5,OKC,PF/C,4000,13.0,9.75,2.44,12.333333333333334,8.330000000000002,10.277027027027026,-1.0325413628841318,-1.0753072266033272,-0.9450120520170305,-1.1689576441550074,-1.4818837905433626,-0.5344597997856999,-0.7457471974514525
25,7,Hamidou Diallo,10.8,OKC,SG/SF,3200,16.0,13.3,4.165,17.666666666666668,14.520000000000001,12.045283018867924,-0.7612445163039672,-0.7942831964202436,-0.8154148948109222,-0.6788162949970239,-0.10842782408326257,-0.8004416616629844,-0.6117085454722007
