Lineup Num,,Player Name,Actual FP,team,Pos,Salary,DFN_MinProj,Avg Proj,Avg Value Proj,Avg Skewed Min,Avg Skewed FP,Proj Min Enhanced,Avg Proj Stan,DFN_MinProj Stan,Proj Min Enhanced Stan,Avg Skewed FP Stan,Avg Value Proj Stan,Actual FP Stan,predictions
0,0,Tomas Satoransky,18.0,CHI,PG/SF,5500,33.5,28.95,5.285,31.333333333333332,26.369999999999997,30.95186170212766,0.5062242249718539,0.9526044584953182,0.5353043020969263,0.4316062490976365,0.609281119133942,-0.33840628378223553,0.36916206770885485
0,1,CJ McCollum,36.3,POR,PG/SG,6500,36.0,36.599999999999994,5.640000000000001,36.0,35.839999999999996,36.599999999999994,1.0916225497055987,1.179320342145561,0.9395025754774107,1.1961788405368945,0.8544718603595239,0.9543664487328702,0.8336396688101319
0,2,Josh Hart,21.3,NO,SG/SF,4800,35.0,28.3,5.895,31.333333333333332,25.519999999999996,31.61170212765958,0.4564844980336927,1.0886339886854637,0.5825245269995487,0.3629804093169216,1.0305947871553636,-0.10528333201721636,0.302818430845121
0,3,Tobias Harris,36.5,PHI,SF/PF,6800,34.5,38.7,5.695,36.666666666666664,36.0,36.413181818181826,1.2523201290442745,1.0432908119554152,0.9261332876617369,1.2090966456720882,0.8924591582958815,0.9684951124762049,0.9335362857989297
0,4,Rajon Rondo,51.0,LAL,PG,3800,30.5,29.4,7.72,21.666666666666668,21.22,41.38615384615384,0.5406594205444271,0.6805453981150269,1.2820145712402444,0.015814396308599793,2.291082400498143,1.9928232338679555,0.2734221377384426
0,5,Al Horford,38.0,PHI,PF/C,6700,32.5,36.349999999999994,5.405,31.666666666666668,30.109999999999996,37.306578947368415,1.0724918854986136,0.861918105035221,0.9900675537890963,0.7335599441327816,0.6921624964496317,1.0744600905512136,0.7894229734048547
0,6,Kevin Love,43.3,CLE,PF/C,7200,33.5,39.1,5.41,33.666666666666664,36.76,38.906435643564365,1.2829291917754506,0.9526044584953182,1.104558254999831,1.2704562200642566,0.6956158871711187,1.4488696797495775,0.9862242780455318
0,7,Damian Lillard,37.3,POR,PG,8700,37.0,48.3,5.56,35.333333333333336,47.0,50.578301886792445,1.9869376345925034,1.270006695605658,1.9398331604351202,2.097195748716633,0.7992176088157302,1.0250097674495426,1.5757675667850468
1,0,Rajon Rondo,51.0,LAL,PG,3800,30.5,29.4,7.72,21.666666666666668,21.22,41.38615384615384,0.5406594205444271,0.6805453981150269,1.2820145712402444,0.015814396308599793,2.291082400498143,1.9928232338679555,0.2734221377384426
1,1,CJ McCollum,36.3,POR,PG/SG,6500,36.0,36.599999999999994,5.640000000000001,36.0,35.839999999999996,36.599999999999994,1.0916225497055987,1.179320342145561,0.9395025754774107,1.1961788405368945,0.8544718603595239,0.9543664487328702,0.8336396688101319
1,2,Carmelo Anthony,36.8,POR,SF/PF,5600,35.0,32.25,5.77,31.666666666666668,29.389999999999997,35.64473684210526,0.7587489925040578,1.0886339886854637,0.8711409846873106,0.6754298210244115,0.944260019118187,0.9896881080912064,0.5555491019674665
1,3,Tobias Harris,36.5,PHI,SF/PF,6800,34.5,38.7,5.695,36.666666666666664,36.0,36.413181818181826,1.2523201290442745,1.0432908119554152,0.9261332876617369,1.2090966456720882,0.8924591582958815,0.9684951124762049,0.9335362857989297
1,4,Damian Lillard,37.3,POR,PG,8700,37.0,48.3,5.56,35.333333333333336,47.0,50.578301886792445,1.9869376345925034,1.270006695605658,1.9398331604351202,2.097195748716633,0.7992176088157302,1.0250097674495426,1.5757675667850468
1,5,Josh Richardson,18.0,PHI,SG/SF,6400,35.0,32.15,5.04,34.666666666666664,30.51,32.45913461538461,0.7510967268212636,1.0886339886854637,0.6431694209948,0.7658544569707655,0.44006497378107573,-0.33840628378223553,0.5816109774175221
1,6,Kevin Love,43.3,CLE,PF/C,7200,33.5,39.1,5.41,33.666666666666664,36.76,38.906435643564365,1.2829291917754506,0.9526044584953182,1.104558254999831,1.2704562200642566,0.6956158871711187,1.4488696797495775,0.9862242780455318
1,7,Josh Hart,21.3,NO,SG/SF,4800,35.0,28.3,5.895,31.333333333333332,25.519999999999996,31.61170212765958,0.4564844980336927,1.0886339886854637,0.5825245269995487,0.3629804093169216,1.0305947871553636,-0.10528333201721636,0.302818430845121
2,0,Rajon Rondo,51.0,LAL,PG,3800,30.5,29.4,7.72,21.666666666666668,21.22,41.38615384615384,0.5406594205444271,0.6805453981150269,1.2820145712402444,0.015814396308599793,2.291082400498143,1.9928232338679555,0.2734221377384426
2,1,CJ McCollum,36.3,POR,PG/SG,6500,36.0,36.599999999999994,5.640000000000001,36.0,35.839999999999996,36.599999999999994,1.0916225497055987,1.179320342145561,0.9395025754774107,1.1961788405368945,0.8544718603595239,0.9543664487328702,0.8336396688101319
2,2,Tobias Harris,36.5,PHI,SF/PF,6800,34.5,38.7,5.695,36.666666666666664,36.0,36.413181818181826,1.2523201290442745,1.0432908119554152,0.9261332876617369,1.2090966456720882,0.8924591582958815,0.9684951124762049,0.9335362857989297
2,3,Carmelo Anthony,36.8,POR,SF/PF,5600,35.0,32.25,5.77,31.666666666666668,29.389999999999997,35.64473684210526,0.7587489925040578,1.0886339886854637,0.8711409846873106,0.6754298210244115,0.944260019118187,0.9896881080912064,0.5555491019674665
2,4,Damian Lillard,37.3,POR,PG,8700,37.0,48.3,5.56,35.333333333333336,47.0,50.578301886792445,1.9869376345925034,1.270006695605658,1.9398331604351202,2.097195748716633,0.7992176088157302,1.0250097674495426,1.5757675667850468
2,5,Al Horford,38.0,PHI,PF/C,6700,32.5,36.349999999999994,5.405,31.666666666666668,30.109999999999996,37.306578947368415,1.0724918854986136,0.861918105035221,0.9900675537890963,0.7335599441327816,0.6921624964496317,1.0744600905512136,0.7894229734048547
2,6,Kevin Love,43.3,CLE,PF/C,7200,33.5,39.1,5.41,33.666666666666664,36.76,38.906435643564365,1.2829291917754506,0.9526044584953182,1.104558254999831,1.2704562200642566,0.6956158871711187,1.4488696797495775,0.9862242780455318
2,7,Kentavious Caldwell-Pope,17.3,LAL,SG/SF,3700,31.0,22.1,5.99,23.666666666666668,17.860000000000003,28.94788732394366,-0.017955974299538647,0.7258885748450754,0.39189368768866517,-0.2554595115304608,1.0962092108636183,-0.38785660688390616,-0.08552849361394746
3,0,Rajon Rondo,51.0,LAL,PG,3800,30.5,29.4,7.72,21.666666666666668,21.22,41.38615384615384,0.5406594205444271,0.6805453981150269,1.2820145712402444,0.015814396308599793,2.291082400498143,1.9928232338679555,0.2734221377384426
3,1,CJ McCollum,36.3,POR,PG/SG,6500,36.0,36.599999999999994,5.640000000000001,36.0,35.839999999999996,36.599999999999994,1.0916225497055987,1.179320342145561,0.9395025754774107,1.1961788405368945,0.8544718603595239,0.9543664487328702,0.8336396688101319
3,2,Tobias Harris,36.5,PHI,SF/PF,6800,34.5,38.7,5.695,36.666666666666664,36.0,36.413181818181826,1.2523201290442745,1.0432908119554152,0.9261332876617369,1.2090966456720882,0.8924591582958815,0.9684951124762049,0.9335362857989297
3,3,Carmelo Anthony,36.8,POR,SF/PF,5600,35.0,32.25,5.77,31.666666666666668,29.389999999999997,35.64473684210526,0.7587489925040578,1.0886339886854637,0.8711409846873106,0.6754298210244115,0.944260019118187,0.9896881080912064,0.5555491019674665
3,4,Nickeil Alexander-Walker,15.3,NO,PG/SG,3100,24.0,21.200000000000003,6.81,16.0,14.219999999999999,31.800000000000004,-0.08682636544468503,0.09108410062439577,0.5959997060527756,-0.5493395783561105,1.6625652891874967,-0.5291432443172511,-0.1930044049074874
3,5,Al Horford,38.0,PHI,PF/C,6700,32.5,36.349999999999994,5.405,31.666666666666668,30.109999999999996,37.306578947368415,1.0724918854986136,0.861918105035221,0.9900675537890963,0.7335599441327816,0.6921624964496317,1.0744600905512136,0.7894229734048547
3,6,Kevin Love,43.3,CLE,PF/C,7200,33.5,39.1,5.41,33.666666666666664,36.76,38.906435643564365,1.2829291917754506,0.9526044584953182,1.104558254999831,1.2704562200642566,0.6956158871711187,1.4488696797495775,0.9862242780455318
3,7,Damian Lillard,37.3,POR,PG,8700,37.0,48.3,5.56,35.333333333333336,47.0,50.578301886792445,1.9869376345925034,1.270006695605658,1.9398331604351202,2.097195748716633,0.7992176088157302,1.0250097674495426,1.5757675667850468
4,0,Rajon Rondo,51.0,LAL,PG,3800,30.5,29.4,7.72,21.666666666666668,21.22,41.38615384615384,0.5406594205444271,0.6805453981150269,1.2820145712402444,0.015814396308599793,2.291082400498143,1.9928232338679555,0.2734221377384426
4,1,Josh Hart,21.3,NO,SG/SF,4800,35.0,28.3,5.895,31.333333333333332,25.519999999999996,31.61170212765958,0.4564844980336927,1.0886339886854637,0.5825245269995487,0.3629804093169216,1.0305947871553636,-0.10528333201721636,0.302818430845121
4,2,Carmelo Anthony,36.8,POR,SF/PF,5600,35.0,32.25,5.77,31.666666666666668,29.389999999999997,35.64473684210526,0.7587489925040578,1.0886339886854637,0.8711409846873106,0.6754298210244115,0.944260019118187,0.9896881080912064,0.5555491019674665
4,3,Kevin Love,43.3,CLE,PF/C,7200,33.5,39.1,5.41,33.666666666666664,36.76,38.906435643564365,1.2829291917754506,0.9526044584953182,1.104558254999831,1.2704562200642566,0.6956158871711187,1.4488696797495775,0.9862242780455318
4,4,Dennis Schroder,26.0,OKC,PG/SG,5600,31.0,31.5,5.62,31.666666666666668,29.859999999999996,30.83684210526316,0.7013569998831024,0.7258885748450754,0.5270731434379636,0.713375873609042,0.8406582974735753,0.22674026595114413,0.5022057438907302
4,5,Tobias Harris,36.5,PHI,SF/PF,6800,34.5,38.7,5.695,36.666666666666664,36.0,36.413181818181826,1.2523201290442745,1.0432908119554152,0.9261332876617369,1.2090966456720882,0.8924591582958815,0.9684951124762049,0.9335362857989297
4,6,Al Horford,38.0,PHI,PF/C,6700,32.5,36.349999999999994,5.405,31.666666666666668,30.109999999999996,37.306578947368415,1.0724918854986136,0.861918105035221,0.9900675537890963,0.7335599441327816,0.6921624964496317,1.0744600905512136,0.7894229734048547
4,7,Ben Simmons,43.3,PHI,PG/SF,8500,37.0,45.15,5.295,37.666666666666664,44.83,44.350884955752214,1.7458912655844907,1.270006695605658,1.4941799135776457,1.9219980165705726,0.616187900576916,1.4488696797495775,1.3852476176548307
5,0,Rajon Rondo,51.0,LAL,PG,3800,30.5,29.4,7.72,21.666666666666668,21.22,41.38615384615384,0.5406594205444271,0.6805453981150269,1.2820145712402444,0.015814396308599793,2.291082400498143,1.9928232338679555,0.2734221377384426
5,1,CJ McCollum,36.3,POR,PG/SG,6500,36.0,36.599999999999994,5.640000000000001,36.0,35.839999999999996,36.599999999999994,1.0916225497055987,1.179320342145561,0.9395025754774107,1.1961788405368945,0.8544718603595239,0.9543664487328702,0.8336396688101319
5,2,Tim Hardaway Jr.,27.8,DAL,SG/SF,4700,30.0,23.950000000000003,5.07,28.0,23.630000000000003,25.66071428571429,0.12361094083215148,0.6352022213849783,0.1566534020788553,0.21038883615745035,0.4607853181099983,0.35389823964115463,0.08204454350684795
5,3,Kevin Love,43.3,CLE,PF/C,7200,33.5,39.1,5.41,33.666666666666664,36.76,38.906435643564365,1.2829291917754506,0.9526044584953182,1.104558254999831,1.2704562200642566,0.6956158871711187,1.4488696797495775,0.9862242780455318
5,4,Josh Hart,21.3,NO,SG/SF,4800,35.0,28.3,5.895,31.333333333333332,25.519999999999996,31.61170212765958,0.4564844980336927,1.0886339886854637,0.5825245269995487,0.3629804093169216,1.0305947871553636,-0.10528333201721636,0.302818430845121
5,5,Tobias Harris,36.5,PHI,SF/PF,6800,34.5,38.7,5.695,36.666666666666664,36.0,36.413181818181826,1.2523201290442745,1.0432908119554152,0.9261332876617369,1.2090966456720882,0.8924591582958815,0.9684951124762049,0.9335362857989297
5,6,Al Horford,38.0,PHI,PF/C,6700,32.5,36.349999999999994,5.405,31.666666666666668,30.109999999999996,37.306578947368415,1.0724918854986136,0.861918105035221,0.9900675537890963,0.7335599441327816,0.6921624964496317,1.0744600905512136,0.7894229734048547
5,7,Damian Lillard,37.3,POR,PG,8700,37.0,48.3,5.56,35.333333333333336,47.0,50.578301886792445,1.9869376345925034,1.270006695605658,1.9398331604351202,2.097195748716633,0.7992176088157302,1.0250097674495426,1.5757675667850468
6,0,Rajon Rondo,51.0,LAL,PG,3800,30.5,29.4,7.72,21.666666666666668,21.22,41.38615384615384,0.5406594205444271,0.6805453981150269,1.2820145712402444,0.015814396308599793,2.291082400498143,1.9928232338679555,0.2734221377384426
6,1,Seth Curry,15.5,DAL,PG/SG,4000,25.0,19.4,4.855,26.0,18.4,18.65384615384615,-0.22456714773497832,0.18177045408449286,-0.3447797872912994,-0.2118619191991835,0.3122895170860545,-0.5150145805739167,-0.21240904184364698
6,2,Ben Simmons,43.3,PHI,PG/SF,8500,37.0,45.15,5.295,37.666666666666664,44.83,44.350884955752214,1.7458912655844907,1.270006695605658,1.4941799135776457,1.9219980165705726,0.616187900576916,1.4488696797495775,1.3852476176548307
6,3,Carmelo Anthony,36.8,POR,SF/PF,5600,35.0,32.25,5.77,31.666666666666668,29.389999999999997,35.64473684210526,0.7587489925040578,1.0886339886854637,0.8711409846873106,0.6754298210244115,0.944260019118187,0.9896881080912064,0.5555491019674665
6,4,Damian Lillard,37.3,POR,PG,8700,37.0,48.3,5.56,35.333333333333336,47.0,50.578301886792445,1.9869376345925034,1.270006695605658,1.9398331604351202,2.097195748716633,0.7992176088157302,1.0250097674495426,1.5757675667850468
6,5,Josh Hart,21.3,NO,SG/SF,4800,35.0,28.3,5.895,31.333333333333332,25.519999999999996,31.61170212765958,0.4564844980336927,1.0886339886854637,0.5825245269995487,0.3629804093169216,1.0305947871553636,-0.10528333201721636,0.302818430845121
6,6,Kevin Love,43.3,CLE,PF/C,7200,33.5,39.1,5.41,33.666666666666664,36.76,38.906435643564365,1.2829291917754506,0.9526044584953182,1.104558254999831,1.2704562200642566,0.6956158871711187,1.4488696797495775,0.9862242780455318
6,7,Tobias Harris,36.5,PHI,SF/PF,6800,34.5,38.7,5.695,36.666666666666664,36.0,36.413181818181826,1.2523201290442745,1.0432908119554152,0.9261332876617369,1.2090966456720882,0.8924591582958815,0.9684951124762049,0.9335362857989297
7,0,CJ McCollum,36.3,POR,PG/SG,6500,36.0,36.599999999999994,5.640000000000001,36.0,35.839999999999996,36.599999999999994,1.0916225497055987,1.179320342145561,0.9395025754774107,1.1961788405368945,0.8544718603595239,0.9543664487328702,0.8336396688101319
7,1,Anfernee Simons,14.8,POR,PG/SG,3600,25.5,19.05,5.305,24.0,16.43,20.240625,-0.25135007762475736,0.22711363081454142,-0.23122497754209922,-0.3709123949262519,0.6230946820198899,-0.5644649036755873,-0.2603710197280773
7,2,Carmelo Anthony,36.8,POR,SF/PF,5600,35.0,32.25,5.77,31.666666666666668,29.389999999999997,35.64473684210526,0.7587489925040578,1.0886339886854637,0.8711409846873106,0.6754298210244115,0.944260019118187,0.9896881080912064,0.5555491019674665
7,3,Kevin Love,43.3,CLE,PF/C,7200,33.5,39.1,5.41,33.666666666666664,36.76,38.906435643564365,1.2829291917754506,0.9526044584953182,1.104558254999831,1.2704562200642566,0.6956158871711187,1.4488696797495775,0.9862242780455318
7,4,Damian Lillard,37.3,POR,PG,8700,37.0,48.3,5.56,35.333333333333336,47.0,50.578301886792445,1.9869376345925034,1.270006695605658,1.9398331604351202,2.097195748716633,0.7992176088157302,1.0250097674495426,1.5757675667850468
7,5,Tobias Harris,36.5,PHI,SF/PF,6800,34.5,38.7,5.695,36.666666666666664,36.0,36.413181818181826,1.2523201290442745,1.0432908119554152,0.9261332876617369,1.2090966456720882,0.8924591582958815,0.9684951124762049,0.9335362857989297
7,6,Al Horford,38.0,PHI,PF/C,6700,32.5,36.349999999999994,5.405,31.666666666666668,30.109999999999996,37.306578947368415,1.0724918854986136,0.861918105035221,0.9900675537890963,0.7335599441327816,0.6921624964496317,1.0744600905512136,0.7894229734048547
7,7,Rajon Rondo,51.0,LAL,PG,3800,30.5,29.4,7.72,21.666666666666668,21.22,41.38615384615384,0.5406594205444271,0.6805453981150269,1.2820145712402444,0.015814396308599793,2.291082400498143,1.9928232338679555,0.2734221377384426
8,0,Damian Lillard,37.3,POR,PG,8700,37.0,48.3,5.56,35.333333333333336,47.0,50.578301886792445,1.9869376345925034,1.270006695605658,1.9398331604351202,2.097195748716633,0.7992176088157302,1.0250097674495426,1.5757675667850468
8,1,CJ McCollum,36.3,POR,PG/SG,6500,36.0,36.599999999999994,5.640000000000001,36.0,35.839999999999996,36.599999999999994,1.0916225497055987,1.179320342145561,0.9395025754774107,1.1961788405368945,0.8544718603595239,0.9543664487328702,0.8336396688101319
8,2,Kentavious Caldwell-Pope,17.3,LAL,SG/SF,3700,31.0,22.1,5.99,23.666666666666668,17.860000000000003,28.94788732394366,-0.017955974299538647,0.7258885748450754,0.39189368768866517,-0.2554595115304608,1.0962092108636183,-0.38785660688390616,-0.08552849361394746
8,3,Tobias Harris,36.5,PHI,SF/PF,6800,34.5,38.7,5.695,36.666666666666664,36.0,36.413181818181826,1.2523201290442745,1.0432908119554152,0.9261332876617369,1.2090966456720882,0.8924591582958815,0.9684951124762049,0.9335362857989297
8,4,Anfernee Simons,14.8,POR,PG/SG,3600,25.5,19.05,5.305,24.0,16.43,20.240625,-0.25135007762475736,0.22711363081454142,-0.23122497754209922,-0.3709123949262519,0.6230946820198899,-0.5644649036755873,-0.2603710197280773
8,5,Brandon Ingram,30.3,NO,SF/PF,8400,37.5,45.45,5.41,36.333333333333336,45.25,46.90940366972477,1.768848062632873,1.3153498723357064,1.6772754385206041,1.9559072550504553,0.6956158871711187,0.5305065364328357,1.410799927806324
8,6,Al Horford,38.0,PHI,PF/C,6700,32.5,36.349999999999994,5.405,31.666666666666668,30.109999999999996,37.306578947368415,1.0724918854986136,0.861918105035221,0.9900675537890963,0.7335599441327816,0.6921624964496317,1.0744600905512136,0.7894229734048547
8,7,Carmelo Anthony,36.8,POR,SF/PF,5600,35.0,32.25,5.77,31.666666666666668,29.389999999999997,35.64473684210526,0.7587489925040578,1.0886339886854637,0.8711409846873106,0.6754298210244115,0.944260019118187,0.9896881080912064,0.5555491019674665
9,0,Tomas Satoransky,18.0,CHI,PG/SF,5500,33.5,28.95,5.285,31.333333333333332,26.369999999999997,30.95186170212766,0.5062242249718539,0.9526044584953182,0.5353043020969263,0.4316062490976365,0.609281119133942,-0.33840628378223553,0.36916206770885485
9,1,CJ McCollum,36.3,POR,PG/SG,6500,36.0,36.599999999999994,5.640000000000001,36.0,35.839999999999996,36.599999999999994,1.0916225497055987,1.179320342145561,0.9395025754774107,1.1961788405368945,0.8544718603595239,0.9543664487328702,0.8336396688101319
9,2,Josh Hart,21.3,NO,SG/SF,4800,35.0,28.3,5.895,31.333333333333332,25.519999999999996,31.61170212765958,0.4564844980336927,1.0886339886854637,0.5825245269995487,0.3629804093169216,1.0305947871553636,-0.10528333201721636,0.302818430845121
9,3,Tobias Harris,36.5,PHI,SF/PF,6800,34.5,38.7,5.695,36.666666666666664,36.0,36.413181818181826,1.2523201290442745,1.0432908119554152,0.9261332876617369,1.2090966456720882,0.8924591582958815,0.9684951124762049,0.9335362857989297
9,4,Damian Lillard,37.3,POR,PG,8700,37.0,48.3,5.56,35.333333333333336,47.0,50.578301886792445,1.9869376345925034,1.270006695605658,1.9398331604351202,2.097195748716633,0.7992176088157302,1.0250097674495426,1.5757675667850468
9,5,Kent Bazemore,22.0,POR,SG/SF,3800,29.0,22.450000000000003,5.925,28.333333333333332,18.509999999999998,22.97823529411765,0.008826955590240652,0.5445158679248813,-0.035313104334634034,-0.2029809281687381,1.0513151314842861,-0.05583300891554569,-0.09189690840678598
9,6,Al Horford,38.0,PHI,PF/C,6700,32.5,36.349999999999994,5.405,31.666666666666668,30.109999999999996,37.306578947368415,1.0724918854986136,0.861918105035221,0.9900675537890963,0.7335599441327816,0.6921624964496317,1.0744600905512136,0.7894229734048547
9,7,Kevin Love,43.3,CLE,PF/C,7200,33.5,39.1,5.41,33.666666666666664,36.76,38.906435643564365,1.2829291917754506,0.9526044584953182,1.104558254999831,1.2704562200642566,0.6956158871711187,1.4488696797495775,0.9862242780455318
10,0,Rajon Rondo,51.0,LAL,PG,3800,30.5,29.4,7.72,21.666666666666668,21.22,41.38615384615384,0.5406594205444271,0.6805453981150269,1.2820145712402444,0.015814396308599793,2.291082400498143,1.9928232338679555,0.2734221377384426
10,1,Josh Hart,21.3,NO,SG/SF,4800,35.0,28.3,5.895,31.333333333333332,25.519999999999996,31.61170212765958,0.4564844980336927,1.0886339886854637,0.5825245269995487,0.3629804093169216,1.0305947871553636,-0.10528333201721636,0.302818430845121
10,2,Ben Simmons,43.3,PHI,PG/SF,8500,37.0,45.15,5.295,37.666666666666664,44.83,44.350884955752214,1.7458912655844907,1.270006695605658,1.4941799135776457,1.9219980165705726,0.616187900576916,1.4488696797495775,1.3852476176548307
10,3,Brandon Ingram,30.3,NO,SF/PF,8400,37.5,45.45,5.41,36.333333333333336,45.25,46.90940366972477,1.768848062632873,1.3153498723357064,1.6772754385206041,1.9559072550504553,0.6956158871711187,0.5305065364328357,1.410799927806324
10,4,Seth Curry,15.5,DAL,PG/SG,4000,25.0,19.4,4.855,26.0,18.4,18.65384615384615,-0.22456714773497832,0.18177045408449286,-0.3447797872912994,-0.2118619191991835,0.3122895170860545,-0.5150145805739167,-0.21240904184364698
10,5,Tobias Harris,36.5,PHI,SF/PF,6800,34.5,38.7,5.695,36.666666666666664,36.0,36.413181818181826,1.2523201290442745,1.0432908119554152,0.9261332876617369,1.2090966456720882,0.8924591582958815,0.9684951124762049,0.9335362857989297
10,6,Al Horford,38.0,PHI,PF/C,6700,32.5,36.349999999999994,5.405,31.666666666666668,30.109999999999996,37.306578947368415,1.0724918854986136,0.861918105035221,0.9900675537890963,0.7335599441327816,0.6921624964496317,1.0744600905512136,0.7894229734048547
10,7,Jaylen Brown,22.5,BOS,SG/SF,6900,34.0,35.25,5.085,32.666666666666664,34.59,36.68877551020408,0.9883169629878794,0.9979476352253667,0.9458556259961065,1.0952584879181968,0.47114549027445923,-0.020511349557209464,0.7852159394227438
11,0,Rajon Rondo,51.0,LAL,PG,3800,30.5,29.4,7.72,21.666666666666668,21.22,41.38615384615384,0.5406594205444271,0.6805453981150269,1.2820145712402444,0.015814396308599793,2.291082400498143,1.9928232338679555,0.2734221377384426
11,1,Nickeil Alexander-Walker,15.3,NO,PG/SG,3100,24.0,21.200000000000003,6.81,16.0,14.219999999999999,31.800000000000004,-0.08682636544468503,0.09108410062439577,0.5959997060527756,-0.5493395783561105,1.6625652891874967,-0.5291432443172511,-0.1930044049074874
11,2,Brandon Ingram,30.3,NO,SF/PF,8400,37.5,45.45,5.41,36.333333333333336,45.25,46.90940366972477,1.768848062632873,1.3153498723357064,1.6772754385206041,1.9559072550504553,0.6956158871711187,0.5305065364328357,1.410799927806324
11,3,Michael Porter Jr.,-0.5,DEN,SF/PF,3600,16.0,18.4,5.13,14.666666666666666,13.360000000000003,20.07272727272727,-0.3010898045629189,-0.6344067270563809,-0.24324025901877797,-0.6187727809577745,0.5022260067678428,-1.645307680040676,-0.31605277371598073
11,4,Damian Lillard,37.3,POR,PG,8700,37.0,48.3,5.56,35.333333333333336,47.0,50.578301886792445,1.9869376345925034,1.270006695605658,1.9398331604351202,2.097195748716633,0.7992176088157302,1.0250097674495426,1.5757675667850468
11,5,Kevin Love,43.3,CLE,PF/C,7200,33.5,39.1,5.41,33.666666666666664,36.76,38.906435643564365,1.2829291917754506,0.9526044584953182,1.104558254999831,1.2704562200642566,0.6956158871711187,1.4488696797495775,0.9862242780455318
11,6,Al Horford,38.0,PHI,PF/C,6700,32.5,36.349999999999994,5.405,31.666666666666668,30.109999999999996,37.306578947368415,1.0724918854986136,0.861918105035221,0.9900675537890963,0.7335599441327816,0.6921624964496317,1.0744600905512136,0.7894229734048547
11,7,Tobias Harris,36.5,PHI,SF/PF,6800,34.5,38.7,5.695,36.666666666666664,36.0,36.413181818181826,1.2523201290442745,1.0432908119554152,0.9261332876617369,1.2090966456720882,0.8924591582958815,0.9684951124762049,0.9335362857989297
12,0,Damian Lillard,37.3,POR,PG,8700,37.0,48.3,5.56,35.333333333333336,47.0,50.578301886792445,1.9869376345925034,1.270006695605658,1.9398331604351202,2.097195748716633,0.7992176088157302,1.0250097674495426,1.5757675667850468
12,1,Shai Gilgeous-Alexander,38.0,OKC,PG/SG,6600,36.0,33.75,5.095,35.333333333333336,33.910000000000004,34.386792452830186,0.8735329777459686,1.179320342145561,0.7811185873346838,1.0403578160936249,0.47805227171743325,1.0744600905512136,0.695127580228838
12,2,Carmelo Anthony,36.8,POR,SF/PF,5600,35.0,32.25,5.77,31.666666666666668,29.389999999999997,35.64473684210526,0.7587489925040578,1.0886339886854637,0.8711409846873106,0.6754298210244115,0.944260019118187,0.9896881080912064,0.5555491019674665
12,3,Al Horford,38.0,PHI,PF/C,6700,32.5,36.349999999999994,5.405,31.666666666666668,30.109999999999996,37.306578947368415,1.0724918854986136,0.861918105035221,0.9900675537890963,0.7335599441327816,0.6921624964496317,1.0744600905512136,0.7894229734048547
12,4,CJ McCollum,36.3,POR,PG/SG,6500,36.0,36.599999999999994,5.640000000000001,36.0,35.839999999999996,36.599999999999994,1.0916225497055987,1.179320342145561,0.9395025754774107,1.1961788405368945,0.8544718603595239,0.9543664487328702,0.8336396688101319
12,5,Josh Hart,21.3,NO,SG/SF,4800,35.0,28.3,5.895,31.333333333333332,25.519999999999996,31.61170212765958,0.4564844980336927,1.0886339886854637,0.5825245269995487,0.3629804093169216,1.0305947871553636,-0.10528333201721636,0.302818430845121
12,6,Kevin Love,43.3,CLE,PF/C,7200,33.5,39.1,5.41,33.666666666666664,36.76,38.906435643564365,1.2829291917754506,0.9526044584953182,1.104558254999831,1.2704562200642566,0.6956158871711187,1.4488696797495775,0.9862242780455318
12,7,Kentavious Caldwell-Pope,17.3,LAL,SG/SF,3700,31.0,22.1,5.99,23.666666666666668,17.860000000000003,28.94788732394366,-0.017955974299538647,0.7258885748450754,0.39189368768866517,-0.2554595115304608,1.0962092108636183,-0.38785660688390616,-0.08552849361394746
13,0,Ben Simmons,43.3,PHI,PG/SF,8500,37.0,45.15,5.295,37.666666666666664,44.83,44.350884955752214,1.7458912655844907,1.270006695605658,1.4941799135776457,1.9219980165705726,0.616187900576916,1.4488696797495775,1.3852476176548307
13,1,Anfernee Simons,14.8,POR,PG/SG,3600,25.5,19.05,5.305,24.0,16.43,20.240625,-0.25135007762475736,0.22711363081454142,-0.23122497754209922,-0.3709123949262519,0.6230946820198899,-0.5644649036755873,-0.2603710197280773
13,2,Tony Snell,15.8,DET,SF/PF,4200,27.5,16.55,3.925,29.333333333333332,15.65,15.515625,-0.44265671969460874,0.4084863377347356,-0.5693606146319751,-0.43388669496031956,-0.3300411571105401,-0.49382158495891487,-0.33972063154167703
13,3,Carmelo Anthony,36.8,POR,SF/PF,5600,35.0,32.25,5.77,31.666666666666668,29.389999999999997,35.64473684210526,0.7587489925040578,1.0886339886854637,0.8711409846873106,0.6754298210244115,0.944260019118187,0.9896881080912064,0.5555491019674665
13,4,Rajon Rondo,51.0,LAL,PG,3800,30.5,29.4,7.72,21.666666666666668,21.22,41.38615384615384,0.5406594205444271,0.6805453981150269,1.2820145712402444,0.015814396308599793,2.291082400498143,1.9928232338679555,0.2734221377384426
13,5,Brandon Ingram,30.3,NO,SF/PF,8400,37.5,45.45,5.41,36.333333333333336,45.25,46.90940366972477,1.768848062632873,1.3153498723357064,1.6772754385206041,1.9559072550504553,0.6956158871711187,0.5305065364328357,1.410799927806324
13,6,Kevin Love,43.3,CLE,PF/C,7200,33.5,39.1,5.41,33.666666666666664,36.76,38.906435643564365,1.2829291917754506,0.9526044584953182,1.104558254999831,1.2704562200642566,0.6956158871711187,1.4488696797495775,0.9862242780455318
13,7,Damian Lillard,37.3,POR,PG,8700,37.0,48.3,5.56,35.333333333333336,47.0,50.578301886792445,1.9869376345925034,1.270006695605658,1.9398331604351202,2.097195748716633,0.7992176088157302,1.0250097674495426,1.5757675667850468
14,0,Rajon Rondo,51.0,LAL,PG,3800,30.5,29.4,7.72,21.666666666666668,21.22,41.38615384615384,0.5406594205444271,0.6805453981150269,1.2820145712402444,0.015814396308599793,2.291082400498143,1.9928232338679555,0.2734221377384426
14,1,Josh Hart,21.3,NO,SG/SF,4800,35.0,28.3,5.895,31.333333333333332,25.519999999999996,31.61170212765958,0.4564844980336927,1.0886339886854637,0.5825245269995487,0.3629804093169216,1.0305947871553636,-0.10528333201721636,0.302818430845121
14,2,Ben Simmons,43.3,PHI,PG/SF,8500,37.0,45.15,5.295,37.666666666666664,44.83,44.350884955752214,1.7458912655844907,1.270006695605658,1.4941799135776457,1.9219980165705726,0.616187900576916,1.4488696797495775,1.3852476176548307
14,3,Daniel Theis,18.0,BOS,PF/C,4500,23.0,21.95,4.895,23.666666666666668,22.110000000000003,21.33169014084507,-0.02943437282372989,0.00039774716429868273,-0.15314497616512526,0.08766968737311329,0.3399166428579505,-0.33840628378223553,-0.04737795622789356
14,4,Damian Lillard,37.3,POR,PG,8700,37.0,48.3,5.56,35.333333333333336,47.0,50.578301886792445,1.9869376345925034,1.270006695605658,1.9398331604351202,2.097195748716633,0.7992176088157302,1.0250097674495426,1.5757675667850468
14,5,Tomas Satoransky,18.0,CHI,PG/SF,5500,33.5,28.95,5.285,31.333333333333332,26.369999999999997,30.95186170212766,0.5062242249718539,0.9526044584953182,0.5353043020969263,0.4316062490976365,0.609281119133942,-0.33840628378223553,0.36916206770885485
14,6,Kevin Love,43.3,CLE,PF/C,7200,33.5,39.1,5.41,33.666666666666664,36.76,38.906435643564365,1.2829291917754506,0.9526044584953182,1.104558254999831,1.2704562200642566,0.6956158871711187,1.4488696797495775,0.9862242780455318
14,7,Carmelo Anthony,36.8,POR,SF/PF,5600,35.0,32.25,5.77,31.666666666666668,29.389999999999997,35.64473684210526,0.7587489925040578,1.0886339886854637,0.8711409846873106,0.6754298210244115,0.944260019118187,0.9896881080912064,0.5555491019674665
15,0,Rajon Rondo,51.0,LAL,PG,3800,30.5,29.4,7.72,21.666666666666668,21.22,41.38615384615384,0.5406594205444271,0.6805453981150269,1.2820145712402444,0.015814396308599793,2.291082400498143,1.9928232338679555,0.2734221377384426
15,1,Kentavious Caldwell-Pope,17.3,LAL,SG/SF,3700,31.0,22.1,5.99,23.666666666666668,17.860000000000003,28.94788732394366,-0.017955974299538647,0.7258885748450754,0.39189368768866517,-0.2554595115304608,1.0962092108636183,-0.38785660688390616,-0.08552849361394746
15,2,Tobias Harris,36.5,PHI,SF/PF,6800,34.5,38.7,5.695,36.666666666666664,36.0,36.413181818181826,1.2523201290442745,1.0432908119554152,0.9261332876617369,1.2090966456720882,0.8924591582958815,0.9684951124762049,0.9335362857989297
15,3,James Ennis III,8.5,PHI,SF/PF,3400,17.0,14.8,4.355,19.0,13.84,13.242105263157896,-0.5765713691435047,-0.5437203735962839,-0.7320607299025595,-0.5800193655521947,-0.03304955506265205,-1.0095178115906238,-0.4833555174895847
15,4,Ben Simmons,43.3,PHI,PG/SF,8500,37.0,45.15,5.295,37.666666666666664,44.83,44.350884955752214,1.7458912655844907,1.270006695605658,1.4941799135776457,1.9219980165705726,0.616187900576916,1.4488696797495775,1.3852476176548307
15,5,Tomas Satoransky,18.0,CHI,PG/SF,5500,33.5,28.95,5.285,31.333333333333332,26.369999999999997,30.95186170212766,0.5062242249718539,0.9526044584953182,0.5353043020969263,0.4316062490976365,0.609281119133942,-0.33840628378223553,0.36916206770885485
15,6,Al Horford,38.0,PHI,PF/C,6700,32.5,36.349999999999994,5.405,31.666666666666668,30.109999999999996,37.306578947368415,1.0724918854986136,0.861918105035221,0.9900675537890963,0.7335599441327816,0.6921624964496317,1.0744600905512136,0.7894229734048547
15,7,Damian Lillard,37.3,POR,PG,8700,37.0,48.3,5.56,35.333333333333336,47.0,50.578301886792445,1.9869376345925034,1.270006695605658,1.9398331604351202,2.097195748716633,0.7992176088157302,1.0250097674495426,1.5757675667850468
16,0,Ben Simmons,43.3,PHI,PG/SF,8500,37.0,45.15,5.295,37.666666666666664,44.83,44.350884955752214,1.7458912655844907,1.270006695605658,1.4941799135776457,1.9219980165705726,0.616187900576916,1.4488696797495775,1.3852476176548307
16,1,Josh Hart,21.3,NO,SG/SF,4800,35.0,28.3,5.895,31.333333333333332,25.519999999999996,31.61170212765958,0.4564844980336927,1.0886339886854637,0.5825245269995487,0.3629804093169216,1.0305947871553636,-0.10528333201721636,0.302818430845121
16,2,Carmelo Anthony,36.8,POR,SF/PF,5600,35.0,32.25,5.77,31.666666666666668,29.389999999999997,35.64473684210526,0.7587489925040578,1.0886339886854637,0.8711409846873106,0.6754298210244115,0.944260019118187,0.9896881080912064,0.5555491019674665
16,3,Al Horford,38.0,PHI,PF/C,6700,32.5,36.349999999999994,5.405,31.666666666666668,30.109999999999996,37.306578947368415,1.0724918854986136,0.861918105035221,0.9900675537890963,0.7335599441327816,0.6921624964496317,1.0744600905512136,0.7894229734048547
16,4,Anfernee Simons,14.8,POR,PG/SG,3600,25.5,19.05,5.305,24.0,16.43,20.240625,-0.25135007762475736,0.22711363081454142,-0.23122497754209922,-0.3709123949262519,0.6230946820198899,-0.5644649036755873,-0.2603710197280773
16,5,D.J. Wilson,6.8,MIL,PF/C,3000,0.0,1.9,0.625,5.666666666666667,4.999999999999999,0.0,-1.563713642223938,-2.0853883824179342,-1.6797068038854361,-1.293728099271629,-2.6092790332920033,-1.129611453408967,-1.0750233143536077
16,6,Kevin Love,43.3,CLE,PF/C,7200,33.5,39.1,5.41,33.666666666666664,36.76,38.906435643564365,1.2829291917754506,0.9526044584953182,1.104558254999831,1.2704562200642566,0.6956158871711187,1.4488696797495775,0.9862242780455318
16,7,Tobias Harris,36.5,PHI,SF/PF,6800,34.5,38.7,5.695,36.666666666666664,36.0,36.413181818181826,1.2523201290442745,1.0432908119554152,0.9261332876617369,1.2090966456720882,0.8924591582958815,0.9684951124762049,0.9335362857989297
17,0,Rajon Rondo,51.0,LAL,PG,3800,30.5,29.4,7.72,21.666666666666668,21.22,41.38615384615384,0.5406594205444271,0.6805453981150269,1.2820145712402444,0.015814396308599793,2.291082400498143,1.9928232338679555,0.2734221377384426
17,1,Josh Hart,21.3,NO,SG/SF,4800,35.0,28.3,5.895,31.333333333333332,25.519999999999996,31.61170212765958,0.4564844980336927,1.0886339886854637,0.5825245269995487,0.3629804093169216,1.0305947871553636,-0.10528333201721636,0.302818430845121
17,2,Thanasis Antetokounmpo,0.8,MIL,SF/PF,3000,0.0,2.25,0.75,3.0,2.79,0.0,-1.5369307123341587,-2.0853883824179342,-1.6797068038854361,-1.4721552827014874,-2.522944265254827,-1.5534713657090018,-1.0816788862171736
17,3,Al Horford,38.0,PHI,PF/C,6700,32.5,36.349999999999994,5.405,31.666666666666668,30.109999999999996,37.306578947368415,1.0724918854986136,0.861918105035221,0.9900675537890963,0.7335599441327816,0.6921624964496317,1.0744600905512136,0.7894229734048547
17,4,CJ McCollum,36.3,POR,PG/SG,6500,36.0,36.599999999999994,5.640000000000001,36.0,35.839999999999996,36.599999999999994,1.0916225497055987,1.179320342145561,0.9395025754774107,1.1961788405368945,0.8544718603595239,0.9543664487328702,0.8336396688101319
17,5,Kent Bazemore,22.0,POR,SG/SF,3800,29.0,22.450000000000003,5.925,28.333333333333332,18.509999999999998,22.97823529411765,0.008826955590240652,0.5445158679248813,-0.035313104334634034,-0.2029809281687381,1.0513151314842861,-0.05583300891554569,-0.09189690840678598
17,6,Kevin Love,43.3,CLE,PF/C,7200,33.5,39.1,5.41,33.666666666666664,36.76,38.906435643564365,1.2829291917754506,0.9526044584953182,1.104558254999831,1.2704562200642566,0.6956158871711187,1.4488696797495775,0.9862242780455318
17,7,Brandon Ingram,30.3,NO,SF/PF,8400,37.5,45.45,5.41,36.333333333333336,45.25,46.90940366972477,1.768848062632873,1.3153498723357064,1.6772754385206041,1.9559072550504553,0.6956158871711187,0.5305065364328357,1.410799927806324
18,0,Ben Simmons,43.3,PHI,PG/SF,8500,37.0,45.15,5.295,37.666666666666664,44.83,44.350884955752214,1.7458912655844907,1.270006695605658,1.4941799135776457,1.9219980165705726,0.616187900576916,1.4488696797495775,1.3852476176548307
18,1,Jalen Brunson,6.8,DAL,PG/SG,3000,14.0,13.100000000000001,4.359999999999999,15.0,14.419999999999998,12.226666666666668,-0.7066598857510036,-0.8157794339765752,-0.8047286614899057,-0.5331923219371189,-0.02959616434116567,-1.129611453408967,-0.5707123766278078
18,2,Kentavious Caldwell-Pope,17.3,LAL,SG/SF,3700,31.0,22.1,5.99,23.666666666666668,17.860000000000003,28.94788732394366,-0.017955974299538647,0.7258885748450754,0.39189368768866517,-0.2554595115304608,1.0962092108636183,-0.38785660688390616,-0.08552849361394746
18,3,Al Horford,38.0,PHI,PF/C,6700,32.5,36.349999999999994,5.405,31.666666666666668,30.109999999999996,37.306578947368415,1.0724918854986136,0.861918105035221,0.9900675537890963,0.7335599441327816,0.6921624964496317,1.0744600905512136,0.7894229734048547
18,4,Damian Lillard,37.3,POR,PG,8700,37.0,48.3,5.56,35.333333333333336,47.0,50.578301886792445,1.9869376345925034,1.270006695605658,1.9398331604351202,2.097195748716633,0.7992176088157302,1.0250097674495426,1.5757675667850468
18,5,Carmelo Anthony,36.8,POR,SF/PF,5600,35.0,32.25,5.77,31.666666666666668,29.389999999999997,35.64473684210526,0.7587489925040578,1.0886339886854637,0.8711409846873106,0.6754298210244115,0.944260019118187,0.9896881080912064,0.5555491019674665
18,6,D.J. Wilson,6.8,MIL,PF/C,3000,0.0,1.9,0.625,5.666666666666667,4.999999999999999,0.0,-1.563713642223938,-2.0853883824179342,-1.6797068038854361,-1.293728099271629,-2.6092790332920033,-1.129611453408967,-1.0750233143536077
18,7,Rajon Rondo,51.0,LAL,PG,3800,30.5,29.4,7.72,21.666666666666668,21.22,41.38615384615384,0.5406594205444271,0.6805453981150269,1.2820145712402444,0.015814396308599793,2.291082400498143,1.9928232338679555,0.2734221377384426
19,0,Jamal Murray,41.3,DEN,PG/SG,6900,33.0,36.25,5.23,33.333333333333336,34.87,35.887499999999996,1.0648396198158199,0.9072612817652695,0.8885138682971914,1.1178646469047848,0.5712938211975844,1.3075830423162325,0.8242394288821613
19,1,Collin Sexton,31.8,CLE,PG/SG,5700,34.5,28.75,5.029999999999999,34.666666666666664,28.75,28.611778846153847,0.49091969360626586,1.0432908119554152,0.3678407238222594,0.6237586004836382,0.4331581923381011,0.6364715145078444,0.380273324460523
19,2,Furkan Korkmaz,8.3,PHI,SG/SF,3100,15.0,13.15,4.24,18.0,13.729999999999999,10.958333333333334,-0.7028337529096066,-0.725093080516478,-0.8954945238621793,-0.5889003565826403,-0.11247754165685471,-1.0236464753339583,-0.5729933919779167
19,3,Carmelo Anthony,36.8,POR,SF/PF,5600,35.0,32.25,5.77,31.666666666666668,29.389999999999997,35.64473684210526,0.7587489925040578,1.0886339886854637,0.8711409846873106,0.6754298210244115,0.944260019118187,0.9896881080912064,0.5555491019674665
19,4,Brandon Knight,13.5,CLE,PG/SG,3900,23.0,17.45,4.46,18.0,12.15,22.29722222222222,-0.37378632854946237,0.00039774716429868273,-0.08404850939958515,-0.7164636822926747,0.03947165008857601,-0.6563012180072616,-0.319983467707437
19,5,Will Barton,39.8,DEN,PG/SF,7100,33.0,34.15,4.83,34.0,33.790000000000006,33.14558823529412,0.9041420404771447,0.9072612817652695,0.6922941685293508,1.03066946224223,0.29502256347861894,1.2016180642412237,0.7190964498918339
19,6,Enes Kanter,48.3,BOS,C,5600,20.5,24.75,4.4399999999999995,19.0,25.249999999999996,26.70394736842105,0.18482906629450369,-0.22631813648594404,0.2313103932014556,0.3411816131512828,0.025658087202627432,1.8020862733329397,0.1650075611949071
19,7,Anthony Tolliver,24.3,POR,PF/C,3000,29.0,16.25,5.425,16.333333333333332,10.43,28.852040816326532,-0.46561351674299095,0.5445158679248813,0.3850346146905789,-0.8553300874960036,0.7059760593355796,0.106646624132801,-0.40518041175282193
20,0,Langston Galloway,8.0,DET,PG/SG,3400,19.5,14.7,4.3149999999999995,22.0,16.92,13.029545454545453,-0.5842236348262988,-0.31700448994604113,-0.7472721682739607,-0.331351616699722,-0.06067668083454922,-1.0448394709489601,-0.4610271516763752
20,1,Hamidou Diallo,3.3,OKC,SG/SF,3000,16.5,13.0,4.34,19.0,14.419999999999998,11.289473684210527,-0.7143121514337977,-0.5890635503263324,-0.8717970945478883,-0.5331923219371189,-0.04340972722711364,-1.3768630689173207,-0.5773281225599143
20,2,Khris Middleton,40.0,MIL,SG/SF,7500,30.5,36.099999999999994,4.8149999999999995,30.333333333333332,35.540000000000006,36.29835164835164,1.0533612212916283,0.6805453981150269,0.9179156849881563,1.1719579559084077,0.2846623913141574,1.2157467279845586,0.8440180868140431
20,3,Brandon Ingram,30.3,NO,SF/PF,8400,37.5,45.45,5.41,36.333333333333336,45.25,46.90940366972477,1.768848062632873,1.3153498723357064,1.6772754385206041,1.9559072550504553,0.6956158871711187,0.5305065364328357,1.410799927806324
20,4,Eric Bledsoe,42.0,MIL,PG,6100,28.0,33.25,5.455,27.666666666666668,31.869999999999997,33.65060240963855,0.8352716493319983,0.45382951446478415,0.7284345472767311,0.8756558006199089,0.7266964036645022,1.3570333654179034,0.6250541737461904
20,5,Thon Maker,14.0,DET,PF/C,3800,0.0,2.75,0.725,14.0,8.09,0.0,-1.4986693839201883,-2.0853883824179342,-1.6797068038854361,-1.0442529875982067,-2.5402112188622623,-0.6209795586489254,-1.014049126705451
20,6,Maxi Kleber,30.5,DAL,PF/C,5200,27.0,20.95,4.025,25.333333333333332,20.95,22.32828947368421,-0.10595702965167043,0.363143161004687,-0.08182524064493295,-0.005984399857038998,-0.26097334268079847,0.5446352001761702,-0.05159442859925492
20,7,Rajon Rondo,51.0,LAL,PG,3800,30.5,29.4,7.72,21.666666666666668,21.22,41.38615384615384,0.5406594205444271,0.6805453981150269,1.2820145712402444,0.015814396308599793,2.291082400498143,1.9928232338679555,0.2734221377384426
21,0,Tomas Satoransky,18.0,CHI,PG/SF,5500,33.5,28.95,5.285,31.333333333333332,26.369999999999997,30.95186170212766,0.5062242249718539,0.9526044584953182,0.5353043020969263,0.4316062490976365,0.609281119133942,-0.33840628378223553,0.36916206770885485
21,1,Jaylen Brown,22.5,BOS,SG/SF,6900,34.0,35.25,5.085,32.666666666666664,34.59,36.68877551020408,0.9883169629878794,0.9979476352253667,0.9458556259961065,1.0952584879181968,0.47114549027445923,-0.020511349557209464,0.7852159394227438
21,2,Michael Porter Jr.,-0.5,DEN,SF/PF,3600,16.0,18.4,5.13,14.666666666666666,13.360000000000003,20.07272727272727,-0.3010898045629189,-0.6344067270563809,-0.24324025901877797,-0.6187727809577745,0.5022260067678428,-1.645307680040676,-0.31605277371598073
21,3,Gordon Hayward,34.3,BOS,SF/PF,6500,33.0,34.45,5.275,33.666666666666664,32.489999999999995,33.767821782178224,0.9270988375255272,0.9072612817652695,0.7368231286974671,0.925712295518783,0.602374337690968,0.8130798112995253,0.7034201540649411
21,4,Derrick Rose,32.0,DET,PG/SG,7300,29.0,34.55,4.745,29.666666666666668,32.77,33.77359550561797,0.9347511032083208,0.5445158679248813,0.7372363142326372,0.9483184545053721,0.23631492121333886,0.6506001782511789,0.7352416751285517
21,5,Justin Jackson,11.5,DAL,SF/PF,3000,16.5,13.15,4.385,18.0,11.97,12.054166666666667,-0.7028337529096066,-0.5890635503263324,-0.8170732958598537,-0.7309962130697673,-0.012329210733730096,-0.7975878554406065,-0.5876159758457691
21,6,Boban Marjanovic,13.8,DAL,C,3000,0.0,2.0,0.665,8.333333333333334,10.38,0.0,-1.5560613765411437,-2.0853883824179342,-1.6797068038854361,-0.8593669016007514,-2.581651907520107,-0.6351082223922598,-1.0299530224154876
21,7,Coby White,19.3,CHI,PG/SG,4300,27.0,23.15,5.355,27.0,21.590000000000003,23.15,0.06239281536979871,0.363143161004687,-0.023021089889537022,0.04568682068373485,0.6576285892347611,-0.24656996945056128,-0.003843157904568061
22,0,Brad Wanamaker,13.3,BOS,PG/SG,3000,11.5,10.45,3.465,19.333333333333332,14.09,6.215948275862069,-0.9094449263450461,-1.042495317626818,-1.2348742895200742,-0.5598352950284551,-0.6477531034873502,-0.670429881750596,-0.6898118826666615
22,1,Coby White,19.3,CHI,PG/SG,4300,27.0,23.15,5.355,27.0,21.590000000000003,23.15,0.06239281536979871,0.363143161004687,-0.023021089889537022,0.04568682068373485,0.6576285892347611,-0.24656996945056128,-0.003843157904568061
22,2,Ben Simmons,43.3,PHI,PG/SF,8500,37.0,45.15,5.295,37.666666666666664,44.83,44.350884955752214,1.7458912655844907,1.270006695605658,1.4941799135776457,1.9219980165705726,0.616187900576916,1.4488696797495775,1.3852476176548307
22,3,Daniel Theis,18.0,BOS,PF/C,4500,23.0,21.95,4.895,23.666666666666668,22.110000000000003,21.33169014084507,-0.02943437282372989,0.00039774716429868273,-0.15314497616512526,0.08766968737311329,0.3399166428579505,-0.33840628378223553,-0.04737795622789356
22,4,Darius Garland,34.0,CLE,PG,4700,35.0,24.700000000000003,5.234999999999999,34.666666666666664,23.080000000000002,24.937500000000004,0.1810029334531069,1.0886339886854637,0.10489794742224173,0.16598388100522304,0.5747472119190709,0.7918868156845238,0.10649870655143356
22,5,Maxi Kleber,30.5,DAL,PF/C,5200,27.0,20.95,4.025,25.333333333333332,20.95,22.32828947368421,-0.10595702965167043,0.363143161004687,-0.08182524064493295,-0.005984399857038998,-0.26097334268079847,0.5446352001761702,-0.05159442859925492
22,6,Justin Patton,5.0,OKC,C,3000,0.0,2.4,0.79,3.6666666666666665,2.24,0.0,-1.5254523138099676,-2.0853883824179342,-1.6797068038854361,-1.5165602378537144,-2.49531713948293,-1.2567694270989775,-1.0806973208780146
22,7,Daniel Gafford,28.3,CHI,C,4400,26.0,22.8,5.1850000000000005,18.0,14.020000000000001,32.93333333333333,0.03560988548001968,0.27245680754458995,0.6771045502224807,-0.565486834775102,0.5402133047042009,0.38921989899949083,-0.022377558683771566
