Lineup Num,,Player Name,Actual FP,team,Pos,Salary,DFN_MinProj,Avg Proj,Avg Value Proj,Avg Skewed Min,Avg Skewed FP,Proj Min Enhanced,Avg Proj Stan,DFN_MinProj Stan,Proj Min Enhanced Stan,Avg Skewed FP Stan,Avg Value Proj Stan,Actual FP Stan,predictions
0,0,CJ McCollum,39.8,POR,PG/SG,6900,35.5,37.55,5.43,36.666666666666664,36.970000000000006,36.35522727272728,1.3712632143948968,1.2404372455217658,1.206391201162498,1.371909347473757,0.9781132618061454,1.2581178077552733,1.0411645585158655
0,1,Joe Ingles,16.0,UTA,SG/SF,5100,30.0,26.95,5.295,30.0,25.909999999999997,26.95,0.45981997847911393,0.7122192144149936,0.4761893739904697,0.33680213540385867,0.8730738887722465,-0.46469921070446757,0.30317859159163474
0,2,Bogdan Bogdanovic,35.8,SAC,SG/SF,5000,29.5,25.6,5.125,29.0,25.139999999999997,26.04137931034483,0.34373994371625494,0.664199393405287,0.4056459975729297,0.26473770924709367,0.7408020856925216,0.9685687290225437,0.22640741472331116
0,3,Domantas Sabonis,37.3,IND,PF/C,9400,36.0,49.55,5.285,36.666666666666664,46.05,48.64909090909091,2.4030857456203116,1.2884570665314723,2.160860607373176,2.2217080351405434,0.8652931944734392,1.0771496335473172,1.8639709166995493
0,4,Derrick Rose,36.5,DET,PG/SG,7600,31.5,38.25,5.05,31.333333333333332,35.59,38.45345744680851,1.431452862049713,0.8562786774441132,1.36929332596116,1.2427549213746194,0.6824468784514663,1.0192398178007716,1.0961323542194903
0,5,Rudy Gay,24.3,SA,SF/PF,3600,20.5,20.35,5.665,20.333333333333332,20.670000000000005,20.516803278688528,-0.10768241369486399,-0.20015738476943115,-0.023270326901646408,-0.1536103231175024,1.1609595778281183,0.13611512766594636,-0.1712874331342777
0,6,Jakob Poeltl,23.5,SA,C,5600,31.5,34.05,6.07,20.333333333333332,22.75,52.74959016393443,1.0703149761208175,0.8562786774441132,2.4792146419308163,0.04105721766960259,1.476077696929816,0.07820531191940039,0.7656538001104672
0,7,Danilo Gallinari,31.0,OKC,SF/PF,6800,31.5,33.6,4.965,31.0,33.760000000000005,34.141935483870974,1.0316216311998647,0.8562786774441132,1.034555937492248,1.0714849215475026,0.616310976911604,0.6211098345432684,0.8059503861536639
1,0,Patty Mills,22.0,SA,PG/SG,4000,24.0,20.45,5.09,24.666666666666668,20.750000000000004,19.897297297297296,-0.09908389260131906,0.1359813622985148,-0.07136745272736861,-0.14612311001030617,0.7135696556466958,-0.030375592605373213,-0.13465813409672497
1,1,Joe Ingles,16.0,UTA,SG/SF,5100,30.0,26.95,5.295,30.0,25.909999999999997,26.95,0.45981997847911393,0.7122192144149936,0.4761893739904697,0.33680213540385867,0.8730738887722465,-0.46469921070446757,0.30317859159163474
1,2,Damyean Dotson,18.5,NY,SG/SF,3300,20.0,15.1,4.6,19.666666666666668,14.059999999999999,15.355932203389829,-0.5591047711059831,-0.2481772057791377,-0.4239493726818573,-0.7722413060996026,0.3323156350051358,-0.2837310364965116,-0.49453636018933156
1,3,Domantas Sabonis,37.3,IND,PF/C,9400,36.0,49.55,5.285,36.666666666666664,46.05,48.64909090909091,2.4030857456203116,1.2884570665314723,2.160860607373176,2.2217080351405434,0.8652931944734392,1.0771496335473172,1.8639709166995493
1,4,CJ McCollum,39.8,POR,PG/SG,6900,35.5,37.55,5.43,36.666666666666664,36.970000000000006,36.35522727272728,1.3712632143948968,1.2404372455217658,1.206391201162498,1.371909347473757,0.9781132618061454,1.2581178077552733,1.0411645585158655
1,5,Danilo Gallinari,31.0,OKC,SF/PF,6800,31.5,33.6,4.965,31.0,33.760000000000005,34.141935483870974,1.0316216311998647,0.8562786774441132,1.034555937492248,1.0714849215475026,0.616310976911604,0.6211098345432684,0.8059503861536639
1,6,Hassan Whiteside,38.5,POR,C,8500,33.5,45.9,5.375,34.0,43.3,45.224999999999994,2.0892397257059145,1.0483579614829395,1.8950214770980924,1.9643350845806684,0.9353194431627052,1.1640143571671364,1.611900017629561
1,7,Jakob Poeltl,23.5,SA,C,5600,31.5,34.05,6.07,20.333333333333332,22.75,52.74959016393443,1.0703149761208175,0.8562786774441132,2.4792146419308163,0.04105721766960259,1.476077696929816,0.07820531191940039,0.7656538001104672
2,0,CJ McCollum,39.8,POR,PG/SG,6900,35.5,37.55,5.43,36.666666666666664,36.970000000000006,36.35522727272728,1.3712632143948968,1.2404372455217658,1.206391201162498,1.371909347473757,0.9781132618061454,1.2581178077552733,1.0411645585158655
2,1,Joe Ingles,16.0,UTA,SG/SF,5100,30.0,26.95,5.295,30.0,25.909999999999997,26.95,0.45981997847911393,0.7122192144149936,0.4761893739904697,0.33680213540385867,0.8730738887722465,-0.46469921070446757,0.30317859159163474
2,2,Joe Harris,15.8,BKN,SG/SF,4500,31.5,23.35,5.205,32.333333333333336,23.369999999999997,22.74819587628866,0.1502732191114897,0.8562786774441132,0.1499702450333345,0.09908311925037418,0.8030476400829805,-0.47917666464110403,0.06353454914964349
2,3,Domantas Sabonis,37.3,IND,PF/C,9400,36.0,49.55,5.285,36.666666666666664,46.05,48.64909090909091,2.4030857456203116,1.2884570665314723,2.160860607373176,2.2217080351405434,0.8652931944734392,1.0771496335473172,1.8639709166995493
2,4,Derrick Rose,36.5,DET,PG/SG,7600,31.5,38.25,5.05,31.333333333333332,35.59,38.45345744680851,1.431452862049713,0.8562786774441132,1.36929332596116,1.2427549213746194,0.6824468784514663,1.0192398178007716,1.0961323542194903
2,5,Jaren Jackson Jr.,16.5,MEM,PF/C,6400,31.0,32.95,5.16,30.333333333333332,32.17,33.674175824175826,0.9757312440918217,0.8082588564344066,0.9982400731029635,0.9226765610419746,0.7680345157383475,-0.4285055758628764,0.7402161336587543
2,6,Trey Lyles,11.0,SA,PF/C,3700,22.5,20.05,5.4399999999999995,17.0,15.73,26.536764705882355,-0.13347797697549943,-0.008078100730604897,0.4441066652938221,-0.6159457324868783,0.9858939561049526,-0.8266355591203796,-0.18894010315477672
2,7,Jakob Poeltl,23.5,SA,C,5600,31.5,34.05,6.07,20.333333333333332,22.75,52.74959016393443,1.0703149761208175,0.8562786774441132,2.4792146419308163,0.04105721766960259,1.476077696929816,0.07820531191940039,0.7656538001104672
3,0,Derrick Rose,36.5,DET,PG/SG,7600,31.5,38.25,5.05,31.333333333333332,35.59,38.45345744680851,1.431452862049713,0.8562786774441132,1.36929332596116,1.2427549213746194,0.6824468784514663,1.0192398178007716,1.0961323542194903
3,1,Reggie Bullock,11.8,NY,SG/SF,4000,27.0,20.25,5.029999999999999,27.333333333333332,17.61,20.003048780487806,-0.11628093478840924,0.4241002883567542,-0.06315713265612696,-0.4399962244677639,0.6668854898538513,-0.7687257433738336,-0.17290395622088342
3,2,T.J. Warren,35.5,IND,SF/PF,5800,31.0,28.6,4.9350000000000005,31.666666666666668,29.160000000000004,27.997894736842106,0.6016955765226086,0.8082588564344066,0.5575456909978074,0.6409701678837116,0.5929688940151825,0.9468525481175891,0.45314630409172263
3,3,Domantas Sabonis,37.3,IND,PF/C,9400,36.0,49.55,5.285,36.666666666666664,46.05,48.64909090909091,2.4030857456203116,1.2884570665314723,2.160860607373176,2.2217080351405434,0.8652931944734392,1.0771496335473172,1.8639709166995493
3,4,Patty Mills,22.0,SA,PG/SG,4000,24.0,20.45,5.09,24.666666666666668,20.750000000000004,19.897297297297296,-0.09908389260131906,0.1359813622985148,-0.07136745272736861,-0.14612311001030617,0.7135696556466958,-0.030375592605373213,-0.13465813409672497
3,5,Bogdan Bogdanovic,35.8,SAC,SG/SF,5000,29.5,25.6,5.125,29.0,25.139999999999997,26.04137931034483,0.34373994371625494,0.664199393405287,0.4056459975729297,0.26473770924709367,0.7408020856925216,0.9685687290225437,0.22640741472331116
3,6,Hassan Whiteside,38.5,POR,C,8500,33.5,45.9,5.375,34.0,43.3,45.224999999999994,2.0892397257059145,1.0483579614829395,1.8950214770980924,1.9643350845806684,0.9353194431627052,1.1640143571671364,1.611900017629561
3,7,Jakob Poeltl,23.5,SA,C,5600,31.5,34.05,6.07,20.333333333333332,22.75,52.74959016393443,1.0703149761208175,0.8562786774441132,2.4792146419308163,0.04105721766960259,1.476077696929816,0.07820531191940039,0.7656538001104672
4,0,Elfrid Payton,44.8,NY,PG,6300,31.5,31.6,5.029999999999999,30.333333333333332,29.82,32.815384615384616,0.8596512093289623,0.8562786774441132,0.9315653515215916,0.7027396760180813,0.6668854898538513,1.6200541561711852,0.6453504656109218
4,1,Bogdan Bogdanovic,35.8,SAC,SG/SF,5000,29.5,25.6,5.125,29.0,25.139999999999997,26.04137931034483,0.34373994371625494,0.664199393405287,0.4056459975729297,0.26473770924709367,0.7408020856925216,0.9685687290225437,0.22640741472331116
4,2,Rudy Gay,24.3,SA,SF/PF,3600,20.5,20.35,5.665,20.333333333333332,20.670000000000005,20.516803278688528,-0.10768241369486399,-0.20015738476943115,-0.023270326901646408,-0.1536103231175024,1.1609595778281183,0.13611512766594636,-0.1712874331342777
4,3,T.J. Warren,35.5,IND,SF/PF,5800,31.0,28.6,4.9350000000000005,31.666666666666668,29.160000000000004,27.997894736842106,0.6016955765226086,0.8082588564344066,0.5575456909978074,0.6409701678837116,0.5929688940151825,0.9468525481175891,0.45314630409172263
4,4,CJ McCollum,39.8,POR,PG/SG,6900,35.5,37.55,5.43,36.666666666666664,36.970000000000006,36.35522727272728,1.3712632143948968,1.2404372455217658,1.206391201162498,1.371909347473757,0.9781132618061454,1.2581178077552733,1.0411645585158655
4,5,Joe Harris,15.8,BKN,SG/SF,4500,31.5,23.35,5.205,32.333333333333336,23.369999999999997,22.74819587628866,0.1502732191114897,0.8562786774441132,0.1499702450333345,0.09908311925037418,0.8030476400829805,-0.47917666464110403,0.06353454914964349
4,6,Domantas Sabonis,37.3,IND,PF/C,9400,36.0,49.55,5.285,36.666666666666664,46.05,48.64909090909091,2.4030857456203116,1.2884570665314723,2.160860607373176,2.2217080351405434,0.8652931944734392,1.0771496335473172,1.8639709166995493
4,7,Hassan Whiteside,38.5,POR,C,8500,33.5,45.9,5.375,34.0,43.3,45.224999999999994,2.0892397257059145,1.0483579614829395,1.8950214770980924,1.9643350845806684,0.9353194431627052,1.1640143571671364,1.611900017629561
5,0,Reggie Jackson,37.3,DET,PG,4500,23.0,23.45,5.21,22.0,23.830000000000002,24.51590909090909,0.15887174020503464,0.039941720279101665,0.2872117365786721,0.14213459461675368,0.806937987232384,1.0771496335473172,0.07967830808845633
5,1,Bogdan Bogdanovic,35.8,SAC,SG/SF,5000,29.5,25.6,5.125,29.0,25.139999999999997,26.04137931034483,0.34373994371625494,0.664199393405287,0.4056459975729297,0.26473770924709367,0.7408020856925216,0.9685687290225437,0.22640741472331116
5,2,Joe Harris,15.8,BKN,SG/SF,4500,31.5,23.35,5.205,32.333333333333336,23.369999999999997,22.74819587628866,0.1502732191114897,0.8562786774441132,0.1499702450333345,0.09908311925037418,0.8030476400829805,-0.47917666464110403,0.06353454914964349
5,3,Domantas Sabonis,37.3,IND,PF/C,9400,36.0,49.55,5.285,36.666666666666664,46.05,48.64909090909091,2.4030857456203116,1.2884570665314723,2.160860607373176,2.2217080351405434,0.8652931944734392,1.0771496335473172,1.8639709166995493
5,4,Ja Morant,44.3,MEM,PG,7200,32.0,35.55,4.93,31.0,34.21,36.696774193548386,1.1992927925239942,0.9042984984538198,1.2329081771394363,1.1136004952754819,0.5890785468657782,1.583860521329594,0.9331045144430002
5,5,Bojan Bogdanovic,34.8,UTA,SF/PF,6000,33.5,30.200000000000003,5.04,33.666666666666664,30.920000000000005,30.050495049504956,0.7392719140193308,1.0483579614829395,0.716905210475498,0.8056888562420318,0.6746661841526592,0.8961814593393612,0.5655298174191471
5,6,Jakob Poeltl,23.5,SA,C,5600,31.5,34.05,6.07,20.333333333333332,22.75,52.74959016393443,1.0703149761208175,0.8562786774441132,2.4792146419308163,0.04105721766960259,1.476077696929816,0.07820531191940039,0.7656538001104672
5,7,CJ McCollum,39.8,POR,PG/SG,6900,35.5,37.55,5.43,36.666666666666664,36.970000000000006,36.35522727272728,1.3712632143948968,1.2404372455217658,1.206391201162498,1.371909347473757,0.9781132618061454,1.2581178077552733,1.0411645585158655
6,0,Reggie Jackson,37.3,DET,PG,4500,23.0,23.45,5.21,22.0,23.830000000000002,24.51590909090909,0.15887174020503464,0.039941720279101665,0.2872117365786721,0.14213459461675368,0.806937987232384,1.0771496335473172,0.07967830808845633
6,1,Shai Gilgeous-Alexander,42.8,OKC,PG/SG,7300,35.0,36.4,4.984999999999999,35.0,36.540000000000006,36.4,1.272380221819128,1.1924174245120591,1.2098672604127427,1.3316655770225765,0.6318723655092183,1.4752796168048203,1.0000025182116747
6,2,Bojan Bogdanovic,34.8,UTA,SF/PF,6000,33.5,30.200000000000003,5.04,33.666666666666664,30.920000000000005,30.050495049504956,0.7392719140193308,1.0483579614829395,0.716905210475498,0.8056888562420318,0.6746661841526592,0.8961814593393612,0.5655298174191471
6,3,Rudy Gay,24.3,SA,SF/PF,3600,20.5,20.35,5.665,20.333333333333332,20.670000000000005,20.516803278688528,-0.10768241369486399,-0.20015738476943115,-0.023270326901646408,-0.1536103231175024,1.1609595778281183,0.13611512766594636,-0.1712874331342777
6,4,Patty Mills,22.0,SA,PG/SG,4000,24.0,20.45,5.09,24.666666666666668,20.750000000000004,19.897297297297296,-0.09908389260131906,0.1359813622985148,-0.07136745272736861,-0.14612311001030617,0.7135696556466958,-0.030375592605373213,-0.13465813409672497
6,5,Domantas Sabonis,37.3,IND,PF/C,9400,36.0,49.55,5.285,36.666666666666664,46.05,48.64909090909091,2.4030857456203116,1.2884570665314723,2.160860607373176,2.2217080351405434,0.8652931944734392,1.0771496335473172,1.8639709166995493
6,6,Jaren Jackson Jr.,16.5,MEM,PF/C,6400,31.0,32.95,5.16,30.333333333333332,32.17,33.674175824175826,0.9757312440918217,0.8082588564344066,0.9982400731029635,0.9226765610419746,0.7680345157383475,-0.4285055758628764,0.7402161336587543
6,7,Hassan Whiteside,38.5,POR,C,8500,33.5,45.9,5.375,34.0,43.3,45.224999999999994,2.0892397257059145,1.0483579614829395,1.8950214770980924,1.9643350845806684,0.9353194431627052,1.1640143571671364,1.611900017629561
7,0,Reggie Jackson,37.3,DET,PG,4500,23.0,23.45,5.21,22.0,23.830000000000002,24.51590909090909,0.15887174020503464,0.039941720279101665,0.2872117365786721,0.14213459461675368,0.806937987232384,1.0771496335473172,0.07967830808845633
7,1,CJ McCollum,39.8,POR,PG/SG,6900,35.5,37.55,5.43,36.666666666666664,36.970000000000006,36.35522727272728,1.3712632143948968,1.2404372455217658,1.206391201162498,1.371909347473757,0.9781132618061454,1.2581178077552733,1.0411645585158655
7,2,Bojan Bogdanovic,34.8,UTA,SF/PF,6000,33.5,30.200000000000003,5.04,33.666666666666664,30.920000000000005,30.050495049504956,0.7392719140193308,1.0483579614829395,0.716905210475498,0.8056888562420318,0.6746661841526592,0.8961814593393612,0.5655298174191471
7,3,Domantas Sabonis,37.3,IND,PF/C,9400,36.0,49.55,5.285,36.666666666666664,46.05,48.64909090909091,2.4030857456203116,1.2884570665314723,2.160860607373176,2.2217080351405434,0.8652931944734392,1.0771496335473172,1.8639709166995493
7,4,Jordan Clarkson,27.5,UTA,PG/SG,4200,23.0,20.3,4.8100000000000005,24.0,21.9,19.454166666666666,-0.11198167424163662,0.039941720279101665,-0.10577117172102468,-0.03849442159435891,0.4957102152800907,0.36775439065212995,-0.11806834002068305
7,5,T.J. Warren,35.5,IND,SF/PF,5800,31.0,28.6,4.9350000000000005,31.666666666666668,29.160000000000004,27.997894736842106,0.6016955765226086,0.8082588564344066,0.5575456909978074,0.6409701678837116,0.5929688940151825,0.9468525481175891,0.45314630409172263
7,6,Hassan Whiteside,38.5,POR,C,8500,33.5,45.9,5.375,34.0,43.3,45.224999999999994,2.0892397257059145,1.0483579614829395,1.8950214770980924,1.9643350845806684,0.9353194431627052,1.1640143571671364,1.611900017629561
7,7,Joe Harris,15.8,BKN,SG/SF,4500,31.5,23.35,5.205,32.333333333333336,23.369999999999997,22.74819587628866,0.1502732191114897,0.8562786774441132,0.1499702450333345,0.09908311925037418,0.8030476400829805,-0.47917666464110403,0.06353454914964349
8,0,Reggie Jackson,37.3,DET,PG,4500,23.0,23.45,5.21,22.0,23.830000000000002,24.51590909090909,0.15887174020503464,0.039941720279101665,0.2872117365786721,0.14213459461675368,0.806937987232384,1.0771496335473172,0.07967830808845633
8,1,Joe Harris,15.8,BKN,SG/SF,4500,31.5,23.35,5.205,32.333333333333336,23.369999999999997,22.74819587628866,0.1502732191114897,0.8562786774441132,0.1499702450333345,0.09908311925037418,0.8030476400829805,-0.47917666464110403,0.06353454914964349
8,2,Bogdan Bogdanovic,35.8,SAC,SG/SF,5000,29.5,25.6,5.125,29.0,25.139999999999997,26.04137931034483,0.34373994371625494,0.664199393405287,0.4056459975729297,0.26473770924709367,0.7408020856925216,0.9685687290225437,0.22640741472331116
8,3,Domantas Sabonis,37.3,IND,PF/C,9400,36.0,49.55,5.285,36.666666666666664,46.05,48.64909090909091,2.4030857456203116,1.2884570665314723,2.160860607373176,2.2217080351405434,0.8652931944734392,1.0771496335473172,1.8639709166995493
8,4,Chris Paul,33.8,OKC,PG,7400,32.0,36.95,4.965,30.666666666666668,38.21,38.55652173913044,1.3196720878336266,0.9042984984538198,1.3772950182528385,1.4879611506353,0.616310976911604,0.8237941896561789,1.0598314662544968
8,5,Bojan Bogdanovic,34.8,UTA,SF/PF,6000,33.5,30.200000000000003,5.04,33.666666666666664,30.920000000000005,30.050495049504956,0.7392719140193308,1.0483579614829395,0.716905210475498,0.8056888562420318,0.6746661841526592,0.8961814593393612,0.5655298174191471
8,6,Jakob Poeltl,23.5,SA,C,5600,31.5,34.05,6.07,20.333333333333332,22.75,52.74959016393443,1.0703149761208175,0.8562786774441132,2.4792146419308163,0.04105721766960259,1.476077696929816,0.07820531191940039,0.7656538001104672
8,7,Ja Morant,44.3,MEM,PG,7200,32.0,35.55,4.93,31.0,34.21,36.696774193548386,1.1992927925239942,0.9042984984538198,1.2329081771394363,1.1136004952754819,0.5890785468657782,1.583860521329594,0.9331045144430002
9,0,Cory Joseph,14.3,SAC,PG,3000,16.5,11.85,3.935,22.666666666666668,14.75,8.62610294117647,-0.8385567066461996,-0.5843159528470837,-0.9464389926906893,-0.7076640930500339,-0.1851005358655523,-0.5877575691658776,-0.6671911271191657
9,1,CJ McCollum,39.8,POR,PG/SG,6900,35.5,37.55,5.43,36.666666666666664,36.970000000000006,36.35522727272728,1.3712632143948968,1.2404372455217658,1.206391201162498,1.371909347473757,0.9781132618061454,1.2581178077552733,1.0411645585158655
9,2,Bogdan Bogdanovic,35.8,SAC,SG/SF,5000,29.5,25.6,5.125,29.0,25.139999999999997,26.04137931034483,0.34373994371625494,0.664199393405287,0.4056459975729297,0.26473770924709367,0.7408020856925216,0.9685687290225437,0.22640741472331116
9,3,Julius Randle,42.5,NY,PF/C,8300,34.0,41.75,5.029999999999999,33.666666666666664,38.57,42.163366336633665,1.7324011003237922,1.0963777824926462,1.6573227559194799,1.5216536096176836,0.6668854898538513,1.453563435899866,1.340412646570443
9,4,Shai Gilgeous-Alexander,42.8,OKC,PG/SG,7300,35.0,36.4,4.984999999999999,35.0,36.540000000000006,36.4,1.272380221819128,1.1924174245120591,1.2098672604127427,1.3316655770225765,0.6318723655092183,1.4752796168048203,1.0000025182116747
9,5,Trey Lyles,11.0,SA,PF/C,3700,22.5,20.05,5.4399999999999995,17.0,15.73,26.536764705882355,-0.13347797697549943,-0.008078100730604897,0.4441066652938221,-0.6159457324868783,0.9858939561049526,-0.8266355591203796,-0.18894010315477672
9,6,Domantas Sabonis,37.3,IND,PF/C,9400,36.0,49.55,5.285,36.666666666666664,46.05,48.64909090909091,2.4030857456203116,1.2884570665314723,2.160860607373176,2.2217080351405434,0.8652931944734392,1.0771496335473172,1.8639709166995493
9,7,Jakob Poeltl,23.5,SA,C,5600,31.5,34.05,6.07,20.333333333333332,22.75,52.74959016393443,1.0703149761208175,0.8562786774441132,2.4792146419308163,0.04105721766960259,1.476077696929816,0.07820531191940039,0.7656538001104672
10,0,Mike Conley,13.5,UTA,PG,3800,24.5,22.6,5.925,23.333333333333332,22.52,23.73,0.08578431090990127,0.18400118330822135,0.2261954275058434,0.019531479986413004,1.363257629597109,-0.6456673849124236,-0.02390042591337995
10,1,Bogdan Bogdanovic,35.8,SAC,SG/SF,5000,29.5,25.6,5.125,29.0,25.139999999999997,26.04137931034483,0.34373994371625494,0.664199393405287,0.4056459975729297,0.26473770924709367,0.7408020856925216,0.9685687290225437,0.22640741472331116
10,2,Reggie Bullock,11.8,NY,SG/SF,4000,27.0,20.25,5.029999999999999,27.333333333333332,17.61,20.003048780487806,-0.11628093478840924,0.4241002883567542,-0.06315713265612696,-0.4399962244677639,0.6668854898538513,-0.7687257433738336,-0.17290395622088342
10,3,Domantas Sabonis,37.3,IND,PF/C,9400,36.0,49.55,5.285,36.666666666666664,46.05,48.64909090909091,2.4030857456203116,1.2884570665314723,2.160860607373176,2.2217080351405434,0.8652931944734392,1.0771496335473172,1.8639709166995493
10,4,Joe Ingles,16.0,UTA,SG/SF,5100,30.0,26.95,5.295,30.0,25.909999999999997,26.95,0.45981997847911393,0.7122192144149936,0.4761893739904697,0.33680213540385867,0.8730738887722465,-0.46469921070446757,0.30317859159163474
10,5,Danilo Gallinari,31.0,OKC,SF/PF,6800,31.5,33.6,4.965,31.0,33.760000000000005,34.141935483870974,1.0316216311998647,0.8562786774441132,1.034555937492248,1.0714849215475026,0.616310976911604,0.6211098345432684,0.8059503861536639
10,6,Julius Randle,42.5,NY,PF/C,8300,34.0,41.75,5.029999999999999,33.666666666666664,38.57,42.163366336633665,1.7324011003237922,1.0963777824926462,1.6573227559194799,1.5216536096176836,0.6668854898538513,1.453563435899866,1.340412646570443
10,7,Shai Gilgeous-Alexander,42.8,OKC,PG/SG,7300,35.0,36.4,4.984999999999999,35.0,36.540000000000006,36.4,1.272380221819128,1.1924174245120591,1.2098672604127427,1.3316655770225765,0.6318723655092183,1.4752796168048203,1.0000025182116747
11,0,Chris Paul,33.8,OKC,PG,7400,32.0,36.95,4.965,30.666666666666668,38.21,38.55652173913044,1.3196720878336266,0.9042984984538198,1.3772950182528385,1.4879611506353,0.616310976911604,0.8237941896561789,1.0598314662544968
11,1,Patty Mills,22.0,SA,PG/SG,4000,24.0,20.45,5.09,24.666666666666668,20.750000000000004,19.897297297297296,-0.09908389260131906,0.1359813622985148,-0.07136745272736861,-0.14612311001030617,0.7135696556466958,-0.030375592605373213,-0.13465813409672497
11,2,Joe Harris,15.8,BKN,SG/SF,4500,31.5,23.35,5.205,32.333333333333336,23.369999999999997,22.74819587628866,0.1502732191114897,0.8562786774441132,0.1499702450333345,0.09908311925037418,0.8030476400829805,-0.47917666464110403,0.06353454914964349
11,3,Domantas Sabonis,37.3,IND,PF/C,9400,36.0,49.55,5.285,36.666666666666664,46.05,48.64909090909091,2.4030857456203116,1.2884570665314723,2.160860607373176,2.2217080351405434,0.8652931944734392,1.0771496335473172,1.8639709166995493
11,4,Elfrid Payton,44.8,NY,PG,6300,31.5,31.6,5.029999999999999,30.333333333333332,29.82,32.815384615384616,0.8596512093289623,0.8562786774441132,0.9315653515215916,0.7027396760180813,0.6668854898538513,1.6200541561711852,0.6453504656109218
11,5,Trevor Ariza,33.0,POR,SF/PF,4900,31.5,22.9,4.67,30.0,19.360000000000003,24.044999999999998,0.11157987419053639,0.8562786774441132,0.2506513570532523,-0.27621343774784307,0.3867804950967874,0.7658843739096332,0.0350584977155203
11,6,Jakob Poeltl,23.5,SA,C,5600,31.5,34.05,6.07,20.333333333333332,22.75,52.74959016393443,1.0703149761208175,0.8562786774441132,2.4792146419308163,0.04105721766960259,1.476077696929816,0.07820531191940039,0.7656538001104672
11,7,CJ McCollum,39.8,POR,PG/SG,6900,35.5,37.55,5.43,36.666666666666664,36.970000000000006,36.35522727272728,1.3712632143948968,1.2404372455217658,1.206391201162498,1.371909347473757,0.9781132618061454,1.2581178077552733,1.0411645585158655
12,0,CJ McCollum,39.8,POR,PG/SG,6900,35.5,37.55,5.43,36.666666666666664,36.970000000000006,36.35522727272728,1.3712632143948968,1.2404372455217658,1.206391201162498,1.371909347473757,0.9781132618061454,1.2581178077552733,1.0411645585158655
12,1,Shai Gilgeous-Alexander,42.8,OKC,PG/SG,7300,35.0,36.4,4.984999999999999,35.0,36.540000000000006,36.4,1.272380221819128,1.1924174245120591,1.2098672604127427,1.3316655770225765,0.6318723655092183,1.4752796168048203,1.0000025182116747
12,2,Kris Dunn,17.0,CHI,PG/SF,5500,32.0,25.65,4.675,30.666666666666668,24.71,26.765217391304347,0.34803920426302726,0.9042984984538198,0.4618432455465099,0.2244939387959136,0.390670842246191,-0.3923119410212852,0.2556307661271501
12,3,Domantas Sabonis,37.3,IND,PF/C,9400,36.0,49.55,5.285,36.666666666666664,46.05,48.64909090909091,2.4030857456203116,1.2884570665314723,2.160860607373176,2.2217080351405434,0.8652931944734392,1.0771496335473172,1.8639709166995493
12,4,Reggie Jackson,37.3,DET,PG,4500,23.0,23.45,5.21,22.0,23.830000000000002,24.51590909090909,0.15887174020503464,0.039941720279101665,0.2872117365786721,0.14213459461675368,0.806937987232384,1.0771496335473172,0.07967830808845633
12,5,Trey Lyles,11.0,SA,PF/C,3700,22.5,20.05,5.4399999999999995,17.0,15.73,26.536764705882355,-0.13347797697549943,-0.008078100730604897,0.4441066652938221,-0.6159457324868783,0.9858939561049526,-0.8266355591203796,-0.18894010315477672
12,6,Jaren Jackson Jr.,16.5,MEM,PF/C,6400,31.0,32.95,5.16,30.333333333333332,32.17,33.674175824175826,0.9757312440918217,0.8082588564344066,0.9982400731029635,0.9226765610419746,0.7680345157383475,-0.4285055758628764,0.7402161336587543
12,7,Bojan Bogdanovic,34.8,UTA,SF/PF,6000,33.5,30.200000000000003,5.04,33.666666666666664,30.920000000000005,30.050495049504956,0.7392719140193308,1.0483579614829395,0.716905210475498,0.8056888562420318,0.6746661841526592,0.8961814593393612,0.5655298174191471
13,0,Patty Mills,22.0,SA,PG/SG,4000,24.0,20.45,5.09,24.666666666666668,20.750000000000004,19.897297297297296,-0.09908389260131906,0.1359813622985148,-0.07136745272736861,-0.14612311001030617,0.7135696556466958,-0.030375592605373213,-0.13465813409672497
13,1,CJ McCollum,39.8,POR,PG/SG,6900,35.5,37.55,5.43,36.666666666666664,36.970000000000006,36.35522727272728,1.3712632143948968,1.2404372455217658,1.206391201162498,1.371909347473757,0.9781132618061454,1.2581178077552733,1.0411645585158655
13,2,T.J. Warren,35.5,IND,SF/PF,5800,31.0,28.6,4.9350000000000005,31.666666666666668,29.160000000000004,27.997894736842106,0.6016955765226086,0.8082588564344066,0.5575456909978074,0.6409701678837116,0.5929688940151825,0.9468525481175891,0.45314630409172263
13,3,Jaren Jackson Jr.,16.5,MEM,PF/C,6400,31.0,32.95,5.16,30.333333333333332,32.17,33.674175824175826,0.9757312440918217,0.8082588564344066,0.9982400731029635,0.9226765610419746,0.7680345157383475,-0.4285055758628764,0.7402161336587543
13,4,Coby White,11.3,CHI,PG/SG,3900,22.5,18.3,4.6899999999999995,22.666666666666668,19.44,18.165441176470587,-0.2839520961125391,-0.008078100730604897,-0.20582507582955026,-0.2687262246406469,0.40234188369440177,-0.8049193782154248,-0.2526719133440555
13,5,Julius Randle,42.5,NY,PF/C,8300,34.0,41.75,5.029999999999999,33.666666666666664,38.57,42.163366336633665,1.7324011003237922,1.0963777824926462,1.6573227559194799,1.5216536096176836,0.6668854898538513,1.453563435899866,1.340412646570443
13,6,Domantas Sabonis,37.3,IND,PF/C,9400,36.0,49.55,5.285,36.666666666666664,46.05,48.64909090909091,2.4030857456203116,1.2884570665314723,2.160860607373176,2.2217080351405434,0.8652931944734392,1.0771496335473172,1.8639709166995493
13,7,Taurean Prince,42.3,BKN,PF,5000,28.5,25.0,5.0,27.333333333333332,26.120000000000005,26.067073170731707,0.2921488171549841,0.5681597513858738,0.4076408142060168,0.35645606981024985,0.6435434069574298,1.4390859819632293,0.2112468495045338
14,0,Dennis Schroder,45.0,OKC,PG/SG,7000,31.5,30.0,4.275,33.666666666666664,32.8,28.06930693069307,0.7220748718322403,0.8562786774441132,0.5630899817331886,0.9816383642611456,0.07944307029389763,1.634531610107822,0.6044412259502832
14,1,Joe Ingles,16.0,UTA,SG/SF,5100,30.0,26.95,5.295,30.0,25.909999999999997,26.95,0.45981997847911393,0.7122192144149936,0.4761893739904697,0.33680213540385867,0.8730738887722465,-0.46469921070446757,0.30317859159163474
14,2,Danilo Gallinari,31.0,OKC,SF/PF,6800,31.5,33.6,4.965,31.0,33.760000000000005,34.141935483870974,1.0316216311998647,0.8562786774441132,1.034555937492248,1.0714849215475026,0.616310976911604,0.6211098345432684,0.8059503861536639
14,3,Rudy Gay,24.3,SA,SF/PF,3600,20.5,20.35,5.665,20.333333333333332,20.670000000000005,20.516803278688528,-0.10768241369486399,-0.20015738476943115,-0.023270326901646408,-0.1536103231175024,1.1609595778281183,0.13611512766594636,-0.1712874331342777
14,4,Bogdan Bogdanovic,35.8,SAC,SG/SF,5000,29.5,25.6,5.125,29.0,25.139999999999997,26.04137931034483,0.34373994371625494,0.664199393405287,0.4056459975729297,0.26473770924709367,0.7408020856925216,0.9685687290225437,0.22640741472331116
14,5,Jaren Jackson Jr.,16.5,MEM,PF/C,6400,31.0,32.95,5.16,30.333333333333332,32.17,33.674175824175826,0.9757312440918217,0.8082588564344066,0.9982400731029635,0.9226765610419746,0.7680345157383475,-0.4285055758628764,0.7402161336587543
14,6,Hassan Whiteside,38.5,POR,C,8500,33.5,45.9,5.375,34.0,43.3,45.224999999999994,2.0892397257059145,1.0483579614829395,1.8950214770980924,1.9643350845806684,0.9353194431627052,1.1640143571671364,1.611900017629561
14,7,Chris Paul,33.8,OKC,PG,7400,32.0,36.95,4.965,30.666666666666668,38.21,38.55652173913044,1.3196720878336266,0.9042984984538198,1.3772950182528385,1.4879611506353,0.616310976911604,0.8237941896561789,1.0598314662544968
15,0,Shai Gilgeous-Alexander,42.8,OKC,PG/SG,7300,35.0,36.4,4.984999999999999,35.0,36.540000000000006,36.4,1.272380221819128,1.1924174245120591,1.2098672604127427,1.3316655770225765,0.6318723655092183,1.4752796168048203,1.0000025182116747
15,1,Gary Trent Jr.,25.8,POR,SG/SF,3900,22.0,15.350000000000001,3.9050000000000002,25.333333333333332,14.110000000000003,13.330263157894738,-0.5376084683721202,-0.05609792174031146,-0.5812180058977157,-0.7675617979076045,-0.20844261876197417,0.24469603219071995,-0.452875715651002
15,2,Kris Dunn,17.0,CHI,PG/SF,5500,32.0,25.65,4.675,30.666666666666668,24.71,26.765217391304347,0.34803920426302726,0.9042984984538198,0.4618432455465099,0.2244939387959136,0.390670842246191,-0.3923119410212852,0.2556307661271501
15,3,Trey Lyles,11.0,SA,PF/C,3700,22.5,20.05,5.4399999999999995,17.0,15.73,26.536764705882355,-0.13347797697549943,-0.008078100730604897,0.4441066652938221,-0.6159457324868783,0.9858939561049526,-0.8266355591203796,-0.18894010315477672
15,4,Derrick Rose,36.5,DET,PG/SG,7600,31.5,38.25,5.05,31.333333333333332,35.59,38.45345744680851,1.431452862049713,0.8562786774441132,1.36929332596116,1.2427549213746194,0.6824468784514663,1.0192398178007716,1.0961323542194903
15,5,Domantas Sabonis,37.3,IND,PF/C,9400,36.0,49.55,5.285,36.666666666666664,46.05,48.64909090909091,2.4030857456203116,1.2884570665314723,2.160860607373176,2.2217080351405434,0.8652931944734392,1.0771496335473172,1.8639709166995493
15,6,Hassan Whiteside,38.5,POR,C,8500,33.5,45.9,5.375,34.0,43.3,45.224999999999994,2.0892397257059145,1.0483579614829395,1.8950214770980924,1.9643350845806684,0.9353194431627052,1.1640143571671364,1.611900017629561
15,7,Patty Mills,22.0,SA,PG/SG,4000,24.0,20.45,5.09,24.666666666666668,20.750000000000004,19.897297297297296,-0.09908389260131906,0.1359813622985148,-0.07136745272736861,-0.14612311001030617,0.7135696556466958,-0.030375592605373213,-0.13465813409672497
16,0,Elfrid Payton,44.8,NY,PG,6300,31.5,31.6,5.029999999999999,30.333333333333332,29.82,32.815384615384616,0.8596512093289623,0.8562786774441132,0.9315653515215916,0.7027396760180813,0.6668854898538513,1.6200541561711852,0.6453504656109218
16,1,CJ McCollum,39.8,POR,PG/SG,6900,35.5,37.55,5.43,36.666666666666664,36.970000000000006,36.35522727272728,1.3712632143948968,1.2404372455217658,1.206391201162498,1.371909347473757,0.9781132618061454,1.2581178077552733,1.0411645585158655
16,2,Joe Harris,15.8,BKN,SG/SF,4500,31.5,23.35,5.205,32.333333333333336,23.369999999999997,22.74819587628866,0.1502732191114897,0.8562786774441132,0.1499702450333345,0.09908311925037418,0.8030476400829805,-0.47917666464110403,0.06353454914964349
16,3,Domantas Sabonis,37.3,IND,PF/C,9400,36.0,49.55,5.285,36.666666666666664,46.05,48.64909090909091,2.4030857456203116,1.2884570665314723,2.160860607373176,2.2217080351405434,0.8652931944734392,1.0771496335473172,1.8639709166995493
16,4,Hamidou Diallo,5.3,OKC,SG/SF,3300,17.5,12.35,3.745,20.0,14.65,10.806249999999999,-0.795564101178474,-0.48827631082767053,-0.7771770153142468,-0.7170231094340292,-0.3329337275428918,-1.2392429963145193,-0.6168687840400778
16,5,Julius Randle,42.5,NY,PF/C,8300,34.0,41.75,5.029999999999999,33.666666666666664,38.57,42.163366336633665,1.7324011003237922,1.0963777824926462,1.6573227559194799,1.5216536096176836,0.6668854898538513,1.453563435899866,1.340412646570443
16,6,P.J. Tucker,24.8,HOU,PF/C,4600,35.0,22.25,4.845,35.666666666666664,23.05,21.83411214953271,0.055689487082493216,1.1924174245120591,0.07900273004293257,0.06913426682158902,0.5229426453259158,0.17230876250753754,0.01773927042500771
16,7,Jaren Jackson Jr.,16.5,MEM,PF/C,6400,31.0,32.95,5.16,30.333333333333332,32.17,33.674175824175826,0.9757312440918217,0.8082588564344066,0.9982400731029635,0.9226765610419746,0.7680345157383475,-0.4285055758628764,0.7402161336587543
17,0,De'Aaron Fox,31.3,SAC,PG,8100,33.0,40.9,5.025,31.666666666666668,39.78,42.62210526315789,1.6593136710286585,1.000338140473233,1.6929382697852913,1.6348977078640288,0.6629951427044485,0.6428260154482232,1.3101946044350683
17,1,Jordan Clarkson,27.5,UTA,PG/SG,4200,23.0,20.3,4.8100000000000005,24.0,21.9,19.454166666666666,-0.11198167424163662,0.039941720279101665,-0.10577117172102468,-0.03849442159435891,0.4957102152800907,0.36775439065212995,-0.11806834002068305
17,2,Justin Holiday,25.5,IND,SF,3800,20.0,14.55,3.84,24.0,18.889999999999997,12.125000000000002,-0.6063966371204812,-0.2481772057791377,-0.6747920721693393,-0.32020081475262224,-0.25901713170422225,0.22297985128576517,-0.4500590684255902
17,3,Jaren Jackson Jr.,16.5,MEM,PF/C,6400,31.0,32.95,5.16,30.333333333333332,32.17,33.674175824175826,0.9757312440918217,0.8082588564344066,0.9982400731029635,0.9226765610419746,0.7680345157383475,-0.4285055758628764,0.7402161336587543
17,4,Joe Harris,15.8,BKN,SG/SF,4500,31.5,23.35,5.205,32.333333333333336,23.369999999999997,22.74819587628866,0.1502732191114897,0.8562786774441132,0.1499702450333345,0.09908311925037418,0.8030476400829805,-0.47917666464110403,0.06353454914964349
17,5,Domantas Sabonis,37.3,IND,PF/C,9400,36.0,49.55,5.285,36.666666666666664,46.05,48.64909090909091,2.4030857456203116,1.2884570665314723,2.160860607373176,2.2217080351405434,0.8652931944734392,1.0771496335473172,1.8639709166995493
17,6,Julius Randle,42.5,NY,PF/C,8300,34.0,41.75,5.029999999999999,33.666666666666664,38.57,42.163366336633665,1.7324011003237922,1.0963777824926462,1.6573227559194799,1.5216536096176836,0.6668854898538513,1.453563435899866,1.340412646570443
17,7,Derrick White,16.5,SA,PG/SG,4700,26.0,22.65,4.81,25.333333333333332,23.55,23.246052631578948,0.09008357145667359,0.32806064633734106,0.1886227838653377,0.1159293487415663,0.49571021528008996,-0.4285055758628764,0.05017844713832666
18,0,Derrick White,16.5,SA,PG/SG,4700,26.0,22.65,4.81,25.333333333333332,23.55,23.246052631578948,0.09008357145667359,0.32806064633734106,0.1886227838653377,0.1159293487415663,0.49571021528008996,-0.4285055758628764,0.05017844713832666
18,1,Coby White,11.3,CHI,PG/SG,3900,22.5,18.3,4.6899999999999995,22.666666666666668,19.44,18.165441176470587,-0.2839520961125391,-0.008078100730604897,-0.20582507582955026,-0.2687262246406469,0.40234188369440177,-0.8049193782154248,-0.2526719133440555
18,2,Danilo Gallinari,31.0,OKC,SF/PF,6800,31.5,33.6,4.965,31.0,33.760000000000005,34.141935483870974,1.0316216311998647,0.8562786774441132,1.034555937492248,1.0714849215475026,0.616310976911604,0.6211098345432684,0.8059503861536639
18,3,Domantas Sabonis,37.3,IND,PF/C,9400,36.0,49.55,5.285,36.666666666666664,46.05,48.64909090909091,2.4030857456203116,1.2884570665314723,2.160860607373176,2.2217080351405434,0.8652931944734392,1.0771496335473172,1.8639709166995493
18,4,CJ McCollum,39.8,POR,PG/SG,6900,35.5,37.55,5.43,36.666666666666664,36.970000000000006,36.35522727272728,1.3712632143948968,1.2404372455217658,1.206391201162498,1.371909347473757,0.9781132618061454,1.2581178077552733,1.0411645585158655
18,5,Bruce Brown,14.8,DET,PG/SF,4600,25.5,18.75,4.05,28.666666666666668,21.59,16.67877906976744,-0.24525875119158608,0.28004082532763447,-0.32124635755124853,-0.0675073723847447,-0.09562255142926802,-0.5515639343242864,-0.17734493316921726
18,6,Jonas Valanciunas,37.3,MEM,C,6400,27.5,33.05,5.140000000000001,27.333333333333332,34.029999999999994,33.2515243902439,0.9843297651853663,0.47212010936646076,0.9654263153526441,1.0967542657842895,0.7524731271407331,1.0771496335473172,0.7618583843276108
18,7,Dennis Schroder,45.0,OKC,PG/SG,7000,31.5,30.0,4.275,33.666666666666664,32.8,28.06930693069307,0.7220748718322403,0.8562786774441132,0.5630899817331886,0.9816383642611456,0.07944307029389763,1.634531610107822,0.6044412259502832
19,0,Derrick Rose,36.5,DET,PG/SG,7600,31.5,38.25,5.05,31.333333333333332,35.59,38.45345744680851,1.431452862049713,0.8562786774441132,1.36929332596116,1.2427549213746194,0.6824468784514663,1.0192398178007716,1.0961323542194903
19,1,Shai Gilgeous-Alexander,42.8,OKC,PG/SG,7300,35.0,36.4,4.984999999999999,35.0,36.540000000000006,36.4,1.272380221819128,1.1924174245120591,1.2098672604127427,1.3316655770225765,0.6318723655092183,1.4752796168048203,1.0000025182116747
19,2,Kyle Anderson,9.0,MEM,SF/PF,4600,16.5,12.8,2.7800000000000002,21.666666666666668,15.3,9.747692307692308,-0.7568707562575209,-0.5843159528470837,-0.8593611814886749,-0.6561895029380588,-1.0837707273778003,-0.9714100984867444,-0.5386820608333451
19,3,Domantas Sabonis,37.3,IND,PF/C,9400,36.0,49.55,5.285,36.666666666666664,46.05,48.64909090909091,2.4030857456203116,1.2884570665314723,2.160860607373176,2.2217080351405434,0.8652931944734392,1.0771496335473172,1.8639709166995493
19,4,Reggie Bullock,11.8,NY,SG/SF,4000,27.0,20.25,5.029999999999999,27.333333333333332,17.61,20.003048780487806,-0.11628093478840924,0.4241002883567542,-0.06315713265612696,-0.4399962244677639,0.6668854898538513,-0.7687257433738336,-0.17290395622088342
19,5,Jaren Jackson Jr.,16.5,MEM,PF/C,6400,31.0,32.95,5.16,30.333333333333332,32.17,33.674175824175826,0.9757312440918217,0.8082588564344066,0.9982400731029635,0.9226765610419746,0.7680345157383475,-0.4285055758628764,0.7402161336587543
19,6,Bobby Portis,5.8,NY,PF/C,4100,18.5,19.15,4.65,20.333333333333332,19.95,17.423360655737703,-0.2108646668174057,-0.3922366688082574,-0.26343862799954415,-0.22099524108227023,0.37121910649917306,-1.203049361472928,-0.20620818276417063
19,7,Bogdan Bogdanovic,35.8,SAC,SG/SF,5000,29.5,25.6,5.125,29.0,25.139999999999997,26.04137931034483,0.34373994371625494,0.664199393405287,0.4056459975729297,0.26473770924709367,0.7408020856925216,0.9685687290225437,0.22640741472331116
20,0,Reggie Jackson,37.3,DET,PG,4500,23.0,23.45,5.21,22.0,23.830000000000002,24.51590909090909,0.15887174020503464,0.039941720279101665,0.2872117365786721,0.14213459461675368,0.806937987232384,1.0771496335473172,0.07967830808845633
20,1,CJ McCollum,39.8,POR,PG/SG,6900,35.5,37.55,5.43,36.666666666666664,36.970000000000006,36.35522727272728,1.3712632143948968,1.2404372455217658,1.206391201162498,1.371909347473757,0.9781132618061454,1.2581178077552733,1.0411645585158655
20,2,Bogdan Bogdanovic,35.8,SAC,SG/SF,5000,29.5,25.6,5.125,29.0,25.139999999999997,26.04137931034483,0.34373994371625494,0.664199393405287,0.4056459975729297,0.26473770924709367,0.7408020856925216,0.9685687290225437,0.22640741472331116
20,3,Trey Lyles,11.0,SA,PF/C,3700,22.5,20.05,5.4399999999999995,17.0,15.73,26.536764705882355,-0.13347797697549943,-0.008078100730604897,0.4441066652938221,-0.6159457324868783,0.9858939561049526,-0.8266355591203796,-0.18894010315477672
20,4,Buddy Hield,19.0,SAC,SG/SF,7100,32.5,33.349999999999994,4.705,34.666666666666664,35.589999999999996,31.265624999999996,1.0101253284660014,0.9523183194635264,0.8112453135239215,1.2427549213746187,0.41401292514261323,-0.2475374016549204,0.8094203572396572
20,5,Bojan Bogdanovic,34.8,UTA,SF/PF,6000,33.5,30.200000000000003,5.04,33.666666666666664,30.920000000000005,30.050495049504956,0.7392719140193308,1.0483579614829395,0.716905210475498,0.8056888562420318,0.6746661841526592,0.8961814593393612,0.5655298174191471
20,6,Hassan Whiteside,38.5,POR,C,8500,33.5,45.9,5.375,34.0,43.3,45.224999999999994,2.0892397257059145,1.0483579614829395,1.8950214770980924,1.9643350845806684,0.9353194431627052,1.1640143571671364,1.611900017629561
20,7,Bruce Brown,14.8,DET,PG/SF,4600,25.5,18.75,4.05,28.666666666666668,21.59,16.67877906976744,-0.24525875119158608,0.28004082532763447,-0.32124635755124853,-0.0675073723847447,-0.09562255142926802,-0.5515639343242864,-0.17734493316921726
21,0,Patty Mills,22.0,SA,PG/SG,4000,24.0,20.45,5.09,24.666666666666668,20.750000000000004,19.897297297297296,-0.09908389260131906,0.1359813622985148,-0.07136745272736861,-0.14612311001030617,0.7135696556466958,-0.030375592605373213,-0.13465813409672497
21,1,Reggie Bullock,11.8,NY,SG/SF,4000,27.0,20.25,5.029999999999999,27.333333333333332,17.61,20.003048780487806,-0.11628093478840924,0.4241002883567542,-0.06315713265612696,-0.4399962244677639,0.6668854898538513,-0.7687257433738336,-0.17290395622088342
21,2,Bogdan Bogdanovic,35.8,SAC,SG/SF,5000,29.5,25.6,5.125,29.0,25.139999999999997,26.04137931034483,0.34373994371625494,0.664199393405287,0.4056459975729297,0.26473770924709367,0.7408020856925216,0.9685687290225437,0.22640741472331116
21,3,Bobby Portis,5.8,NY,PF/C,4100,18.5,19.15,4.65,20.333333333333332,19.95,17.423360655737703,-0.2108646668174057,-0.3922366688082574,-0.26343862799954415,-0.22099524108227023,0.37121910649917306,-1.203049361472928,-0.20620818276417063
21,4,CJ McCollum,39.8,POR,PG/SG,6900,35.5,37.55,5.43,36.666666666666664,36.970000000000006,36.35522727272728,1.3712632143948968,1.2404372455217658,1.206391201162498,1.371909347473757,0.9781132618061454,1.2581178077552733,1.0411645585158655
21,5,DeMar DeRozan,51.3,SA,SG/SF,8400,35.5,40.25,4.800000000000001,35.333333333333336,39.989999999999995,40.43985849056604,1.6034232839206153,1.2404372455217658,1.5235132751009508,1.6545516422704185,0.4879295209812835,2.090571409111871,1.2782124272842648
21,6,Hassan Whiteside,38.5,POR,C,8500,33.5,45.9,5.375,34.0,43.3,45.224999999999994,2.0892397257059145,1.0483579614829395,1.8950214770980924,1.9643350845806684,0.9353194431627052,1.1640143571671364,1.611900017629561
21,7,Joe Harris,15.8,BKN,SG/SF,4500,31.5,23.35,5.205,32.333333333333336,23.369999999999997,22.74819587628866,0.1502732191114897,0.8562786774441132,0.1499702450333345,0.09908311925037418,0.8030476400829805,-0.47917666464110403,0.06353454914964349
22,0,De'Aaron Fox,31.3,SAC,PG,8100,33.0,40.9,5.025,31.666666666666668,39.78,42.62210526315789,1.6593136710286585,1.000338140473233,1.6929382697852913,1.6348977078640288,0.6629951427044485,0.6428260154482232,1.3101946044350683
22,1,Derrick White,16.5,SA,PG/SG,4700,26.0,22.65,4.81,25.333333333333332,23.55,23.246052631578948,0.09008357145667359,0.32806064633734106,0.1886227838653377,0.1159293487415663,0.49571021528008996,-0.4285055758628764,0.05017844713832666
22,2,T.J. Warren,35.5,IND,SF/PF,5800,31.0,28.6,4.9350000000000005,31.666666666666668,29.160000000000004,27.997894736842106,0.6016955765226086,0.8082588564344066,0.5575456909978074,0.6409701678837116,0.5929688940151825,0.9468525481175891,0.45314630409172263
22,3,Bojan Bogdanovic,34.8,UTA,SF/PF,6000,33.5,30.200000000000003,5.04,33.666666666666664,30.920000000000005,30.050495049504956,0.7392719140193308,1.0483579614829395,0.716905210475498,0.8056888562420318,0.6746661841526592,0.8961814593393612,0.5655298174191471
22,4,Ben McLemore,21.0,HOU,SG/SF,4700,19.5,13.45,2.86,22.666666666666668,15.169999999999998,11.570955882352939,-0.7009803691494777,-0.2961970267888443,-0.7178068782243648,-0.668356224237253,-1.021525172987342,-0.1027628622885556,-0.4969103872276727
22,5,Joe Harris,15.8,BKN,SG/SF,4500,31.5,23.35,5.205,32.333333333333336,23.369999999999997,22.74819587628866,0.1502732191114897,0.8562786774441132,0.1499702450333345,0.09908311925037418,0.8030476400829805,-0.47917666464110403,0.06353454914964349
22,6,Hassan Whiteside,38.5,POR,C,8500,33.5,45.9,5.375,34.0,43.3,45.224999999999994,2.0892397257059145,1.0483579614829395,1.8950214770980924,1.9643350845806684,0.9353194431627052,1.1640143571671364,1.611900017629561
22,7,Damyean Dotson,18.5,NY,SG/SF,3300,20.0,15.1,4.6,19.666666666666668,14.059999999999999,15.355932203389829,-0.5591047711059831,-0.2481772057791377,-0.4239493726818573,-0.7722413060996026,0.3323156350051358,-0.2837310364965116,-0.49453636018933156
23,0,Chris Paul,33.8,OKC,PG,7400,32.0,36.95,4.965,30.666666666666668,38.21,38.55652173913044,1.3196720878336266,0.9042984984538198,1.3772950182528385,1.4879611506353,0.616310976911604,0.8237941896561789,1.0598314662544968
23,1,Langston Galloway,10.3,DET,SG,3900,18.5,12.1,3.125,27.666666666666668,17.639999999999997,8.090963855421686,-0.8170604039123368,-0.3922366688082574,-0.9879860523074636,-0.43718851955256544,-0.8153367740689472,-0.8773066478986072,-0.5799215646934616
23,2,Bruce Brown,14.8,DET,PG/SF,4600,25.5,18.75,4.05,28.666666666666668,21.59,16.67877906976744,-0.24525875119158608,0.28004082532763447,-0.32124635755124853,-0.0675073723847447,-0.09562255142926802,-0.5515639343242864,-0.17734493316921726
23,3,Nassir Little,14.0,POR,SF/PF,3000,0.0,3.5,1.165,12.333333333333334,7.720000000000001,0.0,-1.5565332179572173,-2.1689700461674004,-1.6161512650656422,-1.3656029448449143,-2.3403528566351866,-0.6094737500708324,-1.0951368922682476
23,4,Dennis Schroder,45.0,OKC,PG/SG,7000,31.5,30.0,4.275,33.666666666666664,32.8,28.06930693069307,0.7220748718322403,0.8562786774441132,0.5630899817331886,0.9816383642611456,0.07944307029389763,1.634531610107822,0.6044412259502832
23,5,Domantas Sabonis,37.3,IND,PF/C,9400,36.0,49.55,5.285,36.666666666666664,46.05,48.64909090909091,2.4030857456203116,1.2884570665314723,2.160860607373176,2.2217080351405434,0.8652931944734392,1.0771496335473172,1.8639709166995493
23,6,Hassan Whiteside,38.5,POR,C,8500,33.5,45.9,5.375,34.0,43.3,45.224999999999994,2.0892397257059145,1.0483579614829395,1.8950214770980924,1.9643350845806684,0.9353194431627052,1.1640143571671364,1.611900017629561
23,7,Coby White,11.3,CHI,PG/SG,3900,22.5,18.3,4.6899999999999995,22.666666666666668,19.44,18.165441176470587,-0.2839520961125391,-0.008078100730604897,-0.20582507582955026,-0.2687262246406469,0.40234188369440177,-0.8049193782154248,-0.2526719133440555
24,0,Coby White,11.3,CHI,PG/SG,3900,22.5,18.3,4.6899999999999995,22.666666666666668,19.44,18.165441176470587,-0.2839520961125391,-0.008078100730604897,-0.20582507582955026,-0.2687262246406469,0.40234188369440177,-0.8049193782154248,-0.2526719133440555
24,1,Derrick White,16.5,SA,PG/SG,4700,26.0,22.65,4.81,25.333333333333332,23.55,23.246052631578948,0.09008357145667359,0.32806064633734106,0.1886227838653377,0.1159293487415663,0.49571021528008996,-0.4285055758628764,0.05017844713832666
24,2,Bogdan Bogdanovic,35.8,SAC,SG/SF,5000,29.5,25.6,5.125,29.0,25.139999999999997,26.04137931034483,0.34373994371625494,0.664199393405287,0.4056459975729297,0.26473770924709367,0.7408020856925216,0.9685687290225437,0.22640741472331116
24,3,Georges Niang,9.5,UTA,SF/PF,3300,15.5,12.05,3.645,14.666666666666666,12.210000000000003,12.734659090909092,-0.8213596644591092,-0.6803555948664968,-0.6274594379623228,-0.9453831092035182,-0.4107406705309653,-0.9352164636451532,-0.6423812194307702
24,4,Bruce Brown,14.8,DET,PG/SF,4600,25.5,18.75,4.05,28.666666666666668,21.59,16.67877906976744,-0.24525875119158608,0.28004082532763447,-0.32124635755124853,-0.0675073723847447,-0.09562255142926802,-0.5515639343242864,-0.17734493316921726
24,5,Buddy Hield,19.0,SAC,SG/SF,7100,32.5,33.349999999999994,4.705,34.666666666666664,35.589999999999996,31.265624999999996,1.0101253284660014,0.9523183194635264,0.8112453135239215,1.2427549213746187,0.41401292514261323,-0.2475374016549204,0.8094203572396572
24,6,Domantas Sabonis,37.3,IND,PF/C,9400,36.0,49.55,5.285,36.666666666666664,46.05,48.64909090909091,2.4030857456203116,1.2884570665314723,2.160860607373176,2.2217080351405434,0.8652931944734392,1.0771496335473172,1.8639709166995493
24,7,Bojan Bogdanovic,34.8,UTA,SF/PF,6000,33.5,30.200000000000003,5.04,33.666666666666664,30.920000000000005,30.050495049504956,0.7392719140193308,1.0483579614829395,0.716905210475498,0.8056888562420318,0.6746661841526592,0.8961814593393612,0.5655298174191471
25,0,Damian Lillard,70.5,POR,PG,10500,37.5,52.849999999999994,5.01,39.333333333333336,54.50999999999999,50.38665254237287,2.6868369417073,1.432516529560592,2.2957611943186516,3.0134808212265582,0.651324101256237,3.480406987028973,2.1571412529173695
25,1,Shai Gilgeous-Alexander,42.8,OKC,PG/SG,7300,35.0,36.4,4.984999999999999,35.0,36.540000000000006,36.4,1.272380221819128,1.1924174245120591,1.2098672604127427,1.3316655770225765,0.6318723655092183,1.4752796168048203,1.0000025182116747
25,2,DeMar DeRozan,51.3,SA,SG/SF,8400,35.5,40.25,4.800000000000001,35.333333333333336,39.989999999999995,40.43985849056604,1.6034232839206153,1.2404372455217658,1.5235132751009508,1.6545516422704185,0.4879295209812835,2.090571409111871,1.2782124272842648
25,3,Mike Muscala,0.0,OKC,PF/C,3500,0.0,1.9,0.535,15.666666666666666,9.899999999999999,0.0,-1.6941095554539394,-2.1689700461674004,-1.6161512650656422,-1.1615763876738134,-2.8305365974600494,-1.6228955256353859,-1.122439094903188
25,4,Hamidou Diallo,5.3,OKC,SG/SF,3300,17.5,12.35,3.745,20.0,14.65,10.806249999999999,-0.795564101178474,-0.48827631082767053,-0.7771770153142468,-0.7170231094340292,-0.3329337275428918,-1.2392429963145193,-0.6168687840400778
25,5,Julius Randle,42.5,NY,PF/C,8300,34.0,41.75,5.029999999999999,33.666666666666664,38.57,42.163366336633665,1.7324011003237922,1.0963777824926462,1.6573227559194799,1.5216536096176836,0.6668854898538513,1.453563435899866,1.340412646570443
25,6,Nerlens Noel,27.3,OKC,C,4400,20.0,21.45,4.9,21.666666666666668,23.05,19.799999999999997,-0.013098681665867827,-0.2481772057791377,-0.07892140779992753,0.06913426682158902,0.5657364639693566,0.35327693671549354,-0.04885860206095876
25,7,Anthony Tolliver,11.5,SAC,PF,3000,0.0,1.9,0.625,11.0,7.4399999999999995,0.0,-1.6941095554539394,-2.1689700461674004,-1.6161512650656422,-1.3918081907201016,-2.7605103487707834,-0.7904419242787883,-1.1534927965008337
26,0,Dejounte Murray,32.8,SA,PG,4300,23.5,24.2,5.65,23.666666666666668,24.740000000000002,24.02957746478873,0.22336064840662306,0.08796154128880823,0.2494539842450961,0.22730164371111233,1.1492885363799075,0.7514069199729965,0.1020512209708386
26,1,Spencer Dinwiddie,42.3,BKN,PG/SG,7500,31.5,35.85,4.8,33.0,36.51,34.220454545454544,1.2250883558046302,0.8562786774441132,1.0406519903119826,1.328857872107377,0.4879295209812828,1.4390859819632293,0.9653445431306127
26,2,Georges Niang,9.5,UTA,SF/PF,3300,15.5,12.05,3.645,14.666666666666666,12.210000000000003,12.734659090909092,-0.8213596644591092,-0.6803555948664968,-0.6274594379623228,-0.9453831092035182,-0.4107406705309653,-0.9352164636451532,-0.6423812194307702
26,3,Doug McDermott,12.3,IND,SF/PF,4400,23.5,17.45,3.9699999999999998,24.333333333333332,18.43,16.852397260273975,-0.35703952540767275,0.08796154128880823,-0.3077670107729106,-0.3632522901190011,-0.15786810581972682,-0.7325321085322424,-0.2759349380869353
26,4,Eric Gordon,17.5,HOU,SG/SF,7300,31.5,24.15,3.31,33.666666666666664,26.15,22.59579207920792,0.21906138785985044,0.8562786774441132,0.1381379386074166,0.35926377472544796,-0.6713939295410113,-0.356118306179694,0.24135119394686727
26,5,Danilo Gallinari,31.0,OKC,SF/PF,6800,31.5,33.6,4.965,31.0,33.760000000000005,34.141935483870974,1.0316216311998647,0.8562786774441132,1.034555937492248,1.0714849215475026,0.616310976911604,0.6211098345432684,0.8059503861536639
26,6,Brandon Clarke,31.8,MEM,PF/C,4900,23.5,24.1,4.92,22.333333333333332,23.96,25.358955223880603,0.21476212731307812,0.08796154128880823,0.35266404398555146,0.15430131591594767,0.581297852566971,0.6790196502898144,0.137623268298164
26,7,Trey Lyles,11.0,SA,PF/C,3700,22.5,20.05,5.4399999999999995,17.0,15.73,26.536764705882355,-0.13347797697549943,-0.008078100730604897,0.4441066652938221,-0.6159457324868783,0.9858939561049526,-0.8266355591203796,-0.18894010315477672
27,0,Derrick White,16.5,SA,PG/SG,4700,26.0,22.65,4.81,25.333333333333332,23.55,23.246052631578948,0.09008357145667359,0.32806064633734106,0.1886227838653377,0.1159293487415663,0.49571021528008996,-0.4285055758628764,0.05017844713832666
27,1,Dennis Schroder,45.0,OKC,PG/SG,7000,31.5,30.0,4.275,33.666666666666664,32.8,28.06930693069307,0.7220748718322403,0.8562786774441132,0.5630899817331886,0.9816383642611456,0.07944307029389763,1.634531610107822,0.6044412259502832
27,2,Joe Harris,15.8,BKN,SG/SF,4500,31.5,23.35,5.205,32.333333333333336,23.369999999999997,22.74819587628866,0.1502732191114897,0.8562786774441132,0.1499702450333345,0.09908311925037418,0.8030476400829805,-0.47917666464110403,0.06353454914964349
27,3,Danilo Gallinari,31.0,OKC,SF/PF,6800,31.5,33.6,4.965,31.0,33.760000000000005,34.141935483870974,1.0316216311998647,0.8562786774441132,1.034555937492248,1.0714849215475026,0.616310976911604,0.6211098345432684,0.8059503861536639
27,4,Dennis Smith Jr.,19.0,NY,PG,3000,0.0,5.9,1.96,11.666666666666666,10.5,0.0,-1.3501687117121344,-2.1689700461674004,-1.6161512650656422,-1.1054222893698407,-1.7217876598800028,-0.2475374016549204,-0.9818211344066271
27,5,Trey Lyles,11.0,SA,PF/C,3700,22.5,20.05,5.4399999999999995,17.0,15.73,26.536764705882355,-0.13347797697549943,-0.008078100730604897,0.4441066652938221,-0.6159457324868783,0.9858939561049526,-0.8266355591203796,-0.18894010315477672
27,6,Jonas Valanciunas,37.3,MEM,C,6400,27.5,33.05,5.140000000000001,27.333333333333332,34.029999999999994,33.2515243902439,0.9843297651853663,0.47212010936646076,0.9654263153526441,1.0967542657842895,0.7524731271407331,1.0771496335473172,0.7618583843276108
27,7,Ben McLemore,21.0,HOU,SG/SF,4700,19.5,13.45,2.86,22.666666666666668,15.169999999999998,11.570955882352939,-0.7009803691494777,-0.2961970267888443,-0.7178068782243648,-0.668356224237253,-1.021525172987342,-0.1027628622885556,-0.4969103872276727
28,0,Kris Dunn,17.0,CHI,PG/SF,5500,32.0,25.65,4.675,30.666666666666668,24.71,26.765217391304347,0.34803920426302726,0.9042984984538198,0.4618432455465099,0.2244939387959136,0.390670842246191,-0.3923119410212852,0.2556307661271501
28,1,Damyean Dotson,18.5,NY,SG/SF,3300,20.0,15.1,4.6,19.666666666666668,14.059999999999999,15.355932203389829,-0.5591047711059831,-0.2481772057791377,-0.4239493726818573,-0.7722413060996026,0.3323156350051358,-0.2837310364965116,-0.49453636018933156
28,2,Kevin Knox II,11.8,NY,SF/PF,3000,14.5,10.0,3.335,15.0,12.28,9.666666666666666,-0.9976293468767844,-0.77639523688591,-0.8656518398012361,-0.9388317977347216,-0.651942193793993,-0.7687257433738336,-0.753427222423342
28,3,Trey Lyles,11.0,SA,PF/C,3700,22.5,20.05,5.4399999999999995,17.0,15.73,26.536764705882355,-0.13347797697549943,-0.008078100730604897,0.4441066652938221,-0.6159457324868783,0.9858939561049526,-0.8266355591203796,-0.18894010315477672
28,4,Reggie Bullock,11.8,NY,SG/SF,4000,27.0,20.25,5.029999999999999,27.333333333333332,17.61,20.003048780487806,-0.11628093478840924,0.4241002883567542,-0.06315713265612696,-0.4399962244677639,0.6668854898538513,-0.7687257433738336,-0.17290395622088342
28,5,Marcus Morris Sr.,28.0,NY,SF/PF,6500,34.0,32.05,4.925,34.333333333333336,31.71,31.738834951456305,0.898344554249915,1.0963777824926462,0.8479843269650275,0.8796250856755955,0.5851881997163746,0.40394802549372116,0.690103533970545
28,6,Bobby Portis,5.8,NY,PF/C,4100,18.5,19.15,4.65,20.333333333333332,19.95,17.423360655737703,-0.2108646668174057,-0.3922366688082574,-0.26343862799954415,-0.22099524108227023,0.37121910649917306,-1.203049361472928,-0.20620818276417063
28,7,Dennis Schroder,45.0,OKC,PG/SG,7000,31.5,30.0,4.275,33.666666666666664,32.8,28.06930693069307,0.7220748718322403,0.8562786774441132,0.5630899817331886,0.9816383642611456,0.07944307029389763,1.634531610107822,0.6044412259502832
29,0,Donovan Mitchell,40.3,UTA,PG/SG,8000,35.0,39.3,4.9399999999999995,36.0,41.46,38.20833333333333,1.5217373335319364,1.1924174245120591,1.3502624115182391,1.7921291831151525,0.5968592411645853,1.2943114425968645,1.221018836208837
29,1,Bogdan Bogdanovic,35.8,SAC,SG/SF,5000,29.5,25.6,5.125,29.0,25.139999999999997,26.04137931034483,0.34373994371625494,0.664199393405287,0.4056459975729297,0.26473770924709367,0.7408020856925216,0.9685687290225437,0.22640741472331116
29,2,Kent Bazemore,8.8,SAC,SG/SF,3400,19.0,14.9,4.365,23.333333333333332,18.360000000000003,12.132857142857143,-0.5763018132930733,-0.34421684779855083,-0.6741820603212182,-0.3698036015877976,0.14946931898316362,-0.9858875524233808,-0.46690477746818715
29,3,Anthony Tolliver,11.5,SAC,PF,3000,0.0,1.9,0.625,11.0,7.4399999999999995,0.0,-1.6941095554539394,-2.1689700461674004,-1.6161512650656422,-1.3918081907201016,-2.7605103487707834,-0.7904419242787883,-1.1534927965008337
29,4,Derrick Rose,36.5,DET,PG/SG,7600,31.5,38.25,5.05,31.333333333333332,35.59,38.45345744680851,1.431452862049713,0.8562786774441132,1.36929332596116,1.2427549213746194,0.6824468784514663,1.0192398178007716,1.0961323542194903
29,5,Harry Giles III,24.5,SAC,PF/C,3200,0.0,4.65,1.445,11.666666666666666,9.309999999999999,0.0,-1.4576502253814485,-2.1689700461674004,-1.6161512650656422,-1.2167945843393868,-2.122493416268581,0.1505925816025828,-1.0324414905428048
29,6,Christian Wood,34.5,DET,PF/C,4500,14.0,16.5,3.665,20.0,19.8,11.549999999999999,-0.43872547579635135,-0.8244150578956164,-0.7194338483273086,-0.23503376565826328,-0.3951792819333506,0.8744652784344068,-0.3328963712484714
29,7,Dejounte Murray,32.8,SA,PG,4300,23.5,24.2,5.65,23.666666666666668,24.740000000000002,24.02957746478873,0.22336064840662306,0.08796154128880823,0.2494539842450961,0.22730164371111233,1.1492885363799075,0.7514069199729965,0.1020512209708386
