Lineup Num,,Player Name,Actual FP,team,Pos,Salary,DFN_MinProj,Avg Proj,Avg Value Proj,Avg Skewed Min,Avg Skewed FP,Proj Min Enhanced,Avg Proj Stan,DFN_MinProj Stan,Proj Min Enhanced Stan,Avg Skewed FP Stan,Avg Value Proj Stan,Actual FP Stan,predictions
0,0,Shabazz Napier,20.0,WAS,PG/SG,5000,29.5,30.0,5.975,26.0,25.240000000000002,34.03846153846153,0.6931090126978907,0.6801044264270242,0.8736970986613808,0.37074112851436186,1.1686330700635306,-0.05645456733620467,0.4783320022957297
0,1,Marcus Smart,25.5,BOS,PG/SG,7000,36.5,37.5,5.35,36.666666666666664,34.1,37.32954545454545,1.2797792773756704,1.2788971280635335,1.1055559256422536,1.1313842795442988,0.7653994489034842,0.30579557307110694,0.9735330056235614
0,2,Kevin Porter Jr.,6.5,CLE,SG/SF,5300,38.5,32.5,6.145,32.333333333333336,24.82,38.69845360824742,0.888665767590484,1.4499807571025363,1.201996322440023,0.3346835525061706,1.2783126150190631,-0.945614002881424,0.6303644839697528
0,3,Domantas Sabonis,37.0,IND,PF/C,8700,35.5,45.55,5.22,35.666666666666664,44.85,45.337149532710285,1.9094720281298203,1.1933553135440322,1.6696964142566457,2.0542865226110956,0.6815268557021946,1.0632276848318494,1.51010254779235
0,4,Caris LeVert,30.0,BKN,PG/SG,7200,33.5,39.7,5.525,32.666666666666664,34.94,40.71275510204082,1.4518692216811526,1.0222716845050295,1.3439050654089606,1.2034994315606806,0.8783048628282977,0.6021820515861801,1.0966840616779179
0,5,Shai Gilgeous-Alexander,42.5,OKC,SG/SF,7400,35.5,35.55,4.8149999999999995,35.666666666666664,36.33,35.38387850467289,1.1272450085594474,1.1933553135440322,0.9684825272739449,1.3228328378735037,0.42023146919048454,1.425477825239161,0.9081836747466758
0,6,Naz Reid,41.3,MIN,C,5100,26.5,31.05,6.09,22.333333333333332,21.749999999999996,36.84291044776119,0.7752428497527799,0.4234789828685202,1.071272198846528,0.07111984216058265,1.2428280563569791,1.3464414309684747,0.5069685016254636
0,7,Bobby Portis,29.0,NY,PF/C,4000,23.5,25.0,6.265000000000001,19.666666666666668,21.160000000000004,29.8728813559322,0.3019955029127043,0.1668535393100162,0.5802294875512809,0.02046753300621952,1.3557334702817925,0.5363183896939416,0.15494054245897676
1,0,Caris LeVert,30.0,BKN,PG/SG,7200,33.5,39.7,5.525,32.666666666666664,34.94,40.71275510204082,1.4518692216811526,1.0222716845050295,1.3439050654089606,1.2034994315606806,0.8783048628282977,0.6021820515861801,1.0966840616779179
1,1,Shabazz Napier,20.0,WAS,PG/SG,5000,29.5,30.0,5.975,26.0,25.240000000000002,34.03846153846153,0.6931090126978907,0.6801044264270242,0.8736970986613808,0.37074112851436186,1.1686330700635306,-0.05645456733620467,0.4783320022957297
1,2,Danilo Gallinari,38.8,OKC,SF/PF,6200,31.5,31.4,5.08,30.666666666666668,30.9,32.25326086956522,0.8026207954377428,0.8511880554660269,0.7479286456016094,0.8566598909104612,0.5912025245623446,1.1817822762378785,0.6242517706694353
1,3,Bobby Portis,29.0,NY,PF/C,4000,23.5,25.0,6.265000000000001,19.666666666666668,21.160000000000004,29.8728813559322,0.3019955029127043,0.1668535393100162,0.5802294875512809,0.02046753300621952,1.3557334702817925,0.5363183896939416,0.15494054245897676
1,4,Kevin Porter Jr.,6.5,CLE,SG/SF,5300,38.5,32.5,6.145,32.333333333333336,24.82,38.69845360824742,0.888665767590484,1.4499807571025363,1.201996322440023,0.3346835525061706,1.2783126150190631,-0.945614002881424,0.6303644839697528
1,5,Larry Nance Jr.,53.3,CLE,PF/C,6500,37.5,34.85,5.34,29.0,27.55,45.0646551724138,1.0724891171895217,1.364438942583035,1.6504990238684891,0.569057796559413,0.7589477109649236,2.1368053736753363,0.840786411389795
1,6,Domantas Sabonis,37.0,IND,PF/C,8700,35.5,45.55,5.22,35.666666666666664,44.85,45.337149532710285,1.9094720281298203,1.1933553135440322,1.6696964142566457,2.0542865226110956,0.6815268557021946,1.0632276848318494,1.51010254779235
1,7,Marcus Smart,25.5,BOS,PG/SG,7000,36.5,37.5,5.35,36.666666666666664,34.1,37.32954545454545,1.2797792773756704,1.2788971280635335,1.1055559256422536,1.1313842795442988,0.7653994489034842,0.30579557307110694,0.9735330056235614
2,0,Marcus Smart,25.5,BOS,PG/SG,7000,36.5,37.5,5.35,36.666666666666664,34.1,37.32954545454545,1.2797792773756704,1.2788971280635335,1.1055559256422536,1.1313842795442988,0.7653994489034842,0.30579557307110694,0.9735330056235614
2,1,Shabazz Napier,20.0,WAS,PG/SG,5000,29.5,30.0,5.975,26.0,25.240000000000002,34.03846153846153,0.6931090126978907,0.6801044264270242,0.8736970986613808,0.37074112851436186,1.1686330700635306,-0.05645456733620467,0.4783320022957297
2,2,Kevin Porter Jr.,6.5,CLE,SG/SF,5300,38.5,32.5,6.145,32.333333333333336,24.82,38.69845360824742,0.888665767590484,1.4499807571025363,1.201996322440023,0.3346835525061706,1.2783126150190631,-0.945614002881424,0.6303644839697528
2,3,Larry Nance Jr.,53.3,CLE,PF/C,6500,37.5,34.85,5.34,29.0,27.55,45.0646551724138,1.0724891171895217,1.364438942583035,1.6504990238684891,0.569057796559413,0.7589477109649236,2.1368053736753363,0.840786411389795
2,4,Jimmy Butler,36.3,MIA,SG/SF,7800,34.0,39.55,5.085,35.333333333333336,41.330000000000005,38.057547169811315,1.4401358163875966,1.0650425917647803,1.1568440811695833,1.7520896951138751,0.5944283935316248,1.0171231215072822,1.147820454502091
2,5,Bobby Portis,29.0,NY,PF/C,4000,23.5,25.0,6.265000000000001,19.666666666666668,21.160000000000004,29.8728813559322,0.3019955029127043,0.1668535393100162,0.5802294875512809,0.02046753300621952,1.3557334702817925,0.5363183896939416,0.15494054245897676
2,6,Naz Reid,41.3,MIN,C,5100,26.5,31.05,6.09,22.333333333333332,21.749999999999996,36.84291044776119,0.7752428497527799,0.4234789828685202,1.071272198846528,0.07111984216058265,1.2428280563569791,1.3464414309684747,0.5069685016254636
2,7,Domantas Sabonis,37.0,IND,PF/C,8700,35.5,45.55,5.22,35.666666666666664,44.85,45.337149532710285,1.9094720281298203,1.1933553135440322,1.6696964142566457,2.0542865226110956,0.6815268557021946,1.0632276848318494,1.51010254779235
3,0,Marcus Smart,25.5,BOS,PG/SG,7000,36.5,37.5,5.35,36.666666666666664,34.1,37.32954545454545,1.2797792773756704,1.2788971280635335,1.1055559256422536,1.1313842795442988,0.7653994489034842,0.30579557307110694,0.9735330056235614
3,1,Shabazz Napier,20.0,WAS,PG/SG,5000,29.5,30.0,5.975,26.0,25.240000000000002,34.03846153846153,0.6931090126978907,0.6801044264270242,0.8736970986613808,0.37074112851436186,1.1686330700635306,-0.05645456733620467,0.4783320022957297
3,2,Kevin Porter Jr.,6.5,CLE,SG/SF,5300,38.5,32.5,6.145,32.333333333333336,24.82,38.69845360824742,0.888665767590484,1.4499807571025363,1.201996322440023,0.3346835525061706,1.2783126150190631,-0.945614002881424,0.6303644839697528
3,3,Bobby Portis,29.0,NY,PF/C,4000,23.5,25.0,6.265000000000001,19.666666666666668,21.160000000000004,29.8728813559322,0.3019955029127043,0.1668535393100162,0.5802294875512809,0.02046753300621952,1.3557334702817925,0.5363183896939416,0.15494054245897676
3,4,Malcolm Brogdon,11.5,IND,PG,7000,35.0,36.75,5.245,33.666666666666664,36.43,38.20544554455446,1.2211122509078924,1.1505844062842816,1.167263609979753,1.3314179750183113,0.6976562005485968,-0.6162956934202317,0.9660770277045087
3,5,Jimmy Butler,36.3,MIA,SG/SF,7800,34.0,39.55,5.085,35.333333333333336,41.330000000000005,38.057547169811315,1.4401358163875966,1.0650425917647803,1.1568440811695833,1.7520896951138751,0.5944283935316248,1.0171231215072822,1.147820454502091
3,6,Larry Nance Jr.,53.3,CLE,PF/C,6500,37.5,34.85,5.34,29.0,27.55,45.0646551724138,1.0724891171895217,1.364438942583035,1.6504990238684891,0.569057796559413,0.7589477109649236,2.1368053736753363,0.840786411389795
3,7,Caris LeVert,30.0,BKN,PG/SG,7200,33.5,39.7,5.525,32.666666666666664,34.94,40.71275510204082,1.4518692216811526,1.0222716845050295,1.3439050654089606,1.2034994315606806,0.8783048628282977,0.6021820515861801,1.0966840616779179
4,0,Caris LeVert,30.0,BKN,PG/SG,7200,33.5,39.7,5.525,32.666666666666664,34.94,40.71275510204082,1.4518692216811526,1.0222716845050295,1.3439050654089606,1.2034994315606806,0.8783048628282977,0.6021820515861801,1.0966840616779179
4,1,Jimmy Butler,36.3,MIA,SG/SF,7800,34.0,39.55,5.085,35.333333333333336,41.330000000000005,38.057547169811315,1.4401358163875966,1.0650425917647803,1.1568440811695833,1.7520896951138751,0.5944283935316248,1.0171231215072822,1.147820454502091
4,2,Denzel Valentine,15.5,CHI,SG/SF,3800,22.0,22.35,5.895,15.0,15.010000000000002,32.78,0.09470534272655556,0.0385408175307642,0.7850377318545227,-0.5075184013994366,1.1170191665550446,-0.3528410458512778,0.005991677312864987
4,3,Larry Nance Jr.,53.3,CLE,PF/C,6500,37.5,34.85,5.34,29.0,27.55,45.0646551724138,1.0724891171895217,1.364438942583035,1.6504990238684891,0.569057796559413,0.7589477109649236,2.1368053736753363,0.840786411389795
4,4,Shabazz Napier,20.0,WAS,PG/SG,5000,29.5,30.0,5.975,26.0,25.240000000000002,34.03846153846153,0.6931090126978907,0.6801044264270242,0.8736970986613808,0.37074112851436186,1.1686330700635306,-0.05645456733620467,0.4783320022957297
4,5,Bobby Portis,29.0,NY,PF/C,4000,23.5,25.0,6.265000000000001,19.666666666666668,21.160000000000004,29.8728813559322,0.3019955029127043,0.1668535393100162,0.5802294875512809,0.02046753300621952,1.3557334702817925,0.5363183896939416,0.15494054245897676
4,6,Domantas Sabonis,37.0,IND,PF/C,8700,35.5,45.55,5.22,35.666666666666664,44.85,45.337149532710285,1.9094720281298203,1.1933553135440322,1.6696964142566457,2.0542865226110956,0.6815268557021946,1.0632276848318494,1.51010254779235
4,7,Marcus Smart,25.5,BOS,PG/SG,7000,36.5,37.5,5.35,36.666666666666664,34.1,37.32954545454545,1.2797792773756704,1.2788971280635335,1.1055559256422536,1.1313842795442988,0.7653994489034842,0.30579557307110694,0.9735330056235614
5,0,Marcus Smart,25.5,BOS,PG/SG,7000,36.5,37.5,5.35,36.666666666666664,34.1,37.32954545454545,1.2797792773756704,1.2788971280635335,1.1055559256422536,1.1313842795442988,0.7653994489034842,0.30579557307110694,0.9735330056235614
5,1,Caris LeVert,30.0,BKN,PG/SG,7200,33.5,39.7,5.525,32.666666666666664,34.94,40.71275510204082,1.4518692216811526,1.0222716845050295,1.3439050654089606,1.2034994315606806,0.8783048628282977,0.6021820515861801,1.0966840616779179
5,2,Denzel Valentine,15.5,CHI,SG/SF,3800,22.0,22.35,5.895,15.0,15.010000000000002,32.78,0.09470534272655556,0.0385408175307642,0.7850377318545227,-0.5075184013994366,1.1170191665550446,-0.3528410458512778,0.005991677312864987
5,3,Domantas Sabonis,37.0,IND,PF/C,8700,35.5,45.55,5.22,35.666666666666664,44.85,45.337149532710285,1.9094720281298203,1.1933553135440322,1.6696964142566457,2.0542865226110956,0.6815268557021946,1.0632276848318494,1.51010254779235
5,4,Lonzo Ball,57.8,NO,PG,7500,35.0,37.05,4.95,33.666666666666664,36.169999999999995,38.51732673267327,1.2445790614950034,1.1505844062842816,1.1892358259057065,1.3090966184418116,0.507329931361055,2.4331918521904092,0.9925977382171597
5,5,Bobby Portis,29.0,NY,PF/C,4000,23.5,25.0,6.265000000000001,19.666666666666668,21.160000000000004,29.8728813559322,0.3019955029127043,0.1668535393100162,0.5802294875512809,0.02046753300621952,1.3557334702817925,0.5363183896939416,0.15494054245897676
5,6,Naz Reid,41.3,MIN,C,5100,26.5,31.05,6.09,22.333333333333332,21.749999999999996,36.84291044776119,0.7752428497527799,0.4234789828685202,1.071272198846528,0.07111984216058265,1.2428280563569791,1.3464414309684747,0.5069685016254636
5,7,Collin Sexton,55.3,CLE,PG/SG,6600,38.5,35.4,5.35,35.333333333333336,32.46,38.57264150943396,1.115511603265892,1.4499807571025363,1.1931327849567244,0.9905880303694571,0.7653994489034842,2.2685326974598135,0.8693341960791108
6,0,Shabazz Napier,20.0,WAS,PG/SG,5000,29.5,30.0,5.975,26.0,25.240000000000002,34.03846153846153,0.6931090126978907,0.6801044264270242,0.8736970986613808,0.37074112851436186,1.1686330700635306,-0.05645456733620467,0.4783320022957297
6,1,Marcus Smart,25.5,BOS,PG/SG,7000,36.5,37.5,5.35,36.666666666666664,34.1,37.32954545454545,1.2797792773756704,1.2788971280635335,1.1055559256422536,1.1313842795442988,0.7653994489034842,0.30579557307110694,0.9735330056235614
6,2,Jimmy Butler,36.3,MIA,SG/SF,7800,34.0,39.55,5.085,35.333333333333336,41.330000000000005,38.057547169811315,1.4401358163875966,1.0650425917647803,1.1568440811695833,1.7520896951138751,0.5944283935316248,1.0171231215072822,1.147820454502091
6,3,Grant Williams,19.8,BOS,SF/PF,3100,23.5,18.6,5.995,17.0,11.280000000000001,25.711764705882356,-0.1986297896123343,0.1668535393100162,0.2870763349695179,-0.8277440169007532,1.1815365459406522,-0.06962729971465233,-0.2545298021136219
6,4,Malcolm Brogdon,11.5,IND,PG,7000,35.0,36.75,5.245,33.666666666666664,36.43,38.20544554455446,1.2211122509078924,1.1505844062842816,1.167263609979753,1.3314179750183113,0.6976562005485968,-0.6162956934202317,0.9660770277045087
6,5,Bobby Portis,29.0,NY,PF/C,4000,23.5,25.0,6.265000000000001,19.666666666666668,21.160000000000004,29.8728813559322,0.3019955029127043,0.1668535393100162,0.5802294875512809,0.02046753300621952,1.3557334702817925,0.5363183896939416,0.15494054245897676
6,6,Domantas Sabonis,37.0,IND,PF/C,8700,35.5,45.55,5.22,35.666666666666664,44.85,45.337149532710285,1.9094720281298203,1.1933553135440322,1.6696964142566457,2.0542865226110956,0.6815268557021946,1.0632276848318494,1.51010254779235
6,7,Caris LeVert,30.0,BKN,PG/SG,7200,33.5,39.7,5.525,32.666666666666664,34.94,40.71275510204082,1.4518692216811526,1.0222716845050295,1.3439050654089606,1.2034994315606806,0.8783048628282977,0.6021820515861801,1.0966840616779179
7,0,Caris LeVert,30.0,BKN,PG/SG,7200,33.5,39.7,5.525,32.666666666666664,34.94,40.71275510204082,1.4518692216811526,1.0222716845050295,1.3439050654089606,1.2034994315606806,0.8783048628282977,0.6021820515861801,1.0966840616779179
7,1,Shabazz Napier,20.0,WAS,PG/SG,5000,29.5,30.0,5.975,26.0,25.240000000000002,34.03846153846153,0.6931090126978907,0.6801044264270242,0.8736970986613808,0.37074112851436186,1.1686330700635306,-0.05645456733620467,0.4783320022957297
7,2,Bradley Beal,48.5,WAS,SG/SF,10600,37.5,52.7,4.955,37.333333333333336,51.92,52.935267857142854,2.4687643471226375,1.364438942583035,2.2049883870183296,2.66125571874898,0.5105558003303352,1.820659796592592,1.9784017666476195
7,3,Bobby Portis,29.0,NY,PF/C,4000,23.5,25.0,6.265000000000001,19.666666666666668,21.160000000000004,29.8728813559322,0.3019955029127043,0.1668535393100162,0.5802294875512809,0.02046753300621952,1.3557334702817925,0.5363183896939416,0.15494054245897676
7,4,Denzel Valentine,15.5,CHI,SG/SF,3800,22.0,22.35,5.895,15.0,15.010000000000002,32.78,0.09470534272655556,0.0385408175307642,0.7850377318545227,-0.5075184013994366,1.1170191665550446,-0.3528410458512778,0.005991677312864987
7,5,Jerome Robinson,14.0,WAS,SG/SF,3100,28.0,19.65,6.345000000000001,20.333333333333332,12.33,27.059016393442622,-0.11649595255744535,0.5517917046477723,0.38199102079661706,-0.7376000768802754,1.4073473737902784,-0.4516365386896355,-0.19451530719189142
7,6,Domantas Sabonis,37.0,IND,PF/C,8700,35.5,45.55,5.22,35.666666666666664,44.85,45.337149532710285,1.9094720281298203,1.1933553135440322,1.6696964142566457,2.0542865226110956,0.6815268557021946,1.0632276848318494,1.51010254779235
7,7,Marcus Smart,25.5,BOS,PG/SG,7000,36.5,37.5,5.35,36.666666666666664,34.1,37.32954545454545,1.2797792773756704,1.2788971280635335,1.1055559256422536,1.1313842795442988,0.7653994489034842,0.30579557307110694,0.9735330056235614
8,0,Caris LeVert,30.0,BKN,PG/SG,7200,33.5,39.7,5.525,32.666666666666664,34.94,40.71275510204082,1.4518692216811526,1.0222716845050295,1.3439050654089606,1.2034994315606806,0.8783048628282977,0.6021820515861801,1.0966840616779179
8,1,Marcus Smart,25.5,BOS,PG/SG,7000,36.5,37.5,5.35,36.666666666666664,34.1,37.32954545454545,1.2797792773756704,1.2788971280635335,1.1055559256422536,1.1313842795442988,0.7653994489034842,0.30579557307110694,0.9735330056235614
8,2,Kevin Porter Jr.,6.5,CLE,SG/SF,5300,38.5,32.5,6.145,32.333333333333336,24.82,38.69845360824742,0.888665767590484,1.4499807571025363,1.201996322440023,0.3346835525061706,1.2783126150190631,-0.945614002881424,0.6303644839697528
8,3,Zion Williamson,32.0,NO,PF/C,8000,32.5,41.55,5.18,32.0,39.27,42.19921875,1.5965812203016712,0.9367298699855282,1.4486273169690558,1.5752358699308422,0.6557199039479517,0.733909375370657,1.2462484210456757
8,4,Shabazz Napier,20.0,WAS,PG/SG,5000,29.5,30.0,5.975,26.0,25.240000000000002,34.03846153846153,0.6931090126978907,0.6801044264270242,0.8736970986613808,0.37074112851436186,1.1686330700635306,-0.05645456733620467,0.4783320022957297
8,5,Bobby Portis,29.0,NY,PF/C,4000,23.5,25.0,6.265000000000001,19.666666666666668,21.160000000000004,29.8728813559322,0.3019955029127043,0.1668535393100162,0.5802294875512809,0.02046753300621952,1.3557334702817925,0.5363183896939416,0.15494054245897676
8,6,Naz Reid,41.3,MIN,C,5100,26.5,31.05,6.09,22.333333333333332,21.749999999999996,36.84291044776119,0.7752428497527799,0.4234789828685202,1.071272198846528,0.07111984216058265,1.2428280563569791,1.3464414309684747,0.5069685016254636
8,7,Larry Nance Jr.,53.3,CLE,PF/C,6500,37.5,34.85,5.34,29.0,27.55,45.0646551724138,1.0724891171895217,1.364438942583035,1.6504990238684891,0.569057796559413,0.7589477109649236,2.1368053736753363,0.840786411389795
9,0,Collin Sexton,55.3,CLE,PG/SG,6600,38.5,35.4,5.35,35.333333333333336,32.46,38.57264150943396,1.115511603265892,1.4499807571025363,1.1931327849567244,0.9905880303694571,0.7653994489034842,2.2685326974598135,0.8693341960791108
9,1,Jimmy Butler,36.3,MIA,SG/SF,7800,34.0,39.55,5.085,35.333333333333336,41.330000000000005,38.057547169811315,1.4401358163875966,1.0650425917647803,1.1568440811695833,1.7520896951138751,0.5944283935316248,1.0171231215072822,1.147820454502091
9,2,Duncan Robinson,34.5,MIA,SG/SF,4100,32.0,22.85,5.595000000000001,31.0,22.089999999999996,23.58709677419355,0.1338166937050742,0.8939589627257776,0.13739221055149994,0.10030930845292783,0.923467028398223,0.8985685301012531,0.0596348071911188
9,3,Bobby Portis,29.0,NY,PF/C,4000,23.5,25.0,6.265000000000001,19.666666666666668,21.160000000000004,29.8728813559322,0.3019955029127043,0.1668535393100162,0.5802294875512809,0.02046753300621952,1.3557334702817925,0.5363183896939416,0.15494054245897676
9,4,Marcus Smart,25.5,BOS,PG/SG,7000,36.5,37.5,5.35,36.666666666666664,34.1,37.32954545454545,1.2797792773756704,1.2788971280635335,1.1055559256422536,1.1313842795442988,0.7653994489034842,0.30579557307110694,0.9735330056235614
9,5,Larry Nance Jr.,53.3,CLE,PF/C,6500,37.5,34.85,5.34,29.0,27.55,45.0646551724138,1.0724891171895217,1.364438942583035,1.6504990238684891,0.569057796559413,0.7589477109649236,2.1368053736753363,0.840786411389795
9,6,Naz Reid,41.3,MIN,C,5100,26.5,31.05,6.09,22.333333333333332,21.749999999999996,36.84291044776119,0.7752428497527799,0.4234789828685202,1.071272198846528,0.07111984216058265,1.2428280563569791,1.3464414309684747,0.5069685016254636
9,7,Domantas Sabonis,37.0,IND,PF/C,8700,35.5,45.55,5.22,35.666666666666664,44.85,45.337149532710285,1.9094720281298203,1.1933553135440322,1.6696964142566457,2.0542865226110956,0.6815268557021946,1.0632276848318494,1.51010254779235
10,0,Coby White,37.3,CHI,PG/SG,6200,32.0,33.95,5.46,29.0,29.07,37.46206896551725,1.0020886854281883,0.8939589627257776,1.1148922861194632,0.6995518811604856,0.8363685662276525,1.0829867833995208,0.7488527102043112
10,1,Marcus Smart,25.5,BOS,PG/SG,7000,36.5,37.5,5.35,36.666666666666664,34.1,37.32954545454545,1.2797792773756704,1.2788971280635335,1.1055559256422536,1.1313842795442988,0.7653994489034842,0.30579557307110694,0.9735330056235614
10,2,Denzel Valentine,15.5,CHI,SG/SF,3800,22.0,22.35,5.895,15.0,15.010000000000002,32.78,0.09470534272655556,0.0385408175307642,0.7850377318545227,-0.5075184013994366,1.1170191665550446,-0.3528410458512778,0.005991677312864987
10,3,Bobby Portis,29.0,NY,PF/C,4000,23.5,25.0,6.265000000000001,19.666666666666668,21.160000000000004,29.8728813559322,0.3019955029127043,0.1668535393100162,0.5802294875512809,0.02046753300621952,1.3557334702817925,0.5363183896939416,0.15494054245897676
10,4,Kevin Porter Jr.,6.5,CLE,SG/SF,5300,38.5,32.5,6.145,32.333333333333336,24.82,38.69845360824742,0.888665767590484,1.4499807571025363,1.201996322440023,0.3346835525061706,1.2783126150190631,-0.945614002881424,0.6303644839697528
10,5,Jimmy Butler,36.3,MIA,SG/SF,7800,34.0,39.55,5.085,35.333333333333336,41.330000000000005,38.057547169811315,1.4401358163875966,1.0650425917647803,1.1568440811695833,1.7520896951138751,0.5944283935316248,1.0171231215072822,1.147820454502091
10,6,Domantas Sabonis,37.0,IND,PF/C,8700,35.5,45.55,5.22,35.666666666666664,44.85,45.337149532710285,1.9094720281298203,1.1933553135440322,1.6696964142566457,2.0542865226110956,0.6815268557021946,1.0632276848318494,1.51010254779235
10,7,Larry Nance Jr.,53.3,CLE,PF/C,6500,37.5,34.85,5.34,29.0,27.55,45.0646551724138,1.0724891171895217,1.364438942583035,1.6504990238684891,0.569057796559413,0.7589477109649236,2.1368053736753363,0.840786411389795
11,0,Shabazz Napier,20.0,WAS,PG/SG,5000,29.5,30.0,5.975,26.0,25.240000000000002,34.03846153846153,0.6931090126978907,0.6801044264270242,0.8736970986613808,0.37074112851436186,1.1686330700635306,-0.05645456733620467,0.4783320022957297
11,1,Caris LeVert,30.0,BKN,PG/SG,7200,33.5,39.7,5.525,32.666666666666664,34.94,40.71275510204082,1.4518692216811526,1.0222716845050295,1.3439050654089606,1.2034994315606806,0.8783048628282977,0.6021820515861801,1.0966840616779179
11,2,Shai Gilgeous-Alexander,42.5,OKC,SG/SF,7400,35.5,35.55,4.8149999999999995,35.666666666666664,36.33,35.38387850467289,1.1272450085594474,1.1933553135440322,0.9684825272739449,1.3228328378735037,0.42023146919048454,1.425477825239161,0.9081836747466758
11,3,Larry Nance Jr.,53.3,CLE,PF/C,6500,37.5,34.85,5.34,29.0,27.55,45.0646551724138,1.0724891171895217,1.364438942583035,1.6504990238684891,0.569057796559413,0.7589477109649236,2.1368053736753363,0.840786411389795
11,4,Jerome Robinson,14.0,WAS,SG/SF,3100,28.0,19.65,6.345000000000001,20.333333333333332,12.33,27.059016393442622,-0.11649595255744535,0.5517917046477723,0.38199102079661706,-0.7376000768802754,1.4073473737902784,-0.4516365386896355,-0.19451530719189142
11,5,Denzel Valentine,15.5,CHI,SG/SF,3800,22.0,22.35,5.895,15.0,15.010000000000002,32.78,0.09470534272655556,0.0385408175307642,0.7850377318545227,-0.5075184013994366,1.1170191665550446,-0.3528410458512778,0.005991677312864987
11,6,Hassan Whiteside,55.5,POR,C,9500,33.0,48.35,5.1,31.0,44.89,51.469354838709684,2.128495593609525,0.979500777245279,2.1017139395790383,2.0577205774690186,0.6041060004394657,2.281705429838261,1.6859108728117742
11,7,Marcus Smart,25.5,BOS,PG/SG,7000,36.5,37.5,5.35,36.666666666666664,34.1,37.32954545454545,1.2797792773756704,1.2788971280635335,1.1055559256422536,1.1313842795442988,0.7653994489034842,0.30579557307110694,0.9735330056235614
12,0,Marcus Smart,25.5,BOS,PG/SG,7000,36.5,37.5,5.35,36.666666666666664,34.1,37.32954545454545,1.2797792773756704,1.2788971280635335,1.1055559256422536,1.1313842795442988,0.7653994489034842,0.30579557307110694,0.9735330056235614
12,1,Caris LeVert,30.0,BKN,PG/SG,7200,33.5,39.7,5.525,32.666666666666664,34.94,40.71275510204082,1.4518692216811526,1.0222716845050295,1.3439050654089606,1.2034994315606806,0.8783048628282977,0.6021820515861801,1.0966840616779179
12,2,Shai Gilgeous-Alexander,42.5,OKC,SG/SF,7400,35.5,35.55,4.8149999999999995,35.666666666666664,36.33,35.38387850467289,1.1272450085594474,1.1933553135440322,0.9684825272739449,1.3228328378735037,0.42023146919048454,1.425477825239161,0.9081836747466758
12,3,Grant Williams,19.8,BOS,SF/PF,3100,23.5,18.6,5.995,17.0,11.280000000000001,25.711764705882356,-0.1986297896123343,0.1668535393100162,0.2870763349695179,-0.8277440169007532,1.1815365459406522,-0.06962729971465233,-0.2545298021136219
12,4,Jrue Holiday,39.5,NO,PG/SG,8300,36.5,40.45,4.890000000000001,37.0,41.470000000000006,39.90337837837838,1.5105362481489306,1.2788971280635335,1.2868839919514063,1.7641088871166055,0.46861950372969075,1.2278868395624456,1.2159320147231245
12,5,Jimmy Butler,36.3,MIA,SG/SF,7800,34.0,39.55,5.085,35.333333333333336,41.330000000000005,38.057547169811315,1.4401358163875966,1.0650425917647803,1.1568440811695833,1.7520896951138751,0.5944283935316248,1.0171231215072822,1.147820454502091
12,6,Bobby Portis,29.0,NY,PF/C,4000,23.5,25.0,6.265000000000001,19.666666666666668,21.160000000000004,29.8728813559322,0.3019955029127043,0.1668535393100162,0.5802294875512809,0.02046753300621952,1.3557334702817925,0.5363183896939416,0.15494054245897676
12,7,Naz Reid,41.3,MIN,C,5100,26.5,31.05,6.09,22.333333333333332,21.749999999999996,36.84291044776119,0.7752428497527799,0.4234789828685202,1.071272198846528,0.07111984216058265,1.2428280563569791,1.3464414309684747,0.5069685016254636
13,0,Caris LeVert,30.0,BKN,PG/SG,7200,33.5,39.7,5.525,32.666666666666664,34.94,40.71275510204082,1.4518692216811526,1.0222716845050295,1.3439050654089606,1.2034994315606806,0.8783048628282977,0.6021820515861801,1.0966840616779179
13,1,Marcus Smart,25.5,BOS,PG/SG,7000,36.5,37.5,5.35,36.666666666666664,34.1,37.32954545454545,1.2797792773756704,1.2788971280635335,1.1055559256422536,1.1313842795442988,0.7653994489034842,0.30579557307110694,0.9735330056235614
13,2,Denzel Valentine,15.5,CHI,SG/SF,3800,22.0,22.35,5.895,15.0,15.010000000000002,32.78,0.09470534272655556,0.0385408175307642,0.7850377318545227,-0.5075184013994366,1.1170191665550446,-0.3528410458512778,0.005991677312864987
13,3,Marvin Williams,12.3,MIL,PF,3000,16.0,12.100000000000001,4.04,18.666666666666668,13.319999999999999,10.371428571428572,-0.7070773523330767,-0.47471006958624384,-0.7936595053547838,-0.6526072191466822,-0.0797782210479725,-0.5636047639064409,-0.5760357838173225
13,4,Shabazz Napier,20.0,WAS,PG/SG,5000,29.5,30.0,5.975,26.0,25.240000000000002,34.03846153846153,0.6931090126978907,0.6801044264270242,0.8736970986613808,0.37074112851436186,1.1686330700635306,-0.05645456733620467,0.4783320022957297
13,5,Domantas Sabonis,37.0,IND,PF/C,8700,35.5,45.55,5.22,35.666666666666664,44.85,45.337149532710285,1.9094720281298203,1.1933553135440322,1.6696964142566457,2.0542865226110956,0.6815268557021946,1.0632276848318494,1.51010254779235
13,6,Larry Nance Jr.,53.3,CLE,PF/C,6500,37.5,34.85,5.34,29.0,27.55,45.0646551724138,1.0724891171895217,1.364438942583035,1.6504990238684891,0.569057796559413,0.7589477109649236,2.1368053736753363,0.840786411389795
13,7,Zion Williamson,32.0,NO,PF/C,8000,32.5,41.55,5.18,32.0,39.27,42.19921875,1.5965812203016712,0.9367298699855282,1.4486273169690558,1.5752358699308422,0.6557199039479517,0.733909375370657,1.2462484210456757
14,0,Caris LeVert,30.0,BKN,PG/SG,7200,33.5,39.7,5.525,32.666666666666664,34.94,40.71275510204082,1.4518692216811526,1.0222716845050295,1.3439050654089606,1.2034994315606806,0.8783048628282977,0.6021820515861801,1.0966840616779179
14,1,Dillon Brooks,13.0,MEM,SG,5400,33.0,29.3,5.43,30.0,27.24,32.230000000000004,0.6383531213279647,0.979500777245279,0.7462899034517699,0.5424438714105099,0.8170133524119702,-0.517500200581874,0.47860036500232783
14,2,Jimmy Butler,36.3,MIA,SG/SF,7800,34.0,39.55,5.085,35.333333333333336,41.330000000000005,38.057547169811315,1.4401358163875966,1.0650425917647803,1.1568440811695833,1.7520896951138751,0.5944283935316248,1.0171231215072822,1.147820454502091
14,3,Domantas Sabonis,37.0,IND,PF/C,8700,35.5,45.55,5.22,35.666666666666664,44.85,45.337149532710285,1.9094720281298203,1.1933553135440322,1.6696964142566457,2.0542865226110956,0.6815268557021946,1.0632276848318494,1.51010254779235
14,4,Jerome Robinson,14.0,WAS,SG/SF,3100,28.0,19.65,6.345000000000001,20.333333333333332,12.33,27.059016393442622,-0.11649595255744535,0.5517917046477723,0.38199102079661706,-0.7376000768802754,1.4073473737902784,-0.4516365386896355,-0.19451530719189142
14,5,Kevin Porter Jr.,6.5,CLE,SG/SF,5300,38.5,32.5,6.145,32.333333333333336,24.82,38.69845360824742,0.888665767590484,1.4499807571025363,1.201996322440023,0.3346835525061706,1.2783126150190631,-0.945614002881424,0.6303644839697528
14,6,Bobby Portis,29.0,NY,PF/C,4000,23.5,25.0,6.265000000000001,19.666666666666668,21.160000000000004,29.8728813559322,0.3019955029127043,0.1668535393100162,0.5802294875512809,0.02046753300621952,1.3557334702817925,0.5363183896939416,0.15494054245897676
14,7,Shabazz Napier,20.0,WAS,PG/SG,5000,29.5,30.0,5.975,26.0,25.240000000000002,34.03846153846153,0.6931090126978907,0.6801044264270242,0.8736970986613808,0.37074112851436186,1.1686330700635306,-0.05645456733620467,0.4783320022957297
15,0,Malcolm Brogdon,11.5,IND,PG,7000,35.0,36.75,5.245,33.666666666666664,36.43,38.20544554455446,1.2211122509078924,1.1505844062842816,1.167263609979753,1.3314179750183113,0.6976562005485968,-0.6162956934202317,0.9660770277045087
15,1,Kevin Porter Jr.,6.5,CLE,SG/SF,5300,38.5,32.5,6.145,32.333333333333336,24.82,38.69845360824742,0.888665767590484,1.4499807571025363,1.201996322440023,0.3346835525061706,1.2783126150190631,-0.945614002881424,0.6303644839697528
15,2,Romeo Langford,6.5,BOS,SG/SF,3000,15.0,9.7,3.215,11.0,5.92,13.227272727272727,-0.8948118370299664,-0.5602518841057451,-0.5924635793626852,-1.2879073678624307,-0.6120466009792337,-0.945614002881424,-0.7044967925268436
15,3,Bobby Portis,29.0,NY,PF/C,4000,23.5,25.0,6.265000000000001,19.666666666666668,21.160000000000004,29.8728813559322,0.3019955029127043,0.1668535393100162,0.5802294875512809,0.02046753300621952,1.3557334702817925,0.5363183896939416,0.15494054245897676
15,4,Marcus Smart,25.5,BOS,PG/SG,7000,36.5,37.5,5.35,36.666666666666664,34.1,37.32954545454545,1.2797792773756704,1.2788971280635335,1.1055559256422536,1.1313842795442988,0.7653994489034842,0.30579557307110694,0.9735330056235614
15,5,Domantas Sabonis,37.0,IND,PF/C,8700,35.5,45.55,5.22,35.666666666666664,44.85,45.337149532710285,1.9094720281298203,1.1933553135440322,1.6696964142566457,2.0542865226110956,0.6815268557021946,1.0632276848318494,1.51010254779235
15,6,Naz Reid,41.3,MIN,C,5100,26.5,31.05,6.09,22.333333333333332,21.749999999999996,36.84291044776119,0.7752428497527799,0.4234789828685202,1.071272198846528,0.07111984216058265,1.2428280563569791,1.3464414309684747,0.5069685016254636
15,7,Zion Williamson,32.0,NO,PF/C,8000,32.5,41.55,5.18,32.0,39.27,42.19921875,1.5965812203016712,0.9367298699855282,1.4486273169690558,1.5752358699308422,0.6557199039479517,0.733909375370657,1.2462484210456757
16,0,Jrue Holiday,39.5,NO,PG/SG,8300,36.5,40.45,4.890000000000001,37.0,41.470000000000006,39.90337837837838,1.5105362481489306,1.2788971280635335,1.2868839919514063,1.7641088871166055,0.46861950372969075,1.2278868395624456,1.2159320147231245
16,1,Kevin Porter Jr.,6.5,CLE,SG/SF,5300,38.5,32.5,6.145,32.333333333333336,24.82,38.69845360824742,0.888665767590484,1.4499807571025363,1.201996322440023,0.3346835525061706,1.2783126150190631,-0.945614002881424,0.6303644839697528
16,2,Shai Gilgeous-Alexander,42.5,OKC,SG/SF,7400,35.5,35.55,4.8149999999999995,35.666666666666664,36.33,35.38387850467289,1.1272450085594474,1.1933553135440322,0.9684825272739449,1.3228328378735037,0.42023146919048454,1.425477825239161,0.9081836747466758
16,3,Larry Nance Jr.,53.3,CLE,PF/C,6500,37.5,34.85,5.34,29.0,27.55,45.0646551724138,1.0724891171895217,1.364438942583035,1.6504990238684891,0.569057796559413,0.7589477109649236,2.1368053736753363,0.840786411389795
16,4,Caris LeVert,30.0,BKN,PG/SG,7200,33.5,39.7,5.525,32.666666666666664,34.94,40.71275510204082,1.4518692216811526,1.0222716845050295,1.3439050654089606,1.2034994315606806,0.8783048628282977,0.6021820515861801,1.0966840616779179
16,5,Moritz Wagner,25.3,WAS,PF/C,3200,23.0,16.25,5.045,16.0,17.970000000000002,23.359375,-0.38245313921137203,0.12408263205026554,0.12134907558782328,-0.2533983419131371,0.5686214417773818,0.29262284069265926,-0.28420818400422504
16,6,Rui Hachimura,24.0,WAS,PF/C,5400,31.0,27.4,5.08,30.666666666666668,26.419999999999998,27.69782608695652,0.4897299876095937,0.8084171482062762,0.4269955451353294,0.47204574682308903,0.5912025245623446,0.2070000802327492,0.36278465772319823
16,7,Eric Bledsoe,32.8,MIL,PG,5900,29.0,32.0,5.4,25.666666666666668,30.76,36.15584415584416,0.8495544166119653,0.6373335191672735,1.022867968336497,0.8446406989077311,0.7976581385962884,0.7866003048844477,0.6600547280885369
17,0,Marcus Smart,25.5,BOS,PG/SG,7000,36.5,37.5,5.35,36.666666666666664,34.1,37.32954545454545,1.2797792773756704,1.2788971280635335,1.1055559256422536,1.1313842795442988,0.7653994489034842,0.30579557307110694,0.9735330056235614
17,1,Denzel Valentine,15.5,CHI,SG/SF,3800,22.0,22.35,5.895,15.0,15.010000000000002,32.78,0.09470534272655556,0.0385408175307642,0.7850377318545227,-0.5075184013994366,1.1170191665550446,-0.3528410458512778,0.005991677312864987
17,2,Kevin Porter Jr.,6.5,CLE,SG/SF,5300,38.5,32.5,6.145,32.333333333333336,24.82,38.69845360824742,0.888665767590484,1.4499807571025363,1.201996322440023,0.3346835525061706,1.2783126150190631,-0.945614002881424,0.6303644839697528
17,3,Larry Nance Jr.,53.3,CLE,PF/C,6500,37.5,34.85,5.34,29.0,27.55,45.0646551724138,1.0724891171895217,1.364438942583035,1.6504990238684891,0.569057796559413,0.7589477109649236,2.1368053736753363,0.840786411389795
17,4,Caris LeVert,30.0,BKN,PG/SG,7200,33.5,39.7,5.525,32.666666666666664,34.94,40.71275510204082,1.4518692216811526,1.0222716845050295,1.3439050654089606,1.2034994315606806,0.8783048628282977,0.6021820515861801,1.0966840616779179
17,5,Jimmy Butler,36.3,MIA,SG/SF,7800,34.0,39.55,5.085,35.333333333333336,41.330000000000005,38.057547169811315,1.4401358163875966,1.0650425917647803,1.1568440811695833,1.7520896951138751,0.5944283935316248,1.0171231215072822,1.147820454502091
17,6,Lauri Markkanen,18.0,CHI,PF/C,5000,19.5,20.35,4.05,32.0,26.25,12.400781250000001,-0.06174006118751902,-0.17531371876798915,-0.6506903974312332,0.4574510136769166,-0.0733264831094119,-0.18818189112068162,-0.04890124292923401
17,7,Naz Reid,41.3,MIN,C,5100,26.5,31.05,6.09,22.333333333333332,21.749999999999996,36.84291044776119,0.7752428497527799,0.4234789828685202,1.071272198846528,0.07111984216058265,1.2428280563569791,1.3464414309684747,0.5069685016254636
18,0,Ja Morant,33.8,MEM,PG,7200,32.5,35.4,4.915,29.666666666666668,34.56,38.78089887640449,1.115511603265892,0.9367298699855282,1.2078046408094214,1.170875910410413,0.4847488485760923,0.8524639667766861,0.8989345877246777
18,1,Donte DiVincenzo,40.8,MIL,PG/SG,4300,26.5,23.65,5.484999999999999,25.333333333333332,22.689999999999998,24.739144736842103,0.19639485527070383,0.4234789828685202,0.21855467740322226,0.15182013132177244,0.852497911074054,1.3135096000223554,0.10752113513892682
18,2,Denzel Valentine,15.5,CHI,SG/SF,3800,22.0,22.35,5.895,15.0,15.010000000000002,32.78,0.09470534272655556,0.0385408175307642,0.7850377318545227,-0.5075184013994366,1.1170191665550446,-0.3528410458512778,0.005991677312864987
18,3,Giannis Antetokounmpo,55.5,MIL,PF,11400,32.0,59.3,5.175000000000001,32.0,59.46,59.3,2.9850341800390834,0.8939589627257776,2.653387566838174,3.308575059467459,0.652494034978672,2.281705429838261,2.385381153483198
18,4,Caris LeVert,30.0,BKN,PG/SG,7200,33.5,39.7,5.525,32.666666666666664,34.94,40.71275510204082,1.4518692216811526,1.0222716845050295,1.3439050654089606,1.2034994315606806,0.8783048628282977,0.6021820515861801,1.0966840616779179
18,5,Royce O'Neale,12.5,UTA,SF,4300,28.5,18.75,4.35,29.0,20.089999999999996,18.426724137931036,-0.1868963843187788,0.5945626119075229,-0.22615912291061258,-0.07139343444322044,0.1202256550474102,-0.5504320315279932,-0.14059388855526964
18,6,Naz Reid,41.3,MIN,C,5100,26.5,31.05,6.09,22.333333333333332,21.749999999999996,36.84291044776119,0.7752428497527799,0.4234789828685202,1.071272198846528,0.07111984216058265,1.2428280563569791,1.3464414309684747,0.5069685016254636
18,7,Bobby Portis,29.0,NY,PF/C,4000,23.5,25.0,6.265000000000001,19.666666666666668,21.160000000000004,29.8728813559322,0.3019955029127043,0.1668535393100162,0.5802294875512809,0.02046753300621952,1.3557334702817925,0.5363183896939416,0.15494054245897676
19,0,Shabazz Napier,20.0,WAS,PG/SG,5000,29.5,30.0,5.975,26.0,25.240000000000002,34.03846153846153,0.6931090126978907,0.6801044264270242,0.8736970986613808,0.37074112851436186,1.1686330700635306,-0.05645456733620467,0.4783320022957297
19,1,Markelle Fultz,24.5,ORL,PG/SG,5200,30.0,26.35,5.05,28.333333333333332,26.009999999999998,27.900000000000002,0.4075961505547047,0.7228753336867749,0.44123881802646014,0.4368466845293786,0.5718473107466622,0.23993191117886845,0.30998865465477043
19,2,Jimmy Butler,36.3,MIA,SG/SF,7800,34.0,39.55,5.085,35.333333333333336,41.330000000000005,38.057547169811315,1.4401358163875966,1.0650425917647803,1.1568440811695833,1.7520896951138751,0.5944283935316248,1.0171231215072822,1.147820454502091
19,3,Marvin Williams,12.3,MIL,PF,3000,16.0,12.100000000000001,4.04,18.666666666666668,13.319999999999999,10.371428571428572,-0.7070773523330767,-0.47471006958624384,-0.7936595053547838,-0.6526072191466822,-0.0797782210479725,-0.5636047639064409,-0.5760357838173225
19,4,Caris LeVert,30.0,BKN,PG/SG,7200,33.5,39.7,5.525,32.666666666666664,34.94,40.71275510204082,1.4518692216811526,1.0222716845050295,1.3439050654089606,1.2034994315606806,0.8783048628282977,0.6021820515861801,1.0966840616779179
19,5,Larry Nance Jr.,53.3,CLE,PF/C,6500,37.5,34.85,5.34,29.0,27.55,45.0646551724138,1.0724891171895217,1.364438942583035,1.6504990238684891,0.569057796559413,0.7589477109649236,2.1368053736753363,0.840786411389795
19,6,Zion Williamson,32.0,NO,PF/C,8000,32.5,41.55,5.18,32.0,39.27,42.19921875,1.5965812203016712,0.9367298699855282,1.4486273169690558,1.5752358699308422,0.6557199039479517,0.733909375370657,1.2462484210456757
19,7,Naz Reid,41.3,MIN,C,5100,26.5,31.05,6.09,22.333333333333332,21.749999999999996,36.84291044776119,0.7752428497527799,0.4234789828685202,1.071272198846528,0.07111984216058265,1.2428280563569791,1.3464414309684747,0.5069685016254636
20,0,Malcolm Brogdon,11.5,IND,PG,7000,35.0,36.75,5.245,33.666666666666664,36.43,38.20544554455446,1.2211122509078924,1.1505844062842816,1.167263609979753,1.3314179750183113,0.6976562005485968,-0.6162956934202317,0.9660770277045087
20,1,Jimmy Butler,36.3,MIA,SG/SF,7800,34.0,39.55,5.085,35.333333333333336,41.330000000000005,38.057547169811315,1.4401358163875966,1.0650425917647803,1.1568440811695833,1.7520896951138751,0.5944283935316248,1.0171231215072822,1.147820454502091
20,2,Jarrett Culver,20.8,MIN,SG/SF,3700,21.0,17.4,4.699999999999999,22.333333333333332,18.48,16.361194029850743,-0.29249703196077925,-0.04700099698873714,-0.3716769523444579,-0.20961414247461946,0.34603648289703587,-0.0037636378224138478,-0.25830884405396526
20,3,Domantas Sabonis,37.0,IND,PF/C,8700,35.5,45.55,5.22,35.666666666666664,44.85,45.337149532710285,1.9094720281298203,1.1933553135440322,1.6696964142566457,2.0542865226110956,0.6815268557021946,1.0632276848318494,1.51010254779235
20,4,Shabazz Napier,20.0,WAS,PG/SG,5000,29.5,30.0,5.975,26.0,25.240000000000002,34.03846153846153,0.6931090126978907,0.6801044264270242,0.8736970986613808,0.37074112851436186,1.1686330700635306,-0.05645456733620467,0.4783320022957297
20,5,Marvin Williams,12.3,MIL,PF,3000,16.0,12.100000000000001,4.04,18.666666666666668,13.319999999999999,10.371428571428572,-0.7070773523330767,-0.47471006958624384,-0.7936595053547838,-0.6526072191466822,-0.0797782210479725,-0.5636047639064409,-0.5760357838173225
20,6,Naz Reid,41.3,MIN,C,5100,26.5,31.05,6.09,22.333333333333332,21.749999999999996,36.84291044776119,0.7752428497527799,0.4234789828685202,1.071272198846528,0.07111984216058265,1.2428280563569791,1.3464414309684747,0.5069685016254636
20,7,Caris LeVert,30.0,BKN,PG/SG,7200,33.5,39.7,5.525,32.666666666666664,34.94,40.71275510204082,1.4518692216811526,1.0222716845050295,1.3439050654089606,1.2034994315606806,0.8783048628282977,0.6021820515861801,1.0966840616779179
21,0,Caris LeVert,30.0,BKN,PG/SG,7200,33.5,39.7,5.525,32.666666666666664,34.94,40.71275510204082,1.4518692216811526,1.0222716845050295,1.3439050654089606,1.2034994315606806,0.8783048628282977,0.6021820515861801,1.0966840616779179
21,1,Shai Gilgeous-Alexander,42.5,OKC,SG/SF,7400,35.5,35.55,4.8149999999999995,35.666666666666664,36.33,35.38387850467289,1.1272450085594474,1.1933553135440322,0.9684825272739449,1.3228328378735037,0.42023146919048454,1.425477825239161,0.9081836747466758
21,2,Jerome Robinson,14.0,WAS,SG/SF,3100,28.0,19.65,6.345000000000001,20.333333333333332,12.33,27.059016393442622,-0.11649595255744535,0.5517917046477723,0.38199102079661706,-0.7376000768802754,1.4073473737902784,-0.4516365386896355,-0.19451530719189142
21,3,D.J. Wilson,0.0,MIL,PF/C,3000,0.0,3.25,1.085,7.333333333333333,5.87,0.0,-1.3993482646528568,-1.8433791018982653,-1.524332840949554,-1.2921999364348342,-1.9862667818926714,-1.373727805180974,-1.0316616601139519
21,4,Kevin Porter Jr.,6.5,CLE,SG/SF,5300,38.5,32.5,6.145,32.333333333333336,24.82,38.69845360824742,0.888665767590484,1.4499807571025363,1.201996322440023,0.3346835525061706,1.2783126150190631,-0.945614002881424,0.6303644839697528
21,5,Jimmy Butler,36.3,MIA,SG/SF,7800,34.0,39.55,5.085,35.333333333333336,41.330000000000005,38.057547169811315,1.4401358163875966,1.0650425917647803,1.1568440811695833,1.7520896951138751,0.5944283935316248,1.0171231215072822,1.147820454502091
21,6,Larry Nance Jr.,53.3,CLE,PF/C,6500,37.5,34.85,5.34,29.0,27.55,45.0646551724138,1.0724891171895217,1.364438942583035,1.6504990238684891,0.569057796559413,0.7589477109649236,2.1368053736753363,0.840786411389795
21,7,Collin Sexton,55.3,CLE,PG/SG,6600,38.5,35.4,5.35,35.333333333333336,32.46,38.57264150943396,1.115511603265892,1.4499807571025363,1.1931327849567244,0.9905880303694571,0.7653994489034842,2.2685326974598135,0.8693341960791108
22,0,Marcus Smart,25.5,BOS,PG/SG,7000,36.5,37.5,5.35,36.666666666666664,34.1,37.32954545454545,1.2797792773756704,1.2788971280635335,1.1055559256422536,1.1313842795442988,0.7653994489034842,0.30579557307110694,0.9735330056235614
22,1,Caris LeVert,30.0,BKN,PG/SG,7200,33.5,39.7,5.525,32.666666666666664,34.94,40.71275510204082,1.4518692216811526,1.0222716845050295,1.3439050654089606,1.2034994315606806,0.8783048628282977,0.6021820515861801,1.0966840616779179
22,2,Jarrett Culver,20.8,MIN,SG/SF,3700,21.0,17.4,4.699999999999999,22.333333333333332,18.48,16.361194029850743,-0.29249703196077925,-0.04700099698873714,-0.3716769523444579,-0.20961414247461946,0.34603648289703587,-0.0037636378224138478,-0.25830884405396526
22,3,Kelan Martin,11.8,MIN,SF/PF,3100,11.0,9.9,3.175,13.333333333333334,12.139999999999999,8.1675,-0.8791672966385589,-0.9024191421837505,-0.9489275891686725,-0.7539118374554097,-0.6378535527334767,-0.59653659485256,-0.6769210513720396
22,4,Jimmy Butler,36.3,MIA,SG/SF,7800,34.0,39.55,5.085,35.333333333333336,41.330000000000005,38.057547169811315,1.4401358163875966,1.0650425917647803,1.1568440811695833,1.7520896951138751,0.5944283935316248,1.0171231215072822,1.147820454502091
22,5,Larry Nance Jr.,53.3,CLE,PF/C,6500,37.5,34.85,5.34,29.0,27.55,45.0646551724138,1.0724891171895217,1.364438942583035,1.6504990238684891,0.569057796559413,0.7589477109649236,2.1368053736753363,0.840786411389795
22,6,Naz Reid,41.3,MIN,C,5100,26.5,31.05,6.09,22.333333333333332,21.749999999999996,36.84291044776119,0.7752428497527799,0.4234789828685202,1.071272198846528,0.07111984216058265,1.2428280563569791,1.3464414309684747,0.5069685016254636
22,7,Shabazz Napier,20.0,WAS,PG/SG,5000,29.5,30.0,5.975,26.0,25.240000000000002,34.03846153846153,0.6931090126978907,0.6801044264270242,0.8736970986613808,0.37074112851436186,1.1686330700635306,-0.05645456733620467,0.4783320022957297
23,0,Marcus Smart,25.5,BOS,PG/SG,7000,36.5,37.5,5.35,36.666666666666664,34.1,37.32954545454545,1.2797792773756704,1.2788971280635335,1.1055559256422536,1.1313842795442988,0.7653994489034842,0.30579557307110694,0.9735330056235614
23,1,Shabazz Napier,20.0,WAS,PG/SG,5000,29.5,30.0,5.975,26.0,25.240000000000002,34.03846153846153,0.6931090126978907,0.6801044264270242,0.8736970986613808,0.37074112851436186,1.1686330700635306,-0.05645456733620467,0.4783320022957297
23,2,Romeo Langford,6.5,BOS,SG/SF,3000,15.0,9.7,3.215,11.0,5.92,13.227272727272727,-0.8948118370299664,-0.5602518841057451,-0.5924635793626852,-1.2879073678624307,-0.6120466009792337,-0.945614002881424,-0.7044967925268436
23,3,Domantas Sabonis,37.0,IND,PF/C,8700,35.5,45.55,5.22,35.666666666666664,44.85,45.337149532710285,1.9094720281298203,1.1933553135440322,1.6696964142566457,2.0542865226110956,0.6815268557021946,1.0632276848318494,1.51010254779235
23,4,Jimmy Butler,36.3,MIA,SG/SF,7800,34.0,39.55,5.085,35.333333333333336,41.330000000000005,38.057547169811315,1.4401358163875966,1.0650425917647803,1.1568440811695833,1.7520896951138751,0.5944283935316248,1.0171231215072822,1.147820454502091
23,5,Georges Niang,4.8,UTA,SF/PF,3000,12.0,10.45,3.475,12.666666666666666,10.13,9.899999999999999,-0.8361448105621884,-0.8168773276642491,-0.8268719297000008,-0.9264730940660385,-0.4443014145766543,-1.0575822280982294,-0.6682340030877939
23,6,Bobby Portis,29.0,NY,PF/C,4000,23.5,25.0,6.265000000000001,19.666666666666668,21.160000000000004,29.8728813559322,0.3019955029127043,0.1668535393100162,0.5802294875512809,0.02046753300621952,1.3557334702817925,0.5363183896939416,0.15494054245897676
23,7,Naz Reid,41.3,MIN,C,5100,26.5,31.05,6.09,22.333333333333332,21.749999999999996,36.84291044776119,0.7752428497527799,0.4234789828685202,1.071272198846528,0.07111984216058265,1.2428280563569791,1.3464414309684747,0.5069685016254636
24,0,Caris LeVert,30.0,BKN,PG/SG,7200,33.5,39.7,5.525,32.666666666666664,34.94,40.71275510204082,1.4518692216811526,1.0222716845050295,1.3439050654089606,1.2034994315606806,0.8783048628282977,0.6021820515861801,1.0966840616779179
24,1,Romeo Langford,6.5,BOS,SG/SF,3000,15.0,9.7,3.215,11.0,5.92,13.227272727272727,-0.8948118370299664,-0.5602518841057451,-0.5924635793626852,-1.2879073678624307,-0.6120466009792337,-0.945614002881424,-0.7044967925268436
24,2,Georges Niang,4.8,UTA,SF/PF,3000,12.0,10.45,3.475,12.666666666666666,10.13,9.899999999999999,-0.8361448105621884,-0.8168773276642491,-0.8268719297000008,-0.9264730940660385,-0.4443014145766543,-1.0575822280982294,-0.6682340030877939
24,3,Bobby Portis,29.0,NY,PF/C,4000,23.5,25.0,6.265000000000001,19.666666666666668,21.160000000000004,29.8728813559322,0.3019955029127043,0.1668535393100162,0.5802294875512809,0.02046753300621952,1.3557334702817925,0.5363183896939416,0.15494054245897676
24,4,Khyri Thomas,3.0,DET,SG,3000,0.0,3.9,1.29,4.333333333333333,2.54,0.0,-1.3485035083807828,-1.8433791018982653,-1.524332840949554,-1.5780850033569214,-1.854006154152176,-1.1761368195042587,-1.0384796342030493
24,5,Jimmy Butler,36.3,MIA,SG/SF,7800,34.0,39.55,5.085,35.333333333333336,41.330000000000005,38.057547169811315,1.4401358163875966,1.0650425917647803,1.1568440811695833,1.7520896951138751,0.5944283935316248,1.0171231215072822,1.147820454502091
24,6,Domantas Sabonis,37.0,IND,PF/C,8700,35.5,45.55,5.22,35.666666666666664,44.85,45.337149532710285,1.9094720281298203,1.1933553135440322,1.6696964142566457,2.0542865226110956,0.6815268557021946,1.0632276848318494,1.51010254779235
24,7,Marcus Smart,25.5,BOS,PG/SG,7000,36.5,37.5,5.35,36.666666666666664,34.1,37.32954545454545,1.2797792773756704,1.2788971280635335,1.1055559256422536,1.1313842795442988,0.7653994489034842,0.30579557307110694,0.9735330056235614
25,0,Collin Sexton,55.3,CLE,PG/SG,6600,38.5,35.4,5.35,35.333333333333336,32.46,38.57264150943396,1.115511603265892,1.4499807571025363,1.1931327849567244,0.9905880303694571,0.7653994489034842,2.2685326974598135,0.8693341960791108
25,1,Tony Snell,23.8,DET,SG/SF,4100,31.5,19.0,4.65,30.666666666666668,17.36,19.516304347826086,-0.16734070882951949,0.8511880554660269,-0.14939754653961443,-0.3057676784964626,0.3137777932042329,0.19382734785430158,-0.1539484136500918
25,2,Duncan Robinson,34.5,MIA,SG/SF,4100,32.0,22.85,5.595000000000001,31.0,22.089999999999996,23.58709677419355,0.1338166937050742,0.8939589627257776,0.13739221055149994,0.10030930845292783,0.923467028398223,0.8985685301012531,0.0596348071911188
25,3,Justin Jackson,0.0,DAL,SF/PF,3000,0.0,3.25,1.085,14.333333333333334,9.07,0.0,-1.3993482646528568,-1.8433791018982653,-1.524332840949554,-1.0174755478009971,-1.9862667818926714,-1.373727805180974,-1.0034575682159868
25,4,Kendrick Nunn,16.3,MIA,PG/SG,5400,31.5,27.9,5.145,31.666666666666668,27.880000000000003,27.75315789473684,0.5288413385881123,0.8511880554660269,0.4308937040318493,0.5973887491372777,0.633138821162989,-0.300150116337487,0.3979564822018746
25,5,Giannis Antetokounmpo,55.5,MIL,PF,11400,32.0,59.3,5.175000000000001,32.0,59.46,59.3,2.9850341800390834,0.8939589627257776,2.653387566838174,3.308575059467459,0.652494034978672,2.281705429838261,2.385381153483198
25,6,Moritz Wagner,25.3,WAS,PF/C,3200,23.0,16.25,5.045,16.0,17.970000000000002,23.359375,-0.38245313921137203,0.12408263205026554,0.12134907558782328,-0.2533983419131371,0.5686214417773818,0.29262284069265926,-0.28420818400422504
25,7,Boban Marjanovic,0.0,DAL,C,3500,0.0,2.75,0.785,9.666666666666666,10.57,0.0,-1.4384596156313756,-1.8433791018982653,-1.524332840949554,-0.888698490628886,-2.1798189200494935,-1.373727805180974,-1.0015824402948148
26,0,Matthew Dellavedova,12.3,CLE,PG/SG,3500,28.5,17.95,5.15,18.666666666666668,11.569999999999999,27.405803571428567,-0.24947454588440868,0.5945626119075229,0.4064223845509341,-0.8028471191808119,0.6363646901322699,-0.5636047639064409,-0.2294646739928562
26,1,Donte DiVincenzo,40.8,MIL,PG/SG,4300,26.5,23.65,5.484999999999999,25.333333333333332,22.689999999999998,24.739144736842103,0.19639485527070383,0.4234789828685202,0.21855467740322226,0.15182013132177244,0.852497911074054,1.3135096000223554,0.10752113513892682
26,2,Luguentz Dort,12.8,OKC,SG/SF,3200,24.0,14.3,4.47,23.666666666666668,12.4,14.501408450704226,-0.5349874080275947,0.20962444656976686,-0.5026999568657012,-0.7315904808789102,0.19764651031013916,-0.5306729329603216,-0.45859098795413616
26,3,Abdel Nader,12.3,OKC,PF,3100,16.5,11.75,3.785,19.333333333333332,12.19,10.028017241379311,-0.7344552980180399,-0.43193916232649315,-0.8178530386062564,-0.7496192688830059,-0.2442975384812713,-0.5636047639064409,-0.5935577002589089
26,4,Luka Doncic,73.3,DAL,PG,10900,36.0,63.35,5.835,35.666666666666664,57.65,63.942056074766356,3.3018361229650846,1.2361262208037829,2.980423189058181,3.1531840771464443,1.0783087389236803,3.4540786115201056,2.5715952148443546
26,5,James Johnson,29.5,MIN,PF/C,4700,23.5,23.8,5.05,22.333333333333332,21.799999999999997,25.043283582089554,0.2081282605642596,0.1668535393100162,0.2399814406509671,0.0754124107329864,0.5718473107466622,0.5692502206400608,0.1228593167291059
26,6,Ersan Ilyasova,0.0,MIL,PF/C,3200,0.0,3.9,1.21,14.333333333333334,12.499999999999998,0.0,-1.3485035083807828,-1.8433791018982653,-1.524332840949554,-0.723005343734103,-1.9056200576606621,-1.373727805180974,-0.9473289033211524
26,7,Joe Harris,31.5,BKN,SG/SF,5100,30.5,25.35,4.975,30.333333333333332,24.929999999999996,25.489285714285714,0.32937344859766743,0.7656462409465256,0.27140255717023754,0.3441272033654584,0.5234592762074565,0.7009775444245377,0.24077398185513893
