Lineup Num,,Player Name,Actual FP,team,Pos,Salary,DFN_MinProj,Avg Proj,Avg Value Proj,Avg Skewed Min,Avg Skewed FP,Proj Min Enhanced,Avg Proj Stan,DFN_MinProj Stan,Proj Min Enhanced Stan,Avg Skewed FP Stan,Avg Value Proj Stan,Actual FP Stan,predictions
0,0,Jrue Holiday,38.0,NO,PG/SG,7100,35.0,40.95,5.755,38.333333333333336,41.69,37.38913043478261,1.5128230608472797,1.1403685026883925,1.1389004228603166,1.6325494219828773,1.2049252795063223,1.1326058717610994,1.125188963087696
0,1,JJ Redick,11.5,NO,SG/SF,4800,30.0,24.5,5.075,29.666666666666668,25.16,24.775280898876407,0.16974209057568226,0.66777831888668,0.18904886622390268,0.2069124804293056,0.6639105571211749,-0.7437583485185897,0.0955861895614895
0,2,Brandon Ingram,45.0,NO,SF/PF,7500,35.5,43.45,5.785,32.333333333333336,42.63000000000001,47.70541237113402,1.716938709824726,1.1876275210685636,1.9157399140917721,1.7136201252533176,1.2287935760821378,1.6282492507029043,1.3186659937644325
0,3,Kenrich Williams,15.0,NO,SF/PF,3500,29.5,20.5,5.869999999999999,25.0,18.6,24.189999999999998,-0.15684294778823193,0.6205193005065087,0.14497588348498358,-0.35885753388354563,1.2964204163802804,-0.4959366590476873,-0.21907911343794179
0,4,Kyle Lowry,31.8,TOR,PG,6800,37.5,35.8,5.279999999999999,39.666666666666664,41.32000000000001,33.84453781512605,1.0923448239537397,1.3766635945892487,0.8719845374409775,1.6006386132487693,0.8270105837225791,0.6936074504126439,0.8512285002285911
0,5,Darius Bazley,11.8,OKC,SF/PF,3000,25.0,16.45,5.484999999999999,16.0,11.61,25.703125,-0.48751029913169514,0.19518813508496755,0.2589176371537792,-0.9617130826711724,0.9901106103239838,-0.7225164894210837,-0.4546571248167766
0,6,Pascal Siakam,35.0,TOR,PF/C,7900,36.5,46.0,5.815,36.666666666666664,43.98,45.790909090909096,1.925136671781721,1.2821455578289063,1.771573463102271,1.8300514544183086,1.2526618726579533,0.9201872807860403,1.4602166870610331
0,7,Karl-Anthony Towns,60.3,MIN,C,9300,34.5,56.349999999999994,6.08,35.0,54.05,55.544999999999995,2.770175458548349,1.0931094843082212,2.5060786914387743,2.6985429245601398,1.4634984924109884,2.7115840646757055,2.1173853718375724
1,0,Kyle Lowry,31.8,TOR,PG,6800,37.5,35.8,5.279999999999999,39.666666666666664,41.32000000000001,33.84453781512605,1.0923448239537397,1.3766635945892487,0.8719845374409775,1.6006386132487693,0.8270105837225791,0.6936074504126439,0.8512285002285911
1,1,Jrue Holiday,38.0,NO,PG/SG,7100,35.0,40.95,5.755,38.333333333333336,41.69,37.38913043478261,1.5128230608472797,1.1403685026883925,1.1389004228603166,1.6325494219828773,1.2049252795063223,1.1326058717610994,1.125188963087696
1,2,Darius Bazley,11.8,OKC,SF/PF,3000,25.0,16.45,5.484999999999999,16.0,11.61,25.703125,-0.48751029913169514,0.19518813508496755,0.2589176371537792,-0.9617130826711724,0.9901106103239838,-0.7225164894210837,-0.4546571248167766
1,3,Domantas Sabonis,56.5,IND,PF/C,7800,34.5,45.45,5.82,34.666666666666664,43.29,45.23149038461539,1.8802312290066832,1.0931094843082212,1.7294479622809684,1.770542108400646,1.2566399220872557,2.4425205161072974,1.4194743431174874
1,4,JJ Redick,11.5,NO,SG/SF,4800,30.0,24.5,5.075,29.666666666666668,25.16,24.775280898876407,0.16974209057568226,0.66777831888668,0.18904886622390268,0.2069124804293056,0.6639105571211749,-0.7437583485185897,0.0955861895614895
1,5,Kenrich Williams,15.0,NO,SF/PF,3500,29.5,20.5,5.869999999999999,25.0,18.6,24.189999999999998,-0.15684294778823193,0.6205193005065087,0.14497588348498358,-0.35885753388354563,1.2964204163802804,-0.4959366590476873,-0.21907911343794179
1,6,Karl-Anthony Towns,60.3,MIN,C,9300,34.5,56.349999999999994,6.08,35.0,54.05,55.544999999999995,2.770175458548349,1.0931094843082212,2.5060786914387743,2.6985429245601398,1.4634984924109884,2.7115840646757055,2.1173853718375724
1,7,Brandon Ingram,45.0,NO,SF/PF,7500,35.5,43.45,5.785,32.333333333333336,42.63000000000001,47.70541237113402,1.716938709824726,1.1876275210685636,1.9157399140917721,1.7136201252533176,1.2287935760821378,1.6282492507029043,1.3186659937644325
2,0,Kyle Lowry,31.8,TOR,PG,6800,37.5,35.8,5.279999999999999,39.666666666666664,41.32000000000001,33.84453781512605,1.0923448239537397,1.3766635945892487,0.8719845374409775,1.6006386132487693,0.8270105837225791,0.6936074504126439,0.8512285002285911
2,1,Dillon Brooks,28.8,MEM,SG/SF,4500,27.5,22.4,4.965,25.666666666666668,23.380000000000003,24.0,-0.0017150545653728155,0.4314832269858238,0.13066845138448238,0.053395616789538226,0.5763934696765184,0.4811888594375848,-0.0320663978326962
2,2,Kenrich Williams,15.0,NO,SF/PF,3500,29.5,20.5,5.869999999999999,25.0,18.6,24.189999999999998,-0.15684294778823193,0.6205193005065087,0.14497588348498358,-0.35885753388354563,1.2964204163802804,-0.4959366590476873,-0.21907911343794179
2,3,Darius Bazley,11.8,OKC,SF/PF,3000,25.0,16.45,5.484999999999999,16.0,11.61,25.703125,-0.48751029913169514,0.19518813508496755,0.2589176371537792,-0.9617130826711724,0.9901106103239838,-0.7225164894210837,-0.4546571248167766
2,4,Buddy Hield,40.5,SAC,SG/SF,7100,35.5,39.2,5.51,37.0,37.46,37.61081081081081,1.3699421065630673,1.1876275210685636,1.1555934593236699,1.2677312572659019,1.0100008574704968,1.3096213642403154,1.0255484347784347
2,5,Domantas Sabonis,56.5,IND,PF/C,7800,34.5,45.45,5.82,34.666666666666664,43.29,45.23149038461539,1.8802312290066832,1.0931094843082212,1.7294479622809684,1.770542108400646,1.2566399220872557,2.4425205161072974,1.4194743431174874
2,6,Karl-Anthony Towns,60.3,MIN,C,9300,34.5,56.349999999999994,6.08,35.0,54.05,55.544999999999995,2.770175458548349,1.0931094843082212,2.5060786914387743,2.6985429245601398,1.4634984924109884,2.7115840646757055,2.1173853718375724
2,7,Pascal Siakam,35.0,TOR,PF/C,7900,36.5,46.0,5.815,36.666666666666664,43.98,45.790909090909096,1.925136671781721,1.2821455578289063,1.771573463102271,1.8300514544183086,1.2526618726579533,0.9201872807860403,1.4602166870610331
3,0,Emmanuel Mudiay,5.5,UTA,PG,4100,16.5,17.1,4.154999999999999,15.333333333333334,14.440000000000001,18.40108695652174,-0.4344402303975589,-0.6082151773779436,-0.29094243391118413,-0.717638518569744,-0.06805053787049595,-1.168595530468708,-0.3628460166457836
3,1,Buddy Hield,40.5,SAC,SG/SF,7100,35.5,39.2,5.51,37.0,37.46,37.61081081081081,1.3699421065630673,1.1876275210685636,1.1555934593236699,1.2677312572659019,1.0100008574704968,1.3096213642403154,1.0255484347784347
3,2,Kenrich Williams,15.0,NO,SF/PF,3500,29.5,20.5,5.869999999999999,25.0,18.6,24.189999999999998,-0.15684294778823193,0.6205193005065087,0.14497588348498358,-0.35885753388354563,1.2964204163802804,-0.4959366590476873,-0.21907911343794179
3,3,Domantas Sabonis,56.5,IND,PF/C,7800,34.5,45.45,5.82,34.666666666666664,43.29,45.23149038461539,1.8802312290066832,1.0931094843082212,1.7294479622809684,1.770542108400646,1.2566399220872557,2.4425205161072974,1.4194743431174874
3,4,Jrue Holiday,38.0,NO,PG/SG,7100,35.0,40.95,5.755,38.333333333333336,41.69,37.38913043478261,1.5128230608472797,1.1403685026883925,1.1389004228603166,1.6325494219828773,1.2049252795063223,1.1326058717610994,1.125188963087696
3,5,Darius Bazley,11.8,OKC,SF/PF,3000,25.0,16.45,5.484999999999999,16.0,11.61,25.703125,-0.48751029913169514,0.19518813508496755,0.2589176371537792,-0.9617130826711724,0.9901106103239838,-0.7225164894210837,-0.4546571248167766
3,6,Karl-Anthony Towns,60.3,MIN,C,9300,34.5,56.349999999999994,6.08,35.0,54.05,55.544999999999995,2.770175458548349,1.0931094843082212,2.5060786914387743,2.6985429245601398,1.4634984924109884,2.7115840646757055,2.1173853718375724
3,7,Pascal Siakam,35.0,TOR,PF/C,7900,36.5,46.0,5.815,36.666666666666664,43.98,45.790909090909096,1.925136671781721,1.2821455578289063,1.771573463102271,1.8300514544183086,1.2526618726579533,0.9201872807860403,1.4602166870610331
4,0,Jrue Holiday,38.0,NO,PG/SG,7100,35.0,40.95,5.755,38.333333333333336,41.69,37.38913043478261,1.5128230608472797,1.1403685026883925,1.1389004228603166,1.6325494219828773,1.2049252795063223,1.1326058717610994,1.125188963087696
4,1,JJ Redick,11.5,NO,SG/SF,4800,30.0,24.5,5.075,29.666666666666668,25.16,24.775280898876407,0.16974209057568226,0.66777831888668,0.18904886622390268,0.2069124804293056,0.6639105571211749,-0.7437583485185897,0.0955861895614895
4,2,Darius Bazley,11.8,OKC,SF/PF,3000,25.0,16.45,5.484999999999999,16.0,11.61,25.703125,-0.48751029913169514,0.19518813508496755,0.2589176371537792,-0.9617130826711724,0.9901106103239838,-0.7225164894210837,-0.4546571248167766
4,3,Brandon Ingram,45.0,NO,SF/PF,7500,35.5,43.45,5.785,32.333333333333336,42.63000000000001,47.70541237113402,1.716938709824726,1.1876275210685636,1.9157399140917721,1.7136201252533176,1.2287935760821378,1.6282492507029043,1.3186659937644325
4,4,Buddy Hield,40.5,SAC,SG/SF,7100,35.5,39.2,5.51,37.0,37.46,37.61081081081081,1.3699421065630673,1.1876275210685636,1.1555934593236699,1.2677312572659019,1.0100008574704968,1.3096213642403154,1.0255484347784347
4,5,Pascal Siakam,35.0,TOR,PF/C,7900,36.5,46.0,5.815,36.666666666666664,43.98,45.790909090909096,1.925136671781721,1.2821455578289063,1.771573463102271,1.8300514544183086,1.2526618726579533,0.9201872807860403,1.4602166870610331
4,6,Karl-Anthony Towns,60.3,MIN,C,9300,34.5,56.349999999999994,6.08,35.0,54.05,55.544999999999995,2.770175458548349,1.0931094843082212,2.5060786914387743,2.6985429245601398,1.4634984924109884,2.7115840646757055,2.1173853718375724
4,7,Terence Davis,2.3,TOR,PG/SG,3300,19.5,14.85,4.495,16.333333333333332,14.99,17.729081632653063,-0.6181443144772608,-0.32466106709691617,-0.34154596308185015,-0.6702035326136362,0.20245682332207843,-1.3951753608421043,-0.5094771000714721
5,0,D'Angelo Russell,34.8,GS,PG/SG,7700,31.0,40.3,5.25,28.666666666666668,37.339999999999996,43.580232558139535,1.4597529921131431,0.7622963556470225,1.6051044926350486,1.257381805784569,0.8031422871467642,0.9060260413877028,1.1256091698575923
5,1,Buddy Hield,40.5,SAC,SG/SF,7100,35.5,39.2,5.51,37.0,37.46,37.61081081081081,1.3699421065630673,1.1876275210685636,1.1555934593236699,1.2677312572659019,1.0100008574704968,1.3096213642403154,1.0255484347784347
5,2,Brandon Ingram,45.0,NO,SF/PF,7500,35.5,43.45,5.785,32.333333333333336,42.63000000000001,47.70541237113402,1.716938709824726,1.1876275210685636,1.9157399140917721,1.7136201252533176,1.2287935760821378,1.6282492507029043,1.3186659937644325
5,3,Darius Bazley,11.8,OKC,SF/PF,3000,25.0,16.45,5.484999999999999,16.0,11.61,25.703125,-0.48751029913169514,0.19518813508496755,0.2589176371537792,-0.9617130826711724,0.9901106103239838,-0.7225164894210837,-0.4546571248167766
5,4,JJ Redick,11.5,NO,SG/SF,4800,30.0,24.5,5.075,29.666666666666668,25.16,24.775280898876407,0.16974209057568226,0.66777831888668,0.18904886622390268,0.2069124804293056,0.6639105571211749,-0.7437583485185897,0.0955861895614895
5,5,Kenrich Williams,15.0,NO,SF/PF,3500,29.5,20.5,5.869999999999999,25.0,18.6,24.189999999999998,-0.15684294778823193,0.6205193005065087,0.14497588348498358,-0.35885753388354563,1.2964204163802804,-0.4959366590476873,-0.21907911343794179
5,6,Karl-Anthony Towns,60.3,MIN,C,9300,34.5,56.349999999999994,6.08,35.0,54.05,55.544999999999995,2.770175458548349,1.0931094843082212,2.5060786914387743,2.6985429245601398,1.4634984924109884,2.7115840646757055,2.1173853718375724
5,7,Jrue Holiday,38.0,NO,PG/SG,7100,35.0,40.95,5.755,38.333333333333336,41.69,37.38913043478261,1.5128230608472797,1.1403685026883925,1.1389004228603166,1.6325494219828773,1.2049252795063223,1.1326058717610994,1.125188963087696
6,0,Jrue Holiday,38.0,NO,PG/SG,7100,35.0,40.95,5.755,38.333333333333336,41.69,37.38913043478261,1.5128230608472797,1.1403685026883925,1.1389004228603166,1.6325494219828773,1.2049252795063223,1.1326058717610994,1.125188963087696
6,1,Zach LaVine,48.8,CHI,PG/SG,7600,34.0,38.65,5.1,35.333333333333336,37.510000000000005,37.19150943396226,1.3250366637880286,1.04585046592805,1.1240191120662626,1.2720435287164575,0.6838008042676873,1.8973127992713121,1.018083193881796
6,2,Darius Bazley,11.8,OKC,SF/PF,3000,25.0,16.45,5.484999999999999,16.0,11.61,25.703125,-0.48751029913169514,0.19518813508496755,0.2589176371537792,-0.9617130826711724,0.9901106103239838,-0.7225164894210837,-0.4546571248167766
6,3,Domantas Sabonis,56.5,IND,PF/C,7800,34.5,45.45,5.82,34.666666666666664,43.29,45.23149038461539,1.8802312290066832,1.0931094843082212,1.7294479622809684,1.770542108400646,1.2566399220872557,2.4425205161072974,1.4194743431174874
6,4,Kevin Porter Jr.,21.0,CLE,SG/SF,3800,21.5,16.95,4.470000000000001,21.666666666666668,15.830000000000002,16.819615384615382,-0.44668716933620584,-0.13562499357623117,-0.410030839879202,-0.5977573722443075,0.18256657617556607,-0.07109947709756902,-0.3855558702031492
6,5,Kenrich Williams,15.0,NO,SF/PF,3500,29.5,20.5,5.869999999999999,25.0,18.6,24.189999999999998,-0.15684294778823193,0.6205193005065087,0.14497588348498358,-0.35885753388354563,1.2964204163802804,-0.4959366590476873,-0.21907911343794179
6,6,Pascal Siakam,35.0,TOR,PF/C,7900,36.5,46.0,5.815,36.666666666666664,43.98,45.790909090909096,1.925136671781721,1.2821455578289063,1.771573463102271,1.8300514544183086,1.2526618726579533,0.9201872807860403,1.4602166870610331
6,7,Karl-Anthony Towns,60.3,MIN,C,9300,34.5,56.349999999999994,6.08,35.0,54.05,55.544999999999995,2.770175458548349,1.0931094843082212,2.5060786914387743,2.6985429245601398,1.4634984924109884,2.7115840646757055,2.1173853718375724
7,0,Jrue Holiday,38.0,NO,PG/SG,7100,35.0,40.95,5.755,38.333333333333336,41.69,37.38913043478261,1.5128230608472797,1.1403685026883925,1.1389004228603166,1.6325494219828773,1.2049252795063223,1.1326058717610994,1.125188963087696
7,1,Brad Wanamaker,6.5,BOS,PG/SG,3800,20.0,16.950000000000003,4.47,18.666666666666668,17.270000000000003,18.16071428571429,-0.44668716933620556,-0.2774020487167449,-0.3090430426816778,-0.4735639544683156,0.18256657617556535,-1.0977893334770217,-0.3753902884815338
7,2,Darius Bazley,11.8,OKC,SF/PF,3000,25.0,16.45,5.484999999999999,16.0,11.61,25.703125,-0.48751029913169514,0.19518813508496755,0.2589176371537792,-0.9617130826711724,0.9901106103239838,-0.7225164894210837,-0.4546571248167766
7,3,Kenrich Williams,15.0,NO,SF/PF,3500,29.5,20.5,5.869999999999999,25.0,18.6,24.189999999999998,-0.15684294778823193,0.6205193005065087,0.14497588348498358,-0.35885753388354563,1.2964204163802804,-0.4959366590476873,-0.21907911343794179
7,4,D'Angelo Russell,34.8,GS,PG/SG,7700,31.0,40.3,5.25,28.666666666666668,37.339999999999996,43.580232558139535,1.4597529921131431,0.7622963556470225,1.6051044926350486,1.257381805784569,0.8031422871467642,0.9060260413877028,1.1256091698575923
7,5,Brandon Ingram,45.0,NO,SF/PF,7500,35.5,43.45,5.785,32.333333333333336,42.63000000000001,47.70541237113402,1.716938709824726,1.1876275210685636,1.9157399140917721,1.7136201252533176,1.2287935760821378,1.6282492507029043,1.3186659937644325
7,6,Karl-Anthony Towns,60.3,MIN,C,9300,34.5,56.349999999999994,6.08,35.0,54.05,55.544999999999995,2.770175458548349,1.0931094843082212,2.5060786914387743,2.6985429245601398,1.4634984924109884,2.7115840646757055,2.1173853718375724
7,7,Pascal Siakam,35.0,TOR,PF/C,7900,36.5,46.0,5.815,36.666666666666664,43.98,45.790909090909096,1.925136671781721,1.2821455578289063,1.771573463102271,1.8300514544183086,1.2526618726579533,0.9201872807860403,1.4602166870610331
8,0,Jrue Holiday,38.0,NO,PG/SG,7100,35.0,40.95,5.755,38.333333333333336,41.69,37.38913043478261,1.5128230608472797,1.1403685026883925,1.1389004228603166,1.6325494219828773,1.2049252795063223,1.1326058717610994,1.125188963087696
8,1,JJ Redick,11.5,NO,SG/SF,4800,30.0,24.5,5.075,29.666666666666668,25.16,24.775280898876407,0.16974209057568226,0.66777831888668,0.18904886622390268,0.2069124804293056,0.6639105571211749,-0.7437583485185897,0.0955861895614895
8,2,Kyle Korver,2.0,MIL,SG/SF,3000,16.5,13.05,4.34,17.666666666666668,11.35,12.188207547169812,-0.7651075817410221,-0.6082151773779436,-0.7587863828475303,-0.9841368942140598,0.079137291013699,-1.4164172199396103,-0.648583694637502
8,3,Pascal Siakam,35.0,TOR,PF/C,7900,36.5,46.0,5.815,36.666666666666664,43.98,45.790909090909096,1.925136671781721,1.2821455578289063,1.771573463102271,1.8300514544183086,1.2526618726579533,0.9201872807860403,1.4602166870610331
8,4,Kyle Lowry,31.8,TOR,PG,6800,37.5,35.8,5.279999999999999,39.666666666666664,41.32000000000001,33.84453781512605,1.0923448239537397,1.3766635945892487,0.8719845374409775,1.6006386132487693,0.8270105837225791,0.6936074504126439,0.8512285002285911
8,5,Kenrich Williams,15.0,NO,SF/PF,3500,29.5,20.5,5.869999999999999,25.0,18.6,24.189999999999998,-0.15684294778823193,0.6205193005065087,0.14497588348498358,-0.35885753388354563,1.2964204163802804,-0.4959366590476873,-0.21907911343794179
8,6,Karl-Anthony Towns,60.3,MIN,C,9300,34.5,56.349999999999994,6.08,35.0,54.05,55.544999999999995,2.770175458548349,1.0931094843082212,2.5060786914387743,2.6985429245601398,1.4634984924109884,2.7115840646757055,2.1173853718375724
8,7,Brandon Ingram,45.0,NO,SF/PF,7500,35.5,43.45,5.785,32.333333333333336,42.63000000000001,47.70541237113402,1.716938709824726,1.1876275210685636,1.9157399140917721,1.7136201252533176,1.2287935760821378,1.6282492507029043,1.3186659937644325
9,0,Jrue Holiday,38.0,NO,PG/SG,7100,35.0,40.95,5.755,38.333333333333336,41.69,37.38913043478261,1.5128230608472797,1.1403685026883925,1.1389004228603166,1.6325494219828773,1.2049252795063223,1.1326058717610994,1.125188963087696
9,1,Andrew Wiggins,38.0,MIN,SG/SF,7300,33.5,36.45,5.015,33.333333333333336,38.73,36.63225,1.1454148926878762,0.9985914475478788,1.081905604813737,1.3772629521100055,0.6161739639695438,1.1326058717610994,0.9009265548525943
9,2,Kenrich Williams,15.0,NO,SF/PF,3500,29.5,20.5,5.869999999999999,25.0,18.6,24.189999999999998,-0.15684294778823193,0.6205193005065087,0.14497588348498358,-0.35885753388354563,1.2964204163802804,-0.4959366590476873,-0.21907911343794179
9,3,Darius Bazley,11.8,OKC,SF/PF,3000,25.0,16.45,5.484999999999999,16.0,11.61,25.703125,-0.48751029913169514,0.19518813508496755,0.2589176371537792,-0.9617130826711724,0.9901106103239838,-0.7225164894210837,-0.4546571248167766
9,4,JJ Redick,11.5,NO,SG/SF,4800,30.0,24.5,5.075,29.666666666666668,25.16,24.775280898876407,0.16974209057568226,0.66777831888668,0.18904886622390268,0.2069124804293056,0.6639105571211749,-0.7437583485185897,0.0955861895614895
9,5,Pascal Siakam,35.0,TOR,PF/C,7900,36.5,46.0,5.815,36.666666666666664,43.98,45.790909090909096,1.925136671781721,1.2821455578289063,1.771573463102271,1.8300514544183086,1.2526618726579533,0.9201872807860403,1.4602166870610331
9,6,Karl-Anthony Towns,60.3,MIN,C,9300,34.5,56.349999999999994,6.08,35.0,54.05,55.544999999999995,2.770175458548349,1.0931094843082212,2.5060786914387743,2.6985429245601398,1.4634984924109884,2.7115840646757055,2.1173853718375724
9,7,Buddy Hield,40.5,SAC,SG/SF,7100,35.5,39.2,5.51,37.0,37.46,37.61081081081081,1.3699421065630673,1.1876275210685636,1.1555934593236699,1.2677312572659019,1.0100008574704968,1.3096213642403154,1.0255484347784347
10,0,Michael Carter-Williams,9.5,ORL,PG/SG,3200,14.0,13.4,4.1899999999999995,14.333333333333334,13.180000000000001,13.088372093023256,-0.7365313908841796,-0.8445102692787999,-0.691001945378705,-0.8263077591237368,-0.04020419186537794,-0.8853707425019625,-0.6103043568457558
10,1,Buddy Hield,40.5,SAC,SG/SF,7100,35.5,39.2,5.51,37.0,37.46,37.61081081081081,1.3699421065630673,1.1876275210685636,1.1555934593236699,1.2677312572659019,1.0100008574704968,1.3096213642403154,1.0255484347784347
10,2,JJ Redick,11.5,NO,SG/SF,4800,30.0,24.5,5.075,29.666666666666668,25.16,24.775280898876407,0.16974209057568226,0.66777831888668,0.18904886622390268,0.2069124804293056,0.6639105571211749,-0.7437583485185897,0.0955861895614895
10,3,Pascal Siakam,35.0,TOR,PF/C,7900,36.5,46.0,5.815,36.666666666666664,43.98,45.790909090909096,1.925136671781721,1.2821455578289063,1.771573463102271,1.8300514544183086,1.2526618726579533,0.9201872807860403,1.4602166870610331
10,4,Jrue Holiday,38.0,NO,PG/SG,7100,35.0,40.95,5.755,38.333333333333336,41.69,37.38913043478261,1.5128230608472797,1.1403685026883925,1.1389004228603166,1.6325494219828773,1.2049252795063223,1.1326058717610994,1.125188963087696
10,5,Darius Bazley,11.8,OKC,SF/PF,3000,25.0,16.45,5.484999999999999,16.0,11.61,25.703125,-0.48751029913169514,0.19518813508496755,0.2589176371537792,-0.9617130826711724,0.9901106103239838,-0.7225164894210837,-0.4546571248167766
10,6,Karl-Anthony Towns,60.3,MIN,C,9300,34.5,56.349999999999994,6.08,35.0,54.05,55.544999999999995,2.770175458548349,1.0931094843082212,2.5060786914387743,2.6985429245601398,1.4634984924109884,2.7115840646757055,2.1173853718375724
10,7,Brandon Ingram,45.0,NO,SF/PF,7500,35.5,43.45,5.785,32.333333333333336,42.63000000000001,47.70541237113402,1.716938709824726,1.1876275210685636,1.9157399140917721,1.7136201252533176,1.2287935760821378,1.6282492507029043,1.3186659937644325
11,0,D'Angelo Russell,34.8,GS,PG/SG,7700,31.0,40.3,5.25,28.666666666666668,37.339999999999996,43.580232558139535,1.4597529921131431,0.7622963556470225,1.6051044926350486,1.257381805784569,0.8031422871467642,0.9060260413877028,1.1256091698575923
11,1,Buddy Hield,40.5,SAC,SG/SF,7100,35.5,39.2,5.51,37.0,37.46,37.61081081081081,1.3699421065630673,1.1876275210685636,1.1555934593236699,1.2677312572659019,1.0100008574704968,1.3096213642403154,1.0255484347784347
11,2,Darius Bazley,11.8,OKC,SF/PF,3000,25.0,16.45,5.484999999999999,16.0,11.61,25.703125,-0.48751029913169514,0.19518813508496755,0.2589176371537792,-0.9617130826711724,0.9901106103239838,-0.7225164894210837,-0.4546571248167766
11,3,Jaren Jackson Jr.,30.3,MEM,PF/C,6300,30.0,31.849999999999998,5.050000000000001,28.0,29.409999999999997,34.125,0.7698420985693745,0.66777831888668,0.893103977792779,0.5734555537265031,0.6440203099746625,0.5873981549251144,0.5777229659502953
11,4,JJ Redick,11.5,NO,SG/SF,4800,30.0,24.5,5.075,29.666666666666668,25.16,24.775280898876407,0.16974209057568226,0.66777831888668,0.18904886622390268,0.2069124804293056,0.6639105571211749,-0.7437583485185897,0.0955861895614895
11,5,Brandon Ingram,45.0,NO,SF/PF,7500,35.5,43.45,5.785,32.333333333333336,42.63000000000001,47.70541237113402,1.716938709824726,1.1876275210685636,1.9157399140917721,1.7136201252533176,1.2287935760821378,1.6282492507029043,1.3186659937644325
11,6,Karl-Anthony Towns,60.3,MIN,C,9300,34.5,56.349999999999994,6.08,35.0,54.05,55.544999999999995,2.770175458548349,1.0931094843082212,2.5060786914387743,2.6985429245601398,1.4634984924109884,2.7115840646757055,2.1173853718375724
11,7,Kenrich Williams,15.0,NO,SF/PF,3500,29.5,20.5,5.869999999999999,25.0,18.6,24.189999999999998,-0.15684294778823193,0.6205193005065087,0.14497588348498358,-0.35885753388354563,1.2964204163802804,-0.4959366590476873,-0.21907911343794179
12,0,Brad Wanamaker,6.5,BOS,PG/SG,3800,20.0,16.950000000000003,4.47,18.666666666666668,17.270000000000003,18.16071428571429,-0.44668716933620556,-0.2774020487167449,-0.3090430426816778,-0.4735639544683156,0.18256657617556535,-1.0977893334770217,-0.3753902884815338
12,1,Jrue Holiday,38.0,NO,PG/SG,7100,35.0,40.95,5.755,38.333333333333336,41.69,37.38913043478261,1.5128230608472797,1.1403685026883925,1.1389004228603166,1.6325494219828773,1.2049252795063223,1.1326058717610994,1.125188963087696
12,2,Darius Bazley,11.8,OKC,SF/PF,3000,25.0,16.45,5.484999999999999,16.0,11.61,25.703125,-0.48751029913169514,0.19518813508496755,0.2589176371537792,-0.9617130826711724,0.9901106103239838,-0.7225164894210837,-0.4546571248167766
12,3,Kenrich Williams,15.0,NO,SF/PF,3500,29.5,20.5,5.869999999999999,25.0,18.6,24.189999999999998,-0.15684294778823193,0.6205193005065087,0.14497588348498358,-0.35885753388354563,1.2964204163802804,-0.4959366590476873,-0.21907911343794179
12,4,Dennis Schroder,34.8,OKC,PG/SG,6300,34.0,30.7,4.87,32.333333333333336,28.919999999999998,32.28247422680412,0.6759489000397492,1.04585046592805,0.7543575967747587,0.5311952935110617,0.5008105305197701,0.9060260413877028,0.5207779906415242
12,5,Brandon Ingram,45.0,NO,SF/PF,7500,35.5,43.45,5.785,32.333333333333336,42.63000000000001,47.70541237113402,1.716938709824726,1.1876275210685636,1.9157399140917721,1.7136201252533176,1.2287935760821378,1.6282492507029043,1.3186659937644325
12,6,Pascal Siakam,35.0,TOR,PF/C,7900,36.5,46.0,5.815,36.666666666666664,43.98,45.790909090909096,1.925136671781721,1.2821455578289063,1.771573463102271,1.8300514544183086,1.2526618726579533,0.9201872807860403,1.4602166870610331
12,7,Karl-Anthony Towns,60.3,MIN,C,9300,34.5,56.349999999999994,6.08,35.0,54.05,55.544999999999995,2.770175458548349,1.0931094843082212,2.5060786914387743,2.6985429245601398,1.4634984924109884,2.7115840646757055,2.1173853718375724
13,0,Michael Carter-Williams,9.5,ORL,PG/SG,3200,14.0,13.4,4.1899999999999995,14.333333333333334,13.180000000000001,13.088372093023256,-0.7365313908841796,-0.8445102692787999,-0.691001945378705,-0.8263077591237368,-0.04020419186537794,-0.8853707425019625,-0.6103043568457558
13,1,Zach LaVine,48.8,CHI,PG/SG,7600,34.0,38.65,5.1,35.333333333333336,37.510000000000005,37.19150943396226,1.3250366637880286,1.04585046592805,1.1240191120662626,1.2720435287164575,0.6838008042676873,1.8973127992713121,1.018083193881796
13,2,Brandon Ingram,45.0,NO,SF/PF,7500,35.5,43.45,5.785,32.333333333333336,42.63000000000001,47.70541237113402,1.716938709824726,1.1876275210685636,1.9157399140917721,1.7136201252533176,1.2287935760821378,1.6282492507029043,1.3186659937644325
13,3,Pascal Siakam,35.0,TOR,PF/C,7900,36.5,46.0,5.815,36.666666666666664,43.98,45.790909090909096,1.925136671781721,1.2821455578289063,1.771573463102271,1.8300514544183086,1.2526618726579533,0.9201872807860403,1.4602166870610331
13,4,Jrue Holiday,38.0,NO,PG/SG,7100,35.0,40.95,5.755,38.333333333333336,41.69,37.38913043478261,1.5128230608472797,1.1403685026883925,1.1389004228603166,1.6325494219828773,1.2049252795063223,1.1326058717610994,1.125188963087696
13,5,Marko Guduric,5.3,MEM,SG/SF,3200,13.0,10.45,3.27,13.0,10.99,10.45,-0.9773878566775664,-0.9390283060391423,-0.8896773642039046,-1.0151852486580577,-0.7721652868570478,-1.1827567698670451,-0.7387230726977106
13,6,Karl-Anthony Towns,60.3,MIN,C,9300,34.5,56.349999999999994,6.08,35.0,54.05,55.544999999999995,2.770175458548349,1.0931094843082212,2.5060786914387743,2.6985429245601398,1.4634984924109884,2.7115840646757055,2.1173853718375724
13,7,Kenrich Williams,15.0,NO,SF/PF,3500,29.5,20.5,5.869999999999999,25.0,18.6,24.189999999999998,-0.15684294778823193,0.6205193005065087,0.14497588348498358,-0.35885753388354563,1.2964204163802804,-0.4959366590476873,-0.21907911343794179
14,0,Jrue Holiday,38.0,NO,PG/SG,7100,35.0,40.95,5.755,38.333333333333336,41.69,37.38913043478261,1.5128230608472797,1.1403685026883925,1.1389004228603166,1.6325494219828773,1.2049252795063223,1.1326058717610994,1.125188963087696
14,1,JJ Redick,11.5,NO,SG/SF,4800,30.0,24.5,5.075,29.666666666666668,25.16,24.775280898876407,0.16974209057568226,0.66777831888668,0.18904886622390268,0.2069124804293056,0.6639105571211749,-0.7437583485185897,0.0955861895614895
14,2,Brandon Ingram,45.0,NO,SF/PF,7500,35.5,43.45,5.785,32.333333333333336,42.63000000000001,47.70541237113402,1.716938709824726,1.1876275210685636,1.9157399140917721,1.7136201252533176,1.2287935760821378,1.6282492507029043,1.3186659937644325
14,3,Pascal Siakam,35.0,TOR,PF/C,7900,36.5,46.0,5.815,36.666666666666664,43.98,45.790909090909096,1.925136671781721,1.2821455578289063,1.771573463102271,1.8300514544183086,1.2526618726579533,0.9201872807860403,1.4602166870610331
14,4,Buddy Hield,40.5,SAC,SG/SF,7100,35.5,39.2,5.51,37.0,37.46,37.61081081081081,1.3699421065630673,1.1876275210685636,1.1555934593236699,1.2677312572659019,1.0100008574704968,1.3096213642403154,1.0255484347784347
14,5,Darius Bazley,11.8,OKC,SF/PF,3000,25.0,16.45,5.484999999999999,16.0,11.61,25.703125,-0.48751029913169514,0.19518813508496755,0.2589176371537792,-0.9617130826711724,0.9901106103239838,-0.7225164894210837,-0.4546571248167766
14,6,Domantas Sabonis,56.5,IND,PF/C,7800,34.5,45.45,5.82,34.666666666666664,43.29,45.23149038461539,1.8802312290066832,1.0931094843082212,1.7294479622809684,1.770542108400646,1.2566399220872557,2.4425205161072974,1.4194743431174874
14,7,Ersan Ilyasova,21.5,MIL,PF/C,3700,14.0,13.0,3.49,14.666666666666666,15.679999999999998,12.409090909090908,-0.7691898947205711,-0.8445102692787999,-0.742153363359022,-0.6106941865959736,-0.5971311119677352,-0.03569637860172583,-0.5770428081709932
15,0,Dennis Schroder,34.8,OKC,PG/SG,6300,34.0,30.7,4.87,32.333333333333336,28.919999999999998,32.28247422680412,0.6759489000397492,1.04585046592805,0.7543575967747587,0.5311952935110617,0.5008105305197701,0.9060260413877028,0.5207779906415242
15,1,Buddy Hield,40.5,SAC,SG/SF,7100,35.5,39.2,5.51,37.0,37.46,37.61081081081081,1.3699421065630673,1.1876275210685636,1.1555934593236699,1.2677312572659019,1.0100008574704968,1.3096213642403154,1.0255484347784347
15,2,Darius Bazley,11.8,OKC,SF/PF,3000,25.0,16.45,5.484999999999999,16.0,11.61,25.703125,-0.48751029913169514,0.19518813508496755,0.2589176371537792,-0.9617130826711724,0.9901106103239838,-0.7225164894210837,-0.4546571248167766
15,3,Kenrich Williams,15.0,NO,SF/PF,3500,29.5,20.5,5.869999999999999,25.0,18.6,24.189999999999998,-0.15684294778823193,0.6205193005065087,0.14497588348498358,-0.35885753388354563,1.2964204163802804,-0.4959366590476873,-0.21907911343794179
15,4,Glenn Robinson III,20.0,GS,SG/SF,4900,30.5,21.35,4.345000000000001,32.666666666666664,21.910000000000004,19.933928571428574,-0.08744362713590006,0.7150373372668513,-0.17551597430011906,-0.07338516385678659,0.08311534044300217,-0.1419056740892554,-0.06972876707433683
15,5,Brandon Ingram,45.0,NO,SF/PF,7500,35.5,43.45,5.785,32.333333333333336,42.63000000000001,47.70541237113402,1.716938709824726,1.1876275210685636,1.9157399140917721,1.7136201252533176,1.2287935760821378,1.6282492507029043,1.3186659937644325
15,6,Karl-Anthony Towns,60.3,MIN,C,9300,34.5,56.349999999999994,6.08,35.0,54.05,55.544999999999995,2.770175458548349,1.0931094843082212,2.5060786914387743,2.6985429245601398,1.4634984924109884,2.7115840646757055,2.1173853718375724
15,7,Jrue Holiday,38.0,NO,PG/SG,7100,35.0,40.95,5.755,38.333333333333336,41.69,37.38913043478261,1.5128230608472797,1.1403685026883925,1.1389004228603166,1.6325494219828773,1.2049252795063223,1.1326058717610994,1.125188963087696
16,0,Jrue Holiday,38.0,NO,PG/SG,7100,35.0,40.95,5.755,38.333333333333336,41.69,37.38913043478261,1.5128230608472797,1.1403685026883925,1.1389004228603166,1.6325494219828773,1.2049252795063223,1.1326058717610994,1.125188963087696
16,1,Brad Wanamaker,6.5,BOS,PG/SG,3800,20.0,16.950000000000003,4.47,18.666666666666668,17.270000000000003,18.16071428571429,-0.44668716933620556,-0.2774020487167449,-0.3090430426816778,-0.4735639544683156,0.18256657617556535,-1.0977893334770217,-0.3753902884815338
16,2,JJ Redick,11.5,NO,SG/SF,4800,30.0,24.5,5.075,29.666666666666668,25.16,24.775280898876407,0.16974209057568226,0.66777831888668,0.18904886622390268,0.2069124804293056,0.6639105571211749,-0.7437583485185897,0.0955861895614895
16,3,Pascal Siakam,35.0,TOR,PF/C,7900,36.5,46.0,5.815,36.666666666666664,43.98,45.790909090909096,1.925136671781721,1.2821455578289063,1.771573463102271,1.8300514544183086,1.2526618726579533,0.9201872807860403,1.4602166870610331
16,4,Terence Davis,2.3,TOR,PG/SG,3300,19.5,14.85,4.495,16.333333333333332,14.99,17.729081632653063,-0.6181443144772608,-0.32466106709691617,-0.34154596308185015,-0.6702035326136362,0.20245682332207843,-1.3951753608421043,-0.5094771000714721
16,5,Domantas Sabonis,56.5,IND,PF/C,7800,34.5,45.45,5.82,34.666666666666664,43.29,45.23149038461539,1.8802312290066832,1.0931094843082212,1.7294479622809684,1.770542108400646,1.2566399220872557,2.4425205161072974,1.4194743431174874
16,6,Karl-Anthony Towns,60.3,MIN,C,9300,34.5,56.349999999999994,6.08,35.0,54.05,55.544999999999995,2.770175458548349,1.0931094843082212,2.5060786914387743,2.6985429245601398,1.4634984924109884,2.7115840646757055,2.1173853718375724
16,7,T.J. McConnell,14.8,IND,PG,4100,16.0,14.65,3.555,16.0,16.57,14.65,-0.6344735663954565,-0.6554741957581148,-0.5734078125086112,-0.5339357547760897,-0.545416469386802,-0.5100978984460245,-0.4698247235645
17,0,Kyle Lowry,31.8,TOR,PG,6800,37.5,35.8,5.279999999999999,39.666666666666664,41.32000000000001,33.84453781512605,1.0923448239537397,1.3766635945892487,0.8719845374409775,1.6006386132487693,0.8270105837225791,0.6936074504126439,0.8512285002285911
17,1,Kevin Porter Jr.,21.0,CLE,SG/SF,3800,21.5,16.95,4.470000000000001,21.666666666666668,15.830000000000002,16.819615384615382,-0.44668716933620584,-0.13562499357623117,-0.410030839879202,-0.5977573722443075,0.18256657617556607,-0.07109947709756902,-0.3855558702031492
17,2,Kenrich Williams,15.0,NO,SF/PF,3500,29.5,20.5,5.869999999999999,25.0,18.6,24.189999999999998,-0.15684294778823193,0.6205193005065087,0.14497588348498358,-0.35885753388354563,1.2964204163802804,-0.4959366590476873,-0.21907911343794179
17,3,Cheick Diallo,3.3,PHO,PF/C,3600,0.0,4.5,1.25,12.666666666666666,11.26,0.0,-1.4631831012438887,-2.1677627839235947,-1.6765861297314797,-0.9918989828250593,-2.3792972562952803,-1.324369163850418,-1.008485621895989
17,4,Zach LaVine,48.8,CHI,PG/SG,7600,34.0,38.65,5.1,35.333333333333336,37.510000000000005,37.19150943396226,1.3250366637880286,1.04585046592805,1.1240191120662626,1.2720435287164575,0.6838008042676873,1.8973127992713121,1.018083193881796
17,5,Pascal Siakam,35.0,TOR,PF/C,7900,36.5,46.0,5.815,36.666666666666664,43.98,45.790909090909096,1.925136671781721,1.2821455578289063,1.771573463102271,1.8300514544183086,1.2526618726579533,0.9201872807860403,1.4602166870610331
17,6,Karl-Anthony Towns,60.3,MIN,C,9300,34.5,56.349999999999994,6.08,35.0,54.05,55.544999999999995,2.770175458548349,1.0931094843082212,2.5060786914387743,2.6985429245601398,1.4634984924109884,2.7115840646757055,2.1173853718375724
17,7,Jrue Holiday,38.0,NO,PG/SG,7100,35.0,40.95,5.755,38.333333333333336,41.69,37.38913043478261,1.5128230608472797,1.1403685026883925,1.1389004228603166,1.6325494219828773,1.2049252795063223,1.1326058717610994,1.125188963087696
18,0,Devin Booker,43.5,PHO,PG/SG,8500,36.0,44.9,5.275,37.666666666666664,42.38,42.913274336283195,1.8353257862316446,1.234886539448735,1.5548810217240974,1.6920587680005406,0.8230325342932773,1.5220399552153745,1.4132072550838841
18,1,Dennis Schroder,34.8,OKC,PG/SG,6300,34.0,30.7,4.87,32.333333333333336,28.919999999999998,32.28247422680412,0.6759489000397492,1.04585046592805,0.7543575967747587,0.5311952935110617,0.5008105305197701,0.9060260413877028,0.5207779906415242
18,2,Svi Mykhailiuk,15.3,DET,SG/SF,3400,13.5,10.75,3.175,18.333333333333332,11.049999999999999,7.915909090909092,-0.9528939788002728,-0.8917692876589711,-1.0805001727213568,-1.0100105229173915,-0.8477482260137964,-0.4746947999501813,-0.725948321013485
18,3,Richaun Holmes,38.0,SAC,PF/C,7000,32.0,33.349999999999994,4.744999999999999,34.666666666666664,31.95,30.784615384615382,0.8923114879558419,0.856814392407365,0.6415654195076483,0.7925189434147111,0.4013592947872055,1.1326058717610994,0.682947127012296
18,4,Alec Burks,41.3,GS,PG/SG,5500,27.5,28.200000000000003,5.11,30.666666666666668,27.660000000000004,25.28804347826087,0.4718332510623031,0.4314832269858238,0.22766105458296143,0.42252605295706935,0.6917569031262929,1.3662663218336644,0.3126396134590368
18,5,Naz Reid,1.3,MIN,PF/C,3000,0.0,0.75,0.25,0.0,0.15,0.0,-1.7693565747100584,-2.1677627839235947,-1.6765861297314797,-1.9500856991384403,-3.1749071421557913,-1.4659815578337907,-1.2026787508266
18,6,Ivica Zubac,28.0,LAC,C,4500,18.5,20.35,4.535,19.666666666666668,19.73,19.14279661016949,-0.1690898867268786,-0.41917910385725865,-0.23509001018564962,-0.2614001991009966,0.2342812187564989,0.4245439018442357,-0.17368528740186004
18,7,Zach LaVine,48.8,CHI,PG/SG,7600,34.0,38.65,5.1,35.333333333333336,37.510000000000005,37.19150943396226,1.3250366637880286,1.04585046592805,1.1240191120662626,1.2720435287164575,0.6838008042676873,1.8973127992713121,1.018083193881796
19,0,Ryan Arcidiacono,0.0,CHI,PG/SG,3100,10.5,8.3,2.6799999999999997,13.666666666666666,9.280000000000001,6.376829268292684,-1.1529273147981702,-1.1753233979399986,-1.1963963835599671,-1.162664932267048,-1.2415751195147495,-1.558029613922983,-0.8514961151710574
19,1,Ty Jerome,1.3,PHO,PG/SG,3300,14.0,12.5,3.795,12.333333333333334,14.160000000000002,14.189189189189188,-0.8100130245160604,-0.8445102692787999,-0.6081079145446779,-0.7417872386928535,-0.35447009678027946,-1.4659815578337907,-0.624789371870067
19,2,Andrew Wiggins,38.0,MIN,SG/SF,7300,33.5,36.45,5.015,33.333333333333336,38.73,36.63225,1.1454148926878762,0.9985914475478788,1.081905604813737,1.3772629521100055,0.6161739639695438,1.1326058717610994,0.9009265548525943
19,3,Solomon Hill,20.0,MEM,SF/PF,4000,22.0,15.05,3.75,24.666666666666668,16.61,13.422972972972975,-0.601815062559065,-0.08836597519605992,-0.665805738164765,-0.5304859376156456,-0.39027254164400244,-0.1419056740892554,-0.45572777601775705
19,4,D.J. Augustin,24.5,ORL,PG,5000,26.0,21.7,4.35,26.0,21.800000000000004,21.7,-0.058867436279057744,0.28970617184531006,-0.04252677930579737,-0.08287216104800814,0.08709338987230394,0.17672221237333333,-0.050133913181446096
19,5,Nemanja Bjelica,35.8,SAC,PF,5700,28.0,29.3,5.145,26.333333333333332,29.619999999999997,31.15443037974684,0.5616441366123793,0.478742245365995,0.6694133296791779,0.5915670938188354,0.7196032491314102,0.9768322383793893,0.40991631905360343
19,6,Bruno Caboclo,5.3,MEM,PF/C,3000,11.5,11.65,3.865,12.333333333333334,10.93,10.862837837837837,-0.8794123451683921,-1.080805361179656,-0.8585897361334696,-1.0203599743987242,-0.2987774047700435,-1.1827567698670451,-0.7122587740640823
19,7,Markelle Fultz,33.8,ORL,PG/SG,5400,29.5,26.5,4.905,27.333333333333332,24.92,28.600609756097562,0.3330346097576394,0.6205193005065087,0.47710482878590355,0.18621357746664044,0.5286568765248881,0.8352198443960165,0.23687211046387413
20,0,Shabazz Napier,11.3,MIN,PG/SG,3100,13.0,11.95,3.835,16.0,16.69,9.709375,-0.8549184672910987,-0.9390283060391423,-0.94544811104303,-0.523586303294757,-0.322645701345859,-0.7579195879169269,-0.6702115758178019
20,1,Justin Holiday,13.5,IND,SG/SF,3900,23.5,16.55,4.245,24.666666666666668,18.31,15.76722972972973,-0.4793456731725972,0.05341107994445382,-0.48927787304140274,-0.3838687082967664,0.0035543518569506444,-0.6021459545352169,-0.38325127288685784
20,2,Kyle Korver,2.0,MIL,SG/SF,3000,16.5,13.05,4.34,17.666666666666668,11.35,12.188207547169812,-0.7651075817410221,-0.6082151773779436,-0.7587863828475303,-0.9841368942140598,0.079137291013699,-1.4164172199396103,-0.648583694637502
20,3,Thaddeus Young,9.3,CHI,SF/PF,3900,19.0,17.65,4.54,20.666666666666668,18.25,16.226612903225803,-0.3895347876225209,-0.3719200854770874,-0.45468527534188746,-0.38904343403743263,0.23825926818580137,-0.8995319819002996,-0.34685001605559573
20,4,Brad Wanamaker,6.5,BOS,PG/SG,3800,20.0,16.950000000000003,4.47,18.666666666666668,17.270000000000003,18.16071428571429,-0.44668716933620556,-0.2774020487167449,-0.3090430426816778,-0.4735639544683156,0.18256657617556535,-1.0977893334770217,-0.3753902884815338
20,5,Joe Ingles,31.5,UTA,SG/SF,5400,28.5,22.95,4.23,27.666666666666668,21.45,23.64126506024096,0.04319038820966545,0.5260012637461663,0.103654894580904,-0.11305806120189545,-0.008379796430956767,0.672365591315138,0.04094638757474483
20,6,Chris Boucher,11.3,TOR,PF/C,3000,0.0,6.5,2.165,8.666666666666666,12.2,0.0,-1.2998905820619318,-2.1677627839235947,-1.6765861297314797,-0.9108282795546203,-1.6513142107329124,-0.7579195879169269,-0.9533962372604742
20,7,Kemba Walker,38.5,BOS,PG,8100,32.5,39.75,4.890000000000001,31.333333333333332,40.709999999999994,41.23005319148936,1.4148475493381052,0.9040734107875362,1.4281306415174346,1.548028901551994,0.5167227282369806,1.1680089702569427,1.1256737997349051
21,0,Derrick Walton Jr.,8.0,LAC,PG,3000,0.0,3.0,1.0,8.0,3.5799999999999996,0.0,-1.5856524906303566,-2.1677627839235947,-1.6765861297314797,-1.6542638776303489,-2.578199727760408,-0.991580037989492,-1.1109322235861827
21,1,Joe Ingles,31.5,UTA,SG/SF,5400,28.5,22.95,4.23,27.666666666666668,21.45,23.64126506024096,0.04319038820966545,0.5260012637461663,0.103654894580904,-0.11305806120189545,-0.008379796430956767,0.672365591315138,0.04094638757474483
21,2,Cedi Osman,8.8,CLE,SF/PF,3700,30.5,19.55,5.305,30.333333333333332,21.45,19.657417582417583,-0.2344068943996615,0.7150373372668513,-0.19633788061757815,-0.11305806120189545,0.8469008308690921,-0.9349350803961428,-0.24112495637935388
21,3,Thon Maker,2.0,DET,PF/C,3000,0.0,3.0,1.0,6.666666666666667,6.0600000000000005,0.0,-1.5856524906303566,-2.1677627839235947,-1.6765861297314797,-1.4403752136828074,-2.578199727760408,-1.4164172199396103,-1.0998289075085095
21,4,Markelle Fultz,33.8,ORL,PG/SG,5400,29.5,26.5,4.905,27.333333333333332,24.92,28.600609756097562,0.3330346097576394,0.6205193005065087,0.47710482878590355,0.18621357746664044,0.5286568765248881,0.8352198443960165,0.23687211046387413
21,5,Denzel Valentine,19.5,CHI,SG/SF,3400,13.0,14.4,4.255,12.333333333333334,12.719999999999999,15.17837837837838,-0.654885131293201,-0.9390283060391423,-0.5336197189716549,-0.8659806564688455,0.011510450715555585,-0.17730877258509858,-0.5519228776810996
21,6,Enes Kanter,13.0,BOS,C,3800,18.5,20.75,5.445,14.333333333333334,18.93,26.781976744186046,-0.1364313828904873,-0.41917910385725865,0.34015762702982827,-0.33039654230988097,0.9582862148895641,-0.6375490530310601,-0.1810305542153557
21,7,Myles Turner,16.8,IND,C,5300,30.5,31.299999999999997,5.890000000000001,32.333333333333336,27.419999999999998,29.52525773195876,0.7249366557943362,0.7150373372668513,0.5467329242148515,0.4018271499944036,1.3123326140974918,-0.36848550446265177,0.4592492072335234
22,0,Eric Bledsoe,30.0,MIL,PG,6100,27.0,30.1,4.9350000000000005,25.333333333333332,30.24,32.08026315789474,0.6269611442851623,0.38422420860565254,0.7391306434148075,0.6450392598057209,0.5525251731007036,0.5661562958276084,0.47515298329577793
22,1,Josh Hart,27.5,NO,SG/SF,4100,21.0,16.25,3.9399999999999995,24.666666666666668,22.75,13.83445945945946,-0.5038395510498908,-0.18288401195640241,-0.6348198699243478,-0.0009390034874583882,-0.23910666333050573,0.38914080334839246,-0.37289123902942845
22,2,Cameron Johnson,20.3,PHO,SF/PF,4200,23.0,18.950000000000003,4.49,22.0,17.05,19.811363636363637,-0.2833946501542485,0.006152061564282574,-0.18474539264929765,-0.492537948850759,0.19847877389277596,-0.12066381499174944,-0.2512296401362426
22,3,Treveon Graham,5.8,MIN,SF/PF,3000,0.0,4.65,1.54,17.666666666666668,11.47,0.0,-1.4509361623052417,-2.1677627839235947,-1.6765861297314797,-0.9737874427327271,-2.148570389395732,-1.147353671371202,-1.0189028616838773
22,4,Aaron Holiday,12.8,IND,PG/SG,4100,15.5,13.7,3.325,20.666666666666668,15.940000000000001,10.274999999999999,-0.7120375130068861,-0.7027332141382862,-0.9028552621912085,-0.588270375053086,-0.7284067431347195,-0.6517102924293973,-0.532254524976383
22,5,Cheick Diallo,3.3,PHO,PF/C,3600,0.0,4.5,1.25,12.666666666666666,11.26,0.0,-1.4631831012438887,-2.1677627839235947,-1.6765861297314797,-0.9918989828250593,-2.3792972562952803,-1.324369163850418,-1.008485621895989
22,6,Goga Bitadze,0.0,IND,PF/C,3000,0.0,2.9,0.96,8.333333333333334,7.74,0.0,-1.5938171165894546,-2.1677627839235947,-1.6765861297314797,-1.2954828929441502,-2.6100241231948282,-1.558029613922983,-1.0952454667954021
22,7,Marko Guduric,5.3,MEM,SG/SF,3200,13.0,10.45,3.27,13.0,10.99,10.45,-0.9773878566775664,-0.9390283060391423,-0.8896773642039046,-1.0151852486580577,-0.7721652868570478,-1.1827567698670451,-0.7387230726977106
