Lineup Num,,Player Name,Actual FP,team,Pos,Salary,DFN_MinProj,Avg Proj,Avg Value Proj,Avg Skewed Min,Avg Skewed FP,Proj Min Enhanced,Avg Proj Stan,DFN_MinProj Stan,Proj Min Enhanced Stan,Avg Skewed FP Stan,Avg Value Proj Stan,Actual FP Stan,predictions
0,0,Patrick Beverley,29.3,LAC,PG/SG,4800,30.5,24.5,5.1,33.333333333333336,25.36,22.4175,0.10485486734002965,0.7268525846504182,-0.11634314535086995,0.23906536116028823,0.5793109440369637,0.6011874714043218,0.03217695603495538
0,1,Buddy Hield,28.5,SAC,SG/SF,7200,34.5,40.7,5.665,32.666666666666664,34.54,42.984183673469396,1.588732024455488,1.1526005340410295,1.6138466192385519,1.0803400568846393,1.1458245385928119,0.5374632763879641,1.1894709792778904
0,2,Paul George,37.8,LAC,SF/PF,8500,33.0,47.65,5.625,31.0,45.11,50.7241935483871,2.2253336443290945,0.9929450530195502,2.2649815360787744,2.048997304575967,1.1057173814561148,1.2782570434531215,1.7202643928630639
0,3,Julius Randle,30.5,NY,PF/C,7100,33.5,38.599999999999994,5.449999999999999,33.666666666666664,36.040000000000006,38.40891089108911,1.3963775781627425,1.0461635466933765,1.2289479032394073,1.2178032424605143,0.9302485689830637,0.6967737639288583,1.0490199928358708
0,4,Frank Ntilikina,19.8,NY,PG/SG,4500,32.5,24.2,5.37,30.666666666666668,21.740000000000002,25.64673913043478,0.07737566072678036,0.9397265593457238,0.15531934431426128,-0.09267912669615498,0.8500342547096702,-0.1555373444149253,-0.0031172351180043783
0,5,Kevin Knox,17.8,NY,SF/PF,3400,29.0,22.25,6.550000000000001,15.0,15.85,43.016666666666666,-0.1012391822593395,0.567197103628939,1.6165792786816318,-0.6324512353907551,2.033195390242238,-0.31484783195581945,-0.165652538294223
0,6,Nikola Jokic,35.3,DEN,C,9200,32.0,52.349999999999994,5.695,32.0,44.769999999999996,52.349999999999994,2.6558412146033317,0.8865080656718974,2.4017538872484834,2.017838982512102,1.175904906445335,1.079118934027004,2.0328631415403557
0,7,Garrett Temple,18.0,BKN,SG/SF,5000,32.0,23.450000000000003,4.675,28.666666666666668,19.830000000000002,26.176744186046513,0.008677644193657635,0.8865080656718974,0.1999064706083749,-0.26771558299610165,0.15317239945955624,-0.2989167832017301,0.0031534754281547384
1,0,Frank Ntilikina,19.8,NY,PG/SG,4500,32.5,24.2,5.37,30.666666666666668,21.740000000000002,25.64673913043478,0.07737566072678036,0.9397265593457238,0.15531934431426128,-0.09267912669615498,0.8500342547096702,-0.1555373444149253,-0.0031172351180043783
1,1,Iman Shumpert,8.0,BKN,SG/SF,3400,20.0,14.5,4.255,20.0,11.459999999999999,14.5,-0.8111186864349444,-0.390735782499936,-0.7824095699931614,-1.0347601585094808,-0.2679527504757642,-1.0954692209062007,-0.644654317486991
1,2,Paul George,37.8,LAC,SF/PF,8500,33.0,47.65,5.625,31.0,45.11,50.7241935483871,2.2253336443290945,0.9929450530195502,2.2649815360787744,2.048997304575967,1.1057173814561148,1.2782570434531215,1.7202643928630639
1,3,Thomas Bryant,25.5,WAS,PF/C,6700,29.5,32.9,4.92,28.0,32.339999999999996,34.6625,0.8742726525110077,0.6204155973027654,0.9137778991385344,0.8787273847066899,0.39882873692182663,0.2984975450766229,0.6840128068337599
1,4,Buddy Hield,28.5,SAC,SG/SF,7200,34.5,40.7,5.665,32.666666666666664,34.54,42.984183673469396,1.588732024455488,1.1526005340410295,1.6138466192385519,1.0803400568846393,1.1458245385928119,0.5374632763879641,1.1894709792778904
1,5,Kevin Knox,17.8,NY,SF/PF,3400,29.0,22.25,6.550000000000001,15.0,15.85,43.016666666666666,-0.1012391822593395,0.567197103628939,1.6165792786816318,-0.6324512353907551,2.033195390242238,-0.31484783195581945,-0.165652538294223
1,6,Nikola Jokic,35.3,DEN,C,9200,32.0,52.349999999999994,5.695,32.0,44.769999999999996,52.349999999999994,2.6558412146033317,0.8865080656718974,2.4017538872484834,2.017838982512102,1.175904906445335,1.079118934027004,2.0328631415403557
1,7,Julius Randle,30.5,NY,PF/C,7100,33.5,38.599999999999994,5.449999999999999,33.666666666666664,36.040000000000006,38.40891089108911,1.3963775781627425,1.0461635466933765,1.2289479032394073,1.2178032424605143,0.9302485689830637,0.6967737639288583,1.0490199928358708
2,0,Patrick Beverley,29.3,LAC,PG/SG,4800,30.5,24.5,5.1,33.333333333333336,25.36,22.4175,0.10485486734002965,0.7268525846504182,-0.11634314535086995,0.23906536116028823,0.5793109440369637,0.6011874714043218,0.03217695603495538
2,1,Buddy Hield,28.5,SAC,SG/SF,7200,34.5,40.7,5.665,32.666666666666664,34.54,42.984183673469396,1.588732024455488,1.1526005340410295,1.6138466192385519,1.0803400568846393,1.1458245385928119,0.5374632763879641,1.1894709792778904
2,2,Paul George,37.8,LAC,SF/PF,8500,33.0,47.65,5.625,31.0,45.11,50.7241935483871,2.2253336443290945,0.9929450530195502,2.2649815360787744,2.048997304575967,1.1057173814561148,1.2782570434531215,1.7202643928630639
2,3,Kevin Knox,17.8,NY,SF/PF,3400,29.0,22.25,6.550000000000001,15.0,15.85,43.016666666666666,-0.1012391822593395,0.567197103628939,1.6165792786816318,-0.6324512353907551,2.033195390242238,-0.31484783195581945,-0.165652538294223
2,4,Joe Harris,16.3,BKN,SG/SF,5500,33.0,25.85,4.695,32.666666666666664,24.790000000000003,26.113775510204086,0.2285112970996513,0.9929450530195502,0.19460917717195875,0.18682935064145625,0.1732259780279053,-0.43433069761149,0.17473482257888256
2,5,Julius Randle,30.5,NY,PF/C,7100,33.5,38.599999999999994,5.449999999999999,33.666666666666664,36.040000000000006,38.40891089108911,1.3963775781627425,1.0461635466933765,1.2289479032394073,1.2178032424605143,0.9302485689830637,0.6967737639288583,1.0490199928358708
2,6,Nikola Jokic,35.3,DEN,C,9200,32.0,52.349999999999994,5.695,32.0,44.769999999999996,52.349999999999994,2.6558412146033317,0.8865080656718974,2.4017538872484834,2.017838982512102,1.175904906445335,1.079118934027004,2.0328631415403557
2,7,Bobby Portis,10.0,NY,PF/C,4200,20.0,21.200000000000003,5.04,22.333333333333332,22.0,18.985074626865675,-0.19741640540571154,-0.390735782499936,-0.4050988505779066,-0.06885217452967027,0.5191502083319183,-0.9361587333653066,-0.21557381255694244
3,0,Frank Ntilikina,19.8,NY,PG/SG,4500,32.5,24.2,5.37,30.666666666666668,21.740000000000002,25.64673913043478,0.07737566072678036,0.9397265593457238,0.15531934431426128,-0.09267912669615498,0.8500342547096702,-0.1555373444149253,-0.0031172351180043783
3,1,Gary Harris,11.8,DEN,SG,4100,33.0,24.0,5.87,33.666666666666664,21.759999999999998,23.524752475247528,0.05905618965128095,0.9929450530195502,-0.02319458868974614,-0.09084628422181035,1.3513737189183852,-0.7927792945785018,-0.06891122734173585
3,2,Garrett Temple,18.0,BKN,SG/SF,5000,32.0,23.450000000000003,4.675,28.666666666666668,19.830000000000002,26.176744186046513,0.008677644193657635,0.8865080656718974,0.1999064706083749,-0.26771558299610165,0.15317239945955624,-0.2989167832017301,0.0031534754281547384
3,3,Paul George,37.8,LAC,SF/PF,8500,33.0,47.65,5.625,31.0,45.11,50.7241935483871,2.2253336443290945,0.9929450530195502,2.2649815360787744,2.048997304575967,1.1057173814561148,1.2782570434531215,1.7202643928630639
3,4,Buddy Hield,28.5,SAC,SG/SF,7200,34.5,40.7,5.665,32.666666666666664,34.54,42.984183673469396,1.588732024455488,1.1526005340410295,1.6138466192385519,1.0803400568846393,1.1458245385928119,0.5374632763879641,1.1894709792778904
3,5,Julius Randle,30.5,NY,PF/C,7100,33.5,38.599999999999994,5.449999999999999,33.666666666666664,36.040000000000006,38.40891089108911,1.3963775781627425,1.0461635466933765,1.2289479032394073,1.2178032424605143,0.9302485689830637,0.6967737639288583,1.0490199928358708
3,6,Nikola Jokic,35.3,DEN,C,9200,32.0,52.349999999999994,5.695,32.0,44.769999999999996,52.349999999999994,2.6558412146033317,0.8865080656718974,2.4017538872484834,2.017838982512102,1.175904906445335,1.079118934027004,2.0328631415403557
3,7,Tyler Johnson,11.5,PHO,PG/SG,4200,30.0,21.8,5.18,25.333333333333332,16.06,25.815789473684212,-0.1424579921792133,0.6736340909765919,0.16954084828807883,-0.6132063894101328,0.6595252583103581,-0.816675867709636,-0.16278077556162454
4,0,Lou Williams,28.8,LAC,PG/SG,7000,31.5,35.8,5.13,34.666666666666664,36.7,32.52980769230769,1.1399049831057502,0.8332895719980711,0.7343633440079079,1.2782870441138987,0.6093913118894868,0.5613598495190982,0.8615545471309797
4,1,Gary Harris,11.8,DEN,SG,4100,33.0,24.0,5.87,33.666666666666664,21.759999999999998,23.524752475247528,0.05905618965128095,0.9929450530195502,-0.02319458868974614,-0.09084628422181035,1.3513737189183852,-0.7927792945785018,-0.06891122734173585
4,2,Buddy Hield,28.5,SAC,SG/SF,7200,34.5,40.7,5.665,32.666666666666664,34.54,42.984183673469396,1.588732024455488,1.1526005340410295,1.6138466192385519,1.0803400568846393,1.1458245385928119,0.5374632763879641,1.1894709792778904
4,3,Bobby Portis,10.0,NY,PF/C,4200,20.0,21.200000000000003,5.04,22.333333333333332,22.0,18.985074626865675,-0.19741640540571154,-0.390735782499936,-0.4050988505779066,-0.06885217452967027,0.5191502083319183,-0.9361587333653066,-0.21557381255694244
4,4,Will Barton,41.5,DEN,PG/SF,5800,31.0,28.8,4.965,31.333333333333332,30.5,28.4936170212766,0.49872349546326855,0.7800710783242446,0.39481536934062017,0.710105877066951,0.4439492887006109,1.572981445403776,0.37353154329407445
4,5,Paul George,37.8,LAC,SF/PF,8500,33.0,47.65,5.625,31.0,45.11,50.7241935483871,2.2253336443290945,0.9929450530195502,2.2649815360787744,2.048997304575967,1.1057173814561148,1.2782570434531215,1.7202643928630639
4,6,Nikola Jokic,35.3,DEN,C,9200,32.0,52.349999999999994,5.695,32.0,44.769999999999996,52.349999999999994,2.6558412146033317,0.8865080656718974,2.4017538872484834,2.017838982512102,1.175904906445335,1.079118934027004,2.0328631415403557
4,7,Kevin Knox,17.8,NY,SF/PF,3400,29.0,22.25,6.550000000000001,15.0,15.85,43.016666666666666,-0.1012391822593395,0.567197103628939,1.6165792786816318,-0.6324512353907551,2.033195390242238,-0.31484783195581945,-0.165652538294223
5,0,Lou Williams,28.8,LAC,PG/SG,7000,31.5,35.8,5.13,34.666666666666664,36.7,32.52980769230769,1.1399049831057502,0.8332895719980711,0.7343633440079079,1.2782870441138987,0.6093913118894868,0.5613598495190982,0.8615545471309797
5,1,Frank Ntilikina,19.8,NY,PG/SG,4500,32.5,24.2,5.37,30.666666666666668,21.740000000000002,25.64673913043478,0.07737566072678036,0.9397265593457238,0.15531934431426128,-0.09267912669615498,0.8500342547096702,-0.1555373444149253,-0.0031172351180043783
5,2,Harrison Barnes,32.5,SAC,SF/PF,5700,34.5,27.65,4.835,35.0,27.25,27.255,0.39338653677914637,1.1526005340410295,0.29061565846436005,0.41226897498588994,0.31360102800634515,0.8560842514697523,0.29579442736445194
5,3,Paul George,37.8,LAC,SF/PF,8500,33.0,47.65,5.625,31.0,45.11,50.7241935483871,2.2253336443290945,0.9929450530195502,2.2649815360787744,2.048997304575967,1.1057173814561148,1.2782570434531215,1.7202643928630639
5,4,Gary Harris,11.8,DEN,SG,4100,33.0,24.0,5.87,33.666666666666664,21.759999999999998,23.524752475247528,0.05905618965128095,0.9929450530195502,-0.02319458868974614,-0.09084628422181035,1.3513737189183852,-0.7927792945785018,-0.06891122734173585
5,5,Kevin Knox,17.8,NY,SF/PF,3400,29.0,22.25,6.550000000000001,15.0,15.85,43.016666666666666,-0.1012391822593395,0.567197103628939,1.6165792786816318,-0.6324512353907551,2.033195390242238,-0.31484783195581945,-0.165652538294223
5,6,Julius Randle,30.5,NY,PF/C,7100,33.5,38.599999999999994,5.449999999999999,33.666666666666664,36.040000000000006,38.40891089108911,1.3963775781627425,1.0461635466933765,1.2289479032394073,1.2178032424605143,0.9302485689830637,0.6967737639288583,1.0490199928358708
5,7,Nikola Jokic,35.3,DEN,C,9200,32.0,52.349999999999994,5.695,32.0,44.769999999999996,52.349999999999994,2.6558412146033317,0.8865080656718974,2.4017538872484834,2.017838982512102,1.175904906445335,1.079118934027004,2.0328631415403557
6,0,Frank Ntilikina,19.8,NY,PG/SG,4500,32.5,24.2,5.37,30.666666666666668,21.740000000000002,25.64673913043478,0.07737566072678036,0.9397265593457238,0.15531934431426128,-0.09267912669615498,0.8500342547096702,-0.1555373444149253,-0.0031172351180043783
6,1,Buddy Hield,28.5,SAC,SG/SF,7200,34.5,40.7,5.665,32.666666666666664,34.54,42.984183673469396,1.588732024455488,1.1526005340410295,1.6138466192385519,1.0803400568846393,1.1458245385928119,0.5374632763879641,1.1894709792778904
6,2,Kevin Knox,17.8,NY,SF/PF,3400,29.0,22.25,6.550000000000001,15.0,15.85,43.016666666666666,-0.1012391822593395,0.567197103628939,1.6165792786816318,-0.6324512353907551,2.033195390242238,-0.31484783195581945,-0.165652538294223
6,3,Richaun Holmes,43.0,SAC,PF/C,6200,29.5,32.45,5.23,29.0,28.869999999999997,33.00948275862069,0.8330538425911342,0.6204155973027654,0.7747164171255781,0.560729215407834,0.7096592047312303,1.6924643110594466,0.6102282576227571
6,4,Patrick Beverley,29.3,LAC,PG/SG,4800,30.5,24.5,5.1,33.333333333333336,25.36,22.4175,0.10485486734002965,0.7268525846504182,-0.11634314535086995,0.23906536116028823,0.5793109440369637,0.6011874714043218,0.03217695603495538
6,5,JJ Redick,21.0,NO,SG/SF,6100,31.0,27.950000000000003,4.58,32.0,27.07,27.0765625,0.42086574339239596,0.7800710783242446,0.27560445194120153,0.3957733927167851,0.05791790125990065,-0.059951051890388886,0.3334677610574961
6,6,Nikola Jokic,35.3,DEN,C,9200,32.0,52.349999999999994,5.695,32.0,44.769999999999996,52.349999999999994,2.6558412146033317,0.8865080656718974,2.4017538872484834,2.017838982512102,1.175904906445335,1.079118934027004,2.0328631415403557
6,7,Paul George,37.8,LAC,SF/PF,8500,33.0,47.65,5.625,31.0,45.11,50.7241935483871,2.2253336443290945,0.9929450530195502,2.2649815360787744,2.048997304575967,1.1057173814561148,1.2782570434531215,1.7202643928630639
7,0,Patrick Beverley,29.3,LAC,PG/SG,4800,30.5,24.5,5.1,33.333333333333336,25.36,22.4175,0.10485486734002965,0.7268525846504182,-0.11634314535086995,0.23906536116028823,0.5793109440369637,0.6011874714043218,0.03217695603495538
7,1,Buddy Hield,28.5,SAC,SG/SF,7200,34.5,40.7,5.665,32.666666666666664,34.54,42.984183673469396,1.588732024455488,1.1526005340410295,1.6138466192385519,1.0803400568846393,1.1458245385928119,0.5374632763879641,1.1894709792778904
7,2,Paul George,37.8,LAC,SF/PF,8500,33.0,47.65,5.625,31.0,45.11,50.7241935483871,2.2253336443290945,0.9929450530195502,2.2649815360787744,2.048997304575967,1.1057173814561148,1.2782570434531215,1.7202643928630639
7,3,Julius Randle,30.5,NY,PF/C,7100,33.5,38.599999999999994,5.449999999999999,33.666666666666664,36.040000000000006,38.40891089108911,1.3963775781627425,1.0461635466933765,1.2289479032394073,1.2178032424605143,0.9302485689830637,0.6967737639288583,1.0490199928358708
7,4,Tyler Johnson,11.5,PHO,PG/SG,4200,30.0,21.8,5.18,25.333333333333332,16.06,25.815789473684212,-0.1424579921792133,0.6736340909765919,0.16954084828807883,-0.6132063894101328,0.6595252583103581,-0.816675867709636,-0.16278077556162454
7,5,Frank Kaminsky,18.5,PHO,PF/C,4600,28.0,25.15,5.465,25.333333333333332,22.95,27.79736842105263,0.16439314833540283,0.46076011628128627,0.33624286339639814,0.018207843001716753,0.9452887529093258,-0.25908916131650656,0.06254703739328585
7,6,Bobby Portis,10.0,NY,PF/C,4200,20.0,21.200000000000003,5.04,22.333333333333332,22.0,18.985074626865675,-0.19741640540571154,-0.390735782499936,-0.4050988505779066,-0.06885217452967027,0.5191502083319183,-0.9361587333653066,-0.21557381255694244
7,7,Nikola Jokic,35.3,DEN,C,9200,32.0,52.349999999999994,5.695,32.0,44.769999999999996,52.349999999999994,2.6558412146033317,0.8865080656718974,2.4017538872484834,2.017838982512102,1.175904906445335,1.079118934027004,2.0328631415403557
8,0,Frank Ntilikina,19.8,NY,PG/SG,4500,32.5,24.2,5.37,30.666666666666668,21.740000000000002,25.64673913043478,0.07737566072678036,0.9397265593457238,0.15531934431426128,-0.09267912669615498,0.8500342547096702,-0.1555373444149253,-0.0031172351180043783
8,1,Lou Williams,28.8,LAC,PG/SG,7000,31.5,35.8,5.13,34.666666666666664,36.7,32.52980769230769,1.1399049831057502,0.8332895719980711,0.7343633440079079,1.2782870441138987,0.6093913118894868,0.5613598495190982,0.8615545471309797
8,2,Paul George,37.8,LAC,SF/PF,8500,33.0,47.65,5.625,31.0,45.11,50.7241935483871,2.2253336443290945,0.9929450530195502,2.2649815360787744,2.048997304575967,1.1057173814561148,1.2782570434531215,1.7202643928630639
8,3,Kevin Knox,17.8,NY,SF/PF,3400,29.0,22.25,6.550000000000001,15.0,15.85,43.016666666666666,-0.1012391822593395,0.567197103628939,1.6165792786816318,-0.6324512353907551,2.033195390242238,-0.31484783195581945,-0.165652538294223
8,4,Mikal Bridges,8.8,PHO,SG/SF,4100,24.0,18.25,4.46,24.333333333333332,17.53,18.0,-0.46762860376932913,0.03501216689067512,-0.4879690917805917,-0.47849246754577573,-0.062403570150191025,-1.031745025889843,-0.3763508449450504
8,5,Julius Randle,30.5,NY,PF/C,7100,33.5,38.599999999999994,5.449999999999999,33.666666666666664,36.040000000000006,38.40891089108911,1.3963775781627425,1.0461635466933765,1.2289479032394073,1.2178032424605143,0.9302485689830637,0.6967737639288583,1.0490199928358708
8,6,Richaun Holmes,43.0,SAC,PF/C,6200,29.5,32.45,5.23,29.0,28.869999999999997,33.00948275862069,0.8330538425911342,0.6204155973027654,0.7747164171255781,0.560729215407834,0.7096592047312303,1.6924643110594466,0.6102282576227571
8,7,Nikola Jokic,35.3,DEN,C,9200,32.0,52.349999999999994,5.695,32.0,44.769999999999996,52.349999999999994,2.6558412146033317,0.8865080656718974,2.4017538872484834,2.017838982512102,1.175904906445335,1.079118934027004,2.0328631415403557
9,0,Frank Ntilikina,19.8,NY,PG/SG,4500,32.5,24.2,5.37,30.666666666666668,21.740000000000002,25.64673913043478,0.07737566072678036,0.9397265593457238,0.15531934431426128,-0.09267912669615498,0.8500342547096702,-0.1555373444149253,-0.0031172351180043783
9,1,Buddy Hield,28.5,SAC,SG/SF,7200,34.5,40.7,5.665,32.666666666666664,34.54,42.984183673469396,1.588732024455488,1.1526005340410295,1.6138466192385519,1.0803400568846393,1.1458245385928119,0.5374632763879641,1.1894709792778904
9,2,Paul George,37.8,LAC,SF/PF,8500,33.0,47.65,5.625,31.0,45.11,50.7241935483871,2.2253336443290945,0.9929450530195502,2.2649815360787744,2.048997304575967,1.1057173814561148,1.2782570434531215,1.7202643928630639
9,3,Julius Randle,30.5,NY,PF/C,7100,33.5,38.599999999999994,5.449999999999999,33.666666666666664,36.040000000000006,38.40891089108911,1.3963775781627425,1.0461635466933765,1.2289479032394073,1.2178032424605143,0.9302485689830637,0.6967737639288583,1.0490199928358708
9,4,Rodney McGruder,21.8,LAC,SG/SF,3000,16.0,9.15,3.05,18.666666666666668,8.409999999999998,7.8428571428571425,-1.3011645377045555,-0.8164837318905472,-1.3424473775321712,-1.314268635847092,-1.476180859218767,0.0037731431259688222,-0.9416949194437294
9,5,Kevin Knox,17.8,NY,SF/PF,3400,29.0,22.25,6.550000000000001,15.0,15.85,43.016666666666666,-0.1012391822593395,0.567197103628939,1.6165792786816318,-0.6324512353907551,2.033195390242238,-0.31484783195581945,-0.165652538294223
9,6,Nikola Jokic,35.3,DEN,C,9200,32.0,52.349999999999994,5.695,32.0,44.769999999999996,52.349999999999994,2.6558412146033317,0.8865080656718974,2.4017538872484834,2.017838982512102,1.175904906445335,1.079118934027004,2.0328631415403557
9,7,Lou Williams,28.8,LAC,PG/SG,7000,31.5,35.8,5.13,34.666666666666664,36.7,32.52980769230769,1.1399049831057502,0.8332895719980711,0.7343633440079079,1.2782870441138987,0.6093913118894868,0.5613598495190982,0.8615545471309797
10,0,Frank Ntilikina,19.8,NY,PG/SG,4500,32.5,24.2,5.37,30.666666666666668,21.740000000000002,25.64673913043478,0.07737566072678036,0.9397265593457238,0.15531934431426128,-0.09267912669615498,0.8500342547096702,-0.1555373444149253,-0.0031172351180043783
10,1,Lou Williams,28.8,LAC,PG/SG,7000,31.5,35.8,5.13,34.666666666666664,36.7,32.52980769230769,1.1399049831057502,0.8332895719980711,0.7343633440079079,1.2782870441138987,0.6093913118894868,0.5613598495190982,0.8615545471309797
10,2,Kevin Knox,17.8,NY,SF/PF,3400,29.0,22.25,6.550000000000001,15.0,15.85,43.016666666666666,-0.1012391822593395,0.567197103628939,1.6165792786816318,-0.6324512353907551,2.033195390242238,-0.31484783195581945,-0.165652538294223
10,3,Paul George,37.8,LAC,SF/PF,8500,33.0,47.65,5.625,31.0,45.11,50.7241935483871,2.2253336443290945,0.9929450530195502,2.2649815360787744,2.048997304575967,1.1057173814561148,1.2782570434531215,1.7202643928630639
10,4,Buddy Hield,28.5,SAC,SG/SF,7200,34.5,40.7,5.665,32.666666666666664,34.54,42.984183673469396,1.588732024455488,1.1526005340410295,1.6138466192385519,1.0803400568846393,1.1458245385928119,0.5374632763879641,1.1894709792778904
10,5,Harrison Barnes,32.5,SAC,SF/PF,5700,34.5,27.65,4.835,35.0,27.25,27.255,0.39338653677914637,1.1526005340410295,0.29061565846436005,0.41226897498588994,0.31360102800634515,0.8560842514697523,0.29579442736445194
10,6,Nikola Jokic,35.3,DEN,C,9200,32.0,52.349999999999994,5.695,32.0,44.769999999999996,52.349999999999994,2.6558412146033317,0.8865080656718974,2.4017538872484834,2.017838982512102,1.175904906445335,1.079118934027004,2.0328631415403557
10,7,JaMychal Green,8.5,LAC,SF/PF,3900,20.0,18.5,4.720000000000001,21.666666666666668,18.88,17.076923076923077,-0.4447292649249548,-0.390735782499936,-0.5656237233970937,-0.354775600527489,0.1982929512383414,-1.055641599020977,-0.38561367801076896
11,0,Patrick Beverley,29.3,LAC,PG/SG,4800,30.5,24.5,5.1,33.333333333333336,25.36,22.4175,0.10485486734002965,0.7268525846504182,-0.11634314535086995,0.23906536116028823,0.5793109440369637,0.6011874714043218,0.03217695603495538
11,1,Buddy Hield,28.5,SAC,SG/SF,7200,34.5,40.7,5.665,32.666666666666664,34.54,42.984183673469396,1.588732024455488,1.1526005340410295,1.6138466192385519,1.0803400568846393,1.1458245385928119,0.5374632763879641,1.1894709792778904
11,2,Paul George,37.8,LAC,SF/PF,8500,33.0,47.65,5.625,31.0,45.11,50.7241935483871,2.2253336443290945,0.9929450530195502,2.2649815360787744,2.048997304575967,1.1057173814561148,1.2782570434531215,1.7202643928630639
11,3,Julius Randle,30.5,NY,PF/C,7100,33.5,38.599999999999994,5.449999999999999,33.666666666666664,36.040000000000006,38.40891089108911,1.3963775781627425,1.0461635466933765,1.2289479032394073,1.2178032424605143,0.9302485689830637,0.6967737639288583,1.0490199928358708
11,4,Frank Ntilikina,19.8,NY,PG/SG,4500,32.5,24.2,5.37,30.666666666666668,21.740000000000002,25.64673913043478,0.07737566072678036,0.9397265593457238,0.15531934431426128,-0.09267912669615498,0.8500342547096702,-0.1555373444149253,-0.0031172351180043783
11,5,Jerami Grant,11.3,DEN,PF/C,3700,20.0,17.15,4.630000000000001,20.0,17.189999999999998,17.15,-0.5683856946845764,-0.390735782499936,-0.5594760650607873,-0.5096507896096409,0.10805184768077286,-0.8326069164637253,-0.4718625562934922
11,6,Nikola Jokic,35.3,DEN,C,9200,32.0,52.349999999999994,5.695,32.0,44.769999999999996,52.349999999999994,2.6558412146033317,0.8865080656718974,2.4017538872484834,2.017838982512102,1.175904906445335,1.079118934027004,2.0328631415403557
11,7,Kevin Knox,17.8,NY,SF/PF,3400,29.0,22.25,6.550000000000001,15.0,15.85,43.016666666666666,-0.1012391822593395,0.567197103628939,1.6165792786816318,-0.6324512353907551,2.033195390242238,-0.31484783195581945,-0.165652538294223
12,0,Lou Williams,28.8,LAC,PG/SG,7000,31.5,35.8,5.13,34.666666666666664,36.7,32.52980769230769,1.1399049831057502,0.8332895719980711,0.7343633440079079,1.2782870441138987,0.6093913118894868,0.5613598495190982,0.8615545471309797
12,1,E'Twaun Moore,25.3,NO,SG/SF,4400,20.0,18.65,4.215,23.333333333333332,18.95,15.985714285714286,-0.4309896616183303,-0.390735782499936,-0.6574225914866012,-0.3483606518672815,-0.30805990761246144,0.28256649632253356,-0.3379629863371104
12,2,Harrison Barnes,32.5,SAC,SF/PF,5700,34.5,27.65,4.835,35.0,27.25,27.255,0.39338653677914637,1.1526005340410295,0.29061565846436005,0.41226897498588994,0.31360102800634515,0.8560842514697523,0.29579442736445194
12,3,Julius Randle,30.5,NY,PF/C,7100,33.5,38.599999999999994,5.449999999999999,33.666666666666664,36.040000000000006,38.40891089108911,1.3963775781627425,1.0461635466933765,1.2289479032394073,1.2178032424605143,0.9302485689830637,0.6967737639288583,1.0490199928358708
12,4,Frank Ntilikina,19.8,NY,PG/SG,4500,32.5,24.2,5.37,30.666666666666668,21.740000000000002,25.64673913043478,0.07737566072678036,0.9397265593457238,0.15531934431426128,-0.09267912669615498,0.8500342547096702,-0.1555373444149253,-0.0031172351180043783
12,5,Paul George,37.8,LAC,SF/PF,8500,33.0,47.65,5.625,31.0,45.11,50.7241935483871,2.2253336443290945,0.9929450530195502,2.2649815360787744,2.048997304575967,1.1057173814561148,1.2782570434531215,1.7202643928630639
12,6,Nikola Jokic,35.3,DEN,C,9200,32.0,52.349999999999994,5.695,32.0,44.769999999999996,52.349999999999994,2.6558412146033317,0.8865080656718974,2.4017538872484834,2.017838982512102,1.175904906445335,1.079118934027004,2.0328631415403557
12,7,Kevin Knox,17.8,NY,SF/PF,3400,29.0,22.25,6.550000000000001,15.0,15.85,43.016666666666666,-0.1012391822593395,0.567197103628939,1.6165792786816318,-0.6324512353907551,2.033195390242238,-0.31484783195581945,-0.165652538294223
13,0,Patrick Beverley,29.3,LAC,PG/SG,4800,30.5,24.5,5.1,33.333333333333336,25.36,22.4175,0.10485486734002965,0.7268525846504182,-0.11634314535086995,0.23906536116028823,0.5793109440369637,0.6011874714043218,0.03217695603495538
13,1,Tyler Johnson,11.5,PHO,PG/SG,4200,30.0,21.8,5.18,25.333333333333332,16.06,25.815789473684212,-0.1424579921792133,0.6736340909765919,0.16954084828807883,-0.6132063894101328,0.6595252583103581,-0.816675867709636,-0.16278077556162454
13,2,Paul George,37.8,LAC,SF/PF,8500,33.0,47.65,5.625,31.0,45.11,50.7241935483871,2.2253336443290945,0.9929450530195502,2.2649815360787744,2.048997304575967,1.1057173814561148,1.2782570434531215,1.7202643928630639
13,3,Kevin Knox,17.8,NY,SF/PF,3400,29.0,22.25,6.550000000000001,15.0,15.85,43.016666666666666,-0.1012391822593395,0.567197103628939,1.6165792786816318,-0.6324512353907551,2.033195390242238,-0.31484783195581945,-0.165652538294223
13,4,Lou Williams,28.8,LAC,PG/SG,7000,31.5,35.8,5.13,34.666666666666664,36.7,32.52980769230769,1.1399049831057502,0.8332895719980711,0.7343633440079079,1.2782870441138987,0.6093913118894868,0.5613598495190982,0.8615545471309797
13,5,Julius Randle,30.5,NY,PF/C,7100,33.5,38.599999999999994,5.449999999999999,33.666666666666664,36.040000000000006,38.40891089108911,1.3963775781627425,1.0461635466933765,1.2289479032394073,1.2178032424605143,0.9302485689830637,0.6967737639288583,1.0490199928358708
13,6,Jarrett Allen,35.5,BKN,C,6200,27.0,27.0,4.335,26.333333333333332,29.46,27.683544303797472,0.33384825578377314,0.3543231289336335,0.3266673126773316,0.6147980684010116,-0.18773843620236974,1.0950499827810936,0.2977555524779062
13,7,Buddy Hield,28.5,SAC,SG/SF,7200,34.5,40.7,5.665,32.666666666666664,34.54,42.984183673469396,1.588732024455488,1.1526005340410295,1.6138466192385519,1.0803400568846393,1.1458245385928119,0.5374632763879641,1.1894709792778904
14,0,Will Barton,41.5,DEN,PG/SF,5800,31.0,28.8,4.965,31.333333333333332,30.5,28.4936170212766,0.49872349546326855,0.7800710783242446,0.39481536934062017,0.710105877066951,0.4439492887006109,1.572981445403776,0.37353154329407445
14,1,Buddy Hield,28.5,SAC,SG/SF,7200,34.5,40.7,5.665,32.666666666666664,34.54,42.984183673469396,1.588732024455488,1.1526005340410295,1.6138466192385519,1.0803400568846393,1.1458245385928119,0.5374632763879641,1.1894709792778904
14,2,Harrison Barnes,32.5,SAC,SF/PF,5700,34.5,27.65,4.835,35.0,27.25,27.255,0.39338653677914637,1.1526005340410295,0.29061565846436005,0.41226897498588994,0.31360102800634515,0.8560842514697523,0.29579442736445194
14,3,Juancho Hernangomez,0.3,DEN,SF/PF,3100,17.5,13.1,4.21,16.333333333333332,10.440000000000001,14.035714285714286,-0.9393549839634407,-0.656828250869068,-0.8214680007764613,-1.1282351247010751,-0.3130733022545485,-1.708814597938643,-0.7406902385897535
14,4,Gary Harris,11.8,DEN,SG,4100,33.0,24.0,5.87,33.666666666666664,21.759999999999998,23.524752475247528,0.05905618965128095,0.9929450530195502,-0.02319458868974614,-0.09084628422181035,1.3513737189183852,-0.7927792945785018,-0.06891122734173585
14,5,Kevin Knox,17.8,NY,SF/PF,3400,29.0,22.25,6.550000000000001,15.0,15.85,43.016666666666666,-0.1012391822593395,0.567197103628939,1.6165792786816318,-0.6324512353907551,2.033195390242238,-0.31484783195581945,-0.165652538294223
14,6,Nikola Jokic,35.3,DEN,C,9200,32.0,52.349999999999994,5.695,32.0,44.769999999999996,52.349999999999994,2.6558412146033317,0.8865080656718974,2.4017538872484834,2.017838982512102,1.175904906445335,1.079118934027004,2.0328631415403557
14,7,Paul George,37.8,LAC,SF/PF,8500,33.0,47.65,5.625,31.0,45.11,50.7241935483871,2.2253336443290945,0.9929450530195502,2.2649815360787744,2.048997304575967,1.1057173814561148,1.2782570434531215,1.7202643928630639
15,0,Lou Williams,28.8,LAC,PG/SG,7000,31.5,35.8,5.13,34.666666666666664,36.7,32.52980769230769,1.1399049831057502,0.8332895719980711,0.7343633440079079,1.2782870441138987,0.6093913118894868,0.5613598495190982,0.8615545471309797
15,1,Frank Ntilikina,19.8,NY,PG/SG,4500,32.5,24.2,5.37,30.666666666666668,21.740000000000002,25.64673913043478,0.07737566072678036,0.9397265593457238,0.15531934431426128,-0.09267912669615498,0.8500342547096702,-0.1555373444149253,-0.0031172351180043783
15,2,E'Twaun Moore,25.3,NO,SG/SF,4400,20.0,18.65,4.215,23.333333333333332,18.95,15.985714285714286,-0.4309896616183303,-0.390735782499936,-0.6574225914866012,-0.3483606518672815,-0.30805990761246144,0.28256649632253356,-0.3379629863371104
15,3,Kevin Knox,17.8,NY,SF/PF,3400,29.0,22.25,6.550000000000001,15.0,15.85,43.016666666666666,-0.1012391822593395,0.567197103628939,1.6165792786816318,-0.6324512353907551,2.033195390242238,-0.31484783195581945,-0.165652538294223
15,4,Tyler Johnson,11.5,PHO,PG/SG,4200,30.0,21.8,5.18,25.333333333333332,16.06,25.815789473684212,-0.1424579921792133,0.6736340909765919,0.16954084828807883,-0.6132063894101328,0.6595252583103581,-0.816675867709636,-0.16278077556162454
15,5,Paul George,37.8,LAC,SF/PF,8500,33.0,47.65,5.625,31.0,45.11,50.7241935483871,2.2253336443290945,0.9929450530195502,2.2649815360787744,2.048997304575967,1.1057173814561148,1.2782570434531215,1.7202643928630639
15,6,Nikola Jokic,35.3,DEN,C,9200,32.0,52.349999999999994,5.695,32.0,44.769999999999996,52.349999999999994,2.6558412146033317,0.8865080656718974,2.4017538872484834,2.017838982512102,1.175904906445335,1.079118934027004,2.0328631415403557
15,7,Kelly Oubre Jr.,18.3,PHO,SF/PF,6600,35.5,32.9,5.0,35.0,35.3,33.37,0.8742726525110077,1.2590375213886822,0.8050452368271779,1.1499880709097487,0.4790430511952211,-0.2750202100705959,0.6832238854595996
16,0,Patrick Beverley,29.3,LAC,PG/SG,4800,30.5,24.5,5.1,33.333333333333336,25.36,22.4175,0.10485486734002965,0.7268525846504182,-0.11634314535086995,0.23906536116028823,0.5793109440369637,0.6011874714043218,0.03217695603495538
16,1,Buddy Hield,28.5,SAC,SG/SF,7200,34.5,40.7,5.665,32.666666666666664,34.54,42.984183673469396,1.588732024455488,1.1526005340410295,1.6138466192385519,1.0803400568846393,1.1458245385928119,0.5374632763879641,1.1894709792778904
16,2,Dario Saric,47.8,PHO,SF/PF,4500,24.5,21.35,4.715,23.666666666666668,22.370000000000005,22.10176056338028,-0.18367680209908704,0.08823066056450152,-0.1429049941248349,-0.03494458875428751,0.19327955659625345,2.074809481157592,-0.1583709140481967
16,3,Thomas Bryant,25.5,WAS,PF/C,6700,29.5,32.9,4.92,28.0,32.339999999999996,34.6625,0.8742726525110077,0.6204155973027654,0.9137778991385344,0.8787273847066899,0.39882873692182663,0.2984975450766229,0.6840128068337599
16,4,Bradley Beal,35.8,WAS,SG,10200,38.0,51.7,5.0649999999999995,39.0,52.339999999999996,50.374358974358984,2.5963029336079595,1.525129989757814,2.235551404858166,2.7115698590516812,0.5442171815423535,1.1189465559122274,2.058331157419932
16,5,Moritz Wagner,32.3,WAS,PF/C,4600,18.0,19.15,4.145,20.0,22.93,17.235,-0.3851909839295816,-0.6036097571952416,-0.5523253677327677,0.0163750005273718,-0.3782474326016818,0.8401532027156627,-0.2832944174297461
16,6,Taj Gibson,21.5,NY,PF/C,4000,13.5,15.75,3.9299999999999997,14.333333333333334,14.330000000000002,14.834302325581394,-0.6966219922130726,-1.0825762002596793,-0.7542861023898014,-0.7717472634409742,-0.593823402211429,-0.020123430005165355,-0.5293065219980979
16,7,Montrezl Harrell,59.5,LAC,PF/C,6300,30.0,31.55,5.01,32.0,35.25,29.578125,0.7506162227513864,0.6736340909765919,0.48605052587795317,1.1454059647238866,0.48906984047939517,3.0067758332718233,0.5698787506183014
17,0,Lou Williams,28.8,LAC,PG/SG,7000,31.5,35.8,5.13,34.666666666666664,36.7,32.52980769230769,1.1399049831057502,0.8332895719980711,0.7343633440079079,1.2782870441138987,0.6093913118894868,0.5613598495190982,0.8615545471309797
17,1,Gary Harris,11.8,DEN,SG,4100,33.0,24.0,5.87,33.666666666666664,21.759999999999998,23.524752475247528,0.05905618965128095,0.9929450530195502,-0.02319458868974614,-0.09084628422181035,1.3513737189183852,-0.7927792945785018,-0.06891122734173585
17,2,C.J. Miles,3.8,WAS,SG/SF,3200,13.0,12.35,3.86,15.666666666666666,13.170000000000002,10.247872340425532,-1.0080530004965638,-1.1357946939335055,-1.1401234275663044,-0.8780521269529837,-0.664010927200649,-1.4300212447420784,-0.7753259210168395
17,3,Julius Randle,30.5,NY,PF/C,7100,33.5,38.599999999999994,5.449999999999999,33.666666666666664,36.040000000000006,38.40891089108911,1.3963775781627425,1.0461635466933765,1.2289479032394073,1.2178032424605143,0.9302485689830637,0.6967737639288583,1.0490199928358708
17,4,Frank Ntilikina,19.8,NY,PG/SG,4500,32.5,24.2,5.37,30.666666666666668,21.740000000000002,25.64673913043478,0.07737566072678036,0.9397265593457238,0.15531934431426128,-0.09267912669615498,0.8500342547096702,-0.1555373444149253,-0.0031172351180043783
17,5,Kelly Oubre Jr.,18.3,PHO,SF/PF,6600,35.5,32.9,5.0,35.0,35.3,33.37,0.8742726525110077,1.2590375213886822,0.8050452368271779,1.1499880709097487,0.4790430511952211,-0.2750202100705959,0.6832238854595996
17,6,Bobby Portis,10.0,NY,PF/C,4200,20.0,21.200000000000003,5.04,22.333333333333332,22.0,18.985074626865675,-0.19741640540571154,-0.390735782499936,-0.4050988505779066,-0.06885217452967027,0.5191502083319183,-0.9361587333653066,-0.21557381255694244
17,7,Paul George,37.8,LAC,SF/PF,8500,33.0,47.65,5.625,31.0,45.11,50.7241935483871,2.2253336443290945,0.9929450530195502,2.2649815360787744,2.048997304575967,1.1057173814561148,1.2782570434531215,1.7202643928630639
18,0,Patrick Beverley,29.3,LAC,PG/SG,4800,30.5,24.5,5.1,33.333333333333336,25.36,22.4175,0.10485486734002965,0.7268525846504182,-0.11634314535086995,0.23906536116028823,0.5793109440369637,0.6011874714043218,0.03217695603495538
18,1,Jerome Robinson,11.3,LAC,SG,3100,0.0,1.5,0.485,10.333333333333334,6.9799999999999995,0.0,-2.0018843063424105,-2.5194755294529916,-2.002234408302378,-1.4453168727627588,-4.048052310609474,-0.8326069164637253,-1.286166177319573
18,2,Brandon Ingram,44.0,NO,SF/PF,8400,34.0,39.75,4.71,34.666666666666664,45.47,38.98557692307693,1.5017145368468652,1.099382040367203,1.2774604238758183,2.081988469114177,0.18826616195416643,1.7721195548298936,1.2170368052351077
18,3,Cheick Diallo,32.0,PHO,PF/C,3500,14.0,14.75,4.2,9.666666666666666,8.93,21.362068965517242,-0.78821934759057,-1.0293577065858528,-0.20513217921186722,-1.266614731514122,-0.32310009153872254,0.8162566295845288,-0.6007369920842817
18,4,Jrue Holiday,32.8,NO,PG/SG,7900,35.0,38.65,4.885,36.0,41.17,37.576388888888886,1.4009574459316179,1.2058190277148557,1.1589112813964588,1.687927337130004,0.3637349744272165,0.8799808246008862,1.1112188002768166
18,5,Richaun Holmes,43.0,SAC,PF/C,6200,29.5,32.45,5.23,29.0,28.869999999999997,33.00948275862069,0.8330538425911342,0.6204155973027654,0.7747164171255781,0.560729215407834,0.7096592047312303,1.6924643110594466,0.6102282576227571
18,6,Mitchell Robinson,14.3,NY,C,4700,24.5,29.35,6.225,20.0,25.97,35.95375,0.5491020409208922,0.08823066056450152,1.022405404136243,0.2949670566278104,1.7073247385065722,-0.5936411851523842,0.3228728825286228
18,7,Paul Millsap,30.3,DEN,PF/C,5900,28.0,29.45,5.0,28.333333333333332,29.25,29.10352941176471,0.5582617764586417,0.46076011628128627,0.4461247681757891,0.5955532224203891,0.4790430511952211,0.6808427151747689,0.41117456100386723
19,0,Jamal Murray,39.3,DEN,PG/SG,7300,33.0,35.05,4.795,34.0,36.45,34.01911764705882,1.071206966572627,0.9929450530195502,0.8596528112318116,1.2553765131845862,0.27349387086964794,1.397739909108792,0.8479435224166026
19,1,Bradley Beal,35.8,WAS,SG,10200,38.0,51.7,5.0649999999999995,39.0,52.339999999999996,50.374358974358984,2.5963029336079595,1.525129989757814,2.235551404858166,2.7115698590516812,0.5442171815423535,1.1189465559122274,2.058331157419932
19,2,C.J. Miles,3.8,WAS,SG/SF,3200,13.0,12.35,3.86,15.666666666666666,13.170000000000002,10.247872340425532,-1.0080530004965638,-1.1357946939335055,-1.1401234275663044,-0.8780521269529837,-0.664010927200649,-1.4300212447420784,-0.7753259210168395
19,3,Rui Hachimura,15.5,WAS,PF,5000,25.5,23.3,4.675,25.0,23.580000000000002,23.766000000000002,-0.005061959112967171,0.1946676479121543,-0.0028994353881126723,0.07594238094358421,0.15317239945955624,-0.49805489262784775,-0.013237969230193753
19,4,Monte Morris,19.8,DEN,PG,3300,15.5,14.65,4.45,15.333333333333334,15.329999999999998,14.809239130434783,-0.7973790831283197,-0.8697022255643736,-0.7563945650082309,-0.680105139723725,-0.07243035943436511,-0.1555373444149253,-0.642483167558009
19,5,Moe Harkless,10.0,LAC,SF/PF,3700,24.5,17.25,4.665,24.0,15.489999999999998,17.609375,-0.5592259591468265,0.08823066056450152,-0.5208307522953874,-0.665442399928965,0.14314561017538216,-0.9361587333653066,-0.4672781812972624
19,6,Jerami Grant,11.3,DEN,PF/C,3700,20.0,17.15,4.630000000000001,20.0,17.189999999999998,17.15,-0.5683856946845764,-0.390735782499936,-0.5594760650607873,-0.5096507896096409,0.10805184768077286,-0.8326069164637253,-0.4718625562934922
19,7,Moritz Wagner,32.3,WAS,PF/C,4600,18.0,19.15,4.145,20.0,22.93,17.235,-0.3851909839295816,-0.6036097571952416,-0.5523253677327677,0.0163750005273718,-0.3782474326016818,0.8401532027156627,-0.2832944174297461
20,0,Nickeil Alexander-Walker,4.8,NO,PG/SG,3500,0.0,8.0,2.285,15.0,13.84,0.0,-1.4065014963886775,-2.5194755294529916,-2.002234408302378,-0.8166519040624267,-2.2432302394581005,-1.3503660009716312,-0.9886731433812603
20,1,Spencer Dinwiddie,42.5,BKN,PG/SG,7700,34.5,39.05,5.085,31.0,34.45,43.45887096774193,1.4375963880826166,1.1526005340410295,1.6537800917891334,1.072092265750087,0.5642707601107025,1.652636689174223,1.13122805696606
20,2,Iman Shumpert,8.0,BKN,SG/SF,3400,20.0,14.5,4.255,20.0,11.459999999999999,14.5,-0.8111186864349444,-0.390735782499936,-0.7824095699931614,-1.0347601585094808,-0.2679527504757642,-1.0954692209062007,-0.644654317486991
20,3,Moe Harkless,10.0,LAC,SF/PF,3700,24.5,17.25,4.665,24.0,15.489999999999998,17.609375,-0.5592259591468265,0.08823066056450152,-0.5208307522953874,-0.665442399928965,0.14314561017538216,-0.9361587333653066,-0.4672781812972624
20,4,Troy Brown,9.0,WAS,SG/SF,4000,22.0,19.0,4.745,22.0,18.979999999999997,19.0,-0.39893058723620606,-0.17786180780463046,-0.4038432408627147,-0.34561138815576425,0.22335992444877661,-1.0158139771357537,-0.3433179757303761
20,5,Taurean Prince,36.8,BKN,SF/PF,5300,30.5,25.75,4.835,28.666666666666668,25.130000000000003,27.396802325581394,0.21935156156190141,0.7268525846504182,0.3025448997660287,0.2179876727053211,0.31360102800634515,1.1986017996826746,0.16164601722072625
20,6,Jarrett Allen,35.5,BKN,C,6200,27.0,27.0,4.335,26.333333333333332,29.46,27.683544303797472,0.33384825578377314,0.3543231289336335,0.3266673126773316,0.6147980684010116,-0.18773843620236974,1.0950499827810936,0.2977555524779062
20,7,Montrezl Harrell,59.5,LAC,PF/C,6300,30.0,31.55,5.01,32.0,35.25,29.578125,0.7506162227513864,0.6736340909765919,0.48605052587795317,1.1454059647238866,0.48906984047939517,3.0067758332718233,0.5698787506183014
21,0,Monte Morris,19.8,DEN,PG,3300,15.5,14.65,4.45,15.333333333333334,15.329999999999998,14.809239130434783,-0.7973790831283197,-0.8697022255643736,-0.7563945650082309,-0.680105139723725,-0.07243035943436511,-0.1555373444149253,-0.642483167558009
21,1,Jamal Murray,39.3,DEN,PG/SG,7300,33.0,35.05,4.795,34.0,36.45,34.01911764705882,1.071206966572627,0.9929450530195502,0.8596528112318116,1.2553765131845862,0.27349387086964794,1.397739909108792,0.8479435224166026
21,2,Kevin Knox,17.8,NY,SF/PF,3400,29.0,22.25,6.550000000000001,15.0,15.85,43.016666666666666,-0.1012391822593395,0.567197103628939,1.6165792786816318,-0.6324512353907551,2.033195390242238,-0.31484783195581945,-0.165652538294223
21,3,Bobby Portis,10.0,NY,PF/C,4200,20.0,21.200000000000003,5.04,22.333333333333332,22.0,18.985074626865675,-0.19741640540571154,-0.390735782499936,-0.4050988505779066,-0.06885217452967027,0.5191502083319183,-0.9361587333653066,-0.21557381255694244
21,4,Wayne Ellington,20.8,NY,SG/SF,3600,19.5,13.65,3.775,12.333333333333334,8.97,21.581756756756754,-0.8889764385058172,-0.44395427617376243,-0.18665075683757437,-1.262949046565432,-0.7492386361161305,-0.07588210064447824,-0.6325304782214706
21,5,Torrey Craig,0.0,DEN,SG/SF,3400,0.0,7.65,2.245,13.0,9.77,0.0,-1.4385605707708016,-2.5194755294529916,-2.002234408302378,-1.1896353475916326,-2.283337396594798,-1.7327111710697773,-1.0195682060665936
21,6,Dewayne Dedmon,10.5,SAC,C,3200,13.0,13.9,4.345000000000001,13.333333333333334,12.32,13.5525,-0.8660770996614429,-1.1357946939335055,-0.8621188137378498,-0.9559479321126461,-0.17771164691819477,-0.896331111480083,-0.6995622376180543
21,7,Taj Gibson,21.5,NY,PF/C,4000,13.5,15.75,3.9299999999999997,14.333333333333334,14.330000000000002,14.834302325581394,-0.6966219922130726,-1.0825762002596793,-0.7542861023898014,-0.7717472634409742,-0.593823402211429,-0.020123430005165355,-0.5293065219980979
