Lineup Num,,Player Name,Actual FP,team,Pos,Salary,DFN_MinProj,Avg Proj,Avg Value Proj,Avg Skewed Min,Avg Skewed FP,Proj Min Enhanced,Avg Proj Stan,DFN_MinProj Stan,Proj Min Enhanced Stan,Avg Skewed FP Stan,Avg Value Proj Stan,Actual FP Stan,predictions
0,0,Dejounte Murray,34.0,SA,PG,5700,28.0,32.2,5.665,26.0,28.619999999999997,34.676923076923075,0.7211638378036598,0.5093216295762916,0.8407553673674905,0.4453228557121009,1.1189236046398552,0.7204266472594996,0.48456385413703057
0,1,Garrett Temple,22.3,BKN,SG/SF,4700,32.5,24.15,5.125,32.0,22.27,24.52734375,0.10523136210135449,0.9764304610491134,0.1231248450394704,-0.05710538751941695,0.6338930364292789,0.003675646159487381,0.03460807635580882
0,2,Paul George,59.3,LAC,SF,8500,33.5,46.3,5.4399999999999995,30.666666666666668,43.3,50.57771739130435,1.8000020871704294,1.0802324235986291,1.96502810436566,1.6068420069937834,0.9168275345521146,2.27032411117662,1.3947345300690883
0,3,LaMarcus Aldridge,46.5,SA,PF/C,7300,33.0,39.25,5.390000000000001,36.0,38.89,35.979166666666664,1.2605829624870446,1.0283314423238712,0.932831079808798,1.2579115262613436,0.87191729675484,1.4861862638193415,0.947456623230498
0,4,Donovan Mitchell,44.3,UTA,PG/SG,8000,35.0,43.95,5.5,35.0,40.57000000000001,43.95,1.6201957122759683,1.2359353674229032,1.4964123972350538,1.3908374236832262,0.9707198199088458,1.3514125713048093,1.228224629805515
0,5,Danuel House Jr.,23.8,HOU,SF/PF,4100,30.5,21.45,5.245,31.0,20.770000000000003,21.104032258064514,-0.1013546856497291,0.7688265359500814,-0.11892191718766286,-0.17578922450323983,0.7416776071427403,0.09556680014666843,-0.14060106723020485
0,6,Clint Capela,36.0,HOU,C,7600,36.0,42.65,5.595000000000001,36.0,41.010000000000005,42.65,1.520728355951372,1.3397373299724191,1.4044953188048435,1.4256513491984808,1.05604927172367,0.8429481859090743,1.1520447808888854
0,7,Danny Green,31.0,LAL,SG/SF,3900,25.5,19.65,5.01,25.666666666666668,19.25,19.522402597402596,-0.23907871748378492,0.24981672320250167,-0.23075174608505356,-0.29605551264684754,0.5305994894955448,0.5366443392851374,-0.23929887483550835
1,0,Donovan Mitchell,44.3,UTA,PG/SG,8000,35.0,43.95,5.5,35.0,40.57000000000001,43.95,1.6201957122759683,1.2359353674229032,1.4964123972350538,1.3908374236832262,0.9707198199088458,1.3514125713048093,1.228224629805515
1,1,Derrick White,31.3,SA,PG/SG,4000,22.5,19.4,4.855,24.333333333333332,19.24,17.93835616438356,-0.2582070552385149,-0.06158916444604617,-0.34275245394728826,-0.2968467382267398,0.391377752323991,0.5550225700825737,-0.25104113376473774
1,2,Paul George,59.3,LAC,SF,8500,33.5,46.3,5.4399999999999995,30.666666666666668,43.3,50.57771739130435,1.8000020871704294,1.0802324235986291,1.96502810436566,1.6068420069937834,0.9168275345521146,2.27032411117662,1.3947345300690883
1,3,LaMarcus Aldridge,46.5,SA,PF/C,7300,33.0,39.25,5.390000000000001,36.0,38.89,35.979166666666664,1.2605829624870446,1.0283314423238712,0.932831079808798,1.2579115262613436,0.87191729675484,1.4861862638193415,0.947456623230498
1,4,Garrett Temple,22.3,BKN,SG/SF,4700,32.5,24.15,5.125,32.0,22.27,24.52734375,0.10523136210135449,0.9764304610491134,0.1231248450394704,-0.05710538751941695,0.6338930364292789,0.003675646159487381,0.03460807635580882
1,5,Danuel House Jr.,23.8,HOU,SF/PF,4100,30.5,21.45,5.245,31.0,20.770000000000003,21.104032258064514,-0.1013546856497291,0.7688265359500814,-0.11892191718766286,-0.17578922450323983,0.7416776071427403,0.09556680014666843,-0.14060106723020485
1,6,Clint Capela,36.0,HOU,C,7600,36.0,42.65,5.595000000000001,36.0,41.010000000000005,42.65,1.520728355951372,1.3397373299724191,1.4044953188048435,1.4256513491984808,1.05604927172367,0.8429481859090743,1.1520447808888854
1,7,Dejounte Murray,34.0,SA,PG,5700,28.0,32.2,5.665,26.0,28.619999999999997,34.676923076923075,0.7211638378036598,0.5093216295762916,0.8407553673674905,0.4453228557121009,1.1189236046398552,0.7204266472594996,0.48456385413703057
2,0,Patrick Beverley,34.0,LAC,PG/SG,4400,29.0,23.1,5.27,26.666666666666668,24.160000000000004,25.12125,0.024892343531488847,0.6131235921258075,0.165117250702118,0.09243624708020055,0.7641327260413777,0.7204266472594996,-0.023158176555974956
2,1,George Hill,27.3,MIL,PG/SG,4300,23.5,20.200000000000003,4.695,22.666666666666668,20.6,20.942647058823532,-0.19699637442337867,0.04221279810346978,-0.13033272950774627,-0.1892400593614066,0.24766499137270898,0.3099794927834242,-0.17623696146380502
2,2,Danuel House Jr.,23.8,HOU,SF/PF,4100,30.5,21.45,5.245,31.0,20.770000000000003,21.104032258064514,-0.1013546856497291,0.7688265359500814,-0.11892191718766286,-0.17578922450323983,0.7416776071427403,0.09556680014666843,-0.14060106723020485
2,3,LaMarcus Aldridge,46.5,SA,PF/C,7300,33.0,39.25,5.390000000000001,36.0,38.89,35.979166666666664,1.2605829624870446,1.0283314423238712,0.932831079808798,1.2579115262613436,0.87191729675484,1.4861862638193415,0.947456623230498
2,4,Donovan Mitchell,44.3,UTA,PG/SG,8000,35.0,43.95,5.5,35.0,40.57000000000001,43.95,1.6201957122759683,1.2359353674229032,1.4964123972350538,1.3908374236832262,0.9707198199088458,1.3514125713048093,1.228224629805515
2,5,Paul George,59.3,LAC,SF,8500,33.5,46.3,5.4399999999999995,30.666666666666668,43.3,50.57771739130435,1.8000020871704294,1.0802324235986291,1.96502810436566,1.6068420069937834,0.9168275345521146,2.27032411117662,1.3947345300690883
2,6,Clint Capela,36.0,HOU,C,7600,36.0,42.65,5.595000000000001,36.0,41.010000000000005,42.65,1.520728355951372,1.3397373299724191,1.4044953188048435,1.4256513491984808,1.05604927172367,0.8429481859090743,1.1520447808888854
2,7,Dejounte Murray,34.0,SA,PG,5700,28.0,32.2,5.665,26.0,28.619999999999997,34.676923076923075,0.7211638378036598,0.5093216295762916,0.8407553673674905,0.4453228557121009,1.1189236046398552,0.7204266472594996,0.48456385413703057
3,0,Dejounte Murray,34.0,SA,PG,5700,28.0,32.2,5.665,26.0,28.619999999999997,34.676923076923075,0.7211638378036598,0.5093216295762916,0.8407553673674905,0.4453228557121009,1.1189236046398552,0.7204266472594996,0.48456385413703057
3,1,Danny Green,31.0,LAL,SG/SF,3900,25.5,19.65,5.01,25.666666666666668,19.25,19.522402597402596,-0.23907871748378492,0.24981672320250167,-0.23075174608505356,-0.29605551264684754,0.5305994894955448,0.5366443392851374,-0.23929887483550835
3,2,LeBron James,56.5,LAL,PG/SF,10000,36.5,54.0,5.4,35.333333333333336,55.739999999999995,55.783018867924525,2.389154890016113,1.391638311247177,2.333071261349802,2.591126628379623,0.880899344314295,2.0987939570672154,1.898417436684851
3,3,Jeff Green,12.3,UTA,SF/PF,3000,17.0,13.850000000000001,4.625,17.666666666666668,13.41,13.327358490566038,-0.6828561533935199,-0.6324999584683839,-0.6687750961209813,-0.7581312513038657,0.1847906584565229,-0.6089320470883862,-0.5841224724312346
3,4,Patrick Beverley,34.0,LAC,PG/SG,4400,29.0,23.1,5.27,26.666666666666668,24.160000000000004,25.12125,0.024892343531488847,0.6131235921258075,0.165117250702118,0.09243624708020055,0.7641327260413777,0.7204266472594996,-0.023158176555974956
3,5,LaMarcus Aldridge,46.5,SA,PF/C,7300,33.0,39.25,5.390000000000001,36.0,38.89,35.979166666666664,1.2605829624870446,1.0283314423238712,0.932831079808798,1.2579115262613436,0.87191729675484,1.4861862638193415,0.947456623230498
3,6,Clint Capela,36.0,HOU,C,7600,36.0,42.65,5.595000000000001,36.0,41.010000000000005,42.65,1.520728355951372,1.3397373299724191,1.4044953188048435,1.4256513491984808,1.05604927172367,0.8429481859090743,1.1520447808888854
3,7,Donovan Mitchell,44.3,UTA,PG/SG,8000,35.0,43.95,5.5,35.0,40.57000000000001,43.95,1.6201957122759683,1.2359353674229032,1.4964123972350538,1.3908374236832262,0.9707198199088458,1.3514125713048093,1.228224629805515
4,0,LeBron James,56.5,LAL,PG/SF,10000,36.5,54.0,5.4,35.333333333333336,55.739999999999995,55.783018867924525,2.389154890016113,1.391638311247177,2.333071261349802,2.591126628379623,0.880899344314295,2.0987939570672154,1.898417436684851
4,1,Danny Green,31.0,LAL,SG/SF,3900,25.5,19.65,5.01,25.666666666666668,19.25,19.522402597402596,-0.23907871748378492,0.24981672320250167,-0.23075174608505356,-0.29605551264684754,0.5305994894955448,0.5366443392851374,-0.23929887483550835
4,2,DeMar DeRozan,26.0,SA,SG/SF,7000,32.5,36.3,5.18,34.666666666666664,36.379999999999995,34.03125,1.0348685769812307,0.9764304610491134,0.795102765173788,1.0593139057084127,0.6832942980062817,0.2303404926612006,0.7859432899578821
4,3,Danuel House Jr.,23.8,HOU,SF/PF,4100,30.5,21.45,5.245,31.0,20.770000000000003,21.104032258064514,-0.1013546856497291,0.7688265359500814,-0.11892191718766286,-0.17578922450323983,0.7416776071427403,0.09556680014666843,-0.14060106723020485
4,4,Patrick Beverley,34.0,LAC,PG/SG,4400,29.0,23.1,5.27,26.666666666666668,24.160000000000004,25.12125,0.024892343531488847,0.6131235921258075,0.165117250702118,0.09243624708020055,0.7641327260413777,0.7204266472594996,-0.023158176555974956
4,5,LaMarcus Aldridge,46.5,SA,PF/C,7300,33.0,39.25,5.390000000000001,36.0,38.89,35.979166666666664,1.2605829624870446,1.0283314423238712,0.932831079808798,1.2579115262613436,0.87191729675484,1.4861862638193415,0.947456623230498
4,6,Clint Capela,36.0,HOU,C,7600,36.0,42.65,5.595000000000001,36.0,41.010000000000005,42.65,1.520728355951372,1.3397373299724191,1.4044953188048435,1.4256513491984808,1.05604927172367,0.8429481859090743,1.1520447808888854
4,7,Dejounte Murray,34.0,SA,PG,5700,28.0,32.2,5.665,26.0,28.619999999999997,34.676923076923075,0.7211638378036598,0.5093216295762916,0.8407553673674905,0.4453228557121009,1.1189236046398552,0.7204266472594996,0.48456385413703057
5,0,Patrick Beverley,34.0,LAC,PG/SG,4400,29.0,23.1,5.27,26.666666666666668,24.160000000000004,25.12125,0.024892343531488847,0.6131235921258075,0.165117250702118,0.09243624708020055,0.7641327260413777,0.7204266472594996,-0.023158176555974956
5,1,Donovan Mitchell,44.3,UTA,PG/SG,8000,35.0,43.95,5.5,35.0,40.57000000000001,43.95,1.6201957122759683,1.2359353674229032,1.4964123972350538,1.3908374236832262,0.9707198199088458,1.3514125713048093,1.228224629805515
5,2,Danny Green,31.0,LAL,SG/SF,3900,25.5,19.65,5.01,25.666666666666668,19.25,19.522402597402596,-0.23907871748378492,0.24981672320250167,-0.23075174608505356,-0.29605551264684754,0.5305994894955448,0.5366443392851374,-0.23929887483550835
5,3,Montrezl Harrell,29.5,LAC,PF/C,6100,28.5,31.35,5.125,29.0,33.95,30.80948275862069,0.6561274894375777,0.5612226108510495,0.5673062788586007,0.8670460897946196,0.6338930364292789,0.4447531852979564,0.49844809509050986
5,4,Dejounte Murray,34.0,SA,PG,5700,28.0,32.2,5.665,26.0,28.619999999999997,34.676923076923075,0.7211638378036598,0.5093216295762916,0.8407553673674905,0.4453228557121009,1.1189236046398552,0.7204266472594996,0.48456385413703057
5,5,Danuel House Jr.,23.8,HOU,SF/PF,4100,30.5,21.45,5.245,31.0,20.770000000000003,21.104032258064514,-0.1013546856497291,0.7688265359500814,-0.11892191718766286,-0.17578922450323983,0.7416776071427403,0.09556680014666843,-0.14060106723020485
5,6,Clint Capela,36.0,HOU,C,7600,36.0,42.65,5.595000000000001,36.0,41.010000000000005,42.65,1.520728355951372,1.3397373299724191,1.4044953188048435,1.4256513491984808,1.05604927172367,0.8429481859090743,1.1520447808888854
5,7,LeBron James,56.5,LAL,PG/SF,10000,36.5,54.0,5.4,35.333333333333336,55.739999999999995,55.783018867924525,2.389154890016113,1.391638311247177,2.333071261349802,2.591126628379623,0.880899344314295,2.0987939570672154,1.898417436684851
6,0,LeBron James,56.5,LAL,PG/SF,10000,36.5,54.0,5.4,35.333333333333336,55.739999999999995,55.783018867924525,2.389154890016113,1.391638311247177,2.333071261349802,2.591126628379623,0.880899344314295,2.0987939570672154,1.898417436684851
6,1,Garrett Temple,22.3,BKN,SG/SF,4700,32.5,24.15,5.125,32.0,22.27,24.52734375,0.10523136210135449,0.9764304610491134,0.1231248450394704,-0.05710538751941695,0.6338930364292789,0.003675646159487381,0.03460807635580882
6,2,Paul George,59.3,LAC,SF,8500,33.5,46.3,5.4399999999999995,30.666666666666668,43.3,50.57771739130435,1.8000020871704294,1.0802324235986291,1.96502810436566,1.6068420069937834,0.9168275345521146,2.27032411117662,1.3947345300690883
6,3,Danuel House Jr.,23.8,HOU,SF/PF,4100,30.5,21.45,5.245,31.0,20.770000000000003,21.104032258064514,-0.1013546856497291,0.7688265359500814,-0.11892191718766286,-0.17578922450323983,0.7416776071427403,0.09556680014666843,-0.14060106723020485
6,4,Dejounte Murray,34.0,SA,PG,5700,28.0,32.2,5.665,26.0,28.619999999999997,34.676923076923075,0.7211638378036598,0.5093216295762916,0.8407553673674905,0.4453228557121009,1.1189236046398552,0.7204266472594996,0.48456385413703057
6,5,P.J. Tucker,34.5,HOU,SF/PF,4700,36.0,24.15,5.13,37.666666666666664,25.369999999999997,23.08141592920354,0.10523136210135449,1.3397373299724191,0.02088987510980057,0.18817454224715074,0.6383840602090063,0.7510570319218932,0.052111183427154296
6,6,Clint Capela,36.0,HOU,C,7600,36.0,42.65,5.595000000000001,36.0,41.010000000000005,42.65,1.520728355951372,1.3397373299724191,1.4044953188048435,1.4256513491984808,1.05604927172367,0.8429481859090743,1.1520447808888854
6,7,Patrick Beverley,34.0,LAC,PG/SG,4400,29.0,23.1,5.27,26.666666666666668,24.160000000000004,25.12125,0.024892343531488847,0.6131235921258075,0.165117250702118,0.09243624708020055,0.7641327260413777,0.7204266472594996,-0.023158176555974956
7,0,Donovan Mitchell,44.3,UTA,PG/SG,8000,35.0,43.95,5.5,35.0,40.57000000000001,43.95,1.6201957122759683,1.2359353674229032,1.4964123972350538,1.3908374236832262,0.9707198199088458,1.3514125713048093,1.228224629805515
7,1,Garrett Temple,22.3,BKN,SG/SF,4700,32.5,24.15,5.125,32.0,22.27,24.52734375,0.10523136210135449,0.9764304610491134,0.1231248450394704,-0.05710538751941695,0.6338930364292789,0.003675646159487381,0.03460807635580882
7,2,LeBron James,56.5,LAL,PG/SF,10000,36.5,54.0,5.4,35.333333333333336,55.739999999999995,55.783018867924525,2.389154890016113,1.391638311247177,2.333071261349802,2.591126628379623,0.880899344314295,2.0987939570672154,1.898417436684851
7,3,Danuel House Jr.,23.8,HOU,SF/PF,4100,30.5,21.45,5.245,31.0,20.770000000000003,21.104032258064514,-0.1013546856497291,0.7688265359500814,-0.11892191718766286,-0.17578922450323983,0.7416776071427403,0.09556680014666843,-0.14060106723020485
7,4,Patrick Beverley,34.0,LAC,PG/SG,4400,29.0,23.1,5.27,26.666666666666668,24.160000000000004,25.12125,0.024892343531488847,0.6131235921258075,0.165117250702118,0.09243624708020055,0.7641327260413777,0.7204266472594996,-0.023158176555974956
7,5,Jabari Parker,43.3,ATL,SF/PF,5500,24.5,26.3,4.76,25.0,28.400000000000006,25.774,0.26973506679203235,0.14601476065298571,0.21127022989082542,0.4279158929544742,0.3060483005091668,1.2901518019800218,0.20403398681153037
7,6,Clint Capela,36.0,HOU,C,7600,36.0,42.65,5.595000000000001,36.0,41.010000000000005,42.65,1.520728355951372,1.3397373299724191,1.4044953188048435,1.4256513491984808,1.05604927172367,0.8429481859090743,1.1520447808888854
7,7,Dejounte Murray,34.0,SA,PG,5700,28.0,32.2,5.665,26.0,28.619999999999997,34.676923076923075,0.7211638378036598,0.5093216295762916,0.8407553673674905,0.4453228557121009,1.1189236046398552,0.7204266472594996,0.48456385413703057
8,0,Dejounte Murray,34.0,SA,PG,5700,28.0,32.2,5.665,26.0,28.619999999999997,34.676923076923075,0.7211638378036598,0.5093216295762916,0.8407553673674905,0.4453228557121009,1.1189236046398552,0.7204266472594996,0.48456385413703057
8,1,Donovan Mitchell,44.3,UTA,PG/SG,8000,35.0,43.95,5.5,35.0,40.57000000000001,43.95,1.6201957122759683,1.2359353674229032,1.4964123972350538,1.3908374236832262,0.9707198199088458,1.3514125713048093,1.228224629805515
8,2,Sterling Brown,7.0,MIL,SG/SF,3500,19.5,15.75,4.5,19.0,15.069999999999999,16.164473684210527,-0.5374807864575722,-0.372995052094594,-0.468175603990396,-0.6267878050417682,0.07251506396333392,-0.9336141245097593,-0.4509997888582743
8,3,P.J. Tucker,34.5,HOU,SF/PF,4700,36.0,24.15,5.13,37.666666666666664,25.369999999999997,23.08141592920354,0.10523136210135449,1.3397373299724191,0.02088987510980057,0.18817454224715074,0.6383840602090063,0.7510570319218932,0.052111183427154296
8,4,Patrick Beverley,34.0,LAC,PG/SG,4400,29.0,23.1,5.27,26.666666666666668,24.160000000000004,25.12125,0.024892343531488847,0.6131235921258075,0.165117250702118,0.09243624708020055,0.7641327260413777,0.7204266472594996,-0.023158176555974956
8,5,Paul George,59.3,LAC,SF,8500,33.5,46.3,5.4399999999999995,30.666666666666668,43.3,50.57771739130435,1.8000020871704294,1.0802324235986291,1.96502810436566,1.6068420069937834,0.9168275345521146,2.27032411117662,1.3947345300690883
8,6,LaMarcus Aldridge,46.5,SA,PF/C,7300,33.0,39.25,5.390000000000001,36.0,38.89,35.979166666666664,1.2605829624870446,1.0283314423238712,0.932831079808798,1.2579115262613436,0.87191729675484,1.4861862638193415,0.947456623230498
8,7,Clint Capela,36.0,HOU,C,7600,36.0,42.65,5.595000000000001,36.0,41.010000000000005,42.65,1.520728355951372,1.3397373299724191,1.4044953188048435,1.4256513491984808,1.05604927172367,0.8429481859090743,1.1520447808888854
9,0,Dejounte Murray,34.0,SA,PG,5700,28.0,32.2,5.665,26.0,28.619999999999997,34.676923076923075,0.7211638378036598,0.5093216295762916,0.8407553673674905,0.4453228557121009,1.1189236046398552,0.7204266472594996,0.48456385413703057
9,1,Patrick Beverley,34.0,LAC,PG/SG,4400,29.0,23.1,5.27,26.666666666666668,24.160000000000004,25.12125,0.024892343531488847,0.6131235921258075,0.165117250702118,0.09243624708020055,0.7641327260413777,0.7204266472594996,-0.023158176555974956
9,2,LeBron James,56.5,LAL,PG/SF,10000,36.5,54.0,5.4,35.333333333333336,55.739999999999995,55.783018867924525,2.389154890016113,1.391638311247177,2.333071261349802,2.591126628379623,0.880899344314295,2.0987939570672154,1.898417436684851
9,3,Danuel House Jr.,23.8,HOU,SF/PF,4100,30.5,21.45,5.245,31.0,20.770000000000003,21.104032258064514,-0.1013546856497291,0.7688265359500814,-0.11892191718766286,-0.17578922450323983,0.7416776071427403,0.09556680014666843,-0.14060106723020485
9,4,Garrett Temple,22.3,BKN,SG/SF,4700,32.5,24.15,5.125,32.0,22.27,24.52734375,0.10523136210135449,0.9764304610491134,0.1231248450394704,-0.05710538751941695,0.6338930364292789,0.003675646159487381,0.03460807635580882
9,5,Paul George,59.3,LAC,SF,8500,33.5,46.3,5.4399999999999995,30.666666666666668,43.3,50.57771739130435,1.8000020871704294,1.0802324235986291,1.96502810436566,1.6068420069937834,0.9168275345521146,2.27032411117662,1.3947345300690883
9,6,Brook Lopez,31.5,MIL,C,4200,24.0,21.75,5.17,24.666666666666668,23.09,21.16216216216216,-0.07840068034405308,0.09411377937822775,-0.11481181645375206,0.007775110031739732,0.6743122504468269,0.5672747239475311,-0.11479689544639142
9,7,Donovan Mitchell,44.3,UTA,PG/SG,8000,35.0,43.95,5.5,35.0,40.57000000000001,43.95,1.6201957122759683,1.2359353674229032,1.4964123972350538,1.3908374236832262,0.9707198199088458,1.3514125713048093,1.228224629805515
10,0,Dejounte Murray,34.0,SA,PG,5700,28.0,32.2,5.665,26.0,28.619999999999997,34.676923076923075,0.7211638378036598,0.5093216295762916,0.8407553673674905,0.4453228557121009,1.1189236046398552,0.7204266472594996,0.48456385413703057
10,1,Patrick Beverley,34.0,LAC,PG/SG,4400,29.0,23.1,5.27,26.666666666666668,24.160000000000004,25.12125,0.024892343531488847,0.6131235921258075,0.165117250702118,0.09243624708020055,0.7641327260413777,0.7204266472594996,-0.023158176555974956
10,2,Khris Middleton,26.0,MIL,SG/SF,6300,29.0,32.95,5.25,27.666666666666668,33.17,34.537951807228914,0.7785488510678497,0.6131235921258075,0.8309293419090105,0.8053304945630315,0.7461686309224678,0.2303404926612006,0.583000916344188
10,3,Jeff Green,12.3,UTA,SF/PF,3000,17.0,13.850000000000001,4.625,17.666666666666668,13.41,13.327358490566038,-0.6828561533935199,-0.6324999584683839,-0.6687750961209813,-0.7581312513038657,0.1847906584565229,-0.6089320470883862,-0.5841224724312346
10,4,Garrett Temple,22.3,BKN,SG/SF,4700,32.5,24.15,5.125,32.0,22.27,24.52734375,0.10523136210135449,0.9764304610491134,0.1231248450394704,-0.05710538751941695,0.6338930364292789,0.003675646159487381,0.03460807635580882
10,5,LeBron James,56.5,LAL,PG/SF,10000,36.5,54.0,5.4,35.333333333333336,55.739999999999995,55.783018867924525,2.389154890016113,1.391638311247177,2.333071261349802,2.591126628379623,0.880899344314295,2.0987939570672154,1.898417436684851
10,6,Clint Capela,36.0,HOU,C,7600,36.0,42.65,5.595000000000001,36.0,41.010000000000005,42.65,1.520728355951372,1.3397373299724191,1.4044953188048435,1.4256513491984808,1.05604927172367,0.8429481859090743,1.1520447808888854
10,7,Donovan Mitchell,44.3,UTA,PG/SG,8000,35.0,43.95,5.5,35.0,40.57000000000001,43.95,1.6201957122759683,1.2359353674229032,1.4964123972350538,1.3908374236832262,0.9707198199088458,1.3514125713048093,1.228224629805515
11,0,Donovan Mitchell,44.3,UTA,PG/SG,8000,35.0,43.95,5.5,35.0,40.57000000000001,43.95,1.6201957122759683,1.2359353674229032,1.4964123972350538,1.3908374236832262,0.9707198199088458,1.3514125713048093,1.228224629805515
11,1,Kevin Huerter,27.5,ATL,SG/SF,4900,31.5,24.9,5.075,26.333333333333332,21.72,29.785443037974684,0.16261637536554438,0.8726284984995973,0.49490109476762445,-0.1006227944134855,0.5889827986320034,0.32223164664838166,0.09279384533274261
11,2,De'Andre Hunter,7.5,ATL,SF/PF,5100,34.5,23.95,4.705,33.333333333333336,24.23,24.788249999999998,0.08992869189757056,1.1840343861481453,0.14157233753499485,0.09797482613944537,0.2566470389321639,-0.9029837398473657,0.07136527136039071
11,3,Danuel House Jr.,23.8,HOU,SF/PF,4100,30.5,21.45,5.245,31.0,20.770000000000003,21.104032258064514,-0.1013546856497291,0.7688265359500814,-0.11892191718766286,-0.17578922450323983,0.7416776071427403,0.09556680014666843,-0.14060106723020485
11,4,LeBron James,56.5,LAL,PG/SF,10000,36.5,54.0,5.4,35.333333333333336,55.739999999999995,55.783018867924525,2.389154890016113,1.391638311247177,2.333071261349802,2.591126628379623,0.880899344314295,2.0987939570672154,1.898417436684851
11,5,P.J. Tucker,34.5,HOU,SF/PF,4700,36.0,24.15,5.13,37.666666666666664,25.369999999999997,23.08141592920354,0.10523136210135449,1.3397373299724191,0.02088987510980057,0.18817454224715074,0.6383840602090063,0.7510570319218932,0.052111183427154296
11,6,Brook Lopez,31.5,MIL,C,4200,24.0,21.75,5.17,24.666666666666668,23.09,21.16216216216216,-0.07840068034405308,0.09411377937822775,-0.11481181645375206,0.007775110031739732,0.6743122504468269,0.5672747239475311,-0.11479689544639142
11,7,Paul George,59.3,LAC,SF,8500,33.5,46.3,5.4399999999999995,30.666666666666668,43.3,50.57771739130435,1.8000020871704294,1.0802324235986291,1.96502810436566,1.6068420069937834,0.9168275345521146,2.27032411117662,1.3947345300690883
12,0,Dejounte Murray,34.0,SA,PG,5700,28.0,32.2,5.665,26.0,28.619999999999997,34.676923076923075,0.7211638378036598,0.5093216295762916,0.8407553673674905,0.4453228557121009,1.1189236046398552,0.7204266472594996,0.48456385413703057
12,1,Cam Reddish,26.0,ATL,PG/SG,3900,29.5,20.35,5.2,27.333333333333332,19.110000000000003,21.963109756097563,-0.1855193717705408,0.6650245734005654,-0.05818046044586879,-0.30713267076533746,0.7012583931251923,0.2303404926612006,-0.2028276590699886
12,2,Georges Niang,9.5,UTA,SF/PF,3000,17.0,12.350000000000001,4.125,12.333333333333334,9.010000000000002,17.022972972972976,-0.7976261799218998,-0.6324999584683839,-0.40747502979235173,-1.1062705064564136,-0.26431171951623306,-0.780462201197791,-0.6368231144910297
12,3,Danuel House Jr.,23.8,HOU,SF/PF,4100,30.5,21.45,5.245,31.0,20.770000000000003,21.104032258064514,-0.1013546856497291,0.7688265359500814,-0.11892191718766286,-0.17578922450323983,0.7416776071427403,0.09556680014666843,-0.14060106723020485
12,4,Donovan Mitchell,44.3,UTA,PG/SG,8000,35.0,43.95,5.5,35.0,40.57000000000001,43.95,1.6201957122759683,1.2359353674229032,1.4964123972350538,1.3908374236832262,0.9707198199088458,1.3514125713048093,1.228224629805515
12,5,LeBron James,56.5,LAL,PG/SF,10000,36.5,54.0,5.4,35.333333333333336,55.739999999999995,55.783018867924525,2.389154890016113,1.391638311247177,2.333071261349802,2.591126628379623,0.880899344314295,2.0987939570672154,1.898417436684851
12,6,Clint Capela,36.0,HOU,C,7600,36.0,42.65,5.595000000000001,36.0,41.010000000000005,42.65,1.520728355951372,1.3397373299724191,1.4044953188048435,1.4256513491984808,1.05604927172367,0.8429481859090743,1.1520447808888854
12,7,Garrett Temple,22.3,BKN,SG/SF,4700,32.5,24.15,5.125,32.0,22.27,24.52734375,0.10523136210135449,0.9764304610491134,0.1231248450394704,-0.05710538751941695,0.6338930364292789,0.003675646159487381,0.03460807635580882
13,0,Patrick Beverley,34.0,LAC,PG/SG,4400,29.0,23.1,5.27,26.666666666666668,24.160000000000004,25.12125,0.024892343531488847,0.6131235921258075,0.165117250702118,0.09243624708020055,0.7641327260413777,0.7204266472594996,-0.023158176555974956
13,1,Landry Shamet,24.0,LAC,SG/SF,3800,23.0,14.75,3.89,25.333333333333332,14.709999999999999,13.391447368421053,-0.6139941374764921,-0.009688183171288195,-0.6642436634961324,-0.6552719259178857,-0.4753898371634282,0.10781895401162586,-0.4646444889718028
13,2,Danny Green,31.0,LAL,SG/SF,3900,25.5,19.65,5.01,25.666666666666668,19.25,19.522402597402596,-0.23907871748378492,0.24981672320250167,-0.23075174608505356,-0.29605551264684754,0.5305994894955448,0.5366443392851374,-0.23929887483550835
13,3,LaMarcus Aldridge,46.5,SA,PF/C,7300,33.0,39.25,5.390000000000001,36.0,38.89,35.979166666666664,1.2605829624870446,1.0283314423238712,0.932831079808798,1.2579115262613436,0.87191729675484,1.4861862638193415,0.947456623230498
13,4,Dejounte Murray,34.0,SA,PG,5700,28.0,32.2,5.665,26.0,28.619999999999997,34.676923076923075,0.7211638378036598,0.5093216295762916,0.8407553673674905,0.4453228557121009,1.1189236046398552,0.7204266472594996,0.48456385413703057
13,5,Kevin Huerter,27.5,ATL,SG/SF,4900,31.5,24.9,5.075,26.333333333333332,21.72,29.785443037974684,0.16261637536554438,0.8726284984995973,0.49490109476762445,-0.1006227944134855,0.5889827986320034,0.32223164664838166,0.09279384533274261
13,6,Clint Capela,36.0,HOU,C,7600,36.0,42.65,5.595000000000001,36.0,41.010000000000005,42.65,1.520728355951372,1.3397373299724191,1.4044953188048435,1.4256513491984808,1.05604927172367,0.8429481859090743,1.1520447808888854
13,7,LeBron James,56.5,LAL,PG/SF,10000,36.5,54.0,5.4,35.333333333333336,55.739999999999995,55.783018867924525,2.389154890016113,1.391638311247177,2.333071261349802,2.591126628379623,0.880899344314295,2.0987939570672154,1.898417436684851
14,0,Patrick Beverley,34.0,LAC,PG/SG,4400,29.0,23.1,5.27,26.666666666666668,24.160000000000004,25.12125,0.024892343531488847,0.6131235921258075,0.165117250702118,0.09243624708020055,0.7641327260413777,0.7204266472594996,-0.023158176555974956
14,1,Garrett Temple,22.3,BKN,SG/SF,4700,32.5,24.15,5.125,32.0,22.27,24.52734375,0.10523136210135449,0.9764304610491134,0.1231248450394704,-0.05710538751941695,0.6338930364292789,0.003675646159487381,0.03460807635580882
14,2,Danuel House Jr.,23.8,HOU,SF/PF,4100,30.5,21.45,5.245,31.0,20.770000000000003,21.104032258064514,-0.1013546856497291,0.7688265359500814,-0.11892191718766286,-0.17578922450323983,0.7416776071427403,0.09556680014666843,-0.14060106723020485
14,3,Taurean Prince,22.3,BKN,SF/PF,5600,31.0,28.05,5.01,30.666666666666668,27.610000000000003,28.354891304347824,0.40363343107514216,0.8207275172248394,0.3937532979228145,0.3654090721429938,0.5305994894955448,0.003675646159487381,0.29133506289713623
14,4,Dejounte Murray,34.0,SA,PG,5700,28.0,32.2,5.665,26.0,28.619999999999997,34.676923076923075,0.7211638378036598,0.5093216295762916,0.8407553673674905,0.4453228557121009,1.1189236046398552,0.7204266472594996,0.48456385413703057
14,5,Khris Middleton,26.0,MIL,SG/SF,6300,29.0,32.95,5.25,27.666666666666668,33.17,34.537951807228914,0.7785488510678497,0.6131235921258075,0.8309293419090105,0.8053304945630315,0.7461686309224678,0.2303404926612006,0.583000916344188
14,6,Clint Capela,36.0,HOU,C,7600,36.0,42.65,5.595000000000001,36.0,41.010000000000005,42.65,1.520728355951372,1.3397373299724191,1.4044953188048435,1.4256513491984808,1.05604927172367,0.8429481859090743,1.1520447808888854
14,7,Donovan Mitchell,44.3,UTA,PG/SG,8000,35.0,43.95,5.5,35.0,40.57000000000001,43.95,1.6201957122759683,1.2359353674229032,1.4964123972350538,1.3908374236832262,0.9707198199088458,1.3514125713048093,1.228224629805515
15,0,Donovan Mitchell,44.3,UTA,PG/SG,8000,35.0,43.95,5.5,35.0,40.57000000000001,43.95,1.6201957122759683,1.2359353674229032,1.4964123972350538,1.3908374236832262,0.9707198199088458,1.3514125713048093,1.228224629805515
15,1,Garrett Temple,22.3,BKN,SG/SF,4700,32.5,24.15,5.125,32.0,22.27,24.52734375,0.10523136210135449,0.9764304610491134,0.1231248450394704,-0.05710538751941695,0.6338930364292789,0.003675646159487381,0.03460807635580882
15,2,Moe Harkless,4.8,LAC,SF/PF,4100,24.0,18.700000000000003,4.5600000000000005,25.666666666666668,17.16,17.485714285714288,-0.31176640095175845,0.09411377937822775,-0.3747566993799353,-0.4614216588443078,0.1264073493200651,-1.0683878170242915,-0.2771255663133176
15,3,Jeff Green,12.3,UTA,SF/PF,3000,17.0,13.850000000000001,4.625,17.666666666666668,13.41,13.327358490566038,-0.6828561533935199,-0.6324999584683839,-0.6687750961209813,-0.7581312513038657,0.1847906584565229,-0.6089320470883862,-0.5841224724312346
15,4,Dejounte Murray,34.0,SA,PG,5700,28.0,32.2,5.665,26.0,28.619999999999997,34.676923076923075,0.7211638378036598,0.5093216295762916,0.8407553673674905,0.4453228557121009,1.1189236046398552,0.7204266472594996,0.48456385413703057
15,5,Paul George,59.3,LAC,SF,8500,33.5,46.3,5.4399999999999995,30.666666666666668,43.3,50.57771739130435,1.8000020871704294,1.0802324235986291,1.96502810436566,1.6068420069937834,0.9168275345521146,2.27032411117662,1.3947345300690883
15,6,Clint Capela,36.0,HOU,C,7600,36.0,42.65,5.595000000000001,36.0,41.010000000000005,42.65,1.520728355951372,1.3397373299724191,1.4044953188048435,1.4256513491984808,1.05604927172367,0.8429481859090743,1.1520447808888854
15,7,Patrick Beverley,34.0,LAC,PG/SG,4400,29.0,23.1,5.27,26.666666666666668,24.160000000000004,25.12125,0.024892343531488847,0.6131235921258075,0.165117250702118,0.09243624708020055,0.7641327260413777,0.7204266472594996,-0.023158176555974956
16,0,Spencer Dinwiddie,49.8,BKN,PG/SG,7900,33.5,39.9,5.07,33.0,38.58,40.50454545454545,1.3103166406493425,1.0802324235986291,1.2528000005563849,1.2333835332846868,0.584491774852276,1.6883468025911397,1.021697266585373
16,1,Kyle Korver,8.0,MIL,SG/SF,3300,16.5,11.55,3.505,17.666666666666668,11.73,10.787264150943397,-0.8588368607370357,-0.6844009397431419,-0.8483735966096173,-0.8910571487257476,-0.8211986682024505,-0.872353355184972,-0.6399660131384582
16,2,DeMar DeRozan,26.0,SA,SG/SF,7000,32.5,36.3,5.18,34.666666666666664,36.379999999999995,34.03125,1.0348685769812307,0.9764304610491134,0.795102765173788,1.0593139057084127,0.6832942980062817,0.2303404926612006,0.7859432899578821
16,3,Danuel House Jr.,23.8,HOU,SF/PF,4100,30.5,21.45,5.245,31.0,20.770000000000003,21.104032258064514,-0.1013546856497291,0.7688265359500814,-0.11892191718766286,-0.17578922450323983,0.7416776071427403,0.09556680014666843,-0.14060106723020485
16,4,Patrick Beverley,34.0,LAC,PG/SG,4400,29.0,23.1,5.27,26.666666666666668,24.160000000000004,25.12125,0.024892343531488847,0.6131235921258075,0.165117250702118,0.09243624708020055,0.7641327260413777,0.7204266472594996,-0.023158176555974956
16,5,LeBron James,56.5,LAL,PG/SF,10000,36.5,54.0,5.4,35.333333333333336,55.739999999999995,55.783018867924525,2.389154890016113,1.391638311247177,2.333071261349802,2.591126628379623,0.880899344314295,2.0987939570672154,1.898417436684851
16,6,LaMarcus Aldridge,46.5,SA,PF/C,7300,33.0,39.25,5.390000000000001,36.0,38.89,35.979166666666664,1.2605829624870446,1.0283314423238712,0.932831079808798,1.2579115262613436,0.87191729675484,1.4861862638193415,0.947456623230498
16,7,Moe Harkless,4.8,LAC,SF/PF,4100,24.0,18.700000000000003,4.5600000000000005,25.666666666666668,17.16,17.485714285714288,-0.31176640095175845,0.09411377937822775,-0.3747566993799353,-0.4614216588443078,0.1264073493200651,-1.0683878170242915,-0.2771255663133176
17,0,Dejounte Murray,34.0,SA,PG,5700,28.0,32.2,5.665,26.0,28.619999999999997,34.676923076923075,0.7211638378036598,0.5093216295762916,0.8407553673674905,0.4453228557121009,1.1189236046398552,0.7204266472594996,0.48456385413703057
17,1,Patrick Beverley,34.0,LAC,PG/SG,4400,29.0,23.1,5.27,26.666666666666668,24.160000000000004,25.12125,0.024892343531488847,0.6131235921258075,0.165117250702118,0.09243624708020055,0.7641327260413777,0.7204266472594996,-0.023158176555974956
17,2,LeBron James,56.5,LAL,PG/SF,10000,36.5,54.0,5.4,35.333333333333336,55.739999999999995,55.783018867924525,2.389154890016113,1.391638311247177,2.333071261349802,2.591126628379623,0.880899344314295,2.0987939570672154,1.898417436684851
17,3,Taurean Prince,22.3,BKN,SF/PF,5600,31.0,28.05,5.01,30.666666666666668,27.610000000000003,28.354891304347824,0.40363343107514216,0.8207275172248394,0.3937532979228145,0.3654090721429938,0.5305994894955448,0.003675646159487381,0.29133506289713623
17,4,Danny Green,31.0,LAL,SG/SF,3900,25.5,19.65,5.01,25.666666666666668,19.25,19.522402597402596,-0.23907871748378492,0.24981672320250167,-0.23075174608505356,-0.29605551264684754,0.5305994894955448,0.5366443392851374,-0.23929887483550835
17,5,P.J. Tucker,34.5,HOU,SF/PF,4700,36.0,24.15,5.13,37.666666666666664,25.369999999999997,23.08141592920354,0.10523136210135449,1.3397373299724191,0.02088987510980057,0.18817454224715074,0.6383840602090063,0.7510570319218932,0.052111183427154296
17,6,LaMarcus Aldridge,46.5,SA,PF/C,7300,33.0,39.25,5.390000000000001,36.0,38.89,35.979166666666664,1.2605829624870446,1.0283314423238712,0.932831079808798,1.2579115262613436,0.87191729675484,1.4861862638193415,0.947456623230498
17,7,Rudy Gay,7.0,SA,SF/PF,4700,21.5,22.8,4.825,24.333333333333332,24.279999999999998,20.145205479452056,0.0019383382258128308,-0.1653911269955621,-0.18671619119589894,0.10193095403890592,0.36443160964562543,-0.9336141245097593,-0.03409237994531349
18,0,Patty Mills,34.8,SA,PG/SG,4100,22.5,19.1,4.67,26.666666666666668,19.939999999999998,16.115625,-0.2811610605441906,-0.06158916444604617,-0.4716294719425433,-0.24146094763428907,0.22520987247407087,0.7694352627193293,-0.25548764509364347
18,1,Kevin Huerter,27.5,ATL,SG/SF,4900,31.5,24.9,5.075,26.333333333333332,21.72,29.785443037974684,0.16261637536554438,0.8726284984995973,0.49490109476762445,-0.1006227944134855,0.5889827986320034,0.32223164664838166,0.09279384533274261
18,2,Khris Middleton,26.0,MIL,SG/SF,6300,29.0,32.95,5.25,27.666666666666668,33.17,34.537951807228914,0.7785488510678497,0.6131235921258075,0.8309293419090105,0.8053304945630315,0.7461686309224678,0.2303404926612006,0.583000916344188
18,3,Ed Davis,8.8,UTA,PF/C,3000,13.0,13.0,4.35,11.666666666666666,10.08,14.485714285714286,-0.7478925017596019,-1.0477078086664477,-0.5868730342188815,-1.021609369407953,-0.06221564942849318,-0.823344739725142,-0.6288789724856257
18,4,Russell Westbrook,60.5,HOU,PG,9300,36.0,47.95,5.145,36.333333333333336,48.71,47.51009174311926,1.9262491163516477,1.3397373299724191,1.7481302679820043,2.0348950457154396,0.6518571315481887,2.343837034366365,1.5274727500670715
18,5,LeBron James,56.5,LAL,PG/SF,10000,36.5,54.0,5.4,35.333333333333336,55.739999999999995,55.783018867924525,2.389154890016113,1.391638311247177,2.333071261349802,2.591126628379623,0.880899344314295,2.0987939570672154,1.898417436684851
18,6,Alex Len,14.0,ATL,C,4500,18.0,21.7,4.8149999999999995,21.333333333333332,20.62,18.309375000000003,-0.08222634789499914,-0.5286979959188679,-0.3165194020915638,-0.1876576082016223,0.35544956208616973,-0.5047887392362478,-0.12450558635697394
18,7,Sterling Brown,7.0,MIL,SG/SF,3500,19.5,15.75,4.5,19.0,15.069999999999999,16.164473684210527,-0.5374807864575722,-0.372995052094594,-0.468175603990396,-0.6267878050417682,0.07251506396333392,-0.9336141245097593,-0.4509997888582743
19,0,Austin Rivers,13.5,HOU,PG/SG,3500,19.0,12.65,3.63,22.0,15.470000000000002,10.925,-0.7746721746162238,-0.424896033369352,-0.8386349221170115,-0.5951387818460817,-0.7089230737092616,-0.5354191238986414,-0.5656388156373656
19,1,Patrick Beverley,34.0,LAC,PG/SG,4400,29.0,23.1,5.27,26.666666666666668,24.160000000000004,25.12125,0.024892343531488847,0.6131235921258075,0.165117250702118,0.09243624708020055,0.7641327260413777,0.7204266472594996,-0.023158176555974956
19,2,Landry Shamet,24.0,LAC,SG/SF,3800,23.0,14.75,3.89,25.333333333333332,14.709999999999999,13.391447368421053,-0.6139941374764921,-0.009688183171288195,-0.6642436634961324,-0.6552719259178857,-0.4753898371634282,0.10781895401162586,-0.4646444889718028
19,3,LaMarcus Aldridge,46.5,SA,PF/C,7300,33.0,39.25,5.390000000000001,36.0,38.89,35.979166666666664,1.2605829624870446,1.0283314423238712,0.932831079808798,1.2579115262613436,0.87191729675484,1.4861862638193415,0.947456623230498
19,4,Dejounte Murray,34.0,SA,PG,5700,28.0,32.2,5.665,26.0,28.619999999999997,34.676923076923075,0.7211638378036598,0.5093216295762916,0.8407553673674905,0.4453228557121009,1.1189236046398552,0.7204266472594996,0.48456385413703057
19,5,Danuel House Jr.,23.8,HOU,SF/PF,4100,30.5,21.45,5.245,31.0,20.770000000000003,21.104032258064514,-0.1013546856497291,0.7688265359500814,-0.11892191718766286,-0.17578922450323983,0.7416776071427403,0.09556680014666843,-0.14060106723020485
19,6,Clint Capela,36.0,HOU,C,7600,36.0,42.65,5.595000000000001,36.0,41.010000000000005,42.65,1.520728355951372,1.3397373299724191,1.4044953188048435,1.4256513491984808,1.05604927172367,0.8429481859090743,1.1520447808888854
19,7,DeMar DeRozan,26.0,SA,SG/SF,7000,32.5,36.3,5.18,34.666666666666664,36.379999999999995,34.03125,1.0348685769812307,0.9764304610491134,0.795102765173788,1.0593139057084127,0.6832942980062817,0.2303404926612006,0.7859432899578821
20,0,DeAndre' Bembry,15.0,ATL,PG/SG,3000,0.0,3.0,1.0,16.333333333333332,13.38,0.0,-1.5130260119488006,-2.397133321810155,-1.611091908155507,-0.7605049280435421,-3.0712015818459575,-0.44352796991146043,-0.9531692553370618
20,1,Avery Bradley,3.0,LAL,PG/SG,3600,23.0,15.25,4.24,23.666666666666668,15.310000000000002,14.820422535211266,-0.5757374619670322,-0.009688183171288195,-0.5632073385109951,-0.6077983911243562,-0.16101817258249898,-1.1786572018089088,-0.4560554758485024
20,2,Joe Harris,17.8,BKN,SG/SF,5400,31.0,25.65,4.76,31.333333333333332,25.689999999999998,25.37712765957447,0.22000138862973428,0.8207275172248394,0.18320919447415268,0.2134937608036997,0.3060483005091668,-0.2719978158020558,0.1620014771215695
20,3,LaMarcus Aldridge,46.5,SA,PF/C,7300,33.0,39.25,5.390000000000001,36.0,38.89,35.979166666666664,1.2605829624870446,1.0283314423238712,0.932831079808798,1.2579115262613436,0.87191729675484,1.4861862638193415,0.947456623230498
20,4,Patrick Beverley,34.0,LAC,PG/SG,4400,29.0,23.1,5.27,26.666666666666668,24.160000000000004,25.12125,0.024892343531488847,0.6131235921258075,0.165117250702118,0.09243624708020055,0.7641327260413777,0.7204266472594996,-0.023158176555974956
20,5,Jabari Parker,43.3,ATL,SF/PF,5500,24.5,26.3,4.76,25.0,28.400000000000006,25.774,0.26973506679203235,0.14601476065298571,0.21127022989082542,0.4279158929544742,0.3060483005091668,1.2901518019800218,0.20403398681153037
20,6,Rudy Gobert,43.8,UTA,C,7800,35.0,42.3,5.41,35.666666666666664,41.6,41.50934579439252,1.49394868309475,1.2359353674229032,1.3238448556674811,1.4723336584121176,0.8898813918737498,1.3207821866424154,1.1454410709065248
20,7,Paul George,59.3,LAC,SF,8500,33.5,46.3,5.4399999999999995,30.666666666666668,43.3,50.57771739130435,1.8000020871704294,1.0802324235986291,1.96502810436566,1.6068420069937834,0.9168275345521146,2.27032411117662,1.3947345300690883
21,0,Austin Rivers,13.5,HOU,PG/SG,3500,19.0,12.65,3.63,22.0,15.470000000000002,10.925,-0.7746721746162238,-0.424896033369352,-0.8386349221170115,-0.5951387818460817,-0.7089230737092616,-0.5354191238986414,-0.5656388156373656
21,1,Garrett Temple,22.3,BKN,SG/SF,4700,32.5,24.15,5.125,32.0,22.27,24.52734375,0.10523136210135449,0.9764304610491134,0.1231248450394704,-0.05710538751941695,0.6338930364292789,0.003675646159487381,0.03460807635580882
21,2,Jabari Parker,43.3,ATL,SF/PF,5500,24.5,26.3,4.76,25.0,28.400000000000006,25.774,0.26973506679203235,0.14601476065298571,0.21127022989082542,0.4279158929544742,0.3060483005091668,1.2901518019800218,0.20403398681153037
21,3,Danuel House Jr.,23.8,HOU,SF/PF,4100,30.5,21.45,5.245,31.0,20.770000000000003,21.104032258064514,-0.1013546856497291,0.7688265359500814,-0.11892191718766286,-0.17578922450323983,0.7416776071427403,0.09556680014666843,-0.14060106723020485
21,4,Dejounte Murray,34.0,SA,PG,5700,28.0,32.2,5.665,26.0,28.619999999999997,34.676923076923075,0.7211638378036598,0.5093216295762916,0.8407553673674905,0.4453228557121009,1.1189236046398552,0.7204266472594996,0.48456385413703057
21,5,Moe Harkless,4.8,LAC,SF/PF,4100,24.0,18.700000000000003,4.5600000000000005,25.666666666666668,17.16,17.485714285714288,-0.31176640095175845,0.09411377937822775,-0.3747566993799353,-0.4614216588443078,0.1264073493200651,-1.0683878170242915,-0.2771255663133176
21,6,Clint Capela,36.0,HOU,C,7600,36.0,42.65,5.595000000000001,36.0,41.010000000000005,42.65,1.520728355951372,1.3397373299724191,1.4044953188048435,1.4256513491984808,1.05604927172367,0.8429481859090743,1.1520447808888854
21,7,Ersan Ilyasova,12.3,MIL,PF/C,3600,17.0,15.0,4.1850000000000005,17.333333333333332,18.3,14.711538461538462,-0.5948657997217622,-0.6324999584683839,-0.5709060353875982,-0.37122194273660214,-0.21041943415950187,-0.6089320470883862,-0.4565539471457743
22,0,Austin Rivers,13.5,HOU,PG/SG,3500,19.0,12.65,3.63,22.0,15.470000000000002,10.925,-0.7746721746162238,-0.424896033369352,-0.8386349221170115,-0.5951387818460817,-0.7089230737092616,-0.5354191238986414,-0.5656388156373656
22,1,Pat Connaughton,5.3,MIL,SG/SF,3100,14.0,11.5,3.6950000000000003,17.333333333333332,13.8,9.28846153846154,-0.8626625282879817,-0.9439058461169317,-0.9543471022118468,-0.7272734536880716,-0.6505397645728029,-1.0377574323618979,-0.6540887275755609
22,2,Marco Belinelli,16.3,SA,SG/SF,3000,0.0,4.0,1.335,13.0,8.9,0.0,-1.4365126609298808,-2.397133321810155,-1.611091908155507,-1.1149739878352274,-2.770302988604211,-0.3638889697892368,-0.9524811229633784
22,3,Gary Clark,0.0,HOU,PF/C,3000,0.0,4.25,1.415,13.0,8.889999999999999,0.0,-1.4173843231751508,-2.397133321810155,-1.611091908155507,-1.1157652134151195,-2.6984466081285703,-1.3624395097832709,-0.9454987102382952
22,4,Wesley Matthews,27.5,MIL,SG/SF,3300,24.0,15.15,4.574999999999999,22.333333333333332,14.41,16.280597014925373,-0.5833887970689242,0.09411377937822775,-0.45996505222355466,-0.6790086933146503,0.13988042065924666,0.32223164664838166,-0.48502290258396674
22,5,Khris Middleton,26.0,MIL,SG/SF,6300,29.0,32.95,5.25,27.666666666666668,33.17,34.537951807228914,0.7785488510678497,0.6131235921258075,0.8309293419090105,0.8053304945630315,0.7461686309224678,0.2303404926612006,0.583000916344188
22,6,Clint Capela,36.0,HOU,C,7600,36.0,42.65,5.595000000000001,36.0,41.010000000000005,42.65,1.520728355951372,1.3397373299724191,1.4044953188048435,1.4256513491984808,1.05604927172367,0.8429481859090743,1.1520447808888854
22,7,Brook Lopez,31.5,MIL,C,4200,24.0,21.75,5.17,24.666666666666668,23.09,21.16216216216216,-0.07840068034405308,0.09411377937822775,-0.11481181645375206,0.007775110031739732,0.6743122504468269,0.5672747239475311,-0.11479689544639142
23,0,Cam Reddish,26.0,ATL,PG/SG,3900,29.5,20.35,5.2,27.333333333333332,19.110000000000003,21.963109756097563,-0.1855193717705408,0.6650245734005654,-0.05818046044586879,-0.30713267076533746,0.7012583931251923,0.2303404926612006,-0.2028276590699886
23,1,Marco Belinelli,16.3,SA,SG/SF,3000,0.0,4.0,1.335,13.0,8.9,0.0,-1.4365126609298808,-2.397133321810155,-1.611091908155507,-1.1149739878352274,-2.770302988604211,-0.3638889697892368,-0.9524811229633784
23,2,Ben McLemore,14.3,HOU,SG/SF,4500,29.0,21.3,4.715,29.0,20.4,21.3,-0.11283168830256697,0.6131235921258075,-0.10506593079898956,-0.2050645709592499,0.2656290864916188,-0.48641050843881156,-0.11192653917761576
23,3,Rudy Gay,7.0,SA,SF/PF,4700,21.5,22.8,4.825,24.333333333333332,24.279999999999998,20.145205479452056,0.0019383382258128308,-0.1653911269955621,-0.18671619119589894,0.10193095403890592,0.36443160964562543,-0.9336141245097593,-0.03409237994531349
23,4,Emmanuel Mudiay,19.5,UTA,PG,3700,20.0,19.15,5.155,16.333333333333332,15.41,23.448979591836732,-0.27733539299324483,-0.32109407081983604,0.04687862742237773,-0.5998861353254348,0.6608391791076444,-0.1678545079499173,-0.29230384653588315
23,5,Patrick Patterson,8.0,LAC,PF/C,3000,0.0,3.4,1.125,17.0,10.459999999999999,0.0,-1.4824206715412327,-2.397133321810155,-1.611091908155507,-0.9915427973720513,-2.9589259873527687,-0.872353355184972,-0.9588441537461582
23,6,Alex Len,14.0,ATL,C,4500,18.0,21.7,4.8149999999999995,21.333333333333332,20.62,18.309375000000003,-0.08222634789499914,-0.5286979959188679,-0.3165194020915638,-0.1876576082016223,0.35544956208616973,-0.5047887392362478,-0.12450558635697394
23,7,Joe Ingles,33.8,UTA,SG/SF,6000,34.0,29.950000000000003,4.970000000000001,32.666666666666664,26.889999999999997,31.17244897959184,0.54900879801109,1.1321334048733873,0.5929699670128488,0.30844083039075815,0.4946712992577251,0.7081744933945419,0.40467834085400517
24,0,Theo Pinson,0.0,BKN,PG/SG,3000,13.0,11.1,3.715,14.333333333333334,11.3,10.067441860465117,-0.8932678686955497,-1.0477078086664477,-0.89926895194016,-0.9250798486611103,-0.632575669453893,-1.3624395097832709,-0.6897926748371522
24,1,Kentavious Caldwell-Pope,26.3,LAL,SG/SF,4000,27.0,18.95,4.74,27.333333333333332,18.229999999999997,18.71890243902439,-0.2926380631970288,0.4055196670267756,-0.28756358229761947,-0.3767605217958475,0.288084205390257,0.24871872345863685,-0.2623650214326233
24,2,Joe Ingles,33.8,UTA,SG/SF,6000,34.0,29.950000000000003,4.970000000000001,32.666666666666664,26.889999999999997,31.17244897959184,0.54900879801109,1.1321334048733873,0.5929699670128488,0.30844083039075815,0.4946712992577251,0.7081744933945419,0.40467834085400517
24,3,Jeff Green,12.3,UTA,SF/PF,3000,17.0,13.850000000000001,4.625,17.666666666666668,13.41,13.327358490566038,-0.6828561533935199,-0.6324999584683839,-0.6687750961209813,-0.7581312513038657,0.1847906584565229,-0.6089320470883862,-0.5841224724312346
24,4,Marco Belinelli,16.3,SA,SG/SF,3000,0.0,4.0,1.335,13.0,8.9,0.0,-1.4365126609298808,-2.397133321810155,-1.611091908155507,-1.1149739878352274,-2.770302988604211,-0.3638889697892368,-0.9524811229633784
24,5,Montrezl Harrell,29.5,LAC,PF/C,6100,28.5,31.35,5.125,29.0,33.95,30.80948275862069,0.6561274894375777,0.5612226108510495,0.5673062788586007,0.8670460897946196,0.6338930364292789,0.4447531852979564,0.49844809509050986
24,6,Alex Len,14.0,ATL,C,4500,18.0,21.7,4.8149999999999995,21.333333333333332,20.62,18.309375000000003,-0.08222634789499914,-0.5286979959188679,-0.3165194020915638,-0.1876576082016223,0.35544956208616973,-0.5047887392362478,-0.12450558635697394
24,7,Kyle Korver,8.0,MIL,SG/SF,3300,16.5,11.55,3.505,17.666666666666668,11.73,10.787264150943397,-0.8588368607370357,-0.6844009397431419,-0.8483735966096173,-0.8910571487257476,-0.8211986682024505,-0.872353355184972,-0.6399660131384582
