Lineup Num,,Player Name,Actual FP,team,Pos,Salary,DFN_MinProj,Avg Proj,Avg Value Proj,Avg Skewed Min,Avg Skewed FP,Proj Min Enhanced,Avg Proj Stan,DFN_MinProj Stan,Proj Min Enhanced Stan,Avg Skewed FP Stan,Avg Value Proj Stan,Actual FP Stan,predictions
0,0,Tomas Satoransky,37.5,CHI,PG/SG,5200,30.5,28.35,5.4399999999999995,30.0,26.93,28.8225,0.5632093581647026,0.7702984056207739,0.5376291024049938,0.4489883769329651,1.0304070794468088,1.0654803942658102,0.36997548348090054
0,1,Cory Joseph,25.3,SAC,PG/SG,4500,31.0,24.6,5.455,30.333333333333332,19.040000000000003,25.140659340659344,0.23946915170331617,0.8198247717785064,0.2515138440863239,-0.2464814015516932,1.0433141942589808,0.21313863565229382,0.09111754949821192
0,2,Buddy Hield,47.3,SAC,SG/SF,7400,38.0,40.1,5.435,38.0,37.099999999999994,40.1,1.5775953384103802,1.5131938979867616,1.4140018529483676,1.3454304107972204,1.0261047078427517,1.7501483642996183,1.1941672150072429
0,3,Lauri Markkanen,27.8,CHI,PF/C,5600,29.5,29.700000000000003,5.29,29.333333333333332,26.96,29.868750000000006,0.679755832490802,0.6712456733053088,0.6189330252829375,0.4516327487142757,0.9013359313250942,0.3877988320894898,0.46760183128529464
0,4,Justise Winslow,23.8,MIA,PG/SF,5300,30.5,26.6,4.995,32.333333333333336,28.04,25.091752577319586,0.412130595149389,0.7702984056207739,0.24771330720241896,0.5468301328414532,0.6474960066857213,0.10834251778997622,0.2842691551761211
0,5,Blake Griffin,34.0,DET,PF,6600,30.0,36.7,5.54,26.333333333333332,31.54,41.810126582278485,1.2840708845520568,0.7207720394630414,1.5468955205776058,0.8553401739943436,1.1164545115279525,0.8209561192537358,0.9530475751230423
0,6,Jarrett Allen,50.3,BKN,C,6000,27.5,33.95,5.640000000000001,27.0,33.529999999999994,34.57870370370371,1.0466613998137066,0.4731402086743788,0.9849427865107596,1.0307501688212721,1.2025019436090965,1.9597406000242534,0.7456166058357966
0,7,Anthony Davis,43.0,LAL,PF/C,9400,35.0,49.95,5.29,35.333333333333336,50.69,49.47877358490566,2.427952947382289,1.2160357010403664,2.1428248725295966,2.5433308277308724,0.9013359313250942,1.4497328264276412,1.9017963332440462
1,0,Tomas Satoransky,37.5,CHI,PG/SG,5200,30.5,28.35,5.4399999999999995,30.0,26.93,28.8225,0.5632093581647026,0.7702984056207739,0.5376291024049938,0.4489883769329651,1.0304070794468088,1.0654803942658102,0.36997548348090054
1,1,Buddy Hield,47.3,SAC,SG/SF,7400,38.0,40.1,5.435,38.0,37.099999999999994,40.1,1.5775953384103802,1.5131938979867616,1.4140018529483676,1.3454304107972204,1.0261047078427517,1.7501483642996183,1.1941672150072429
1,2,Garrett Temple,38.5,BKN,SG/SF,5200,34.0,26.2,5.055,32.666666666666664,22.520000000000003,27.269387755102045,0.3775983064601742,1.1169829687249015,0.41693699422819797,0.06026572508032354,0.699124465934407,1.1353444728406885,0.24939475405003173
1,3,Anthony Davis,43.0,LAL,PF/C,9400,35.0,49.95,5.29,35.333333333333336,50.69,49.47877358490566,2.427952947382289,1.2160357010403664,2.1428248725295966,2.5433308277308724,0.9013359313250942,1.4497328264276412,1.9017963332440462
1,4,Cory Joseph,25.3,SAC,PG/SG,4500,31.0,24.6,5.455,30.333333333333332,19.040000000000003,25.140659340659344,0.23946915170331617,0.8198247717785064,0.2515138440863239,-0.2464814015516932,1.0433141942589808,0.21313863565229382,0.09111754949821192
1,5,Joe Harris,24.8,BKN,SG/SF,5700,32.5,29.15,5.105,32.0,27.509999999999998,29.60546875,0.6322739355431315,0.9684038702517039,0.5984734807713876,0.5001128980383011,0.7421481819749793,0.1782065963648546,0.45436759269239946
1,6,Jarrett Allen,50.3,BKN,C,6000,27.5,33.95,5.640000000000001,27.0,33.529999999999994,34.57870370370371,1.0466613998137066,0.4731402086743788,0.9849427865107596,1.0307501688212721,1.2025019436090965,1.9597406000242534,0.7456166058357966
1,7,Blake Griffin,34.0,DET,PF,6600,30.0,36.7,5.54,26.333333333333332,31.54,41.810126582278485,1.2840708845520568,0.7207720394630414,1.5468955205776058,0.8553401739943436,1.1164545115279525,0.8209561192537358,0.9530475751230423
2,0,Emmanuel Mudiay,4.8,UTA,PG,3200,20.5,17.9,5.59,14.666666666666666,15.180000000000001,25.019318181818182,-0.3389466838410279,-0.2202289175338764,0.2420844417251845,-0.5867239040803096,1.159478227568524,-1.2190749751327132,-0.35902097633479585
2,1,Cory Joseph,25.3,SAC,PG/SG,4500,31.0,24.6,5.455,30.333333333333332,19.040000000000003,25.140659340659344,0.23946915170331617,0.8198247717785064,0.2515138440863239,-0.2464814015516932,1.0433141942589808,0.21313863565229382,0.09111754949821192
2,2,Buddy Hield,47.3,SAC,SG/SF,7400,38.0,40.1,5.435,38.0,37.099999999999994,40.1,1.5775953384103802,1.5131938979867616,1.4140018529483676,1.3454304107972204,1.0261047078427517,1.7501483642996183,1.1941672150072429
2,3,Anthony Davis,43.0,LAL,PF/C,9400,35.0,49.95,5.29,35.333333333333336,50.69,49.47877358490566,2.427952947382289,1.2160357010403664,2.1428248725295966,2.5433308277308724,0.9013359313250942,1.4497328264276412,1.9017963332440462
2,4,Tomas Satoransky,37.5,CHI,PG/SG,5200,30.5,28.35,5.4399999999999995,30.0,26.93,28.8225,0.5632093581647026,0.7702984056207739,0.5376291024049938,0.4489883769329651,1.0304070794468088,1.0654803942658102,0.36997548348090054
2,5,Kristaps Porzingis,29.5,DAL,PF/C,6900,29.5,36.7,5.34,31.333333333333332,37.56,34.55265957446809,1.2840708845520568,0.6712456733053088,0.9829189013257693,1.3859774447773152,0.9443596473656657,0.506567765666783,0.9555451561872252
2,6,Wendell Carter Jr.,39.3,CHI,PF/C,6500,33.5,34.45,5.275,33.333333333333336,31.189999999999998,34.62225,1.0898267606752248,1.067456602567169,0.9883267623441587,0.8244891698790544,0.8884288165129229,1.1912357357005912,0.8047980060780484
2,7,Blake Griffin,34.0,DET,PF,6600,30.0,36.7,5.54,26.333333333333332,31.54,41.810126582278485,1.2840708845520568,0.7207720394630414,1.5468955205776058,0.8553401739943436,1.1164545115279525,0.8209561192537358,0.9530475751230423
3,0,Damian Lillard,51.5,POR,PG,8100,35.5,42.9,5.27,34.333333333333336,44.980000000000004,44.35776699029126,1.819321359234882,1.265562067198099,1.7448722558261625,2.040018732021443,0.884126444908865,2.043577494314108,1.4269023744265912
3,1,Cory Joseph,25.3,SAC,PG/SG,4500,31.0,24.6,5.455,30.333333333333332,19.040000000000003,25.140659340659344,0.23946915170331617,0.8198247717785064,0.2515138440863239,-0.2464814015516932,1.0433141942589808,0.21313863565229382,0.09111754949821192
3,2,Joe Harris,24.8,BKN,SG/SF,5700,32.5,29.15,5.105,32.0,27.509999999999998,29.60546875,0.6322739355431315,0.9684038702517039,0.5984734807713876,0.5001128980383011,0.7421481819749793,0.1782065963648546,0.45436759269239946
3,3,Blake Griffin,34.0,DET,PF,6600,30.0,36.7,5.54,26.333333333333332,31.54,41.810126582278485,1.2840708845520568,0.7207720394630414,1.5468955205776058,0.8553401739943436,1.1164545115279525,0.8209561192537358,0.9530475751230423
3,4,Tomas Satoransky,37.5,CHI,PG/SG,5200,30.5,28.35,5.4399999999999995,30.0,26.93,28.8225,0.5632093581647026,0.7702984056207739,0.5376291024049938,0.4489883769329651,1.0304070794468088,1.0654803942658102,0.36997548348090054
3,5,Anthony Davis,43.0,LAL,PF/C,9400,35.0,49.95,5.29,35.333333333333336,50.69,49.47877358490566,2.427952947382289,1.2160357010403664,2.1428248725295966,2.5433308277308724,0.9013359313250942,1.4497328264276412,1.9017963332440462
3,6,Jarrett Allen,50.3,BKN,C,6000,27.5,33.95,5.640000000000001,27.0,33.529999999999994,34.57870370370371,1.0466613998137066,0.4731402086743788,0.9849427865107596,1.0307501688212721,1.2025019436090965,1.9597406000242534,0.7456166058357966
3,7,Kris Dunn,23.0,CHI,PG/SF,4500,28.5,22.55,5.0,25.333333333333332,19.45,25.368750000000002,0.06249117217109152,0.5721929409898439,0.26923873333479426,-0.2103416538737835,0.6517983782897784,0.052451254930073465,0.0013585963695729052
4,0,Cory Joseph,25.3,SAC,PG/SG,4500,31.0,24.6,5.455,30.333333333333332,19.040000000000003,25.140659340659344,0.23946915170331617,0.8198247717785064,0.2515138440863239,-0.2464814015516932,1.0433141942589808,0.21313863565229382,0.09111754949821192
4,1,Spencer Dinwiddie,39.5,BKN,PG/SG,8200,34.0,42.0,5.135,32.333333333333336,39.08,44.16494845360824,1.7416237096841494,1.1169829687249015,1.72988835767953,1.519958948363713,0.7679624115993218,1.2052085514155668,1.3555590441043537
4,2,Kris Dunn,23.0,CHI,PG/SF,4500,28.5,22.55,5.0,25.333333333333332,19.45,25.368750000000002,0.06249117217109152,0.5721929409898439,0.26923873333479426,-0.2103416538737835,0.6517983782897784,0.052451254930073465,0.0013585963695729052
4,3,Blake Griffin,34.0,DET,PF,6600,30.0,36.7,5.54,26.333333333333332,31.54,41.810126582278485,1.2840708845520568,0.7207720394630414,1.5468955205776058,0.8553401739943436,1.1164545115279525,0.8209561192537358,0.9530475751230423
4,4,Tomas Satoransky,37.5,CHI,PG/SG,5200,30.5,28.35,5.4399999999999995,30.0,26.93,28.8225,0.5632093581647026,0.7702984056207739,0.5376291024049938,0.4489883769329651,1.0304070794468088,1.0654803942658102,0.36997548348090054
4,5,Lauri Markkanen,27.8,CHI,PF/C,5600,29.5,29.700000000000003,5.29,29.333333333333332,26.96,29.868750000000006,0.679755832490802,0.6712456733053088,0.6189330252829375,0.4516327487142757,0.9013359313250942,0.3877988320894898,0.46760183128529464
4,6,Jarrett Allen,50.3,BKN,C,6000,27.5,33.95,5.640000000000001,27.0,33.529999999999994,34.57870370370371,1.0466613998137066,0.4731402086743788,0.9849427865107596,1.0307501688212721,1.2025019436090965,1.9597406000242534,0.7456166058357966
4,7,Anthony Davis,43.0,LAL,PF/C,9400,35.0,49.95,5.29,35.333333333333336,50.69,49.47877358490566,2.427952947382289,1.2160357010403664,2.1428248725295966,2.5433308277308724,0.9013359313250942,1.4497328264276412,1.9017963332440462
5,0,Tomas Satoransky,37.5,CHI,PG/SG,5200,30.5,28.35,5.4399999999999995,30.0,26.93,28.8225,0.5632093581647026,0.7702984056207739,0.5376291024049938,0.4489883769329651,1.0304070794468088,1.0654803942658102,0.36997548348090054
5,1,Cory Joseph,25.3,SAC,PG/SG,4500,31.0,24.6,5.455,30.333333333333332,19.040000000000003,25.140659340659344,0.23946915170331617,0.8198247717785064,0.2515138440863239,-0.2464814015516932,1.0433141942589808,0.21313863565229382,0.09111754949821192
5,2,Buddy Hield,47.3,SAC,SG/SF,7400,38.0,40.1,5.435,38.0,37.099999999999994,40.1,1.5775953384103802,1.5131938979867616,1.4140018529483676,1.3454304107972204,1.0261047078427517,1.7501483642996183,1.1941672150072429
5,3,Kristaps Porzingis,29.5,DAL,PF/C,6900,29.5,36.7,5.34,31.333333333333332,37.56,34.55265957446809,1.2840708845520568,0.6712456733053088,0.9829189013257693,1.3859774447773152,0.9443596473656657,0.506567765666783,0.9555451561872252
5,4,Kent Bazemore,27.5,POR,SG/SF,3300,19.0,17.2,5.23,19.0,17.62,17.2,-0.3993781890471533,-0.36880801600707397,-0.3655535438544043,-0.3716483325337232,0.8497074720764085,0.36683960851702624,-0.4054188807625103
5,5,Anthony Davis,43.0,LAL,PF/C,9400,35.0,49.95,5.29,35.333333333333336,50.69,49.47877358490566,2.427952947382289,1.2160357010403664,2.1428248725295966,2.5433308277308724,0.9013359313250942,1.4497328264276412,1.9017963332440462
5,6,Jarrett Allen,50.3,BKN,C,6000,27.5,33.95,5.640000000000001,27.0,33.529999999999994,34.57870370370371,1.0466613998137066,0.4731402086743788,0.9849427865107596,1.0307501688212721,1.2025019436090965,1.9597406000242534,0.7456166058357966
5,7,Blake Griffin,34.0,DET,PF,6600,30.0,36.7,5.54,26.333333333333332,31.54,41.810126582278485,1.2840708845520568,0.7207720394630414,1.5468955205776058,0.8553401739943436,1.1164545115279525,0.8209561192537358,0.9530475751230423
6,0,Emmanuel Mudiay,4.8,UTA,PG,3200,20.5,17.9,5.59,14.666666666666666,15.180000000000001,25.019318181818182,-0.3389466838410279,-0.2202289175338764,0.2420844417251845,-0.5867239040803096,1.159478227568524,-1.2190749751327132,-0.35902097633479585
6,1,Cory Joseph,25.3,SAC,PG/SG,4500,31.0,24.6,5.455,30.333333333333332,19.040000000000003,25.140659340659344,0.23946915170331617,0.8198247717785064,0.2515138440863239,-0.2464814015516932,1.0433141942589808,0.21313863565229382,0.09111754949821192
6,2,Evan Fournier,31.0,ORL,SG/SF,6500,35.0,33.15,5.1,34.0,32.61,34.125,0.9775968224352771,1.2160357010403664,0.9496855430838889,0.9496561008610843,0.7378458103709215,0.6113638835291006,0.7452409096521694
6,3,Blake Griffin,34.0,DET,PF,6600,30.0,36.7,5.54,26.333333333333332,31.54,41.810126582278485,1.2840708845520568,0.7207720394630414,1.5468955205776058,0.8553401739943436,1.1164545115279525,0.8209561192537358,0.9530475751230423
6,4,Buddy Hield,47.3,SAC,SG/SF,7400,38.0,40.1,5.435,38.0,37.099999999999994,40.1,1.5775953384103802,1.5131938979867616,1.4140018529483676,1.3454304107972204,1.0261047078427517,1.7501483642996183,1.1941672150072429
6,5,Kristaps Porzingis,29.5,DAL,PF/C,6900,29.5,36.7,5.34,31.333333333333332,37.56,34.55265957446809,1.2840708845520568,0.6712456733053088,0.9829189013257693,1.3859774447773152,0.9443596473656657,0.506567765666783,0.9555451561872252
6,6,Anthony Davis,43.0,LAL,PF/C,9400,35.0,49.95,5.29,35.333333333333336,50.69,49.47877358490566,2.427952947382289,1.2160357010403664,2.1428248725295966,2.5433308277308724,0.9013359313250942,1.4497328264276412,1.9017963332440462
6,7,Tomas Satoransky,37.5,CHI,PG/SG,5200,30.5,28.35,5.4399999999999995,30.0,26.93,28.8225,0.5632093581647026,0.7702984056207739,0.5376291024049938,0.4489883769329651,1.0304070794468088,1.0654803942658102,0.36997548348090054
7,0,Malik Monk,21.8,CHA,PG/SG,3900,21.5,19.3,4.965,21.666666666666668,17.04,19.15153846153846,-0.21808367342877674,-0.12117618521841138,-0.21389979707279083,-0.4227728536390595,0.6216817770613781,-0.03138563935978055,-0.24560049809710766
7,1,Tomas Satoransky,37.5,CHI,PG/SG,5200,30.5,28.35,5.4399999999999995,30.0,26.93,28.8225,0.5632093581647026,0.7702984056207739,0.5376291024049938,0.4489883769329651,1.0304070794468088,1.0654803942658102,0.36997548348090054
7,2,Buddy Hield,47.3,SAC,SG/SF,7400,38.0,40.1,5.435,38.0,37.099999999999994,40.1,1.5775953384103802,1.5131938979867616,1.4140018529483676,1.3454304107972204,1.0261047078427517,1.7501483642996183,1.1941672150072429
7,3,Anthony Davis,43.0,LAL,PF/C,9400,35.0,49.95,5.29,35.333333333333336,50.69,49.47877358490566,2.427952947382289,1.2160357010403664,2.1428248725295966,2.5433308277308724,0.9013359313250942,1.4497328264276412,1.9017963332440462
7,4,Cory Joseph,25.3,SAC,PG/SG,4500,31.0,24.6,5.455,30.333333333333332,19.040000000000003,25.140659340659344,0.23946915170331617,0.8198247717785064,0.2515138440863239,-0.2464814015516932,1.0433141942589808,0.21313863565229382,0.09111754949821192
7,5,Wendell Carter Jr.,39.3,CHI,PF/C,6500,33.5,34.45,5.275,33.333333333333336,31.189999999999998,34.62225,1.0898267606752248,1.067456602567169,0.9883267623441587,0.8244891698790544,0.8884288165129229,1.1912357357005912,0.8047980060780484
7,6,Kristaps Porzingis,29.5,DAL,PF/C,6900,29.5,36.7,5.34,31.333333333333332,37.56,34.55265957446809,1.2840708845520568,0.6712456733053088,0.9829189013257693,1.3859774447773152,0.9443596473656657,0.506567765666783,0.9555451561872252
7,7,Jarrett Allen,50.3,BKN,C,6000,27.5,33.95,5.640000000000001,27.0,33.529999999999994,34.57870370370371,1.0466613998137066,0.4731402086743788,0.9849427865107596,1.0307501688212721,1.2025019436090965,1.9597406000242534,0.7456166058357966
8,0,Cory Joseph,25.3,SAC,PG/SG,4500,31.0,24.6,5.455,30.333333333333332,19.040000000000003,25.140659340659344,0.23946915170331617,0.8198247717785064,0.2515138440863239,-0.2464814015516932,1.0433141942589808,0.21313863565229382,0.09111754949821192
8,1,Joe Harris,24.8,BKN,SG/SF,5700,32.5,29.15,5.105,32.0,27.509999999999998,29.60546875,0.6322739355431315,0.9684038702517039,0.5984734807713876,0.5001128980383011,0.7421481819749793,0.1782065963648546,0.45436759269239946
8,2,Jae Crowder,31.5,MEM,SF/PF,5000,31.5,26.35,5.275,31.333333333333332,24.75,26.490159574468088,0.3905479147186299,0.8693511379362389,0.35638329491867987,0.2568306941577363,0.8884288165129229,0.6462959228165398,0.24237814787991652
8,3,Blake Griffin,34.0,DET,PF,6600,30.0,36.7,5.54,26.333333333333332,31.54,41.810126582278485,1.2840708845520568,0.7207720394630414,1.5468955205776058,0.8553401739943436,1.1164545115279525,0.8209561192537358,0.9530475751230423
8,4,Buddy Hield,47.3,SAC,SG/SF,7400,38.0,40.1,5.435,38.0,37.099999999999994,40.1,1.5775953384103802,1.5131938979867616,1.4140018529483676,1.3454304107972204,1.0261047078427517,1.7501483642996183,1.1941672150072429
8,5,Justise Winslow,23.8,MIA,PG/SF,5300,30.5,26.6,4.995,32.333333333333336,28.04,25.091752577319586,0.412130595149389,0.7702984056207739,0.24771330720241896,0.5468301328414532,0.6474960066857213,0.10834251778997622,0.2842691551761211
8,6,Anthony Davis,43.0,LAL,PF/C,9400,35.0,49.95,5.29,35.333333333333336,50.69,49.47877358490566,2.427952947382289,1.2160357010403664,2.1428248725295966,2.5433308277308724,0.9013359313250942,1.4497328264276412,1.9017963332440462
8,7,Jarrett Allen,50.3,BKN,C,6000,27.5,33.95,5.640000000000001,27.0,33.529999999999994,34.57870370370371,1.0466613998137066,0.4731402086743788,0.9849427865107596,1.0307501688212721,1.2025019436090965,1.9597406000242534,0.7456166058357966
9,0,Cory Joseph,25.3,SAC,PG/SG,4500,31.0,24.6,5.455,30.333333333333332,19.040000000000003,25.140659340659344,0.23946915170331617,0.8198247717785064,0.2515138440863239,-0.2464814015516932,1.0433141942589808,0.21313863565229382,0.09111754949821192
9,1,Coby White,10.3,CHI,PG/SG,4700,23.5,23.65,5.03,24.0,22.43,23.157291666666666,0.15745496606643136,0.07692927941251868,0.09738665421305619,0.05233260973639177,0.6776126079141216,-0.8348225429708821,0.05879523168142958
9,2,Joe Harris,24.8,BKN,SG/SF,5700,32.5,29.15,5.105,32.0,27.509999999999998,29.60546875,0.6322739355431315,0.9684038702517039,0.5984734807713876,0.5001128980383011,0.7421481819749793,0.1782065963648546,0.45436759269239946
9,3,Anthony Davis,43.0,LAL,PF/C,9400,35.0,49.95,5.29,35.333333333333336,50.69,49.47877358490566,2.427952947382289,1.2160357010403664,2.1428248725295966,2.5433308277308724,0.9013359313250942,1.4497328264276412,1.9017963332440462
9,4,Buddy Hield,47.3,SAC,SG/SF,7400,38.0,40.1,5.435,38.0,37.099999999999994,40.1,1.5775953384103802,1.5131938979867616,1.4140018529483676,1.3454304107972204,1.0261047078427517,1.7501483642996183,1.1941672150072429
9,5,Blake Griffin,34.0,DET,PF,6600,30.0,36.7,5.54,26.333333333333332,31.54,41.810126582278485,1.2840708845520568,0.7207720394630414,1.5468955205776058,0.8553401739943436,1.1164545115279525,0.8209561192537358,0.9530475751230423
9,6,Wendell Carter Jr.,39.3,CHI,PF/C,6500,33.5,34.45,5.275,33.333333333333336,31.189999999999998,34.62225,1.0898267606752248,1.067456602567169,0.9883267623441587,0.8244891698790544,0.8884288165129229,1.1912357357005912,0.8047980060780484
9,7,Tomas Satoransky,37.5,CHI,PG/SG,5200,30.5,28.35,5.4399999999999995,30.0,26.93,28.8225,0.5632093581647026,0.7702984056207739,0.5376291024049938,0.4489883769329651,1.0304070794468088,1.0654803942658102,0.36997548348090054
10,0,Tomas Satoransky,37.5,CHI,PG/SG,5200,30.5,28.35,5.4399999999999995,30.0,26.93,28.8225,0.5632093581647026,0.7702984056207739,0.5376291024049938,0.4489883769329651,1.0304070794468088,1.0654803942658102,0.36997548348090054
10,1,Cory Joseph,25.3,SAC,PG/SG,4500,31.0,24.6,5.455,30.333333333333332,19.040000000000003,25.140659340659344,0.23946915170331617,0.8198247717785064,0.2515138440863239,-0.2464814015516932,1.0433141942589808,0.21313863565229382,0.09111754949821192
10,2,Dorian Finney-Smith,16.8,DAL,SF/PF,4000,28.0,20.1,4.995,28.333333333333332,18.5,19.86352941176471,-0.14901909605034758,0.5226665748321113,-0.15857109235882344,-0.29408009361528226,0.6474960066857213,-0.3807060322341725,-0.17963580889052783
10,3,Blake Griffin,34.0,DET,PF,6600,30.0,36.7,5.54,26.333333333333332,31.54,41.810126582278485,1.2840708845520568,0.7207720394630414,1.5468955205776058,0.8553401739943436,1.1164545115279525,0.8209561192537358,0.9530475751230423
10,4,Spencer Dinwiddie,39.5,BKN,PG/SG,8200,34.0,42.0,5.135,32.333333333333336,39.08,44.16494845360824,1.7416237096841494,1.1169829687249015,1.72988835767953,1.519958948363713,0.7679624115993218,1.2052085514155668,1.3555590441043537
10,5,Wendell Carter Jr.,39.3,CHI,PF/C,6500,33.5,34.45,5.275,33.333333333333336,31.189999999999998,34.62225,1.0898267606752248,1.067456602567169,0.9883267623441587,0.8244891698790544,0.8884288165129229,1.1912357357005912,0.8047980060780484
10,6,Lauri Markkanen,27.8,CHI,PF/C,5600,29.5,29.700000000000003,5.29,29.333333333333332,26.96,29.868750000000006,0.679755832490802,0.6712456733053088,0.6189330252829375,0.4516327487142757,0.9013359313250942,0.3877988320894898,0.46760183128529464
10,7,Anthony Davis,43.0,LAL,PF/C,9400,35.0,49.95,5.29,35.333333333333336,50.69,49.47877358490566,2.427952947382289,1.2160357010403664,2.1428248725295966,2.5433308277308724,0.9013359313250942,1.4497328264276412,1.9017963332440462
11,0,Tomas Satoransky,37.5,CHI,PG/SG,5200,30.5,28.35,5.4399999999999995,30.0,26.93,28.8225,0.5632093581647026,0.7702984056207739,0.5376291024049938,0.4489883769329651,1.0304070794468088,1.0654803942658102,0.36997548348090054
11,1,Cory Joseph,25.3,SAC,PG/SG,4500,31.0,24.6,5.455,30.333333333333332,19.040000000000003,25.140659340659344,0.23946915170331617,0.8198247717785064,0.2515138440863239,-0.2464814015516932,1.0433141942589808,0.21313863565229382,0.09111754949821192
11,2,Buddy Hield,47.3,SAC,SG/SF,7400,38.0,40.1,5.435,38.0,37.099999999999994,40.1,1.5775953384103802,1.5131938979867616,1.4140018529483676,1.3454304107972204,1.0261047078427517,1.7501483642996183,1.1941672150072429
11,3,Blake Griffin,34.0,DET,PF,6600,30.0,36.7,5.54,26.333333333333332,31.54,41.810126582278485,1.2840708845520568,0.7207720394630414,1.5468955205776058,0.8553401739943436,1.1164545115279525,0.8209561192537358,0.9530475751230423
11,4,Derrick Rose,25.5,DET,PG/SG,5500,23.5,25.5,4.65,21.666666666666668,27.579999999999995,27.657692307692308,0.31716680125404884,0.07692927941251868,0.447112079912263,0.5062830988613586,0.35063236600577696,0.22711145136726946,0.24482559538415466
11,5,Robert Covington,36.0,MIN,SF/PF,5200,29.5,25.450000000000003,4.88,28.333333333333332,25.15,26.497941176470594,0.31285026516789727,0.6712456733053088,0.3569880019858996,0.2920889845752093,0.5485414597924063,0.9606842764034925,0.21733558094786548
11,6,Jarrett Allen,50.3,BKN,C,6000,27.5,33.95,5.640000000000001,27.0,33.529999999999994,34.57870370370371,1.0466613998137066,0.4731402086743788,0.9849427865107596,1.0307501688212721,1.2025019436090965,1.9597406000242534,0.7456166058357966
11,7,Anthony Davis,43.0,LAL,PF/C,9400,35.0,49.95,5.29,35.333333333333336,50.69,49.47877358490566,2.427952947382289,1.2160357010403664,2.1428248725295966,2.5433308277308724,0.9013359313250942,1.4497328264276412,1.9017963332440462
12,0,Emmanuel Mudiay,4.8,UTA,PG,3200,20.5,17.9,5.59,14.666666666666666,15.180000000000001,25.019318181818182,-0.3389466838410279,-0.2202289175338764,0.2420844417251845,-0.5867239040803096,1.159478227568524,-1.2190749751327132,-0.35902097633479585
12,1,Jaylen Brown,41.5,BOS,SG/SF,7000,35.0,34.9,4.98,34.333333333333336,35.8,35.57766990291262,1.1286755854505908,1.2160357010403664,1.06257229266909,1.2308409669404328,0.63458889187355,1.3449367085653237,0.8812763616735374
12,2,Kris Dunn,23.0,CHI,PG/SF,4500,28.5,22.55,5.0,25.333333333333332,19.45,25.368750000000002,0.06249117217109152,0.5721929409898439,0.26923873333479426,-0.2103416538737835,0.6517983782897784,0.052451254930073465,0.0013585963695729052
12,3,Jae Crowder,31.5,MEM,SF/PF,5000,31.5,26.35,5.275,31.333333333333332,24.75,26.490159574468088,0.3905479147186299,0.8693511379362389,0.35638329491867987,0.2568306941577363,0.8884288165129229,0.6462959228165398,0.24237814787991652
12,4,Donovan Mitchell,42.0,UTA,PG/SG,7100,35.5,41.099999999999994,5.8,34.0,38.440000000000005,42.91323529411765,1.663926060133416,1.265562067198099,1.6326179250061446,1.4635456836957565,1.340177834938925,1.379868747852763,1.2420063372340877
12,5,Anthony Davis,43.0,LAL,PF/C,9400,35.0,49.95,5.29,35.333333333333336,50.69,49.47877358490566,2.427952947382289,1.2160357010403664,2.1428248725295966,2.5433308277308724,0.9013359313250942,1.4497328264276412,1.9017963332440462
12,6,Jarrett Allen,50.3,BKN,C,6000,27.5,33.95,5.640000000000001,27.0,33.529999999999994,34.57870370370371,1.0466613998137066,0.4731402086743788,0.9849427865107596,1.0307501688212721,1.2025019436090965,1.9597406000242534,0.7456166058357966
12,7,Blake Griffin,34.0,DET,PF,6600,30.0,36.7,5.54,26.333333333333332,31.54,41.810126582278485,1.2840708845520568,0.7207720394630414,1.5468955205776058,0.8553401739943436,1.1164545115279525,0.8209561192537358,0.9530475751230423
13,0,Tomas Satoransky,37.5,CHI,PG/SG,5200,30.5,28.35,5.4399999999999995,30.0,26.93,28.8225,0.5632093581647026,0.7702984056207739,0.5376291024049938,0.4489883769329651,1.0304070794468088,1.0654803942658102,0.36997548348090054
13,1,Dillon Brooks,16.3,MEM,SG/SF,5700,30.5,27.2,4.76,29.333333333333332,24.94,28.28181818181818,0.46392902818321063,0.7702984056207739,0.49561280338758806,0.27357838210603613,0.44528454129503414,-0.4156380715216117,0.3428005837307415
13,2,Justise Winslow,23.8,MIA,PG/SF,5300,30.5,26.6,4.995,32.333333333333336,28.04,25.091752577319586,0.412130595149389,0.7702984056207739,0.24771330720241896,0.5468301328414532,0.6474960066857213,0.10834251778997622,0.2842691551761211
13,3,Anthony Davis,43.0,LAL,PF/C,9400,35.0,49.95,5.29,35.333333333333336,50.69,49.47877358490566,2.427952947382289,1.2160357010403664,2.1428248725295966,2.5433308277308724,0.9013359313250942,1.4497328264276412,1.9017963332440462
13,4,Buddy Hield,47.3,SAC,SG/SF,7400,38.0,40.1,5.435,38.0,37.099999999999994,40.1,1.5775953384103802,1.5131938979867616,1.4140018529483676,1.3454304107972204,1.0261047078427517,1.7501483642996183,1.1941672150072429
13,5,Lauri Markkanen,27.8,CHI,PF/C,5600,29.5,29.700000000000003,5.29,29.333333333333332,26.96,29.868750000000006,0.679755832490802,0.6712456733053088,0.6189330252829375,0.4516327487142757,0.9013359313250942,0.3877988320894898,0.46760183128529464
13,6,Jarrett Allen,50.3,BKN,C,6000,27.5,33.95,5.640000000000001,27.0,33.529999999999994,34.57870370370371,1.0466613998137066,0.4731402086743788,0.9849427865107596,1.0307501688212721,1.2025019436090965,1.9597406000242534,0.7456166058357966
13,7,Kris Dunn,23.0,CHI,PG/SF,4500,28.5,22.55,5.0,25.333333333333332,19.45,25.368750000000002,0.06249117217109152,0.5721929409898439,0.26923873333479426,-0.2103416538737835,0.6517983782897784,0.052451254930073465,0.0013585963695729052
14,0,Justise Winslow,23.8,MIA,PG/SF,5300,30.5,26.6,4.995,32.333333333333336,28.04,25.091752577319586,0.412130595149389,0.7702984056207739,0.24771330720241896,0.5468301328414532,0.6474960066857213,0.10834251778997622,0.2842691551761211
14,1,Joe Harris,24.8,BKN,SG/SF,5700,32.5,29.15,5.105,32.0,27.509999999999998,29.60546875,0.6322739355431315,0.9684038702517039,0.5984734807713876,0.5001128980383011,0.7421481819749793,0.1782065963648546,0.45436759269239946
14,2,Buddy Hield,47.3,SAC,SG/SF,7400,38.0,40.1,5.435,38.0,37.099999999999994,40.1,1.5775953384103802,1.5131938979867616,1.4140018529483676,1.3454304107972204,1.0261047078427517,1.7501483642996183,1.1941672150072429
14,3,Aaron Gordon,49.8,ORL,SF/PF,5900,31.5,30.9,5.26,32.0,29.560000000000002,30.417187499999997,0.7833526985584452,0.8693511379362389,0.6615520171141167,0.6808116364278516,0.8755217017007509,1.9248085607368142,0.5593094827984343
14,4,Tomas Satoransky,37.5,CHI,PG/SG,5200,30.5,28.35,5.4399999999999995,30.0,26.93,28.8225,0.5632093581647026,0.7702984056207739,0.5376291024049938,0.4489883769329651,1.0304070794468088,1.0654803942658102,0.36997548348090054
14,5,Khris Middleton,37.5,MIL,SG/SF,6100,27.5,30.65,5.04,21.333333333333332,29.93,39.509765625,0.7617700181276861,0.4731402086743788,1.368134832537461,0.7134255550640141,0.6862173511222358,1.0654803942658102,0.6029248107538245
14,6,Jarrett Allen,50.3,BKN,C,6000,27.5,33.95,5.640000000000001,27.0,33.529999999999994,34.57870370370371,1.0466613998137066,0.4731402086743788,0.9849427865107596,1.0307501688212721,1.2025019436090965,1.9597406000242534,0.7456166058357966
14,7,Blake Griffin,34.0,DET,PF,6600,30.0,36.7,5.54,26.333333333333332,31.54,41.810126582278485,1.2840708845520568,0.7207720394630414,1.5468955205776058,0.8553401739943436,1.1164545115279525,0.8209561192537358,0.9530475751230423
15,0,Tomas Satoransky,37.5,CHI,PG/SG,5200,30.5,28.35,5.4399999999999995,30.0,26.93,28.8225,0.5632093581647026,0.7702984056207739,0.5376291024049938,0.4489883769329651,1.0304070794468088,1.0654803942658102,0.36997548348090054
15,1,Buddy Hield,47.3,SAC,SG/SF,7400,38.0,40.1,5.435,38.0,37.099999999999994,40.1,1.5775953384103802,1.5131938979867616,1.4140018529483676,1.3454304107972204,1.0261047078427517,1.7501483642996183,1.1941672150072429
15,2,Justise Winslow,23.8,MIA,PG/SF,5300,30.5,26.6,4.995,32.333333333333336,28.04,25.091752577319586,0.412130595149389,0.7702984056207739,0.24771330720241896,0.5468301328414532,0.6474960066857213,0.10834251778997622,0.2842691551761211
15,3,Kelly Olynyk,22.0,MIA,PF/C,4200,25.0,20.55,4.91,28.0,22.889999999999997,18.34821428571429,-0.11017027127498126,0.22550837788571623,-0.2763259923771596,0.0928796437164857,0.5743556894167495,-0.017412823644804926,-0.14020021983774508
15,4,Cory Joseph,25.3,SAC,PG/SG,4500,31.0,24.6,5.455,30.333333333333332,19.040000000000003,25.140659340659344,0.23946915170331617,0.8198247717785064,0.2515138440863239,-0.2464814015516932,1.0433141942589808,0.21313863565229382,0.09111754949821192
15,5,Joe Harris,24.8,BKN,SG/SF,5700,32.5,29.15,5.105,32.0,27.509999999999998,29.60546875,0.6322739355431315,0.9684038702517039,0.5984734807713876,0.5001128980383011,0.7421481819749793,0.1782065963648546,0.45436759269239946
15,6,Anthony Davis,43.0,LAL,PF/C,9400,35.0,49.95,5.29,35.333333333333336,50.69,49.47877358490566,2.427952947382289,1.2160357010403664,2.1428248725295966,2.5433308277308724,0.9013359313250942,1.4497328264276412,1.9017963332440462
15,7,Jarrett Allen,50.3,BKN,C,6000,27.5,33.95,5.640000000000001,27.0,33.529999999999994,34.57870370370371,1.0466613998137066,0.4731402086743788,0.9849427865107596,1.0307501688212721,1.2025019436090965,1.9597406000242534,0.7456166058357966
16,0,Tomas Satoransky,37.5,CHI,PG/SG,5200,30.5,28.35,5.4399999999999995,30.0,26.93,28.8225,0.5632093581647026,0.7702984056207739,0.5376291024049938,0.4489883769329651,1.0304070794468088,1.0654803942658102,0.36997548348090054
16,1,Spencer Dinwiddie,39.5,BKN,PG/SG,8200,34.0,42.0,5.135,32.333333333333336,39.08,44.16494845360824,1.7416237096841494,1.1169829687249015,1.72988835767953,1.519958948363713,0.7679624115993218,1.2052085514155668,1.3555590441043537
16,2,Justise Winslow,23.8,MIA,PG/SF,5300,30.5,26.6,4.995,32.333333333333336,28.04,25.091752577319586,0.412130595149389,0.7702984056207739,0.24771330720241896,0.5468301328414532,0.6474960066857213,0.10834251778997622,0.2842691551761211
16,3,Danilo Gallinari,31.8,OKC,SF/PF,6800,31.5,32.0,4.71,30.0,31.779999999999994,33.6,0.8783164924537854,0.8693511379362389,0.9088878756899389,0.876495148244827,0.4022608252544626,0.6672551463890034,0.6945626272458227
16,4,Cory Joseph,25.3,SAC,PG/SG,4500,31.0,24.6,5.455,30.333333333333332,19.040000000000003,25.140659340659344,0.23946915170331617,0.8198247717785064,0.2515138440863239,-0.2464814015516932,1.0433141942589808,0.21313863565229382,0.09111754949821192
16,5,Blake Griffin,34.0,DET,PF,6600,30.0,36.7,5.54,26.333333333333332,31.54,41.810126582278485,1.2840708845520568,0.7207720394630414,1.5468955205776058,0.8553401739943436,1.1164545115279525,0.8209561192537358,0.9530475751230423
16,6,Lauri Markkanen,27.8,CHI,PF/C,5600,29.5,29.700000000000003,5.29,29.333333333333332,26.96,29.868750000000006,0.679755832490802,0.6712456733053088,0.6189330252829375,0.4516327487142757,0.9013359313250942,0.3877988320894898,0.46760183128529464
16,7,Dillon Brooks,16.3,MEM,SG/SF,5700,30.5,27.2,4.76,29.333333333333332,24.94,28.28181818181818,0.46392902818321063,0.7702984056207739,0.49561280338758806,0.27357838210603613,0.44528454129503414,-0.4156380715216117,0.3428005837307415
17,0,Justise Winslow,23.8,MIA,PG/SF,5300,30.5,26.6,4.995,32.333333333333336,28.04,25.091752577319586,0.412130595149389,0.7702984056207739,0.24771330720241896,0.5468301328414532,0.6474960066857213,0.10834251778997622,0.2842691551761211
17,1,Coby White,10.3,CHI,PG/SG,4700,23.5,23.65,5.03,24.0,22.43,23.157291666666666,0.15745496606643136,0.07692927941251868,0.09738665421305619,0.05233260973639177,0.6776126079141216,-0.8348225429708821,0.05879523168142958
17,2,Buddy Hield,47.3,SAC,SG/SF,7400,38.0,40.1,5.435,38.0,37.099999999999994,40.1,1.5775953384103802,1.5131938979867616,1.4140018529483676,1.3454304107972204,1.0261047078427517,1.7501483642996183,1.1941672150072429
17,3,Aaron Gordon,49.8,ORL,SF/PF,5900,31.5,30.9,5.26,32.0,29.560000000000002,30.417187499999997,0.7833526985584452,0.8693511379362389,0.6615520171141167,0.6808116364278516,0.8755217017007509,1.9248085607368142,0.5593094827984343
17,4,Tomas Satoransky,37.5,CHI,PG/SG,5200,30.5,28.35,5.4399999999999995,30.0,26.93,28.8225,0.5632093581647026,0.7702984056207739,0.5376291024049938,0.4489883769329651,1.0304070794468088,1.0654803942658102,0.36997548348090054
17,5,Jae Crowder,31.5,MEM,SF/PF,5000,31.5,26.35,5.275,31.333333333333332,24.75,26.490159574468088,0.3905479147186299,0.8693511379362389,0.35638329491867987,0.2568306941577363,0.8884288165129229,0.6462959228165398,0.24237814787991652
17,6,Frank Kaminsky,36.8,PHO,PF/C,5500,30.0,26.3,4.77,24.0,21.88,32.875,0.386231378632478,0.7207720394630414,0.8525482397649603,0.0038524604123660786,0.4538892845031483,1.016575539263395,0.29752118654843773
17,7,Devin Booker,28.3,PHO,PG/SG,8000,36.0,40.05,4.984999999999999,37.0,39.71,38.96756756756756,1.5732788023242281,1.3150884333558315,1.326000706806462,1.5754907557712334,0.6388912634776064,0.422730871376929,1.2282353481285313
18,0,Cory Joseph,25.3,SAC,PG/SG,4500,31.0,24.6,5.455,30.333333333333332,19.040000000000003,25.140659340659344,0.23946915170331617,0.8198247717785064,0.2515138440863239,-0.2464814015516932,1.0433141942589808,0.21313863565229382,0.09111754949821192
18,1,Tomas Satoransky,37.5,CHI,PG/SG,5200,30.5,28.35,5.4399999999999995,30.0,26.93,28.8225,0.5632093581647026,0.7702984056207739,0.5376291024049938,0.4489883769329651,1.0304070794468088,1.0654803942658102,0.36997548348090054
18,2,Buddy Hield,47.3,SAC,SG/SF,7400,38.0,40.1,5.435,38.0,37.099999999999994,40.1,1.5775953384103802,1.5131938979867616,1.4140018529483676,1.3454304107972204,1.0261047078427517,1.7501483642996183,1.1941672150072429
18,3,Aaron Gordon,49.8,ORL,SF/PF,5900,31.5,30.9,5.26,32.0,29.560000000000002,30.417187499999997,0.7833526985584452,0.8693511379362389,0.6615520171141167,0.6808116364278516,0.8755217017007509,1.9248085607368142,0.5593094827984343
18,4,Spencer Dinwiddie,39.5,BKN,PG/SG,8200,34.0,42.0,5.135,32.333333333333336,39.08,44.16494845360824,1.7416237096841494,1.1169829687249015,1.72988835767953,1.519958948363713,0.7679624115993218,1.2052085514155668,1.3555590441043537
18,5,Meyers Leonard,9.3,MIA,PF/C,3400,16.5,14.0,4.13,18.0,14.680000000000001,12.833333333333334,-0.6756364985608697,-0.6164398467957365,-0.7048865234485281,-0.630796767102151,-0.09681428081616891,-0.9046866215457604,-0.5512620131814356
18,6,Jarrett Allen,50.3,BKN,C,6000,27.5,33.95,5.640000000000001,27.0,33.529999999999994,34.57870370370371,1.0466613998137066,0.4731402086743788,0.9849427865107596,1.0307501688212721,1.2025019436090965,1.9597406000242534,0.7456166058357966
18,7,Kendrick Nunn,17.5,MIA,PG/SG,5200,31.5,26.1,5.0,30.666666666666668,25.939999999999998,26.809239130434783,0.36896523428787076,0.8693511379362389,0.38117891700732465,0.3617241081497188,0.6517983782897784,-0.33180117723175767,0.25529157762962484
19,0,Derrick Rose,25.5,DET,PG/SG,5500,23.5,25.5,4.65,21.666666666666668,27.579999999999995,27.657692307692308,0.31716680125404884,0.07692927941251868,0.447112079912263,0.5062830988613586,0.35063236600577696,0.22711145136726946,0.24482559538415466
19,1,Cory Joseph,25.3,SAC,PG/SG,4500,31.0,24.6,5.455,30.333333333333332,19.040000000000003,25.140659340659344,0.23946915170331617,0.8198247717785064,0.2515138440863239,-0.2464814015516932,1.0433141942589808,0.21313863565229382,0.09111754949821192
19,2,Denzel Valentine,16.5,CHI,SG/SF,3100,11.5,10.100000000000001,3.24,9.666666666666666,9.620000000000001,12.015517241379312,-1.0123263132807114,-1.1117035083730618,-0.7684388832751189,-1.0768141408831868,-0.8626364263383446,-0.4016652558066361,-0.7506024065664584
19,3,Blake Griffin,34.0,DET,PF,6600,30.0,36.7,5.54,26.333333333333332,31.54,41.810126582278485,1.2840708845520568,0.7207720394630414,1.5468955205776058,0.8553401739943436,1.1164545115279525,0.8209561192537358,0.9530475751230423
19,4,Spencer Dinwiddie,39.5,BKN,PG/SG,8200,34.0,42.0,5.135,32.333333333333336,39.08,44.16494845360824,1.7416237096841494,1.1169829687249015,1.72988835767953,1.519958948363713,0.7679624115993218,1.2052085514155668,1.3555590441043537
19,5,Anthony Davis,43.0,LAL,PF/C,9400,35.0,49.95,5.29,35.333333333333336,50.69,49.47877358490566,2.427952947382289,1.2160357010403664,2.1428248725295966,2.5433308277308724,0.9013359313250942,1.4497328264276412,1.9017963332440462
19,6,Lauri Markkanen,27.8,CHI,PF/C,5600,29.5,29.700000000000003,5.29,29.333333333333332,26.96,29.868750000000006,0.679755832490802,0.6712456733053088,0.6189330252829375,0.4516327487142757,0.9013359313250942,0.3877988320894898,0.46760183128529464
19,7,Dorian Finney-Smith,16.8,DAL,SF/PF,4000,28.0,20.1,4.995,28.333333333333332,18.5,19.86352941176471,-0.14901909605034758,0.5226665748321113,-0.15857109235882344,-0.29408009361528226,0.6474960066857213,-0.3807060322341725,-0.17963580889052783
20,0,Kris Dunn,23.0,CHI,PG/SF,4500,28.5,22.55,5.0,25.333333333333332,19.45,25.368750000000002,0.06249117217109152,0.5721929409898439,0.26923873333479426,-0.2103416538737835,0.6517983782897784,0.052451254930073465,0.0013585963695729052
20,1,Joe Harris,24.8,BKN,SG/SF,5700,32.5,29.15,5.105,32.0,27.509999999999998,29.60546875,0.6322739355431315,0.9684038702517039,0.5984734807713876,0.5001128980383011,0.7421481819749793,0.1782065963648546,0.45436759269239946
20,2,Dzanan Musa,9.3,BKN,SF/PF,3200,14.5,12.8,3.99,16.0,11.16,11.600000000000001,-0.7792333646285133,-0.8145453114266665,-0.8007286627232042,-0.9410697227759152,-0.21728068572976933,-0.9046866215457604,-0.6368252382458286
20,3,Aaron Gordon,49.8,ORL,SF/PF,5900,31.5,30.9,5.26,32.0,29.560000000000002,30.417187499999997,0.7833526985584452,0.8693511379362389,0.6615520171141167,0.6808116364278516,0.8755217017007509,1.9248085607368142,0.5593094827984343
20,4,Justise Winslow,23.8,MIA,PG/SF,5300,30.5,26.6,4.995,32.333333333333336,28.04,25.091752577319586,0.412130595149389,0.7702984056207739,0.24771330720241896,0.5468301328414532,0.6474960066857213,0.10834251778997622,0.2842691551761211
20,5,Kristaps Porzingis,29.5,DAL,PF/C,6900,29.5,36.7,5.34,31.333333333333332,37.56,34.55265957446809,1.2840708845520568,0.6712456733053088,0.9829189013257693,1.3859774447773152,0.9443596473656657,0.506567765666783,0.9555451561872252
20,6,Lauri Markkanen,27.8,CHI,PF/C,5600,29.5,29.700000000000003,5.29,29.333333333333332,26.96,29.868750000000006,0.679755832490802,0.6712456733053088,0.6189330252829375,0.4516327487142757,0.9013359313250942,0.3877988320894898,0.46760183128529464
20,7,Anthony Davis,43.0,LAL,PF/C,9400,35.0,49.95,5.29,35.333333333333336,50.69,49.47877358490566,2.427952947382289,1.2160357010403664,2.1428248725295966,2.5433308277308724,0.9013359313250942,1.4497328264276412,1.9017963332440462
21,0,DeAndre' Bembry,16.5,ATL,PG/SG,5000,32.5,25.7,5.15,26.0,22.24,32.125,0.33443294559865605,0.9684038702517039,0.7942658577736031,0.035584921788091896,0.7808695264114938,-0.4016652558066361,0.23278268555754558
21,1,Zach LaVine,40.0,CHI,PG/SG,8000,34.5,41.65,5.225,34.666666666666664,39.790000000000006,41.449759615384615,1.7114079570810865,1.166509334882634,1.5188914602821721,1.5825424138547286,0.8454051004723506,1.240140590703006,1.3170906391002402
21,2,Kris Dunn,23.0,CHI,PG/SF,4500,28.5,22.55,5.0,25.333333333333332,19.45,25.368750000000002,0.06249117217109152,0.5721929409898439,0.26923873333479426,-0.2103416538737835,0.6517983782897784,0.052451254930073465,0.0013585963695729052
21,3,Anthony Davis,43.0,LAL,PF/C,9400,35.0,49.95,5.29,35.333333333333336,50.69,49.47877358490566,2.427952947382289,1.2160357010403664,2.1428248725295966,2.5433308277308724,0.9013359313250942,1.4497328264276412,1.9017963332440462
21,4,Coby White,10.3,CHI,PG/SG,4700,23.5,23.65,5.03,24.0,22.43,23.157291666666666,0.15745496606643136,0.07692927941251868,0.09738665421305619,0.05233260973639177,0.6776126079141216,-0.8348225429708821,0.05879523168142958
21,5,Aaron Gordon,49.8,ORL,SF/PF,5900,31.5,30.9,5.26,32.0,29.560000000000002,30.417187499999997,0.7833526985584452,0.8693511379362389,0.6615520171141167,0.6808116364278516,0.8755217017007509,1.9248085607368142,0.5593094827984343
21,6,Alex Len,37.3,ATL,C,3600,16.5,16.450000000000003,4.555,16.666666666666668,16.51,16.285500000000003,-0.4641262303394303,-0.6164398467957365,-0.4366191949625322,-0.46949008844221124,0.2688873055286902,1.0515075785508343,-0.41095137857151154
21,7,Jae Crowder,31.5,MEM,SF/PF,5000,31.5,26.35,5.275,31.333333333333332,24.75,26.490159574468088,0.3905479147186299,0.8693511379362389,0.35638329491867987,0.2568306941577363,0.8884288165129229,0.6462959228165398,0.24237814787991652
22,0,Cory Joseph,25.3,SAC,PG/SG,4500,31.0,24.6,5.455,30.333333333333332,19.040000000000003,25.140659340659344,0.23946915170331617,0.8198247717785064,0.2515138440863239,-0.2464814015516932,1.0433141942589808,0.21313863565229382,0.09111754949821192
22,1,De'Anthony Melton,28.8,MEM,PG/SG,4600,22.5,21.1,4.59,16.666666666666668,16.4,28.485,-0.06268837432731118,-0.02212345290294635,0.511402030508883,-0.47918611830701663,0.2990039067570905,0.4576629106643682,-0.060382212301890434
22,2,Jimmy Butler,55.5,MIA,SG/SF,7300,34.5,37.1,5.08,35.0,40.599999999999994,36.57,1.318603173241271,1.166509334882634,1.1396861083757133,1.6539404519501109,0.7206363239546931,2.323033808613621,1.0307470163500905
22,3,Lauri Markkanen,27.8,CHI,PF/C,5600,29.5,29.700000000000003,5.29,29.333333333333332,26.96,29.868750000000006,0.679755832490802,0.6712456733053088,0.6189330252829375,0.4516327487142757,0.9013359313250942,0.3877988320894898,0.46760183128529464
22,4,Ky Bowman,14.5,GS,PG,5600,16.0,19.6,3.49,30.0,20.52,10.453333333333335,-0.19218445691186578,-0.665966212953469,-0.889835948967768,-0.11602572700704271,-0.6475178461354861,-0.5413934129563929,-0.15012096379479725
22,5,Tony Snell,11.8,DET,SG/SF,3200,28.5,14.9,4.65,22.666666666666668,13.820000000000002,18.73455882352941,-0.5979388490101369,0.5721929409898439,-0.2463032191328725,-0.7066020914997183,0.35063236600577696,-0.7300264251085645,-0.4921639245702437
22,6,Anthony Davis,43.0,LAL,PF/C,9400,35.0,49.95,5.29,35.333333333333336,50.69,49.47877358490566,2.427952947382289,1.2160357010403664,2.1428248725295966,2.5433308277308724,0.9013359313250942,1.4497328264276412,1.9017963332440462
22,7,Devin Booker,28.3,PHO,PG/SG,8000,36.0,40.05,4.984999999999999,37.0,39.71,38.96756756756756,1.5732788023242281,1.3150884333558315,1.326000706806462,1.5754907557712334,0.6388912634776064,0.422730871376929,1.2282353481285313
23,0,Cory Joseph,25.3,SAC,PG/SG,4500,31.0,24.6,5.455,30.333333333333332,19.040000000000003,25.140659340659344,0.23946915170331617,0.8198247717785064,0.2515138440863239,-0.2464814015516932,1.0433141942589808,0.21313863565229382,0.09111754949821192
23,1,Coby White,10.3,CHI,PG/SG,4700,23.5,23.65,5.03,24.0,22.43,23.157291666666666,0.15745496606643136,0.07692927941251868,0.09738665421305619,0.05233260973639177,0.6776126079141216,-0.8348225429708821,0.05879523168142958
23,2,Treveon Graham,12.3,MIN,SG/SF,3200,18.0,12.55,3.9,20.666666666666668,13.27,10.930645161290323,-0.8008160450592724,-0.467860748322539,-0.8527441219197918,-0.7550822408237442,-0.2947233746027986,-0.6950943858211253,-0.6342573344275538
23,3,Lauri Markkanen,27.8,CHI,PF/C,5600,29.5,29.700000000000003,5.29,29.333333333333332,26.96,29.868750000000006,0.679755832490802,0.6712456733053088,0.6189330252829375,0.4516327487142757,0.9013359313250942,0.3877988320894898,0.46760183128529464
23,4,Derrick Rose,25.5,DET,PG/SG,5500,23.5,25.5,4.65,21.666666666666668,27.579999999999995,27.657692307692308,0.31716680125404884,0.07692927941251868,0.447112079912263,0.5062830988613586,0.35063236600577696,0.22711145136726946,0.24482559538415466
23,5,Blake Griffin,34.0,DET,PF,6600,30.0,36.7,5.54,26.333333333333332,31.54,41.810126582278485,1.2840708845520568,0.7207720394630414,1.5468955205776058,0.8553401739943436,1.1164545115279525,0.8209561192537358,0.9530475751230423
23,6,Jarrett Allen,50.3,BKN,C,6000,27.5,33.95,5.640000000000001,27.0,33.529999999999994,34.57870370370371,1.0466613998137066,0.4731402086743788,0.9849427865107596,1.0307501688212721,1.2025019436090965,1.9597406000242534,0.7456166058357966
23,7,Anthony Davis,43.0,LAL,PF/C,9400,35.0,49.95,5.29,35.333333333333336,50.69,49.47877358490566,2.427952947382289,1.2160357010403664,2.1428248725295966,2.5433308277308724,0.9013359313250942,1.4497328264276412,1.9017963332440462
24,0,Tomas Satoransky,37.5,CHI,PG/SG,5200,30.5,28.35,5.4399999999999995,30.0,26.93,28.8225,0.5632093581647026,0.7702984056207739,0.5376291024049938,0.4489883769329651,1.0304070794468088,1.0654803942658102,0.36997548348090054
24,1,Coby White,10.3,CHI,PG/SG,4700,23.5,23.65,5.03,24.0,22.43,23.157291666666666,0.15745496606643136,0.07692927941251868,0.09738665421305619,0.05233260973639177,0.6776126079141216,-0.8348225429708821,0.05879523168142958
24,2,Buddy Hield,47.3,SAC,SG/SF,7400,38.0,40.1,5.435,38.0,37.099999999999994,40.1,1.5775953384103802,1.5131938979867616,1.4140018529483676,1.3454304107972204,1.0261047078427517,1.7501483642996183,1.1941672150072429
24,3,Wendell Carter Jr.,39.3,CHI,PF/C,6500,33.5,34.45,5.275,33.333333333333336,31.189999999999998,34.62225,1.0898267606752248,1.067456602567169,0.9883267623441587,0.8244891698790544,0.8884288165129229,1.1912357357005912,0.8047980060780484
24,4,Cory Joseph,25.3,SAC,PG/SG,4500,31.0,24.6,5.455,30.333333333333332,19.040000000000003,25.140659340659344,0.23946915170331617,0.8198247717785064,0.2515138440863239,-0.2464814015516932,1.0433141942589808,0.21313863565229382,0.09111754949821192
24,5,David Nwaba,16.3,BKN,SG/SF,3000,10.0,7.2,2.385,13.333333333333334,7.840000000000001,5.4,-1.2626854062775172,-1.2602826068462591,-1.2825296871850902,-1.2337135332409428,-1.5983419706321207,-0.4156380715216117,-0.9026580926268016
24,6,Anthony Davis,43.0,LAL,PF/C,9400,35.0,49.95,5.29,35.333333333333336,50.69,49.47877358490566,2.427952947382289,1.2160357010403664,2.1428248725295966,2.5433308277308724,0.9013359313250942,1.4497328264276412,1.9017963332440462
24,7,Robert Covington,36.0,MIN,SF/PF,5200,29.5,25.450000000000003,4.88,28.333333333333332,25.15,26.497941176470594,0.31285026516789727,0.6712456733053088,0.3569880019858996,0.2920889845752093,0.5485414597924063,0.9606842764034925,0.21733558094786548
25,0,Eric Bledsoe,31.5,MIL,PG,6200,27.5,30.9,4.96,25.0,31.0,33.99,0.7833526985584452,0.4731402086743788,0.9391947143254447,0.8077414819307548,0.6173794054573211,0.6462959228165398,0.6006598682558528
25,1,Zach LaVine,40.0,CHI,PG/SG,8000,34.5,41.65,5.225,34.666666666666664,39.790000000000006,41.449759615384615,1.7114079570810865,1.166509334882634,1.5188914602821721,1.5825424138547286,0.8454051004723506,1.240140590703006,1.3170906391002402
25,2,Robert Covington,36.0,MIN,SF/PF,5200,29.5,25.450000000000003,4.88,28.333333333333332,25.15,26.497941176470594,0.31285026516789727,0.6712456733053088,0.3569880019858996,0.2920889845752093,0.5485414597924063,0.9606842764034925,0.21733558094786548
25,3,Derrick Jones Jr.,3.5,MIA,SF/PF,3100,14.5,10.05,3.23,10.666666666666666,10.25,13.66171875,-1.0166428493668633,-0.8145453114266665,-0.6405128230615464,-1.0212823334756667,-0.871241169546459,-1.3098982772800551,-0.7372061774823563
25,4,Alec Burks,30.5,GS,PG/SG,6000,27.5,26.4,4.404999999999999,32.666666666666664,27.619999999999997,22.22448979591837,0.39486445080478144,0.4731402086743788,0.024898767608783182,0.5098089279031062,0.13981615740697487,0.5764318442416614,0.2975256589315762
25,5,Skal Labissiere,8.0,POR,PF/C,3800,19.5,16.450000000000003,4.32,19.0,16.990000000000002,16.882894736842108,-0.4641262303394303,-0.31928164984934143,-0.3901957439595217,-0.4271801399412434,0.0666758401380038,-0.9955099236931024,-0.3827704656531592
25,6,Bruno Fernando,0.0,ATL,C,3300,12.0,9.25,2.81,12.666666666666666,11.010000000000002,8.763157894736842,-1.0857074267452926,-1.0621771422153292,-1.0211792163606885,-0.9542915816824675,-1.232640384287261,-1.5544225522921296,-0.778495724146665
25,7,Glenn Robinson III,10.5,GS,SG/SF,4900,31.0,22.45,4.6,34.333333333333336,23.15,20.270388349514562,0.05385809999878776,0.8198247717785064,-0.12695414832344382,0.11579753248784341,0.30760864996520465,-0.8208497272559064,0.01977449724002893
