Lineup Num,,Player Name,Actual FP,team,Pos,Salary,DFN_MinProj,Avg Proj,Avg Value Proj,Avg Skewed Min,Avg Skewed FP,Proj Min Enhanced,Avg Proj Stan,DFN_MinProj Stan,Proj Min Enhanced Stan,Avg Skewed FP Stan,Avg Value Proj Stan,Actual FP Stan,predictions
0,0,James Harden,29.0,HOU,PG/SG,11100,37.0,61.55,5.52,36.666666666666664,59.77,62.109545454545454,3.1750043757140256,1.3177173960220245,2.810990079111357,3.2154590539297256,0.9701498647932705,0.3774047279411195,2.4991673379207233
0,1,DeMar DeRozan,46.5,SA,SG/SF,7900,35.0,41.85,5.275,35.666666666666664,40.79,41.067757009345804,1.5596757579473264,1.1250057115007173,1.2921654241458436,1.5679150183591493,0.7670680697498552,1.5583649285558085,1.1994412992702517
0,2,Gordon Hayward,49.5,BOS,SF/PF,6800,35.0,37.75,5.57,32.0,33.35,41.2890625,1.2234906141481654,1.1250057115007173,1.3081395527880082,0.9220916450901776,1.0115951290878458,1.7608152486611837,0.9036482551476737
0,3,Thaddeus Young,26.5,CHI,PF,4600,30.0,27.9,6.09,23.0,21.840000000000003,36.391304347826086,0.41582630526481545,0.6432265001974489,0.9546127670324405,-0.07702489070630957,1.4426258777514223,0.20869612785330682,0.23174221758366761
0,4,Bogdan Bogdanovic,17.8,SAC,SG/SF,5200,33.5,28.75,5.545,28.0,26.01,34.39732142857142,0.48552322532073916,0.9804719481097367,0.8106843919691032,0.2849486935049285,0.9908724969405581,-0.3784098004522814,0.33365106590043153
0,5,Christian Wood,32.5,DET,PF/C,4700,24.5,26.4,5.62,18.0,21.9,35.93333333333333,0.2928317404602444,0.11326936776385363,0.9215558018470571,-0.07181663769607634,1.0530403933824204,0.6135967680640573,0.17916690305909347
0,6,Nerlens Noel,21.0,OKC,C,5100,30.0,29.85,5.825,21.666666666666668,24.310000000000002,41.330769230769235,0.5757192395107581,0.6432265001974489,1.311150000836913,0.13738152488164201,1.2229659769901766,-0.16246279233988115,0.3991557054769372
0,7,Dewayne Dedmon,10.8,SAC,C,4600,26.5,27.35,5.915,17.0,15.75,42.633823529411764,0.3707282981698063,0.305981052285161,1.4052062166710082,-0.6056625712450248,1.2975674527204109,-0.850793880698157,0.1926801459750093
1,0,Aaron Holiday,31.0,IND,PG/SG,4500,24.5,24.4,5.41,20.666666666666668,19.72,28.9258064516129,0.12883898738748303,0.11326936776385363,0.41574306515838116,-0.26104983040123203,0.8789702833452067,0.5123716080113697,0.026442376077032124
1,1,James Harden,29.0,HOU,PG/SG,11100,37.0,61.55,5.52,36.666666666666664,59.77,62.109545454545454,3.1750043757140256,1.3177173960220245,2.810990079111357,3.2154590539297256,0.9701498647932705,0.3774047279411195,2.4991673379207233
1,2,DeMar DeRozan,46.5,SA,SG/SF,7900,35.0,41.85,5.275,35.666666666666664,40.79,41.067757009345804,1.5596757579473264,1.1250057115007173,1.2921654241458436,1.5679150183591493,0.7670680697498552,1.5583649285558085,1.1994412992702517
1,3,Thaddeus Young,26.5,CHI,PF,4600,30.0,27.9,6.09,23.0,21.840000000000003,36.391304347826086,0.41582630526481545,0.6432265001974489,0.9546127670324405,-0.07702489070630957,1.4426258777514223,0.20869612785330682,0.23174221758366761
1,4,Draymond Green,36.0,GS,PG/SF,5400,30.0,29.25,5.43,29.666666666666668,27.869999999999997,29.578651685393254,0.5265214135889296,0.6432265001974489,0.4628663141885051,0.4464045368221711,0.8955483890630362,0.8497888081869951,0.35484527807283345
1,5,Gordon Hayward,49.5,BOS,SF/PF,6800,35.0,37.75,5.57,32.0,33.35,41.2890625,1.2234906141481654,1.1250057115007173,1.3081395527880082,0.9220916450901776,1.0115951290878458,1.7608152486611837,0.9036482551476737
1,6,Dewayne Dedmon,10.8,SAC,C,4600,26.5,27.35,5.915,17.0,15.75,42.633823529411764,0.3707282981698063,0.305981052285161,1.4052062166710082,-0.6056625712450248,1.2975674527204109,-0.850793880698157,0.1926801459750093
1,7,Nerlens Noel,21.0,OKC,C,5100,30.0,29.85,5.825,21.666666666666668,24.310000000000002,41.330769230769235,0.5757192395107581,0.6432265001974489,1.311150000836913,0.13738152488164201,1.2229659769901766,-0.16246279233988115,0.3991557054769372
2,0,Aaron Holiday,31.0,IND,PG/SG,4500,24.5,24.4,5.41,20.666666666666668,19.72,28.9258064516129,0.12883898738748303,0.11326936776385363,0.41574306515838116,-0.26104983040123203,0.8789702833452067,0.5123716080113697,0.026442376077032124
2,1,James Harden,29.0,HOU,PG/SG,11100,37.0,61.55,5.52,36.666666666666664,59.77,62.109545454545454,3.1750043757140256,1.3177173960220245,2.810990079111357,3.2154590539297256,0.9701498647932705,0.3774047279411195,2.4991673379207233
2,2,Danilo Gallinari,40.5,OKC,SF/PF,6800,32.0,37.15,5.470000000000001,32.333333333333336,34.370000000000005,36.76701030927835,1.174292788226337,0.8359381847187561,0.9817317297934883,1.0106319462641498,0.9287046004986967,1.153464288345058,0.8614357503563048
2,3,Thaddeus Young,26.5,CHI,PF,4600,30.0,27.9,6.09,23.0,21.840000000000003,36.391304347826086,0.41582630526481545,0.6432265001974489,0.9546127670324405,-0.07702489070630957,1.4426258777514223,0.20869612785330682,0.23174221758366761
2,4,DeMar DeRozan,46.5,SA,SG/SF,7900,35.0,41.85,5.275,35.666666666666664,40.79,41.067757009345804,1.5596757579473264,1.1250057115007173,1.2921654241458436,1.5679150183591493,0.7670680697498552,1.5583649285558085,1.1994412992702517
2,5,Bogdan Bogdanovic,17.8,SAC,SG/SF,5200,33.5,28.75,5.545,28.0,26.01,34.39732142857142,0.48552322532073916,0.9804719481097367,0.8106843919691032,0.2849486935049285,0.9908724969405581,-0.3784098004522814,0.33365106590043153
2,6,Nerlens Noel,21.0,OKC,C,5100,30.0,29.85,5.825,21.666666666666668,24.310000000000002,41.330769230769235,0.5757192395107581,0.6432265001974489,1.311150000836913,0.13738152488164201,1.2229659769901766,-0.16246279233988115,0.3991557054769372
2,7,Christian Wood,32.5,DET,PF/C,4700,24.5,26.4,5.62,18.0,21.9,35.93333333333333,0.2928317404602444,0.11326936776385363,0.9215558018470571,-0.07181663769607634,1.0530403933824204,0.6135967680640573,0.17916690305909347
3,0,Elfrid Payton,39.0,NY,PG,5500,29.5,29.35,5.335,28.0,27.389999999999997,30.92232142857143,0.5347210512425677,0.595048579067122,0.5598542075600768,0.404738512740302,0.8168023869033445,1.0522391282923704,0.36871690823795833
3,1,Bogdan Bogdanovic,17.8,SAC,SG/SF,5200,33.5,28.75,5.545,28.0,26.01,34.39732142857142,0.48552322532073916,0.9804719481097367,0.8106843919691032,0.2849486935049285,0.9908724969405581,-0.3784098004522814,0.33365106590043153
3,2,DeMar DeRozan,46.5,SA,SG/SF,7900,35.0,41.85,5.275,35.666666666666664,40.79,41.067757009345804,1.5596757579473264,1.1250057115007173,1.2921654241458436,1.5679150183591493,0.7670680697498552,1.5583649285558085,1.1994412992702517
3,3,Aaron Gordon,18.5,ORL,SF/PF,5900,34.5,32.15,5.46,33.333333333333336,30.43,33.27525,0.7643109055444334,1.0768277903703904,0.7296917636673276,0.6686233319254735,0.9204155476397812,-0.3311713924276939,0.5478588611754772
3,4,James Harden,29.0,HOU,PG/SG,11100,37.0,61.55,5.52,36.666666666666664,59.77,62.109545454545454,3.1750043757140256,1.3177173960220245,2.810990079111357,3.2154590539297256,0.9701498647932705,0.3774047279411195,2.4991673379207233
3,5,Thaddeus Young,26.5,CHI,PF,4600,30.0,27.9,6.09,23.0,21.840000000000003,36.391304347826086,0.41582630526481545,0.6432265001974489,0.9546127670324405,-0.07702489070630957,1.4426258777514223,0.20869612785330682,0.23174221758366761
3,6,Nerlens Noel,21.0,OKC,C,5100,30.0,29.85,5.825,21.666666666666668,24.310000000000002,41.330769230769235,0.5757192395107581,0.6432265001974489,1.311150000836913,0.13738152488164201,1.2229659769901766,-0.16246279233988115,0.3991557054769372
3,7,Christian Wood,32.5,DET,PF/C,4700,24.5,26.4,5.62,18.0,21.9,35.93333333333333,0.2928317404602444,0.11326936776385363,0.9215558018470571,-0.07181663769607634,1.0530403933824204,0.6135967680640573,0.17916690305909347
4,0,James Harden,29.0,HOU,PG/SG,11100,37.0,61.55,5.52,36.666666666666664,59.77,62.109545454545454,3.1750043757140256,1.3177173960220245,2.810990079111357,3.2154590539297256,0.9701498647932705,0.3774047279411195,2.4991673379207233
4,1,DeMar DeRozan,46.5,SA,SG/SF,7900,35.0,41.85,5.275,35.666666666666664,40.79,41.067757009345804,1.5596757579473264,1.1250057115007173,1.2921654241458436,1.5679150183591493,0.7670680697498552,1.5583649285558085,1.1994412992702517
4,2,Aaron Gordon,18.5,ORL,SF/PF,5900,34.5,32.15,5.46,33.333333333333336,30.43,33.27525,0.7643109055444334,1.0768277903703904,0.7296917636673276,0.6686233319254735,0.9204155476397812,-0.3311713924276939,0.5478588611754772
4,3,Robert Covington,25.3,MIN,SF/PF,5800,31.5,30.8,5.285,31.333333333333332,28.48,30.963829787234044,0.6536157972203196,0.7877602635884293,0.5628503368429141,0.4993551090928801,0.77535712260877,0.12771599981115675,0.4564022210907543
4,4,Draymond Green,36.0,GS,PG/SF,5400,30.0,29.25,5.43,29.666666666666668,27.869999999999997,29.578651685393254,0.5265214135889296,0.6432265001974489,0.4628663141885051,0.4464045368221711,0.8955483890630362,0.8497888081869951,0.35484527807283345
4,5,Christian Wood,32.5,DET,PF/C,4700,24.5,26.4,5.62,18.0,21.9,35.93333333333333,0.2928317404602444,0.11326936776385363,0.9215558018470571,-0.07181663769607634,1.0530403933824204,0.6135967680640573,0.17916690305909347
4,6,Dewayne Dedmon,10.8,SAC,C,4600,26.5,27.35,5.915,17.0,15.75,42.633823529411764,0.3707282981698063,0.305981052285161,1.4052062166710082,-0.6056625712450248,1.2975674527204109,-0.850793880698157,0.1926801459750093
4,7,Thaddeus Young,26.5,CHI,PF,4600,30.0,27.9,6.09,23.0,21.840000000000003,36.391304347826086,0.41582630526481545,0.6432265001974489,0.9546127670324405,-0.07702489070630957,1.4426258777514223,0.20869612785330682,0.23174221758366761
5,0,Draymond Green,36.0,GS,PG/SF,5400,30.0,29.25,5.43,29.666666666666668,27.869999999999997,29.578651685393254,0.5265214135889296,0.6432265001974489,0.4628663141885051,0.4464045368221711,0.8955483890630362,0.8497888081869951,0.35484527807283345
5,1,James Harden,29.0,HOU,PG/SG,11100,37.0,61.55,5.52,36.666666666666664,59.77,62.109545454545454,3.1750043757140256,1.3177173960220245,2.810990079111357,3.2154590539297256,0.9701498647932705,0.3774047279411195,2.4991673379207233
5,2,DeMar DeRozan,46.5,SA,SG/SF,7900,35.0,41.85,5.275,35.666666666666664,40.79,41.067757009345804,1.5596757579473264,1.1250057115007173,1.2921654241458436,1.5679150183591493,0.7670680697498552,1.5583649285558085,1.1994412992702517
5,3,Christian Wood,32.5,DET,PF/C,4700,24.5,26.4,5.62,18.0,21.9,35.93333333333333,0.2928317404602444,0.11326936776385363,0.9215558018470571,-0.07181663769607634,1.0530403933824204,0.6135967680640573,0.17916690305909347
5,4,Bogdan Bogdanovic,17.8,SAC,SG/SF,5200,33.5,28.75,5.545,28.0,26.01,34.39732142857142,0.48552322532073916,0.9804719481097367,0.8106843919691032,0.2849486935049285,0.9908724969405581,-0.3784098004522814,0.33365106590043153
5,5,Marcus Morris Sr.,39.0,NY,SF/PF,6000,34.0,30.85,5.140000000000001,33.666666666666664,31.77,31.15544554455446,0.6577156160471388,1.0286498692400636,0.5766814205103544,0.7849409824873582,0.6551658561545037,1.0522391282923704,0.49939358832806435
5,6,Nerlens Noel,21.0,OKC,C,5100,30.0,29.85,5.825,21.666666666666668,24.310000000000002,41.330769230769235,0.5757192395107581,0.6432265001974489,1.311150000836913,0.13738152488164201,1.2229659769901766,-0.16246279233988115,0.3991557054769372
5,7,Thaddeus Young,26.5,CHI,PF,4600,30.0,27.9,6.09,23.0,21.840000000000003,36.391304347826086,0.41582630526481545,0.6432265001974489,0.9546127670324405,-0.07702489070630957,1.4426258777514223,0.20869612785330682,0.23174221758366761
6,0,Derrick Rose,38.3,DET,PG/SG,7600,31.0,39.05,5.115,29.666666666666668,35.29,40.80505617977528,1.3300859036454602,0.7395823424581025,1.2732033241384826,1.0904918257543985,0.6344432240072161,1.0050007202677826,1.0113551343814855
6,1,Aaron Holiday,31.0,IND,PG/SG,4500,24.5,24.4,5.41,20.666666666666668,19.72,28.9258064516129,0.12883898738748303,0.11326936776385363,0.41574306515838116,-0.26104983040123203,0.8789702833452067,0.5123716080113697,0.026442376077032124
6,2,Bogdan Bogdanovic,17.8,SAC,SG/SF,5200,33.5,28.75,5.545,28.0,26.01,34.39732142857142,0.48552322532073916,0.9804719481097367,0.8106843919691032,0.2849486935049285,0.9908724969405581,-0.3784098004522814,0.33365106590043153
6,3,Thaddeus Young,26.5,CHI,PF,4600,30.0,27.9,6.09,23.0,21.840000000000003,36.391304347826086,0.41582630526481545,0.6432265001974489,0.9546127670324405,-0.07702489070630957,1.4426258777514223,0.20869612785330682,0.23174221758366761
6,4,James Harden,29.0,HOU,PG/SG,11100,37.0,61.55,5.52,36.666666666666664,59.77,62.109545454545454,3.1750043757140256,1.3177173960220245,2.810990079111357,3.2154590539297256,0.9701498647932705,0.3774047279411195,2.4991673379207233
6,5,Draymond Green,36.0,GS,PG/SF,5400,30.0,29.25,5.43,29.666666666666668,27.869999999999997,29.578651685393254,0.5265214135889296,0.6432265001974489,0.4628663141885051,0.4464045368221711,0.8955483890630362,0.8497888081869951,0.35484527807283345
6,6,Dewayne Dedmon,10.8,SAC,C,4600,26.5,27.35,5.915,17.0,15.75,42.633823529411764,0.3707282981698063,0.305981052285161,1.4052062166710082,-0.6056625712450248,1.2975674527204109,-0.850793880698157,0.1926801459750093
6,7,Gordon Hayward,49.5,BOS,SF/PF,6800,35.0,37.75,5.57,32.0,33.35,41.2890625,1.2234906141481654,1.1250057115007173,1.3081395527880082,0.9220916450901776,1.0115951290878458,1.7608152486611837,0.9036482551476737
7,0,James Harden,29.0,HOU,PG/SG,11100,37.0,61.55,5.52,36.666666666666664,59.77,62.109545454545454,3.1750043757140256,1.3177173960220245,2.810990079111357,3.2154590539297256,0.9701498647932705,0.3774047279411195,2.4991673379207233
7,1,Jarrett Culver,15.3,MIN,PG/SG,4700,25.5,24.55,5.234999999999999,27.0,21.65,23.186111111111114,0.1411384438679403,0.2096252100245073,0.0014441181915623462,-0.09351769190538319,0.7339118583141947,-0.5471184005400941,0.028310194530197525
7,2,Bogdan Bogdanovic,17.8,SAC,SG/SF,5200,33.5,28.75,5.545,28.0,26.01,34.39732142857142,0.48552322532073916,0.9804719481097367,0.8106843919691032,0.2849486935049285,0.9908724969405581,-0.3784098004522814,0.33365106590043153
7,3,Danilo Gallinari,40.5,OKC,SF/PF,6800,32.0,37.15,5.470000000000001,32.333333333333336,34.370000000000005,36.76701030927835,1.174292788226337,0.8359381847187561,0.9817317297934883,1.0106319462641498,0.9287046004986967,1.153464288345058,0.8614357503563048
7,4,Aaron Holiday,31.0,IND,PG/SG,4500,24.5,24.4,5.41,20.666666666666668,19.72,28.9258064516129,0.12883898738748303,0.11326936776385363,0.41574306515838116,-0.26104983040123203,0.8789702833452067,0.5123716080113697,0.026442376077032124
7,5,Thaddeus Young,26.5,CHI,PF,4600,30.0,27.9,6.09,23.0,21.840000000000003,36.391304347826086,0.41582630526481545,0.6432265001974489,0.9546127670324405,-0.07702489070630957,1.4426258777514223,0.20869612785330682,0.23174221758366761
7,6,Nerlens Noel,21.0,OKC,C,5100,30.0,29.85,5.825,21.666666666666668,24.310000000000002,41.330769230769235,0.5757192395107581,0.6432265001974489,1.311150000836913,0.13738152488164201,1.2229659769901766,-0.16246279233988115,0.3991557054769372
7,7,Julius Randle,45.3,NY,PF/C,8000,33.5,41.8,5.23,32.0,38.760000000000005,43.759375,1.555575939120507,0.9804719481097367,1.4864500390967632,1.3917024581795783,0.7297673318847381,1.4773848005136583,1.1961125937085977
8,0,Draymond Green,36.0,GS,PG/SF,5400,30.0,29.25,5.43,29.666666666666668,27.869999999999997,29.578651685393254,0.5265214135889296,0.6432265001974489,0.4628663141885051,0.4464045368221711,0.8955483890630362,0.8497888081869951,0.35484527807283345
8,1,James Harden,29.0,HOU,PG/SG,11100,37.0,61.55,5.52,36.666666666666664,59.77,62.109545454545454,3.1750043757140256,1.3177173960220245,2.810990079111357,3.2154590539297256,0.9701498647932705,0.3774047279411195,2.4991673379207233
8,2,DeMar DeRozan,46.5,SA,SG/SF,7900,35.0,41.85,5.275,35.666666666666664,40.79,41.067757009345804,1.5596757579473264,1.1250057115007173,1.2921654241458436,1.5679150183591493,0.7670680697498552,1.5583649285558085,1.1994412992702517
8,3,Robert Covington,25.3,MIN,SF/PF,5800,31.5,30.8,5.285,31.333333333333332,28.48,30.963829787234044,0.6536157972203196,0.7877602635884293,0.5628503368429141,0.4993551090928801,0.77535712260877,0.12771599981115675,0.4564022210907543
8,4,Bogdan Bogdanovic,17.8,SAC,SG/SF,5200,33.5,28.75,5.545,28.0,26.01,34.39732142857142,0.48552322532073916,0.9804719481097367,0.8106843919691032,0.2849486935049285,0.9908724969405581,-0.3784098004522814,0.33365106590043153
8,5,Thaddeus Young,26.5,CHI,PF,4600,30.0,27.9,6.09,23.0,21.840000000000003,36.391304347826086,0.41582630526481545,0.6432265001974489,0.9546127670324405,-0.07702489070630957,1.4426258777514223,0.20869612785330682,0.23174221758366761
8,6,Nerlens Noel,21.0,OKC,C,5100,30.0,29.85,5.825,21.666666666666668,24.310000000000002,41.330769230769235,0.5757192395107581,0.6432265001974489,1.311150000836913,0.13738152488164201,1.2229659769901766,-0.16246279233988115,0.3991557054769372
8,7,Markieff Morris,16.8,DET,PF/C,4800,25.0,25.35,5.279999999999999,22.0,22.009999999999998,28.806818181818183,0.20673554509704492,0.16144728889418047,0.40715433144467766,-0.062268173843981374,0.7712125961793118,-0.4458932404874065,0.10340662538925499
9,0,James Harden,29.0,HOU,PG/SG,11100,37.0,61.55,5.52,36.666666666666664,59.77,62.109545454545454,3.1750043757140256,1.3177173960220245,2.810990079111357,3.2154590539297256,0.9701498647932705,0.3774047279411195,2.4991673379207233
9,1,DeMar DeRozan,46.5,SA,SG/SF,7900,35.0,41.85,5.275,35.666666666666664,40.79,41.067757009345804,1.5596757579473264,1.1250057115007173,1.2921654241458436,1.5679150183591493,0.7670680697498552,1.5583649285558085,1.1994412992702517
9,2,Draymond Green,36.0,GS,PG/SF,5400,30.0,29.25,5.43,29.666666666666668,27.869999999999997,29.578651685393254,0.5265214135889296,0.6432265001974489,0.4628663141885051,0.4464045368221711,0.8955483890630362,0.8497888081869951,0.35484527807283345
9,3,Aaron Gordon,18.5,ORL,SF/PF,5900,34.5,32.15,5.46,33.333333333333336,30.43,33.27525,0.7643109055444334,1.0768277903703904,0.7296917636673276,0.6686233319254735,0.9204155476397812,-0.3311713924276939,0.5478588611754772
9,4,Bogdan Bogdanovic,17.8,SAC,SG/SF,5200,33.5,28.75,5.545,28.0,26.01,34.39732142857142,0.48552322532073916,0.9804719481097367,0.8106843919691032,0.2849486935049285,0.9908724969405581,-0.3784098004522814,0.33365106590043153
9,5,Thaddeus Young,26.5,CHI,PF,4600,30.0,27.9,6.09,23.0,21.840000000000003,36.391304347826086,0.41582630526481545,0.6432265001974489,0.9546127670324405,-0.07702489070630957,1.4426258777514223,0.20869612785330682,0.23174221758366761
9,6,Dewayne Dedmon,10.8,SAC,C,4600,26.5,27.35,5.915,17.0,15.75,42.633823529411764,0.3707282981698063,0.305981052285161,1.4052062166710082,-0.6056625712450248,1.2975674527204109,-0.850793880698157,0.1926801459750093
9,7,T.J. McConnell,28.8,IND,PG,4900,26.0,24.8,5.07,21.666666666666668,21.380000000000003,29.759999999999998,0.16163753800203548,0.25780313115483416,0.4759562800000377,-0.11695483045143425,0.597142486142099,0.36390803993409454,0.08671825628679061
10,0,James Harden,29.0,HOU,PG/SG,11100,37.0,61.55,5.52,36.666666666666664,59.77,62.109545454545454,3.1750043757140256,1.3177173960220245,2.810990079111357,3.2154590539297256,0.9701498647932705,0.3774047279411195,2.4991673379207233
10,1,Evan Fournier,41.8,ORL,SG/SF,5600,32.0,28.6,5.085,33.0,29.420000000000005,27.733333333333334,0.47322376884028217,0.8359381847187561,0.3296687479897853,0.5809510729198742,0.609576065430471,1.2411927603907205,0.3447148754709817
10,2,Gordon Hayward,49.5,BOS,SF/PF,6800,35.0,37.75,5.57,32.0,33.35,41.2890625,1.2234906141481654,1.1250057115007173,1.3081395527880082,0.9220916450901776,1.0115951290878458,1.7608152486611837,0.9036482551476737
10,3,Thaddeus Young,26.5,CHI,PF,4600,30.0,27.9,6.09,23.0,21.840000000000003,36.391304347826086,0.41582630526481545,0.6432265001974489,0.9546127670324405,-0.07702489070630957,1.4426258777514223,0.20869612785330682,0.23174221758366761
10,4,Draymond Green,36.0,GS,PG/SF,5400,30.0,29.25,5.43,29.666666666666668,27.869999999999997,29.578651685393254,0.5265214135889296,0.6432265001974489,0.4628663141885051,0.4464045368221711,0.8955483890630362,0.8497888081869951,0.35484527807283345
10,5,Christian Wood,32.5,DET,PF/C,4700,24.5,26.4,5.62,18.0,21.9,35.93333333333333,0.2928317404602444,0.11326936776385363,0.9215558018470571,-0.07181663769607634,1.0530403933824204,0.6135967680640573,0.17916690305909347
10,6,Nerlens Noel,21.0,OKC,C,5100,30.0,29.85,5.825,21.666666666666668,24.310000000000002,41.330769230769235,0.5757192395107581,0.6432265001974489,1.311150000836913,0.13738152488164201,1.2229659769901766,-0.16246279233988115,0.3991557054769372
10,7,Aaron Gordon,18.5,ORL,SF/PF,5900,34.5,32.15,5.46,33.333333333333336,30.43,33.27525,0.7643109055444334,1.0768277903703904,0.7296917636673276,0.6686233319254735,0.9204155476397812,-0.3311713924276939,0.5478588611754772
11,0,James Harden,29.0,HOU,PG/SG,11100,37.0,61.55,5.52,36.666666666666664,59.77,62.109545454545454,3.1750043757140256,1.3177173960220245,2.810990079111357,3.2154590539297256,0.9701498647932705,0.3774047279411195,2.4991673379207233
11,1,DeMar DeRozan,46.5,SA,SG/SF,7900,35.0,41.85,5.275,35.666666666666664,40.79,41.067757009345804,1.5596757579473264,1.1250057115007173,1.2921654241458436,1.5679150183591493,0.7670680697498552,1.5583649285558085,1.1994412992702517
11,2,Draymond Green,36.0,GS,PG/SF,5400,30.0,29.25,5.43,29.666666666666668,27.869999999999997,29.578651685393254,0.5265214135889296,0.6432265001974489,0.4628663141885051,0.4464045368221711,0.8955483890630362,0.8497888081869951,0.35484527807283345
11,3,Marcus Morris Sr.,39.0,NY,SF/PF,6000,34.0,30.85,5.140000000000001,33.666666666666664,31.77,31.15544554455446,0.6577156160471388,1.0286498692400636,0.5766814205103544,0.7849409824873582,0.6551658561545037,1.0522391282923704,0.49939358832806435
11,4,Duncan Robinson,33.3,MIA,SG/SF,4400,34.5,22.5,5.135,29.666666666666668,21.36,26.16573033707865,-0.026954128031640177,1.0768277903703904,0.2165170505421002,-0.11869091478817906,0.6510213297250456,0.6675835200921572,-0.056213924511323975
11,5,Thaddeus Young,26.5,CHI,PF,4600,30.0,27.9,6.09,23.0,21.840000000000003,36.391304347826086,0.41582630526481545,0.6432265001974489,0.9546127670324405,-0.07702489070630957,1.4426258777514223,0.20869612785330682,0.23174221758366761
11,6,Dewayne Dedmon,10.8,SAC,C,4600,26.5,27.35,5.915,17.0,15.75,42.633823529411764,0.3707282981698063,0.305981052285161,1.4052062166710082,-0.6056625712450248,1.2975674527204109,-0.850793880698157,0.1926801459750093
11,7,Aaron Gordon,18.5,ORL,SF/PF,5900,34.5,32.15,5.46,33.333333333333336,30.43,33.27525,0.7643109055444334,1.0768277903703904,0.7296917636673276,0.6686233319254735,0.9204155476397812,-0.3311713924276939,0.5478588611754772
12,0,James Harden,29.0,HOU,PG/SG,11100,37.0,61.55,5.52,36.666666666666664,59.77,62.109545454545454,3.1750043757140256,1.3177173960220245,2.810990079111357,3.2154590539297256,0.9701498647932705,0.3774047279411195,2.4991673379207233
12,1,Bogdan Bogdanovic,17.8,SAC,SG/SF,5200,33.5,28.75,5.545,28.0,26.01,34.39732142857142,0.48552322532073916,0.9804719481097367,0.8106843919691032,0.2849486935049285,0.9908724969405581,-0.3784098004522814,0.33365106590043153
12,2,DeMar DeRozan,46.5,SA,SG/SF,7900,35.0,41.85,5.275,35.666666666666664,40.79,41.067757009345804,1.5596757579473264,1.1250057115007173,1.2921654241458436,1.5679150183591493,0.7670680697498552,1.5583649285558085,1.1994412992702517
12,3,Christian Wood,32.5,DET,PF/C,4700,24.5,26.4,5.62,18.0,21.9,35.93333333333333,0.2928317404602444,0.11326936776385363,0.9215558018470571,-0.07181663769607634,1.0530403933824204,0.6135967680640573,0.17916690305909347
12,4,Alec Burks,28.3,GS,PG/SG,5900,27.0,25.75,4.34,31.0,29.830000000000002,22.42741935483871,0.2395340957115971,0.3541589734154878,-0.05331927551647076,0.6165408018231372,-0.007958372558691874,0.330166319916532,0.21308826043391554
12,5,Thaddeus Young,26.5,CHI,PF,4600,30.0,27.9,6.09,23.0,21.840000000000003,36.391304347826086,0.41582630526481545,0.6432265001974489,0.9546127670324405,-0.07702489070630957,1.4426258777514223,0.20869612785330682,0.23174221758366761
12,6,Dewayne Dedmon,10.8,SAC,C,4600,26.5,27.35,5.915,17.0,15.75,42.633823529411764,0.3707282981698063,0.305981052285161,1.4052062166710082,-0.6056625712450248,1.2975674527204109,-0.850793880698157,0.1926801459750093
12,7,Robert Covington,25.3,MIN,SF/PF,5800,31.5,30.8,5.285,31.333333333333332,28.48,30.963829787234044,0.6536157972203196,0.7877602635884293,0.5628503368429141,0.4993551090928801,0.77535712260877,0.12771599981115675,0.4564022210907543
13,0,Draymond Green,36.0,GS,PG/SF,5400,30.0,29.25,5.43,29.666666666666668,27.869999999999997,29.578651685393254,0.5265214135889296,0.6432265001974489,0.4628663141885051,0.4464045368221711,0.8955483890630362,0.8497888081869951,0.35484527807283345
13,1,James Harden,29.0,HOU,PG/SG,11100,37.0,61.55,5.52,36.666666666666664,59.77,62.109545454545454,3.1750043757140256,1.3177173960220245,2.810990079111357,3.2154590539297256,0.9701498647932705,0.3774047279411195,2.4991673379207233
13,2,Gordon Hayward,49.5,BOS,SF/PF,6800,35.0,37.75,5.57,32.0,33.35,41.2890625,1.2234906141481654,1.1250057115007173,1.3081395527880082,0.9220916450901776,1.0115951290878458,1.7608152486611837,0.9036482551476737
13,3,Thaddeus Young,26.5,CHI,PF,4600,30.0,27.9,6.09,23.0,21.840000000000003,36.391304347826086,0.41582630526481545,0.6432265001974489,0.9546127670324405,-0.07702489070630957,1.4426258777514223,0.20869612785330682,0.23174221758366761
13,4,Bogdan Bogdanovic,17.8,SAC,SG/SF,5200,33.5,28.75,5.545,28.0,26.01,34.39732142857142,0.48552322532073916,0.9804719481097367,0.8106843919691032,0.2849486935049285,0.9908724969405581,-0.3784098004522814,0.33365106590043153
13,5,Buddy Hield,36.0,SAC,SG/SF,6900,30.5,32.95,4.79,35.666666666666664,34.53000000000001,28.176869158878507,0.8299080067735383,0.6914044213277757,0.36168376177784445,1.0245206209581066,0.3650490060924805,0.8497888081869951,0.635200234764287
13,6,Christian Wood,32.5,DET,PF/C,4700,24.5,26.4,5.62,18.0,21.9,35.93333333333333,0.2928317404602444,0.11326936776385363,0.9215558018470571,-0.07181663769607634,1.0530403933824204,0.6135967680640573,0.17916690305909347
13,7,Rudy Gay,9.3,SA,SF/PF,3700,18.0,17.9,4.85,21.666666666666668,21.54,14.870769230769229,-0.4041374600989915,-0.5130436069303953,-0.5987684680732606,-0.10306615575747816,0.4147833232459698,-0.9520190407508446,-0.3410308818959377
14,0,Draymond Green,36.0,GS,PG/SF,5400,30.0,29.25,5.43,29.666666666666668,27.869999999999997,29.578651685393254,0.5265214135889296,0.6432265001974489,0.4628663141885051,0.4464045368221711,0.8955483890630362,0.8497888081869951,0.35484527807283345
14,1,Jarrett Culver,15.3,MIN,PG/SG,4700,25.5,24.55,5.234999999999999,27.0,21.65,23.186111111111114,0.1411384438679403,0.2096252100245073,0.0014441181915623462,-0.09351769190538319,0.7339118583141947,-0.5471184005400941,0.028310194530197525
14,2,Aaron Gordon,18.5,ORL,SF/PF,5900,34.5,32.15,5.46,33.333333333333336,30.43,33.27525,0.7643109055444334,1.0768277903703904,0.7296917636673276,0.6686233319254735,0.9204155476397812,-0.3311713924276939,0.5478588611754772
14,3,Gordon Hayward,49.5,BOS,SF/PF,6800,35.0,37.75,5.57,32.0,33.35,41.2890625,1.2234906141481654,1.1250057115007173,1.3081395527880082,0.9220916450901776,1.0115951290878458,1.7608152486611837,0.9036482551476737
14,4,James Harden,29.0,HOU,PG/SG,11100,37.0,61.55,5.52,36.666666666666664,59.77,62.109545454545454,3.1750043757140256,1.3177173960220245,2.810990079111357,3.2154590539297256,0.9701498647932705,0.3774047279411195,2.4991673379207233
14,5,DeMar DeRozan,46.5,SA,SG/SF,7900,35.0,41.85,5.275,35.666666666666664,40.79,41.067757009345804,1.5596757579473264,1.1250057115007173,1.2921654241458436,1.5679150183591493,0.7670680697498552,1.5583649285558085,1.1994412992702517
14,6,Patrick Patterson,13.8,LAC,PF/C,3000,0.0,2.15,0.71,8.333333333333334,7.709999999999999,0.0,-1.6955803905469875,-2.2474487676221613,-1.6721606374136717,-1.3035684746163332,-3.0168845603448142,-0.6483435605927818,-1.1339709265428937
14,7,Nerlens Noel,21.0,OKC,C,5100,30.0,29.85,5.825,21.666666666666668,24.310000000000002,41.330769230769235,0.5757192395107581,0.6432265001974489,1.311150000836913,0.13738152488164201,1.2229659769901766,-0.16246279233988115,0.3991557054769372
15,0,Aaron Holiday,31.0,IND,PG/SG,4500,24.5,24.4,5.41,20.666666666666668,19.72,28.9258064516129,0.12883898738748303,0.11326936776385363,0.41574306515838116,-0.26104983040123203,0.8789702833452067,0.5123716080113697,0.026442376077032124
15,1,Cam Reddish,33.0,ATL,SG/SF,4400,28.0,18.8,4.25,29.333333333333332,19.56,17.94545454545455,-0.3303407212162487,0.4505148156761415,-0.37683353728700275,-0.27493850509518847,-0.0825598482889262,0.6473384880816199,-0.26166328399237954
15,2,Draymond Green,36.0,GS,PG/SF,5400,30.0,29.25,5.43,29.666666666666668,27.869999999999997,29.578651685393254,0.5265214135889296,0.6432265001974489,0.4628663141885051,0.4464045368221711,0.8955483890630362,0.8497888081869951,0.35484527807283345
15,3,Thaddeus Young,26.5,CHI,PF,4600,30.0,27.9,6.09,23.0,21.840000000000003,36.391304347826086,0.41582630526481545,0.6432265001974489,0.9546127670324405,-0.07702489070630957,1.4426258777514223,0.20869612785330682,0.23174221758366761
15,4,James Harden,29.0,HOU,PG/SG,11100,37.0,61.55,5.52,36.666666666666664,59.77,62.109545454545454,3.1750043757140256,1.3177173960220245,2.810990079111357,3.2154590539297256,0.9701498647932705,0.3774047279411195,2.4991673379207233
15,5,Gordon Hayward,49.5,BOS,SF/PF,6800,35.0,37.75,5.57,32.0,33.35,41.2890625,1.2234906141481654,1.1250057115007173,1.3081395527880082,0.9220916450901776,1.0115951290878458,1.7608152486611837,0.9036482551476737
15,6,Nerlens Noel,21.0,OKC,C,5100,30.0,29.85,5.825,21.666666666666668,24.310000000000002,41.330769230769235,0.5757192395107581,0.6432265001974489,1.311150000836913,0.13738152488164201,1.2229659769901766,-0.16246279233988115,0.3991557054769372
15,7,Bogdan Bogdanovic,17.8,SAC,SG/SF,5200,33.5,28.75,5.545,28.0,26.01,34.39732142857142,0.48552322532073916,0.9804719481097367,0.8106843919691032,0.2849486935049285,0.9908724969405581,-0.3784098004522814,0.33365106590043153
16,0,Jarrett Culver,15.3,MIN,PG/SG,4700,25.5,24.55,5.234999999999999,27.0,21.65,23.186111111111114,0.1411384438679403,0.2096252100245073,0.0014441181915623462,-0.09351769190538319,0.7339118583141947,-0.5471184005400941,0.028310194530197525
16,1,James Harden,29.0,HOU,PG/SG,11100,37.0,61.55,5.52,36.666666666666664,59.77,62.109545454545454,3.1750043757140256,1.3177173960220245,2.810990079111357,3.2154590539297256,0.9701498647932705,0.3774047279411195,2.4991673379207233
16,2,Bogdan Bogdanovic,17.8,SAC,SG/SF,5200,33.5,28.75,5.545,28.0,26.01,34.39732142857142,0.48552322532073916,0.9804719481097367,0.8106843919691032,0.2849486935049285,0.9908724969405581,-0.3784098004522814,0.33365106590043153
16,3,Aaron Gordon,18.5,ORL,SF/PF,5900,34.5,32.15,5.46,33.333333333333336,30.43,33.27525,0.7643109055444334,1.0768277903703904,0.7296917636673276,0.6686233319254735,0.9204155476397812,-0.3311713924276939,0.5478588611754772
16,4,Aaron Holiday,31.0,IND,PG/SG,4500,24.5,24.4,5.41,20.666666666666668,19.72,28.9258064516129,0.12883898738748303,0.11326936776385363,0.41574306515838116,-0.26104983040123203,0.8789702833452067,0.5123716080113697,0.026442376077032124
16,5,Cam Reddish,33.0,ATL,SG/SF,4400,28.0,18.8,4.25,29.333333333333332,19.56,17.94545454545455,-0.3303407212162487,0.4505148156761415,-0.37683353728700275,-0.27493850509518847,-0.0825598482889262,0.6473384880816199,-0.26166328399237954
16,6,Christian Wood,32.5,DET,PF/C,4700,24.5,26.4,5.62,18.0,21.9,35.93333333333333,0.2928317404602444,0.11326936776385363,0.9215558018470571,-0.07181663769607634,1.0530403933824204,0.6135967680640573,0.17916690305909347
16,7,Clint Capela,38.8,HOU,C,7600,33.5,39.9,5.25,32.0,39.38,41.770312499999996,1.3997828237013838,0.9804719481097367,1.3428768265281068,1.445521072618659,0.7463454376025676,1.0387424402853451,1.0917269912115966
17,0,James Harden,29.0,HOU,PG/SG,11100,37.0,61.55,5.52,36.666666666666664,59.77,62.109545454545454,3.1750043757140256,1.3177173960220245,2.810990079111357,3.2154590539297256,0.9701498647932705,0.3774047279411195,2.4991673379207233
17,1,Michael Carter-Williams,14.5,ORL,PG/SG,3600,19.0,17.35,4.84,16.666666666666668,15.65,19.779,-0.44923546719400065,-0.4166877646697416,-0.24448575470111253,-0.6143429929287474,0.406494270387055,-0.6011051525681942,-0.39535963390354256
17,2,Robert Covington,25.3,MIN,SF/PF,5800,31.5,30.8,5.285,31.333333333333332,28.48,30.963829787234044,0.6536157972203196,0.7877602635884293,0.5628503368429141,0.4993551090928801,0.77535712260877,0.12771599981115675,0.4564022210907543
17,3,Thaddeus Young,26.5,CHI,PF,4600,30.0,27.9,6.09,23.0,21.840000000000003,36.391304347826086,0.41582630526481545,0.6432265001974489,0.9546127670324405,-0.07702489070630957,1.4426258777514223,0.20869612785330682,0.23174221758366761
17,4,Aaron Holiday,31.0,IND,PG/SG,4500,24.5,24.4,5.41,20.666666666666668,19.72,28.9258064516129,0.12883898738748303,0.11326936776385363,0.41574306515838116,-0.26104983040123203,0.8789702833452067,0.5123716080113697,0.026442376077032124
17,5,Aaron Gordon,18.5,ORL,SF/PF,5900,34.5,32.15,5.46,33.333333333333336,30.43,33.27525,0.7643109055444334,1.0768277903703904,0.7296917636673276,0.6686233319254735,0.9204155476397812,-0.3311713924276939,0.5478588611754772
17,6,Christian Wood,32.5,DET,PF/C,4700,24.5,26.4,5.62,18.0,21.9,35.93333333333333,0.2928317404602444,0.11326936776385363,0.9215558018470571,-0.07181663769607634,1.0530403933824204,0.6135967680640573,0.17916690305909347
17,7,Draymond Green,36.0,GS,PG/SF,5400,30.0,29.25,5.43,29.666666666666668,27.869999999999997,29.578651685393254,0.5265214135889296,0.6432265001974489,0.4628663141885051,0.4464045368221711,0.8955483890630362,0.8497888081869951,0.35484527807283345
18,0,Aaron Holiday,31.0,IND,PG/SG,4500,24.5,24.4,5.41,20.666666666666668,19.72,28.9258064516129,0.12883898738748303,0.11326936776385363,0.41574306515838116,-0.26104983040123203,0.8789702833452067,0.5123716080113697,0.026442376077032124
18,1,James Harden,29.0,HOU,PG/SG,11100,37.0,61.55,5.52,36.666666666666664,59.77,62.109545454545454,3.1750043757140256,1.3177173960220245,2.810990079111357,3.2154590539297256,0.9701498647932705,0.3774047279411195,2.4991673379207233
18,2,DeMar DeRozan,46.5,SA,SG/SF,7900,35.0,41.85,5.275,35.666666666666664,40.79,41.067757009345804,1.5596757579473264,1.1250057115007173,1.2921654241458436,1.5679150183591493,0.7670680697498552,1.5583649285558085,1.1994412992702517
18,3,Thon Maker,26.0,DET,PF/C,3900,24.0,19.3,4.945,11.333333333333334,11.24,40.870588235294115,-0.28934253294805834,0.06509144663352678,1.277933516245099,-0.9971495891809203,0.4935293254056622,0.17495440783574426,-0.21835832585264886
18,4,Elfrid Payton,39.0,NY,PG,5500,29.5,29.35,5.335,28.0,27.389999999999997,30.92232142857143,0.5347210512425677,0.595048579067122,0.5598542075600768,0.404738512740302,0.8168023869033445,1.0522391282923704,0.36871690823795833
18,5,Thaddeus Young,26.5,CHI,PF,4600,30.0,27.9,6.09,23.0,21.840000000000003,36.391304347826086,0.41582630526481545,0.6432265001974489,0.9546127670324405,-0.07702489070630957,1.4426258777514223,0.20869612785330682,0.23174221758366761
18,6,Nerlens Noel,21.0,OKC,C,5100,30.0,29.85,5.825,21.666666666666668,24.310000000000002,41.330769230769235,0.5757192395107581,0.6432265001974489,1.311150000836913,0.13738152488164201,1.2229659769901766,-0.16246279233988115,0.3991557054769372
18,7,Torrey Craig,35.5,DEN,SG/SF,4400,24.0,14.35,3.255,19.666666666666668,11.51,17.51186440677966,-0.6952245968031429,0.06509144663352678,-0.4081306579896668,-0.9737124506348689,-0.9073206077509626,0.8160470881694326,-0.5124467026387298
19,0,Aaron Holiday,31.0,IND,PG/SG,4500,24.5,24.4,5.41,20.666666666666668,19.72,28.9258064516129,0.12883898738748303,0.11326936776385363,0.41574306515838116,-0.26104983040123203,0.8789702833452067,0.5123716080113697,0.026442376077032124
19,1,DeMar DeRozan,46.5,SA,SG/SF,7900,35.0,41.85,5.275,35.666666666666664,40.79,41.067757009345804,1.5596757579473264,1.1250057115007173,1.2921654241458436,1.5679150183591493,0.7670680697498552,1.5583649285558085,1.1994412992702517
19,2,Keita Bates-Diop,29.5,MIN,SF/PF,3000,14.0,11.45,3.825,16.0,13.61,10.018749999999999,-0.9330140887586469,-0.89846697597301,-0.948993756824337,-0.7914235952766914,-0.4348445947928109,0.41114644795868205,-0.7176027657132045
19,3,Marcus Morris Sr.,39.0,NY,SF/PF,6000,34.0,30.85,5.140000000000001,33.666666666666664,31.77,31.15544554455446,0.6577156160471388,1.0286498692400636,0.5766814205103544,0.7849409824873582,0.6551658561545037,1.0522391282923704,0.49939358832806435
19,4,James Harden,29.0,HOU,PG/SG,11100,37.0,61.55,5.52,36.666666666666664,59.77,62.109545454545454,3.1750043757140256,1.3177173960220245,2.810990079111357,3.2154590539297256,0.9701498647932705,0.3774047279411195,2.4991673379207233
19,5,Sekou Doumbouya,12.8,DET,SF/PF,4500,27.0,20.4,4.529999999999999,22.666666666666668,16.380000000000003,24.299999999999997,-0.19914651875803976,0.3541589734154878,0.08184611974873206,-0.5509759146375712,0.14953363176069154,-0.7158270006279068,-0.18795194130990614
19,6,Nerlens Noel,21.0,OKC,C,5100,30.0,29.85,5.825,21.666666666666668,24.310000000000002,41.330769230769235,0.5757192395107581,0.6432265001974489,1.311150000836913,0.13738152488164201,1.2229659769901766,-0.16246279233988115,0.3991557054769372
19,7,Thaddeus Young,26.5,CHI,PF,4600,30.0,27.9,6.09,23.0,21.840000000000003,36.391304347826086,0.41582630526481545,0.6432265001974489,0.9546127670324405,-0.07702489070630957,1.4426258777514223,0.20869612785330682,0.23174221758366761
20,0,Dennis Schroder,37.8,OKC,PG/SG,6500,32.0,32.75,5.02,33.0,32.57000000000001,31.757575757575758,0.8135087314662619,0.8359381847187561,0.6201439909766505,0.8543843559571408,0.5556972218475237,0.97125900025022,0.6146360308515821
20,1,DeMar DeRozan,46.5,SA,SG/SF,7900,35.0,41.85,5.275,35.666666666666664,40.79,41.067757009345804,1.5596757579473264,1.1250057115007173,1.2921654241458436,1.5679150183591493,0.7670680697498552,1.5583649285558085,1.1994412992702517
20,2,Draymond Green,36.0,GS,PG/SF,5400,30.0,29.25,5.43,29.666666666666668,27.869999999999997,29.578651685393254,0.5265214135889296,0.6432265001974489,0.4628663141885051,0.4464045368221711,0.8955483890630362,0.8497888081869951,0.35484527807283345
20,3,Gordon Hayward,49.5,BOS,SF/PF,6800,35.0,37.75,5.57,32.0,33.35,41.2890625,1.2234906141481654,1.1250057115007173,1.3081395527880082,0.9220916450901776,1.0115951290878458,1.7608152486611837,0.9036482551476737
20,4,Torrey Craig,35.5,DEN,SG/SF,4400,24.0,14.35,3.255,19.666666666666668,11.51,17.51186440677966,-0.6952245968031429,0.06509144663352678,-0.4081306579896668,-0.9737124506348689,-0.9073206077509626,0.8160470881694326,-0.5124467026387298
20,5,Thaddeus Young,26.5,CHI,PF,4600,30.0,27.9,6.09,23.0,21.840000000000003,36.391304347826086,0.41582630526481545,0.6432265001974489,0.9546127670324405,-0.07702489070630957,1.4426258777514223,0.20869612785330682,0.23174221758366761
20,6,Patrick Patterson,13.8,LAC,PF/C,3000,0.0,2.15,0.71,8.333333333333334,7.709999999999999,0.0,-1.6955803905469875,-2.2474487676221613,-1.6721606374136717,-1.3035684746163332,-3.0168845603448142,-0.6483435605927818,-1.1339709265428937
20,7,James Harden,29.0,HOU,PG/SG,11100,37.0,61.55,5.52,36.666666666666664,59.77,62.109545454545454,3.1750043757140256,1.3177173960220245,2.810990079111357,3.2154590539297256,0.9701498647932705,0.3774047279411195,2.4991673379207233
21,0,Brad Wanamaker,11.0,BOS,PG/SG,3300,24.0,17.85,5.415,22.0,15.530000000000001,19.472727272727273,-0.4082372789258103,0.06509144663352678,-0.26659293302090353,-0.6247594989492147,0.8831148097746641,-0.837297192691132,-0.40502700408675685
21,1,Bogdan Bogdanovic,17.8,SAC,SG/SF,5200,33.5,28.75,5.545,28.0,26.01,34.39732142857142,0.48552322532073916,0.9804719481097367,0.8106843919691032,0.2849486935049285,0.9908724969405581,-0.3784098004522814,0.33365106590043153
21,2,Draymond Green,36.0,GS,PG/SF,5400,30.0,29.25,5.43,29.666666666666668,27.869999999999997,29.578651685393254,0.5265214135889296,0.6432265001974489,0.4628663141885051,0.4464045368221711,0.8955483890630362,0.8497888081869951,0.35484527807283345
21,3,Deandre Ayton,30.8,PHO,PF/C,8500,35.5,43.75,5.125,34.333333333333336,42.17,45.23665048543689,1.7154688733664496,1.173183632631044,1.5930817750493014,1.6877048375945234,0.6427322768661309,0.49887492000434475,1.342953899409937
21,4,Aaron Holiday,31.0,IND,PG/SG,4500,24.5,24.4,5.41,20.666666666666668,19.72,28.9258064516129,0.12883898738748303,0.11326936776385363,0.41574306515838116,-0.26104983040123203,0.8789702833452067,0.5123716080113697,0.026442376077032124
21,5,Aaron Gordon,18.5,ORL,SF/PF,5900,34.5,32.15,5.46,33.333333333333336,30.43,33.27525,0.7643109055444334,1.0768277903703904,0.7296917636673276,0.6686233319254735,0.9204155476397812,-0.3311713924276939,0.5478588611754772
21,6,Nerlens Noel,21.0,OKC,C,5100,30.0,29.85,5.825,21.666666666666668,24.310000000000002,41.330769230769235,0.5757192395107581,0.6432265001974489,1.311150000836913,0.13738152488164201,1.2229659769901766,-0.16246279233988115,0.3991557054769372
21,7,Robert Covington,25.3,MIN,SF/PF,5800,31.5,30.8,5.285,31.333333333333332,28.48,30.963829787234044,0.6536157972203196,0.7877602635884293,0.5628503368429141,0.4993551090928801,0.77535712260877,0.12771599981115675,0.4564022210907543
22,0,Jarrett Culver,15.3,MIN,PG/SG,4700,25.5,24.55,5.234999999999999,27.0,21.65,23.186111111111114,0.1411384438679403,0.2096252100245073,0.0014441181915623462,-0.09351769190538319,0.7339118583141947,-0.5471184005400941,0.028310194530197525
22,1,Landry Shamet,35.5,LAC,SG/SF,4300,32.5,20.2,4.6899999999999995,32.0,18.640000000000004,20.515625,-0.21554579406531582,0.8841161058490831,-0.19131516920750116,-0.35479838458543717,0.2821584775033306,0.8160470881694326,-0.2081773412932979
22,2,Danilo Gallinari,40.5,OKC,SF/PF,6800,32.0,37.15,5.470000000000001,32.333333333333336,34.370000000000005,36.76701030927835,1.174292788226337,0.8359381847187561,0.9817317297934883,1.0106319462641498,0.9287046004986967,1.153464288345058,0.8614357503563048
22,3,Thon Maker,26.0,DET,PF/C,3900,24.0,19.3,4.945,11.333333333333334,11.24,40.870588235294115,-0.28934253294805834,0.06509144663352678,1.277933516245099,-0.9971495891809203,0.4935293254056622,0.17495440783574426,-0.21835832585264886
22,4,Bogdan Bogdanovic,17.8,SAC,SG/SF,5200,33.5,28.75,5.545,28.0,26.01,34.39732142857142,0.48552322532073916,0.9804719481097367,0.8106843919691032,0.2849486935049285,0.9908724969405581,-0.3784098004522814,0.33365106590043153
22,5,Aaron Gordon,18.5,ORL,SF/PF,5900,34.5,32.15,5.46,33.333333333333336,30.43,33.27525,0.7643109055444334,1.0768277903703904,0.7296917636673276,0.6686233319254735,0.9204155476397812,-0.3311713924276939,0.5478588611754772
22,6,Christian Wood,32.5,DET,PF/C,4700,24.5,26.4,5.62,18.0,21.9,35.93333333333333,0.2928317404602444,0.11326936776385363,0.9215558018470571,-0.07181663769607634,1.0530403933824204,0.6135967680640573,0.17916690305909347
22,7,Gordon Hayward,49.5,BOS,SF/PF,6800,35.0,37.75,5.57,32.0,33.35,41.2890625,1.2234906141481654,1.1250057115007173,1.3081395527880082,0.9220916450901776,1.0115951290878458,1.7608152486611837,0.9036482551476737
23,0,Kemba Walker,60.5,BOS,PG,7500,34.5,39.25,5.234999999999999,30.666666666666668,38.67,44.15624999999999,1.3464851789527366,1.0768277903703904,1.5150970115967146,1.3838900786642274,0.7339118583141947,2.5031330890475596,1.0666524711112602
23,1,Svi Mykhailiuk,18.3,DET,SG/SF,4900,31.0,23.3,4.75,25.666666666666668,18.699999999999996,28.14155844155844,0.03864297319746444,0.7395823424581025,0.3591349866017273,-0.34959013157520424,0.3318927946568207,-0.34466808043471886,-0.007047111105007458
23,2,Terrence Ross,19.5,ORL,SG/SF,5400,28.5,24.7,4.57,28.333333333333332,24.259999999999998,24.84529411764706,0.1534379003483973,0.4986927368064683,0.12120618423407613,0.13304131403978028,0.18268984319635204,-0.26368795239256876,0.1079361589967495
23,3,Doug McDermott,32.5,IND,SF/PF,3600,22.5,17.5,4.880000000000001,22.333333333333332,17.619999999999997,17.630597014925375,-0.43693601071354365,-0.07944231675745372,-0.3995603782784283,-0.4433386857594097,0.43965048182271554,0.6135967680640573,-0.3839744316689786
23,4,Dennis Schroder,37.8,OKC,PG/SG,6500,32.0,32.75,5.02,33.0,32.57000000000001,31.757575757575758,0.8135087314662619,0.8359381847187561,0.6201439909766505,0.8543843559571408,0.5556972218475237,0.97125900025022,0.6146360308515821
23,5,Eric Gordon,40.3,HOU,SG/SF,4600,29.5,22.450000000000003,4.87,29.333333333333332,21.29,22.577556818181822,-0.03105394685845898,0.595048579067122,-0.04248215102235395,-0.124767209966785,0.43136142896380003,1.1399676003380328,-0.06575350104969306
23,6,James Johnson,6.0,MIA,PF/C,4000,22.5,18.65,4.65,22.333333333333332,15.469999999999999,18.78917910447761,-0.34264017769670596,-0.07944231675745372,-0.315932361249541,-0.6299677519594485,0.2490022660676716,-1.1747143928667574,-0.3255893103921903
23,7,De'Anthony Melton,27.0,MEM,PG/SG,4700,20.5,21.0,4.48,20.666666666666668,21.04,20.830645161290324,-0.14994869283621123,-0.2721540012787611,-0.16857658930850453,-0.14646826417609185,0.10808836746611772,0.24243784787086936,-0.1308337612721866
24,0,Lou Williams,29.0,LAC,PG/SG,7400,33.0,36.05,4.85,30.666666666666668,34.86999999999999,38.79293478260869,1.084096774036318,0.9322940269794099,1.1279656892882253,1.0540340546827622,0.4147833232459698,0.3774047279411195,0.8566701056375484
24,1,Alec Burks,28.3,GS,PG/SG,5900,27.0,25.75,4.34,31.0,29.830000000000002,22.42741935483871,0.2395340957115971,0.3541589734154878,-0.05331927551647076,0.6165408018231372,-0.007958372558691874,0.330166319916532,0.21308826043391554
24,2,Bogdan Bogdanovic,17.8,SAC,SG/SF,5200,33.5,28.75,5.545,28.0,26.01,34.39732142857142,0.48552322532073916,0.9804719481097367,0.8106843919691032,0.2849486935049285,0.9908724969405581,-0.3784098004522814,0.33365106590043153
24,3,Meyers Leonard,9.0,MIA,PF,3600,22.5,17.35,4.795,19.333333333333332,16.07,20.191810344827587,-0.44923546719400065,-0.07944231675745372,-0.21468854753016067,-0.5778852218571119,0.3691935325219378,-0.9722640727613822,-0.3864009493558585
24,4,Allen Crabbe,10.5,MIN,SG/SF,3000,17.5,12.0,3.975,18.333333333333332,10.559999999999999,11.454545454545455,-0.8879160816636374,-0.5612215280607221,-0.8453561054179257,-1.056176456630235,-0.3105088019090869,-0.8710389127086946,-0.7182160512076294
24,5,Svi Mykhailiuk,18.3,DET,SG/SF,4900,31.0,23.3,4.75,25.666666666666668,18.699999999999996,28.14155844155844,0.03864297319746444,0.7395823424581025,0.3591349866017273,-0.34959013157520424,0.3318927946568207,-0.34466808043471886,-0.007047111105007458
24,6,Marquese Chriss,25.8,GS,PF/C,3700,23.5,18.0,4.875,17.666666666666668,18.8,23.943396226415093,-0.3959378224453533,0.01691352550319995,0.05610597865829855,-0.3409097098914811,0.4355059553932574,0.1614577198287193,-0.30958301340499017
24,7,Kelly Oubre Jr.,40.3,PHO,SF/PF,6900,36.5,34.55,4.985,35.333333333333336,34.21,35.69080188679244,0.9611022092317469,1.2695394748916977,0.9040495550957366,0.9967432715701932,0.526685536841322,1.1399676003380328,0.7476321170225272
