Lineup Num,,Player Name,Actual FP,team,Pos,Salary,DFN_MinProj,Avg Proj,Avg Value Proj,Avg Skewed Min,Avg Skewed FP,Proj Min Enhanced,Avg Proj Stan,DFN_MinProj Stan,Proj Min Enhanced Stan,Avg Skewed FP Stan,Avg Value Proj Stan,Actual FP Stan,predictions
0,0,Brandon Goodwin,20.0,ATL,PG/SG,3100,26.5,26.15,8.425,14.666666666666666,15.77,47.248295454545456,0.36617553085144,0.4250087608204154,2.026993635540443,-0.62198944521262,2.799114874385362,-0.11848982903862258,0.11245365539902544
0,1,Jamal Murray,26.5,DEN,PG/SG,6400,33.5,35.3,5.505,33.666666666666664,35.54,35.125247524752474,1.1502438552144634,1.1005387407482772,1.0698670837516167,1.2405530523830344,0.7904311009115563,0.37953894291665824,0.8896839766322502
0,2,Kawhi Leonard,47.8,LAC,SF/PF,9000,35.5,49.349999999999994,5.505,34.333333333333336,47.07,51.026941747572806,2.354195763116155,1.293547306441952,2.325321475025992,2.326800649615098,0.7904311009115563,2.011540918708578,1.8636725271110053
0,3,Omari Spellman,28.0,GS,PF/C,4100,25.0,24.3,5.9350000000000005,21.0,21.44,28.92857142857143,0.2076480554337797,0.28025233655015924,0.5806334142290969,-0.08781564848184793,1.0862304237176308,0.4944686595217231,0.08663065628283177
0,4,Draymond Green,29.5,GS,PG/SF,5100,31.0,31.55,6.185,30.0,29.15,32.60166666666667,0.8289043780165032,0.8592780336311837,0.870627894164316,0.6385476624166089,1.258206774186278,0.6093983761267878,0.5707301507583333
0,5,John Collins,22.3,ATL,PF/C,8000,32.5,46.4,5.775,30.666666666666668,41.540000000000006,49.17391304347826,2.1014087077204264,1.0040344579014397,2.1790230371919663,1.8058163293468148,0.9761655594176962,0.05773573642247685,1.6218445786848126
0,6,Nikola Jokic,51.8,DEN,C,8800,33.0,50.35,5.715,31.333333333333332,46.37,53.02819148936171,2.439886290368945,1.0522865993248585,2.4833221094967493,2.260853267302657,0.9348912353052204,2.318020162988751,1.9100304475638243
0,7,Alec Burks,19.5,GS,PG/SG,5400,31.5,30.55,5.66,29.0,30.410000000000004,33.18362068965517,0.7432138507637138,0.9075301750546024,0.9165737363772928,0.7572529505790031,0.8970564382021181,-0.15679973457364418,0.5595702530600195
1,0,Brandon Goodwin,20.0,ATL,PG/SG,3100,26.5,26.15,8.425,14.666666666666666,15.77,47.248295454545456,0.36617553085144,0.4250087608204154,2.026993635540443,-0.62198944521262,2.799114874385362,-0.11848982903862258,0.11245365539902544
1,1,Alec Burks,19.5,GS,PG/SG,5400,31.5,30.55,5.66,29.0,30.410000000000004,33.18362068965517,0.7432138507637138,0.9075301750546024,0.9165737363772928,0.7572529505790031,0.8970564382021181,-0.15679973457364418,0.5595702530600195
1,2,Kawhi Leonard,47.8,LAC,SF/PF,9000,35.5,49.349999999999994,5.505,34.333333333333336,47.07,51.026941747572806,2.354195763116155,1.293547306441952,2.325321475025992,2.326800649615098,0.7904311009115563,2.011540918708578,1.8636725271110053
1,3,Omari Spellman,28.0,GS,PF/C,4100,25.0,24.3,5.9350000000000005,21.0,21.44,28.92857142857143,0.2076480554337797,0.28025233655015924,0.5806334142290969,-0.08781564848184793,1.0862304237176308,0.4944686595217231,0.08663065628283177
1,4,Draymond Green,29.5,GS,PG/SF,5100,31.0,31.55,6.185,30.0,29.15,32.60166666666667,0.8289043780165032,0.8592780336311837,0.870627894164316,0.6385476624166089,1.258206774186278,0.6093983761267878,0.5707301507583333
1,5,Montrezl Harrell,40.0,LAC,PF/C,6100,29.5,33.75,5.555,30.666666666666668,34.15,32.466032608695656,1.01742353797264,0.7145216093609276,0.8599194519505488,1.1096003932197587,0.8248263710052858,1.4139063923622415,0.7692537521621556
1,6,Nikola Jokic,51.8,DEN,C,8800,33.0,50.35,5.715,31.333333333333332,46.37,53.02819148936171,2.439886290368945,1.0522865993248585,2.4833221094967493,2.260853267302657,0.9348912353052204,2.318020162988751,1.9100304475638243
1,7,John Collins,22.3,ATL,PF/C,8000,32.5,46.4,5.775,30.666666666666668,41.540000000000006,49.17391304347826,2.1014087077204264,1.0040344579014397,2.1790230371919663,1.8058163293468148,0.9761655594176962,0.05773573642247685,1.6218445786848126
2,0,Alec Burks,19.5,GS,PG/SG,5400,31.5,30.55,5.66,29.0,30.410000000000004,33.18362068965517,0.7432138507637138,0.9075301750546024,0.9165737363772928,0.7572529505790031,0.8970564382021181,-0.15679973457364418,0.5595702530600195
2,1,Jamal Murray,26.5,DEN,PG/SG,6400,33.5,35.3,5.505,33.666666666666664,35.54,35.125247524752474,1.1502438552144634,1.1005387407482772,1.0698670837516167,1.2405530523830344,0.7904311009115563,0.37953894291665824,0.8896839766322502
2,2,Kawhi Leonard,47.8,LAC,SF/PF,9000,35.5,49.349999999999994,5.505,34.333333333333336,47.07,51.026941747572806,2.354195763116155,1.293547306441952,2.325321475025992,2.326800649615098,0.7904311009115563,2.011540918708578,1.8636725271110053
2,3,John Collins,22.3,ATL,PF/C,8000,32.5,46.4,5.775,30.666666666666668,41.540000000000006,49.17391304347826,2.1014087077204264,1.0040344579014397,2.1790230371919663,1.8058163293468148,0.9761655594176962,0.05773573642247685,1.6218445786848126
2,4,Brandon Goodwin,20.0,ATL,PG/SG,3100,26.5,26.15,8.425,14.666666666666666,15.77,47.248295454545456,0.36617553085144,0.4250087608204154,2.026993635540443,-0.62198944521262,2.799114874385362,-0.11848982903862258,0.11245365539902544
2,5,Draymond Green,29.5,GS,PG/SF,5100,31.0,31.55,6.185,30.0,29.15,32.60166666666667,0.8289043780165032,0.8592780336311837,0.870627894164316,0.6385476624166089,1.258206774186278,0.6093983761267878,0.5707301507583333
2,6,Montrezl Harrell,40.0,LAC,PF/C,6100,29.5,33.75,5.555,30.666666666666668,34.15,32.466032608695656,1.01742353797264,0.7145216093609276,0.8599194519505488,1.1096003932197587,0.8248263710052858,1.4139063923622415,0.7692537521621556
2,7,Devonte' Graham,44.3,CHA,PG,6900,36.0,38.9,5.66,35.333333333333336,37.3,39.63396226415094,1.4587297533245056,1.3417994478653708,1.425834544782153,1.406363613625743,0.8970564382021181,1.743371579963427,1.1244282135691188
3,0,Brandon Goodwin,20.0,ATL,PG/SG,3100,26.5,26.15,8.425,14.666666666666666,15.77,47.248295454545456,0.36617553085144,0.4250087608204154,2.026993635540443,-0.62198944521262,2.799114874385362,-0.11848982903862258,0.11245365539902544
3,1,Jamal Murray,26.5,DEN,PG/SG,6400,33.5,35.3,5.505,33.666666666666664,35.54,35.125247524752474,1.1502438552144634,1.1005387407482772,1.0698670837516167,1.2405530523830344,0.7904311009115563,0.37953894291665824,0.8896839766322502
3,2,Draymond Green,29.5,GS,PG/SF,5100,31.0,31.55,6.185,30.0,29.15,32.60166666666667,0.8289043780165032,0.8592780336311837,0.870627894164316,0.6385476624166089,1.258206774186278,0.6093983761267878,0.5707301507583333
3,3,Kawhi Leonard,47.8,LAC,SF/PF,9000,35.5,49.349999999999994,5.505,34.333333333333336,47.07,51.026941747572806,2.354195763116155,1.293547306441952,2.325321475025992,2.326800649615098,0.7904311009115563,2.011540918708578,1.8636725271110053
3,4,Alec Burks,19.5,GS,PG/SG,5400,31.5,30.55,5.66,29.0,30.410000000000004,33.18362068965517,0.7432138507637138,0.9075301750546024,0.9165737363772928,0.7572529505790031,0.8970564382021181,-0.15679973457364418,0.5595702530600195
3,5,John Collins,22.3,ATL,PF/C,8000,32.5,46.4,5.775,30.666666666666668,41.540000000000006,49.17391304347826,2.1014087077204264,1.0040344579014397,2.1790230371919663,1.8058163293468148,0.9761655594176962,0.05773573642247685,1.6218445786848126
3,6,Nikola Jokic,51.8,DEN,C,8800,33.0,50.35,5.715,31.333333333333332,46.37,53.02819148936171,2.439886290368945,1.0522865993248585,2.4833221094967493,2.260853267302657,0.9348912353052204,2.318020162988751,1.9100304475638243
3,7,Cam Reddish,33.5,ATL,SG/SF,4000,31.5,22.05,5.525,25.666666666666668,18.31,27.061363636363637,0.014844369115003421,0.9075301750546024,0.43321552344957975,-0.38269465796462,0.8041892089490486,0.9158776204069606,-0.04859283551924715
4,0,Draymond Green,29.5,GS,PG/SF,5100,31.0,31.55,6.185,30.0,29.15,32.60166666666667,0.8289043780165032,0.8592780336311837,0.870627894164316,0.6385476624166089,1.258206774186278,0.6093983761267878,0.5707301507583333
4,1,Brandon Goodwin,20.0,ATL,PG/SG,3100,26.5,26.15,8.425,14.666666666666666,15.77,47.248295454545456,0.36617553085144,0.4250087608204154,2.026993635540443,-0.62198944521262,2.799114874385362,-0.11848982903862258,0.11245365539902544
4,2,Kawhi Leonard,47.8,LAC,SF/PF,9000,35.5,49.349999999999994,5.505,34.333333333333336,47.07,51.026941747572806,2.354195763116155,1.293547306441952,2.325321475025992,2.326800649615098,0.7904311009115563,2.011540918708578,1.8636725271110053
4,3,Montrezl Harrell,40.0,LAC,PF/C,6100,29.5,33.75,5.555,30.666666666666668,34.15,32.466032608695656,1.01742353797264,0.7145216093609276,0.8599194519505488,1.1096003932197587,0.8248263710052858,1.4139063923622415,0.7692537521621556
4,4,Alec Burks,19.5,GS,PG/SG,5400,31.5,30.55,5.66,29.0,30.410000000000004,33.18362068965517,0.7432138507637138,0.9075301750546024,0.9165737363772928,0.7572529505790031,0.8970564382021181,-0.15679973457364418,0.5595702530600195
4,5,John Collins,22.3,ATL,PF/C,8000,32.5,46.4,5.775,30.666666666666668,41.540000000000006,49.17391304347826,2.1014087077204264,1.0040344579014397,2.1790230371919663,1.8058163293468148,0.9761655594176962,0.05773573642247685,1.6218445786848126
4,6,Nikola Jokic,51.8,DEN,C,8800,33.0,50.35,5.715,31.333333333333332,46.37,53.02819148936171,2.439886290368945,1.0522865993248585,2.4833221094967493,2.260853267302657,0.9348912353052204,2.318020162988751,1.9100304475638243
4,7,Glenn Robinson III,20.3,GS,SG/SF,4400,33.0,22.85,5.17,31.666666666666668,23.310000000000002,23.812105263157896,0.08339679091723505,1.0522865993248585,0.17668338065613878,0.0883580728385302,0.5599827912835684,-0.09550388571760957,0.043270763718357606
5,0,Draymond Green,29.5,GS,PG/SF,5100,31.0,31.55,6.185,30.0,29.15,32.60166666666667,0.8289043780165032,0.8592780336311837,0.870627894164316,0.6385476624166089,1.258206774186278,0.6093983761267878,0.5707301507583333
5,1,Alec Burks,19.5,GS,PG/SG,5400,31.5,30.55,5.66,29.0,30.410000000000004,33.18362068965517,0.7432138507637138,0.9075301750546024,0.9165737363772928,0.7572529505790031,0.8970564382021181,-0.15679973457364418,0.5595702530600195
5,2,Kawhi Leonard,47.8,LAC,SF/PF,9000,35.5,49.349999999999994,5.505,34.333333333333336,47.07,51.026941747572806,2.354195763116155,1.293547306441952,2.325321475025992,2.326800649615098,0.7904311009115563,2.011540918708578,1.8636725271110053
5,3,John Collins,22.3,ATL,PF/C,8000,32.5,46.4,5.775,30.666666666666668,41.540000000000006,49.17391304347826,2.1014087077204264,1.0040344579014397,2.1790230371919663,1.8058163293468148,0.9761655594176962,0.05773573642247685,1.6218445786848126
5,4,Mikal Bridges,14.5,PHO,SG/SF,3800,26.0,20.2,5.3149999999999995,23.666666666666668,17.4,22.191549295774646,-0.14368310630265718,0.3767566193969967,0.04873889392104239,-0.46842625497079327,0.6597290745553839,-0.5398987899238602,-0.18175821868208478
5,5,Kelly Oubre Jr.,56.3,PHO,SF/PF,6700,36.5,36.2,5.425000000000001,36.0,35.620000000000005,36.702777777777776,1.2273653297419744,1.3900515892887895,1.1944146480411233,1.2480898960758853,0.7353986687615897,2.6628093128039456,0.956399130575486
5,6,Nikola Jokic,51.8,DEN,C,8800,33.0,50.35,5.715,31.333333333333332,46.37,53.02819148936171,2.439886290368945,1.0522865993248585,2.4833221094967493,2.260853267302657,0.9348912353052204,2.318020162988751,1.9100304475638243
5,7,Brandon Goodwin,20.0,ATL,PG/SG,3100,26.5,26.15,8.425,14.666666666666666,15.77,47.248295454545456,0.36617553085144,0.4250087608204154,2.026993635540443,-0.62198944521262,2.799114874385362,-0.11848982903862258,0.11245365539902544
6,0,Brandon Goodwin,20.0,ATL,PG/SG,3100,26.5,26.15,8.425,14.666666666666666,15.77,47.248295454545456,0.36617553085144,0.4250087608204154,2.026993635540443,-0.62198944521262,2.799114874385362,-0.11848982903862258,0.11245365539902544
6,1,Alec Burks,19.5,GS,PG/SG,5400,31.5,30.55,5.66,29.0,30.410000000000004,33.18362068965517,0.7432138507637138,0.9075301750546024,0.9165737363772928,0.7572529505790031,0.8970564382021181,-0.15679973457364418,0.5595702530600195
6,2,Kawhi Leonard,47.8,LAC,SF/PF,9000,35.5,49.349999999999994,5.505,34.333333333333336,47.07,51.026941747572806,2.354195763116155,1.293547306441952,2.325321475025992,2.326800649615098,0.7904311009115563,2.011540918708578,1.8636725271110053
6,3,Omari Spellman,28.0,GS,PF/C,4100,25.0,24.3,5.9350000000000005,21.0,21.44,28.92857142857143,0.2076480554337797,0.28025233655015924,0.5806334142290969,-0.08781564848184793,1.0862304237176308,0.4944686595217231,0.08663065628283177
6,4,Draymond Green,29.5,GS,PG/SF,5100,31.0,31.55,6.185,30.0,29.15,32.60166666666667,0.8289043780165032,0.8592780336311837,0.870627894164316,0.6385476624166089,1.258206774186278,0.6093983761267878,0.5707301507583333
6,5,John Collins,22.3,ATL,PF/C,8000,32.5,46.4,5.775,30.666666666666668,41.540000000000006,49.17391304347826,2.1014087077204264,1.0040344579014397,2.1790230371919663,1.8058163293468148,0.9761655594176962,0.05773573642247685,1.6218445786848126
6,6,Nikola Jokic,51.8,DEN,C,8800,33.0,50.35,5.715,31.333333333333332,46.37,53.02819148936171,2.439886290368945,1.0522865993248585,2.4833221094967493,2.260853267302657,0.9348912353052204,2.318020162988751,1.9100304475638243
6,7,Jarrett Allen,32.0,BKN,C,5500,27.0,30.55,5.5600000000000005,28.0,28.990000000000002,29.458928571428576,0.7432138507637138,0.47326090224383405,0.6225056320326687,0.6234739750309084,0.8282658980146592,0.8009479038018958,0.5249582925422399
7,0,Jamal Murray,26.5,DEN,PG/SG,6400,33.5,35.3,5.505,33.666666666666664,35.54,35.125247524752474,1.1502438552144634,1.1005387407482772,1.0698670837516167,1.2405530523830344,0.7904311009115563,0.37953894291665824,0.8896839766322502
7,1,Brandon Goodwin,20.0,ATL,PG/SG,3100,26.5,26.15,8.425,14.666666666666666,15.77,47.248295454545456,0.36617553085144,0.4250087608204154,2.026993635540443,-0.62198944521262,2.799114874385362,-0.11848982903862258,0.11245365539902544
7,2,Kawhi Leonard,47.8,LAC,SF/PF,9000,35.5,49.349999999999994,5.505,34.333333333333336,47.07,51.026941747572806,2.354195763116155,1.293547306441952,2.325321475025992,2.326800649615098,0.7904311009115563,2.011540918708578,1.8636725271110053
7,3,Montrezl Harrell,40.0,LAC,PF/C,6100,29.5,33.75,5.555,30.666666666666668,34.15,32.466032608695656,1.01742353797264,0.7145216093609276,0.8599194519505488,1.1096003932197587,0.8248263710052858,1.4139063923622415,0.7692537521621556
7,4,Draymond Green,29.5,GS,PG/SF,5100,31.0,31.55,6.185,30.0,29.15,32.60166666666667,0.8289043780165032,0.8592780336311837,0.870627894164316,0.6385476624166089,1.258206774186278,0.6093983761267878,0.5707301507583333
7,5,John Collins,22.3,ATL,PF/C,8000,32.5,46.4,5.775,30.666666666666668,41.540000000000006,49.17391304347826,2.1014087077204264,1.0040344579014397,2.1790230371919663,1.8058163293468148,0.9761655594176962,0.05773573642247685,1.6218445786848126
7,6,Nikola Jokic,51.8,DEN,C,8800,33.0,50.35,5.715,31.333333333333332,46.37,53.02819148936171,2.439886290368945,1.0522865993248585,2.4833221094967493,2.260853267302657,0.9348912353052204,2.318020162988751,1.9100304475638243
7,7,Lonnie Walker IV,6.0,SA,SG/SF,3500,19.5,16.3,4.68,16.333333333333332,13.280000000000001,19.460204081632654,-0.47787616258853594,-0.25052121910744657,-0.1669034958225475,-0.8565737051525885,0.22290914436501882,-1.1911671840192275,-0.4231428200287037
8,0,Jamal Murray,26.5,DEN,PG/SG,6400,33.5,35.3,5.505,33.666666666666664,35.54,35.125247524752474,1.1502438552144634,1.1005387407482772,1.0698670837516167,1.2405530523830344,0.7904311009115563,0.37953894291665824,0.8896839766322502
8,1,Brandon Goodwin,20.0,ATL,PG/SG,3100,26.5,26.15,8.425,14.666666666666666,15.77,47.248295454545456,0.36617553085144,0.4250087608204154,2.026993635540443,-0.62198944521262,2.799114874385362,-0.11848982903862258,0.11245365539902544
8,2,Kawhi Leonard,47.8,LAC,SF/PF,9000,35.5,49.349999999999994,5.505,34.333333333333336,47.07,51.026941747572806,2.354195763116155,1.293547306441952,2.325321475025992,2.326800649615098,0.7904311009115563,2.011540918708578,1.8636725271110053
8,3,Jae Crowder,19.5,MEM,SF/PF,5000,29.5,25.65,5.125,29.333333333333332,27.330000000000002,25.795738636363634,0.32333026722504526,0.7145216093609276,0.33329318550923787,0.4670844684042626,0.529027048199212,-0.15679973457364418,0.2448996158254655
8,4,Draymond Green,29.5,GS,PG/SF,5100,31.0,31.55,6.185,30.0,29.15,32.60166666666667,0.8289043780165032,0.8592780336311837,0.870627894164316,0.6385476624166089,1.258206774186278,0.6093983761267878,0.5707301507583333
8,5,John Collins,22.3,ATL,PF/C,8000,32.5,46.4,5.775,30.666666666666668,41.540000000000006,49.17391304347826,2.1014087077204264,1.0040344579014397,2.1790230371919663,1.8058163293468148,0.9761655594176962,0.05773573642247685,1.6218445786848126
8,6,Nikola Jokic,51.8,DEN,C,8800,33.0,50.35,5.715,31.333333333333332,46.37,53.02819148936171,2.439886290368945,1.0522865993248585,2.4833221094967493,2.260853267302657,0.9348912353052204,2.318020162988751,1.9100304475638243
8,7,Omari Spellman,28.0,GS,PF/C,4100,25.0,24.3,5.9350000000000005,21.0,21.44,28.92857142857143,0.2076480554337797,0.28025233655015924,0.5806334142290969,-0.08781564848184793,1.0862304237176308,0.4944686595217231,0.08663065628283177
9,0,Devonte' Graham,44.3,CHA,PG,6900,36.0,38.9,5.66,35.333333333333336,37.3,39.63396226415094,1.4587297533245056,1.3417994478653708,1.425834544782153,1.406363613625743,0.8970564382021181,1.743371579963427,1.1244282135691188
9,1,Brandon Goodwin,20.0,ATL,PG/SG,3100,26.5,26.15,8.425,14.666666666666666,15.77,47.248295454545456,0.36617553085144,0.4250087608204154,2.026993635540443,-0.62198944521262,2.799114874385362,-0.11848982903862258,0.11245365539902544
9,2,Draymond Green,29.5,GS,PG/SF,5100,31.0,31.55,6.185,30.0,29.15,32.60166666666667,0.8289043780165032,0.8592780336311837,0.870627894164316,0.6385476624166089,1.258206774186278,0.6093983761267878,0.5707301507583333
9,3,Deandre Ayton,34.8,PHO,PF/C,7700,31.0,39.75,5.18,33.0,37.75,37.34090909090909,1.5315667014893768,0.8592780336311837,1.2447957425367453,1.4487583593980267,0.5668618453023142,1.0154833747980165,1.1820478424538965
9,4,Jamal Murray,26.5,DEN,PG/SG,6400,33.5,35.3,5.505,33.666666666666664,35.54,35.125247524752474,1.1502438552144634,1.1005387407482772,1.0698670837516167,1.2405530523830344,0.7904311009115563,0.37953894291665824,0.8896839766322502
9,5,Kelly Oubre Jr.,56.3,PHO,SF/PF,6700,36.5,36.2,5.425000000000001,36.0,35.620000000000005,36.702777777777776,1.2273653297419744,1.3900515892887895,1.1944146480411233,1.2480898960758853,0.7353986687615897,2.6628093128039456,0.956399130575486
9,6,Montrezl Harrell,40.0,LAC,PF/C,6100,29.5,33.75,5.555,30.666666666666668,34.15,32.466032608695656,1.01742353797264,0.7145216093609276,0.8599194519505488,1.1096003932197587,0.8248263710052858,1.4139063923622415,0.7692537521621556
9,7,John Collins,22.3,ATL,PF/C,8000,32.5,46.4,5.775,30.666666666666668,41.540000000000006,49.17391304347826,2.1014087077204264,1.0040344579014397,2.1790230371919663,1.8058163293468148,0.9761655594176962,0.05773573642247685,1.6218445786848126
10,0,Brandon Goodwin,20.0,ATL,PG/SG,3100,26.5,26.15,8.425,14.666666666666666,15.77,47.248295454545456,0.36617553085144,0.4250087608204154,2.026993635540443,-0.62198944521262,2.799114874385362,-0.11848982903862258,0.11245365539902544
10,1,Jamal Murray,26.5,DEN,PG/SG,6400,33.5,35.3,5.505,33.666666666666664,35.54,35.125247524752474,1.1502438552144634,1.1005387407482772,1.0698670837516167,1.2405530523830344,0.7904311009115563,0.37953894291665824,0.8896839766322502
10,2,Dwayne Bacon,34.8,CHA,SG/SF,3400,23.0,16.4,4.805,21.0,13.8,17.96190476190476,-0.4693071098632572,0.08724377085648441,-0.28519570003914774,-0.8075842211490609,0.3088973195993427,1.0154833747980165,-0.4247037807816554
10,3,Kawhi Leonard,47.8,LAC,SF/PF,9000,35.5,49.349999999999994,5.505,34.333333333333336,47.07,51.026941747572806,2.354195763116155,1.293547306441952,2.325321475025992,2.326800649615098,0.7904311009115563,2.011540918708578,1.8636725271110053
10,4,Lou Williams,39.0,LAC,PG/SG,6500,31.5,32.9,5.065,31.666666666666668,35.24,32.72684210526316,0.9445865898077688,0.9075301750546024,0.8805106180969732,1.2122898885348456,0.48775272408673676,1.3372865812921984,0.762500117538675
10,5,Omari Spellman,28.0,GS,PF/C,4100,25.0,24.3,5.9350000000000005,21.0,21.44,28.92857142857143,0.2076480554337797,0.28025233655015924,0.5806334142290969,-0.08781564848184793,1.0862304237176308,0.4944686595217231,0.08663065628283177
10,6,Nikola Jokic,51.8,DEN,C,8800,33.0,50.35,5.715,31.333333333333332,46.37,53.02819148936171,2.439886290368945,1.0522865993248585,2.4833221094967493,2.260853267302657,0.9348912353052204,2.318020162988751,1.9100304475638243
10,7,John Collins,22.3,ATL,PF/C,8000,32.5,46.4,5.775,30.666666666666668,41.540000000000006,49.17391304347826,2.1014087077204264,1.0040344579014397,2.1790230371919663,1.8058163293468148,0.9761655594176962,0.05773573642247685,1.6218445786848126
11,0,Draymond Green,29.5,GS,PG/SF,5100,31.0,31.55,6.185,30.0,29.15,32.60166666666667,0.8289043780165032,0.8592780336311837,0.870627894164316,0.6385476624166089,1.258206774186278,0.6093983761267878,0.5707301507583333
11,1,Jamal Murray,26.5,DEN,PG/SG,6400,33.5,35.3,5.505,33.666666666666664,35.54,35.125247524752474,1.1502438552144634,1.1005387407482772,1.0698670837516167,1.2405530523830344,0.7904311009115563,0.37953894291665824,0.8896839766322502
11,2,Kawhi Leonard,47.8,LAC,SF/PF,9000,35.5,49.349999999999994,5.505,34.333333333333336,47.07,51.026941747572806,2.354195763116155,1.293547306441952,2.325321475025992,2.326800649615098,0.7904311009115563,2.011540918708578,1.8636725271110053
11,3,Montrezl Harrell,40.0,LAC,PF/C,6100,29.5,33.75,5.555,30.666666666666668,34.15,32.466032608695656,1.01742353797264,0.7145216093609276,0.8599194519505488,1.1096003932197587,0.8248263710052858,1.4139063923622415,0.7692537521621556
11,4,Alec Burks,19.5,GS,PG/SG,5400,31.5,30.55,5.66,29.0,30.410000000000004,33.18362068965517,0.7432138507637138,0.9075301750546024,0.9165737363772928,0.7572529505790031,0.8970564382021181,-0.15679973457364418,0.5595702530600195
11,5,Joe Harris,21.8,BKN,SG/SF,5100,31.0,26.6,5.195,34.0,25.959999999999997,24.25294117647059,0.4047362681151955,0.8592780336311837,0.21148780938208056,0.3380160201641991,0.5771804263304334,0.019425830887455243,0.2728262080209023
11,6,John Collins,22.3,ATL,PF/C,8000,32.5,46.4,5.775,30.666666666666668,41.540000000000006,49.17391304347826,2.1014087077204264,1.0040344579014397,2.1790230371919663,1.8058163293468148,0.9761655594176962,0.05773573642247685,1.6218445786848126
11,7,Brandon Goodwin,20.0,ATL,PG/SG,3100,26.5,26.15,8.425,14.666666666666666,15.77,47.248295454545456,0.36617553085144,0.4250087608204154,2.026993635540443,-0.62198944521262,2.799114874385362,-0.11848982903862258,0.11245365539902544
12,0,Devonte' Graham,44.3,CHA,PG,6900,36.0,38.9,5.66,35.333333333333336,37.3,39.63396226415094,1.4587297533245056,1.3417994478653708,1.425834544782153,1.406363613625743,0.8970564382021181,1.743371579963427,1.1244282135691188
12,1,Mikal Bridges,14.5,PHO,SG/SF,3800,26.0,20.2,5.3149999999999995,23.666666666666668,17.4,22.191549295774646,-0.14368310630265718,0.3767566193969967,0.04873889392104239,-0.46842625497079327,0.6597290745553839,-0.5398987899238602,-0.18175821868208478
12,2,Draymond Green,29.5,GS,PG/SF,5100,31.0,31.55,6.185,30.0,29.15,32.60166666666667,0.8289043780165032,0.8592780336311837,0.870627894164316,0.6385476624166089,1.258206774186278,0.6093983761267878,0.5707301507583333
12,3,Kawhi Leonard,47.8,LAC,SF/PF,9000,35.5,49.349999999999994,5.505,34.333333333333336,47.07,51.026941747572806,2.354195763116155,1.293547306441952,2.325321475025992,2.326800649615098,0.7904311009115563,2.011540918708578,1.8636725271110053
12,4,Brandon Goodwin,20.0,ATL,PG/SG,3100,26.5,26.15,8.425,14.666666666666666,15.77,47.248295454545456,0.36617553085144,0.4250087608204154,2.026993635540443,-0.62198944521262,2.799114874385362,-0.11848982903862258,0.11245365539902544
12,5,John Collins,22.3,ATL,PF/C,8000,32.5,46.4,5.775,30.666666666666668,41.540000000000006,49.17391304347826,2.1014087077204264,1.0040344579014397,2.1790230371919663,1.8058163293468148,0.9761655594176962,0.05773573642247685,1.6218445786848126
12,6,Nikola Jokic,51.8,DEN,C,8800,33.0,50.35,5.715,31.333333333333332,46.37,53.02819148936171,2.439886290368945,1.0522865993248585,2.4833221094967493,2.260853267302657,0.9348912353052204,2.318020162988751,1.9100304475638243
12,7,Michael Porter Jr.,22.0,DEN,SF/PF,3600,12.0,14.55,4.04,11.666666666666666,11.89,14.965714285714288,-0.6278345852809175,-0.9743033404587271,-0.5217478835813006,-0.9875263643158642,-0.21735031283471906,0.03474979310146383,-0.5323131568966198
13,0,Draymond Green,29.5,GS,PG/SF,5100,31.0,31.55,6.185,30.0,29.15,32.60166666666667,0.8289043780165032,0.8592780336311837,0.870627894164316,0.6385476624166089,1.258206774186278,0.6093983761267878,0.5707301507583333
13,1,Jamal Murray,26.5,DEN,PG/SG,6400,33.5,35.3,5.505,33.666666666666664,35.54,35.125247524752474,1.1502438552144634,1.1005387407482772,1.0698670837516167,1.2405530523830344,0.7904311009115563,0.37953894291665824,0.8896839766322502
13,2,Landry Shamet,5.0,LAC,SG/SF,3500,24.0,14.85,4.235,27.0,15.469999999999999,13.2,-0.6021274271050807,0.1837480537033218,-0.6611527622485458,-0.6502526090608091,-0.08320875946917367,-1.2677869950892706,-0.4908465586855386
13,3,Deandre Ayton,34.8,PHO,PF/C,7700,31.0,39.75,5.18,33.0,37.75,37.34090909090909,1.5315667014893768,0.8592780336311837,1.2447957425367453,1.4487583593980267,0.5668618453023142,1.0154833747980165,1.1820478424538965
13,4,Brandon Goodwin,20.0,ATL,PG/SG,3100,26.5,26.15,8.425,14.666666666666666,15.77,47.248295454545456,0.36617553085144,0.4250087608204154,2.026993635540443,-0.62198944521262,2.799114874385362,-0.11848982903862258,0.11245365539902544
13,5,Kawhi Leonard,47.8,LAC,SF/PF,9000,35.5,49.349999999999994,5.505,34.333333333333336,47.07,51.026941747572806,2.354195763116155,1.293547306441952,2.325321475025992,2.326800649615098,0.7904311009115563,2.011540918708578,1.8636725271110053
13,6,Omari Spellman,28.0,GS,PF/C,4100,25.0,24.3,5.9350000000000005,21.0,21.44,28.92857142857143,0.2076480554337797,0.28025233655015924,0.5806334142290969,-0.08781564848184793,1.0862304237176308,0.4944686595217231,0.08663065628283177
13,7,Nikola Jokic,51.8,DEN,C,8800,33.0,50.35,5.715,31.333333333333332,46.37,53.02819148936171,2.439886290368945,1.0522865993248585,2.4833221094967493,2.260853267302657,0.9348912353052204,2.318020162988751,1.9100304475638243
14,0,Brandon Goodwin,20.0,ATL,PG/SG,3100,26.5,26.15,8.425,14.666666666666666,15.77,47.248295454545456,0.36617553085144,0.4250087608204154,2.026993635540443,-0.62198944521262,2.799114874385362,-0.11848982903862258,0.11245365539902544
14,1,Alec Burks,19.5,GS,PG/SG,5400,31.5,30.55,5.66,29.0,30.410000000000004,33.18362068965517,0.7432138507637138,0.9075301750546024,0.9165737363772928,0.7572529505790031,0.8970564382021181,-0.15679973457364418,0.5595702530600195
14,2,Glenn Robinson III,20.3,GS,SG/SF,4400,33.0,22.85,5.17,31.666666666666668,23.310000000000002,23.812105263157896,0.08339679091723505,1.0522865993248585,0.17668338065613878,0.0883580728385302,0.5599827912835684,-0.09550388571760957,0.043270763718357606
14,3,Kawhi Leonard,47.8,LAC,SF/PF,9000,35.5,49.349999999999994,5.505,34.333333333333336,47.07,51.026941747572806,2.354195763116155,1.293547306441952,2.325321475025992,2.326800649615098,0.7904311009115563,2.011540918708578,1.8636725271110053
14,4,Ja Morant,36.3,MEM,PG,7400,31.0,36.95,5.0,31.333333333333332,35.730000000000004,36.55691489361703,1.2916332251815665,0.8592780336311837,1.1828986299440856,1.2584530561535545,0.4430388729648881,1.1304130914030814,1.0146115738211348
14,5,John Collins,22.3,ATL,PF/C,8000,32.5,46.4,5.775,30.666666666666668,41.540000000000006,49.17391304347826,2.1014087077204264,1.0040344579014397,2.1790230371919663,1.8058163293468148,0.9761655594176962,0.05773573642247685,1.6218445786848126
14,6,Jaren Jackson Jr.,37.3,MEM,PF/C,6600,31.0,34.5,5.225,29.0,33.44,36.87931034482759,1.081691433412232,0.8592780336311837,1.2083520677525128,1.0427109054457113,0.5978175883866708,1.2070329024731246,0.8488532313053199
14,7,Omari Spellman,28.0,GS,PF/C,4100,25.0,24.3,5.9350000000000005,21.0,21.44,28.92857142857143,0.2076480554337797,0.28025233655015924,0.5806334142290969,-0.08781564848184793,1.0862304237176308,0.4944686595217231,0.08663065628283177
15,0,Brandon Goodwin,20.0,ATL,PG/SG,3100,26.5,26.15,8.425,14.666666666666666,15.77,47.248295454545456,0.36617553085144,0.4250087608204154,2.026993635540443,-0.62198944521262,2.799114874385362,-0.11848982903862258,0.11245365539902544
15,1,Jamal Murray,26.5,DEN,PG/SG,6400,33.5,35.3,5.505,33.666666666666664,35.54,35.125247524752474,1.1502438552144634,1.1005387407482772,1.0698670837516167,1.2405530523830344,0.7904311009115563,0.37953894291665824,0.8896839766322502
15,2,Rodions Kurucs,19.5,BKN,SF/PF,3600,11.0,9.850000000000001,2.745,17.0,10.73,6.373529411764706,-1.0305800633690279,-1.0708076233055646,-1.2001093260470244,-1.096810597862195,-1.108187808262314,-0.15679973457364418,-0.7837637469459225
15,3,John Collins,22.3,ATL,PF/C,8000,32.5,46.4,5.775,30.666666666666668,41.540000000000006,49.17391304347826,2.1014087077204264,1.0040344579014397,2.1790230371919663,1.8058163293468148,0.9761655594176962,0.05773573642247685,1.6218445786848126
15,4,Alec Burks,19.5,GS,PG/SG,5400,31.5,30.55,5.66,29.0,30.410000000000004,33.18362068965517,0.7432138507637138,0.9075301750546024,0.9165737363772928,0.7572529505790031,0.8970564382021181,-0.15679973457364418,0.5595702530600195
15,5,Kawhi Leonard,47.8,LAC,SF/PF,9000,35.5,49.349999999999994,5.505,34.333333333333336,47.07,51.026941747572806,2.354195763116155,1.293547306441952,2.325321475025992,2.326800649615098,0.7904311009115563,2.011540918708578,1.8636725271110053
15,6,Nikola Jokic,51.8,DEN,C,8800,33.0,50.35,5.715,31.333333333333332,46.37,53.02819148936171,2.439886290368945,1.0522865993248585,2.4833221094967493,2.260853267302657,0.9348912353052204,2.318020162988751,1.9100304475638243
15,7,Bryn Forbes,9.8,SA,PG/SG,4000,26.0,19.1,4.775,26.666666666666668,19.4,18.622500000000002,-0.2379426862807254,0.3767566193969967,-0.2330410565841485,-0.28000516264953335,0.2882601575431054,-0.9000119019530632,-0.21571648331655444
16,0,Brandon Goodwin,20.0,ATL,PG/SG,3100,26.5,26.15,8.425,14.666666666666666,15.77,47.248295454545456,0.36617553085144,0.4250087608204154,2.026993635540443,-0.62198944521262,2.799114874385362,-0.11848982903862258,0.11245365539902544
16,1,Terry Rozier,10.0,CHA,PG/SG,7100,36.5,35.7,5.02,37.333333333333336,35.78000000000001,34.903125,1.1845200661155797,1.3900515892887895,1.0523302920617572,1.2631635834615864,0.4567969810023796,-0.8846879397390547,0.9413731403630761
16,2,Kawhi Leonard,47.8,LAC,SF/PF,9000,35.5,49.349999999999994,5.505,34.333333333333336,47.07,51.026941747572806,2.354195763116155,1.293547306441952,2.325321475025992,2.326800649615098,0.7904311009115563,2.011540918708578,1.8636725271110053
16,3,Deandre Ayton,34.8,PHO,PF/C,7700,31.0,39.75,5.18,33.0,37.75,37.34090909090909,1.5315667014893768,0.8592780336311837,1.2447957425367453,1.4487583593980267,0.5668618453023142,1.0154833747980165,1.1820478424538965
16,4,Draymond Green,29.5,GS,PG/SF,5100,31.0,31.55,6.185,30.0,29.15,32.60166666666667,0.8289043780165032,0.8592780336311837,0.870627894164316,0.6385476624166089,1.258206774186278,0.6093983761267878,0.5707301507583333
16,5,Glenn Robinson III,20.3,GS,SG/SF,4400,33.0,22.85,5.17,31.666666666666668,23.310000000000002,23.812105263157896,0.08339679091723505,1.0522865993248585,0.17668338065613878,0.0883580728385302,0.5599827912835684,-0.09550388571760957,0.043270763718357606
16,6,Nikola Jokic,51.8,DEN,C,8800,33.0,50.35,5.715,31.333333333333332,46.37,53.02819148936171,2.439886290368945,1.0522865993248585,2.4833221094967493,2.260853267302657,0.9348912353052204,2.318020162988751,1.9100304475638243
16,7,Timothe Luwawu-Cabarrot,5.5,BKN,SG/SF,3000,0.0,1.75,0.585,19.0,8.95,0.0,-1.7246733341166225,-2.132354734620776,-1.7033057386929977,-1.2645053700281164,-2.5940634763114305,-1.229477089554249,-1.178523035391147
17,0,Brandon Goodwin,20.0,ATL,PG/SG,3100,26.5,26.15,8.425,14.666666666666666,15.77,47.248295454545456,0.36617553085144,0.4250087608204154,2.026993635540443,-0.62198944521262,2.799114874385362,-0.11848982903862258,0.11245365539902544
17,1,Glenn Robinson III,20.3,GS,SG/SF,4400,33.0,22.85,5.17,31.666666666666668,23.310000000000002,23.812105263157896,0.08339679091723505,1.0522865993248585,0.17668338065613878,0.0883580728385302,0.5599827912835684,-0.09550388571760957,0.043270763718357606
17,2,Mikal Bridges,14.5,PHO,SG/SF,3800,26.0,20.2,5.3149999999999995,23.666666666666668,17.4,22.191549295774646,-0.14368310630265718,0.3767566193969967,0.04873889392104239,-0.46842625497079327,0.6597290745553839,-0.5398987899238602,-0.18175821868208478
17,3,Kawhi Leonard,47.8,LAC,SF/PF,9000,35.5,49.349999999999994,5.505,34.333333333333336,47.07,51.026941747572806,2.354195763116155,1.293547306441952,2.325321475025992,2.326800649615098,0.7904311009115563,2.011540918708578,1.8636725271110053
17,4,Alec Burks,19.5,GS,PG/SG,5400,31.5,30.55,5.66,29.0,30.410000000000004,33.18362068965517,0.7432138507637138,0.9075301750546024,0.9165737363772928,0.7572529505790031,0.8970564382021181,-0.15679973457364418,0.5595702530600195
17,5,Draymond Green,29.5,GS,PG/SF,5100,31.0,31.55,6.185,30.0,29.15,32.60166666666667,0.8289043780165032,0.8592780336311837,0.870627894164316,0.6385476624166089,1.258206774186278,0.6093983761267878,0.5707301507583333
17,6,Omari Spellman,28.0,GS,PF/C,4100,25.0,24.3,5.9350000000000005,21.0,21.44,28.92857142857143,0.2076480554337797,0.28025233655015924,0.5806334142290969,-0.08781564848184793,1.0862304237176308,0.4944686595217231,0.08663065628283177
17,7,Norman Powell,33.3,TOR,SG/SF,5900,26.0,22.9,3.9,32.0,26.18,18.60625,0.08768131727987427,0.3767566193969967,-0.23432401005893833,0.35874234031953794,-0.31365706909716184,0.9005536581929519,0.10241694783419808
18,0,Brandon Goodwin,20.0,ATL,PG/SG,3100,26.5,26.15,8.425,14.666666666666666,15.77,47.248295454545456,0.36617553085144,0.4250087608204154,2.026993635540443,-0.62198944521262,2.799114874385362,-0.11848982903862258,0.11245365539902544
18,1,Norman Powell,33.3,TOR,SG/SF,5900,26.0,22.9,3.9,32.0,26.18,18.60625,0.08768131727987427,0.3767566193969967,-0.23432401005893833,0.35874234031953794,-0.31365706909716184,0.9005536581929519,0.10241694783419808
18,2,Cam Reddish,33.5,ATL,SG/SF,4000,31.5,22.05,5.525,25.666666666666668,18.31,27.061363636363637,0.014844369115003421,0.9075301750546024,0.43321552344957975,-0.38269465796462,0.8041892089490486,0.9158776204069606,-0.04859283551924715
18,3,John Collins,22.3,ATL,PF/C,8000,32.5,46.4,5.775,30.666666666666668,41.540000000000006,49.17391304347826,2.1014087077204264,1.0040344579014397,2.1790230371919663,1.8058163293468148,0.9761655594176962,0.05773573642247685,1.6218445786848126
18,4,Glenn Robinson III,20.3,GS,SG/SF,4400,33.0,22.85,5.17,31.666666666666668,23.310000000000002,23.812105263157896,0.08339679091723505,1.0522865993248585,0.17668338065613878,0.0883580728385302,0.5599827912835684,-0.09550388571760957,0.043270763718357606
18,5,Draymond Green,29.5,GS,PG/SF,5100,31.0,31.55,6.185,30.0,29.15,32.60166666666667,0.8289043780165032,0.8592780336311837,0.870627894164316,0.6385476624166089,1.258206774186278,0.6093983761267878,0.5707301507583333
18,6,Jakob Poeltl,21.0,SA,C,3200,15.5,16.25,5.09,14.666666666666666,17.17,17.173295454545453,-0.4821606889511755,-0.6365383504947962,-0.3474571801085642,-0.49009468058773786,0.5049503591336012,-0.04187001796857938,-0.4288355224279601
18,7,Kelly Oubre Jr.,56.3,PHO,SF/PF,6700,36.5,36.2,5.425000000000001,36.0,35.620000000000005,36.702777777777776,1.2273653297419744,1.3900515892887895,1.1944146480411233,1.2480898960758853,0.7353986687615897,2.6628093128039456,0.956399130575486
19,0,Devonte' Graham,44.3,CHA,PG,6900,36.0,38.9,5.66,35.333333333333336,37.3,39.63396226415094,1.4587297533245056,1.3417994478653708,1.425834544782153,1.406363613625743,0.8970564382021181,1.743371579963427,1.1244282135691188
19,1,Joe Harris,21.8,BKN,SG/SF,5100,31.0,26.6,5.195,34.0,25.959999999999997,24.25294117647059,0.4047362681151955,0.8592780336311837,0.21148780938208056,0.3380160201641991,0.5771804263304334,0.019425830887455243,0.2728262080209023
19,2,OG Anunoby,17.3,TOR,SF/PF,5400,30.0,25.65,4.73,32.0,25.51,24.046875,0.32333026722504526,0.7627737507843463,0.19521868217349328,0.29562127439191604,0.25730441445874885,-0.3253633189277392,0.23900813197820103
19,3,Wilson Chandler,9.8,BKN,SF/PF,3300,16.5,12.55,3.8049999999999997,19.666666666666668,15.929999999999998,10.529237288135594,-0.7992156397864963,-0.5400340676479588,-0.8720121038808447,-0.6069157578269193,-0.3790080822752481,-0.9000119019530632,-0.6132036390695524
19,4,Ricky Rubio,27.0,PHO,PG,6800,34.0,36.0,5.279999999999999,33.666666666666664,35.8,36.35643564356436,1.2102272242914163,1.148790882171696,1.1670705960684995,1.265047794384798,0.6356523854897731,0.41784884845167986,0.9502203346890021
19,5,Mason Plumlee,19.0,DEN,PF/C,4000,16.5,19.1,4.745,19.0,18.72,16.58684210526316,-0.2379426862807254,-0.5400340676479588,-0.39375824855556124,-0.3440683340387617,0.2676229954868675,-0.1951096401086658,-0.24225127183270065
19,6,LaMarcus Aldridge,24.5,SA,PF/C,7300,33.0,37.4,5.119999999999999,33.333333333333336,38.1,37.025999999999996,1.3301939624453214,1.0522865993248585,1.2199333602336897,1.4817320505542473,0.5255875211898384,0.22629932077657183,1.0599180912437733
19,7,Trey Lyles,10.3,SA,PF/C,3300,19.0,15.55,4.725,17.666666666666668,15.65,16.723584905660378,-0.542144058028128,-0.29877336053086523,-0.3829622700372801,-0.6332947107518955,0.25386488744937535,-0.8617019964180416,-0.4611205772198228
20,0,Patrick Beverley,29.0,LAC,PG/SG,4800,32.0,26.0,5.43,29.666666666666668,26.3,28.044943820224717,0.3533219517635217,0.9557823164780211,0.5108701458876559,0.37004760585881363,0.7388381957709619,0.5710884705917663,0.2540846853454338
20,1,Terry Rozier,10.0,CHA,PG/SG,7100,36.5,35.7,5.02,37.333333333333336,35.78000000000001,34.903125,1.1845200661155797,1.3900515892887895,1.0523302920617572,1.2631635834615864,0.4567969810023796,-0.8846879397390547,0.9413731403630761
20,2,OG Anunoby,17.3,TOR,SF/PF,5400,30.0,25.65,4.73,32.0,25.51,24.046875,0.32333026722504526,0.7627737507843463,0.19521868217349328,0.29562127439191604,0.25730441445874885,-0.3253633189277392,0.23900813197820103
20,3,Oshae Brissett,-0.5,TOR,SF/PF,3000,0.0,2.75,0.915,13.333333333333334,5.85,0.0,-1.638982806863833,-2.132354734620776,-1.7033057386929977,-1.5565580631260691,-2.367054693692815,-1.6891959559745082,-1.1702890323671546
20,4,Lonnie Walker IV,6.0,SA,SG/SF,3500,19.5,16.3,4.68,16.333333333333332,13.280000000000001,19.460204081632654,-0.47787616258853594,-0.25052121910744657,-0.1669034958225475,-0.8565737051525885,0.22290914436501882,-1.1911671840192275,-0.4231428200287037
20,5,Draymond Green,29.5,GS,PG/SF,5100,31.0,31.55,6.185,30.0,29.15,32.60166666666667,0.8289043780165032,0.8592780336311837,0.870627894164316,0.6385476624166089,1.258206774186278,0.6093983761267878,0.5707301507583333
20,6,Alex Len,16.5,ATL,C,5200,23.5,28.55,5.49,22.666666666666668,23.91,29.599632352941175,0.5718327962581349,0.13549591227990312,0.633614333903907,0.14488440053490798,0.7801125198834378,-0.3866591677837738,0.36873833963028646
20,7,Glenn Robinson III,20.3,GS,SG/SF,4400,33.0,22.85,5.17,31.666666666666668,23.310000000000002,23.812105263157896,0.08339679091723505,1.0522865993248585,0.17668338065613878,0.0883580728385302,0.5599827912835684,-0.09550388571760957,0.043270763718357606
21,0,Derrick White,29.5,SA,PG/SG,3600,21.0,18.450000000000003,5.135,22.0,19.89,17.611363636363638,-0.2936415289950384,-0.10576479483719042,-0.312871266504971,-0.23384199503082445,0.5359061022179576,0.6093983761267878,-0.2769651741164547
21,1,Jerome Robinson,0.0,LAC,SG,3000,0.0,2.9,0.96,9.666666666666666,6.18,0.0,-1.6261292277759147,-2.132354734620776,-1.7033057386929977,-1.5254685828930614,-2.336098950608459,-1.6508860504394867,-1.161368073905467
21,2,Jae Crowder,19.5,MEM,SF/PF,5000,29.5,25.65,5.125,29.333333333333332,27.330000000000002,25.795738636363634,0.32333026722504526,0.7145216093609276,0.33329318550923787,0.4670844684042626,0.529027048199212,-0.15679973457364418,0.2448996158254655
21,3,Rodions Kurucs,19.5,BKN,SF/PF,3600,11.0,9.850000000000001,2.745,17.0,10.73,6.373529411764706,-1.0305800633690279,-1.0708076233055646,-1.2001093260470244,-1.096810597862195,-1.108187808262314,-0.15679973457364418,-0.7837637469459225
21,4,Landry Shamet,5.0,LAC,SG/SF,3500,24.0,14.85,4.235,27.0,15.469999999999999,13.2,-0.6021274271050807,0.1837480537033218,-0.6611527622485458,-0.6502526090608091,-0.08320875946917367,-1.2677869950892706,-0.4908465586855386
21,5,OG Anunoby,17.3,TOR,SF/PF,5400,30.0,25.65,4.73,32.0,25.51,24.046875,0.32333026722504526,0.7627737507843463,0.19521868217349328,0.29562127439191604,0.25730441445874885,-0.3253633189277392,0.23900813197820103
21,6,LaMarcus Aldridge,24.5,SA,PF/C,7300,33.0,37.4,5.119999999999999,33.333333333333336,38.1,37.025999999999996,1.3301939624453214,1.0522865993248585,1.2199333602336897,1.4817320505542473,0.5255875211898384,0.22629932077657183,1.0599180912437733
21,7,Lou Williams,39.0,LAC,PG/SG,6500,31.5,32.9,5.065,31.666666666666668,35.24,32.72684210526316,0.9445865898077688,0.9075301750546024,0.8805106180969732,1.2122898885348456,0.48775272408673676,1.3372865812921984,0.762500117538675
22,0,Jamal Murray,26.5,DEN,PG/SG,6400,33.5,35.3,5.505,33.666666666666664,35.54,35.125247524752474,1.1502438552144634,1.1005387407482772,1.0698670837516167,1.2405530523830344,0.7904311009115563,0.37953894291665824,0.8896839766322502
22,1,Marco Belinelli,17.0,SA,SG/SF,3000,0.0,1.15,0.375,16.666666666666668,9.19,0.0,-1.7760876504682963,-2.132354734620776,-1.7033057386929977,-1.2418948389495652,-2.7385236107050943,-0.3483492622487522,-1.1980006972197283
22,2,Jordan Poole,21.3,GS,SG/SF,3100,18.5,13.85,4.49,16.666666666666668,12.59,15.3735,-0.6878179543578702,-0.34702550195428394,-0.489552800558999,-0.9215789820034233,0.09220711800884691,-0.01888407464756636,-0.5789541797211377
22,3,Patrick Patterson,1.5,LAC,PF/C,3000,12.5,5.550000000000001,1.825,10.333333333333334,8.77,6.713709677419355,-1.3990493305560225,-0.9260511990353084,-1.1732517596546261,-1.2814632683370297,-1.7410607779869376,-1.535956333834422,-0.9853518064913073
22,4,Nicolas Batum,12.0,CHA,SG/SF,3000,0.0,4.15,1.375,20.666666666666668,12.19,0.0,-1.519016068709928,-2.132354734620776,-1.7033057386929977,-0.9592632004676753,-2.0506182088305036,-0.7314483175989682,-1.0586147724519208
22,5,Oshae Brissett,-0.5,TOR,SF/PF,3000,0.0,2.75,0.915,13.333333333333334,5.85,0.0,-1.638982806863833,-2.132354734620776,-1.7033057386929977,-1.5565580631260691,-2.367054693692815,-1.6891959559745082,-1.1702890323671546
22,6,Willie Cauley-Stein,4.8,GS,C,4100,19.5,19.65,4.800000000000001,20.333333333333332,21.21,18.84467213114754,-0.19081289629169146,-0.25052121910744657,-0.21550034842063234,-0.10948407409879286,0.3054577925899704,-1.2831109573032793,-0.17529162871172677
22,7,Eric Paschall,32.8,GS,SF/PF,3400,22.0,19.25,5.640000000000001,21.666666666666668,21.55,19.546153846153846,-0.22508910719280711,-0.009260511990353005,-0.1601176774194823,-0.07745248840417869,0.8832983301646266,0.8622437526579302,-0.2319400151202037
