Lineup Num,,Player Name,Actual FP,team,Pos,Salary,DFN_MinProj,Avg Proj,Avg Value Proj,Avg Skewed Min,Avg Skewed FP,Proj Min Enhanced,Avg Proj Stan,DFN_MinProj Stan,Proj Min Enhanced Stan,Avg Skewed FP Stan,Avg Value Proj Stan,Actual FP Stan,predictions
0,0,CJ McCollum,43.3,POR,PG/SG,9000,39.0,44.55,4.96,38.333333333333336,41.089999999999996,45.32478260869564,2.26728791024273,1.5853680501143748,1.9270749560418556,2.086505803023766,0.2977234442573478,1.6265806060609733,1.782351302432758
0,1,Buddy Hield,25.8,SAC,SG/SF,6100,30.0,31.700000000000003,5.1899999999999995,30.0,35.260000000000005,31.700000000000006,1.0027909746955888,0.7078307331573327,0.8142463745488732,1.4788585500084548,0.4754089421110509,0.3613199928390663,0.8265017607885221
0,2,Danilo Gallinari,35.5,OKC,SF/PF,6300,32.0,33.15,5.27,30.333333333333332,31.73,34.97142857142857,1.1454773993293124,0.9028390258144532,1.0814461766414942,1.1109349131055293,0.537212593538426,1.062635875596352,0.8940022813266478
0,3,Tobias Harris,58.3,PHI,SF/PF,7500,36.0,40.3,5.385,36.0,36.86,40.3,1.8490690794197453,1.292855611128694,1.5166668149844986,1.6456228046953323,0.6260553424652779,2.7110897031083225,1.4186959370047034
0,4,Cory Joseph,30.5,SAC,PG,3100,29.0,21.9,7.04,20.333333333333332,17.8,31.234426229508195,0.03842755303317651,0.6103265868287725,0.7762198009530437,-0.3409563792621037,1.9046183813691007,0.7011328432472357,-0.05495917692965521
0,5,Al Horford,42.8,PHI,PF/C,5200,33.5,34.65,6.640000000000001,31.0,29.55,37.44435483870968,1.2930840455021306,1.0490952453072935,1.2834268694122415,0.8837186160946577,1.5956001242322255,1.5904303028260616,0.9129900196052211
0,6,Domantas Sabonis,42.3,IND,PF/C,9100,35.0,45.65,5.03,33.0,44.93,48.416666666666664,2.3755327841027967,1.1953514648001338,2.179610137643704,2.4867400142722738,0.35180163925630126,1.55427999959115,1.9107242384573175
0,7,Rajon Rondo,29.0,LAL,PG,3500,28.0,29.85,8.515,18.666666666666668,21.889999999999997,44.775,0.8207427777491129,0.5128224405002123,1.8821704743972227,0.08533474678122822,3.0441232045613296,0.5926819335425008,0.5002878051259939
1,0,CJ McCollum,43.3,POR,PG/SG,9000,39.0,44.55,4.96,38.333333333333336,41.089999999999996,45.32478260869564,2.26728791024273,1.5853680501143748,1.9270749560418556,2.086505803023766,0.2977234442573478,1.6265806060609733,1.782351302432758
1,1,Shai Gilgeous-Alexander,29.8,OKC,PG/SG,7400,35.0,36.8,4.95,34.666666666666664,36.839999999999996,37.15384615384615,1.5046535716831697,1.1953514648001338,1.2596990509968682,1.643538251511746,0.28999798782892605,0.6505224187183594,1.2055703090431216
1,2,Tobias Harris,58.3,PHI,SF/PF,7500,36.0,40.3,5.385,36.0,36.86,40.3,1.8490690794197453,1.292855611128694,1.5166668149844986,1.6456228046953323,0.6260553424652779,2.7110897031083225,1.4186959370047034
1,3,Domantas Sabonis,42.3,IND,PF/C,9100,35.0,45.65,5.03,33.0,44.93,48.416666666666664,2.3755327841027967,1.1953514648001338,2.179610137643704,2.4867400142722738,0.35180163925630126,1.55427999959115,1.9107242384573175
1,4,Cory Joseph,30.5,SAC,PG,3100,29.0,21.9,7.04,20.333333333333332,17.8,31.234426229508195,0.03842755303317651,0.6103265868287725,0.7762198009530437,-0.3409563792621037,1.9046183813691007,0.7011328432472357,-0.05495917692965521
1,5,Bogdan Bogdanovic,24.0,SAC,SG/SF,5200,31.5,27.9,5.37,30.333333333333332,25.839999999999996,28.97307692307692,0.628854137724449,0.8540869526501731,0.5915200363248747,0.4970340005394586,0.6144671578226454,0.23117890119338436,0.46077565407002447
1,6,Al Horford,42.8,PHI,PF/C,5200,33.5,34.65,6.640000000000001,31.0,29.55,37.44435483870968,1.2930840455021306,1.0490952453072935,1.2834268694122415,0.8837186160946577,1.5956001242322255,1.5904303028260616,0.9129900196052211
1,7,Rajon Rondo,29.0,LAL,PG,3500,28.0,29.85,8.515,18.666666666666668,21.889999999999997,44.775,0.8207427777491129,0.5128224405002123,1.8821704743972227,0.08533474678122822,3.0441232045613296,0.5926819335425008,0.5002878051259939
2,0,Cory Joseph,30.5,SAC,PG,3100,29.0,21.9,7.04,20.333333333333332,17.8,31.234426229508195,0.03842755303317651,0.6103265868287725,0.7762198009530437,-0.3409563792621037,1.9046183813691007,0.7011328432472357,-0.05495917692965521
2,1,CJ McCollum,43.3,POR,PG/SG,9000,39.0,44.55,4.96,38.333333333333336,41.089999999999996,45.32478260869564,2.26728791024273,1.5853680501143748,1.9270749560418556,2.086505803023766,0.2977234442573478,1.6265806060609733,1.782351302432758
2,2,Danilo Gallinari,35.5,OKC,SF/PF,6300,32.0,33.15,5.27,30.333333333333332,31.73,34.97142857142857,1.1454773993293124,0.9028390258144532,1.0814461766414942,1.1109349131055293,0.537212593538426,1.062635875596352,0.8940022813266478
2,3,Tobias Harris,58.3,PHI,SF/PF,7500,36.0,40.3,5.385,36.0,36.86,40.3,1.8490690794197453,1.292855611128694,1.5166668149844986,1.6456228046953323,0.6260553424652779,2.7110897031083225,1.4186959370047034
2,4,Rajon Rondo,29.0,LAL,PG,3500,28.0,29.85,8.515,18.666666666666668,21.889999999999997,44.775,0.8207427777491129,0.5128224405002123,1.8821704743972227,0.08533474678122822,3.0441232045613296,0.5926819335425008,0.5002878051259939
2,5,T.J. Warren,26.8,IND,SF/PF,6000,33.5,31.0,5.154999999999999,30.666666666666668,30.339999999999996,33.86413043478261,0.9339078731482733,1.0490952453072935,0.9910056132884242,0.9660584668463035,0.44836984461157414,0.4336205993088896,0.7474005576656267
2,6,Domantas Sabonis,42.3,IND,PF/C,9100,35.0,45.65,5.03,33.0,44.93,48.416666666666664,2.3755327841027967,1.1953514648001338,2.179610137643704,2.4867400142722738,0.35180163925630126,1.55427999959115,1.9107242384573175
2,7,Al Horford,42.8,PHI,PF/C,5200,33.5,34.65,6.640000000000001,31.0,29.55,37.44435483870968,1.2930840455021306,1.0490952453072935,1.2834268694122415,0.8837186160946577,1.5956001242322255,1.5904303028260616,0.9129900196052211
3,0,Rajon Rondo,29.0,LAL,PG,3500,28.0,29.85,8.515,18.666666666666668,21.889999999999997,44.775,0.8207427777491129,0.5128224405002123,1.8821704743972227,0.08533474678122822,3.0441232045613296,0.5926819335425008,0.5002878051259939
3,1,CJ McCollum,43.3,POR,PG/SG,9000,39.0,44.55,4.96,38.333333333333336,41.089999999999996,45.32478260869564,2.26728791024273,1.5853680501143748,1.9270749560418556,2.086505803023766,0.2977234442573478,1.6265806060609733,1.782351302432758
3,2,Tobias Harris,58.3,PHI,SF/PF,7500,36.0,40.3,5.385,36.0,36.86,40.3,1.8490690794197453,1.292855611128694,1.5166668149844986,1.6456228046953323,0.6260553424652779,2.7110897031083225,1.4186959370047034
3,3,Danilo Gallinari,35.5,OKC,SF/PF,6300,32.0,33.15,5.27,30.333333333333332,31.73,34.97142857142857,1.1454773993293124,0.9028390258144532,1.0814461766414942,1.1109349131055293,0.537212593538426,1.062635875596352,0.8940022813266478
3,4,Dennis Schroder,28.8,OKC,PG/SG,5500,29.5,30.4,5.53,30.666666666666668,30.26,29.243478260869562,0.8748652146791459,0.6590786599930526,0.613605551067513,0.95772025411196,0.7380744606773957,0.5782218122485361,0.6550350670731018
3,5,Al Horford,42.8,PHI,PF/C,5200,33.5,34.65,6.640000000000001,31.0,29.55,37.44435483870968,1.2930840455021306,1.0490952453072935,1.2834268694122415,0.8837186160946577,1.5956001242322255,1.5904303028260616,0.9129900196052211
3,6,Domantas Sabonis,42.3,IND,PF/C,9100,35.0,45.65,5.03,33.0,44.93,48.416666666666664,2.3755327841027967,1.1953514648001338,2.179610137643704,2.4867400142722738,0.35180163925630126,1.55427999959115,1.9107242384573175
3,7,Kyle Kuzma,26.8,LAL,PF/C,3900,22.0,22.0,5.619999999999999,24.333333333333332,21.8,19.890410958904113,0.04826799611136453,-0.07220243747114898,-0.1503230133127922,0.07595425745509171,0.8076035685331918,0.4336205993088896,-0.026094419432008867
4,0,Rajon Rondo,29.0,LAL,PG,3500,28.0,29.85,8.515,18.666666666666668,21.889999999999997,44.775,0.8207427777491129,0.5128224405002123,1.8821704743972227,0.08533474678122822,3.0441232045613296,0.5926819335425008,0.5002878051259939
4,1,CJ McCollum,43.3,POR,PG/SG,9000,39.0,44.55,4.96,38.333333333333336,41.089999999999996,45.32478260869564,2.26728791024273,1.5853680501143748,1.9270749560418556,2.086505803023766,0.2977234442573478,1.6265806060609733,1.782351302432758
4,2,Danilo Gallinari,35.5,OKC,SF/PF,6300,32.0,33.15,5.27,30.333333333333332,31.73,34.97142857142857,1.1454773993293124,0.9028390258144532,1.0814461766414942,1.1109349131055293,0.537212593538426,1.062635875596352,0.8940022813266478
4,3,Al Horford,42.8,PHI,PF/C,5200,33.5,34.65,6.640000000000001,31.0,29.55,37.44435483870968,1.2930840455021306,1.0490952453072935,1.2834268694122415,0.8837186160946577,1.5956001242322255,1.5904303028260616,0.9129900196052211
4,4,Cory Joseph,30.5,SAC,PG,3100,29.0,21.9,7.04,20.333333333333332,17.8,31.234426229508195,0.03842755303317651,0.6103265868287725,0.7762198009530437,-0.3409563792621037,1.9046183813691007,0.7011328432472357,-0.05495917692965521
4,5,Tobias Harris,58.3,PHI,SF/PF,7500,36.0,40.3,5.385,36.0,36.86,40.3,1.8490690794197453,1.292855611128694,1.5166668149844986,1.6456228046953323,0.6260553424652779,2.7110897031083225,1.4186959370047034
4,6,Domantas Sabonis,42.3,IND,PF/C,9100,35.0,45.65,5.03,33.0,44.93,48.416666666666664,2.3755327841027967,1.1953514648001338,2.179610137643704,2.4867400142722738,0.35180163925630126,1.55427999959115,1.9107242384573175
4,7,Marquese Chriss,20.3,GS,C,5900,26.5,30.25,5.13,22.333333333333332,26.310000000000002,35.893656716417915,0.8601045500618643,0.36656622100737196,1.1567708161514416,0.5460210003537297,0.4290562035405198,-0.036333342744961694,0.6672739584585043
5,0,CJ McCollum,43.3,POR,PG/SG,9000,39.0,44.55,4.96,38.333333333333336,41.089999999999996,45.32478260869564,2.26728791024273,1.5853680501143748,1.9270749560418556,2.086505803023766,0.2977234442573478,1.6265806060609733,1.782351302432758
5,1,Josh Richardson,30.3,PHI,SG,5300,34.5,29.700000000000003,5.609999999999999,34.0,27.720000000000006,30.136764705882356,0.8059821131318312,1.1465993916358537,0.6865663252699621,0.6929819997965414,0.7998781121047701,0.686672721953271,0.5897894568217031
5,2,Danilo Gallinari,35.5,OKC,SF/PF,6300,32.0,33.15,5.27,30.333333333333332,31.73,34.97142857142857,1.1454773993293124,0.9028390258144532,1.0814461766414942,1.1109349131055293,0.537212593538426,1.062635875596352,0.8940022813266478
5,3,Domantas Sabonis,42.3,IND,PF/C,9100,35.0,45.65,5.03,33.0,44.93,48.416666666666664,2.3755327841027967,1.1953514648001338,2.179610137643704,2.4867400142722738,0.35180163925630126,1.55427999959115,1.9107242384573175
5,4,Rajon Rondo,29.0,LAL,PG,3500,28.0,29.85,8.515,18.666666666666668,21.889999999999997,44.775,0.8207427777491129,0.5128224405002123,1.8821704743972227,0.08533474678122822,3.0441232045613296,0.5926819335425008,0.5002878051259939
5,5,Tobias Harris,58.3,PHI,SF/PF,7500,36.0,40.3,5.385,36.0,36.86,40.3,1.8490690794197453,1.292855611128694,1.5166668149844986,1.6456228046953323,0.6260553424652779,2.7110897031083225,1.4186959370047034
5,6,Kyle Kuzma,26.8,LAL,PF/C,3900,22.0,22.0,5.619999999999999,24.333333333333332,21.8,19.890410958904113,0.04826799611136453,-0.07220243747114898,-0.1503230133127922,0.07595425745509171,0.8076035685331918,0.4336205993088896,-0.026094419432008867
5,7,Al Horford,42.8,PHI,PF/C,5200,33.5,34.65,6.640000000000001,31.0,29.55,37.44435483870968,1.2930840455021306,1.0490952453072935,1.2834268694122415,0.8837186160946577,1.5956001242322255,1.5904303028260616,0.9129900196052211
6,0,Rajon Rondo,29.0,LAL,PG,3500,28.0,29.85,8.515,18.666666666666668,21.889999999999997,44.775,0.8207427777491129,0.5128224405002123,1.8821704743972227,0.08533474678122822,3.0441232045613296,0.5926819335425008,0.5002878051259939
6,1,CJ McCollum,43.3,POR,PG/SG,9000,39.0,44.55,4.96,38.333333333333336,41.089999999999996,45.32478260869564,2.26728791024273,1.5853680501143748,1.9270749560418556,2.086505803023766,0.2977234442573478,1.6265806060609733,1.782351302432758
6,2,Buddy Hield,25.8,SAC,SG/SF,6100,30.0,31.700000000000003,5.1899999999999995,30.0,35.260000000000005,31.700000000000006,1.0027909746955888,0.7078307331573327,0.8142463745488732,1.4788585500084548,0.4754089421110509,0.3613199928390663,0.8265017607885221
6,3,Tobias Harris,58.3,PHI,SF/PF,7500,36.0,40.3,5.385,36.0,36.86,40.3,1.8490690794197453,1.292855611128694,1.5166668149844986,1.6456228046953323,0.6260553424652779,2.7110897031083225,1.4186959370047034
6,4,Bogdan Bogdanovic,24.0,SAC,SG/SF,5200,31.5,27.9,5.37,30.333333333333332,25.839999999999996,28.97307692307692,0.628854137724449,0.8540869526501731,0.5915200363248747,0.4970340005394586,0.6144671578226454,0.23117890119338436,0.46077565407002447
6,5,Al Horford,42.8,PHI,PF/C,5200,33.5,34.65,6.640000000000001,31.0,29.55,37.44435483870968,1.2930840455021306,1.0490952453072935,1.2834268694122415,0.8837186160946577,1.5956001242322255,1.5904303028260616,0.9129900196052211
6,6,Myles Turner,33.0,IND,C,5200,30.5,30.8,5.905,29.0,28.82,32.393103448275866,0.9142269869918976,0.7565828063216128,0.8708568430843825,0.8076324248937696,1.0277790767432164,0.8818843594217938,0.668943721200918
6,7,Chris Paul,36.0,OKC,PG,7900,33.5,39.9,5.055,32.0,39.04,41.770312499999996,1.809707307106994,1.0490952453072935,1.636757228220313,1.8728391017062036,0.3711152803273555,1.0987861788312636,1.4456053158759952
7,0,CJ McCollum,43.3,POR,PG/SG,9000,39.0,44.55,4.96,38.333333333333336,41.089999999999996,45.32478260869564,2.26728791024273,1.5853680501143748,1.9270749560418556,2.086505803023766,0.2977234442573478,1.6265806060609733,1.782351302432758
7,1,Bogdan Bogdanovic,24.0,SAC,SG/SF,5200,31.5,27.9,5.37,30.333333333333332,25.839999999999996,28.97307692307692,0.628854137724449,0.8540869526501731,0.5915200363248747,0.4970340005394586,0.6144671578226454,0.23117890119338436,0.46077565407002447
7,2,Tobias Harris,58.3,PHI,SF/PF,7500,36.0,40.3,5.385,36.0,36.86,40.3,1.8490690794197453,1.292855611128694,1.5166668149844986,1.6456228046953323,0.6260553424652779,2.7110897031083225,1.4186959370047034
7,3,Domantas Sabonis,42.3,IND,PF/C,9100,35.0,45.65,5.03,33.0,44.93,48.416666666666664,2.3755327841027967,1.1953514648001338,2.179610137643704,2.4867400142722738,0.35180163925630126,1.55427999959115,1.9107242384573175
7,4,Rajon Rondo,29.0,LAL,PG,3500,28.0,29.85,8.515,18.666666666666668,21.889999999999997,44.775,0.8207427777491129,0.5128224405002123,1.8821704743972227,0.08533474678122822,3.0441232045613296,0.5926819335425008,0.5002878051259939
7,5,Danilo Gallinari,35.5,OKC,SF/PF,6300,32.0,33.15,5.27,30.333333333333332,31.73,34.97142857142857,1.1454773993293124,0.9028390258144532,1.0814461766414942,1.1109349131055293,0.537212593538426,1.062635875596352,0.8940022813266478
7,6,Bobby Portis,8.3,NY,PF/C,4100,25.0,23.55,5.725,22.333333333333332,21.949999999999996,26.361940298507463,0.20079486382327666,0.22031000151453167,0.37825076447979644,0.09158840633198602,0.8887208610316221,-0.903940620382841,0.11453716200314316
7,7,Al Horford,42.8,PHI,PF/C,5200,33.5,34.65,6.640000000000001,31.0,29.55,37.44435483870968,1.2930840455021306,1.0490952453072935,1.2834268694122415,0.8837186160946577,1.5956001242322255,1.5904303028260616,0.9129900196052211
8,0,CJ McCollum,43.3,POR,PG/SG,9000,39.0,44.55,4.96,38.333333333333336,41.089999999999996,45.32478260869564,2.26728791024273,1.5853680501143748,1.9270749560418556,2.086505803023766,0.2977234442573478,1.6265806060609733,1.782351302432758
8,1,Josh Richardson,30.3,PHI,SG,5300,34.5,29.700000000000003,5.609999999999999,34.0,27.720000000000006,30.136764705882356,0.8059821131318312,1.1465993916358537,0.6865663252699621,0.6929819997965414,0.7998781121047701,0.686672721953271,0.5897894568217031
8,2,Tobias Harris,58.3,PHI,SF/PF,7500,36.0,40.3,5.385,36.0,36.86,40.3,1.8490690794197453,1.292855611128694,1.5166668149844986,1.6456228046953323,0.6260553424652779,2.7110897031083225,1.4186959370047034
8,3,Danilo Gallinari,35.5,OKC,SF/PF,6300,32.0,33.15,5.27,30.333333333333332,31.73,34.97142857142857,1.1454773993293124,0.9028390258144532,1.0814461766414942,1.1109349131055293,0.537212593538426,1.062635875596352,0.8940022813266478
8,4,Rajon Rondo,29.0,LAL,PG,3500,28.0,29.85,8.515,18.666666666666668,21.889999999999997,44.775,0.8207427777491129,0.5128224405002123,1.8821704743972227,0.08533474678122822,3.0441232045613296,0.5926819335425008,0.5002878051259939
8,5,Danny Green,1.5,LAL,SG/SF,3700,25.5,21.25,5.74,25.666666666666668,18.89,21.112012987012985,-0.025535326975044535,0.26906207467881177,-0.05054647440334006,-0.22734823075666796,0.9003090456742553,-1.3955847443776392,-0.09905880403754055
8,6,Domantas Sabonis,42.3,IND,PF/C,9100,35.0,45.65,5.03,33.0,44.93,48.416666666666664,2.3755327841027967,1.1953514648001338,2.179610137643704,2.4867400142722738,0.35180163925630126,1.55427999959115,1.9107242384573175
8,7,Al Horford,42.8,PHI,PF/C,5200,33.5,34.65,6.640000000000001,31.0,29.55,37.44435483870968,1.2930840455021306,1.0490952453072935,1.2834268694122415,0.8837186160946577,1.5956001242322255,1.5904303028260616,0.9129900196052211
9,0,Cory Joseph,30.5,SAC,PG,3100,29.0,21.9,7.04,20.333333333333332,17.8,31.234426229508195,0.03842755303317651,0.6103265868287725,0.7762198009530437,-0.3409563792621037,1.9046183813691007,0.7011328432472357,-0.05495917692965521
9,1,CJ McCollum,43.3,POR,PG/SG,9000,39.0,44.55,4.96,38.333333333333336,41.089999999999996,45.32478260869564,2.26728791024273,1.5853680501143748,1.9270749560418556,2.086505803023766,0.2977234442573478,1.6265806060609733,1.782351302432758
9,2,Tobias Harris,58.3,PHI,SF/PF,7500,36.0,40.3,5.385,36.0,36.86,40.3,1.8490690794197453,1.292855611128694,1.5166668149844986,1.6456228046953323,0.6260553424652779,2.7110897031083225,1.4186959370047034
9,3,Danilo Gallinari,35.5,OKC,SF/PF,6300,32.0,33.15,5.27,30.333333333333332,31.73,34.97142857142857,1.1454773993293124,0.9028390258144532,1.0814461766414942,1.1109349131055293,0.537212593538426,1.062635875596352,0.8940022813266478
9,4,Damion Lee,29.0,GS,SG,5400,32.5,28.8,5.325,31.0,27.22,30.193548387096776,0.7174181254281401,0.9515910989787333,0.6912042343825422,0.6408681702068912,0.5797026038947469,0.5926819335425008,0.5427889772762021
9,5,Domantas Sabonis,42.3,IND,PF/C,9100,35.0,45.65,5.03,33.0,44.93,48.416666666666664,2.3755327841027967,1.1953514648001338,2.179610137643704,2.4867400142722738,0.35180163925630126,1.55427999959115,1.9107242384573175
9,6,Al Horford,42.8,PHI,PF/C,5200,33.5,34.65,6.640000000000001,31.0,29.55,37.44435483870968,1.2930840455021306,1.0490952453072935,1.2834268694122415,0.8837186160946577,1.5956001242322255,1.5904303028260616,0.9129900196052211
9,7,Rajon Rondo,29.0,LAL,PG,3500,28.0,29.85,8.515,18.666666666666668,21.889999999999997,44.775,0.8207427777491129,0.5128224405002123,1.8821704743972227,0.08533474678122822,3.0441232045613296,0.5926819335425008,0.5002878051259939
10,0,Rajon Rondo,29.0,LAL,PG,3500,28.0,29.85,8.515,18.666666666666668,21.889999999999997,44.775,0.8207427777491129,0.5128224405002123,1.8821704743972227,0.08533474678122822,3.0441232045613296,0.5926819335425008,0.5002878051259939
10,1,Dennis Schroder,28.8,OKC,PG/SG,5500,29.5,30.4,5.53,30.666666666666668,30.26,29.243478260869562,0.8748652146791459,0.6590786599930526,0.613605551067513,0.95772025411196,0.7380744606773957,0.5782218122485361,0.6550350670731018
10,2,Danilo Gallinari,35.5,OKC,SF/PF,6300,32.0,33.15,5.27,30.333333333333332,31.73,34.97142857142857,1.1454773993293124,0.9028390258144532,1.0814461766414942,1.1109349131055293,0.537212593538426,1.062635875596352,0.8940022813266478
10,3,Domantas Sabonis,42.3,IND,PF/C,9100,35.0,45.65,5.03,33.0,44.93,48.416666666666664,2.3755327841027967,1.1953514648001338,2.179610137643704,2.4867400142722738,0.35180163925630126,1.55427999959115,1.9107242384573175
10,4,Cory Joseph,30.5,SAC,PG,3100,29.0,21.9,7.04,20.333333333333332,17.8,31.234426229508195,0.03842755303317651,0.6103265868287725,0.7762198009530437,-0.3409563792621037,1.9046183813691007,0.7011328432472357,-0.05495917692965521
10,5,Julius Randle,52.0,NY,PF/C,7800,31.5,35.599999999999994,4.56,31.0,38.239999999999995,36.174193548387095,1.386568254744915,0.8540869526501731,1.1796841655782098,1.7894569743627642,-0.011294812879528025,2.255595882348436,1.1590665021420765
10,6,Al Horford,42.8,PHI,PF/C,5200,33.5,34.65,6.640000000000001,31.0,29.55,37.44435483870968,1.2930840455021306,1.0490952453072935,1.2834268694122415,0.8837186160946577,1.5956001242322255,1.5904303028260616,0.9129900196052211
10,7,Tobias Harris,58.3,PHI,SF/PF,7500,36.0,40.3,5.385,36.0,36.86,40.3,1.8490690794197453,1.292855611128694,1.5166668149844986,1.6456228046953323,0.6260553424652779,2.7110897031083225,1.4186959370047034
11,0,Rajon Rondo,29.0,LAL,PG,3500,28.0,29.85,8.515,18.666666666666668,21.889999999999997,44.775,0.8207427777491129,0.5128224405002123,1.8821704743972227,0.08533474678122822,3.0441232045613296,0.5926819335425008,0.5002878051259939
11,1,Bogdan Bogdanovic,24.0,SAC,SG/SF,5200,31.5,27.9,5.37,30.333333333333332,25.839999999999996,28.97307692307692,0.628854137724449,0.8540869526501731,0.5915200363248747,0.4970340005394586,0.6144671578226454,0.23117890119338436,0.46077565407002447
11,2,Tobias Harris,58.3,PHI,SF/PF,7500,36.0,40.3,5.385,36.0,36.86,40.3,1.8490690794197453,1.292855611128694,1.5166668149844986,1.6456228046953323,0.6260553424652779,2.7110897031083225,1.4186959370047034
11,3,Al Horford,42.8,PHI,PF/C,5200,33.5,34.65,6.640000000000001,31.0,29.55,37.44435483870968,1.2930840455021306,1.0490952453072935,1.2834268694122415,0.8837186160946577,1.5956001242322255,1.5904303028260616,0.9129900196052211
11,4,Chris Paul,36.0,OKC,PG,7900,33.5,39.9,5.055,32.0,39.04,41.770312499999996,1.809707307106994,1.0490952453072935,1.636757228220313,1.8728391017062036,0.3711152803273555,1.0987861788312636,1.4456053158759952
11,5,Buddy Hield,25.8,SAC,SG/SF,6100,30.0,31.700000000000003,5.1899999999999995,30.0,35.260000000000005,31.700000000000006,1.0027909746955888,0.7078307331573327,0.8142463745488732,1.4788585500084548,0.4754089421110509,0.3613199928390663,0.8265017607885221
11,6,Nerlens Noel,26.3,OKC,C,3300,17.5,18.2,5.525,17.0,18.54,18.735294117647058,-0.3256688408597748,-0.5109710959496699,-0.24466925521865146,-0.2638279114694227,0.7342117324631848,0.39747029607397794,-0.29841737269691276
11,7,CJ McCollum,43.3,POR,PG/SG,9000,39.0,44.55,4.96,38.333333333333336,41.089999999999996,45.32478260869564,2.26728791024273,1.5853680501143748,1.9270749560418556,2.086505803023766,0.2977234442573478,1.6265806060609733,1.782351302432758
12,0,Victor Oladipo,27.3,IND,PG/SG,6200,28.5,25.25,4.0649999999999995,26.333333333333332,20.110000000000003,27.32753164556962,0.36808239615247046,0.5615745136644924,0.45711717137331165,-0.1001904865579231,-0.39370490608641157,0.4697709025438012,0.28243130077083733
12,1,Bogdan Bogdanovic,24.0,SAC,SG/SF,5200,31.5,27.9,5.37,30.333333333333332,25.839999999999996,28.97307692307692,0.628854137724449,0.8540869526501731,0.5915200363248747,0.4970340005394586,0.6144671578226454,0.23117890119338436,0.46077565407002447
12,2,Danilo Gallinari,35.5,OKC,SF/PF,6300,32.0,33.15,5.27,30.333333333333332,31.73,34.97142857142857,1.1454773993293124,0.9028390258144532,1.0814461766414942,1.1109349131055293,0.537212593538426,1.062635875596352,0.8940022813266478
12,3,Tobias Harris,58.3,PHI,SF/PF,7500,36.0,40.3,5.385,36.0,36.86,40.3,1.8490690794197453,1.292855611128694,1.5166668149844986,1.6456228046953323,0.6260553424652779,2.7110897031083225,1.4186959370047034
12,4,Chris Paul,36.0,OKC,PG,7900,33.5,39.9,5.055,32.0,39.04,41.770312499999996,1.809707307106994,1.0490952453072935,1.636757228220313,1.8728391017062036,0.3711152803273555,1.0987861788312636,1.4456053158759952
12,5,Danny Green,1.5,LAL,SG/SF,3700,25.5,21.25,5.74,25.666666666666668,18.89,21.112012987012985,-0.025535326975044535,0.26906207467881177,-0.05054647440334006,-0.22734823075666796,0.9003090456742553,-1.3955847443776392,-0.09905880403754055
12,6,Domantas Sabonis,42.3,IND,PF/C,9100,35.0,45.65,5.03,33.0,44.93,48.416666666666664,2.3755327841027967,1.1953514648001338,2.179610137643704,2.4867400142722738,0.35180163925630126,1.55427999959115,1.9107242384573175
12,7,Rajon Rondo,29.0,LAL,PG,3500,28.0,29.85,8.515,18.666666666666668,21.889999999999997,44.775,0.8207427777491129,0.5128224405002123,1.8821704743972227,0.08533474678122822,3.0441232045613296,0.5926819335425008,0.5002878051259939
13,0,Rajon Rondo,29.0,LAL,PG,3500,28.0,29.85,8.515,18.666666666666668,21.889999999999997,44.775,0.8207427777491129,0.5128224405002123,1.8821704743972227,0.08533474678122822,3.0441232045613296,0.5926819335425008,0.5002878051259939
13,1,Buddy Hield,25.8,SAC,SG/SF,6100,30.0,31.700000000000003,5.1899999999999995,30.0,35.260000000000005,31.700000000000006,1.0027909746955888,0.7078307331573327,0.8142463745488732,1.4788585500084548,0.4754089421110509,0.3613199928390663,0.8265017607885221
13,2,Tobias Harris,58.3,PHI,SF/PF,7500,36.0,40.3,5.385,36.0,36.86,40.3,1.8490690794197453,1.292855611128694,1.5166668149844986,1.6456228046953323,0.6260553424652779,2.7110897031083225,1.4186959370047034
13,3,Mario Hezonja,0.0,POR,SF/PF,3000,14.0,10.350000000000001,3.44,14.333333333333334,10.51,10.109302325581396,-1.0981436224975227,-0.8522356080996307,-0.9492126219368908,-1.1007760146791923,-0.8765459328627793,-1.5040356540823743,-0.8307163957622892
13,4,Chris Paul,36.0,OKC,PG,7900,33.5,39.9,5.055,32.0,39.04,41.770312499999996,1.809707307106994,1.0490952453072935,1.636757228220313,1.8728391017062036,0.3711152803273555,1.0987861788312636,1.4456053158759952
13,5,Bogdan Bogdanovic,24.0,SAC,SG/SF,5200,31.5,27.9,5.37,30.333333333333332,25.839999999999996,28.97307692307692,0.628854137724449,0.8540869526501731,0.5915200363248747,0.4970340005394586,0.6144671578226454,0.23117890119338436,0.46077565407002447
13,6,Al Horford,42.8,PHI,PF/C,5200,33.5,34.65,6.640000000000001,31.0,29.55,37.44435483870968,1.2930840455021306,1.0490952453072935,1.2834268694122415,0.8837186160946577,1.5956001242322255,1.5904303028260616,0.9129900196052211
13,7,CJ McCollum,43.3,POR,PG/SG,9000,39.0,44.55,4.96,38.333333333333336,41.089999999999996,45.32478260869564,2.26728791024273,1.5853680501143748,1.9270749560418556,2.086505803023766,0.2977234442573478,1.6265806060609733,1.782351302432758
14,0,CJ McCollum,43.3,POR,PG/SG,9000,39.0,44.55,4.96,38.333333333333336,41.089999999999996,45.32478260869564,2.26728791024273,1.5853680501143748,1.9270749560418556,2.086505803023766,0.2977234442573478,1.6265806060609733,1.782351302432758
14,1,RJ Barrett,28.5,NY,PG/SG,5800,29.5,23.9,4.14,28.666666666666668,24.48,24.594767441860466,0.235236414596934,0.6590786599930526,0.23391374863190487,0.3552843840556126,-0.33576398287324727,0.5565316303075891,0.2295608525523162
14,2,Danilo Gallinari,35.5,OKC,SF/PF,6300,32.0,33.15,5.27,30.333333333333332,31.73,34.97142857142857,1.1454773993293124,0.9028390258144532,1.0814461766414942,1.1109349131055293,0.537212593538426,1.062635875596352,0.8940022813266478
14,3,Tobias Harris,58.3,PHI,SF/PF,7500,36.0,40.3,5.385,36.0,36.86,40.3,1.8490690794197453,1.292855611128694,1.5166668149844986,1.6456228046953323,0.6260553424652779,2.7110897031083225,1.4186959370047034
14,4,Josh Richardson,30.3,PHI,SG,5300,34.5,29.700000000000003,5.609999999999999,34.0,27.720000000000006,30.136764705882356,0.8059821131318312,1.1465993916358537,0.6865663252699621,0.6929819997965414,0.7998781121047701,0.686672721953271,0.5897894568217031
14,5,Kyle Kuzma,26.8,LAL,PF/C,3900,22.0,22.0,5.619999999999999,24.333333333333332,21.8,19.890410958904113,0.04826799611136453,-0.07220243747114898,-0.1503230133127922,0.07595425745509171,0.8076035685331918,0.4336205993088896,-0.026094419432008867
14,6,Marquese Chriss,20.3,GS,C,5900,26.5,30.25,5.13,22.333333333333332,26.310000000000002,35.893656716417915,0.8601045500618643,0.36656622100737196,1.1567708161514416,0.5460210003537297,0.4290562035405198,-0.036333342744961694,0.6672739584585043
14,7,Al Horford,42.8,PHI,PF/C,5200,33.5,34.65,6.640000000000001,31.0,29.55,37.44435483870968,1.2930840455021306,1.0490952453072935,1.2834268694122415,0.8837186160946577,1.5956001242322255,1.5904303028260616,0.9129900196052211
15,0,Alex Caruso,13.0,LAL,PG/SG,3400,19.0,16.15,4.765000000000001,16.0,15.209999999999999,19.178124999999998,-0.5273979239626263,-0.3647148764568296,-0.20850024784413412,-0.6109060165364879,0.14707704390312143,-0.5641277699746716,-0.41956656432373973
15,1,Buddy Hield,25.8,SAC,SG/SF,6100,30.0,31.700000000000003,5.1899999999999995,30.0,35.260000000000005,31.700000000000006,1.0027909746955888,0.7078307331573327,0.8142463745488732,1.4788585500084548,0.4754089421110509,0.3613199928390663,0.8265017607885221
15,2,Tobias Harris,58.3,PHI,SF/PF,7500,36.0,40.3,5.385,36.0,36.86,40.3,1.8490690794197453,1.292855611128694,1.5166668149844986,1.6456228046953323,0.6260553424652779,2.7110897031083225,1.4186959370047034
15,3,Danilo Gallinari,35.5,OKC,SF/PF,6300,32.0,33.15,5.27,30.333333333333332,31.73,34.97142857142857,1.1454773993293124,0.9028390258144532,1.0814461766414942,1.1109349131055293,0.537212593538426,1.062635875596352,0.8940022813266478
15,4,Rajon Rondo,29.0,LAL,PG,3500,28.0,29.85,8.515,18.666666666666668,21.889999999999997,44.775,0.8207427777491129,0.5128224405002123,1.8821704743972227,0.08533474678122822,3.0441232045613296,0.5926819335425008,0.5002878051259939
15,5,Kyle Kuzma,26.8,LAL,PF/C,3900,22.0,22.0,5.619999999999999,24.333333333333332,21.8,19.890410958904113,0.04826799611136453,-0.07220243747114898,-0.1503230133127922,0.07595425745509171,0.8076035685331918,0.4336205993088896,-0.026094419432008867
15,6,Domantas Sabonis,42.3,IND,PF/C,9100,35.0,45.65,5.03,33.0,44.93,48.416666666666664,2.3755327841027967,1.1953514648001338,2.179610137643704,2.4867400142722738,0.35180163925630126,1.55427999959115,1.9107242384573175
15,7,Al Horford,42.8,PHI,PF/C,5200,33.5,34.65,6.640000000000001,31.0,29.55,37.44435483870968,1.2930840455021306,1.0490952453072935,1.2834268694122415,0.8837186160946577,1.5956001242322255,1.5904303028260616,0.9129900196052211
16,0,Shake Milton,36.8,PHI,PG,4700,31.0,26.85,5.72,22.666666666666668,17.09,36.72132352941176,0.5255294854034767,0.805334879485893,1.2243719890952893,-0.41495801727940596,0.8848581328174111,1.156626664007122,0.33750918588053974
16,1,RJ Barrett,28.5,NY,PG/SG,5800,29.5,23.9,4.14,28.666666666666668,24.48,24.594767441860466,0.235236414596934,0.6590786599930526,0.23391374863190487,0.3552843840556126,-0.33576398287324727,0.5565316303075891,0.2295608525523162
16,2,Danilo Gallinari,35.5,OKC,SF/PF,6300,32.0,33.15,5.27,30.333333333333332,31.73,34.97142857142857,1.1454773993293124,0.9028390258144532,1.0814461766414942,1.1109349131055293,0.537212593538426,1.062635875596352,0.8940022813266478
16,3,Domantas Sabonis,42.3,IND,PF/C,9100,35.0,45.65,5.03,33.0,44.93,48.416666666666664,2.3755327841027967,1.1953514648001338,2.179610137643704,2.4867400142722738,0.35180163925630126,1.55427999959115,1.9107242384573175
16,4,Damion Lee,29.0,GS,SG,5400,32.5,28.8,5.325,31.0,27.22,30.193548387096776,0.7174181254281401,0.9515910989787333,0.6912042343825422,0.6408681702068912,0.5797026038947469,0.5926819335425008,0.5427889772762021
16,5,Kevin Knox II,2.3,NY,SF/PF,3000,19.0,12.75,4.225,17.333333333333332,11.709999999999999,13.97596153846154,-0.8619729886210139,-0.3647148764568296,-0.6333962885269208,-0.9757028236640338,-0.27009760323166127,-1.3377442592017805,-0.6776997596254757
16,6,Steven Adams,24.8,OKC,C,6800,29.5,32.8,4.82,28.666666666666668,34.1,33.75348837209302,1.1110358485556548,0.6590786599930526,0.9819687241715487,1.3579544653604676,0.1895670542594416,0.289019386369243,0.9112888872419667
16,7,Terrance Ferguson,0.0,OKC,SG/SF,3000,19.5,9.55,3.2,18.666666666666668,9.49,9.976339285714285,-1.1768671671230257,-0.3159628032925495,-0.9600726169398113,-1.207088227042077,-1.0619568871449043,-1.5040356540823743,-0.8764337309111025
17,0,Victor Oladipo,27.3,IND,PG/SG,6200,28.5,25.25,4.0649999999999995,26.333333333333332,20.110000000000003,27.32753164556962,0.36808239615247046,0.5615745136644924,0.45711717137331165,-0.1001904865579231,-0.39370490608641157,0.4697709025438012,0.28243130077083733
17,1,CJ McCollum,43.3,POR,PG/SG,9000,39.0,44.55,4.96,38.333333333333336,41.089999999999996,45.32478260869564,2.26728791024273,1.5853680501143748,1.9270749560418556,2.086505803023766,0.2977234442573478,1.6265806060609733,1.782351302432758
17,2,Nassir Little,3.8,POR,SF/PF,3000,12.5,8.5,2.835,12.0,8.74,8.854166666666668,-1.2801918194439985,-0.998491827592471,-1.051728080348675,-1.2852589714265512,-1.3439360467823036,-1.2292933494970457,-0.9438725438098554
17,3,Bobby Portis,8.3,NY,PF/C,4100,25.0,23.55,5.725,22.333333333333332,21.949999999999996,26.361940298507463,0.20079486382327666,0.22031000151453167,0.37825076447979644,0.09158840633198602,0.8887208610316221,-0.903940620382841,0.11453716200314316
17,4,Alex Caruso,13.0,LAL,PG/SG,3400,19.0,16.15,4.765000000000001,16.0,15.209999999999999,19.178124999999998,-0.5273979239626263,-0.3647148764568296,-0.20850024784413412,-0.6109060165364879,0.14707704390312143,-0.5641277699746716,-0.41956656432373973
17,5,Kent Bazemore,17.8,SAC,SG/SF,4700,28.0,22.35,4.744999999999999,27.0,21.57,23.17777777777778,0.08270954688502223,0.5128224405002123,0.11817857375542935,0.05198189584385293,0.1316261310462766,-0.21708485891951987,0.06249847061317876
17,6,Al Horford,42.8,PHI,PF/C,5200,33.5,34.65,6.640000000000001,31.0,29.55,37.44435483870968,1.2930840455021306,1.0490952453072935,1.2834268694122415,0.8837186160946577,1.5956001242322255,1.5904303028260616,0.9129900196052211
17,7,Avery Bradley,19.3,LAL,PG/SG,3300,27.5,18.25,5.515000000000001,25.333333333333332,15.77,19.810855263157897,-0.3207486193206808,0.4640703673359322,-0.15682086759712002,-0.5525385273960804,0.7264862760347631,-0.10863394921478496,-0.31265100971143855
18,0,Aaron Holiday,11.8,IND,PG/SG,4800,20.0,18.55,3.855,26.333333333333332,19.65,14.088607594936711,-0.2912272900861171,-0.2672107301282694,-0.6241957196196387,-0.14813520978040104,-0.5559394910832709,-0.6508884977384595,-0.21937551321746135
18,1,Anfernee Simons,10.3,POR,PG/SG,3600,21.0,16.35,4.5600000000000005,22.0,16.51,15.606818181818184,-0.5077170378062503,-0.16970658379970918,-0.5001931441415788,-0.4754100596033991,-0.011294812879527338,-0.7593394074431944,-0.4085776536522803
18,2,Danny Green,1.5,LAL,SG/SF,3700,25.5,21.25,5.74,25.666666666666668,18.89,21.112012987012985,-0.025535326975044535,0.26906207467881177,-0.05054647440334006,-0.22734823075666796,0.9003090456742553,-1.3955847443776392,-0.09905880403754055
18,3,Domantas Sabonis,42.3,IND,PF/C,9100,35.0,45.65,5.03,33.0,44.93,48.416666666666664,2.3755327841027967,1.1953514648001338,2.179610137643704,2.4867400142722738,0.35180163925630126,1.55427999959115,1.9107242384573175
18,4,RJ Barrett,28.5,NY,PG/SG,5800,29.5,23.9,4.14,28.666666666666668,24.48,24.594767441860466,0.235236414596934,0.6590786599930526,0.23391374863190487,0.3552843840556126,-0.33576398287324727,0.5565316303075891,0.2295608525523162
18,5,Wenyen Gabriel,3.0,POR,PF,3000,0.0,3.0,1.0,9.333333333333334,5.0,0.0,-1.8214161887443316,-2.2172936566994736,-1.7749080396150052,-1.675070416757129,-2.76155730139772,-1.2871338346729044,-1.3051150634290685
18,6,Alex Len,27.8,SAC,C,3300,16.5,16.4,4.95,17.0,18.459999999999997,15.917647058823528,-0.5027968162671567,-0.6084752422782301,-0.4748056375501597,-0.2721661242037668,0.28999798782892605,0.5059212057787128,-0.4017248984895898
18,7,Justin Holiday,18.0,IND,SG/SF,4800,25.0,18.55,3.855,25.666666666666668,18.97,18.06818181818182,-0.2912272900861171,0.22031000151453167,-0.2991568500105579,-0.21901001802232423,-0.5559394910832709,-0.20262473762555527,-0.19367409294110205
19,0,Rajon Rondo,29.0,LAL,PG,3500,28.0,29.85,8.515,18.666666666666668,21.889999999999997,44.775,0.8207427777491129,0.5128224405002123,1.8821704743972227,0.08533474678122822,3.0441232045613296,0.5926819335425008,0.5002878051259939
19,1,Damion Lee,29.0,GS,SG,5400,32.5,28.8,5.325,31.0,27.22,30.193548387096776,0.7174181254281401,0.9515910989787333,0.6912042343825422,0.6408681702068912,0.5797026038947469,0.5926819335425008,0.5427889772762021
19,2,Matisse Thybulle,10.8,PHI,SG/SF,3100,18.0,12.75,4.085,15.666666666666666,11.73,14.648936170212766,-0.8619729886210139,-0.46221902278538984,-0.5784298772203279,-0.9736182704804477,-0.37825399322956743,-0.7231891042082828,-0.6663841239723446
19,3,TJ Leaf,0.0,IND,PF/C,3000,0.0,6.15,2.04,5.666666666666667,6.51,0.0,-1.5114422317814136,-2.2172936566994736,-1.7749080396150052,-1.5176866513963878,-1.9581098328418436,-1.5040356540823743,-1.1485985143714117
19,4,Alex Caruso,13.0,LAL,PG/SG,3400,19.0,16.15,4.765000000000001,16.0,15.209999999999999,19.178124999999998,-0.5273979239626263,-0.3647148764568296,-0.20850024784413412,-0.6109060165364879,0.14707704390312143,-0.5641277699746716,-0.41956656432373973
19,5,Markieff Morris,15.0,LAL,SF/PF,3100,17.5,18.15,5.835,20.666666666666668,19.45,15.368951612903222,-0.3305890623988688,-0.5109710959496699,-0.5196213232232252,-0.16898074161626073,0.9737008817442631,-0.4195265570350251,-0.33102691366414955
19,6,Myles Turner,33.0,IND,C,5200,30.5,30.8,5.905,29.0,28.82,32.393103448275866,0.9142269869918976,0.7565828063216128,0.8708568430843825,0.8076324248937696,1.0277790767432164,0.8818843594217938,0.668943721200918
19,7,Dragan Bender,13.0,GS,PF/C,3000,22.5,12.65,4.234999999999999,18.0,11.77,15.812500000000002,-0.8718134316992018,-0.023450364306868865,-0.4833937123605471,-0.9694491641132759,-0.26237214680323956,-0.5641277699746716,-0.6670851756718573
20,0,Jordan Poole,28.3,GS,PG/SG,4900,31.5,25.15,5.125,28.666666666666668,19.47,27.635755813953487,0.35824195307428247,0.8540869526501731,0.4822919337115791,-0.16689618843267479,0.42519347532630897,0.5420715090136244,0.2232186899684056
20,1,Furkan Korkmaz,15.3,PHI,SG/SF,4400,25.5,21.55,4.885,25.0,17.91,21.980999999999998,0.00398600225951916,0.26906207467881177,0.020429600061215393,-0.32949133675238085,0.2397825210441835,-0.39783637509407804,-0.04566490735903007
20,2,Luguentz Dort,8.5,OKC,SF,3200,23.5,14.0,4.365,23.0,12.620000000000001,14.304347826086957,-0.7389674501436655,0.07405378202169136,-0.6065747489005411,-0.8808556538108717,-0.16194121323375438,-0.8894804990888764,-0.5935446160645174
20,3,Kevin Knox II,2.3,NY,SF/PF,3000,19.0,12.75,4.225,17.333333333333332,11.709999999999999,13.97596153846154,-0.8619729886210139,-0.3647148764568296,-0.6333962885269208,-0.9757028236640338,-0.27009760323166127,-1.3377442592017805,-0.6776997596254757
20,4,Matisse Thybulle,10.8,PHI,SG/SF,3100,18.0,12.75,4.085,15.666666666666666,11.73,14.648936170212766,-0.8619729886210139,-0.46221902278538984,-0.5784298772203279,-0.9736182704804477,-0.37825399322956743,-0.7231891042082828,-0.6663841239723446
20,5,Bogdan Bogdanovic,24.0,SAC,SG/SF,5200,31.5,27.9,5.37,30.333333333333332,25.839999999999996,28.97307692307692,0.628854137724449,0.8540869526501731,0.5915200363248747,0.4970340005394586,0.6144671578226454,0.23117890119338436,0.46077565407002447
20,6,Taj Gibson,0.0,NY,C,3000,0.0,6.9,2.29,15.333333333333334,12.120000000000001,0.0,-1.4376389086950045,-2.2172936566994736,-1.7749080396150052,-0.9329694834005211,-1.7649734221312965,-1.5040356540823743,-1.0497137481442635
20,7,Abdel Nader,11.0,OKC,SF/PF,3100,16.0,11.45,3.685,17.0,11.430000000000001,10.776470588235293,-0.9898987486374564,-0.6572273154425102,-0.8947204562510743,-1.0048865682342372,-0.6872722503664429,-0.7087289829143182,-0.7594354509033542
