Lineup Num,,Player Name,Actual FP,team,Pos,Salary,DFN_MinProj,Avg Proj,Avg Value Proj,Avg Skewed Min,Avg Skewed FP,Proj Min Enhanced,Avg Proj Stan,DFN_MinProj Stan,Proj Min Enhanced Stan,Avg Skewed FP Stan,Avg Value Proj Stan,Actual FP Stan,predictions
0,0,Terry Rozier,39.5,CHA,PG/SG,6700,36.5,35.05,5.245,38.0,34.11,33.666447368421046,1.1055350646827042,1.3093801886904275,0.8763624490552651,1.147834252059903,0.6609401378069204,1.1355645813232413,0.8500448126283301
0,1,Jordan McRae,17.5,WAS,PG/SG,6600,36.5,39.2,5.9350000000000005,30.0,30.619999999999997,47.69333333333334,1.4580627500655117,1.3093801886904275,1.9767545988123554,0.8280567628375897,1.1999633183479914,-0.3941561119230671,1.0885176279576867
0,2,Josh Hart,28.5,NO,SG/SF,4200,29.5,24.25,5.775,27.0,23.630000000000003,26.49537037037037,0.18811361838527899,0.6239833908051287,0.31380017730816284,0.18758551651553587,1.074972435903685,0.3707042347000871,0.08273808032140127
0,3,Michael Porter Jr.,6.3,DEN,SF/PF,3800,24.0,24.2,6.36,15.0,15.5,38.72,0.1838662968746427,0.08545733532382231,1.2728075087844246,-0.5573402678332915,1.5319703498406798,-1.172923010303006,0.04076070940291886
0,4,James Harden,81.0,HOU,PG/SG,12800,37.0,68.25,5.3149999999999995,37.666666666666664,65.21000000000001,67.0420353982301,3.92575654774516,1.358337102825092,3.4946367512345105,3.99742735086046,0.7156236488763039,4.02117407085605,3.140194173908077
0,5,Troy Brown Jr.,43.8,WAS,SG/SF,5400,35.5,31.9,5.895,31.0,25.839999999999996,36.53064516129032,0.8379538095126219,1.2114663604210991,1.1010552835524507,0.39008071742708605,1.1687155977369141,1.4345554440941106,0.5808330475309749
0,6,Bobby Portis,40.8,NY,PF/C,3800,27.5,27.85,7.335,19.0,22.35,40.30921052631579,0.49392076715108757,0.4281557342664718,1.3974791423774877,0.07030322820477332,2.2936335397356706,1.225957167742341,0.25206890844395174
0,7,Evan Fournier,33.5,ORL,SG/SF,6000,32.5,32.3,5.38,32.666666666666664,29.279999999999994,32.13520408163265,0.8719323815977116,0.9177248756131139,0.7562382749253066,0.7052768672622599,0.7664011948693037,0.7183680286197027,0.6360168982633693
1,0,Luka Doncic,52.3,DAL,PG/SF,12300,34.5,62.45,5.08,36.333333333333336,61.629999999999995,59.298853211009174,3.433067252511358,1.1135525321517707,2.8871935229748216,3.6694034507412954,0.5320432902862295,2.025583893757457,2.756448433070274
1,1,James Harden,81.0,HOU,PG/SG,12800,37.0,68.25,5.3149999999999995,37.666666666666664,65.21000000000001,67.0420353982301,3.92575654774516,1.358337102825092,3.4946367512345105,3.99742735086046,0.7156236488763039,4.02117407085605,3.140194173908077
1,2,P.J. Tucker,37.8,HOU,SF/PF,4000,35.5,23.200000000000003,5.805,35.666666666666664,21.900000000000002,23.091588785046735,0.09891986666191843,1.2114663604210991,0.046777650330537233,0.029071173720520958,1.098408226361992,1.0173588913905718,-0.0063537826788080546
1,3,Jerami Grant,32.8,DEN,PF/C,3300,31.0,20.55,6.25,21.333333333333332,17.009999999999998,29.86171875,-0.12618817340180186,0.7708541332091212,0.5778861148111921,-0.4189838183416891,1.446039118160219,0.6696950974709563,-0.18669565110107159
1,4,Troy Brown Jr.,43.8,WAS,SG/SF,5400,35.5,31.9,5.895,31.0,25.839999999999996,36.53064516129032,0.8379538095126219,1.2114663604210991,1.1010552835524507,0.39008071742708605,1.1687155977369141,1.4345554440941106,0.5808330475309749
1,5,Michael Porter Jr.,6.3,DEN,SF/PF,3800,24.0,24.2,6.36,15.0,15.5,38.72,0.1838662968746427,0.08545733532382231,1.2728075087844246,-0.5573402678332915,1.5319703498406798,-1.172923010303006,0.04076070940291886
1,6,Bobby Portis,40.8,NY,PF/C,3800,27.5,27.85,7.335,19.0,22.35,40.30921052631579,0.49392076715108757,0.4281557342664718,1.3974791423774877,0.07030322820477332,2.2936335397356706,1.225957167742341,0.25206890844395174
1,7,Josh Hart,28.5,NO,SG/SF,4200,29.5,24.25,5.775,27.0,23.630000000000003,26.49537037037037,0.18811361838527899,0.6239833908051287,0.31380017730816284,0.18758551651553587,1.074972435903685,0.3707042347000871,0.08273808032140127
2,0,Terry Rozier,39.5,CHA,PG/SG,6700,36.5,35.05,5.245,38.0,34.11,33.666447368421046,1.1055350646827042,1.3093801886904275,0.8763624490552651,1.147834252059903,0.6609401378069204,1.1355645813232413,0.8500448126283301
2,1,Jordan McRae,17.5,WAS,PG/SG,6600,36.5,39.2,5.9350000000000005,30.0,30.619999999999997,47.69333333333334,1.4580627500655117,1.3093801886904275,1.9767545988123554,0.8280567628375897,1.1999633183479914,-0.3941561119230671,1.0885176279576867
2,2,Troy Brown Jr.,43.8,WAS,SG/SF,5400,35.5,31.9,5.895,31.0,25.839999999999996,36.53064516129032,0.8379538095126219,1.2114663604210991,1.1010552835524507,0.39008071742708605,1.1687155977369141,1.4345554440941106,0.5808330475309749
2,3,Jerami Grant,32.8,DEN,PF/C,3300,31.0,20.55,6.25,21.333333333333332,17.009999999999998,29.86171875,-0.12618817340180186,0.7708541332091212,0.5778861148111921,-0.4189838183416891,1.446039118160219,0.6696950974709563,-0.18669565110107159
2,4,Luka Doncic,52.3,DAL,PG/SF,12300,34.5,62.45,5.08,36.333333333333336,61.629999999999995,59.298853211009174,3.433067252511358,1.1135525321517707,2.8871935229748216,3.6694034507412954,0.5320432902862295,2.025583893757457,2.756448433070274
2,5,Michael Porter Jr.,6.3,DEN,SF/PF,3800,24.0,24.2,6.36,15.0,15.5,38.72,0.1838662968746427,0.08545733532382231,1.2728075087844246,-0.5573402678332915,1.5319703498406798,-1.172923010303006,0.04076070940291886
2,6,John Collins,45.5,ATL,PF/C,8000,32.5,41.349999999999994,5.145,31.0,39.790000000000006,43.3508064516129,1.6406975750228687,0.9177248756131139,1.6360886446791643,1.6682744064389121,0.5828208362792285,1.55276113402678,1.305730473025136
2,7,Bobby Portis,40.8,NY,PF/C,3800,27.5,27.85,7.335,19.0,22.35,40.30921052631579,0.49392076715108757,0.4281557342664718,1.3974791423774877,0.07030322820477332,2.2936335397356706,1.225957167742341,0.25206890844395174
3,0,Luka Doncic,52.3,DAL,PG/SF,12300,34.5,62.45,5.08,36.333333333333336,61.629999999999995,59.298853211009174,3.433067252511358,1.1135525321517707,2.8871935229748216,3.6694034507412954,0.5320432902862295,2.025583893757457,2.756448433070274
3,1,Jordan McRae,17.5,WAS,PG/SG,6600,36.5,39.2,5.9350000000000005,30.0,30.619999999999997,47.69333333333334,1.4580627500655117,1.3093801886904275,1.9767545988123554,0.8280567628375897,1.1999633183479914,-0.3941561119230671,1.0885176279576867
3,2,Michael Porter Jr.,6.3,DEN,SF/PF,3800,24.0,24.2,6.36,15.0,15.5,38.72,0.1838662968746427,0.08545733532382231,1.2728075087844246,-0.5573402678332915,1.5319703498406798,-1.172923010303006,0.04076070940291886
3,3,John Collins,45.5,ATL,PF/C,8000,32.5,41.349999999999994,5.145,31.0,39.790000000000006,43.3508064516129,1.6406975750228687,0.9177248756131139,1.6360886446791643,1.6682744064389121,0.5828208362792285,1.55276113402678,1.305730473025136
3,4,Evan Fournier,33.5,ORL,SG/SF,6000,32.5,32.3,5.38,32.666666666666664,29.279999999999994,32.13520408163265,0.8719323815977116,0.9177248756131139,0.7562382749253066,0.7052768672622599,0.7664011948693037,0.7183680286197027,0.6360168982633693
3,5,Troy Brown Jr.,43.8,WAS,SG/SF,5400,35.5,31.9,5.895,31.0,25.839999999999996,36.53064516129032,0.8379538095126219,1.2114663604210991,1.1010552835524507,0.39008071742708605,1.1687155977369141,1.4345554440941106,0.5808330475309749
3,6,Bobby Portis,40.8,NY,PF/C,3800,27.5,27.85,7.335,19.0,22.35,40.30921052631579,0.49392076715108757,0.4281557342664718,1.3974791423774877,0.07030322820477332,2.2936335397356706,1.225957167742341,0.25206890844395174
3,7,Gary Harris,14.5,DEN,SG,4000,36.0,23.25,5.84,34.333333333333336,22.01,24.378640776699026,0.10316718817255442,1.2604232745557633,0.147745314250108,0.03915012037222705,1.125749981896684,-0.6027543882748364,0.0031280114670709223
4,0,Jordan McRae,17.5,WAS,PG/SG,6600,36.5,39.2,5.9350000000000005,30.0,30.619999999999997,47.69333333333334,1.4580627500655117,1.3093801886904275,1.9767545988123554,0.8280567628375897,1.1999633183479914,-0.3941561119230671,1.0885176279576867
4,1,Eric Gordon,24.3,HOU,SG/SF,4400,32.5,25.5,5.77,27.666666666666668,19.66,29.95481927710843,0.2942966561511847,0.9177248756131139,0.5851897379692209,-0.1761728308233135,1.0710664708272999,0.0786666478076101,0.14132108153591735
4,2,P.J. Tucker,37.8,HOU,SF/PF,4000,35.5,23.200000000000003,5.805,35.666666666666664,21.900000000000002,23.091588785046735,0.09891986666191843,1.2114663604210991,0.046777650330537233,0.029071173720520958,1.098408226361992,1.0173588913905718,-0.0063537826788080546
4,3,John Collins,45.5,ATL,PF/C,8000,32.5,41.349999999999994,5.145,31.0,39.790000000000006,43.3508064516129,1.6406975750228687,0.9177248756131139,1.6360886446791643,1.6682744064389121,0.5828208362792285,1.55276113402678,1.305730473025136
4,4,James Harden,81.0,HOU,PG/SG,12800,37.0,68.25,5.3149999999999995,37.666666666666664,65.21000000000001,67.0420353982301,3.92575654774516,1.358337102825092,3.4946367512345105,3.99742735086046,0.7156236488763039,4.02117407085605,3.140194173908077
4,5,Troy Brown Jr.,43.8,WAS,SG/SF,5400,35.5,31.9,5.895,31.0,25.839999999999996,36.53064516129032,0.8379538095126219,1.2114663604210991,1.1010552835524507,0.39008071742708605,1.1687155977369141,1.4345554440941106,0.5808330475309749
4,6,Bobby Portis,40.8,NY,PF/C,3800,27.5,27.85,7.335,19.0,22.35,40.30921052631579,0.49392076715108757,0.4281557342664718,1.3974791423774877,0.07030322820477332,2.2936335397356706,1.225957167742341,0.25206890844395174
4,7,Michael Porter Jr.,6.3,DEN,SF/PF,3800,24.0,24.2,6.36,15.0,15.5,38.72,0.1838662968746427,0.08545733532382231,1.2728075087844246,-0.5573402678332915,1.5319703498406798,-1.172923010303006,0.04076070940291886
5,0,Terry Rozier,39.5,CHA,PG/SG,6700,36.5,35.05,5.245,38.0,34.11,33.666447368421046,1.1055350646827042,1.3093801886904275,0.8763624490552651,1.147834252059903,0.6609401378069204,1.1355645813232413,0.8500448126283301
5,1,Jordan McRae,17.5,WAS,PG/SG,6600,36.5,39.2,5.9350000000000005,30.0,30.619999999999997,47.69333333333334,1.4580627500655117,1.3093801886904275,1.9767545988123554,0.8280567628375897,1.1999633183479914,-0.3941561119230671,1.0885176279576867
5,2,P.J. Tucker,37.8,HOU,SF/PF,4000,35.5,23.200000000000003,5.805,35.666666666666664,21.900000000000002,23.091588785046735,0.09891986666191843,1.2114663604210991,0.046777650330537233,0.029071173720520958,1.098408226361992,1.0173588913905718,-0.0063537826788080546
5,3,LaMarcus Aldridge,30.5,SA,PF/C,7300,33.0,36.9,5.05,33.333333333333336,39.18,36.531,1.2626859605762448,0.9666817897477781,1.1010831202178044,1.6123820659158137,0.508607499827922,0.5097697522679333,1.0211642778959809
5,4,Luka Doncic,52.3,DAL,PG/SF,12300,34.5,62.45,5.08,36.333333333333336,61.629999999999995,59.298853211009174,3.433067252511358,1.1135525321517707,2.8871935229748216,3.6694034507412954,0.5320432902862295,2.025583893757457,2.756448433070274
5,5,Troy Brown Jr.,43.8,WAS,SG/SF,5400,35.5,31.9,5.895,31.0,25.839999999999996,36.53064516129032,0.8379538095126219,1.2114663604210991,1.1010552835524507,0.39008071742708605,1.1687155977369141,1.4345554440941106,0.5808330475309749
5,6,Bobby Portis,40.8,NY,PF/C,3800,27.5,27.85,7.335,19.0,22.35,40.30921052631579,0.49392076715108757,0.4281557342664718,1.3974791423774877,0.07030322820477332,2.2936335397356706,1.225957167742341,0.25206890844395174
5,7,Michael Porter Jr.,6.3,DEN,SF/PF,3800,24.0,24.2,6.36,15.0,15.5,38.72,0.1838662968746427,0.08545733532382231,1.2728075087844246,-0.5573402678332915,1.5319703498406798,-1.172923010303006,0.04076070940291886
6,0,Luka Doncic,52.3,DAL,PG/SF,12300,34.5,62.45,5.08,36.333333333333336,61.629999999999995,59.298853211009174,3.433067252511358,1.1135525321517707,2.8871935229748216,3.6694034507412954,0.5320432902862295,2.025583893757457,2.756448433070274
6,1,Jordan McRae,17.5,WAS,PG/SG,6600,36.5,39.2,5.9350000000000005,30.0,30.619999999999997,47.69333333333334,1.4580627500655117,1.3093801886904275,1.9767545988123554,0.8280567628375897,1.1999633183479914,-0.3941561119230671,1.0885176279576867
6,2,Josh Hart,28.5,NO,SG/SF,4200,29.5,24.25,5.775,27.0,23.630000000000003,26.49537037037037,0.18811361838527899,0.6239833908051287,0.31380017730816284,0.18758551651553587,1.074972435903685,0.3707042347000871,0.08273808032140127
6,3,Bobby Portis,40.8,NY,PF/C,3800,27.5,27.85,7.335,19.0,22.35,40.30921052631579,0.49392076715108757,0.4281557342664718,1.3974791423774877,0.07030322820477332,2.2936335397356706,1.225957167742341,0.25206890844395174
6,4,Draymond Green,31.5,GS,PG/SF,5900,28.0,29.55,5.01,26.333333333333332,28.889999999999997,31.42025316455696,0.6383296985127193,0.477112648401136,0.7001512447334531,0.6695424200425748,0.47735977921684536,0.5793025110518565,0.4956655499640585
6,5,Michael Porter Jr.,6.3,DEN,SF/PF,3800,24.0,24.2,6.36,15.0,15.5,38.72,0.1838662968746427,0.08545733532382231,1.2728075087844246,-0.5573402678332915,1.5319703498406798,-1.172923010303006,0.04076070940291886
6,6,John Collins,45.5,ATL,PF/C,8000,32.5,41.349999999999994,5.145,31.0,39.790000000000006,43.3508064516129,1.6406975750228687,0.9177248756131139,1.6360886446791643,1.6682744064389121,0.5828208362792285,1.55276113402678,1.305730473025136
6,7,Troy Brown Jr.,43.8,WAS,SG/SF,5400,35.5,31.9,5.895,31.0,25.839999999999996,36.53064516129032,0.8379538095126219,1.2114663604210991,1.1010552835524507,0.39008071742708605,1.1687155977369141,1.4345554440941106,0.5808330475309749
7,0,Terry Rozier,39.5,CHA,PG/SG,6700,36.5,35.05,5.245,38.0,34.11,33.666447368421046,1.1055350646827042,1.3093801886904275,0.8763624490552651,1.147834252059903,0.6609401378069204,1.1355645813232413,0.8500448126283301
7,1,Jordan McRae,17.5,WAS,PG/SG,6600,36.5,39.2,5.9350000000000005,30.0,30.619999999999997,47.69333333333334,1.4580627500655117,1.3093801886904275,1.9767545988123554,0.8280567628375897,1.1999633183479914,-0.3941561119230671,1.0885176279576867
7,2,Troy Brown Jr.,43.8,WAS,SG/SF,5400,35.5,31.9,5.895,31.0,25.839999999999996,36.53064516129032,0.8379538095126219,1.2114663604210991,1.1010552835524507,0.39008071742708605,1.1687155977369141,1.4345554440941106,0.5808330475309749
7,3,Michael Porter Jr.,6.3,DEN,SF/PF,3800,24.0,24.2,6.36,15.0,15.5,38.72,0.1838662968746427,0.08545733532382231,1.2728075087844246,-0.5573402678332915,1.5319703498406798,-1.172923010303006,0.04076070940291886
7,4,Luka Doncic,52.3,DAL,PG/SF,12300,34.5,62.45,5.08,36.333333333333336,61.629999999999995,59.298853211009174,3.433067252511358,1.1135525321517707,2.8871935229748216,3.6694034507412954,0.5320432902862295,2.025583893757457,2.756448433070274
7,5,Bobby Portis,40.8,NY,PF/C,3800,27.5,27.85,7.335,19.0,22.35,40.30921052631579,0.49392076715108757,0.4281557342664718,1.3974791423774877,0.07030322820477332,2.2936335397356706,1.225957167742341,0.25206890844395174
7,6,Derrick Favors,24.8,NO,PF/C,7300,30.5,36.35,4.965,28.666666666666668,32.67,38.67470930232558,1.2159654239592466,0.721897219074457,1.2692545086172728,1.0158916777102955,0.4422060935293843,0.11343302719957166,0.9510482352075232
7,7,Gary Harris,14.5,DEN,SG,4000,36.0,23.25,5.84,34.333333333333336,22.01,24.378640776699026,0.10316718817255442,1.2604232745557633,0.147745314250108,0.03915012037222705,1.125749981896684,-0.6027543882748364,0.0031280114670709223
8,0,Terry Rozier,39.5,CHA,PG/SG,6700,36.5,35.05,5.245,38.0,34.11,33.666447368421046,1.1055350646827042,1.3093801886904275,0.8763624490552651,1.147834252059903,0.6609401378069204,1.1355645813232413,0.8500448126283301
8,1,Troy Brown Jr.,43.8,WAS,SG/SF,5400,35.5,31.9,5.895,31.0,25.839999999999996,36.53064516129032,0.8379538095126219,1.2114663604210991,1.1010552835524507,0.39008071742708605,1.1687155977369141,1.4345554440941106,0.5808330475309749
8,2,Luka Doncic,52.3,DAL,PG/SF,12300,34.5,62.45,5.08,36.333333333333336,61.629999999999995,59.298853211009174,3.433067252511358,1.1135525321517707,2.8871935229748216,3.6694034507412954,0.5320432902862295,2.025583893757457,2.756448433070274
8,3,Michael Porter Jr.,6.3,DEN,SF/PF,3800,24.0,24.2,6.36,15.0,15.5,38.72,0.1838662968746427,0.08545733532382231,1.2728075087844246,-0.5573402678332915,1.5319703498406798,-1.172923010303006,0.04076070940291886
8,4,Jordan McRae,17.5,WAS,PG/SG,6600,36.5,39.2,5.9350000000000005,30.0,30.619999999999997,47.69333333333334,1.4580627500655117,1.3093801886904275,1.9767545988123554,0.8280567628375897,1.1999633183479914,-0.3941561119230671,1.0885176279576867
8,5,Bobby Portis,40.8,NY,PF/C,3800,27.5,27.85,7.335,19.0,22.35,40.30921052631579,0.49392076715108757,0.4281557342664718,1.3974791423774877,0.07030322820477332,2.2936335397356706,1.225957167742341,0.25206890844395174
8,6,Taj Gibson,4.5,NY,PF/C,3100,22.5,18.25,5.875,16.666666666666668,14.169999999999998,24.6375,-0.32156496289106845,-0.061413407080170325,0.16805250559144647,-0.6792038955311932,1.1530917374313763,-1.2980819761140676,-0.3526583305291715
8,7,John Collins,45.5,ATL,PF/C,8000,32.5,41.349999999999994,5.145,31.0,39.790000000000006,43.3508064516129,1.6406975750228687,0.9177248756131139,1.6360886446791643,1.6682744064389121,0.5828208362792285,1.55276113402678,1.305730473025136
9,0,Jordan McRae,17.5,WAS,PG/SG,6600,36.5,39.2,5.9350000000000005,30.0,30.619999999999997,47.69333333333334,1.4580627500655117,1.3093801886904275,1.9767545988123554,0.8280567628375897,1.1999633183479914,-0.3941561119230671,1.0885176279576867
9,1,James Harden,81.0,HOU,PG/SG,12800,37.0,68.25,5.3149999999999995,37.666666666666664,65.21000000000001,67.0420353982301,3.92575654774516,1.358337102825092,3.4946367512345105,3.99742735086046,0.7156236488763039,4.02117407085605,3.140194173908077
9,2,Evan Fournier,33.5,ORL,SG/SF,6000,32.5,32.3,5.38,32.666666666666664,29.279999999999994,32.13520408163265,0.8719323815977116,0.9177248756131139,0.7562382749253066,0.7052768672622599,0.7664011948693037,0.7183680286197027,0.6360168982633693
9,3,Bobby Portis,40.8,NY,PF/C,3800,27.5,27.85,7.335,19.0,22.35,40.30921052631579,0.49392076715108757,0.4281557342664718,1.3974791423774877,0.07030322820477332,2.2936335397356706,1.225957167742341,0.25206890844395174
9,4,Troy Brown Jr.,43.8,WAS,SG/SF,5400,35.5,31.9,5.895,31.0,25.839999999999996,36.53064516129032,0.8379538095126219,1.2114663604210991,1.1010552835524507,0.39008071742708605,1.1687155977369141,1.4345554440941106,0.5808330475309749
9,5,Michael Porter Jr.,6.3,DEN,SF/PF,3800,24.0,24.2,6.36,15.0,15.5,38.72,0.1838662968746427,0.08545733532382231,1.2728075087844246,-0.5573402678332915,1.5319703498406798,-1.172923010303006,0.04076070940291886
9,6,LaMarcus Aldridge,30.5,SA,PF/C,7300,33.0,36.9,5.05,33.333333333333336,39.18,36.531,1.2626859605762448,0.9666817897477781,1.1010831202178044,1.6123820659158137,0.508607499827922,0.5097697522679333,1.0211642778959809
9,7,Isaac Bonga,16.5,WAS,SF,3800,28.5,19.5,5.135,20.666666666666668,13.4,26.891129032258064,-0.21538192512516274,0.5260695625358002,0.34484696316134145,-0.749756522093136,0.5750089061264596,-0.4636888707069902,-0.22519865285499036
10,0,Jordan McRae,17.5,WAS,PG/SG,6600,36.5,39.2,5.9350000000000005,30.0,30.619999999999997,47.69333333333334,1.4580627500655117,1.3093801886904275,1.9767545988123554,0.8280567628375897,1.1999633183479914,-0.3941561119230671,1.0885176279576867
10,1,Troy Brown Jr.,43.8,WAS,SG/SF,5400,35.5,31.9,5.895,31.0,25.839999999999996,36.53064516129032,0.8379538095126219,1.2114663604210991,1.1010552835524507,0.39008071742708605,1.1687155977369141,1.4345554440941106,0.5808330475309749
10,2,Josh Hart,28.5,NO,SG/SF,4200,29.5,24.25,5.775,27.0,23.630000000000003,26.49537037037037,0.18811361838527899,0.6239833908051287,0.31380017730816284,0.18758551651553587,1.074972435903685,0.3707042347000871,0.08273808032140127
10,3,John Collins,45.5,ATL,PF/C,8000,32.5,41.349999999999994,5.145,31.0,39.790000000000006,43.3508064516129,1.6406975750228687,0.9177248756131139,1.6360886446791643,1.6682744064389121,0.5828208362792285,1.55276113402678,1.305730473025136
10,4,Evan Fournier,33.5,ORL,SG/SF,6000,32.5,32.3,5.38,32.666666666666664,29.279999999999994,32.13520408163265,0.8719323815977116,0.9177248756131139,0.7562382749253066,0.7052768672622599,0.7664011948693037,0.7183680286197027,0.6360168982633693
10,5,Bobby Portis,40.8,NY,PF/C,3800,27.5,27.85,7.335,19.0,22.35,40.30921052631579,0.49392076715108757,0.4281557342664718,1.3974791423774877,0.07030322820477332,2.2936335397356706,1.225957167742341,0.25206890844395174
10,6,Nikola Jokic,55.5,DEN,C,9200,33.0,47.9,5.205,31.666666666666668,44.46,49.91684210526316,2.1970966929162152,0.9666817897477781,2.151186158580361,2.096171505197709,0.6296924171958438,2.248088721866011,1.7424572435383445
10,7,Terry Rozier,39.5,CHA,PG/SG,6700,36.5,35.05,5.245,38.0,34.11,33.666447368421046,1.1055350646827042,1.3093801886904275,0.8763624490552651,1.147834252059903,0.6609401378069204,1.1355645813232413,0.8500448126283301
11,0,Jordan McRae,17.5,WAS,PG/SG,6600,36.5,39.2,5.9350000000000005,30.0,30.619999999999997,47.69333333333334,1.4580627500655117,1.3093801886904275,1.9767545988123554,0.8280567628375897,1.1999633183479914,-0.3941561119230671,1.0885176279576867
11,1,Terry Rozier,39.5,CHA,PG/SG,6700,36.5,35.05,5.245,38.0,34.11,33.666447368421046,1.1055350646827042,1.3093801886904275,0.8763624490552651,1.147834252059903,0.6609401378069204,1.1355645813232413,0.8500448126283301
11,2,Luka Doncic,52.3,DAL,PG/SF,12300,34.5,62.45,5.08,36.333333333333336,61.629999999999995,59.298853211009174,3.433067252511358,1.1135525321517707,2.8871935229748216,3.6694034507412954,0.5320432902862295,2.025583893757457,2.756448433070274
11,3,Michael Porter Jr.,6.3,DEN,SF/PF,3800,24.0,24.2,6.36,15.0,15.5,38.72,0.1838662968746427,0.08545733532382231,1.2728075087844246,-0.5573402678332915,1.5319703498406798,-1.172923010303006,0.04076070940291886
11,4,Josh Hart,28.5,NO,SG/SF,4200,29.5,24.25,5.775,27.0,23.630000000000003,26.49537037037037,0.18811361838527899,0.6239833908051287,0.31380017730816284,0.18758551651553587,1.074972435903685,0.3707042347000871,0.08273808032140127
11,5,Evan Fournier,33.5,ORL,SG/SF,6000,32.5,32.3,5.38,32.666666666666664,29.279999999999994,32.13520408163265,0.8719323815977116,0.9177248756131139,0.7562382749253066,0.7052768672622599,0.7664011948693037,0.7183680286197027,0.6360168982633693
11,6,Bobby Portis,40.8,NY,PF/C,3800,27.5,27.85,7.335,19.0,22.35,40.30921052631579,0.49392076715108757,0.4281557342664718,1.3974791423774877,0.07030322820477332,2.2936335397356706,1.225957167742341,0.25206890844395174
11,7,PJ Washington,39.5,CHA,PF/C,5600,33.5,27.75,4.955,33.333333333333336,27.03,27.888749999999998,0.485426124129815,1.0156387038824424,0.42310911515162175,0.49911659484099846,0.4343941633766153,1.1355645813232413,0.3681482553908681
12,0,James Harden,81.0,HOU,PG/SG,12800,37.0,68.25,5.3149999999999995,37.666666666666664,65.21000000000001,67.0420353982301,3.92575654774516,1.358337102825092,3.4946367512345105,3.99742735086046,0.7156236488763039,4.02117407085605,3.140194173908077
12,1,Jordan McRae,17.5,WAS,PG/SG,6600,36.5,39.2,5.9350000000000005,30.0,30.619999999999997,47.69333333333334,1.4580627500655117,1.3093801886904275,1.9767545988123554,0.8280567628375897,1.1999633183479914,-0.3941561119230671,1.0885176279576867
12,2,Michael Porter Jr.,6.3,DEN,SF/PF,3800,24.0,24.2,6.36,15.0,15.5,38.72,0.1838662968746427,0.08545733532382231,1.2728075087844246,-0.5573402678332915,1.5319703498406798,-1.172923010303006,0.04076070940291886
12,3,Jerami Grant,32.8,DEN,PF/C,3300,31.0,20.55,6.25,21.333333333333332,17.009999999999998,29.86171875,-0.12618817340180186,0.7708541332091212,0.5778861148111921,-0.4189838183416891,1.446039118160219,0.6696950974709563,-0.18669565110107159
12,4,Monte Morris,17.0,DEN,PG,3600,18.0,15.75,4.37,17.666666666666668,16.29,16.047169811320753,-0.5339310384228799,-0.5020256342921482,-0.5058484534018486,-0.48495510551649285,-0.022603750560379395,-0.4289224913150287,-0.43283252450492904
12,5,Troy Brown Jr.,43.8,WAS,SG/SF,5400,35.5,31.9,5.895,31.0,25.839999999999996,36.53064516129032,0.8379538095126219,1.2114663604210991,1.1010552835524507,0.39008071742708605,1.1687155977369141,1.4345554440941106,0.5808330475309749
12,6,John Collins,45.5,ATL,PF/C,8000,32.5,41.349999999999994,5.145,31.0,39.790000000000006,43.3508064516129,1.6406975750228687,0.9177248756131139,1.6360886446791643,1.6682744064389121,0.5828208362792285,1.55276113402678,1.305730473025136
12,7,Bobby Portis,40.8,NY,PF/C,3800,27.5,27.85,7.335,19.0,22.35,40.30921052631579,0.49392076715108757,0.4281557342664718,1.3974791423774877,0.07030322820477332,2.2936335397356706,1.225957167742341,0.25206890844395174
13,0,Terry Rozier,39.5,CHA,PG/SG,6700,36.5,35.05,5.245,38.0,34.11,33.666447368421046,1.1055350646827042,1.3093801886904275,0.8763624490552651,1.147834252059903,0.6609401378069204,1.1355645813232413,0.8500448126283301
13,1,James Harden,81.0,HOU,PG/SG,12800,37.0,68.25,5.3149999999999995,37.666666666666664,65.21000000000001,67.0420353982301,3.92575654774516,1.358337102825092,3.4946367512345105,3.99742735086046,0.7156236488763039,4.02117407085605,3.140194173908077
13,2,Pat Connaughton,17.8,MIL,SG/SF,3300,16.5,14.850000000000001,4.484999999999999,21.0,16.369999999999997,11.667857142857143,-0.6103828256143319,-0.6488963766961409,-0.8494002077800886,-0.4776249624970703,0.0672334461964652,-0.37329628428789013,-0.5160451659827198
13,3,P.J. Tucker,37.8,HOU,SF/PF,4000,35.5,23.200000000000003,5.805,35.666666666666664,21.900000000000002,23.091588785046735,0.09891986666191843,1.2114663604210991,0.046777650330537233,0.029071173720520958,1.098408226361992,1.0173588913905718,-0.0063537826788080546
13,4,Evan Fournier,33.5,ORL,SG/SF,6000,32.5,32.3,5.38,32.666666666666664,29.279999999999994,32.13520408163265,0.8719323815977116,0.9177248756131139,0.7562382749253066,0.7052768672622599,0.7664011948693037,0.7183680286197027,0.6360168982633693
13,5,Troy Brown Jr.,43.8,WAS,SG/SF,5400,35.5,31.9,5.895,31.0,25.839999999999996,36.53064516129032,0.8379538095126219,1.2114663604210991,1.1010552835524507,0.39008071742708605,1.1687155977369141,1.4345554440941106,0.5808330475309749
13,6,John Collins,45.5,ATL,PF/C,8000,32.5,41.349999999999994,5.145,31.0,39.790000000000006,43.3508064516129,1.6406975750228687,0.9177248756131139,1.6360886446791643,1.6682744064389121,0.5828208362792285,1.55276113402678,1.305730473025136
13,7,Jerami Grant,32.8,DEN,PF/C,3300,31.0,20.55,6.25,21.333333333333332,17.009999999999998,29.86171875,-0.12618817340180186,0.7708541332091212,0.5778861148111921,-0.4189838183416891,1.446039118160219,0.6696950974709563,-0.18669565110107159
14,0,James Harden,81.0,HOU,PG/SG,12800,37.0,68.25,5.3149999999999995,37.666666666666664,65.21000000000001,67.0420353982301,3.92575654774516,1.358337102825092,3.4946367512345105,3.99742735086046,0.7156236488763039,4.02117407085605,3.140194173908077
14,1,Jordan McRae,17.5,WAS,PG/SG,6600,36.5,39.2,5.9350000000000005,30.0,30.619999999999997,47.69333333333334,1.4580627500655117,1.3093801886904275,1.9767545988123554,0.8280567628375897,1.1999633183479914,-0.3941561119230671,1.0885176279576867
14,2,Admiral Schofield,29.5,WAS,SF/PF,3000,0.0,4.25,1.415,8.0,4.67,0.0,-1.5108149858692126,-2.26447454314006,-1.7647294146050383,-1.5496583790876328,-2.3310291107036605,0.44023699348401024,-1.0920935880258553
14,3,Bobby Portis,40.8,NY,PF/C,3800,27.5,27.85,7.335,19.0,22.35,40.30921052631579,0.49392076715108757,0.4281557342664718,1.3974791423774877,0.07030322820477332,2.2936335397356706,1.225957167742341,0.25206890844395174
14,4,Luka Doncic,52.3,DAL,PG/SF,12300,34.5,62.45,5.08,36.333333333333336,61.629999999999995,59.298853211009174,3.433067252511358,1.1135525321517707,2.8871935229748216,3.6694034507412954,0.5320432902862295,2.025583893757457,2.756448433070274
14,5,P.J. Tucker,37.8,HOU,SF/PF,4000,35.5,23.200000000000003,5.805,35.666666666666664,21.900000000000002,23.091588785046735,0.09891986666191843,1.2114663604210991,0.046777650330537233,0.029071173720520958,1.098408226361992,1.0173588913905718,-0.0063537826788080546
14,6,Jerami Grant,32.8,DEN,PF/C,3300,31.0,20.55,6.25,21.333333333333332,17.009999999999998,29.86171875,-0.12618817340180186,0.7708541332091212,0.5778861148111921,-0.4189838183416891,1.446039118160219,0.6696950974709563,-0.18669565110107159
14,7,Monte Morris,17.0,DEN,PG,3600,18.0,15.75,4.37,17.666666666666668,16.29,16.047169811320753,-0.5339310384228799,-0.5020256342921482,-0.5058484534018486,-0.48495510551649285,-0.022603750560379395,-0.4289224913150287,-0.43283252450492904
15,0,Devonte' Graham,28.3,CHA,PG,7600,37.5,40.1,5.279999999999999,37.333333333333336,39.32,40.27901785714286,1.5345145372569635,1.407294016959756,1.3951105641897696,1.6252098161998034,0.6882818933416118,0.35679768294330255,1.2107578873344516
15,1,Jordan McRae,17.5,WAS,PG/SG,6600,36.5,39.2,5.9350000000000005,30.0,30.619999999999997,47.69333333333334,1.4580627500655117,1.3093801886904275,1.9767545988123554,0.8280567628375897,1.1999633183479914,-0.3941561119230671,1.0885176279576867
15,2,Evan Fournier,33.5,ORL,SG/SF,6000,32.5,32.3,5.38,32.666666666666664,29.279999999999994,32.13520408163265,0.8719323815977116,0.9177248756131139,0.7562382749253066,0.7052768672622599,0.7664011948693037,0.7183680286197027,0.6360168982633693
15,3,John Collins,45.5,ATL,PF/C,8000,32.5,41.349999999999994,5.145,31.0,39.790000000000006,43.3508064516129,1.6406975750228687,0.9177248756131139,1.6360886446791643,1.6682744064389121,0.5828208362792285,1.55276113402678,1.305730473025136
15,4,Troy Brown Jr.,43.8,WAS,SG/SF,5400,35.5,31.9,5.895,31.0,25.839999999999996,36.53064516129032,0.8379538095126219,1.2114663604210991,1.1010552835524507,0.39008071742708605,1.1687155977369141,1.4345554440941106,0.5808330475309749
15,5,Bobby Portis,40.8,NY,PF/C,3800,27.5,27.85,7.335,19.0,22.35,40.30921052631579,0.49392076715108757,0.4281557342664718,1.3974791423774877,0.07030322820477332,2.2936335397356706,1.225957167742341,0.25206890844395174
15,6,Dwight Powell,35.5,DAL,C,4900,29.5,24.35,4.975,30.666666666666668,22.389999999999997,23.42364130434783,0.19660826140655158,0.6239833908051287,0.0728267667530983,0.07396829971448424,0.45001802368215327,0.8574335461875489,0.109864198123021
15,7,Alex Len,29.5,ATL,C,4900,21.5,23.450000000000003,4.775,22.0,22.509999999999998,22.91704545454546,0.12015647421509958,-0.15932723534949875,0.033084938266255304,0.08496351424361831,0.293779420626771,0.44023699348401024,0.06349495743464369
16,0,Terry Rozier,39.5,CHA,PG/SG,6700,36.5,35.05,5.245,38.0,34.11,33.666447368421046,1.1055350646827042,1.3093801886904275,0.8763624490552651,1.147834252059903,0.6609401378069204,1.1355645813232413,0.8500448126283301
16,1,James Harden,81.0,HOU,PG/SG,12800,37.0,68.25,5.3149999999999995,37.666666666666664,65.21000000000001,67.0420353982301,3.92575654774516,1.358337102825092,3.4946367512345105,3.99742735086046,0.7156236488763039,4.02117407085605,3.140194173908077
16,2,Josh Hart,28.5,NO,SG/SF,4200,29.5,24.25,5.775,27.0,23.630000000000003,26.49537037037037,0.18811361838527899,0.6239833908051287,0.31380017730816284,0.18758551651553587,1.074972435903685,0.3707042347000871,0.08273808032140127
16,3,John Collins,45.5,ATL,PF/C,8000,32.5,41.349999999999994,5.145,31.0,39.790000000000006,43.3508064516129,1.6406975750228687,0.9177248756131139,1.6360886446791643,1.6682744064389121,0.5828208362792285,1.55276113402678,1.305730473025136
16,4,Damyean Dotson,18.5,NY,SG/SF,3000,0.0,3.65,1.21,15.333333333333334,10.030000000000001,0.0,-1.5617828439968473,-2.26447454314006,-1.7647294146050383,-1.0585387967863151,-2.491173678835428,-0.324623353139144,-1.0668627030642415
16,5,Troy Brown Jr.,43.8,WAS,SG/SF,5400,35.5,31.9,5.895,31.0,25.839999999999996,36.53064516129032,0.8379538095126219,1.2114663604210991,1.1010552835524507,0.39008071742708605,1.1687155977369141,1.4345554440941106,0.5808330475309749
16,6,Jerami Grant,32.8,DEN,PF/C,3300,31.0,20.55,6.25,21.333333333333332,17.009999999999998,29.86171875,-0.12618817340180186,0.7708541332091212,0.5778861148111921,-0.4189838183416891,1.446039118160219,0.6696950974709563,-0.18669565110107159
16,7,Bobby Portis,40.8,NY,PF/C,3800,27.5,27.85,7.335,19.0,22.35,40.30921052631579,0.49392076715108757,0.4281557342664718,1.3974791423774877,0.07030322820477332,2.2936335397356706,1.225957167742341,0.25206890844395174
17,0,Terry Rozier,39.5,CHA,PG/SG,6700,36.5,35.05,5.245,38.0,34.11,33.666447368421046,1.1055350646827042,1.3093801886904275,0.8763624490552651,1.147834252059903,0.6609401378069204,1.1355645813232413,0.8500448126283301
17,1,Troy Brown Jr.,43.8,WAS,SG/SF,5400,35.5,31.9,5.895,31.0,25.839999999999996,36.53064516129032,0.8379538095126219,1.2114663604210991,1.1010552835524507,0.39008071742708605,1.1687155977369141,1.4345554440941106,0.5808330475309749
17,2,P.J. Tucker,37.8,HOU,SF/PF,4000,35.5,23.200000000000003,5.805,35.666666666666664,21.900000000000002,23.091588785046735,0.09891986666191843,1.2114663604210991,0.046777650330537233,0.029071173720520958,1.098408226361992,1.0173588913905718,-0.0063537826788080546
17,3,Bobby Portis,40.8,NY,PF/C,3800,27.5,27.85,7.335,19.0,22.35,40.30921052631579,0.49392076715108757,0.4281557342664718,1.3974791423774877,0.07030322820477332,2.2936335397356706,1.225957167742341,0.25206890844395174
17,4,Luka Doncic,52.3,DAL,PG/SF,12300,34.5,62.45,5.08,36.333333333333336,61.629999999999995,59.298853211009174,3.433067252511358,1.1135525321517707,2.8871935229748216,3.6694034507412954,0.5320432902862295,2.025583893757457,2.756448433070274
17,5,Josh Hart,28.5,NO,SG/SF,4200,29.5,24.25,5.775,27.0,23.630000000000003,26.49537037037037,0.18811361838527899,0.6239833908051287,0.31380017730816284,0.18758551651553587,1.074972435903685,0.3707042347000871,0.08273808032140127
17,6,Maxi Kleber,27.8,DAL,PF/C,5500,28.0,22.85,4.155,28.333333333333332,21.53,22.581176470588236,0.06918861608746471,0.477112648401136,0.006736424831560893,-0.0048307377443089,-0.19056024884491582,0.32203130355134096,0.06473471151213095
17,7,Jerami Grant,32.8,DEN,PF/C,3300,31.0,20.55,6.25,21.333333333333332,17.009999999999998,29.86171875,-0.12618817340180186,0.7708541332091212,0.5778861148111921,-0.4189838183416891,1.446039118160219,0.6696950974709563,-0.18669565110107159
18,0,Terry Rozier,39.5,CHA,PG/SG,6700,36.5,35.05,5.245,38.0,34.11,33.666447368421046,1.1055350646827042,1.3093801886904275,0.8763624490552651,1.147834252059903,0.6609401378069204,1.1355645813232413,0.8500448126283301
18,1,Jordan McRae,17.5,WAS,PG/SG,6600,36.5,39.2,5.9350000000000005,30.0,30.619999999999997,47.69333333333334,1.4580627500655117,1.3093801886904275,1.9767545988123554,0.8280567628375897,1.1999633183479914,-0.3941561119230671,1.0885176279576867
18,2,Josh Hart,28.5,NO,SG/SF,4200,29.5,24.25,5.775,27.0,23.630000000000003,26.49537037037037,0.18811361838527899,0.6239833908051287,0.31380017730816284,0.18758551651553587,1.074972435903685,0.3707042347000871,0.08273808032140127
18,3,Taj Gibson,4.5,NY,PF/C,3100,22.5,18.25,5.875,16.666666666666668,14.169999999999998,24.6375,-0.32156496289106845,-0.061413407080170325,0.16805250559144647,-0.6792038955311932,1.1530917374313763,-1.2980819761140676,-0.3526583305291715
18,4,Luka Doncic,52.3,DAL,PG/SF,12300,34.5,62.45,5.08,36.333333333333336,61.629999999999995,59.298853211009174,3.433067252511358,1.1135525321517707,2.8871935229748216,3.6694034507412954,0.5320432902862295,2.025583893757457,2.756448433070274
18,5,Doug McDermott,5.8,IND,SF/PF,3000,20.0,13.600000000000001,4.51,19.666666666666668,13.960000000000003,13.83050847457627,-0.7165658633802376,-0.3061979777534914,-0.6797428402048241,-0.6984455209571773,0.08676327157838833,-1.2076893896949674,-0.5913663939945769
18,6,Bobby Portis,40.8,NY,PF/C,3800,27.5,27.85,7.335,19.0,22.35,40.30921052631579,0.49392076715108757,0.4281557342664718,1.3974791423774877,0.07030322820477332,2.2936335397356706,1.225957167742341,0.25206890844395174
18,7,Jerami Grant,32.8,DEN,PF/C,3300,31.0,20.55,6.25,21.333333333333332,17.009999999999998,29.86171875,-0.12618817340180186,0.7708541332091212,0.5778861148111921,-0.4189838183416891,1.446039118160219,0.6696950974709563,-0.18669565110107159
19,0,Donte DiVincenzo,23.8,MIL,PG/SF,4200,26.5,23.0,5.48,25.0,22.04,24.380000000000003,0.08193058061937328,0.33024190599714337,0.14785194366549664,0.04189892400451033,0.8445204963969954,0.04390026841564854,0.003549385469393622
19,1,Donovan Mitchell,31.8,UTA,PG/SG,8400,34.5,42.25,5.015000000000001,35.0,40.67,41.64642857142857,1.7171493622143212,1.1135525321517707,1.5023822721980653,1.7489059796525608,0.48126574429323055,0.6001623386870334,1.3629239642558044
19,2,Derrick Jones Jr.,35.3,MIA,SF/PF,4700,23.0,16.5,3.5300000000000002,31.0,19.46,12.241935483870968,-0.4702212157633365,-0.012456492945506114,-0.8043644599043742,-0.19449818837187005,-0.6788058833929871,0.8435269944307641,-0.3295830889547117
19,3,Jayson Tatum,26.5,BOS,SF/PF,7600,34.5,36.7,4.835,34.333333333333336,36.839999999999996,36.87815533980583,1.2456966745337001,1.1135525321517707,1.1283170345466274,1.3979753825977008,0.3406510015433855,0.2316387171322409,1.0070724806416327
19,4,Tyler Herro,32.3,MIA,SG,3800,21.5,17.75,4.65,28.0,21.749999999999996,13.629464285714285,-0.3640381779974307,-0.15932723534949875,-0.6955145123871889,0.015327155559102964,0.19613029371715673,0.6349287180789948,-0.3044221027426942
19,5,OG Anunoby,32.8,TOR,SF/PF,5500,30.5,26.0,4.715,30.666666666666668,24.8,25.858695652173914,0.336769871257547,0.721897219074457,0.2638538197484956,0.294788858174592,0.24690783971015576,0.6696950974709563,0.2529449569419694
19,6,Derrick Favors,24.8,NO,PF/C,7300,30.5,36.35,4.965,28.666666666666668,32.67,38.67470930232558,1.2159654239592466,0.721897219074457,1.2692545086172728,1.0158916777102955,0.4422060935293843,0.11343302719957166,0.9510482352075232
19,7,Coby White,20.0,CHI,PG/SG,4300,22.5,20.05,4.685,22.333333333333332,20.91,20.199626865671643,-0.16866138850816415,-0.061413407080170325,-0.18009324613480632,-0.06163934614483455,0.22347204925184816,-0.22032421496325932,-0.14733834161522638
20,0,Tomas Satoransky,12.5,CHI,PG/SF,6400,34.0,31.2,4.87,33.0,27.939999999999998,32.14545454545455,0.7784913083637147,1.0645956180171066,0.7570424113493995,0.5824969716869308,0.36799275707807766,-0.7418199058426826,0.5971918319052191
20,1,Zach LaVine,51.3,CHI,PG/SG,8900,37.5,43.65,4.915,36.0,40.39,45.46875,1.8360743645121356,1.407294016959756,1.802238741008718,1.7232504790845813,0.40314644276553874,1.956051134973534,1.4692248085648816
20,2,Thaddeus Young,35.0,CHI,SF/PF,5400,30.0,28.25,5.245,23.666666666666668,21.63,35.809859154929576,0.5278993392361773,0.6729403049397928,1.0445104977006119,0.00433194102996922,0.6609401378069204,0.8226671667955874,0.37488141641363654
20,3,Derrick Jones Jr.,35.3,MIA,SF/PF,4700,23.0,16.5,3.5300000000000002,31.0,19.46,12.241935483870968,-0.4702212157633365,-0.012456492945506114,-0.8043644599043742,-0.19449818837187005,-0.6788058833929871,0.8435269944307641,-0.3295830889547117
20,4,Tim Hardaway Jr.,19.5,DAL,SG/SF,4400,26.5,21.85,4.970000000000001,25.333333333333332,23.85,22.856250000000003,-0.015757814125259863,0.33024190599714337,0.02831560877358824,0.20774340981894804,0.44611205860576947,-0.2550905943552209,-0.021590968025943555
20,5,PJ Washington,39.5,CHA,PF/C,5600,33.5,27.75,4.955,33.333333333333336,27.03,27.888749999999998,0.485426124129815,1.0156387038824424,0.42310911515162175,0.49911659484099846,0.4343941633766153,1.1355645813232413,0.3681482553908681
20,6,Maxi Kleber,27.8,DAL,PF/C,5500,28.0,22.85,4.155,28.333333333333332,21.53,22.581176470588236,0.06918861608746471,0.477112648401136,0.006736424831560893,-0.0048307377443089,-0.19056024884491582,0.32203130355134096,0.06473471151213095
20,7,Monte Morris,17.0,DEN,PG,3600,18.0,15.75,4.37,17.666666666666668,16.29,16.047169811320753,-0.5339310384228799,-0.5020256342921482,-0.5058484534018486,-0.48495510551649285,-0.022603750560379395,-0.4289224913150287,-0.43283252450492904
21,0,Jamal Murray,24.8,DEN,PG/SG,7200,34.0,34.95,4.865,34.0,35.17,34.95,1.0970404216614322,1.0645956180171066,0.9770555924316802,1.2449586470672533,0.36408679200169314,0.11343302719957166,0.8825715581055946
21,1,Jeremy Lamb,21.0,IND,SG/SF,6100,30.5,27.6,4.525,29.666666666666668,28.96,28.375280898876404,0.47268415959790644,0.721897219074457,0.46127687263372275,0.6759562951845699,0.09848116680754249,-0.15079145617933623,0.40332564263995835
21,2,Evan Fournier,33.5,ORL,SG/SF,6000,32.5,32.3,5.38,32.666666666666664,29.279999999999994,32.13520408163265,0.8719323815977116,0.9177248756131139,0.7562382749253066,0.7052768672622599,0.7664011948693037,0.7183680286197027,0.6360168982633693
21,3,LaMarcus Aldridge,30.5,SA,PF/C,7300,33.0,36.9,5.05,33.333333333333336,39.18,36.531,1.2626859605762448,0.9666817897477781,1.1010831202178044,1.6123820659158137,0.508607499827922,0.5097697522679333,1.0211642778959809
21,4,Nickeil Alexander-Walker,25.0,NO,PG/SG,3200,16.0,13.850000000000001,4.32,10.0,11.110000000000001,22.160000000000004,-0.6953292558270564,-0.697853290830805,-0.026304357210655327,-0.9595818660241093,-0.06166340132422496,0.12733957895635623,-0.5447837582372157
21,5,Miles Bridges,45.3,CHA,SF/PF,5100,32.0,26.35,5.175000000000001,32.0,25.709999999999997,26.35,0.36650112183200073,0.8687679614784497,0.3023960484970369,0.37816923502052435,0.6062566267375369,1.5388545822699953,0.25543967219094654
21,6,Jaxson Hayes,38.5,NO,C,3200,17.5,15.7,4.895,17.333333333333332,16.44,15.850961538461538,-0.5381783599335161,-0.5509825484268125,-0.5212407538534068,-0.47121108735507516,0.3875225824600001,1.0660318225393182,-0.46879472053974436
21,7,Frank Ntilikina,28.0,NY,PG/SG,3400,17.5,11.6,3.395,21.333333333333332,16.0,9.515625000000002,-0.8864587238056869,-0.5509825484268125,-1.0182402026570048,-0.5115268739618999,-0.7842669404553707,0.3359378553081256,-0.6422118276544843
22,0,Donte DiVincenzo,23.8,MIL,PG/SF,4200,26.5,23.0,5.48,25.0,22.04,24.380000000000003,0.08193058061937328,0.33024190599714337,0.14785194366549664,0.04189892400451033,0.8445204963969954,0.04390026841564854,0.003549385469393622
22,1,Pat Connaughton,17.8,MIL,SG/SF,3300,16.5,14.850000000000001,4.484999999999999,21.0,16.369999999999997,11.667857142857143,-0.6103828256143319,-0.6488963766961409,-0.8494002077800886,-0.4776249624970703,0.0672334461964652,-0.37329628428789013,-0.5160451659827198
22,2,Dwayne Bacon,17.0,CHA,SG/SF,3400,23.0,16.85,4.955,19.333333333333332,13.59,20.045689655172417,-0.4404899651888827,-0.012456492945506114,-0.19216943313829227,-0.7323474324220073,0.4343941633766153,-0.4289224913150287,-0.40373626353760106
22,3,Omari Spellman,21.8,GS,PF/C,4100,20.0,19.85,4.8149999999999995,18.0,18.51,22.055555555555557,-0.18565067455070902,-0.3061979777534914,-0.0344978968915155,-0.281543636727514,0.3250271412378469,-0.09516524915219768,-0.17833145161894037
22,4,Kris Dunn,41.0,CHI,PG/SF,4700,30.5,25.5,5.415,28.666666666666668,21.66,27.13081395348837,0.2942966561511847,0.721897219074457,0.3636499538177658,0.007080744662252819,0.7937429504039958,1.239863719499126,0.1622332619510333
22,5,Aaron Gordon,23.8,ORL,SF/PF,6200,32.5,33.5,5.38,32.666666666666664,32.480000000000004,33.32908163265306,0.9738680978529813,0.9177248756131139,0.8498965172607992,0.9984825880391669,0.7664011948693037,0.04390026841564854,0.736504010940899
22,6,Ersan Ilyasova,3.8,MIL,PF/C,3800,16.5,15.5,4.09,18.333333333333332,19.46,13.95,-0.555167645976061,-0.6488963766961409,-0.6703688753157045,-0.19449818837187005,-0.24133779483791554,-1.3467549072628138,-0.41578881911228766
22,7,Draymond Green,31.5,GS,PG/SF,5900,28.0,29.55,5.01,26.333333333333332,28.889999999999997,31.42025316455696,0.6383296985127193,0.477112648401136,0.7001512447334531,0.6695424200425748,0.47735977921684536,0.5793025110518565,0.4956655499640585
23,0,Kendrick Nunn,19.5,MIA,PG/SG,4600,27.0,22.3,4.82,28.333333333333332,25.02,21.250588235294117,0.022468079470466137,0.37919882013180756,-0.09764660446940794,0.31494675147800416,0.32893310631423206,-0.2550905943552209,0.0136760387353794
23,1,Aaron Holiday,23.0,IND,PG/SG,5400,29.5,26.35,4.855,27.666666666666668,23.85,28.0960843373494,0.36650112183200073,0.6239833908051287,0.43937424183512624,0.20774340981894804,0.35627486184892415,-0.011725938611489998,0.26762475521324136
23,2,Juancho Hernangomez,11.8,DEN,SF/PF,3000,0.0,2.5,0.835,8.333333333333334,5.699999999999999,0.0,-1.6594712387414805,-2.26447454314006,-1.7647294146050383,-1.4552827877125665,-2.7841210595642707,-0.7904928369914288,-1.1437271501436084
23,3,PJ Washington,39.5,CHA,PF/C,5600,33.5,27.75,4.955,33.333333333333336,27.03,27.888749999999998,0.485426124129815,1.0156387038824424,0.42310911515162175,0.49911659484099846,0.4343941633766153,1.1355645813232413,0.3681482553908681
23,4,Joe Ingles,22.0,UTA,SG/SF,6200,32.5,30.35,4.91,31.0,27.790000000000003,31.818548387096776,0.706286842682899,0.9177248756131139,0.7313970206857855,0.5687529535255138,0.3992404776891542,-0.08125869739541311,0.5431762106654122
23,5,Dwayne Bacon,17.0,CHA,SG/SF,3400,23.0,16.85,4.955,19.333333333333332,13.59,20.045689655172417,-0.4404899651888827,-0.012456492945506114,-0.19216943313829227,-0.7323474324220073,0.4343941633766153,-0.4289224913150287,-0.40373626353760106
23,6,Maxi Kleber,27.8,DAL,PF/C,5500,28.0,22.85,4.155,28.333333333333332,21.53,22.581176470588236,0.06918861608746471,0.477112648401136,0.006736424831560893,-0.0048307377443089,-0.19056024884491582,0.32203130355134096,0.06473471151213095
23,7,Vince Carter,0.0,ATL,SF/PF,3100,15.5,12.5,4.035,16.666666666666668,10.48,11.625,-0.8100069366142347,-0.7468102049654692,-0.8527622985305935,-1.0173067423020627,-0.2843034106781456,-1.6109793906417216,-0.6689359181270444
