Lineup Num,,Player Name,Actual FP,team,Pos,Salary,DFN_MinProj,Avg Proj,Avg Value Proj,Avg Skewed Min,Avg Skewed FGA,Avg Skewed FP,Proj Min Enhanced
0,0,Patrick Beverley,24.5,LAC,PG,5000,29.5,26.0,5.199999999999999,0.0,0.0,5.2,0.0
0,1,Nickeil Alexander-Walker,15.0,NO,PG/SG,3400,13.0,10.15,2.985,0.0,0.0,2.0300000000000002,0.0
0,2,E'Twaun Moore,12.3,NO,SG/SF,3600,15.0,9.5,2.63,0.0,0.0,1.9,0.0
0,3,OG Anunoby,23.8,TOR,SF/PF,3900,30.5,22.9,5.869999999999999,0.0,0.0,4.58,0.0
0,4,Terence Davis,18.8,TOR,SG/SF,3000,15.0,12.65,4.215,0.0,0.0,2.5300000000000002,0.0
0,5,Brandon Ingram,41.8,NO,SF/PF,5800,33.5,29.65,5.1,0.0,0.0,5.93,0.0
0,6,Patrick Patterson,8.3,LAC,PF/C,3300,15.5,6.15,1.865,0.0,0.0,1.23,0.0
0,7,Avery Bradley,11.8,LAL,PG/SG,4100,27.0,15.85,3.8899999999999997,0.0,0.0,3.17,0.0
1,0,LeBron James,43.3,LAL,PG/SF,9900,35.0,54.0,5.4399999999999995,0.0,0.0,10.8,0.0
1,1,Troy Daniels,7.5,LAL,SG,3300,0.0,2.9,0.87,0.0,0.0,0.58,0.0
1,2,Kenrich Williams,20.5,NO,SF/PF,3100,13.5,9.25,2.98,0.0,0.0,1.85,0.0
1,3,Serge Ibaka,19.8,TOR,PF/C,5200,26.5,31.450000000000003,6.055,0.0,0.0,6.290000000000001,0.0
1,4,Kyle Lowry,40.8,TOR,PG,6800,33.5,37.7,5.545,0.0,0.0,7.540000000000001,0.0
1,5,JaMychal Green,21.0,LAC,SF/PF,3800,19.0,21.6,5.67,0.0,0.0,4.32,0.0
1,6,Montrezl Harrell,34.3,LAC,PF/C,6100,26.0,31.1,5.125,0.0,0.0,6.220000000000001,0.0
1,7,Anthony Davis,51.0,LAL,PF/C,10200,35.5,56.95,5.555,0.0,0.0,11.39,0.0
2,0,Kyle Lowry,40.8,TOR,PG,6800,33.5,37.7,5.545,0.0,0.0,7.540000000000001,0.0
2,1,E'Twaun Moore,12.3,NO,SG/SF,3600,15.0,9.5,2.63,0.0,0.0,1.9,0.0
2,2,Kawhi Leonard,48.5,LAC,SF,9600,34.0,45.65,4.755,0.0,0.0,9.129999999999999,0.0
2,3,Derrick Favors,19.3,NO,PF/C,5600,27.5,31.25,5.6,0.0,0.0,6.25,0.0
2,4,Landry Shamet,15.8,LAC,SG/SF,4200,29.5,21.55,5.15,0.0,0.0,4.3100000000000005,0.0
2,5,Montrezl Harrell,34.3,LAC,PF/C,6100,26.0,31.1,5.125,0.0,0.0,6.220000000000001,0.0
2,6,JaVale McGee,10.0,LAL,C,4800,22.5,25.05,5.225,0.0,0.0,5.01,0.0
2,7,Quinn Cook,7.8,LAL,PG,3300,13.0,8.6,2.625,0.0,0.0,1.72,0.0
3,0,Quinn Cook,7.8,LAL,PG,3300,13.0,8.6,2.625,0.0,0.0,1.72,0.0
3,1,Jrue Holiday,29.0,NO,PG/SG,7900,35.5,41.599999999999994,5.245,0.0,0.0,8.319999999999999,0.0
3,2,Danny Green,46.3,LAL,SG/SF,5300,28.5,20.55,3.86,0.0,0.0,4.11,0.0
3,3,OG Anunoby,23.8,TOR,SF/PF,3900,30.5,22.9,5.869999999999999,0.0,0.0,4.58,0.0
3,4,Landry Shamet,15.8,LAC,SG/SF,4200,29.5,21.55,5.15,0.0,0.0,4.3100000000000005,0.0
3,5,JaMychal Green,21.0,LAC,SF/PF,3800,19.0,21.6,5.67,0.0,0.0,4.32,0.0
3,6,Pascal Siakam,66.5,TOR,PF/C,7600,34.0,42.099999999999994,5.529999999999999,0.0,0.0,8.419999999999998,0.0
3,7,Terence Davis,18.8,TOR,SG/SF,3000,15.0,12.65,4.215,0.0,0.0,2.5300000000000002,0.0
4,0,Patrick Beverley,24.5,LAC,PG,5000,29.5,26.0,5.199999999999999,0.0,0.0,5.2,0.0
4,1,E'Twaun Moore,12.3,NO,SG/SF,3600,15.0,9.5,2.63,0.0,0.0,1.9,0.0
4,2,Jared Dudley,7.0,LAL,SF/PF,3100,12.5,7.0,2.28,0.0,0.0,1.4,0.0
4,3,Serge Ibaka,19.8,TOR,PF/C,5200,26.5,31.450000000000003,6.055,0.0,0.0,6.290000000000001,0.0
4,4,Lou Williams,39.3,LAC,PG/SG,6500,27.0,33.55,5.165,0.0,0.0,6.709999999999999,0.0
4,5,Patrick Patterson,8.3,LAC,PF/C,3300,15.5,6.15,1.865,0.0,0.0,1.23,0.0
4,6,Dwight Howard,14.0,LAL,C,4500,20.0,22.5,4.99,0.0,0.0,4.5,0.0
4,7,Terence Davis,18.8,TOR,SG/SF,3000,15.0,12.65,4.215,0.0,0.0,2.5300000000000002,0.0
5,0,Kyle Lowry,40.8,TOR,PG,6800,33.5,37.7,5.545,0.0,0.0,7.540000000000001,0.0
5,1,E'Twaun Moore,12.3,NO,SG/SF,3600,15.0,9.5,2.63,0.0,0.0,1.9,0.0
5,2,Terence Davis,18.8,TOR,SG/SF,3000,15.0,12.65,4.215,0.0,0.0,2.5300000000000002,0.0
5,3,Jared Dudley,7.0,LAL,SF/PF,3100,12.5,7.0,2.28,0.0,0.0,1.4,0.0
5,4,Troy Daniels,7.5,LAL,SG,3300,0.0,2.9,0.87,0.0,0.0,0.58,0.0
5,5,Pascal Siakam,66.5,TOR,PF/C,7600,34.0,42.099999999999994,5.529999999999999,0.0,0.0,8.419999999999998,0.0
5,6,Serge Ibaka,19.8,TOR,PF/C,5200,26.5,31.450000000000003,6.055,0.0,0.0,6.290000000000001,0.0
5,7,Avery Bradley,11.8,LAL,PG/SG,4100,27.0,15.85,3.8899999999999997,0.0,0.0,3.17,0.0
6,0,LeBron James,43.3,LAL,PG/SF,9900,35.0,54.0,5.4399999999999995,0.0,0.0,10.8,0.0
6,1,Fred VanVleet,56.3,TOR,PG/SG,4800,32.0,30.4,6.325,0.0,0.0,6.08,0.0
6,2,Danny Green,46.3,LAL,SG/SF,5300,28.5,20.55,3.86,0.0,0.0,4.11,0.0
6,3,Montrezl Harrell,34.3,LAC,PF/C,6100,26.0,31.1,5.125,0.0,0.0,6.220000000000001,0.0
6,4,Quinn Cook,7.8,LAL,PG,3300,13.0,8.6,2.625,0.0,0.0,1.72,0.0
6,5,Pascal Siakam,66.5,TOR,PF/C,7600,34.0,42.099999999999994,5.529999999999999,0.0,0.0,8.419999999999998,0.0
6,6,Serge Ibaka,19.8,TOR,PF/C,5200,26.5,31.450000000000003,6.055,0.0,0.0,6.290000000000001,0.0
6,7,Derrick Favors,19.3,NO,PF/C,5600,27.5,31.25,5.6,0.0,0.0,6.25,0.0
7,0,LeBron James,43.3,LAL,PG/SF,9900,35.0,54.0,5.4399999999999995,0.0,0.0,10.8,0.0
7,1,Nickeil Alexander-Walker,15.0,NO,PG/SG,3400,13.0,10.15,2.985,0.0,0.0,2.0300000000000002,0.0
7,2,Brandon Ingram,41.8,NO,SF/PF,5800,33.5,29.65,5.1,0.0,0.0,5.93,0.0
7,3,Jared Dudley,7.0,LAL,SF/PF,3100,12.5,7.0,2.28,0.0,0.0,1.4,0.0
7,4,Troy Daniels,7.5,LAL,SG,3300,0.0,2.9,0.87,0.0,0.0,0.58,0.0
7,5,Patrick Patterson,8.3,LAC,PF/C,3300,15.5,6.15,1.865,0.0,0.0,1.23,0.0
7,6,Marc Gasol,13.0,TOR,C,5500,28.0,32.849999999999994,5.98,0.0,0.0,6.5699999999999985,0.0
7,7,Terence Davis,18.8,TOR,SG/SF,3000,15.0,12.65,4.215,0.0,0.0,2.5300000000000002,0.0
8,0,Frank Jackson,10.5,NO,PG/SG,3300,0.0,2.75,0.835,0.0,0.0,0.55,0.0
8,1,Avery Bradley,11.8,LAL,PG/SG,4100,27.0,15.85,3.8899999999999997,0.0,0.0,3.17,0.0
8,2,E'Twaun Moore,12.3,NO,SG/SF,3600,15.0,9.5,2.63,0.0,0.0,1.9,0.0
8,3,Kenrich Williams,20.5,NO,SF/PF,3100,13.5,9.25,2.98,0.0,0.0,1.85,0.0
8,4,Kentavious Caldwell-Pope,7.8,LAL,SG/SF,4300,24.0,16.35,3.775,0.0,0.0,3.2700000000000005,0.0
8,5,Kawhi Leonard,48.5,LAC,SF,9600,34.0,45.65,4.755,0.0,0.0,9.129999999999999,0.0
8,6,Montrezl Harrell,34.3,LAC,PF/C,6100,26.0,31.1,5.125,0.0,0.0,6.220000000000001,0.0
8,7,JJ Redick,20.5,NO,SG/SF,4900,28.5,24.200000000000003,4.925,0.0,0.0,4.840000000000001,0.0
9,0,LeBron James,43.3,LAL,PG/SF,9900,35.0,54.0,5.4399999999999995,0.0,0.0,10.8,0.0
9,1,Lou Williams,39.3,LAC,PG/SG,6500,27.0,33.55,5.165,0.0,0.0,6.709999999999999,0.0
9,2,Terence Davis,18.8,TOR,SG/SF,3000,15.0,12.65,4.215,0.0,0.0,2.5300000000000002,0.0
9,3,Derrick Favors,19.3,NO,PF/C,5600,27.5,31.25,5.6,0.0,0.0,6.25,0.0
9,4,Nickeil Alexander-Walker,15.0,NO,PG/SG,3400,13.0,10.15,2.985,0.0,0.0,2.0300000000000002,0.0
9,5,E'Twaun Moore,12.3,NO,SG/SF,3600,15.0,9.5,2.63,0.0,0.0,1.9,0.0
9,6,JaVale McGee,10.0,LAL,C,4800,22.5,25.05,5.225,0.0,0.0,5.01,0.0
9,7,Frank Jackson,10.5,NO,PG/SG,3300,0.0,2.75,0.835,0.0,0.0,0.55,0.0
