Lineup Num,,Player Name,Actual FP,team,Pos,Salary,DFN_MinProj,Avg Proj,Avg Value Proj,Avg Skewed Min,Avg Skewed FGA,Avg Skewed FP,Proj Min Enhanced
0,0,Patrick Beverley,25.0,LAC,PG/SG,5100,31.0,26.6,5.225,31.666666666666668,7.666666666666667,24.560000000000002,26.04
0,1,Luke Kennard,40.3,DET,SG,6100,31.5,28.65,4.6850000000000005,35.333333333333336,15.0,30.75,25.541745283018866
0,2,Kenrich Williams,25.3,NO,SF/PF,4300,29.5,24.75,5.76,17.666666666666668,5.0,17.69,41.32783018867924
0,3,Danuel House Jr.,5.3,HOU,SF/PF,5300,31.0,26.55,5.03,33.0,8.666666666666666,26.490000000000002,24.94090909090909
0,4,Delon Wright,21.0,DAL,PG/SG,4000,22.5,19.55,4.875,24.0,6.333333333333333,19.689999999999998,18.328125
0,5,Terence Davis,13.8,TOR,SG/SF,3000,16.5,13.7,4.575,12.333333333333334,3.0,9.220000000000002,18.32837837837838
0,6,Marquese Chriss,22.0,GS,PF/C,3500,13.5,14.2,4.055,16.0,5.0,15.12,11.98125
0,7,Jarrett Culver,12.5,MIN,SG/SF,4800,27.0,19.700000000000003,4.095,25.0,8.666666666666666,17.880000000000003,21.276000000000003
1,0,Jrue Holiday,48.3,NO,PG/SG,7400,35.0,41.45,5.62,34.0,14.0,37.13000000000001,42.669117647058826
1,1,Norman Powell,24.5,TOR,SG/SF,4200,30.5,22.700000000000003,5.4,25.333333333333332,8.333333333333334,19.800000000000004,27.3296052631579
1,2,Kenrich Williams,25.3,NO,SF/PF,4300,29.5,24.75,5.76,17.666666666666668,5.0,17.69,41.32783018867924
1,3,Jaren Jackson Jr.,44.0,MEM,PF/C,5300,28.0,25.950000000000003,4.885,26.0,12.0,22.71,27.946153846153848
1,4,Kemba Walker,47.3,BOS,PG,8900,34.0,41.3,4.66,33.0,17.333333333333332,42.160000000000004,42.55151515151515
1,5,Markieff Morris,21.0,DET,SF/PF,4600,23.0,16.55,3.585,27.333333333333332,10.333333333333334,20.049999999999997,13.926219512195123
1,6,Draymond Green,18.3,GS,PF/C,6600,31.0,33.1,5.0,29.0,8.0,30.919999999999998,35.38275862068966
1,7,Willie Cauley-Stein,30.3,GS,C,4200,23.0,21.45,5.12,21.333333333333332,6.333333333333333,19.990000000000002,23.125781250000003
2,0,Delon Wright,21.0,DAL,PG/SG,4000,22.5,19.55,4.875,24.0,6.333333333333333,19.689999999999998,18.328125
2,1,Patrick Beverley,25.0,LAC,PG/SG,5100,31.0,26.6,5.225,31.666666666666668,7.666666666666667,24.560000000000002,26.04
2,2,Jayson Tatum,22.5,BOS,SF/PF,7500,34.0,39.3,5.234999999999999,33.0,16.666666666666668,39.220000000000006,40.49090909090909
2,3,Daniel Theis,25.8,BOS,PF/C,5000,18.0,16.45,3.3,23.0,5.666666666666667,19.830000000000002,12.873913043478261
2,4,Marcus Smart,30.3,BOS,PG/SG,5400,32.5,27.8,5.15,28.0,9.666666666666666,26.140000000000004,32.267857142857146
2,5,Jake Layman,26.5,MIN,SF/PF,3900,25.5,18.3,4.705,26.333333333333332,11.0,17.5,17.72088607594937
2,6,Jaxson Hayes,1.5,NO,C,3200,17.5,16.45,5.13,15.666666666666666,3.6666666666666665,15.27,18.375
2,7,Derrick White,28.8,SA,PG/SG,4400,24.0,21.75,4.949999999999999,23.0,8.0,20.13,22.695652173913043
3,0,Frank Jackson,6.0,NO,PG/SG,3300,19.0,16.6,5.050000000000001,18.333333333333332,8.333333333333334,16.48,17.203636363636367
3,1,Derrick White,28.8,SA,PG/SG,4400,24.0,21.75,4.949999999999999,23.0,8.0,20.13,22.695652173913043
3,2,Damion Lee,7.5,GS,SG/SF,4300,10.5,11.100000000000001,2.6,24.666666666666668,8.666666666666666,18.8,4.7250000000000005
3,3,Kenrich Williams,25.3,NO,SF/PF,4300,29.5,24.75,5.76,17.666666666666668,5.0,17.69,41.32783018867924
3,4,Austin Rivers,10.5,HOU,PG/SG,3400,18.5,14.100000000000001,4.115,23.666666666666668,6.0,13.34,11.021830985915493
3,5,Terence Davis,13.8,TOR,SG/SF,3000,16.5,13.7,4.575,12.333333333333334,3.0,9.220000000000002,18.32837837837838
3,6,Marc Gasol,27.3,TOR,C,5400,30.0,29.85,5.529999999999999,28.333333333333332,5.333333333333333,21.410000000000004,31.60588235294118
3,7,Tony Snell,24.8,DET,SG/SF,4100,25.0,16.35,3.985,31.333333333333332,9.0,17.51,13.045212765957448
4,0,Alec Burks,20.8,GS,PG/SG,5200,31.0,24.950000000000003,4.779999999999999,30.666666666666668,12.333333333333334,26.390000000000004,25.221195652173915
4,1,Jordan Poole,21.0,GS,SG/SF,4000,30.5,19.35,4.845000000000001,29.0,9.666666666666666,17.910000000000004,20.35086206896552
4,2,Jae Crowder,28.0,MEM,SF/PF,5700,27.5,21.85,3.8499999999999996,29.0,9.333333333333334,24.410000000000004,20.719827586206897
4,3,Treveon Graham,25.5,MIN,SF/PF,3800,29.0,18.0,4.734999999999999,29.0,7.0,16.72,18.0
4,4,Lou Williams,34.0,LAC,PG/SG,7100,29.0,33.95,4.755000000000001,32.666666666666664,19.333333333333332,36.17,30.139285714285716
4,5,Jarrett Culver,12.5,MIN,SG/SF,4800,27.0,19.700000000000003,4.095,25.0,8.666666666666666,17.880000000000003,21.276000000000003
4,6,Gorgui Dieng,24.8,MIN,PF/C,3100,0.0,4.5,1.45,10.666666666666666,4.666666666666667,13.559999999999999,0.0
4,7,Pascal Siakam,41.0,TOR,PF/C,8700,37.0,44.95,5.18,37.333333333333336,23.0,47.089999999999996,44.54866071428572
5,0,Langston Galloway,25.8,DET,PG/SG,4500,19.0,14.9,3.3,25.333333333333332,8.666666666666666,19.1,11.175
5,1,Norman Powell,24.5,TOR,SG/SF,4200,30.5,22.700000000000003,5.4,25.333333333333332,8.333333333333334,19.800000000000004,27.3296052631579
5,2,P.J. Tucker,18.8,HOU,SF/PF,5200,34.0,25.1,4.805,34.0,7.333333333333333,25.72,25.1
5,3,Robert Covington,21.0,MIN,SF/PF,6000,28.5,25.85,4.3149999999999995,29.333333333333332,10.333333333333334,27.21,25.115625
5,4,Tony Snell,24.8,DET,SG/SF,4100,25.0,16.35,3.985,31.333333333333332,9.0,17.51,13.045212765957448
5,5,Kristaps Porzingis,13.8,DAL,PF/C,7200,33.5,40.05,5.54,34.0,17.0,38.71,39.4610294117647
5,6,Jahlil Okafor,23.8,NO,C,3300,0.0,6.4,1.93,19.333333333333332,5.333333333333333,18.060000000000002,0.0
5,7,Treveon Graham,25.5,MIN,SF/PF,3800,29.0,18.0,4.734999999999999,29.0,7.0,16.72,18.0
6,0,Ky Bowman,12.8,GS,PG,3600,20.0,12.9,3.5700000000000003,20.666666666666668,5.666666666666667,14.620000000000001,12.483870967741934
6,1,E'Twaun Moore,21.3,NO,SG/SF,3000,17.0,14.0,4.65,15.333333333333334,6.0,11.76,15.521739130434781
6,2,JaMychal Green,29.0,LAC,SF/PF,3800,20.5,20.75,5.48,23.333333333333332,7.0,19.009999999999998,18.230357142857144
6,3,Jae Crowder,28.0,MEM,SF/PF,5700,27.5,21.85,3.8499999999999996,29.0,9.333333333333334,24.410000000000004,20.719827586206897
6,4,James Harden,62.0,HOU,PG/SG,11500,35.0,63.25,5.485,35.0,24.666666666666668,61.489999999999995,63.25
6,5,JJ Redick,31.5,NO,SG/SF,4700,29.0,24.25,5.14,23.0,7.333333333333333,19.63,30.57608695652174
6,6,Jakob Poeltl,13.0,SA,C,3200,14.0,14.25,4.4399999999999995,14.333333333333334,2.6666666666666665,13.310000000000002,13.918604651162791
6,7,Patrick Patterson,18.0,LAC,PF/C,3100,19.0,11.45,3.6950000000000003,19.333333333333332,4.666666666666667,11.87,11.252586206896552
7,0,Josh Hart,34.5,NO,PG/SF,5100,31.5,26.0,5.08,24.666666666666668,8.0,25.8,33.2027027027027
7,1,Rodney McGruder,5.5,LAC,SG/SF,3000,0.0,4.4,1.46,13.0,1.3333333333333333,3.28,0.0
7,2,Kenrich Williams,25.3,NO,SF/PF,4300,29.5,24.75,5.76,17.666666666666668,5.0,17.69,41.32783018867924
7,3,Kyle Anderson,12.8,MEM,SF/PF,4500,20.0,15.9,3.5300000000000002,22.333333333333332,6.0,18.380000000000003,14.238805970149254
7,4,Luka Doncic,56.0,DAL,PG/SG,10400,34.5,51.2,4.9399999999999995,34.0,20.333333333333332,58.46,51.95294117647059
7,5,Rudy Gay,34.0,SA,SF/PF,4600,21.5,24.9,5.425000000000001,20.333333333333332,7.0,23.24,26.328688524590167
7,6,Jaxson Hayes,1.5,NO,C,3200,17.5,16.45,5.13,15.666666666666666,3.6666666666666665,15.27,18.375
7,7,Karl-Anthony Towns,49.5,MIN,C,10000,34.0,54.05,5.4,35.0,18.333333333333332,53.870000000000005,52.505714285714284
8,0,Tyus Jones,17.8,MEM,PG/SG,4800,21.0,19.1,3.98,22.666666666666668,7.666666666666667,20.26,17.695588235294117
8,1,Matt Thomas,9.8,TOR,SG,3000,14.5,9.4,3.135,11.333333333333334,2.3333333333333335,7.779999999999999,12.026470588235293
8,2,Jayson Tatum,22.5,BOS,SF/PF,7500,34.0,39.3,5.234999999999999,33.0,16.666666666666668,39.220000000000006,40.49090909090909
8,3,Kawhi Leonard,42.3,LAC,SF/PF,9400,33.0,50.45,5.34,32.666666666666664,24.0,53.69,50.96479591836736
8,4,Damion Lee,7.5,GS,SG/SF,4300,10.5,11.100000000000001,2.6,24.666666666666668,8.666666666666666,18.8,4.7250000000000005
8,5,Dorian Finney-Smith,15.0,DAL,SF/PF,4000,25.0,17.950000000000003,4.470000000000001,25.0,6.333333333333333,17.61,17.950000000000003
8,6,Marc Gasol,27.3,TOR,C,5400,30.0,29.85,5.529999999999999,28.333333333333332,5.333333333333333,21.410000000000004,31.60588235294118
8,7,Jrue Holiday,48.3,NO,PG/SG,7400,35.0,41.45,5.62,34.0,14.0,37.13000000000001,42.669117647058826
9,0,Patty Mills,13.5,SA,PG/SG,4100,20.5,19.55,4.79,21.0,9.333333333333334,20.369999999999997,19.08452380952381
9,1,Bryn Forbes,18.3,SA,PG/SG,4400,26.5,22.2,5.045,25.0,12.0,22.6,23.532
9,2,Marco Belinelli,13.0,SA,SG/SF,3100,16.5,12.9,4.16,17.666666666666668,7.333333333333333,10.28,12.04811320754717
9,3,Glenn Robinson III,15.0,GS,SF/PF,4800,32.5,22.65,4.7,35.0,9.666666666666666,23.57,21.03214285714286
9,4,Jaylen Brown,45.3,BOS,SG/SF,6300,33.0,33.1,5.23,30.666666666666668,13.333333333333334,32.62,35.618478260869566
9,5,Bojan Bogdanovic,18.5,UTA,SF/PF,6200,34.5,32.3,5.2,35.0,16.333333333333332,32.96,31.838571428571427
9,6,Patrick Patterson,18.0,LAC,PF/C,3100,19.0,11.45,3.6950000000000003,19.333333333333332,4.666666666666667,11.87,11.252586206896552
9,7,Luka Doncic,56.0,DAL,PG/SG,10400,34.5,51.2,4.9399999999999995,34.0,20.333333333333332,58.46,51.95294117647059
