Lineup Num,,Player Name,Actual FP,team,Pos,Salary,DFN_MinProj,Avg Proj,Avg Value Proj,Avg Skewed Min,Avg Skewed FGA,Avg Skewed FP,Proj Min Enhanced
0,0,Will Barton,26.5,DEN,PG/SF,5900,34.5,32.05,5.4399999999999995,36.333333333333336,13.333333333333334,33.39,30.432798165137612
0,1,Wayne Ellington,10.3,NY,SG/SF,3000,0.0,2.5,0.835,14.0,4.0,7.38,0.0
0,2,Mike Scott,6.8,PHI,SF/PF,3200,19.0,13.9,4.355,20.0,4.666666666666667,12.02,13.205000000000002
0,3,Frank Kaminsky,33.0,PHO,PF/C,5300,30.0,27.8,5.24,25.333333333333332,9.666666666666666,23.2,32.921052631578945
0,4,Ben McLemore,40.0,HOU,SG/SF,4500,27.0,16.9,3.75,26.0,9.333333333333334,16.860000000000003,17.549999999999997
0,5,Juancho Hernangomez,23.3,DEN,SF/PF,3000,10.5,7.3,2.45,11.666666666666666,2.6666666666666665,7.4799999999999995,6.57
0,6,Nikola Jokic,32.5,DEN,C,8500,32.0,45.0,5.3100000000000005,33.0,12.333333333333334,41.52,43.63636363636363
0,7,Paul Millsap,25.5,DEN,PF/C,4900,26.5,25.35,5.15,25.666666666666668,9.666666666666666,26.329999999999995,26.17305194805195
1,0,Devin Booker,71.5,PHO,PG/SG,7500,36.0,41.7,5.5649999999999995,35.0,16.333333333333332,38.239999999999995,42.89142857142858
1,1,Matisse Thybulle,23.8,PHI,SG/SF,3600,23.0,18.05,4.985,19.0,4.0,13.11,21.85
1,2,Josh Hart,16.5,NO,SG/SF,4500,25.5,21.1,4.7,29.333333333333332,8.333333333333334,26.119999999999997,18.342613636363637
1,3,Jerami Grant,22.3,DEN,PF/C,3700,21.5,17.65,4.75,23.333333333333332,7.333333333333333,17.169999999999998,16.263214285714287
1,4,Lonzo Ball,54.0,NO,PG,5300,31.0,31.0,5.855,28.666666666666668,11.666666666666666,27.220000000000006,33.52325581395348
1,5,Kelly Oubre Jr.,48.8,PHO,SF/PF,6100,32.0,32.7,5.335,32.0,13.333333333333334,32.339999999999996,32.7
1,6,Clint Capela,28.8,HOU,C,7900,35.0,42.55,5.375,37.0,12.0,43.79,40.25
1,7,Jamal Murray,23.8,DEN,PG/SG,6700,33.5,35.45,5.27,35.333333333333336,17.333333333333332,36.31,33.61061320754717
2,0,Frank Jackson,3.3,NO,PG/SG,3000,0.0,2.15,0.71,12.333333333333334,4.0,8.309999999999999,0.0
2,1,Austin Rivers,23.8,HOU,PG/SG,4300,23.0,15.2,3.5300000000000002,30.0,8.333333333333334,16.060000000000002,11.653333333333332
2,2,JJ Redick,37.0,NO,SG/SF,4800,29.0,24.6,5.145,30.0,11.333333333333334,24.78,23.78
2,3,Rondae Hollis-Jefferson,7.8,TOR,SF/PF,3800,15.0,16.9,4.4350000000000005,22.333333333333332,6.666666666666667,21.52,11.350746268656716
2,4,James Harden,47.8,HOU,PG/SG,12000,37.5,60.85,5.05,39.333333333333336,27.0,65.15,58.01377118644067
2,5,Al Horford,23.3,PHI,PF/C,6400,32.5,38.1,5.970000000000001,32.666666666666664,10.666666666666666,35.22,37.90561224489796
2,6,Mason Plumlee,41.8,DEN,PF/C,3800,15.5,16.4,4.305,16.0,5.0,18.939999999999998,15.8875
2,7,Jamal Murray,23.8,DEN,PG/SG,6700,33.5,35.45,5.27,35.333333333333336,17.333333333333332,36.31,33.61061320754717
3,0,Jamal Murray,23.8,DEN,PG/SG,6700,33.5,35.45,5.27,35.333333333333336,17.333333333333332,36.31,33.61061320754717
3,1,Wayne Ellington,10.3,NY,SG/SF,3000,0.0,2.5,0.835,14.0,4.0,7.38,0.0
3,2,Thabo Sefolosha,0.8,HOU,SF/PF,3000,0.0,2.75,0.915,10.0,2.3333333333333335,6.65,0.0
3,3,Rui Hachimura,39.3,WAS,PF/C,5700,32.5,27.5,4.84,32.666666666666664,14.666666666666666,25.9,27.359693877551024
3,4,Ish Smith,33.3,WAS,PG,3600,30.0,21.0,5.82,20.0,7.333333333333333,19.9,31.5
3,5,Mason Plumlee,41.8,DEN,PF/C,3800,15.5,16.4,4.305,16.0,5.0,18.939999999999998,15.8875
3,6,Pascal Siakam,43.8,TOR,PF/C,8400,36.0,44.55,5.325,37.0,19.333333333333332,44.95,43.34594594594595
3,7,Fred VanVleet,43.5,TOR,PG/SG,6600,36.0,36.95,5.575,37.666666666666664,14.0,38.89,35.31504424778761
4,0,Elie Okobo,0.0,PHO,PG/SG,3100,0.0,1.75,0.565,11.0,4.0,10.05,0.0
4,1,Allonzo Trier,8.0,NY,PG/SG,3000,0.0,4.25,1.415,11.333333333333334,4.333333333333333,10.73,0.0
4,2,Mikal Bridges,13.3,PHO,SG/SF,4000,23.0,17.95,4.465,23.0,7.333333333333333,16.09,17.95
4,3,Cheick Diallo,14.5,PHO,PF/C,4100,14.0,15.35,3.725,13.333333333333334,4.666666666666667,14.11,16.1175
4,4,Dennis Smith Jr.,14.8,NY,PG,3700,12.5,13.9,3.73,24.666666666666668,7.333333333333333,14.460000000000003,7.043918918918919
4,5,Serge Ibaka,18.3,TOR,PF/C,4700,21.5,25.65,5.47,23.0,11.666666666666666,27.21,23.977173913043476
4,6,Bobby Portis,16.5,NY,PF/C,3900,18.5,16.9,4.345000000000001,20.0,8.0,18.68,15.6325
4,7,Fred VanVleet,43.5,TOR,PG/SG,6600,36.0,36.95,5.575,37.666666666666664,14.0,38.89,35.31504424778761
5,0,Elie Okobo,0.0,PHO,PG/SG,3100,0.0,1.75,0.565,11.0,4.0,10.05,0.0
5,1,Matisse Thybulle,23.8,PHI,SG/SF,3600,23.0,18.05,4.985,19.0,4.0,13.11,21.85
5,2,James Ennis III,6.5,PHI,SF/PF,3700,25.5,19.05,5.15,21.333333333333332,6.666666666666667,16.270000000000003,22.770703125
5,3,Al Horford,23.3,PHI,PF/C,6400,32.5,38.1,5.970000000000001,32.666666666666664,10.666666666666666,35.22,37.90561224489796
5,4,Kyle Lowry,38.8,TOR,PG,7000,34.5,38.599999999999994,5.49,39.333333333333336,16.333333333333332,42.0,33.856779661016944
5,5,OG Anunoby,22.5,TOR,SF/PF,4600,29.0,24.200000000000003,5.23,29.333333333333332,7.0,25.5,23.925000000000004
5,6,Nikola Jokic,32.5,DEN,C,8500,32.0,45.0,5.3100000000000005,33.0,12.333333333333334,41.52,43.63636363636363
5,7,Ricky Rubio,53.5,PHO,PG,6200,32.0,35.0,5.63,30.666666666666668,10.333333333333334,34.36,36.52173913043478
6,0,Ish Smith,33.3,WAS,PG,3600,30.0,21.0,5.82,20.0,7.333333333333333,19.9,31.5
6,1,Frank Jackson,3.3,NO,PG/SG,3000,0.0,2.15,0.71,12.333333333333334,4.0,8.309999999999999,0.0
6,2,Kelly Oubre Jr.,48.8,PHO,SF/PF,6100,32.0,32.7,5.335,32.0,13.333333333333334,32.339999999999996,32.7
6,3,Al Horford,23.3,PHI,PF/C,6400,32.5,38.1,5.970000000000001,32.666666666666664,10.666666666666666,35.22,37.90561224489796
6,4,Russell Westbrook,56.3,HOU,PG,8800,35.5,45.95,5.234999999999999,36.333333333333336,20.666666666666668,45.410000000000004,44.89610091743119
6,5,Ben Simmons,42.3,PHI,PG/SF,8000,35.0,45.05,5.645,36.333333333333336,11.333333333333334,42.15,43.396788990825684
6,6,Julius Randle,16.5,NY,PF/C,6300,33.0,35.55,5.654999999999999,31.666666666666668,14.0,34.25,37.04684210526315
6,7,Rondae Hollis-Jefferson,7.8,TOR,SF/PF,3800,15.0,16.9,4.4350000000000005,22.333333333333332,6.666666666666667,21.52,11.350746268656716
7,0,Fred VanVleet,43.5,TOR,PG/SG,6600,36.0,36.95,5.575,37.666666666666664,14.0,38.89,35.31504424778761
7,1,Norman Powell,21.0,TOR,SG/SF,5100,27.5,23.15,4.555,31.0,12.0,24.869999999999997,20.536290322580644
7,2,Thabo Sefolosha,0.8,HOU,SF/PF,3000,0.0,2.75,0.915,10.0,2.3333333333333335,6.65,0.0
7,3,Brandon Ingram,32.5,NO,SF/PF,8200,36.0,45.599999999999994,5.57,37.666666666666664,18.666666666666668,45.599999999999994,43.58230088495575
7,4,Devin Booker,71.5,PHO,PG/SG,7500,36.0,41.7,5.5649999999999995,35.0,16.333333333333332,38.239999999999995,42.89142857142858
7,5,Paul Millsap,25.5,DEN,PF/C,4900,26.5,25.35,5.15,25.666666666666668,9.666666666666666,26.329999999999995,26.17305194805195
7,6,Taj Gibson,11.5,NY,PF/C,3800,19.5,17.5,4.585,18.333333333333332,6.0,15.24,18.613636363636363
7,7,Nickeil Alexander-Walker,13.0,NO,PG/SG,3000,0.0,3.5,1.165,11.666666666666666,6.666666666666667,11.16,0.0
8,0,Isaac Bonga,11.8,WAS,PG/SF,3700,21.5,16.0,4.3100000000000005,15.333333333333334,2.6666666666666665,11.52,22.434782608695652
8,1,Matisse Thybulle,23.8,PHI,SG/SF,3600,23.0,18.05,4.985,19.0,4.0,13.11,21.85
8,2,P.J. Tucker,40.3,HOU,SF/PF,5000,36.0,23.1,4.625,38.333333333333336,6.666666666666667,25.22,21.69391304347826
8,3,Jerami Grant,22.3,DEN,PF/C,3700,21.5,17.65,4.75,23.333333333333332,7.333333333333333,17.169999999999998,16.263214285714287
8,4,Jamal Murray,23.8,DEN,PG/SG,6700,33.5,35.45,5.27,35.333333333333336,17.333333333333332,36.31,33.61061320754717
8,5,Taj Gibson,11.5,NY,PF/C,3800,19.5,17.5,4.585,18.333333333333332,6.0,15.24,18.613636363636363
8,6,Clint Capela,28.8,HOU,C,7900,35.0,42.55,5.375,37.0,12.0,43.79,40.25
8,7,Troy Brown,23.0,WAS,SG/SF,3800,23.5,18.75,4.9350000000000005,21.0,6.666666666666667,18.63,20.982142857142858
9,0,Malik Beasley,19.0,DEN,PG/SG,3000,16.0,11.95,3.96,15.333333333333334,7.333333333333333,11.61,12.469565217391303
9,1,Gary Harris,16.0,DEN,SG,4200,33.0,22.450000000000003,5.325,34.0,11.0,21.59,21.789705882352944
9,2,Thabo Sefolosha,0.8,HOU,SF/PF,3000,0.0,2.75,0.915,10.0,2.3333333333333335,6.65,0.0
9,3,Pascal Siakam,43.8,TOR,PF/C,8400,36.0,44.55,5.325,37.0,19.333333333333332,44.95,43.34594594594595
9,4,Russell Westbrook,56.3,HOU,PG,8800,35.5,45.95,5.234999999999999,36.333333333333336,20.666666666666668,45.410000000000004,44.89610091743119
9,5,Dario Saric,15.8,PHO,SF/PF,6000,31.0,28.4,4.74,30.0,9.333333333333334,28.619999999999997,29.346666666666668
9,6,Frank Kaminsky,33.0,PHO,PF/C,5300,30.0,27.8,5.24,25.333333333333332,9.666666666666666,23.2,32.921052631578945
9,7,Frank Jackson,3.3,NO,PG/SG,3000,0.0,2.15,0.71,12.333333333333334,4.0,8.309999999999999,0.0
