Lineup Num,,Player Name,Actual FP,team,Pos,Salary,DFN_MinProj,Avg Proj,Avg Value Proj,Avg Skewed Min,Avg Skewed FGA,Avg Skewed FP,Proj Min Enhanced
0,0,DeAndre' Bembry,26.5,ATL,PG/SG,4800,28.0,24.3,5.074999999999999,28.333333333333332,8.0,21.919999999999998,24.014117647058825
0,1,Dante Exum,3.0,UTA,PG/SG,3300,0.0,2.65,0.795,7.333333333333333,2.6666666666666665,4.869999999999999,0.0
0,2,James Ennis III,19.3,PHI,SF/PF,3800,25.0,18.1,4.734999999999999,20.0,5.333333333333333,15.660000000000002,22.625
0,3,Ed Davis,9.0,UTA,PF/C,3200,13.5,12.15,3.815,12.333333333333334,1.3333333333333333,9.99,13.299324324324324
0,4,Justin James,-0.3,SAC,SG/SF,3800,10.5,13.1,3.455,19.333333333333332,6.333333333333333,11.66,7.114655172413794
0,5,Jabari Parker,21.8,ATL,SF/PF,6900,32.0,35.599999999999994,5.16,28.0,11.666666666666666,33.44,40.685714285714276
0,6,Richaun Holmes,36.8,SAC,PF/C,6500,29.5,33.7,5.205,28.0,7.0,28.839999999999996,35.50535714285715
0,7,Giannis Antetokounmpo,54.3,MIL,SF/PF,12000,31.0,60.85,5.08,33.666666666666664,24.0,63.67,56.030198019801986
1,0,Alec Burks,22.8,GS,PG/SG,6000,33.5,33.2,5.51,32.666666666666664,14.666666666666666,29.880000000000003,34.04693877551021
1,1,Buddy Hield,41.3,SAC,SG/SF,7100,36.0,39.15,5.529999999999999,37.0,20.0,35.93,38.09189189189189
1,2,Dwayne Bacon,11.0,CHA,SG/SF,3000,0.0,3.15,1.04,17.333333333333332,6.333333333333333,11.069999999999999,0.0
1,3,Thaddeus Young,11.8,CHI,SF/PF,4100,21.5,17.7,4.295,20.666666666666668,8.0,19.259999999999998,18.41370967741935
1,4,Emmanuel Mudiay,3.3,UTA,PG,3300,13.5,11.7,3.5300000000000002,14.666666666666666,6.333333333333333,13.940000000000001,10.769318181818182
1,5,Ben Simmons,44.0,PHI,PG/SF,8300,36.0,41.55,5.0,36.666666666666664,11.0,40.85,40.79454545454545
1,6,Rudy Gobert,52.0,UTA,C,7400,33.5,35.6,4.8149999999999995,33.333333333333336,8.666666666666666,38.14,35.778
1,7,Kris Dunn,19.3,CHI,PG/SG,4600,27.0,22.6,4.915,22.666666666666668,6.0,19.52,26.92058823529412
2,0,Tyrone Wallace,3.5,ATL,PG/SG,3000,0.0,3.0,1.0,12.0,4.333333333333333,6.6,0.0
2,1,Devin Booker,37.0,PHO,PG/SG,8200,36.0,40.45,4.9399999999999995,36.666666666666664,17.666666666666668,39.730000000000004,39.71454545454546
2,2,Nicolas Batum,7.5,CHA,SG/SF,3700,22.5,17.0,4.595,21.0,4.0,15.939999999999998,18.214285714285715
2,3,Ersan Ilyasova,12.8,MIL,PF/C,4000,17.0,14.65,3.65,17.0,5.0,16.15,14.65
2,4,RJ Barrett,5.5,NY,PG/SG,6300,32.5,29.75,4.73,32.333333333333336,13.333333333333334,29.55,29.903350515463917
2,5,Marquese Chriss,14.8,GS,PF/C,4900,22.0,23.5,4.77,21.333333333333332,4.333333333333333,21.44,24.234375
2,6,Domantas Sabonis,47.5,IND,PF/C,8000,34.0,44.8,5.595000000000001,35.333333333333336,11.333333333333334,42.32000000000001,43.10943396226415
2,7,Terry Rozier,28.3,CHA,PG,6700,33.5,34.099999999999994,5.07,33.0,15.0,32.72,34.61666666666666
3,0,Ben Simmons,44.0,PHI,PG/SF,8300,36.0,41.55,5.0,36.666666666666664,11.0,40.85,40.79454545454545
3,1,De'Anthony Melton,32.8,MEM,PG/SG,3400,20.0,18.2,5.37,12.333333333333334,4.666666666666667,13.959999999999999,29.51351351351351
3,2,Matisse Thybulle,20.3,PHI,SG/SF,3500,20.0,14.75,4.215,18.0,3.0,11.59,16.38888888888889
3,3,Al Horford,41.5,PHI,PF/C,6400,32.0,33.2,5.1899999999999995,31.666666666666668,10.333333333333334,33.239999999999995,33.549473684210525
3,4,Dennis Smith Jr.,11.3,NY,PG,3200,30.5,28.4,8.850000000000001,21.666666666666668,6.333333333333333,17.54,39.97846153846154
3,5,Giannis Antetokounmpo,54.3,MIL,SF/PF,12000,31.0,60.85,5.08,33.666666666666664,24.0,63.67,56.030198019801986
3,6,Daniel Gafford,7.0,CHI,C,3000,12.0,8.65,2.89,10.0,2.0,7.970000000000001,10.379999999999999
3,7,Mitchell Robinson,31.0,NY,C,4900,21.0,22.55,4.595,23.333333333333332,4.0,21.449999999999996,20.295
4,0,Mike Conley,21.0,UTA,PG,6000,31.0,29.5,4.92,29.333333333333332,12.333333333333334,27.72,31.176136363636363
4,1,Matisse Thybulle,20.3,PHI,SG/SF,3500,20.0,14.75,4.215,18.0,3.0,11.59,16.38888888888889
4,2,Marvin Williams,38.3,CHA,SF/PF,3800,21.5,16.65,4.405,20.666666666666668,6.0,15.73,17.321370967741935
4,3,Goga Bitadze,-0.5,IND,PF/C,3000,0.0,4.25,1.415,9.333333333333334,2.6666666666666665,10.27,0.0
4,4,Justin Holiday,21.8,IND,SG/SF,4200,23.0,16.05,3.8150000000000004,24.0,5.666666666666667,18.81,15.381250000000001
4,5,D.J. Wilson,26.3,MIL,PF/C,3600,15.0,10.850000000000001,2.985,14.333333333333334,5.0,8.830000000000002,11.354651162790699
4,6,Dragan Bender,7.8,MIL,PF/C,3200,0.0,4.75,1.485,8.0,4.0,8.47,0.0
4,7,Damian Jones,28.5,ATL,C,3800,21.0,17.950000000000003,4.720000000000001,19.0,4.666666666666667,15.690000000000001,19.839473684210528
5,0,Coby White,20.8,CHI,PG/SG,4900,25.5,22.35,4.57,24.666666666666668,11.666666666666666,22.03,23.105067567567566
5,1,Grayson Allen,12.5,MEM,PG/SG,3200,25.0,19.0,5.95,18.666666666666668,7.0,14.179999999999998,25.44642857142857
5,2,Buddy Hield,41.3,SAC,SG/SF,7100,36.0,39.15,5.529999999999999,37.0,20.0,35.93,38.09189189189189
5,3,Ersan Ilyasova,12.8,MIL,PF/C,4000,17.0,14.65,3.65,17.0,5.0,16.15,14.65
5,4,Alec Burks,22.8,GS,PG/SG,6000,33.5,33.2,5.51,32.666666666666664,14.666666666666666,29.880000000000003,34.04693877551021
5,5,Ben Simmons,44.0,PHI,PG/SF,8300,36.0,41.55,5.0,36.666666666666664,11.0,40.85,40.79454545454545
5,6,Lauri Markkanen,31.3,CHI,PF/C,5800,29.5,25.4,4.385,28.0,11.0,25.479999999999997,26.760714285714286
5,7,Kevin Knox,8.3,NY,SF/PF,3500,21.0,16.2,4.630000000000001,17.0,5.666666666666667,15.080000000000002,20.011764705882353
6,0,Malcolm Brogdon,39.5,IND,PG/SG,8100,34.5,42.349999999999994,5.24,34.333333333333336,15.333333333333334,40.87,42.555582524271834
6,1,Damyean Dotson,18.5,NY,SG/SF,3400,26.0,18.85,5.545,20.666666666666668,6.333333333333333,13.469999999999999,23.71451612903226
6,2,Royce O'Neale,14.0,UTA,SF,3900,29.5,16.0,4.1,28.0,5.333333333333333,17.98,16.857142857142858
6,3,Georges Niang,12.5,UTA,SF/PF,3200,0.0,3.25,1.015,12.0,3.3333333333333335,6.510000000000001,0.0
6,4,George Hill,25.0,MIL,PG/SG,3800,19.0,16.45,4.32,20.0,6.666666666666667,19.69,15.6275
6,5,Taj Gibson,23.8,NY,PF/C,3800,16.5,15.8,4.135,17.333333333333332,5.0,13.9,15.040384615384617
6,6,Domantas Sabonis,47.5,IND,PF/C,8000,34.0,44.8,5.595000000000001,35.333333333333336,11.333333333333334,42.32000000000001,43.10943396226415
6,7,Kevon Looney,8.0,GS,PF/C,3400,15.5,14.850000000000001,4.345000000000001,0.0,0.0,2.97,0.0
7,0,Eric Bledsoe,21.3,MIL,PG,6500,27.0,33.1,5.1,26.666666666666668,8.666666666666666,32.019999999999996,33.51375
7,1,Furkan Korkmaz,9.0,PHI,SG/SF,4100,27.0,17.35,4.225,25.0,8.333333333333334,16.130000000000003,18.738000000000003
7,2,Jeff Green,8.0,UTA,SF/PF,3700,17.0,11.9,3.24,17.666666666666668,7.666666666666667,15.040000000000001,11.450943396226414
7,3,Domantas Sabonis,47.5,IND,PF/C,8000,34.0,44.8,5.595000000000001,35.333333333333336,11.333333333333334,42.32000000000001,43.10943396226415
7,4,Trae Young,33.3,ATL,PG,10500,35.0,53.8,5.15,36.666666666666664,22.333333333333332,52.8,51.35454545454545
7,5,Frank Kaminsky,29.0,PHO,PF/C,4400,26.5,27.25,6.19,20.0,7.333333333333333,21.509999999999998,36.10625
7,6,Dragan Bender,7.8,MIL,PF/C,3200,0.0,4.75,1.485,8.0,4.0,8.47,0.0
7,7,Yogi Ferrell,20.3,SAC,PG/SG,3400,11.5,10.3,3.0300000000000002,13.333333333333334,4.333333333333333,9.62,8.88375
8,0,Raul Neto,5.8,PHI,PG,3000,11.0,8.3,2.775,9.666666666666666,2.6666666666666665,7.74,9.444827586206898
8,1,Jeremy Lamb,31.8,IND,SG/SF,6300,32.5,31.3,4.97,34.333333333333336,12.666666666666666,31.52,29.62864077669903
8,2,Georges Niang,12.5,UTA,SF/PF,3200,0.0,3.25,1.015,12.0,3.3333333333333335,6.510000000000001,0.0
8,3,Richaun Holmes,36.8,SAC,PF/C,6500,29.5,33.7,5.205,28.0,7.0,28.839999999999996,35.50535714285715
8,4,Kris Dunn,19.3,CHI,PG/SG,4600,27.0,22.6,4.915,22.666666666666668,6.0,19.52,26.92058823529412
8,5,Jeff Green,8.0,UTA,SF/PF,3700,17.0,11.9,3.24,17.666666666666668,7.666666666666667,15.040000000000001,11.450943396226414
8,6,Domantas Sabonis,47.5,IND,PF/C,8000,34.0,44.8,5.595000000000001,35.333333333333336,11.333333333333334,42.32000000000001,43.10943396226415
8,7,Lauri Markkanen,31.3,CHI,PF/C,5800,29.5,25.4,4.385,28.0,11.0,25.479999999999997,26.760714285714286
9,0,Tyrone Wallace,3.5,ATL,PG/SG,3000,0.0,3.0,1.0,12.0,4.333333333333333,6.6,0.0
9,1,Khris Middleton,32.3,MIL,SG/SF,5700,25.0,28.95,5.074999999999999,24.0,13.0,29.93,30.15625
9,2,Thaddeus Young,11.8,CHI,SF/PF,4100,21.5,17.7,4.295,20.666666666666668,8.0,19.259999999999998,18.41370967741935
9,3,Nemanja Bjelica,37.0,SAC,PF,6100,26.5,28.5,4.654999999999999,26.333333333333332,9.666666666666666,25.720000000000006,28.680379746835442
9,4,Donte DiVincenzo,21.5,MIL,PG/SF,4400,23.0,18.6,4.21,23.666666666666668,8.0,20.48,18.07605633802817
9,5,Jae Crowder,11.0,MEM,SF/PF,5400,33.5,26.6,4.904999999999999,31.666666666666668,10.0,26.380000000000003,28.14
9,6,Dewayne Dedmon,13.3,SAC,C,3200,13.5,13.9,4.359999999999999,15.333333333333334,6.0,12.779999999999998,12.23804347826087
9,7,Nicolas Batum,7.5,CHA,SG/SF,3700,22.5,17.0,4.595,21.0,4.0,15.939999999999998,18.214285714285715
