Lineup Num,,Player Name,Actual FP,team,Pos,Salary,DFN_MinProj,Avg Proj,Avg Value Proj,Avg Skewed Min,Avg Skewed FGA,Avg Skewed FP,Proj Min Enhanced
0,0,Monte Morris,21.5,DEN,PG,3100,14.5,13.35,4.324999999999999,14.666666666666666,6.333333333333333,9.77,13.198295454545455
0,1,Patty Mills,10.3,SA,PG/SG,3600,18.0,15.75,4.359999999999999,19.666666666666668,7.666666666666667,16.35,14.415254237288135
0,2,Vince Carter,3.3,ATL,SF/PF,3100,15.5,12.95,4.195,13.666666666666666,5.666666666666667,8.290000000000001,14.687195121951218
0,3,Kenrich Williams,1.5,NO,SF/PF,3800,21.0,17.8,4.7,26.333333333333332,6.333333333333333,21.9,14.19493670886076
0,4,DeAndre' Bembry,46.0,ATL,PG/SG,4700,26.0,23.450000000000003,4.984999999999999,24.0,7.0,19.71,25.40416666666667
0,5,Paul Millsap,13.3,DEN,PF/C,5300,26.5,27.5,5.1899999999999995,27.333333333333332,11.0,24.7,26.661585365853657
0,6,Ivica Zubac,12.3,LAC,C,3900,18.0,19.8,5.08,17.0,4.333333333333333,20.92,20.96470588235294
0,7,LaMarcus Aldridge,18.3,SA,PF/C,7200,33.0,39.75,5.515000000000001,33.666666666666664,16.333333333333332,40.510000000000005,38.96287128712872
1,0,Frank Jackson,28.3,NO,PG/SG,3400,0.0,8.15,2.39,19.0,9.333333333333334,14.030000000000001,0.0
1,1,Gary Harris,16.0,DEN,SG,5100,33.5,28.05,5.495,32.666666666666664,11.333333333333334,24.09,28.7655612244898
1,2,Tyrone Wallace,17.3,ATL,SG/SF,3000,15.0,11.05,3.69,14.0,2.0,14.05,11.839285714285715
1,3,Vince Carter,3.3,ATL,SF/PF,3100,15.5,12.95,4.195,13.666666666666666,5.666666666666667,8.290000000000001,14.687195121951218
1,4,Nickeil Alexander-Walker,10.8,NO,PG/SG,4400,11.0,12.3,2.785,16.666666666666668,8.666666666666666,16.56,8.118
1,5,Moe Harkless,14.5,LAC,SF/PF,3500,18.5,15.25,4.35,20.666666666666668,4.333333333333333,15.13,13.651209677419356
1,6,Nikola Jokic,30.5,DEN,C,10000,32.0,53.3,5.35,31.666666666666668,13.333333333333334,47.86,53.86105263157894
1,7,Brandon Ingram,35.8,NO,SF/PF,7900,32.5,37.45,4.745,34.333333333333336,21.666666666666668,48.69,35.4502427184466
2,0,Jamal Murray,27.8,DEN,PG/SG,6600,33.5,35.65,5.375,34.0,14.666666666666666,33.13,35.125735294117646
2,1,JJ Redick,15.0,NO,SG/SF,4200,22.5,19.3,4.6,26.333333333333332,11.0,15.4,16.490506329113924
2,2,Brandon Ingram,35.8,NO,SF/PF,7900,32.5,37.45,4.745,34.333333333333336,21.666666666666668,48.69,35.4502427184466
2,3,Montrezl Harrell,31.0,LAC,PF/C,6400,27.5,32.05,5.02,24.666666666666668,10.333333333333334,30.75,35.73141891891892
2,4,Malik Beasley,17.5,DEN,PG/SG,3300,22.5,17.25,5.225,18.333333333333332,7.666666666666667,16.71,21.170454545454547
2,5,Josh Hart,10.8,NO,SG/SF,5000,25.0,20.4,4.1,30.666666666666668,11.666666666666666,28.7,16.630434782608695
2,6,Jerami Grant,21.8,DEN,PF/C,4000,25.0,18.9,4.745,22.0,7.0,15.039999999999997,21.477272727272727
2,7,De'Andre Hunter,11.8,ATL,SF/PF,4800,30.5,22.55,4.6899999999999995,27.0,7.333333333333333,18.75,25.47314814814815
3,0,Derrick White,36.3,SA,PG/SG,4400,22.5,21.85,4.955,23.0,8.333333333333334,20.610000000000003,21.375
3,1,DeAndre' Bembry,46.0,ATL,PG/SG,4700,26.0,23.450000000000003,4.984999999999999,24.0,7.0,19.71,25.40416666666667
3,2,Kevin Huerter,14.0,ATL,SG/SF,3400,25.0,19.8,5.8100000000000005,19.333333333333332,5.333333333333333,17.220000000000002,25.60344827586207
3,3,Jerami Grant,21.8,DEN,PF/C,4000,25.0,18.9,4.745,22.0,7.0,15.039999999999997,21.477272727272727
3,4,Monte Morris,21.5,DEN,PG,3100,14.5,13.35,4.324999999999999,14.666666666666666,6.333333333333333,9.77,13.198295454545455
3,5,Montrezl Harrell,31.0,LAC,PF/C,6400,27.5,32.05,5.02,24.666666666666668,10.333333333333334,30.75,35.73141891891892
3,6,Mason Plumlee,22.8,DEN,PF/C,3400,14.0,15.65,4.605,16.333333333333332,4.333333333333333,17.630000000000003,13.414285714285715
3,7,Paul Millsap,13.3,DEN,PF/C,5300,26.5,27.5,5.1899999999999995,27.333333333333332,11.0,24.7,26.661585365853657
4,0,DeAndre' Bembry,46.0,ATL,PG/SG,4700,26.0,23.450000000000003,4.984999999999999,24.0,7.0,19.71,25.40416666666667
4,1,Lou Williams,21.5,LAC,PG/SG,6800,28.5,34.15,5.015,29.333333333333332,15.666666666666666,34.730000000000004,33.179829545454545
4,2,JJ Redick,15.0,NO,SG/SF,4200,22.5,19.3,4.6,26.333333333333332,11.0,15.4,16.490506329113924
4,3,Trey Lyles,9.0,SA,PF,3500,22.0,20.55,5.895,21.666666666666668,4.0,17.849999999999998,20.866153846153846
4,4,Torrey Craig,4.0,DEN,SG/SF,3300,25.5,15.6,4.72,16.333333333333332,5.0,15.440000000000001,24.355102040816327
4,5,Jabari Parker,36.5,ATL,SF/PF,4300,22.5,24.35,5.65,21.333333333333332,9.0,18.630000000000003,25.681640625000004
4,6,Bam Adebayo,36.5,MIA,C,7600,32.0,39.3,5.165,32.0,8.333333333333334,41.3,39.3
4,7,Malik Beasley,17.5,DEN,PG/SG,3300,22.5,17.25,5.225,18.333333333333332,7.666666666666667,16.71,21.170454545454547
5,0,Derrick White,36.3,SA,PG/SG,4400,22.5,21.85,4.955,23.0,8.333333333333334,20.610000000000003,21.375
5,1,Gary Harris,16.0,DEN,SG,5100,33.5,28.05,5.495,32.666666666666664,11.333333333333334,24.09,28.7655612244898
5,2,Jimmy Butler,48.8,MIA,SG/SF,8200,34.5,40.9,4.975,31.0,11.0,36.019999999999996,45.51774193548387
5,3,De'Andre Hunter,11.8,ATL,SF/PF,4800,30.5,22.55,4.6899999999999995,27.0,7.333333333333333,18.75,25.47314814814815
5,4,Kendrick Nunn,35.0,MIA,PG/SG,5600,32.5,29.35,5.25,32.333333333333336,18.0,32.489999999999995,29.501288659793815
5,5,Kawhi Leonard,63.0,LAC,SF/PF,9500,32.5,48.0,5.0600000000000005,29.666666666666668,19.666666666666668,51.3,52.58426966292134
5,6,Damian Jones,9.0,ATL,C,3000,0.0,2.65,0.875,7.666666666666667,1.0,5.789999999999999,0.0
5,7,Cam Reddish,26.5,ATL,SG/SF,4600,30.0,21.4,4.63,24.666666666666668,8.333333333333334,15.939999999999998,26.027027027027025
6,0,Frank Jackson,28.3,NO,PG/SG,3400,0.0,8.15,2.39,19.0,9.333333333333334,14.030000000000001,0.0
6,1,Nickeil Alexander-Walker,10.8,NO,PG/SG,4400,11.0,12.3,2.785,16.666666666666668,8.666666666666666,16.56,8.118
6,2,Rodney McGruder,0.0,LAC,SG/SF,3200,0.0,2.75,0.86,18.0,3.0,1.59,0.0
6,3,Meyers Leonard,34.5,MIA,PF/C,3400,21.5,16.450000000000003,4.8149999999999995,19.666666666666668,3.0,14.989999999999998,17.98347457627119
6,4,Kendrick Nunn,35.0,MIA,PG/SG,5600,32.5,29.35,5.25,32.333333333333336,18.0,32.489999999999995,29.501288659793815
6,5,Montrezl Harrell,31.0,LAC,PF/C,6400,27.5,32.05,5.02,24.666666666666668,10.333333333333334,30.75,35.73141891891892
6,6,Kelly Olynyk,21.0,MIA,PF/C,3700,18.5,16.95,4.565,18.666666666666668,5.666666666666667,15.65,16.798660714285713
6,7,Torrey Craig,4.0,DEN,SG/SF,3300,25.5,15.6,4.72,16.333333333333332,5.0,15.440000000000001,24.355102040816327
7,0,Monte Morris,21.5,DEN,PG,3100,14.5,13.35,4.324999999999999,14.666666666666666,6.333333333333333,9.77,13.198295454545455
7,1,Nickeil Alexander-Walker,10.8,NO,PG/SG,4400,11.0,12.3,2.785,16.666666666666668,8.666666666666666,16.56,8.118
7,2,JaMychal Green,12.0,LAC,SF/PF,3300,20.0,21.95,6.66,21.666666666666668,7.333333333333333,19.830000000000002,20.26153846153846
7,3,Rudy Gay,30.0,SA,SF/PF,4500,22.0,22.8,5.055,22.666666666666668,7.0,23.84,22.129411764705882
7,4,Landry Shamet,12.5,LAC,SG/SF,4500,32.5,22.95,5.109999999999999,33.333333333333336,8.666666666666666,17.87,22.376249999999995
7,5,Brandon Ingram,35.8,NO,SF/PF,7900,32.5,37.45,4.745,34.333333333333336,21.666666666666668,48.69,35.4502427184466
7,6,Kelly Olynyk,21.0,MIA,PF/C,3700,18.5,16.95,4.565,18.666666666666668,5.666666666666667,15.65,16.798660714285713
7,7,Paul Millsap,13.3,DEN,PF/C,5300,26.5,27.5,5.1899999999999995,27.333333333333332,11.0,24.7,26.661585365853657
8,0,Lonzo Ball,27.8,NO,PG,6900,32.0,33.3,4.83,31.666666666666668,12.0,34.42,33.65052631578947
8,1,DeMar DeRozan,39.3,SA,SG/SF,7100,33.5,38.2,5.4,34.333333333333336,18.0,34.92,37.272815533980584
8,2,Kevin Huerter,14.0,ATL,SG/SF,3400,25.0,19.8,5.8100000000000005,19.333333333333332,5.333333333333333,17.220000000000002,25.60344827586207
8,3,Montrezl Harrell,31.0,LAC,PF/C,6400,27.5,32.05,5.02,24.666666666666668,10.333333333333334,30.75,35.73141891891892
8,4,Duncan Robinson,16.3,MIA,SG/SF,3100,22.5,14.2,4.57,16.0,6.0,12.84,19.96875
8,5,Trey Lyles,9.0,SA,PF,3500,22.0,20.55,5.895,21.666666666666668,4.0,17.849999999999998,20.866153846153846
8,6,Bam Adebayo,36.5,MIA,C,7600,32.0,39.3,5.165,32.0,8.333333333333334,41.3,39.3
8,7,Marco Belinelli,4.0,SA,SG/SF,3200,16.5,10.4,3.2649999999999997,15.666666666666666,5.333333333333333,8.22,10.953191489361704
9,0,Goran Dragic,8.3,MIA,PG,5800,30.5,31.4,5.395,29.0,12.0,33.14,33.02413793103448
9,1,Duncan Robinson,16.3,MIA,SG/SF,3100,22.5,14.2,4.57,16.0,6.0,12.84,19.96875
9,2,Josh Hart,10.8,NO,SG/SF,5000,25.0,20.4,4.1,30.666666666666668,11.666666666666666,28.7,16.630434782608695
9,3,Moe Harkless,14.5,LAC,SF/PF,3500,18.5,15.25,4.35,20.666666666666668,4.333333333333333,15.13,13.651209677419356
9,4,Jamal Murray,27.8,DEN,PG/SG,6600,33.5,35.65,5.375,34.0,14.666666666666666,33.13,35.125735294117646
9,5,Patrick Patterson,15.8,LAC,PF/C,3300,25.0,16.5,4.99,26.0,5.0,15.64,15.865384615384615
9,6,Mason Plumlee,22.8,DEN,PF/C,3400,14.0,15.65,4.605,16.333333333333332,4.333333333333333,17.630000000000003,13.414285714285715
9,7,Gary Harris,16.0,DEN,SG,5100,33.5,28.05,5.495,32.666666666666664,11.333333333333334,24.09,28.7655612244898
