Lineup Num,,Player Name,Actual FP,team,Pos,Salary,DFN_MinProj,Avg Proj,Avg Value Proj,Avg Skewed Min,Avg Skewed FGA,Avg Skewed FP,Proj Min Enhanced
0,0,Malcolm Brogdon,29.5,IND,PG/SG,7700,34.0,38.4,4.97,30.333333333333332,14.333333333333334,38.400000000000006,43.04175824175824
0,1,Malik Beasley,10.3,DEN,PG/SG,3000,11.5,7.85,2.625,13.666666666666666,5.0,9.69,6.605487804878048
0,2,Glenn Robinson III,16.3,GS,SG/SF,4500,31.0,21.950000000000003,4.865,30.0,10.0,22.45,22.681666666666672
0,3,Harrison Barnes,7.8,SAC,SF/PF,5300,34.5,24.15,4.5600000000000005,35.666666666666664,13.0,26.97,23.360046728971962
0,4,Damyean Dotson,17.5,NY,SG/SF,3300,15.0,9.45,2.89,16.666666666666668,5.0,10.809999999999999,8.504999999999999
0,5,Ben Simmons,35.0,PHI,PG/SF,7900,36.5,40.9,5.16,36.333333333333336,11.0,40.08,41.08761467889908
0,6,Jordan Bell,17.5,MIN,PF/C,3500,11.5,9.05,2.585,11.0,2.6666666666666665,9.690000000000001,9.461363636363636
0,7,Kenrich Williams,17.3,NO,SF/PF,3500,23.0,16.2,4.615,24.333333333333332,4.666666666666667,16.84,15.312328767123288
1,0,Markelle Fultz,20.0,ORL,PG/SG,4900,28.5,24.7,5.05,27.666666666666668,10.666666666666666,23.94,25.443975903614454
1,1,Mikal Bridges,6.0,PHO,SG/SF,4900,23.0,16.6,3.385,26.333333333333332,4.666666666666667,18.26,14.49873417721519
1,2,Carmelo Anthony,18.5,POR,SF/PF,5900,33.5,29.8,5.029999999999999,32.333333333333336,16.0,31.18,30.87525773195876
1,3,Richaun Holmes,33.3,SAC,PF/C,5000,25.5,24.35,4.85,26.666666666666668,7.333333333333333,26.690000000000005,23.2846875
1,4,Terrance Ferguson,6.5,OKC,SG/SF,4000,28.0,13.75,3.42,27.333333333333332,5.0,11.870000000000001,14.085365853658537
1,5,Romeo Langford,9.5,BOS,SG/SF,3000,0.0,1.65,0.54,3.0,0.0,0.95,0.0
1,6,Bobby Portis,51.0,NY,PF/C,5400,18.0,16.8,3.0949999999999998,19.333333333333332,8.0,20.12,15.64137931034483
1,7,Keita Bates-Diop,12.0,MIN,SF/PF,3000,14.5,10.25,3.415,17.333333333333332,4.666666666666667,11.73,8.574519230769232
2,0,Patrick McCaw,18.8,TOR,PG/SF,3900,30.0,17.05,4.359999999999999,22.666666666666668,3.0,10.469999999999999,22.566176470588236
2,1,Edmond Sumner,5.8,IND,SG/SF,3000,0.0,3.5,1.165,11.333333333333334,3.3333333333333335,9.16,0.0
2,2,Ben Simmons,35.0,PHI,PG/SF,7900,36.5,40.9,5.16,36.333333333333336,11.0,40.08,41.08761467889908
2,3,Carmelo Anthony,18.5,POR,SF/PF,5900,33.5,29.8,5.029999999999999,32.333333333333336,16.0,31.18,30.87525773195876
2,4,Tim Frazier,9.5,DET,PG,3000,0.0,2.0,0.665,5.333333333333333,1.6666666666666667,6.780000000000001,0.0
2,5,Daniel Theis,27.0,BOS,PF/C,4100,24.0,21.25,5.16,22.666666666666668,6.333333333333333,20.79,22.5
2,6,Mitchell Robinson,28.5,NY,C,6000,26.5,26.4,4.395,25.666666666666668,7.666666666666667,26.02,27.257142857142853
2,7,Tobias Harris,12.0,PHI,SF/PF,7100,35.5,36.2,5.095,35.666666666666664,17.0,36.9,36.030841121495335
3,0,Chris Paul,28.5,OKC,PG,7600,33.0,40.5,5.33,32.666666666666664,11.333333333333334,38.26,40.913265306122454
3,1,Evan Fournier,25.5,ORL,SG/SF,6200,31.5,28.8,4.65,31.0,14.666666666666666,29.839999999999996,29.26451612903226
3,2,Kenrich Williams,17.3,NO,SF/PF,3500,23.0,16.2,4.615,24.333333333333332,4.666666666666667,16.84,15.312328767123288
3,3,Doug McDermott,23.5,IND,SF/PF,3600,22.0,14.95,4.13,21.333333333333332,6.666666666666667,15.99,15.4171875
3,4,Terence Davis,13.8,TOR,PG/SG,4100,19.5,18.700000000000003,4.575,15.666666666666666,4.666666666666667,14.560000000000002,23.275531914893623
3,5,Julius Randle,25.5,NY,PF/C,7100,32.0,35.05,4.93,31.0,15.666666666666666,35.910000000000004,36.18064516129032
3,6,Derrick Favors,29.0,NO,PF/C,5100,25.0,25.35,4.955,19.333333333333332,5.333333333333333,22.690000000000005,32.78017241379311
3,7,Kyle Lowry,45.5,TOR,PG,8500,38.0,45.6,5.345000000000001,38.333333333333336,14.0,41.66,45.20347826086956
4,0,T.J. McConnell,32.3,IND,PG,3900,20.5,19.35,4.970000000000001,19.666666666666668,7.333333333333333,19.310000000000002,20.16991525423729
4,1,Cory Joseph,18.0,SAC,PG/SG,3500,23.5,13.85,3.9799999999999995,27.0,6.0,16.949999999999996,12.054629629629629
4,2,Jayson Tatum,41.8,BOS,SF/PF,7500,35.5,39.9,5.3,34.333333333333336,19.0,38.22,41.25582524271844
4,3,Mike Scott,20.3,PHI,SF/PF,3200,15.0,11.35,3.555,18.666666666666668,6.0,12.969999999999999,9.120535714285714
4,4,Damion Lee,32.3,GS,SG/SF,4000,25.5,21.8,5.43,26.333333333333332,10.0,20.18,21.110126582278482
4,5,Jerami Grant,13.8,DEN,PF/C,4300,22.0,19.1,4.455,24.333333333333332,7.666666666666667,18.52,17.268493150684932
4,6,Paul Millsap,24.0,DEN,PF/C,4600,24.0,24.450000000000003,5.29,23.0,8.333333333333334,24.310000000000002,25.513043478260876
4,7,Ja Morant,29.3,MEM,PG,7800,32.0,37.65,4.84,31.333333333333332,14.333333333333334,36.11,38.45106382978724
5,0,Anfernee Simons,16.5,POR,PG/SG,3600,21.0,15.6,4.355,21.0,7.333333333333333,15.2,15.600000000000001
5,1,Josh Okogie,12.8,MIN,SG/SF,4200,28.0,19.75,4.7,27.666666666666668,7.333333333333333,18.990000000000002,19.987951807228917
5,2,Mikal Bridges,6.0,PHO,SG/SF,4900,23.0,16.6,3.385,26.333333333333332,4.666666666666667,18.26,14.49873417721519
5,3,Derrick Favors,29.0,NO,PF/C,5100,25.0,25.35,4.955,19.333333333333332,5.333333333333333,22.690000000000005,32.78017241379311
5,4,Tyus Jones,16.5,MEM,PG/SG,3400,15.5,13.95,4.12,17.666666666666668,4.333333333333333,16.11,12.239150943396224
5,5,Darius Bazley,20.3,OKC,SF/PF,3000,13.0,9.25,3.075,15.0,3.3333333333333335,9.53,8.016666666666667
5,6,Omari Spellman,2.5,GS,PF/C,3300,11.5,12.9,3.925,16.333333333333332,5.0,15.74,9.082653061224491
5,7,Bradley Beal,57.3,WAS,SG,9100,36.5,47.75,5.27,37.666666666666664,21.333333333333332,46.87,46.27101769911504
6,0,Elie Okobo,22.3,PHO,PG/SG,3600,10.5,7.15,1.9649999999999999,13.666666666666666,5.0,9.229999999999999,5.493292682926829
6,1,Gary Trent Jr.,7.8,POR,SG,3000,12.0,8.85,2.935,12.666666666666666,3.6666666666666665,7.090000000000001,8.38421052631579
6,2,Garrison Mathews,12.5,WAS,SG/SF,3000,0.0,2.65,0.875,9.333333333333334,2.3333333333333335,4.13,0.0
6,3,Cheick Diallo,10.5,PHO,PF/C,3000,0.0,3.65,1.21,8.666666666666666,3.0,9.31,0.0
6,4,Jordan Clarkson,46.5,CLE,SG/SF,4400,23.0,22.200000000000003,5.0649999999999995,24.0,10.333333333333334,22.84,21.275000000000002
6,5,Mason Plumlee,13.5,DEN,PF/C,4500,16.5,19.3,4.285,21.333333333333332,5.666666666666667,19.54,14.927343750000002
6,6,Nikola Jokic,58.0,DEN,C,9400,32.0,46.8,4.984999999999999,32.333333333333336,15.666666666666666,45.86,46.31752577319587
6,7,Gary Harris,22.0,DEN,SG,4600,33.5,23.25,5.055,35.333333333333336,10.0,22.55,22.043632075471695
7,0,Nickeil Alexander-Walker,0.0,NO,PG/SG,3200,0.0,3.9,1.21,13.333333333333334,4.666666666666667,10.56,0.0
7,1,Derrick Rose,18.5,DET,PG/SG,6000,27.5,31.5,5.23,27.333333333333332,16.333333333333332,32.059999999999995,31.69207317073171
7,2,Davis Bertans,26.0,WAS,SF/PF,6900,34.5,34.25,4.98,32.0,12.333333333333334,31.110000000000003,36.92578125
7,3,James Ennis III,11.0,PHI,SF/PF,3200,16.0,12.0,3.735,17.666666666666668,4.333333333333333,13.02,10.867924528301886
7,4,Damian Lillard,51.8,POR,PG,8800,36.5,44.4,5.045,36.666666666666664,19.666666666666668,45.8,44.19818181818182
7,5,Josh Hart,19.3,NO,SG/SF,5500,30.0,23.55,4.265000000000001,32.0,9.666666666666666,25.31,22.078125
7,6,Willie Cauley-Stein,25.3,GS,C,4900,23.0,23.25,4.725,24.666666666666668,7.666666666666667,23.57,21.679054054054053
7,7,Rondae Hollis-Jefferson,22.5,TOR,SF/PF,4100,26.0,25.35,6.19,14.333333333333334,5.0,19.389999999999997,45.98372093023256
8,0,Shai Gilgeous-Alexander,44.5,OKC,PG/SG,6900,35.5,33.599999999999994,4.875,36.0,12.666666666666666,31.52,33.133333333333326
8,1,Cory Joseph,18.0,SAC,PG/SG,3500,23.5,13.85,3.9799999999999995,27.0,6.0,16.949999999999996,12.054629629629629
8,2,Semi Ojeleye,8.0,BOS,SF/PF,3200,26.5,13.7,4.29,20.666666666666668,2.3333333333333335,8.959999999999999,17.566935483870967
8,3,Marquese Chriss,13.3,GS,PF/C,4500,14.5,15.45,3.415,16.333333333333332,4.333333333333333,20.009999999999998,13.715816326530613
8,4,T.J. McConnell,32.3,IND,PG,3900,20.5,19.35,4.970000000000001,19.666666666666668,7.333333333333333,19.310000000000002,20.16991525423729
8,5,JJ Redick,22.0,NO,SG/SF,5400,30.5,25.8,4.755,31.333333333333332,12.666666666666666,25.800000000000004,25.113829787234042
8,6,Bobby Portis,51.0,NY,PF/C,5400,18.0,16.8,3.0949999999999998,19.333333333333332,8.0,20.12,15.64137931034483
8,7,Evan Fournier,25.5,ORL,SG/SF,6200,31.5,28.8,4.65,31.0,14.666666666666666,29.839999999999996,29.26451612903226
9,0,Tim Frazier,9.5,DET,PG,3000,0.0,2.0,0.665,5.333333333333333,1.6666666666666667,6.780000000000001,0.0
9,1,Jordan Poole,9.5,GS,SG/SF,3200,0.0,3.0,0.94,16.333333333333332,6.0,11.040000000000001,0.0
9,2,Derrick Jones Jr.,24.8,MIA,SF/PF,4700,27.0,23.2,4.95,28.0,7.333333333333333,19.54,22.37142857142857
9,3,Danilo Gallinari,34.0,OKC,SF/PF,6600,31.0,32.849999999999994,4.98,31.333333333333332,14.333333333333334,30.610000000000003,32.500531914893614
9,4,Kendrick Nunn,25.0,MIA,PG/SG,6500,31.0,29.15,4.46,34.333333333333336,16.333333333333332,29.870000000000005,26.31990291262136
9,5,Isaac Bonga,3.3,WAS,SF,3800,20.5,14.350000000000001,3.775,18.666666666666668,3.0,11.350000000000001,15.759375
9,6,Joel Embiid,63.8,PHI,C,10000,33.0,51.2,5.125,32.333333333333336,16.666666666666668,49.660000000000004,52.25567010309278
9,7,Nikola Vucevic,57.0,ORL,C,8100,32.5,43.15,5.335,32.666666666666664,15.666666666666666,41.95,42.92984693877551
