Lineup Num,,Player Name,Actual FP,team,Pos,Salary,DFN_MinProj,Avg Proj,Avg Value Proj,Avg Skewed Min,Avg Skewed FGA,Avg Skewed FP,Proj Min Enhanced
0,0,James Harden,73.0,HOU,PG/SG,11200,37.0,64.75,5.77,37.333333333333336,22.0,59.30999999999999,64.171875
0,1,Adam Mokoka,2.5,CHI,SG,3000,0.0,1.65,0.54,3.0,1.6666666666666667,1.2099999999999997,0.0
0,2,Patrick McCaw,18.5,TOR,PG/SF,3300,25.0,14.5,4.395,23.0,2.6666666666666665,13.540000000000001,15.760869565217392
0,3,OG Anunoby,13.8,TOR,SF/PF,5100,29.0,23.75,4.65,28.0,8.0,22.509999999999998,24.598214285714285
0,4,Matt Thomas,11.8,TOR,SG,3000,0.0,3.75,1.25,7.333333333333333,2.0,5.89,0.0
0,5,Brandon Ingram,49.5,NO,SF/PF,7100,34.0,40.599999999999994,5.734999999999999,31.333333333333332,15.0,40.36,44.05531914893617
0,6,Cristiano Felicio,7.0,CHI,C,3000,10.5,10.95,3.64,21.333333333333332,3.3333333333333335,11.169999999999998,5.389453125
0,7,Shaquille Harrison,9.5,CHI,PG/SF,3400,0.0,7.15,2.095,7.666666666666667,3.6666666666666665,7.15,0.0
1,0,Coby White,22.8,CHI,PG/SG,3800,24.5,20.55,5.415,22.666666666666668,9.333333333333334,19.630000000000003,22.212132352941175
1,1,E'Twaun Moore,11.5,NO,SG/SF,3000,0.0,5.5,1.835,18.333333333333332,9.0,14.939999999999998,0.0
1,2,Mikal Bridges,21.0,PHO,SG/SF,4000,34.5,25.15,6.27,30.333333333333332,5.666666666666667,20.43,28.604670329670327
1,3,OG Anunoby,13.8,TOR,SF/PF,5100,29.0,23.75,4.65,28.0,8.0,22.509999999999998,24.598214285714285
1,4,Eric Bledsoe,29.3,MIL,PG,6700,29.0,33.4,4.955,29.333333333333332,13.0,32.36,33.02045454545455
1,5,Sterling Brown,6.5,MIL,SG/SF,3000,0.0,3.4,1.125,12.0,4.666666666666667,10.2,0.0
1,6,Jaxson Hayes,4.5,NO,C,3000,12.5,12.55,4.2,16.0,4.0,15.89,9.8046875
1,7,Chris Boucher,26.8,TOR,PF/C,3300,16.0,18.950000000000003,5.715,13.333333333333334,5.666666666666667,15.690000000000001,22.740000000000002
2,0,Fred VanVleet,30.5,TOR,PG/SG,7300,35.5,36.4,5.0,36.333333333333336,13.333333333333334,37.86,35.565137614678896
2,1,Adam Mokoka,2.5,CHI,SG,3000,0.0,1.65,0.54,3.0,1.6666666666666667,1.2099999999999997,0.0
2,2,Mikal Bridges,21.0,PHO,SG/SF,4000,34.5,25.15,6.27,30.333333333333332,5.666666666666667,20.43,28.604670329670327
2,3,Thabo Sefolosha,17.8,HOU,SF/PF,3000,14.5,13.100000000000001,4.34,10.666666666666666,2.0,8.98,17.8078125
2,4,Shaquille Harrison,9.5,CHI,PG/SF,3400,0.0,7.15,2.095,7.666666666666667,3.6666666666666665,7.15,0.0
2,5,Ben McLemore,28.0,HOU,SG/SF,3200,21.0,16.3,5.105,21.0,8.666666666666666,16.86,16.3
2,6,Cheick Diallo,21.3,PHO,PF/C,3000,12.0,9.35,3.135,8.0,2.0,8.430000000000001,14.024999999999999
2,7,Wesley Matthews,4.3,MIL,SG,3200,26.5,17.35,5.415,26.666666666666668,6.0,15.39,17.2415625
3,0,Devin Booker,48.3,PHO,PG/SG,8700,37.5,44.2,5.055,36.0,18.666666666666668,43.660000000000004,46.04166666666667
3,1,Ben McLemore,28.0,HOU,SG/SF,3200,21.0,16.3,5.105,21.0,8.666666666666666,16.86,16.3
3,2,Danuel House Jr.,33.0,HOU,SF/PF,4100,33.0,23.35,5.675,31.666666666666668,9.0,23.25,24.333157894736843
3,3,P.J. Tucker,12.8,HOU,PF/C,4400,35.5,22.9,5.220000000000001,36.0,5.666666666666667,23.02,22.581944444444442
3,4,Matt Thomas,11.8,TOR,SG,3000,0.0,3.75,1.25,7.333333333333333,2.0,5.89,0.0
3,5,Chris Boucher,26.8,TOR,PF/C,3300,16.0,18.950000000000003,5.715,13.333333333333334,5.666666666666667,15.690000000000001,22.740000000000002
3,6,Jaxson Hayes,4.5,NO,C,3000,12.5,12.55,4.2,16.0,4.0,15.89,9.8046875
3,7,James Harden,73.0,HOU,PG/SG,11200,37.0,64.75,5.77,37.333333333333336,22.0,59.30999999999999,64.171875
4,0,Coby White,22.8,CHI,PG/SG,3800,24.5,20.55,5.415,22.666666666666668,9.333333333333334,19.630000000000003,22.212132352941175
4,1,Sterling Brown,6.5,MIL,SG/SF,3000,0.0,3.4,1.125,12.0,4.666666666666667,10.2,0.0
4,2,Shaquille Harrison,9.5,CHI,PG/SF,3400,0.0,7.15,2.095,7.666666666666667,3.6666666666666665,7.15,0.0
4,3,Ersan Ilyasova,13.5,MIL,PF/C,5000,15.5,14.75,2.95,17.0,5.333333333333333,16.369999999999997,13.448529411764707
4,4,Kyle Korver,12.3,MIL,SG/SF,3300,17.0,13.4,4.045,17.0,4.666666666666667,13.66,13.4
4,5,Josh Hart,34.5,NO,SG/SF,3800,25.5,20.0,5.265,26.666666666666668,7.333333333333333,24.240000000000002,19.125
4,6,Derrick Favors,22.8,NO,C,5300,25.5,26.65,5.03,23.333333333333332,6.0,28.610000000000003,29.124642857142856
4,7,JJ Redick,0.0,NO,SG/SF,3700,23.5,19.7,5.3,24.333333333333332,9.333333333333334,22.6,19.025342465753425
5,0,Lonzo Ball,47.8,NO,PG,7000,34.5,35.45,5.045,33.0,10.0,34.11,37.06136363636364
5,1,Ben McLemore,28.0,HOU,SG/SF,3200,21.0,16.3,5.105,21.0,8.666666666666666,16.86,16.3
5,2,Kelly Oubre Jr.,34.5,PHO,SF/PF,6400,37.0,35.4,5.525,35.0,15.666666666666666,35.480000000000004,37.42285714285714
5,3,P.J. Tucker,12.8,HOU,PF/C,4400,35.5,22.9,5.220000000000001,36.0,5.666666666666667,23.02,22.581944444444442
5,4,Eric Gordon,21.8,HOU,SG/SF,5900,30.0,25.450000000000003,4.295,31.333333333333332,14.0,26.55,24.36702127659575
5,5,Chris Boucher,26.8,TOR,PF/C,3300,16.0,18.950000000000003,5.715,13.333333333333334,5.666666666666667,15.690000000000001,22.740000000000002
5,6,Ersan Ilyasova,13.5,MIL,PF/C,5000,15.5,14.75,2.95,17.0,5.333333333333333,16.369999999999997,13.448529411764707
5,7,Jaxson Hayes,4.5,NO,C,3000,12.5,12.55,4.2,16.0,4.0,15.89,9.8046875
6,0,Shaquille Harrison,9.5,CHI,PG/SF,3400,0.0,7.15,2.095,7.666666666666667,3.6666666666666665,7.15,0.0
6,1,Devin Booker,48.3,PHO,PG/SG,8700,37.5,44.2,5.055,36.0,18.666666666666668,43.660000000000004,46.04166666666667
6,2,Pat Connaughton,24.3,MIL,SG/SF,3100,18.5,14.55,4.67,19.666666666666668,4.666666666666667,14.330000000000002,13.68686440677966
6,3,Ersan Ilyasova,13.5,MIL,PF/C,5000,15.5,14.75,2.95,17.0,5.333333333333333,16.369999999999997,13.448529411764707
6,4,Kyle Lowry,30.5,TOR,PG,6900,34.5,37.05,5.380000000000001,35.666666666666664,13.333333333333334,39.15,35.83808411214953
6,5,Danuel House Jr.,33.0,HOU,SF/PF,4100,33.0,23.35,5.675,31.666666666666668,9.0,23.25,24.333157894736843
6,6,Luke Kornet,17.8,CHI,PF/C,3700,22.0,19.0,5.12,21.0,7.0,14.739999999999998,19.904761904761905
6,7,Donte DiVincenzo,23.0,MIL,PG/SG,4000,25.0,23.35,5.8149999999999995,24.333333333333332,7.666666666666667,23.610000000000003,23.98972602739726
7,0,Russell Westbrook,41.5,HOU,PG,10200,37.5,59.25,5.805,38.666666666666664,26.666666666666668,55.870000000000005,57.46228448275862
7,1,Fred VanVleet,30.5,TOR,PG/SG,7300,35.5,36.4,5.0,36.333333333333336,13.333333333333334,37.86,35.565137614678896
7,2,Kyle Korver,12.3,MIL,SG/SF,3300,17.0,13.4,4.045,17.0,4.666666666666667,13.66,13.4
7,3,Brandon Ingram,49.5,NO,SF/PF,7100,34.0,40.599999999999994,5.734999999999999,31.333333333333332,15.0,40.36,44.05531914893617
7,4,JJ Redick,0.0,NO,SG/SF,3700,23.5,19.7,5.3,24.333333333333332,9.333333333333334,22.6,19.025342465753425
7,5,Luke Kornet,17.8,CHI,PF/C,3700,22.0,19.0,5.12,21.0,7.0,14.739999999999998,19.904761904761905
7,6,P.J. Tucker,12.8,HOU,PF/C,4400,35.5,22.9,5.220000000000001,36.0,5.666666666666667,23.02,22.581944444444442
7,7,Ben McLemore,28.0,HOU,SG/SF,3200,21.0,16.3,5.105,21.0,8.666666666666666,16.86,16.3
8,0,Lonzo Ball,47.8,NO,PG,7000,34.5,35.45,5.045,33.0,10.0,34.11,37.06136363636364
8,1,Coby White,22.8,CHI,PG/SG,3800,24.5,20.55,5.415,22.666666666666668,9.333333333333334,19.630000000000003,22.212132352941175
8,2,Pat Connaughton,24.3,MIL,SG/SF,3100,18.5,14.55,4.67,19.666666666666668,4.666666666666667,14.330000000000002,13.68686440677966
8,3,Ersan Ilyasova,13.5,MIL,PF/C,5000,15.5,14.75,2.95,17.0,5.333333333333333,16.369999999999997,13.448529411764707
8,4,Josh Hart,34.5,NO,SG/SF,3800,25.5,20.0,5.265,26.666666666666668,7.333333333333333,24.240000000000002,19.125
8,5,Ben McLemore,28.0,HOU,SG/SF,3200,21.0,16.3,5.105,21.0,8.666666666666666,16.86,16.3
8,6,P.J. Tucker,12.8,HOU,PF/C,4400,35.5,22.9,5.220000000000001,36.0,5.666666666666667,23.02,22.581944444444442
8,7,Cristiano Felicio,7.0,CHI,C,3000,10.5,10.95,3.64,21.333333333333332,3.3333333333333335,11.169999999999998,5.389453125
9,0,James Harden,73.0,HOU,PG/SG,11200,37.0,64.75,5.77,37.333333333333336,22.0,59.30999999999999,64.171875
9,1,Adam Mokoka,2.5,CHI,SG,3000,0.0,1.65,0.54,3.0,1.6666666666666667,1.2099999999999997,0.0
9,2,Kyle Korver,12.3,MIL,SG/SF,3300,17.0,13.4,4.045,17.0,4.666666666666667,13.66,13.4
9,3,Thabo Sefolosha,17.8,HOU,SF/PF,3000,14.5,13.100000000000001,4.34,10.666666666666666,2.0,8.98,17.8078125
9,4,Donte DiVincenzo,23.0,MIL,PG/SG,4000,25.0,23.35,5.8149999999999995,24.333333333333332,7.666666666666667,23.610000000000003,23.98972602739726
9,5,Giannis Antetokounmpo,69.8,MIL,PF,11000,31.5,59.15,5.385,31.333333333333332,21.666666666666668,60.56999999999999,59.464627659574475
9,6,Ersan Ilyasova,13.5,MIL,PF/C,5000,15.5,14.75,2.95,17.0,5.333333333333333,16.369999999999997,13.448529411764707
9,7,Coby White,22.8,CHI,PG/SG,3800,24.5,20.55,5.415,22.666666666666668,9.333333333333334,19.630000000000003,22.212132352941175
