Lineup Num,,Player Name,Actual FP,team,Pos,Salary,DFN_MinProj,Avg Proj,Avg Value Proj,Avg Skewed Min,Avg Skewed FGA,Avg Skewed FP,Proj Min Enhanced
0,0,Shabazz Napier,29.8,MIN,PG/SG,5100,23.0,22.65,4.455,22.333333333333332,7.333333333333333,21.73,23.32611940298507
0,1,Nicolas Batum,26.8,CHA,SG/SF,3000,19.0,14.25,4.765000000000001,22.333333333333332,3.6666666666666665,13.930000000000001,12.123134328358208
0,2,Terrence Ross,23.5,ORL,SG/SF,5000,26.0,22.55,4.5,27.0,12.333333333333334,22.33,21.714814814814815
0,3,Anthony Tolliver,33.8,POR,PF/C,3000,16.5,10.600000000000001,3.54,19.666666666666668,5.0,10.100000000000001,8.89322033898305
0,4,Wes Iwundu,14.5,ORL,SG/SF,3400,22.0,15.3,4.505,22.333333333333332,5.666666666666667,12.780000000000001,15.071641791044776
0,5,Dwayne Bacon,12.3,CHA,SG/SF,3300,24.0,16.5,5.01,22.333333333333332,8.333333333333334,14.6,17.731343283582092
0,6,PJ Washington,48.8,CHA,PF/C,5000,32.0,26.05,5.2,29.666666666666668,8.0,25.509999999999998,28.09887640449438
0,7,Danilo Gallinari,39.5,OKC,SF/PF,6400,30.5,32.1,4.99,30.0,14.0,31.999999999999993,32.635000000000005
1,0,CJ McCollum,42.0,POR,PG/SG,6100,36.0,36.25,5.92,35.666666666666664,19.333333333333332,36.17,36.58878504672897
1,1,Svi Mykhailiuk,27.0,DET,SG/SF,3200,29.5,20.1,6.26,26.666666666666668,7.333333333333333,15.860000000000003,22.235625000000002
1,2,Ben Simmons,48.5,PHI,PG/SF,8200,37.0,44.4,5.4350000000000005,37.333333333333336,12.666666666666666,44.459999999999994,44.003571428571426
1,3,Noah Vonleh,8.5,MIN,PF/C,3100,10.0,8.6,2.77,11.666666666666666,3.0,12.02,7.371428571428571
1,4,Terrance Ferguson,20.3,OKC,SG/SF,3200,26.5,12.35,3.855,25.666666666666668,4.666666666666667,11.41,12.750974025974026
1,5,Cedi Osman,23.0,CLE,SF/PF,4000,33.5,23.85,5.95,34.0,9.666666666666666,21.85,23.499264705882354
1,6,Steven Adams,42.8,OKC,C,6400,31.5,36.65,5.73,29.0,8.666666666666666,34.63,39.80948275862069
1,7,Collin Sexton,24.8,CLE,PG/SG,5500,34.0,29.05,5.275,35.0,18.0,29.070000000000004,28.220000000000002
2,0,Darius Garland,28.0,CLE,PG,4800,34.5,25.75,5.380000000000001,35.666666666666664,13.0,23.41,24.90771028037383
2,1,Troy Daniels,13.0,LAL,SG,3000,0.0,1.15,0.375,11.0,4.333333333333333,5.569999999999999,0.0
2,2,Thaddeus Young,21.0,CHI,SF/PF,5100,23.5,21.8,4.255,23.666666666666668,7.666666666666667,20.839999999999996,21.646478873239438
2,3,Treveon Graham,8.0,MIN,SF/PF,3000,0.0,3.5,1.165,19.333333333333332,4.666666666666667,10.24,0.0
2,4,Josh Okogie,23.8,MIN,SG/SF,3300,24.5,16.8,5.0600000000000005,24.666666666666668,6.0,18.479999999999997,16.686486486486487
2,5,Terrence Ross,23.5,ORL,SG/SF,5000,26.0,22.55,4.5,27.0,12.333333333333334,22.33,21.714814814814815
2,6,Goga Bitadze,4.3,IND,PF/C,3000,0.0,1.75,0.585,8.666666666666666,2.3333333333333335,6.790000000000001,0.0
2,7,Kemba Walker,26.5,BOS,PG,7200,33.0,37.15,5.154999999999999,32.0,17.333333333333332,38.77,38.3109375
3,0,Shabazz Napier,29.8,MIN,PG/SG,5100,23.0,22.65,4.455,22.333333333333332,7.333333333333333,21.73,23.32611940298507
3,1,Josh Okogie,23.8,MIN,SG/SF,3300,24.5,16.8,5.0600000000000005,24.666666666666668,6.0,18.479999999999997,16.686486486486487
3,2,Andrew Wiggins,19.3,MIN,SG/SF,6900,33.0,34.9,5.08,33.0,17.666666666666668,37.38,34.9
3,3,Kevin Love,39.3,CLE,PF/C,6700,33.0,37.2,5.575,34.333333333333336,14.333333333333334,37.32000000000001,35.755339805825244
3,4,Zach LaVine,39.8,CHI,PG/SG,8500,36.5,41.0,4.83,36.0,21.0,41.980000000000004,41.56944444444444
3,5,Al Horford,33.0,PHI,PF/C,6800,32.5,34.0,5.02,32.333333333333336,12.333333333333334,30.7,34.17525773195876
3,6,Khem Birch,6.8,ORL,PF/C,4300,23.0,15.95,3.685,25.0,3.0,15.49,14.674
3,7,Darius Garland,28.0,CLE,PG,4800,34.5,25.75,5.380000000000001,35.666666666666664,13.0,23.41,24.90771028037383
4,0,Markelle Fultz,23.5,ORL,PG/SG,5900,30.0,26.5,4.505,29.333333333333332,11.0,25.939999999999998,27.102272727272727
4,1,Josh Hart,23.5,NO,SG/SF,5300,35.5,30.15,5.705,32.0,9.666666666666666,26.05,33.44765625
4,2,Buddy Hield,35.3,SAC,SG/SF,6300,34.5,35.95,5.6850000000000005,35.333333333333336,17.333333333333332,35.85,35.10212264150943
4,3,Noah Vonleh,8.5,MIN,PF/C,3100,10.0,8.6,2.77,11.666666666666666,3.0,12.02,7.371428571428571
4,4,Anfernee Simons,7.5,POR,PG/SG,3400,25.0,17.1,5.025,22.666666666666668,8.333333333333334,16.1,18.860294117647058
4,5,Kentavious Caldwell-Pope,19.8,LAL,SG/SF,3800,25.0,18.6,4.905,25.666666666666668,7.0,17.340000000000003,18.116883116883116
4,6,Daniel Gafford,19.3,CHI,C,4000,25.0,21.200000000000003,5.305,19.666666666666668,4.333333333333333,14.62,26.949152542372882
4,7,Darius Garland,28.0,CLE,PG,4800,34.5,25.75,5.380000000000001,35.666666666666664,13.0,23.41,24.90771028037383
5,0,Chris Paul,20.5,OKC,PG,6600,32.0,37.95,5.765000000000001,31.333333333333332,13.0,37.029999999999994,38.75744680851064
5,1,E'Twaun Moore,28.8,NO,SG/SF,4500,33.0,31.1,6.9,22.333333333333332,10.333333333333334,21.8,45.95373134328359
5,2,Terrence Ross,23.5,ORL,SG/SF,5000,26.0,22.55,4.5,27.0,12.333333333333334,22.33,21.714814814814815
5,3,Semi Ojeleye,1.3,BOS,SF/PF,3000,0.0,4.15,1.375,13.333333333333334,2.3333333333333335,5.69,0.0
5,4,Danny Green,26.0,LAL,SG/SF,4100,24.0,19.9,4.88,24.666666666666668,7.0,19.740000000000002,19.362162162162157
5,5,Khem Birch,6.8,ORL,PF/C,4300,23.0,15.95,3.685,25.0,3.0,15.49,14.674
5,6,Noah Vonleh,8.5,MIN,PF/C,3100,10.0,8.6,2.77,11.666666666666666,3.0,12.02,7.371428571428571
5,7,Justin Holiday,21.8,IND,SG/SF,3900,23.0,15.3,3.9399999999999995,24.666666666666668,7.666666666666667,18.16,14.266216216216216
6,0,Coby White,15.3,CHI,PG/SG,4600,25.0,21.25,4.635,24.666666666666668,11.666666666666666,21.25,21.53716216216216
6,1,Buddy Hield,35.3,SAC,SG/SF,6300,34.5,35.95,5.6850000000000005,35.333333333333336,17.333333333333332,35.85,35.10212264150943
6,2,Treveon Graham,8.0,MIN,SF/PF,3000,0.0,3.5,1.165,19.333333333333332,4.666666666666667,10.24,0.0
6,3,Christian Wood,41.3,DET,PF/C,3700,18.0,20.9,5.654999999999999,19.0,7.333333333333333,20.2,19.799999999999997
6,4,T.J. McConnell,11.3,IND,PG,4200,19.0,17.5,4.165,21.333333333333332,5.333333333333333,18.48,15.5859375
6,5,Nassir Little,-0.5,POR,SF/PF,3000,0.0,1.75,0.585,11.0,3.6666666666666665,6.910000000000001,0.0
6,6,Kevin Love,39.3,CLE,PF/C,6700,33.0,37.2,5.575,34.333333333333336,14.333333333333334,37.32000000000001,35.755339805825244
6,7,Josh Okogie,23.8,MIN,SG/SF,3300,24.5,16.8,5.0600000000000005,24.666666666666668,6.0,18.479999999999997,16.686486486486487
7,0,Dennis Schroder,19.3,OKC,PG/SG,5400,31.0,31.2,5.765000000000001,31.666666666666668,14.0,29.659999999999997,30.54315789473684
7,1,Matisse Thybulle,17.8,PHI,SG/SF,3000,19.5,13.55,4.51,18.0,4.0,11.89,14.679166666666667
7,2,Danilo Gallinari,39.5,OKC,SF/PF,6400,30.5,32.1,4.99,30.0,14.0,31.999999999999993,32.635000000000005
7,3,Marvin Williams,8.3,CHA,SF/PF,3000,0.0,4.4,1.46,17.0,3.6666666666666665,11.819999999999999,0.0
7,4,Quinn Cook,16.0,LAL,PG,3000,12.5,6.85,2.2600000000000002,11.0,5.333333333333333,8.149999999999999,7.784090909090908
7,5,Abdel Nader,4.3,OKC,SF,3000,0.0,4.0,1.335,13.0,4.333333333333333,8.559999999999999,0.0
7,6,Thon Maker,2.0,DET,PF/C,3600,0.0,3.15,0.87,13.666666666666666,3.6666666666666665,8.03,0.0
7,7,T.J. Warren,32.3,IND,SF/PF,5900,30.5,26.200000000000003,4.425000000000001,30.333333333333332,13.0,28.339999999999996,26.343956043956048
8,0,Shabazz Napier,29.8,MIN,PG/SG,5100,23.0,22.65,4.455,22.333333333333332,7.333333333333333,21.73,23.32611940298507
8,1,Jeremy Lamb,12.5,IND,SG/SF,5000,26.5,24.55,4.9,30.0,11.333333333333334,28.170000000000005,21.685833333333335
8,2,Danny Green,26.0,LAL,SG/SF,4100,24.0,19.9,4.88,24.666666666666668,7.0,19.740000000000002,19.362162162162157
8,3,Mike Scott,12.0,PHI,SF/PF,3600,24.5,16.65,4.640000000000001,21.0,7.333333333333333,13.289999999999997,19.425
8,4,Nicolas Batum,26.8,CHA,SG/SF,3000,19.0,14.25,4.765000000000001,22.333333333333332,3.6666666666666665,13.930000000000001,12.123134328358208
8,5,Goga Bitadze,4.3,IND,PF/C,3000,0.0,1.75,0.585,8.666666666666666,2.3333333333333335,6.790000000000001,0.0
8,6,Vincent Poirier,1.5,BOS,C,3000,0.0,4.0,1.335,5.333333333333333,2.0,5.08,0.0
8,7,De'Aaron Fox,60.5,SAC,PG,7400,35.0,41.7,5.62,34.333333333333336,18.0,40.260000000000005,42.509708737864074
9,0,Anfernee Simons,7.5,POR,PG/SG,3400,25.0,17.1,5.025,22.666666666666668,8.333333333333334,16.1,18.860294117647058
9,1,Nickeil Alexander-Walker,6.5,NO,PG/SG,3500,26.5,22.95,6.57,18.0,7.333333333333333,15.229999999999999,33.787499999999994
9,2,Zylan Cheatham,8.3,NO,SF/PF,3000,0.0,1.0,0.335,10.0,2.0,2.8999999999999995,0.0
9,3,Naz Reid,26.8,MIN,PF/C,3100,13.0,14.45,4.67,15.0,9.0,16.05,12.523333333333332
9,4,Justin Holiday,21.8,IND,SG/SF,3900,23.0,15.3,3.9399999999999995,24.666666666666668,7.666666666666667,18.16,14.266216216216216
9,5,Keita Bates-Diop,12.0,MIN,SF/PF,3400,16.5,12.35,3.615,20.0,6.333333333333333,14.030000000000001,10.188749999999999
9,6,Tristan Thompson,33.5,CLE,C,7500,33.5,31.799999999999997,4.234999999999999,36.666666666666664,12.333333333333334,34.04,29.053636363636365
9,7,Luke Kornet,7.8,CHI,PF/C,3000,15.5,15.100000000000001,5.01,12.0,4.333333333333333,9.82,19.50416666666667
