game_date,Actual FP,Actual Min,Actual Val,Ceil FP,Floor FP,L2 FGA,L2 Min,L5 FGA,L5 FP,L5 Min,L5_dvp_rank,L5_ppg_avg,L5_ppg_floor,L5_ppg_max,Opp DEff,Opp DvP,Opp Pace,Player Name,Pos,Proj FP,Proj Min,Proj Val,Rest,S FGA,S FP,S Min,Salary,implied_team_score,injury_status,opp,over_under,position,ppg_projection,salary,spread,team,value_projection
2019-10-23,22.0,28.9,3.4,0.0,0.0,0,0,0,0.0,0,11,32.2,21.3,43.8,115,4%,99,Aaron Gordon,SF/PF,33.4,32.5,5.2,,0,0.0,0,6400,110.5,,CLE,211.5,SF,34.0,6400,-9.5,ORL,5.31
2019-10-26,26.8,30.4,4.2,22.0,22.0,8,29,8,22.0,29,24,29.7,21.3,43.8,111,6%,106,Aaron Gordon,SF/PF,32.8,32.5,5.1,2.0,8,22.0,29,6400,109.3,,ATL,216.0,SF,35.3,6400,-2.5,ORL,5.51
2019-10-28,18.3,29.7,3.0,27.7,21.0,9,30,9,24.4,30,9,28.7,21.3,43.8,104,-4%,103,Aaron Gordon,SF/PF,30.5,32.0,4.9,1.0,9,24.4,30,6200,103.0,,TOR,211.0,SF,29.5,6200,5.0,ORL,4.76
2019-10-30,37.3,28.2,6.1,26.6,18.1,8,30,8,22.3,30,13,26.4,18.3,43.8,111,5%,102,Aaron Gordon,SF/PF,30.9,30.5,5.1,1.0,8,22.3,30,6100,110.3,,NY,211.0,SF,32.3,6100,-9.5,ORL,5.29
2019-11-01,21.0,28.3,3.6,34.3,17.8,10,29,9,26.1,29,22,25.1,18.3,37.3,103,-2%,105,Aaron Gordon,SF/PF,28.8,30.0,5.0,1.0,9,26.1,29,5800,105.5,,MIL,215.0,SF,30.3,5800,4.0,ORL,5.22
2019-11-02,37.3,32.3,6.2,32.5,17.6,12,28,9,25.1,29,5,25.1,18.3,37.3,107,0%,100,Aaron Gordon,SF/PF,27.5,29.5,4.6,0.0,9,25.1,29,6000,98.3,,DEN,200.5,SF,29.5,6000,4.0,ORL,4.92
2019-11-05,28.5,28.6,4.8,35.4,18.7,13,30,11,28.1,30,2,28.1,18.3,37.3,96,-19%,105,Aaron Gordon,SF/PF,27.3,30.0,4.6,2.0,10,27.1,30,5900,99.5,,OKC,201.5,SF,29.5,5900,2.5,ORL,5.0
2019-11-06,32.0,37.3,5.4,34.9,19.7,14,30,11,28.4,29,2,28.2,18.3,37.3,107,7%,103,Aaron Gordon,SF/PF,27.9,30.0,4.7,0.0,11,27.3,30,5900,100.5,,DAL,207.5,SF,30.5,5900,6.5,ORL,5.17
2019-11-08,26.0,31.6,4.3,35.1,20.6,15,33,14,31.2,31,10,31.0,21.0,37.3,106,-6%,109,Aaron Gordon,SF/PF,32.2,31.0,5.4,1.0,12,27.9,30,6000,108.5,,MEM,209.5,SF,33.3,6000,-7.5,ORL,5.54
2019-11-10,22.5,30.1,3.8,34.5,20.8,14,35,13,28.9,32,1,28.7,21.0,37.3,102,-9%,102,Aaron Gordon,SF/PF,29.4,30.5,4.9,1.0,11,27.7,31,6000,103.3,,IND,202.0,SF,29.8,6000,-4.5,ORL,4.96
2019-11-13,50.8,36.3,8.9,33.8,20.5,11,31,13,29.3,32,4,29.0,22.5,37.3,102,-15%,106,Aaron Gordon,SF/PF,28.1,30.5,4.9,2.0,11,27.1,31,5700,104.3,,PHI,206.0,SF,30.8,5700,-2.5,ORL,5.39
2019-11-15,31.5,35.9,5.0,38.8,19.8,11,33,13,31.9,33,26,31.7,22.5,50.8,109,5%,105,Aaron Gordon,SF/PF,33.3,33.0,5.3,1.0,11,29.3,31,6300,106.8,,SA,210.5,SF,34.0,6300,-3.0,ORL,5.4
2019-11-17,27.8,36.5,4.2,38.6,20.4,14,36,13,32.5,34,20,32.6,22.5,50.8,111,2%,108,Aaron Gordon,SF/PF,36.0,34.5,5.5,1.0,12,29.5,32,6600,114.8,,WAS,224.0,SF,36.5,6600,-5.5,ORL,5.53
2019-11-20,4.5,12.2,0.7,38.1,20.6,16,36,13,31.7,34,17,31.7,22.5,50.8,100,16%,105,Aaron Gordon,SF/PF,30.9,33.0,5.0,2.0,12,29.3,32,6200,102.0,,TOR,207.0,SF,32.8,6200,3.0,ORL,5.28
2019-11-23,0.0,0.0,0.0,38.1,20.6,16,36,13,31.7,34,12,27.4,4.5,50.8,101,-12%,102,Aaron Gordon,SF/PF,0.0,0.0,0.0,2.0,12,29.3,32,6000,97.5,O,IND,201.0,SF,0.0,6000,6.0,ORL,0.0
2019-11-25,0.0,0.0,0.0,38.1,20.6,16,36,13,31.7,34,19,27.4,4.5,50.8,108,9%,103,Aaron Gordon,SF/PF,0.0,0.0,0.0,1.0,12,29.3,32,5800,101.5,O,DET,207.5,SF,0.0,5800,4.5,ORL,0.0
2019-11-27,0.0,0.0,0.0,38.1,20.6,16,36,13,31.7,34,23,27.4,4.5,50.8,110,-4%,102,Aaron Gordon,SF/PF,0.0,0.0,0.0,1.0,12,29.3,32,5900,104.5,O,CLE,208.0,SF,0.0,5900,-1.0,ORL,0.0
2019-11-29,27.5,31.7,4.9,38.1,20.6,16,36,13,31.7,34,27,27.4,4.5,50.8,100,13%,104,Aaron Gordon,SF/PF,24.8,25.5,4.4,1.0,12,29.3,32,5600,102.0,Q,TOR,207.5,SF,24.3,5600,3.5,ORL,4.33
2019-12-03,37.3,31.8,6.5,37.0,20.4,11,31,13,31.9,34,13,22.6,4.5,31.5,114,1%,108,Aaron Gordon,SF/PF,30.8,31.5,5.4,1.0,12,28.7,32,5700,113.0,,WAS,228.0,SF,33.0,5700,2.0,ORL,5.79
2019-12-04,49.8,33.5,8.4,37.5,21.0,13,31,14,29.1,33,5,23.8,4.5,37.3,106,3%,105,Aaron Gordon,SF/PF,29.8,31.5,5.1,0.0,12,29.3,32,5900,106.0,,PHO,213.5,SF,32.0,5900,1.5,ORL,5.42
2019-12-06,26.3,31.3,3.8,39.9,21.0,15,33,14,32.8,33,9,28.2,4.5,49.8,111,2%,102,Aaron Gordon,SF/PF,30.8,32.0,4.5,1.0,12,30.5,32,6900,106.8,,CLE,210.0,SF,33.8,6900,-3.5,ORL,4.89
2019-12-09,33.8,38.3,5.0,39.4,21.0,14,32,13,32.5,32,4,32.5,21.8,49.8,99,-3%,107,Aaron Gordon,SF/PF,29.8,31.5,4.4,2.0,12,30.2,32,6700,102.5,,MIL,217.5,SF,32.0,6700,12.5,ORL,4.78
2019-12-11,42.0,34.0,6.5,39.4,21.4,13,35,13,33.8,33,13,33.8,21.8,49.8,101,-11%,103,Aaron Gordon,SF/PF,31.0,33.5,4.8,1.0,12,30.4,32,6500,102.0,,LAL,212.0,SF,32.0,6500,8.0,ORL,4.92
2019-12-13,35.0,32.8,5.2,40.1,21.9,12,36,13,37.8,34,17,37.8,26.3,49.8,107,7%,107,Aaron Gordon,SF/PF,34.4,33.0,5.1,1.0,12,31.0,32,6700,107.5,,HOU,221.0,SF,36.0,6700,6.0,ORL,5.37
2019-12-17,14.8,30.0,2.4,39.7,21.5,14,33,13,31.1,34,17,31.1,18.5,42.0,104,0%,103,Aaron Gordon,SF/PF,28.5,33.0,4.7,1.0,12,30.6,32,6100,100.0,,UTA,207.0,SF,30.8,6100,7.0,ORL,5.04
2019-12-18,25.8,33.5,4.3,39.4,20.4,11,32,12,28.8,34,21,28.8,14.8,42.0,101,-7%,100,Aaron Gordon,SF/PF,27.9,32.5,4.6,0.0,12,29.9,32,6000,98.0,,DEN,205.0,SF,29.0,6000,9.0,ORL,4.83
2019-12-20,34.3,29.8,5.4,39.1,20.4,12,32,12,27.2,33,5,27.2,14.8,42.0,108,1%,105,Aaron Gordon,SF/PF,29.5,32.0,4.7,1.0,12,29.7,32,6300,107.0,,POR,217.5,SF,30.3,6300,3.5,ORL,4.8
2019-12-23,44.8,31.4,7.3,39.1,20.7,16,32,14,25.6,32,27,25.7,14.8,35.0,104,7%,103,Aaron Gordon,SF/PF,31.2,32.5,5.1,2.0,13,29.9,32,6100,106.0,,CHI,207.0,SF,33.0,6100,-5.0,ORL,5.41
2019-12-27,39.3,34.1,6.1,40.0,21.0,16,31,13,27.6,32,11,27.6,14.8,44.8,103,-9%,102,Aaron Gordon,SF/PF,28.0,32.0,4.4,3.0,13,30.5,32,6400,102.5,,PHI,209.0,SF,30.5,6400,4.0,ORL,4.77
2019-12-28,11.5,21.4,1.9,40.3,21.4,15,33,14,31.8,32,4,31.8,14.8,44.8,100,1%,107,Aaron Gordon,SF/PF,29.6,32.0,4.8,0.0,13,30.8,32,6200,105.3,,MIL,216.5,SF,30.0,6200,6.0,ORL,4.84
2019-12-30,0.0,0.0,0.0,40.1,20.2,13,28,14,31.1,30,9,31.1,11.5,44.8,111,8%,106,Aaron Gordon,SF/PF,0.0,0.0,0.0,1.0,13,30.1,32,5700,110.3,O,ATL,209.5,SF,0.0,5700,-11.0,ORL,0.0
2020-01-03,30.5,31.2,5.4,40.1,20.2,13,28,14,31.1,30,22,31.1,11.5,44.8,105,2%,101,Aaron Gordon,SF/PF,29.5,31.5,5.2,1.0,13,30.1,32,5700,103.8,Q,MIA,208.5,SF,31.3,5700,1.0,ORL,5.48
2020-01-04,33.5,33.7,5.8,39.9,20.4,12,26,14,32.0,30,6,32.1,11.5,44.8,103,-5%,102,Aaron Gordon,SF/PF,28.6,31.5,4.9,0.0,13,30.1,32,5800,101.3,,UTA,207.0,SF,32.8,5800,4.5,ORL,5.65
2020-01-06,32.5,33.1,5.4,40.0,21.8,13,33,14,36.5,32,27,31.9,11.5,44.8,106,-2%,105,Aaron Gordon,SF/PF,30.8,32.0,5.1,1.0,13,30.9,32,6000,108.8,,BKN,212.5,SF,32.3,6000,-5.0,ORL,5.38
2020-01-08,23.8,24.9,3.8,39.9,22.0,11,33,13,36.1,33,5,29.5,11.5,39.3,113,4%,106,Aaron Gordon,SF/PF,32.5,32.5,5.2,1.0,13,30.9,32,6200,115.3,,WAS,221.0,SF,34.5,6200,-9.5,ORL,5.56
2020-01-13,35.8,29.9,6.3,39.6,21.8,10,29,12,31.9,31,9,26.4,11.5,33.5,108,-10%,100,Aaron Gordon,SF/PF,28.5,31.0,5.0,2.0,13,30.7,32,5700,105.0,Q,SAC,212.0,SF,30.0,5700,2.0,ORL,5.26
2020-01-15,35.5,37.6,6.1,39.7,22.1,13,27,12,31.2,31,2,31.2,23.8,35.8,102,-6%,103,Aaron Gordon,SF/PF,32.3,34.0,5.6,1.0,13,30.9,32,5800,100.3,,LAL,210.0,SF,28.8,5800,9.5,ORL,4.96
2020-01-16,29.5,28.8,4.9,39.7,22.3,14,34,12,32.2,32,15,32.2,23.8,35.8,105,-4%,105,Aaron Gordon,SF/PF,30.5,32.5,5.1,0.0,13,31.0,32,6000,102.0,,LAC,215.5,SF,29.8,6000,11.5,ORL,4.96
2020-01-18,20.3,35.4,3.2,39.5,22.4,12,33,12,31.4,31,26,31.4,23.8,35.8,109,-1%,103,Aaron Gordon,SF/PF,33.2,33.0,5.2,1.0,13,31.0,32,6400,110.0,,GS,214.0,SF,34.5,6400,-6.0,ORL,5.39
2020-01-20,25.5,33.0,4.3,39.3,22.0,11,32,12,28.9,31,30,29.0,20.3,35.8,111,10%,99,Aaron Gordon,SF/PF,33.0,33.5,5.5,1.0,12,30.7,32,6000,105.0,,CHA,206.0,SF,33.0,6000,-4.0,ORL,5.5
2020-01-22,31.5,34.6,5.3,39.1,22.0,10,34,12,29.3,33,24,29.3,20.3,35.8,106,-12%,101,Aaron Gordon,SF/PF,30.8,34.0,5.2,1.0,12,30.5,32,5900,105.5,,OKC,209.5,SF,31.0,5900,-1.5,ORL,5.25
2020-01-24,18.5,38.4,3.1,39.0,22.1,11,34,11,28.4,34,16,28.5,20.3,35.5,103,1%,102,Aaron Gordon,SF/PF,32.3,34.5,5.5,1.0,12,30.5,32,5900,107.0,,BOS,212.5,SF,32.0,5900,-1.5,ORL,5.42
2020-01-26,33.5,33.6,5.9,38.8,21.7,12,37,11,25.1,34,9,25.1,18.5,31.5,105,-4%,105,Aaron Gordon,SF/PF,32.0,34.0,5.6,1.0,12,30.2,32,5700,107.8,,LAC,219.0,SF,33.0,5700,3.5,ORL,5.79
2020-01-27,24.3,33.8,4.1,38.8,21.9,12,36,11,25.9,35,23,25.9,18.5,33.5,106,2%,101,Aaron Gordon,SF/PF,30.0,34.0,5.1,0.0,12,30.3,32,5900,102.3,,MIA,210.5,SF,32.5,5900,6.0,ORL,5.51
2020-02-01,37.8,34.2,6.4,38.6,21.8,14,34,12,26.6,35,28,26.7,18.5,33.5,106,1%,100,Aaron Gordon,SF/PF,30.6,34.0,5.2,4.0,12,30.2,32,5900,103.0,,MIA,207.5,SF,32.0,5900,1.5,ORL,5.42
2020-02-03,44.5,37.6,7.3,38.7,22.0,18,34,14,29.1,35,9,29.1,18.5,37.8,111,7%,99,Aaron Gordon,SF/PF,31.5,34.0,5.2,1.0,13,30.3,33,6100,103.5,,CHA,202.5,SF,33.8,6100,-4.5,ORL,5.53
