game_date,Actual FP,Actual Min,Actual Val,Ceil FP,Floor FP,L2 FGA,L2 Min,L5 FGA,L5 FP,L5 Min,L5_dvp_rank,L5_ppg_avg,L5_ppg_floor,L5_ppg_max,Opp DEff,Opp DvP,Opp Pace,Player Name,Pos,Proj FP,Proj Min,Proj Val,Rest,S FGA,S FP,S Min,Salary,implied_team_score,injury_status,opp,over_under,position,ppg_projection,salary,spread,team,value_projection
2019-10-23,22.3,23.9,4.2,0.0,0.0,0,0,0,0.0,0,21,31.5,19.5,46.5,105,1%,105,Bojan Bogdanovic,SF/PF,26.4,31.0,5.0,,0,0.0,0,5300,115.3,,OKC,221.5,SF,26.0,5300,-9.0,UTA,4.91
2019-10-26,36.5,24.3,7.2,22.3,22.3,14,24,14,22.3,24,16,31.2,19.5,46.5,109,1%,106,Bojan Bogdanovic,SF/PF,24.6,29.5,4.8,0.0,14,22.3,24,5100,115.5,Q,SAC,221.5,SF,25.3,5100,-9.5,UTA,4.95
2019-10-28,43.8,37.3,8.1,39.5,19.3,16,24,16,29.4,24,18,34.6,22.3,46.5,112,-3%,103,Bojan Bogdanovic,SF/PF,25.2,29.0,4.7,1.0,16,29.4,24,5400,109.3,,PHO,213.5,SF,30.5,5400,-5.0,UTA,5.65
2019-10-30,21.0,30.7,3.8,45.1,23.2,16,31,15,34.2,29,4,34.1,22.3,43.8,109,3%,104,Bojan Bogdanovic,SF/PF,26.9,30.5,4.9,1.0,15,34.2,29,5500,111.3,,LAC,216.5,SF,24.8,5500,-6.0,UTA,4.5
2019-11-01,31.5,35.7,5.8,42.0,19.8,12,34,14,30.9,29,24,31.9,21.0,43.8,109,1%,106,Bojan Bogdanovic,SF/PF,26.5,30.5,4.9,1.0,14,30.9,29,5400,109.5,,SAC,214.5,SF,27.0,5400,-4.5,UTA,5.0
2019-11-03,32.3,35.0,6.1,40.6,21.4,12,33,14,31.0,30,16,31.0,21.0,43.8,109,3%,104,Bojan Bogdanovic,SF/PF,27.1,33.0,5.1,1.0,14,31.0,30,5300,104.8,,LAC,214.0,SF,26.0,5300,4.5,UTA,4.91
2019-11-06,38.5,35.5,6.8,39.8,22.6,15,35,14,33.0,33,22,33.0,21.0,43.8,100,-3%,109,Bojan Bogdanovic,SF/PF,27.7,33.5,4.9,2.0,14,31.2,31,5700,105.8,,PHI,209.0,SF,28.5,5700,-2.5,UTA,5.0
2019-11-08,40.3,37.5,6.3,40.6,23.9,18,35,14,33.4,35,20,33.4,21.0,43.8,100,-8%,109,Bojan Bogdanovic,SF/PF,28.9,34.0,4.5,1.0,15,32.3,32,6400,107.5,,MIL,217.5,SF,29.5,6400,2.5,UTA,4.61
2019-11-11,18.5,30.4,3.0,41.5,25.0,19,37,15,32.7,35,25,32.7,21.0,40.3,114,-3%,105,Bojan Bogdanovic,SF/PF,32.3,34.5,5.2,2.0,15,33.3,33,6200,109.3,,GS,211.0,SF,32.3,6200,-7.5,UTA,5.2
2019-11-12,21.0,30.1,3.3,40.7,22.5,17,34,16,32.2,35,25,32.2,18.5,40.3,109,-19%,109,Bojan Bogdanovic,SF/PF,31.6,34.0,4.9,0.0,15,31.6,32,6400,113.0,,BKN,219.0,SF,31.5,6400,-7.0,UTA,4.92
2019-11-15,22.3,34.8,3.6,39.8,21.3,14,30,16,30.1,34,25,30.1,18.5,40.3,109,21%,108,Bojan Bogdanovic,SF/PF,30.0,31.5,4.8,2.0,15,30.6,32,6200,111.5,,MEM,215.0,SF,29.8,6200,-8.0,UTA,4.8
2019-11-18,29.0,31.0,5.0,38.9,20.7,14,32,16,28.1,34,1,28.1,18.5,40.3,107,8%,108,Bojan Bogdanovic,SF/PF,31.3,32.0,5.4,2.0,15,29.8,32,5800,114.0,,MIN,219.0,SF,31.8,5800,-9.0,UTA,5.47
2019-11-20,43.0,36.1,7.4,38.4,21.0,16,33,16,26.2,33,4,26.2,18.5,40.3,106,7%,108,Bojan Bogdanovic,SF/PF,30.1,31.5,5.2,1.0,15,29.7,32,5800,112.5,,MIN,222.0,SF,29.5,5800,-3.0,UTA,5.09
2019-11-22,29.3,34.5,4.7,39.8,21.7,18,34,16,26.8,33,11,26.8,18.5,43.0,113,3%,105,Bojan Bogdanovic,SF/PF,29.8,31.5,4.8,1.0,15,30.8,33,6200,112.5,,GS,208.5,SF,29.0,6200,-16.5,UTA,4.68
2019-11-23,41.8,36.5,6.6,39.4,21.9,17,35,16,28.9,33,27,28.9,21.0,43.0,109,7%,108,Bojan Bogdanovic,SF/PF,33.6,33.0,5.3,0.0,15,30.6,33,6300,114.5,,NO,223.0,SF,32.0,6300,-6.0,UTA,5.08
2019-11-25,37.8,34.4,5.7,40.9,23.2,17,36,17,33.0,35,18,33.1,22.3,43.0,100,-9%,109,Bojan Bogdanovic,SF/PF,31.4,34.0,4.8,1.0,16,32.0,34,6600,109.0,,MIL,227.0,SF,32.0,6600,9.0,UTA,4.85
2019-11-27,40.3,37.8,6.1,41.0,23.2,16,35,17,36.1,35,21,35.9,29.0,43.0,101,-29%,102,Bojan Bogdanovic,SF/PF,28.7,33.5,4.3,1.0,15,32.1,34,6600,104.8,,IND,211.0,SF,29.5,6600,1.5,UTA,4.47
2019-11-29,49.0,34.5,7.7,41.5,23.8,14,36,16,38.4,36,5,38.1,29.3,43.0,110,14%,107,Bojan Bogdanovic,SF/PF,32.4,33.5,5.1,1.0,15,32.7,35,6400,115.3,,MEM,223.5,SF,32.3,6400,-7.0,UTA,5.04
2019-12-02,10.5,32.8,1.5,42.6,23.6,17,32,16,38.5,35,15,38.2,23.8,49.0,102,-7%,102,Bojan Bogdanovic,SF/PF,30.2,34.0,4.4,0.0,16,33.1,34,6900,101.5,,PHI,208.5,SF,27.3,6900,5.5,UTA,3.95
2019-12-04,35.3,35.3,5.8,42.5,21.2,13,31,15,32.3,34,2,32.0,10.5,49.0,100,-4%,103,Bojan Bogdanovic,SF/PF,32.4,34.0,5.3,1.0,15,31.8,34,6100,106.8,,LAL,211.5,SF,28.8,6100,-2.0,UTA,4.71
2019-12-07,28.5,31.2,4.5,42.4,21.7,13,34,15,31.8,34,7,31.8,10.5,49.0,109,11%,106,Bojan Bogdanovic,SG/SF,35.5,34.5,5.6,2.0,15,32.0,34,6300,114.5,,MEM,217.5,SG,30.8,6300,-11.5,UTA,4.88
2019-12-09,22.3,31.9,3.5,42.0,21.7,14,33,15,29.4,33,19,29.4,10.5,49.0,107,2%,101,Bojan Bogdanovic,SF/PF,32.9,34.0,5.2,1.0,15,31.9,34,6300,107.3,,OKC,206.0,SF,30.5,6300,-8.5,UTA,4.84
2019-12-11,20.3,34.8,3.3,41.5,21.3,15,32,14,24.1,32,19,24.1,10.5,35.3,109,5%,106,Bojan Bogdanovic,SF/PF,32.9,33.0,5.4,1.0,15,31.4,34,6100,109.8,,MIN,220.5,SF,30.8,6100,1.0,UTA,5.04
2019-12-13,40.5,37.1,6.9,41.0,20.8,16,33,14,23.4,33,29,23.4,10.5,35.3,110,4%,103,Bojan Bogdanovic,SF/PF,32.1,33.0,5.4,1.0,15,30.9,34,5900,113.0,,GS,212.0,SF,30.8,5900,-14.0,UTA,5.21
2019-12-17,48.3,36.7,7.8,41.4,21.2,16,36,15,29.4,34,7,29.4,20.3,40.5,105,-8%,100,Bojan Bogdanovic,SF/PF,30.7,33.0,5.0,3.0,15,31.3,34,6200,107.0,,ORL,207.0,SF,28.8,6200,-7.0,UTA,4.64
2019-12-19,31.8,37.1,4.7,42.5,21.6,20,37,17,31.9,34,8,32.0,20.3,48.3,112,24%,105,Bojan Bogdanovic,SF/PF,36.2,35.0,5.4,1.0,16,32.0,34,6700,115.5,,ATL,224.5,SF,32.3,6700,-6.5,UTA,4.81
2019-12-23,28.5,29.2,4.1,42.1,22.1,14,37,16,35.0,36,2,35.0,20.3,48.3,104,-5%,102,Bojan Bogdanovic,SF/PF,33.2,36.0,4.8,1.0,15,32.1,34,6900,104.3,,MIA,213.0,SF,33.5,6900,4.5,UTA,4.86
2019-12-26,23.5,36.5,3.5,41.8,22.1,13,33,16,36.6,35,23,36.8,29.0,48.3,107,6%,104,Bojan Bogdanovic,SF/PF,34.6,35.0,5.2,2.0,15,32.0,34,6700,112.8,,POR,220.5,SF,33.0,6700,-5.0,UTA,4.93
2019-12-28,31.8,34.2,5.0,41.5,21.8,15,33,16,33.3,35,12,33.4,23.5,48.3,103,-2%,106,Bojan Bogdanovic,SF/PF,32.5,35.5,5.2,1.0,15,31.7,34,6300,106.3,,LAC,221.0,SF,30.8,6300,8.5,UTA,4.88
2019-12-30,27.0,34.8,4.4,41.3,22.0,16,35,15,29.9,35,14,30.1,23.5,34.3,110,3%,102,Bojan Bogdanovic,SF/PF,35.2,35.5,5.8,1.0,15,31.7,34,6100,113.0,,DET,217.0,SF,32.8,6100,-9.0,UTA,5.37
2020-01-02,27.5,33.8,4.4,41.0,22.0,16,35,14,29.0,34,28,29.1,23.5,34.3,103,1%,103,Bojan Bogdanovic,SF/PF,32.6,35.5,5.3,2.0,15,31.5,34,6200,106.5,,CHI,209.5,SF,30.8,6200,-3.5,UTA,4.96
2020-01-04,19.8,29.9,3.2,40.7,22.0,14,34,15,27.6,34,3,27.8,23.5,31.8,105,-6%,100,Bojan Bogdanovic,SF/PF,31.3,34.5,5.1,1.0,15,31.4,34,6100,105.8,,ORL,207.0,SF,29.3,6100,-4.5,UTA,4.8
2020-01-06,35.0,33.3,5.9,40.5,21.6,13,32,14,25.9,34,11,25.9,19.8,31.8,110,3%,106,Bojan Bogdanovic,SF/PF,33.3,34.5,5.6,1.0,15,31.0,34,5900,111.8,,NO,220.5,SF,33.3,5900,-3.0,UTA,5.64
2020-01-08,32.3,26.0,5.0,40.5,21.8,17,32,16,28.2,33,2,28.2,19.8,35.0,110,3%,101,Bojan Bogdanovic,SF/PF,32.6,33.0,5.1,1.0,15,31.1,34,6400,113.3,,NY,213.0,SF,30.5,6400,-13.5,UTA,4.77
2020-01-10,24.8,25.3,3.9,40.5,21.8,17,32,16,28.2,33,29,28.3,19.8,35.0,111,0%,99,Bojan Bogdanovic,SF/PF,31.5,32.5,5.0,1.0,15,31.1,34,6300,111.8,,CHA,211.0,SF,30.3,6300,-12.5,UTA,4.8
2020-01-14,22.5,32.4,3.5,40.5,22.2,19,31,17,30.6,32,6,30.0,19.8,38.3,105,-15%,105,Bojan Bogdanovic,SF/PF,30.3,33.5,4.7,1.0,16,31.4,34,6400,113.0,,BKN,222.5,SF,28.0,6400,-3.5,UTA,4.38
2020-01-16,36.3,40.2,6.0,40.2,22.0,20,34,17,29.6,32,26,30.6,22.5,38.3,110,3%,105,Bojan Bogdanovic,SF/PF,32.5,33.0,5.4,1.0,16,31.1,34,6000,115.0,,NO,224.5,SF,30.3,6000,-5.5,UTA,5.04
2020-01-18,38.5,30.9,6.1,40.3,22.2,17,36,18,32.9,34,3,30.8,22.5,38.3,108,3%,100,Bojan Bogdanovic,SF/PF,32.0,32.5,5.1,1.0,16,31.3,34,6300,116.0,,SAC,223.0,SF,30.5,6300,-9.0,UTA,4.84
2020-01-22,31.5,28.9,5.3,40.2,22.0,13,32,16,30.9,34,18,30.9,19.0,38.5,109,2%,103,Bojan Bogdanovic,SF/PF,31.0,33.0,5.2,1.0,16,31.1,34,6000,114.5,,GS,220.5,SF,29.3,6000,-8.5,UTA,4.88
2020-01-27,36.3,34.8,6.2,39.9,22.2,15,32,15,30.8,33,26,30.8,19.0,38.5,107,8%,106,Bojan Bogdanovic,SF/PF,33.1,33.0,5.6,1.0,16,31.1,34,5900,117.5,,HOU,221.0,SF,29.0,5900,-14.0,UTA,4.92
