game_date,Actual FP,Actual Min,Actual Val,Ceil FP,Floor FP,L2 FGA,L2 Min,L5 FGA,L5 FP,L5 Min,L5_dvp_rank,L5_ppg_avg,L5_ppg_floor,L5_ppg_max,Opp DEff,Opp DvP,Opp Pace,Player Name,Pos,Proj FP,Proj Min,Proj Val,Rest,S FGA,S FP,S Min,Salary,implied_team_score,injury_status,opp,over_under,position,ppg_projection,salary,spread,team,value_projection
2019-10-23,20.8,23.1,5.5,0.0,0.0,0,0,0,0.0,0,13,,,,105,4%,101,Brandon Clarke,PF/C,19.4,19.5,5.1,,0,0.0,0,3800,103.0,,MIA,214.0,PF,16.8,3800,8.0,MEM,4.41
2019-10-25,29.8,25.3,7.1,20.8,20.8,6,23,6,20.8,23,19,20.8,20.8,20.8,111,1%,101,Brandon Clarke,PF/C,22.7,21.0,5.4,1.0,6,20.8,23,4200,111.5,,CHI,225.0,PF,20.3,4200,2.0,MEM,4.82
2019-10-27,25.3,25.9,6.5,31.6,18.9,8,24,8,25.3,24,1,25.3,20.8,29.8,107,1%,103,Brandon Clarke,PF/C,25.2,22.5,6.5,1.0,8,25.3,24,3900,110.0,Q,BKN,224.5,PF,24.5,3900,4.5,MEM,6.28
2019-10-29,14.8,18.5,2.9,29.8,20.8,11,26,9,25.3,25,1,25.3,20.8,29.8,107,-3%,106,Brandon Clarke,PF/C,24.1,24.5,4.7,1.0,9,25.3,25,5100,103.0,,LAL,217.5,PF,22.3,5100,11.5,MEM,4.36
2019-11-02,40.8,22.1,8.7,29.0,16.2,11,22,9,22.6,23,15,22.6,14.8,29.8,112,1%,103,Brandon Clarke,PF/C,21.6,21.0,4.6,3.0,9,22.6,23,4700,109.3,Q,PHO,221.5,PF,22.5,4700,3.0,MEM,4.79
2019-11-04,19.5,20.4,4.1,36.1,16.4,9,20,9,26.3,23,17,26.3,14.8,40.8,108,-5%,100,Brandon Clarke,PF/C,33.7,29.0,7.0,1.0,9,26.3,23,4800,112.5,Q,HOU,230.5,PF,33.0,4800,5.5,MEM,6.88
2019-11-06,30.5,21.9,6.1,34.3,15.9,7,21,9,26.0,22,12,26.0,14.8,40.8,103,2%,111,Brandon Clarke,PF/C,23.4,21.5,4.7,1.0,8,25.1,23,5000,110.8,,MIN,224.5,PF,24.0,5000,3.0,MEM,4.8
2019-11-08,24.0,24.6,4.7,34.5,17.2,6,21,8,26.1,22,10,26.2,14.8,40.8,100,12%,100,Brandon Clarke,PF/C,21.2,21.5,4.2,1.0,8,25.9,22,5100,101.0,,ORL,209.5,PF,21.0,5100,7.5,MEM,4.12
2019-11-09,0.0,0.0,0.0,33.7,17.6,10,23,8,25.9,22,26,25.9,14.8,40.8,107,11%,103,Brandon Clarke,PF/C,0.0,0.0,0.0,0.0,9,25.7,23,5100,108.0,O,DAL,221.5,PF,0.0,5100,5.5,MEM,0.0
2019-11-11,26.0,17.5,5.3,33.7,17.6,10,23,8,25.9,22,9,25.9,14.8,40.8,106,4%,105,Brandon Clarke,PF/C,22.2,22.0,4.5,1.0,9,25.7,23,4900,106.5,,SA,223.5,PF,22.8,4900,10.5,MEM,4.64
2019-11-13,22.0,21.0,4.1,33.2,18.2,10,21,8,28.1,21,4,28.2,19.5,40.8,108,13%,103,Brandon Clarke,PF/C,22.5,20.5,4.2,1.0,8,25.7,22,5400,109.5,,CHA,221.0,PF,23.3,5400,2.0,MEM,4.31
2019-11-15,18.0,18.1,3.5,32.5,18.1,8,19,8,24.4,21,2,24.4,19.5,30.5,97,-9%,102,Brandon Clarke,PF/C,21.3,20.5,4.1,1.0,8,25.3,22,5200,103.5,,UTA,215.0,PF,20.0,5200,8.0,MEM,3.85
2019-11-17,27.3,24.2,5.9,31.8,17.5,8,20,8,24.1,21,6,24.1,18.0,30.5,100,-12%,100,Brandon Clarke,PF/C,21.4,20.0,4.7,1.0,8,24.7,22,4600,104.0,,DEN,215.0,PF,20.5,4600,7.0,MEM,4.46
2019-11-19,31.8,25.7,6.8,31.7,18.0,8,21,9,23.4,21,2,23.5,18.0,27.3,113,7%,105,Brandon Clarke,PF/C,23.0,20.5,4.9,1.0,8,24.9,22,4700,113.5,,GS,221.0,PF,22.8,4700,-6.0,MEM,4.84
2019-11-23,26.8,21.1,5.2,32.3,18.6,11,25,9,25.0,21,6,25.0,18.0,31.8,98,-17%,103,Brandon Clarke,PF/C,22.3,21.5,4.3,3.0,9,25.4,22,5200,109.0,,LAL,226.0,PF,21.0,5200,8.0,MEM,4.04
2019-11-25,25.5,24.6,5.0,32.1,18.9,11,23,9,25.1,22,1,25.2,18.0,31.8,101,-7%,102,Brandon Clarke,PF/C,22.7,21.5,4.5,1.0,9,25.5,22,5100,104.3,,IND,218.0,PF,22.8,5100,9.5,MEM,4.46
2019-11-27,20.0,18.1,3.7,31.8,19.2,8,23,9,25.9,23,18,25.9,18.0,31.8,103,-12%,105,Brandon Clarke,PF/C,24.8,22.5,4.6,1.0,9,25.5,22,5400,110.5,,LAC,227.0,PF,23.0,5400,6.0,MEM,4.26
2019-11-29,23.8,18.4,4.6,31.4,18.9,9,21,9,26.3,23,4,26.3,20.0,31.8,101,-1%,103,Brandon Clarke,PF/C,23.4,22.0,4.5,1.0,9,25.2,22,5200,108.3,,UTA,223.5,PF,25.3,5200,7.0,MEM,4.86
2019-12-01,2.8,10.4,0.6,31.2,19.0,7,18,9,25.6,22,28,25.6,20.0,31.8,105,-4%,107,Brandon Clarke,PF/C,30.7,25.0,6.4,1.0,8,25.1,22,4800,109.8,Q,MIN,231.5,PF,30.0,4800,12.0,MEM,6.25
2019-12-02,0.0,0.0,0.0,31.2,19.0,7,18,9,25.6,22,1,19.8,2.8,26.8,102,-8%,102,Brandon Clarke,PF/C,0.0,0.0,0.0,0.0,8,25.1,22,5000,103.5,O,IND,217.0,PF,0.0,5000,10.0,MEM,0.0
2019-12-04,0.0,0.0,0.0,31.2,19.0,7,18,9,25.6,22,12,19.8,2.8,26.8,106,14%,105,Brandon Clarke,PF/C,0.0,0.0,0.0,1.0,8,25.1,22,4800,108.3,O,CHI,223.0,PF,0.0,4800,6.5,MEM,0.0
2019-12-07,0.0,0.0,0.0,31.2,19.0,7,18,9,25.6,22,28,19.8,2.8,26.8,103,0%,103,Brandon Clarke,PF/C,0.0,0.0,0.0,2.0,8,25.1,22,4700,103.0,O,UTA,217.5,PF,0.0,4700,11.5,MEM,0.0
2019-12-09,0.0,0.0,0.0,31.2,19.0,7,18,9,25.6,22,21,19.8,2.8,26.8,111,1%,103,Brandon Clarke,PF/C,0.0,0.0,0.0,1.0,8,25.1,22,4500,108.3,O,GS,219.5,PF,0.0,4500,3.0,MEM,0.0
2019-12-11,28.3,21.9,6.0,31.2,19.0,7,18,9,25.6,22,1,19.8,2.8,26.8,107,-2%,105,Brandon Clarke,PF/C,20.4,19.0,4.3,1.0,8,25.1,22,4700,112.0,Q,PHO,231.0,PF,22.5,4700,7.0,MEM,4.79
2019-12-13,0.0,0.0,0.0,31.2,19.3,6,20,7,24.9,21,12,20.1,2.8,28.3,99,-3%,107,Brandon Clarke,PF/C,0.0,0.0,0.0,1.0,8,25.3,22,5000,108.3,O,MIL,229.0,PF,0.0,5000,12.5,MEM,0.0
2019-12-14,30.0,24.2,5.9,31.2,19.3,6,20,7,24.9,21,2,20.1,2.8,28.3,115,-5%,107,Brandon Clarke,PF/C,25.1,22.0,4.9,0.0,8,25.3,22,5100,119.3,,WAS,237.0,PF,24.5,5100,-1.5,MEM,4.8
2019-12-16,28.8,25.6,5.6,31.4,19.6,10,23,9,25.5,21,30,21.0,2.8,30.0,103,3%,102,Brandon Clarke,PF/C,23.2,22.0,4.5,1.0,9,25.5,22,5100,107.3,,MIA,217.5,PF,24.3,5100,3.0,MEM,4.75
2019-12-18,36.3,25.2,7.3,31.4,19.9,12,25,9,26.1,22,8,22.7,2.8,30.0,105,-12%,101,Brandon Clarke,PF/C,24.5,24.0,4.9,1.0,9,25.7,22,5000,106.3,,OKC,219.0,PF,24.3,5000,6.5,MEM,4.85
2019-12-20,11.3,17.2,2.0,32.3,20.1,14,25,11,29.4,23,12,25.2,2.8,36.3,113,4%,101,Brandon Clarke,PF/C,26.9,24.5,4.8,1.0,9,26.2,22,5600,111.8,,CLE,221.5,PF,27.3,5600,-2.0,MEM,4.87
2019-12-21,19.0,18.8,3.3,32.2,18.7,13,21,11,26.9,23,15,26.9,11.3,36.3,107,-12%,99,Brandon Clarke,PF/C,27.9,25.0,4.8,0.0,9,25.5,22,5800,109.8,,SAC,221.5,PF,29.0,5800,2.0,MEM,5.0
2019-12-23,16.0,21.1,3.0,31.9,18.5,6,18,11,25.1,22,23,25.1,11.3,36.3,110,1%,104,Brandon Clarke,PF/C,23.4,21.0,4.3,1.0,9,25.2,22,5400,114.0,,SA,229.0,PF,26.3,5400,1.0,MEM,4.86
2019-12-26,25.0,19.3,5.0,31.7,18.0,8,20,10,22.3,22,17,22.3,11.3,36.3,105,-11%,101,Brandon Clarke,PF/C,23.1,22.0,4.6,2.0,9,24.8,22,5000,109.3,,OKC,224.5,PF,23.5,5000,6.0,MEM,4.7
2019-12-29,35.0,25.1,7.1,31.5,18.3,7,21,7,19.6,20,27,19.7,11.3,27.0,110,11%,100,Brandon Clarke,PF/C,25.9,23.0,5.3,0.0,9,24.9,22,4900,111.5,,CHA,220.0,PF,23.8,4900,-3.0,MEM,4.85
2020-01-02,18.5,19.6,3.6,32.0,18.6,10,24,8,24.4,21,4,24.7,16.0,36.3,108,-13%,99,Brandon Clarke,PF/C,23.6,22.5,4.6,3.0,9,25.3,22,5100,110.0,,SAC,224.5,PF,24.5,5100,4.5,MEM,4.8
2020-01-05,20.8,21.5,4.3,31.5,18.0,7,19,8,24.5,21,18,24.8,17.0,36.3,109,-1%,105,Brandon Clarke,PF/C,23.0,21.0,4.8,0.0,9,24.8,22,4800,115.0,,PHO,237.0,PF,25.3,4800,7.0,MEM,5.26
2020-01-07,14.0,17.6,3.0,31.3,17.9,8,20,8,23.6,21,22,23.9,17.0,36.3,107,-3%,105,Brandon Clarke,PF/C,23.8,21.0,5.1,1.0,9,24.6,22,4700,115.8,,MIN,228.5,PF,22.8,4700,-3.0,MEM,4.84
2020-01-10,33.3,23.3,7.4,31.1,17.4,6,20,7,21.1,20,8,21.3,14.0,36.3,110,2%,103,Brandon Clarke,PF/C,22.9,20.5,5.1,2.0,9,24.3,22,4500,116.3,,SA,231.0,PF,21.3,4500,-1.5,MEM,4.72
2020-01-12,29.3,18.8,6.2,31.5,17.6,5,20,6,20.7,20,14,20.7,14.0,33.3,109,0%,103,Brandon Clarke,PF/C,23.7,21.0,5.0,1.0,8,24.6,22,4700,115.5,,GS,224.5,PF,23.5,4700,-6.5,MEM,5.0
2020-01-14,26.3,23.9,5.5,31.6,17.8,7,21,6,22.9,20,7,22.5,14.0,33.3,106,4%,106,Brandon Clarke,PF/C,24.8,21.0,5.2,1.0,8,24.7,22,4800,116.3,Q,HOU,238.5,PF,23.8,4800,6.0,MEM,4.95
2020-01-17,26.5,25.3,5.4,31.5,18.0,8,21,6,24.7,21,5,24.3,14.0,33.3,113,1%,101,Brandon Clarke,PF/C,23.4,21.0,4.8,2.0,8,24.8,22,4900,119.0,,CLE,229.5,PF,23.8,4900,-8.5,MEM,4.85
2020-01-20,12.0,23.4,2.4,31.5,18.1,8,25,6,25.9,22,8,25.5,14.0,33.3,110,7%,106,Brandon Clarke,PF/C,25.6,22.5,5.2,2.0,8,24.8,22,4900,121.3,,NO,240.0,PF,24.0,4900,-2.5,MEM,4.9
2020-01-22,14.5,23.1,3.0,31.4,17.5,6,24,6,25.4,23,24,25.1,12.0,33.3,104,1%,102,Brandon Clarke,PF/C,23.7,22.5,4.9,1.0,8,24.5,22,4800,112.5,,BOS,232.0,PF,23.5,4800,7.0,MEM,4.9
2020-01-24,35.8,25.1,7.6,31.2,17.2,5,23,7,21.7,23,7,21.3,12.0,27.3,109,4%,101,Brandon Clarke,PF/C,24.5,23.0,5.2,1.0,8,24.2,22,4700,114.5,,DET,230.5,PF,22.5,4700,1.5,MEM,4.79
2020-01-26,24.3,23.2,5.2,31.7,17.3,8,24,7,23.0,24,28,23.0,12.0,35.8,108,-1%,104,Brandon Clarke,PF/C,25.8,24.0,5.5,1.0,8,24.5,22,4700,116.8,,PHO,231.5,PF,27.0,4700,-2.0,MEM,5.74
2020-01-28,24.5,21.0,5.0,31.6,17.4,9,24,7,22.6,24,5,22.6,12.0,35.8,106,-3%,100,Brandon Clarke,PF/C,24.8,23.0,5.1,1.0,8,24.5,22,4900,112.3,,DEN,223.5,PF,23.3,4900,-1.0,MEM,4.74
2020-01-29,31.8,26.9,6.5,31.5,17.5,9,22,7,22.2,23,15,22.2,12.0,35.8,111,9%,101,Brandon Clarke,PF/C,24.9,23.5,5.1,0.0,8,24.5,22,4900,111.8,,NY,221.0,PF,23.3,4900,-2.5,MEM,4.74
2020-02-03,13.8,22.7,2.8,31.6,17.7,10,24,9,26.1,24,27,26.2,14.5,35.8,110,5%,101,Brandon Clarke,PF/C,25.0,23.0,5.0,2.0,8,24.7,22,5000,116.5,,DET,223.5,PF,24.3,5000,-9.5,MEM,4.85
