game_date,Actual FP,Actual Min,Actual Val,Ceil FP,Floor FP,L2 FGA,L2 Min,L5 FGA,L5 FP,L5 Min,L5_dvp_rank,L5_ppg_avg,L5_ppg_floor,L5_ppg_max,Opp DEff,Opp DvP,Opp Pace,Player Name,Pos,Proj FP,Proj Min,Proj Val,Rest,S FGA,S FP,S Min,Salary,implied_team_score,injury_status,opp,over_under,position,ppg_projection,salary,spread,team,value_projection
2019-10-24,14.3,14.4,4.8,0.0,0.0,0,0,0,0.0,0,17,,,,107,-8%,100,Bruno Fernando,C,0.0,0.0,0.0,,0,0.0,0,3000,110.3,,DET,222.0,C,10.8,3000,1.5,ATL,3.58
2019-10-26,12.3,8.9,3.6,14.3,14.3,6,14,6,14.3,14,9,14.3,14.3,14.3,106,-6%,100,Bruno Fernando,C,12.8,14.0,3.8,1.0,6,14.3,14,3400,106.8,,ORL,216.0,C,12.8,3400,2.5,ATL,3.75
2019-10-28,23.0,15.6,6.8,14.7,11.8,5,12,5,13.3,12,9,13.3,12.3,14.3,107,3%,104,Bruno Fernando,C,10.7,12.0,3.1,1.0,5,13.3,12,3400,108.5,,PHI,222.5,C,15.5,3400,5.5,ATL,4.56
2019-10-29,10.8,11.9,3.4,22.2,10.8,5,12,5,16.5,13,21,16.5,12.3,23.0,105,4%,101,Bruno Fernando,C,12.7,14.0,4.0,0.0,5,16.5,13,3200,107.5,,MIA,223.0,C,11.8,3200,8.0,ATL,3.67
2019-10-31,1.0,3.9,0.3,20.5,9.6,5,14,5,15.1,13,22,15.1,10.8,23.0,105,4%,101,Bruno Fernando,C,13.4,14.0,4.1,1.0,5,15.1,13,3300,104.5,,MIA,215.5,C,11.3,3300,6.5,ATL,3.41
2019-11-05,7.5,14.8,2.3,20.1,4.4,1,8,4,12.3,11,13,12.3,1.0,23.0,103,3%,106,Bruno Fernando,C,17.5,16.5,5.5,4.0,4,12.3,11,3200,108.0,,SA,221.5,C,12.5,3200,5.5,ATL,3.91
2019-11-06,21.5,20.9,6.9,18.8,4.1,2,9,3,10.9,11,28,10.9,1.0,23.0,107,17%,104,Bruno Fernando,C,17.1,15.0,5.5,0.0,4,11.5,12,3100,110.5,,CHI,222.0,C,13.8,3100,1.0,ATL,4.44
2019-11-08,4.8,9.7,1.5,20.6,5.2,5,18,4,12.8,13,15,12.8,1.0,23.0,110,-15%,103,Bruno Fernando,C,18.0,16.5,5.5,1.0,4,12.9,13,3300,111.8,,SAC,226.0,C,15.0,3300,2.5,ATL,4.55
2019-11-10,2.0,3.1,0.6,19.5,4.2,4,15,3,9.1,12,3,9.1,1.0,21.5,108,-15%,106,Bruno Fernando,C,18.3,18.0,5.7,1.0,4,11.9,13,3200,108.3,,POR,225.5,C,12.5,3200,9.0,ATL,3.91
2019-11-12,5.8,9.4,1.8,18.7,2.9,2,6,2,7.3,11,29,7.4,1.0,21.5,99,-14%,100,Bruno Fernando,C,13.7,14.5,4.3,1.0,3,10.8,12,3200,99.5,,DEN,209.0,C,10.3,3200,10.0,ATL,3.2
2019-11-14,6.8,15.3,2.2,17.9,2.7,2,6,3,8.3,12,18,8.3,2.0,21.5,103,1%,106,Bruno Fernando,C,0.0,0.0,0.0,1.0,3,10.3,11,3100,110.8,,PHO,229.5,C,9.3,3100,8.0,ATL,2.98
2019-11-16,11.8,17.2,3.9,17.3,2.7,4,12,3,8.2,12,23,8.2,2.0,21.5,104,-6%,105,Bruno Fernando,C,12.2,13.0,4.1,1.0,3,10.0,12,3000,105.5,,LAC,222.0,C,9.8,3000,11.0,ATL,3.25
2019-11-17,9.8,12.7,3.3,17.1,3.1,4,16,2,6.2,11,1,6.2,2.0,11.8,97,-19%,103,Bruno Fernando,C,13.4,15.0,4.5,0.0,3,10.1,12,3000,103.3,,LAL,220.5,C,12.5,3000,14.0,ATL,4.17
2019-11-20,14.8,12.9,4.9,16.8,3.4,4,15,3,7.2,12,14,7.2,2.0,11.8,99,-10%,109,Bruno Fernando,C,10.3,10.5,3.4,2.0,4,10.1,12,3000,110.8,,MIL,232.5,C,11.8,3000,11.0,ATL,3.92
2019-11-22,3.8,9.8,1.3,16.9,3.9,5,13,4,9.8,14,15,9.8,5.8,14.8,109,6%,102,Bruno Fernando,C,11.9,12.5,4.0,1.0,4,10.4,12,3000,109.5,,DET,225.0,C,13.3,3000,6.0,ATL,4.42
2019-11-23,19.0,16.1,5.9,16.5,3.4,3,11,4,9.3,14,3,9.4,3.8,14.8,100,13%,104,Bruno Fernando,C,11.7,12.0,3.7,0.0,3,10.0,12,3200,107.8,,TOR,223.0,C,10.0,3200,7.5,ATL,3.13
2019-11-25,23.0,17.4,7.0,17.2,3.8,2,13,3,11.8,14,7,11.8,3.8,19.0,106,-2%,107,Bruno Fernando,C,10.3,10.0,3.1,1.0,3,10.5,12,3300,116.0,,MIN,236.0,C,15.0,3300,4.0,ATL,4.55
2019-11-27,8.0,15.7,2.2,18.8,4.9,4,17,4,14.1,14,25,14.1,3.8,23.0,101,-6%,108,Bruno Fernando,C,14.6,14.5,4.1,1.0,4,11.8,13,3600,112.5,,MIL,239.5,C,14.3,3600,14.5,ATL,3.96
2019-11-29,15.0,14.6,3.9,18.4,4.8,5,17,3,13.7,14,25,13.7,3.8,23.0,101,-7%,102,Bruno Fernando,C,14.9,16.0,3.9,1.0,4,11.6,13,3800,106.3,,IND,223.5,C,12.5,3800,11.0,ATL,3.29
2019-11-30,10.8,15.4,2.8,18.5,5.1,4,15,3,13.8,15,10,13.8,3.8,23.0,107,6%,108,Bruno Fernando,C,15.2,16.5,4.0,0.0,4,11.8,13,3800,112.5,,HOU,238.5,C,13.0,3800,13.5,ATL,3.42
2019-12-02,2.8,7.2,0.8,18.4,6.2,4,15,4,15.2,16,27,15.2,8.0,23.0,112,3%,104,Bruno Fernando,C,16.0,16.0,4.6,1.0,4,12.3,14,3500,114.5,,GS,222.5,C,14.3,3500,-6.5,ATL,4.07
2019-12-04,0.0,2.6,0.0,17.9,4.7,3,11,4,11.9,14,5,11.9,2.8,23.0,106,2%,106,Bruno Fernando,C,11.5,12.0,3.5,1.0,4,11.3,13,3300,113.0,,BKN,229.0,C,7.0,3300,3.0,ATL,2.12
2019-12-10,4.8,7.1,1.6,17.1,3.4,1,4,2,7.1,9,1,7.1,0.0,15.0,102,1%,102,Bruno Fernando,C,0.0,0.0,0.0,1.0,3,10.2,12,3000,105.3,,MIA,218.5,C,2.8,3000,8.0,ATL,0.92
2019-12-11,14.5,13.3,4.8,16.8,3.2,2,7,2,5.0,8,21,5.1,0.0,10.8,105,9%,104,Bruno Fernando,C,0.0,0.0,0.0,0.0,3,10.0,12,3000,107.3,,CHI,221.0,C,3.8,3000,6.5,ATL,1.25
2019-12-17,2.5,7.5,0.8,16.6,3.4,2,8,1,6.4,7,14,6.4,0.0,14.5,111,6%,100,Bruno Fernando,C,0.0,0.0,0.0,1.0,3,10.0,12,3000,111.5,,NY,224.5,C,5.8,3000,1.5,ATL,1.92
2019-12-19,11.5,17.2,3.8,16.4,3.0,0,6,1,6.9,7,20,6.9,2.5,14.5,104,-1%,102,Bruno Fernando,C,17.6,19.0,5.9,1.0,3,9.7,11,3000,109.0,,UTA,224.5,C,13.8,3000,6.5,ATL,4.58
2019-12-23,6.5,10.3,2.1,16.4,3.4,5,17,2,9.7,12,4,9.7,2.5,14.5,113,4%,101,Bruno Fernando,C,13.8,14.5,4.5,1.0,3,9.9,12,3100,114.3,,CLE,229.5,C,13.8,3100,1.0,ATL,4.44
2019-12-27,19.8,15.7,6.6,16.2,3.4,3,14,2,8.1,11,3,8.1,2.5,14.0,100,1%,107,Bruno Fernando,C,14.3,15.5,4.8,3.0,3,9.8,12,3000,113.3,,MIL,234.5,C,17.0,3000,8.0,ATL,5.67
2019-12-28,7.3,13.7,2.4,16.7,3.6,5,13,4,10.8,14,21,10.9,2.5,19.8,104,8%,103,Bruno Fernando,C,15.7,16.0,5.2,0.0,3,10.1,12,3000,103.5,,CHI,216.5,C,13.5,3000,9.5,ATL,4.5
2019-12-30,5.8,13.8,1.9,16.5,3.6,7,15,5,11.8,15,20,11.8,6.5,19.8,105,1%,100,Bruno Fernando,C,12.5,14.5,4.2,1.0,3,10.0,12,3000,99.3,,ORL,209.5,C,13.8,3000,11.0,ATL,4.58
2020-01-03,1.3,3.4,0.4,16.3,3.5,4,14,4,10.7,14,3,10.7,5.8,19.8,102,-1%,101,Bruno Fernando,C,8.9,11.0,3.0,3.0,3,9.9,12,3000,106.5,,BOS,223.5,C,11.5,3000,10.5,ATL,3.83
2020-01-04,19.5,21.2,6.5,16.1,3.2,1,9,3,8.1,11,4,8.1,1.3,19.8,104,-5%,101,Bruno Fernando,C,16.6,19.0,5.5,0.0,3,9.7,12,3000,107.0,,IND,221.0,C,17.0,3000,7.0,ATL,5.67
2020-01-06,8.0,10.2,2.5,16.5,3.3,3,12,4,10.7,14,3,10.7,1.3,19.8,105,-2%,100,Bruno Fernando,C,10.3,13.0,3.2,1.0,3,9.9,12,3200,107.8,,DEN,223.0,C,8.5,3200,7.5,ATL,2.66
2020-01-08,0.0,0.0,0.0,16.4,3.4,6,16,4,8.3,13,13,8.4,1.3,19.5,107,4%,106,Bruno Fernando,C,0.0,0.0,0.0,1.0,3,9.9,12,3100,114.3,O,HOU,236.5,C,0.0,3100,8.0,ATL,0.0
2020-01-10,0.0,0.0,0.0,16.4,3.4,6,16,4,8.3,13,28,8.4,1.3,19.5,114,4%,106,Bruno Fernando,C,0.0,0.0,0.0,1.0,3,9.9,12,3000,119.0,O,WAS,239.0,C,0.0,3000,1.0,ATL,0.0
2020-01-12,0.0,0.0,0.0,16.4,3.4,6,16,4,8.3,13,26,8.4,1.3,19.5,105,-3%,105,Bruno Fernando,C,0.0,0.0,0.0,1.0,3,9.9,12,3000,110.8,O,BKN,229.5,C,0.0,3000,8.0,ATL,0.0
2020-01-14,0.0,0.0,0.0,16.4,3.4,6,16,4,8.3,13,14,8.4,1.3,19.5,108,-1%,104,Bruno Fernando,C,0.0,0.0,0.0,1.0,3,9.9,12,3000,113.8,O,PHO,230.5,C,0.0,3000,3.0,ATL,0.0
2020-01-17,9.0,8.4,3.0,16.4,3.4,6,16,4,8.3,13,19,8.4,1.3,19.5,110,2%,103,Bruno Fernando,C,10.7,12.5,3.6,2.0,3,9.9,12,3000,111.0,,SA,230.5,C,10.8,3000,8.5,ATL,3.58
2020-01-18,11.3,17.6,3.8,16.3,3.4,4,9,3,8.7,11,29,8.7,1.3,19.5,110,5%,101,Bruno Fernando,C,0.0,0.0,0.0,0.0,3,9.9,12,3000,114.0,,DET,229.5,C,6.8,3000,1.5,ATL,2.25
2020-01-20,18.5,16.2,6.2,16.2,3.6,3,13,4,9.8,12,6,9.8,1.3,19.5,101,4%,103,Bruno Fernando,C,10.2,12.0,3.4,1.0,3,9.9,12,3000,110.0,,TOR,229.0,C,13.5,3000,9.0,ATL,4.5
2020-01-22,25.8,18.8,8.6,16.5,3.7,6,17,5,13.3,15,23,13.3,8.0,19.5,105,-5%,105,Bruno Fernando,C,16.5,17.0,5.5,1.0,3,10.1,12,3000,115.3,,LAC,234.0,C,12.0,3000,3.5,ATL,4.0
2020-01-24,0.3,13.9,0.1,17.3,3.7,7,18,5,14.5,14,23,14.5,8.0,25.8,106,-11%,101,Bruno Fernando,C,13.4,16.0,4.3,1.0,3,10.5,12,3100,111.5,,OKC,231.0,C,14.5,3100,8.0,ATL,4.68
2020-01-26,31.5,19.5,10.5,17.1,3.4,4,16,4,12.9,15,19,13.0,0.3,25.8,113,3%,105,Bruno Fernando,C,16.1,17.5,5.4,1.0,3,10.3,12,3000,121.3,,WAS,241.5,C,16.5,3000,-1.0,ATL,5.5
