game_date,Actual FP,Actual Min,Actual Val,Ceil FP,Floor FP,L2 FGA,L2 Min,L5 FGA,L5 FP,L5 Min,L5_dvp_rank,L5_ppg_avg,L5_ppg_floor,L5_ppg_max,Opp DEff,Opp DvP,Opp Pace,Player Name,Pos,Proj FP,Proj Min,Proj Val,Rest,S FGA,S FP,S Min,Salary,implied_team_score,injury_status,opp,over_under,position,ppg_projection,salary,spread,team,value_projection
2019-10-23,51.0,37.8,5.6,0.0,0.0,0,0,0,0.0,0,27,43.3,30.5,52.5,107,-8%,100,Damian Lillard,PG,44.5,36.0,4.9,,0,0.0,0,9100,108.0,,DEN,217.5,PG,45.3,9100,1.5,POR,4.97
2019-10-25,54.8,34.0,6.2,51.0,51.0,21,38,21,51.0,38,24,44.4,30.5,52.5,109,5%,106,Damian Lillard,PG,47.0,36.5,5.3,1.0,21,51.0,38,8800,114.5,,SAC,227.5,PG,50.0,8800,-1.5,POR,5.68
2019-10-27,42.8,38.4,4.7,55.5,50.2,21,36,21,52.9,36,26,49.2,38.5,54.8,108,4%,101,Damian Lillard,PG,45.7,36.0,5.0,1.0,21,52.9,36,9100,109.0,,DAL,220.5,PG,46.3,9100,2.5,POR,5.08
2019-10-28,54.8,38.8,6.2,55.6,43.4,20,36,20,49.5,37,10,47.9,38.5,54.8,108,2%,100,Damian Lillard,PG,44.8,36.5,5.0,0.0,20,49.5,37,8900,108.3,,SA,223.0,PG,44.5,8900,6.5,POR,5.0
2019-10-30,58.3,38.2,6.4,56.5,45.2,24,39,22,50.8,37,28,51.2,42.8,54.8,105,-1%,105,Damian Lillard,PG,48.4,36.5,5.3,1.0,22,50.8,37,9100,110.8,,OKC,220.0,PG,47.8,9100,-1.5,POR,5.25
2019-11-02,57.3,39.1,6.3,58.2,46.4,24,39,22,52.3,38,2,52.3,42.8,58.3,107,-1%,104,Damian Lillard,PG,48.1,36.5,5.3,2.0,22,52.3,38,9100,111.0,,PHI,223.0,PG,46.3,9100,1.0,POR,5.08
2019-11-04,51.5,37.3,5.8,58.8,47.5,18,39,21,53.5,38,24,53.6,42.8,58.3,107,-3%,103,Damian Lillard,PG,48.7,36.0,5.5,1.0,21,53.1,38,8900,115.5,,GS,219.5,PG,52.5,8900,-11.5,POR,5.9
2019-11-07,44.5,38.1,4.9,58.1,47.7,21,38,22,52.9,38,21,52.9,42.8,58.3,104,-2%,103,Damian Lillard,PG,48.0,36.5,5.3,2.0,21,52.9,38,9100,112.8,,LAC,231.0,PG,46.8,9100,5.5,POR,5.14
2019-11-08,75.0,40.4,8.3,57.5,46.2,25,38,22,53.3,38,14,53.3,44.5,58.3,107,8%,109,Damian Lillard,PG,50.3,36.5,5.6,0.0,22,51.8,38,9000,121.0,,BKN,239.0,PG,49.3,9000,-3.0,POR,5.47
2019-11-10,51.3,44.3,5.1,63.8,45.1,28,39,23,57.3,39,14,57.3,44.5,75.0,104,-17%,103,Damian Lillard,PG,51.4,37.0,5.1,1.0,23,54.4,38,10100,117.3,,ATL,225.5,PG,49.0,10100,-9.0,POR,4.85
2019-11-12,44.0,37.6,4.6,63.0,45.2,25,42,23,55.9,40,22,55.9,44.5,75.0,110,9%,102,Damian Lillard,PG,49.5,37.5,5.2,1.0,22,54.1,39,9500,112.0,,SAC,222.0,PG,48.8,9500,-2.0,POR,5.13
2019-11-13,29.3,37.0,3.2,62.1,44.2,14,41,22,53.3,40,18,53.3,44.0,75.0,100,-6%,106,Damian Lillard,PG,50.0,37.5,5.4,0.0,21,53.2,39,9200,110.5,,TOR,218.5,PG,50.0,9200,-2.5,POR,5.43
2019-11-16,40.0,40.3,4.6,62.2,40.2,11,37,19,48.8,40,2,48.8,29.3,75.0,109,8%,105,Damian Lillard,PG,49.5,37.0,5.7,2.0,20,51.2,38,8700,112.3,,SA,225.5,PG,50.0,8700,1.0,POR,5.75
2019-11-18,37.0,34.5,4.3,61.3,39.4,16,39,18,47.9,40,4,47.9,29.3,75.0,106,-12%,108,Damian Lillard,PG,47.2,38.0,5.5,1.0,20,50.3,39,8600,112.0,,HOU,231.5,PG,50.5,8600,7.5,POR,5.87
2019-11-19,0.0,0.0,0.0,60.5,38.3,17,37,15,40.3,39,13,40.3,29.3,51.3,109,14%,108,Damian Lillard,PG,0.0,0.0,0.0,0.0,20,49.4,38,9200,115.3,O,NO,229.5,PG,0.0,9200,-1.0,POR,0.0
2019-11-21,0.0,0.0,0.0,60.5,38.3,17,37,15,40.3,39,30,40.3,29.3,51.3,99,3%,109,Damian Lillard,PG,0.0,0.0,0.0,1.0,20,49.4,38,8800,107.0,O,MIL,228.0,PG,0.0,8800,14.0,POR,0.0
2019-11-23,47.0,36.5,5.3,60.5,38.3,17,37,15,40.3,39,10,40.3,29.3,51.3,108,1%,102,Damian Lillard,PG,48.0,36.0,5.4,1.0,20,49.4,38,8900,116.5,Q,CLE,227.0,PG,48.3,8900,-6.0,POR,5.42
2019-11-25,39.0,27.3,4.4,60.0,38.5,18,36,15,39.5,37,6,39.5,29.3,47.0,105,-11%,105,Damian Lillard,PG,45.2,37.0,5.1,1.0,20,49.2,38,8900,113.5,,CHI,226.0,PG,47.0,8900,-1.0,POR,5.28
2019-11-27,44.8,29.6,5.2,60.0,38.5,18,36,15,39.5,37,10,38.5,29.3,47.0,104,-2%,102,Damian Lillard,PG,46.0,36.5,5.3,1.0,20,49.2,38,8600,110.8,,OKC,219.0,PG,44.3,8600,-2.5,POR,5.15
2019-11-29,39.0,36.7,4.5,59.4,38.5,18,33,16,39.6,36,12,41.6,37.0,47.0,106,-11%,105,Damian Lillard,PG,45.3,36.5,5.2,1.0,20,48.9,38,8700,117.0,,CHI,227.5,PG,45.3,8700,-6.5,POR,5.2
2019-12-03,31.0,29.9,3.7,58.7,38.0,17,33,17,41.5,36,17,41.4,37.0,47.0,103,5%,105,Damian Lillard,PG,45.3,36.5,5.4,3.0,20,48.4,38,8400,111.3,,LAC,231.5,PG,46.0,8400,9.0,POR,5.48
2019-12-04,51.5,37.5,6.4,58.3,36.5,17,33,17,39.8,33,18,40.2,31.0,47.0,107,-6%,100,Damian Lillard,PG,42.5,35.5,5.2,0.0,19,47.4,37,8100,110.5,,SAC,216.5,PG,43.3,8100,-4.5,POR,5.34
2019-12-06,48.8,40.7,5.7,58.2,37.0,14,34,16,42.6,34,15,41.1,31.0,51.5,100,-2%,103,Damian Lillard,PG,45.3,36.5,5.3,1.0,19,47.6,37,8500,110.5,,LAL,225.5,PG,43.3,8500,4.5,POR,5.09
2019-12-08,41.8,38.6,4.9,58.0,37.3,15,39,16,43.0,35,7,43.0,31.0,51.5,107,0%,101,Damian Lillard,PG,46.6,36.5,5.5,1.0,19,47.7,37,8500,113.5,,OKC,223.5,PG,47.0,8500,-3.5,POR,5.53
2019-12-10,45.0,29.0,5.1,57.5,37.2,21,40,17,42.4,37,11,42.4,31.0,51.5,111,3%,100,Damian Lillard,PG,46.3,36.5,5.3,1.0,19,47.4,37,8800,116.0,,NY,223.0,PG,47.8,8800,-9.0,POR,5.43
2019-12-12,35.5,37.5,4.2,57.2,37.4,20,34,17,43.6,35,7,43.6,31.0,51.5,100,-10%,100,Damian Lillard,PG,41.3,36.5,4.9,1.0,19,47.3,37,8500,104.8,,DEN,216.5,PG,44.0,8500,7.0,POR,5.18
2019-12-16,35.3,36.8,4.2,56.8,36.8,16,33,17,44.5,37,30,44.5,35.5,51.5,107,5%,105,Damian Lillard,PG,45.6,36.5,5.4,3.0,19,46.8,37,8400,113.8,,PHO,225.5,PG,48.8,8400,-2.0,POR,5.8
2019-12-18,61.8,37.3,6.9,56.3,36.2,19,37,19,41.3,37,16,41.3,35.3,48.8,110,5%,102,Damian Lillard,PG,45.1,36.5,5.0,1.0,19,46.3,37,9000,115.5,,GS,222.0,PG,46.3,9000,-9.0,POR,5.14
2019-12-20,51.8,36.4,5.9,57.2,36.6,21,37,19,43.9,36,27,43.9,35.3,61.8,105,-3%,100,Damian Lillard,PG,44.0,36.5,5.0,1.0,19,46.9,37,8800,110.5,,ORL,217.5,PG,44.8,8800,-3.5,POR,5.09
2019-12-21,47.3,38.0,5.3,57.5,36.8,21,37,20,45.2,37,9,45.9,35.3,61.8,110,7%,106,Damian Lillard,PG,48.8,37.0,5.5,0.0,19,47.2,37,8900,117.0,,MIN,228.0,PG,48.5,8900,-6.0,POR,5.45
2019-12-23,34.8,36.9,4.2,57.3,37.0,23,37,21,46.3,37,11,46.3,35.3,61.8,111,12%,106,Damian Lillard,PG,49.7,37.0,6.0,1.0,19,47.2,37,8300,117.8,,NO,230.0,PG,51.3,8300,-5.5,POR,6.17
2019-12-26,54.0,37.5,6.4,56.9,36.5,23,38,22,46.1,37,15,46.2,34.8,61.8,104,-2%,102,Damian Lillard,PG,43.2,37.0,5.1,2.0,19,46.7,37,8500,107.8,,UTA,220.5,PG,43.0,8500,5.0,POR,5.06
2019-12-28,51.5,39.3,5.9,57.1,36.8,21,37,22,49.9,37,11,49.9,34.8,61.8,102,-3%,103,Damian Lillard,PG,44.8,37.0,5.1,1.0,20,47.0,37,8700,108.8,,LAL,223.0,PG,45.0,8700,5.5,POR,5.17
2019-12-30,53.3,38.1,6.3,57.1,37.1,19,38,21,47.9,38,30,47.9,34.8,54.0,108,5%,105,Damian Lillard,PG,49.3,37.5,5.8,1.0,19,47.1,37,8500,117.5,,PHO,231.0,PG,48.8,8500,-4.0,POR,5.74
2020-01-01,38.5,35.4,4.2,57.5,37.4,19,39,21,48.1,38,6,48.2,34.8,54.0,110,3%,101,Damian Lillard,PG,47.8,37.5,5.2,1.0,20,47.4,38,9200,114.8,,NY,225.5,PG,45.8,9200,-4.0,POR,4.97
2020-01-03,45.8,34.3,4.7,57.1,37.1,20,37,20,46.4,37,14,46.4,34.8,54.0,114,9%,106,Damian Lillard,PG,49.8,37.5,5.1,1.0,20,47.1,38,9700,121.0,,WAS,235.5,PG,51.3,9700,-6.5,POR,5.28
2020-01-05,62.3,41.6,7.1,56.9,37.2,20,35,20,48.6,37,10,48.6,38.5,54.0,104,-10%,101,Damian Lillard,PG,46.2,38.5,5.3,1.0,20,47.1,38,8800,107.0,,MIA,219.5,PG,46.0,8800,5.5,POR,5.23
2020-01-07,42.5,37.0,4.6,57.6,37.5,21,38,20,50.3,38,8,50.3,38.5,62.3,101,-2%,103,Damian Lillard,PG,46.5,37.5,5.1,1.0,20,47.6,38,9200,108.8,,TOR,220.0,PG,45.8,9200,2.5,POR,4.97
2020-01-09,38.5,29.6,4.3,57.5,38.3,17,39,19,48.5,37,2,48.5,38.5,62.3,107,3%,105,Damian Lillard,PG,46.4,37.0,5.2,1.0,20,47.9,38,8900,113.0,,MIN,224.5,PG,48.0,8900,-1.5,POR,5.39
2020-01-11,37.3,35.0,4.3,56.8,37.3,14,33,18,45.5,36,15,45.5,38.5,62.3,100,1%,107,Damian Lillard,PG,48.6,37.0,5.6,1.0,19,47.1,37,8700,111.5,,MIL,230.0,PG,48.0,8700,7.0,POR,5.52
2020-01-13,47.8,35.6,5.4,56.5,37.1,19,32,18,45.3,36,15,45.3,37.3,62.3,111,-5%,99,Damian Lillard,PG,45.7,37.0,5.2,1.0,19,46.8,37,8800,112.5,,CHA,215.5,PG,47.0,8800,-9.5,POR,5.34
2020-01-15,48.3,37.8,5.4,56.4,37.2,18,35,17,45.6,36,27,45.7,37.3,62.3,106,2%,106,Damian Lillard,PG,45.5,36.0,5.1,1.0,19,46.8,37,9000,113.8,,HOU,236.5,PG,47.5,9000,9.0,POR,5.28
2020-01-17,55.3,39.8,6.5,56.6,37.6,18,37,18,47.6,37,15,42.9,37.3,48.3,108,-7%,101,Damian Lillard,PG,44.4,37.0,5.2,1.0,19,47.1,37,8500,109.3,,DAL,227.5,PG,44.3,8500,9.0,POR,5.21
2020-01-18,45.5,35.9,5.5,57.0,37.8,23,39,18,46.2,37,16,45.4,37.3,55.3,106,0%,101,Damian Lillard,PG,48.2,38.5,5.9,0.0,20,47.4,38,8200,104.0,,OKC,215.0,PG,49.5,8200,7.0,POR,6.04
2020-01-23,70.0,41.7,7.1,60.1,36.3,30,41,24,58.4,39,7,57.8,45.5,92.0,108,-7%,101,Damian Lillard,PG,52.9,38.5,5.3,2.0,20,48.2,37,9900,110.8,,DAL,227.0,PG,50.3,9900,5.5,POR,5.08
2020-01-26,84.0,38.5,8.1,61.5,36.7,33,43,27,62.8,40,16,62.2,45.5,92.0,105,-2%,101,Damian Lillard,PG,48.8,36.5,4.7,2.0,20,49.1,38,10400,111.5,,IND,220.0,PG,48.8,10400,-3.0,POR,4.69
