game_date,Actual FP,Actual Min,Actual Val,Ceil FP,Floor FP,L2 FGA,L2 Min,L5 FGA,L5 FP,L5 Min,L5_dvp_rank,L5_ppg_avg,L5_ppg_floor,L5_ppg_max,Opp DEff,Opp DvP,Opp Pace,Player Name,Pos,Proj FP,Proj Min,Proj Val,Rest,S FGA,S FP,S Min,Salary,implied_team_score,injury_status,opp,over_under,position,ppg_projection,salary,spread,team,value_projection
2019-10-24,29.8,20.1,9.3,0.0,0.0,0,0,0,0.0,0,22,14.9,1.5,28.8,108,-5%,100,Ersan Ilyasova,PF/C,13.2,16.0,4.1,,0,0.0,0,3200,114.3,,HOU,230.0,PF,12.3,3200,1.5,MIL,3.83
2019-10-28,14.5,19.4,4.5,31.4,20.1,8,20,8,25.8,20,10,18.5,1.5,29.8,115,4%,99,Ersan Ilyasova,PF/C,16.1,18.5,5.0,1.0,8,25.8,20,3200,119.8,,CLE,224.5,PF,14.5,3200,-15.0,MIL,4.53
2019-10-30,15.3,15.3,4.5,29.6,14.4,7,20,7,22.0,20,24,18.1,1.5,29.8,105,-1%,102,Ersan Ilyasova,PF/C,15.3,18.0,4.5,1.0,7,22.0,20,3400,113.5,,BOS,224.0,PF,15.8,3400,-3.0,MIL,4.63
2019-11-01,21.3,16.9,6.5,27.4,13.2,5,17,6,20.3,19,28,20.9,14.5,29.8,106,-6%,100,Ersan Ilyasova,PF/C,14.6,18.0,4.4,1.0,6,20.3,19,3300,109.5,,ORL,215.0,PF,15.8,3300,-4.0,MIL,4.77
2019-11-02,19.5,21.5,5.7,26.6,14.4,6,16,6,20.5,18,2,20.5,14.5,29.8,104,-4%,103,Ersan Ilyasova,PF/C,15.1,17.5,4.4,0.0,6,20.5,18,3400,116.8,,TOR,227.0,PF,16.3,3400,-6.5,MIL,4.78
2019-11-04,14.0,15.9,4.2,25.8,14.8,6,19,6,18.4,19,15,18.5,14.5,21.8,110,1%,103,Ersan Ilyasova,PF/C,16.1,19.0,4.9,1.0,6,20.3,19,3300,119.3,,MIN,230.5,PF,16.0,3300,-8.0,MIL,4.85
2019-11-06,10.3,13.9,3.1,25.0,13.9,6,19,5,16.9,18,7,16.9,14.0,21.3,104,-11%,103,Ersan Ilyasova,PF/C,15.0,17.5,4.5,1.0,6,19.4,19,3300,117.3,,LAC,228.0,PF,14.8,3300,-6.5,MIL,4.47
2019-11-08,1.5,8.3,0.5,24.4,12.2,5,15,5,16.1,17,4,16.1,10.3,21.3,96,-9%,101,Ersan Ilyasova,PF/C,13.0,16.0,3.9,1.0,6,18.3,18,3300,110.0,,UTA,217.5,PF,12.5,3300,-2.5,MIL,3.79
2019-11-10,9.0,16.4,2.8,24.4,8.4,3,11,5,13.3,15,13,13.3,1.5,21.3,100,-18%,103,Ersan Ilyasova,PF/C,12.2,14.5,3.8,1.0,5,16.4,17,3200,114.3,,OKC,220.0,PF,12.8,3200,-8.5,MIL,3.98
2019-11-14,5.8,9.8,1.8,23.6,7.8,3,12,4,10.8,15,26,10.9,1.5,19.5,105,10%,105,Ersan Ilyasova,PF/C,14.9,16.0,4.7,3.0,5,15.7,17,3200,120.5,,CHI,229.5,PF,14.0,3200,-11.5,MIL,4.38
2019-11-16,8.8,13.2,2.8,22.8,6.7,2,13,3,8.1,13,3,8.1,1.5,14.0,101,-13%,102,Ersan Ilyasova,PF/C,12.2,14.0,3.8,1.0,5,14.8,16,3200,115.0,,IND,222.5,PF,9.0,3200,-7.5,MIL,2.81
2019-11-18,16.0,15.3,5.2,22.1,6.4,3,12,3,7.0,12,12,7.1,1.5,10.3,105,13%,106,Ersan Ilyasova,PF/C,12.8,14.0,4.1,1.0,5,14.3,16,3100,119.5,,CHI,230.5,PF,13.0,3100,-8.5,MIL,4.19
2019-11-21,13.5,15.0,3.8,22.0,6.8,6,14,4,8.2,13,30,8.2,1.5,16.0,108,-6%,106,Ersan Ilyasova,PF/C,10.6,11.5,2.9,0.0,5,14.4,16,3600,121.0,,POR,228.0,PF,8.8,3600,-14.0,MIL,2.43
2019-11-23,0.0,0.0,0.0,21.6,7.1,6,15,4,10.6,14,19,10.6,5.8,16.0,109,5%,102,Ersan Ilyasova,PF/C,0.0,0.0,0.0,1.0,5,14.3,16,3600,119.3,O,DET,225.5,PF,0.0,3600,-13.0,MIL,0.0
2019-11-25,17.8,15.9,5.2,21.6,7.1,6,15,4,10.6,14,4,10.6,5.8,16.0,99,-9%,103,Ersan Ilyasova,PF/C,12.4,14.5,3.6,1.0,5,14.3,16,3400,118.0,Q,UTA,227.0,PF,12.0,3400,-9.0,MIL,3.53
2019-11-27,29.5,19.3,8.7,21.8,9.2,4,15,4,12.3,14,13,12.4,5.8,17.8,112,1%,106,Ersan Ilyasova,PF/C,13.7,15.0,4.0,1.0,5,15.5,16,3400,127.0,,ATL,239.5,PF,12.8,3400,-14.5,MIL,3.75
2019-11-29,10.5,18.9,3.1,23.5,9.4,6,18,5,17.1,16,19,17.1,8.8,29.5,110,-4%,102,Ersan Ilyasova,PF/C,14.0,15.5,4.1,1.0,5,16.4,17,3400,120.5,,CLE,229.5,PF,15.8,3400,-11.5,MIL,4.63
2019-11-30,17.3,15.6,4.7,23.0,9.1,7,19,6,17.4,17,26,17.5,10.5,29.5,110,17%,102,Ersan Ilyasova,PF/C,19.4,21.0,5.2,0.0,5,16.1,17,3700,120.0,,CHA,226.0,PF,18.8,3700,-14.0,MIL,5.07
2019-12-02,12.8,14.3,3.2,22.9,9.4,5,17,5,17.7,17,8,17.7,10.5,29.5,109,-1%,100,Ersan Ilyasova,PF/C,15.3,17.0,3.8,1.0,5,16.1,17,4000,119.8,,NY,222.5,PF,14.0,4000,-17.0,MIL,3.5
2019-12-04,20.5,15.7,5.5,22.6,9.3,3,15,5,17.6,17,5,17.6,10.5,29.5,108,6%,101,Ersan Ilyasova,PF/C,12.3,15.0,3.3,1.0,5,15.9,17,3700,116.3,,DET,224.0,PF,12.5,3700,-8.5,MIL,3.38
2019-12-06,20.0,9.9,5.6,22.7,9.7,7,15,6,18.1,17,25,18.1,10.5,29.5,103,-10%,105,Ersan Ilyasova,PF/C,13.5,15.0,3.8,1.0,5,16.2,17,3600,118.8,,LAC,233.0,PF,12.3,3600,-4.5,MIL,3.4
2019-12-09,21.5,16.2,5.8,22.8,10.0,11,13,7,16.2,15,16,16.2,10.5,20.5,103,-4%,100,Ersan Ilyasova,PF/C,12.7,14.0,3.4,2.0,6,16.4,16,3700,115.0,,ORL,217.5,PF,13.3,3700,-12.5,MIL,3.58
2019-12-11,36.8,26.9,10.8,22.9,10.3,8,13,6,18.4,14,11,18.4,12.8,21.5,111,1%,106,Ersan Ilyasova,PF/C,26.2,25.0,7.7,1.0,6,16.6,16,3400,120.8,,NO,232.0,PF,23.3,3400,-9.5,MIL,6.84
2019-12-14,17.8,17.2,3.6,24.9,8.8,8,22,8,22.3,17,25,22.3,12.8,36.8,112,2%,101,Ersan Ilyasova,PF/C,13.4,14.0,2.7,0.0,6,16.8,16,4900,118.5,,CLE,223.0,PF,13.5,4900,-14.0,MIL,2.76
2019-12-16,21.0,17.3,4.8,24.9,10.2,8,22,8,23.3,17,19,23.3,17.8,36.8,106,0%,102,Ersan Ilyasova,PF/C,14.7,15.5,3.3,1.0,6,17.5,17,4400,118.5,,DAL,227.0,PF,14.3,4400,-10.0,MIL,3.24
2019-12-19,12.3,16.6,3.4,24.9,10.5,8,17,8,23.4,18,3,23.4,17.8,36.8,101,-8%,103,Ersan Ilyasova,PF/C,15.0,17.0,4.2,2.0,6,17.7,17,3600,115.3,,LAL,227.0,PF,15.0,3600,-3.5,MIL,4.17
2019-12-21,16.5,19.3,5.0,24.6,10.3,7,17,7,21.9,19,23,21.9,12.3,36.8,111,7%,100,Ersan Ilyasova,PF/C,20.9,22.0,6.3,1.0,6,17.5,17,3300,119.8,,NY,227.0,PF,18.3,3300,-12.5,MIL,5.53
2019-12-22,11.5,15.0,3.0,24.4,10.4,3,18,6,20.9,20,26,20.9,12.3,36.8,102,-7%,102,Ersan Ilyasova,PF/C,14.3,16.0,3.8,0.0,6,17.4,17,3800,113.5,,IND,219.5,PF,13.3,3800,-7.5,MIL,3.49
2019-12-25,13.3,15.1,3.9,24.2,10.2,6,17,6,15.8,17,11,15.8,11.5,21.0,103,-11%,102,Ersan Ilyasova,PF/C,14.4,16.5,4.2,2.0,6,17.2,17,3400,112.3,,PHI,221.0,PF,16.0,3400,-3.5,MIL,4.71
2019-12-27,42.8,24.4,13.0,23.9,10.2,6,15,6,14.9,17,15,14.9,11.5,21.0,111,6%,106,Ersan Ilyasova,PF/C,28.4,27.0,8.6,1.0,6,17.1,17,3300,121.3,,ATL,234.5,PF,25.3,3300,-8.0,MIL,7.65
2019-12-28,47.0,26.6,10.9,26.2,9.7,7,20,5,19.3,18,8,19.3,11.5,42.8,105,0%,100,Ersan Ilyasova,PF/C,27.8,26.0,6.5,0.0,6,18.0,17,4300,111.3,,ORL,216.5,PF,24.5,4300,-6.0,MIL,5.7
2019-12-30,32.3,19.2,5.8,28.6,9.2,9,26,7,26.2,20,28,26.2,11.5,47.0,103,9%,103,Ersan Ilyasova,PF/C,16.2,16.5,2.9,1.0,6,18.9,17,5600,114.0,,CHI,219.5,PF,15.8,5600,-8.5,MIL,2.81
2020-01-01,19.8,16.9,4.0,29.2,9.5,9,23,8,29.4,20,24,29.4,11.5,47.0,108,-3%,105,Ersan Ilyasova,PF/C,17.8,18.0,3.6,1.0,6,19.4,17,5000,119.3,,MIN,220.5,PF,16.8,5000,-18.0,MIL,3.35
2020-01-04,21.8,20.9,4.7,29.0,9.7,7,18,7,31.0,20,27,31.0,13.3,47.0,109,-1%,103,Ersan Ilyasova,PF/C,17.1,16.5,3.7,2.0,6,19.4,17,4600,120.3,,SA,228.5,PF,17.0,4600,-12.0,MIL,3.7
2020-01-06,3.5,15.3,0.8,29.0,9.9,7,19,8,32.7,22,23,32.7,19.8,47.0,110,1%,103,Ersan Ilyasova,PF/C,17.3,17.0,3.8,1.0,6,19.4,17,4500,118.5,,SA,228.5,PF,18.3,4500,-8.5,MIL,4.06
2020-01-08,3.8,12.8,1.0,28.7,9.2,5,18,7,24.9,20,24,24.9,3.5,47.0,109,-1%,103,Ersan Ilyasova,PF/C,15.5,16.5,4.1,1.0,6,19.0,17,3800,115.5,,GS,217.5,PF,15.5,3800,-13.5,MIL,4.08
2020-01-11,9.3,11.8,2.3,28.5,8.6,3,14,5,16.2,17,25,16.2,3.5,32.3,109,0%,104,Ersan Ilyasova,PF/C,14.9,15.0,3.7,0.0,6,18.5,17,4000,118.5,Q,POR,230.0,PF,14.5,4000,-7.0,MIL,3.63
2020-01-14,28.3,16.3,7.9,28.2,8.3,4,12,5,11.6,16,2,11.6,3.5,21.8,111,9%,101,Ersan Ilyasova,PF/C,14.0,14.0,3.9,2.0,6,18.3,17,3600,122.8,,NY,229.0,PF,14.5,3600,-16.5,MIL,4.03
2020-01-16,19.3,15.8,4.9,28.5,8.6,8,14,5,13.3,15,25,13.3,3.5,28.3,103,-2%,102,Ersan Ilyasova,PF/C,13.3,13.5,3.4,1.0,6,18.5,17,3900,119.5,,BOS,228.0,PF,13.5,3900,-11.0,MIL,3.46
2020-01-20,14.0,17.1,4.4,28.1,8.4,4,13,5,13.6,14,26,13.8,3.8,28.3,105,10%,102,Ersan Ilyasova,PF/C,15.2,14.5,4.8,1.0,6,18.3,17,3200,120.3,,CHI,225.5,PF,16.0,3200,-15.0,MIL,5.0
2020-01-28,22.3,20.7,6.8,27.7,8.2,4,17,5,15.4,15,10,15.7,8.3,28.3,114,4%,105,Ersan Ilyasova,PF,29.4,26.0,8.9,3.0,6,17.9,17,3300,126.3,,WAS,241.0,PF,27.8,3300,-11.5,MIL,8.41
2020-01-31,4.8,7.5,1.3,27.7,8.4,6,18,4,14.2,16,13,14.5,8.3,22.3,106,-3%,100,Ersan Ilyasova,PF,15.6,16.5,4.1,2.0,6,18.0,17,3800,119.8,,DEN,226.5,PF,14.3,3800,-13.0,MIL,3.75
2020-02-02,13.5,14.3,2.7,27.5,7.8,6,18,4,14.2,16,10,11.6,4.8,22.3,108,-2%,104,Ersan Ilyasova,PF/C,14.5,15.5,2.9,1.0,6,17.6,17,5000,,,PHO,,PF,15.0,5000,,MIL,3.0
2020-02-04,4.8,5.6,1.2,27.3,7.8,8,18,5,13.1,16,14,12.6,4.8,22.3,110,6%,106,Ersan Ilyasova,PF/C,15.0,15.5,3.8,1.0,6,17.6,17,3900,126.3,,NO,246.0,PF,14.5,3900,-6.5,MIL,3.72
