game_date,Actual FP,Actual Min,Actual Val,Ceil FP,Floor FP,L2 FGA,L2 Min,L5 FGA,L5 FP,L5 Min,L5_dvp_rank,L5_ppg_avg,L5_ppg_floor,L5_ppg_max,Opp DEff,Opp DvP,Opp Pace,Player Name,Pos,Proj FP,Proj Min,Proj Val,Rest,S FGA,S FP,S Min,Salary,implied_team_score,injury_status,opp,over_under,position,ppg_projection,salary,spread,team,value_projection
2019-10-25,12.8,18.0,3.8,16.3,16.3,8,23,8,16.3,23,7,5.1,0.0,16.3,111,-4%,104,Hamidou Diallo,SG/SF,15.8,20.5,4.6,1.0,8,16.3,23,3400,113.3,,WAS,218.0,SG,14.8,3400,-8.5,OKC,4.34
2019-10-28,20.0,17.8,5.9,16.0,10.9,6,15,7,13.4,18,29,8.6,0.0,16.3,108,-1%,100,Hamidou Diallo,SG/SF,13.9,18.5,4.1,0.0,7,13.4,18,3400,108.5,,HOU,227.0,SG,15.3,3400,10.0,OKC,4.49
2019-10-30,31.5,19.9,10.2,19.0,11.2,8,15,8,15.1,18,23,12.6,2.5,20.0,108,-8%,102,Hamidou Diallo,SG/SF,13.6,17.5,4.4,1.0,8,15.1,18,3100,109.3,,POR,220.0,SG,14.0,3100,1.5,OKC,4.52
2019-11-05,23.0,22.1,6.6,26.7,11.7,12,25,9,19.8,20,10,19.8,11.3,31.5,98,-19%,100,Hamidou Diallo,SG/SF,15.1,19.5,4.3,2.0,9,19.2,20,3500,102.0,,ORL,201.5,SG,14.5,3500,-2.5,OKC,4.14
2019-11-07,20.5,31.8,5.1,26.7,12.7,10,26,9,21.8,20,5,21.8,11.3,31.5,103,-1%,106,Hamidou Diallo,SG/SF,17.1,22.0,4.3,1.0,8,19.7,20,4000,103.5,,SA,212.5,SG,18.5,4000,5.5,OKC,4.63
2019-11-09,18.3,23.2,4.5,26.3,13.3,7,27,10,23.6,24,20,23.7,20.0,31.5,116,19%,105,Hamidou Diallo,SG/SF,21.4,26.0,5.2,1.0,9,19.8,22,4100,114.0,,GS,216.5,SG,20.5,4100,-11.5,OKC,5.0
2019-11-10,15.5,21.6,3.7,25.7,13.5,8,28,9,23.3,25,8,23.3,18.3,31.5,100,6%,109,Hamidou Diallo,SG/SF,20.2,24.5,4.8,0.0,8,19.6,22,4200,105.8,,MIL,220.0,SG,18.8,4200,8.5,OKC,4.46
2019-11-12,8.8,22.0,2.1,25.1,13.3,6,22,8,20.1,26,27,20.1,15.5,23.3,103,9%,102,Hamidou Diallo,SG/SF,20.4,27.5,5.0,1.0,8,19.2,22,4100,105.8,,IND,213.0,SG,16.8,4100,1.5,OKC,4.09
2019-11-22,16.0,14.6,5.2,24.7,11.9,5,22,6,17.2,24,4,17.2,8.8,23.0,98,1%,103,Hamidou Diallo,SG/SF,15.2,21.0,4.9,2.0,8,18.3,22,3100,102.3,O,LAL,209.0,SG,0.0,3100,4.5,OKC,0.0
2019-11-25,0.0,0.0,0.0,24.2,11.9,6,18,7,15.8,23,18,15.8,8.8,20.5,113,9%,104,Hamidou Diallo,SG/SF,0.0,0.0,0.0,2.0,8,18.1,21,3400,109.3,O,GS,212.5,SG,0.0,3400,-6.0,OKC,0.0
2019-11-27,0.0,0.0,0.0,24.2,11.9,6,18,7,15.8,23,14,15.8,8.8,20.5,108,-2%,106,Hamidou Diallo,SG/SF,0.0,0.0,0.0,1.0,8,18.1,21,3500,108.3,O,POR,219.0,SG,0.0,3500,2.5,OKC,0.0
2019-11-29,0.0,0.0,0.0,24.2,11.9,6,18,7,15.8,23,5,15.8,8.8,20.5,111,6%,107,Hamidou Diallo,SG/SF,0.0,0.0,0.0,1.0,8,18.1,21,3500,117.0,O,NO,229.5,SG,0.0,3500,-4.5,OKC,0.0
2019-12-04,0.0,0.0,0.0,24.2,11.9,6,18,7,15.8,23,3,15.8,8.8,20.5,102,2%,102,Hamidou Diallo,SG/SF,0.0,0.0,0.0,2.0,8,18.1,21,3500,103.5,O,IND,208.0,SG,0.0,3500,1.0,OKC,0.0
2019-12-06,0.0,0.0,0.0,24.2,11.9,6,18,7,15.8,23,4,15.8,8.8,20.5,106,5%,107,Hamidou Diallo,SG/SF,0.0,0.0,0.0,1.0,8,18.1,21,3500,110.3,O,MIN,217.0,SG,0.0,3500,-3.5,OKC,0.0
2019-12-08,0.0,0.0,0.0,24.2,11.9,6,18,7,15.8,23,12,15.8,8.8,20.5,109,0%,105,Hamidou Diallo,SG/SF,0.0,0.0,0.0,1.0,8,18.1,21,3500,110.0,O,POR,223.5,SG,0.0,3500,3.5,OKC,0.0
2019-12-09,0.0,0.0,0.0,24.2,11.9,6,18,7,15.8,23,8,15.8,8.8,20.5,103,-14%,103,Hamidou Diallo,SG/SF,0.0,0.0,0.0,0.0,8,18.1,21,3600,98.8,O,UTA,206.0,SG,0.0,3600,8.5,OKC,0.0
2019-12-11,0.0,0.0,0.0,24.2,11.9,6,18,7,15.8,23,14,15.8,8.8,20.5,109,4%,100,Hamidou Diallo,SG/SF,0.0,0.0,0.0,1.0,8,18.1,21,3600,103.0,O,SAC,207.5,SG,0.0,3600,1.5,OKC,0.0
2019-12-14,0.0,0.0,0.0,24.2,11.9,6,18,7,15.8,23,8,15.8,8.8,20.5,101,-5%,100,Hamidou Diallo,SG/SF,0.0,0.0,0.0,2.0,8,18.1,21,3500,99.0,O,DEN,204.0,SG,0.0,3500,6.0,OKC,0.0
2019-12-16,0.0,0.0,0.0,24.2,11.9,6,18,7,15.8,23,23,15.8,8.8,20.5,104,-2%,104,Hamidou Diallo,SG/SF,0.0,0.0,0.0,1.0,8,18.1,21,3600,106.5,O,CHI,208.0,SG,0.0,3600,-5.0,OKC,0.0
2019-12-18,0.0,0.0,0.0,24.2,11.9,6,18,7,15.8,23,26,15.8,8.8,20.5,109,8%,106,Hamidou Diallo,SG/SF,0.0,0.0,0.0,1.0,8,18.1,21,3700,112.8,O,MEM,219.0,SG,0.0,3700,-6.5,OKC,0.0
2019-12-20,0.0,0.0,0.0,24.2,11.9,6,18,7,15.8,23,24,15.8,8.8,20.5,107,2%,105,Hamidou Diallo,SG/SF,0.0,0.0,0.0,1.0,8,18.1,21,3800,113.5,O,PHO,224.5,SG,0.0,3800,-2.5,OKC,0.0
2019-12-22,0.0,0.0,0.0,24.2,11.9,6,18,7,15.8,23,7,15.8,8.8,20.5,103,-3%,106,Hamidou Diallo,SG/SF,0.0,0.0,0.0,1.0,8,18.1,21,3700,110.5,O,LAC,222.5,SG,0.0,3700,1.5,OKC,0.0
2019-12-26,0.0,0.0,0.0,24.2,11.9,6,18,7,15.8,23,24,15.8,8.8,20.5,110,7%,106,Hamidou Diallo,SG/SF,0.0,0.0,0.0,3.0,8,18.1,21,3800,115.3,O,MEM,224.5,SG,0.0,3800,-6.0,OKC,0.0
2019-12-27,0.0,0.0,0.0,24.2,11.9,6,18,7,15.8,23,19,15.8,8.8,20.5,110,-4%,100,Hamidou Diallo,SG/SF,0.0,0.0,0.0,0.0,8,18.1,21,3800,104.5,O,CHA,208.0,SG,0.0,3800,-1.0,OKC,0.0
2019-12-31,7.3,19.3,2.0,24.2,11.9,6,18,7,15.8,23,18,15.8,8.8,20.5,106,-4%,102,Hamidou Diallo,SG/SF,13.6,18.0,3.7,1.0,8,18.1,21,3700,,Q,DAL,,SG,13.0,3700,,OKC,3.51
2020-01-02,8.8,16.8,2.6,23.9,10.6,6,17,6,13.2,20,11,13.2,7.3,18.3,109,1%,103,Hamidou Diallo,SG/SF,14.0,18.5,4.1,1.0,7,17.3,21,3400,107.3,,SA,217.0,SG,15.5,3400,2.5,OKC,4.56
2020-01-04,18.5,18.9,5.8,23.4,9.9,6,18,6,11.3,19,5,11.3,7.3,16.0,113,11%,101,Hamidou Diallo,SG/SF,13.4,17.0,4.2,1.0,7,16.6,21,3200,110.0,,CLE,213.0,SG,14.0,3200,-7.0,OKC,4.38
2020-01-06,9.8,17.3,3.2,23.3,10.2,7,18,6,11.8,18,30,11.9,7.3,18.5,103,-4%,102,Hamidou Diallo,SG/SF,11.3,17.0,3.6,1.0,7,16.8,21,3100,102.3,,PHI,212.0,SG,12.0,3100,7.5,OKC,3.87
2020-01-07,11.5,14.4,3.4,22.9,9.8,7,18,7,12.1,17,1,12.1,7.3,18.5,106,2%,105,Hamidou Diallo,SG/SF,14.4,19.5,4.2,0.0,7,16.3,21,3400,106.8,,BKN,215.0,SG,15.3,3400,1.5,OKC,4.49
2020-01-09,10.8,23.8,3.4,22.5,9.6,6,16,6,11.2,17,12,11.2,7.3,18.5,107,7%,106,Hamidou Diallo,SG/SF,12.1,16.0,3.8,1.0,7,16.0,20,3200,112.0,,HOU,227.5,SG,14.5,3200,3.5,OKC,4.53
2020-01-11,3.3,14.5,1.1,22.1,9.4,6,19,6,11.8,18,5,11.9,8.8,18.5,102,-1%,103,Hamidou Diallo,SG/SF,12.2,16.5,4.1,1.0,7,15.8,20,3000,110.5,,LAL,213.5,SG,13.8,3000,-7.5,OKC,4.58
2020-01-13,4.3,12.2,1.4,21.9,8.3,6,19,6,10.8,18,9,10.8,3.3,18.5,107,2%,106,Hamidou Diallo,SG/SF,12.6,17.5,4.2,1.0,7,15.1,20,3000,109.8,,MIN,218.0,SG,13.5,3000,-1.5,OKC,4.5
2020-01-15,3.5,6.2,1.2,21.6,7.5,5,13,6,7.9,16,23,7.9,3.3,11.5,101,-1%,102,Hamidou Diallo,SG/SF,11.5,16.5,3.8,1.0,7,14.6,20,3000,107.3,,TOR,213.5,SG,11.3,3000,-1.0,OKC,3.75
2020-01-17,20.5,23.2,6.8,21.6,7.5,5,13,6,7.9,16,22,6.7,3.3,11.5,106,-3%,101,Hamidou Diallo,SG/SF,9.1,13.5,3.0,1.0,7,14.6,20,3000,108.8,,MIA,216.0,SG,8.0,3000,-1.5,OKC,2.67
2020-01-18,5.8,32.9,1.9,21.8,7.8,8,18,6,10.1,18,28,8.5,3.3,20.5,109,-3%,104,Hamidou Diallo,SG/SF,17.5,25.0,5.8,0.0,7,14.8,20,3000,111.0,,POR,215.0,SG,18.8,3000,-7.0,OKC,6.25
2020-01-20,11.3,13.4,3.1,21.5,7.3,9,28,7,8.9,21,14,7.5,3.3,20.5,107,8%,106,Hamidou Diallo,SG/SF,14.4,21.0,4.0,1.0,7,14.4,20,3600,111.5,,HOU,230.5,SG,20.8,3600,7.5,OKC,5.76
2020-01-22,8.8,18.0,2.6,21.3,7.3,6,23,6,9.0,19,17,9.1,3.5,20.5,104,0%,100,Hamidou Diallo,SG/SF,10.3,16.0,3.0,1.0,7,14.3,20,3400,104.0,,ORL,209.5,SG,10.0,3400,1.5,OKC,2.94
2020-01-24,25.3,28.2,7.9,21.0,7.1,5,16,6,10.1,20,24,10.0,3.5,20.5,110,4%,106,Hamidou Diallo,SG/SF,13.1,17.5,4.1,1.0,7,14.1,20,3200,119.5,,ATL,231.0,SG,13.0,3200,-8.0,OKC,4.06
2020-01-25,25.5,22.2,8.2,21.6,7.4,5,23,6,14.3,23,9,14.3,5.8,25.3,108,2%,105,Hamidou Diallo,SG/SF,16.7,22.5,5.4,0.0,7,14.5,20,3100,112.0,,MIN,225.0,SG,16.3,3100,1.0,OKC,5.24
2020-01-27,11.8,18.4,3.3,22.2,7.6,6,25,5,15.3,23,7,15.3,5.8,25.5,108,-6%,101,Hamidou Diallo,SG/SF,15.9,22.5,4.4,1.0,7,14.9,20,3600,112.8,,DAL,226.5,SG,13.5,3600,1.0,OKC,3.75
