game_date,Actual FP,Actual Min,Actual Val,Ceil FP,Floor FP,L2 FGA,L2 Min,L5 FGA,L5 FP,L5 Min,L5_dvp_rank,L5_ppg_avg,L5_ppg_floor,L5_ppg_max,Opp DEff,Opp DvP,Opp Pace,Player Name,Pos,Proj FP,Proj Min,Proj Val,Rest,S FGA,S FP,S Min,Salary,implied_team_score,injury_status,opp,over_under,position,ppg_projection,salary,spread,team,value_projection
2019-10-23,31.8,33.8,5.0,0.0,0.0,0,0,0,0.0,0,20,44.5,31.5,54.8,108,-1%,102,Jamal Murray,PG/SG,32.5,32.0,5.2,,0,0.0,0,6300,109.5,,POR,217.5,PG,32.5,6300,-1.5,DEN,5.16
2019-10-25,43.8,40.6,7.0,31.8,31.8,14,34,14,31.8,34,23,39.9,31.5,49.0,112,5%,103,Jamal Murray,PG/SG,35.4,32.5,5.6,1.0,14,31.8,34,6300,116.0,,PHO,220.0,PG,36.5,6300,-12.0,DEN,5.79
2019-10-28,29.5,31.0,4.5,46.2,29.3,17,37,17,37.8,37,29,39.3,31.5,49.0,109,5%,106,Jamal Murray,PG/SG,34.8,33.5,5.4,2.0,17,37.8,37,6500,111.8,,SAC,218.5,PG,35.8,6500,-5.0,DEN,5.5
2019-10-29,25.0,33.5,3.8,42.7,27.3,17,36,16,35.0,35,27,37.1,29.5,49.0,108,4%,101,Jamal Murray,PG/SG,34.7,33.0,5.3,0.0,16,35.0,35,6600,108.5,,DAL,212.0,PG,35.0,6600,-5.0,DEN,5.3
2019-10-31,27.8,26.3,4.2,40.5,24.5,14,32,15,32.5,35,28,32.3,25.0,43.8,110,7%,106,Jamal Murray,PG/SG,35.3,33.5,5.3,1.0,15,32.5,35,6600,113.5,,NO,223.0,PG,36.0,6600,-4.0,DEN,5.45
2019-11-02,32.0,32.3,4.6,38.8,24.3,14,30,15,31.6,33,7,31.6,25.0,43.8,106,-2%,100,Jamal Murray,PG/SG,32.5,33.0,4.6,1.0,15,31.6,33,7000,102.3,,ORL,200.5,PG,33.3,7000,-4.0,DEN,4.75
2019-11-05,35.3,32.5,5.4,38.1,25.1,15,29,15,31.6,33,1,31.6,25.0,43.8,96,-2%,109,Jamal Murray,PG/SG,32.0,32.5,4.9,2.0,15,31.6,33,6500,108.3,,MIA,211.5,PG,33.5,6500,-5.0,DEN,5.15
2019-11-08,53.0,37.4,8.2,38.2,26.1,15,32,14,29.9,31,15,29.9,25.0,35.3,101,5%,108,Jamal Murray,PG/SG,32.7,33.0,5.0,2.0,15,32.1,33,6500,108.3,,PHI,211.5,PG,33.3,6500,-5.0,DEN,5.12
2019-11-12,37.8,33.3,6.0,42.9,24.2,19,36,16,34.5,33,26,34.5,24.3,53.0,104,-14%,103,Jamal Murray,PG/SG,33.9,32.5,5.4,1.0,16,33.6,34,6300,109.5,,ATL,209.0,PG,34.0,6300,-10.0,DEN,5.4
2019-11-14,17.8,28.7,2.6,42.9,25.1,18,34,17,36.5,34,27,36.5,24.3,53.0,109,20%,109,Jamal Murray,PG/SG,36.2,32.5,5.3,1.0,16,34.0,34,6800,115.5,,BKN,223.5,PG,37.3,6800,-7.5,DEN,5.48
2019-11-17,67.5,31.2,10.1,42.3,22.7,14,31,16,33.6,34,28,33.6,17.8,53.0,108,1%,107,Jamal Murray,PG/SG,33.6,32.5,5.0,2.0,15,32.5,33,6700,111.0,,MEM,215.0,PG,34.5,6700,-7.0,DEN,5.15
2019-11-20,35.3,33.4,4.7,49.2,21.7,18,30,18,40.0,33,6,40.1,17.8,67.5,105,-11%,109,Jamal Murray,PG/SG,34.4,33.0,4.6,2.0,16,35.4,33,7500,111.8,,HOU,222.0,PG,35.8,7500,-1.5,DEN,4.77
2019-11-22,40.5,38.1,5.6,48.6,22.3,20,32,17,36.5,32,3,36.5,17.8,67.5,101,-15%,103,Jamal Murray,PG/SG,34.6,33.0,4.8,1.0,16,35.4,33,7200,106.0,,BOS,206.5,PG,35.0,7200,-5.5,DEN,4.86
2019-11-24,39.3,34.3,5.4,48.5,23.1,17,36,17,39.8,33,12,39.8,17.8,67.5,104,-5%,106,Jamal Murray,PG/SG,35.1,33.0,4.8,1.0,16,35.8,33,7300,112.5,,PHO,214.0,PG,35.0,7300,-11.0,DEN,4.79
2019-11-26,27.0,24.9,3.6,48.3,23.7,20,36,18,40.0,33,6,40.1,17.8,67.5,113,3%,107,Jamal Murray,PG/SG,38.4,33.5,5.2,1.0,17,36.0,34,7400,118.5,,WAS,227.0,PG,38.8,7400,-10.0,DEN,5.24
2019-12-03,41.3,35.7,6.3,47.7,23.9,19,36,19,43.0,35,20,34.9,27.0,40.5,100,-2%,103,Jamal Murray,PG/SG,36.1,33.5,5.5,2.0,16,35.8,34,6600,105.0,,LAL,207.5,PG,34.8,6600,-2.5,DEN,5.27
2019-12-05,23.8,22.2,3.6,47.7,24.5,17,36,18,37.8,36,3,36.1,27.0,41.3,110,1%,100,Jamal Murray,PG/SG,35.1,33.5,5.2,1.0,17,36.1,34,6700,106.3,,NY,203.0,PG,35.8,6700,-9.5,DEN,5.34
2019-12-06,23.8,34.1,3.7,47.1,24.2,17,36,17,36.1,34,2,32.8,23.8,41.3,102,-11%,102,Jamal Murray,PG/SG,33.3,33.5,5.2,0.0,16,35.6,33,6400,101.0,,BOS,205.5,PG,34.5,6400,3.5,DEN,5.39
2019-12-10,1.3,5.2,0.2,46.0,23.7,16,33,15,31.4,33,7,30.8,23.8,41.3,101,-7%,102,Jamal Murray,PG/SG,32.3,33.0,4.8,1.0,16,34.9,33,6700,101.8,,PHI,208.5,PG,32.0,6700,5.0,DEN,4.78
2019-12-12,25.5,28.2,3.9,45.5,23.2,16,33,15,30.8,32,14,24.6,1.3,41.3,108,3%,105,Jamal Murray,PG/SG,34.4,32.5,5.3,1.0,16,34.3,33,6500,111.8,Q,POR,216.5,PG,34.5,6500,-7.0,DEN,5.31
2019-12-14,32.3,32.8,5.5,45.0,22.9,14,31,14,29.4,31,8,21.4,1.3,32.8,105,-2%,101,Jamal Murray,PG/SG,32.1,31.5,5.4,1.0,16,33.9,33,5900,105.0,,OKC,204.0,PG,32.8,5900,-6.0,DEN,5.55
2019-12-15,28.0,32.6,4.2,44.7,23.1,13,31,13,27.6,30,23,23.1,1.3,32.8,111,3%,100,Jamal Murray,PG/SG,35.2,32.5,5.3,0.0,16,33.9,33,6700,108.8,Q,NY,207.5,PG,35.3,6700,-10.0,DEN,5.26
2019-12-18,41.8,36.0,6.7,44.3,23.0,15,33,14,28.4,32,23,24.0,1.3,32.8,105,-3%,100,Jamal Murray,PG/SG,32.7,32.5,5.3,2.0,16,33.6,33,6200,107.0,,ORL,205.0,PG,33.0,6200,-9.0,DEN,5.32
2019-12-20,49.0,36.5,7.4,44.5,23.4,17,34,15,32.0,33,9,25.8,1.3,41.8,110,7%,106,Jamal Murray,PG/SG,34.8,33.0,5.3,1.0,16,34.0,33,6600,112.8,,MIN,215.0,PG,36.8,6600,-10.5,DEN,5.57
2019-12-22,18.3,31.8,2.7,45.3,23.8,19,36,16,35.3,33,3,35.3,25.5,49.0,101,-2%,103,Jamal Murray,PG/SG,33.2,34.0,4.9,1.0,16,34.5,33,6800,102.3,,LAL,207.5,PG,33.3,6800,3.0,DEN,4.89
2019-12-23,46.3,35.1,6.4,44.9,22.9,15,34,16,33.9,34,29,33.9,18.3,49.0,108,5%,105,Jamal Murray,PG/SG,34.8,34.0,4.8,0.0,16,33.9,33,7200,110.5,,PHO,218.5,PG,36.0,7200,-2.5,DEN,5.0
2019-12-25,18.5,28.0,2.6,45.4,23.3,15,34,16,36.6,34,12,36.7,18.3,49.0,110,11%,106,Jamal Murray,PG/SG,37.6,34.5,5.3,1.0,16,34.4,33,7100,112.5,,NO,216.5,PG,38.8,7100,-8.5,DEN,5.46
2019-12-29,34.5,32.7,5.1,44.7,22.6,12,32,15,32.0,33,25,32.1,18.3,49.0,108,-5%,99,Jamal Murray,PG/SG,35.8,35.0,5.3,0.0,16,33.6,33,6800,108.0,,SAC,208.0,PG,35.0,6800,-8.0,DEN,5.15
2019-12-31,23.0,30.3,3.4,44.5,22.8,12,34,13,29.1,33,21,29.2,18.3,46.3,107,-2%,106,Jamal Murray,PG/SG,34.1,34.0,5.0,1.0,15,33.7,33,6800,109.5,,HOU,223.5,PG,35.5,6800,4.5,DEN,5.22
2020-01-02,41.8,37.9,6.4,44.2,22.5,12,32,13,30.1,32,15,30.1,18.5,46.3,103,0%,101,Jamal Murray,PG/SG,32.8,33.5,5.0,1.0,15,33.3,33,6500,103.5,,IND,209.0,PG,31.3,6500,2.0,DEN,4.81
2020-01-04,52.8,34.5,7.0,44.4,22.8,16,34,13,29.2,33,13,29.2,18.5,41.8,114,9%,106,Jamal Murray,PG/SG,35.8,34.0,4.8,1.0,15,33.6,33,7500,117.0,,WAS,221.0,PG,35.5,7500,-13.0,DEN,4.73
2020-01-06,38.3,34.5,5.0,45.3,23.0,19,36,15,36.0,34,6,36.1,23.0,52.8,110,-2%,106,Jamal Murray,PG/SG,35.6,34.0,4.7,1.0,15,34.1,33,7600,115.3,Q,ATL,223.0,PG,36.8,7600,-7.5,DEN,4.84
2020-01-08,24.8,31.4,3.4,45.3,23.3,16,35,15,38.0,34,27,38.1,23.0,52.8,107,-8%,101,Jamal Murray,PG/SG,34.4,34.0,4.8,1.0,15,34.3,33,7200,109.0,,DAL,221.0,PG,35.5,7200,3.0,DEN,4.93
2020-01-11,41.3,35.0,6.0,44.9,23.1,16,33,16,36.1,34,23,36.1,23.0,52.8,113,6%,101,Jamal Murray,PG/SG,35.5,33.0,5.1,2.0,15,34.0,33,6900,114.5,,CLE,216.5,PG,37.0,6900,-12.5,DEN,5.36
2020-01-12,26.5,38.0,4.1,45.1,23.3,20,33,18,39.8,35,9,39.8,24.8,52.8,104,-1%,105,Jamal Murray,PG/SG,35.3,33.5,5.5,0.0,16,34.2,33,6400,110.5,,LAC,222.0,PG,35.3,6400,1.0,DEN,5.51
2020-01-15,10.3,14.7,1.5,44.8,23.2,17,37,17,36.7,35,11,36.7,24.8,52.8,111,-5%,99,Jamal Murray,PG/SG,34.9,34.5,5.1,2.0,16,34.0,33,6800,111.0,Q,CHA,209.5,PG,36.0,6800,-12.5,DEN,5.29
2020-01-16,0.0,0.0,0.0,44.8,23.2,17,37,17,36.7,35,20,28.2,10.3,41.3,109,9%,103,Jamal Murray,PG,0.0,0.0,0.0,0.0,16,34.0,33,6700,108.3,O,GS,213.0,PG,0.0,6700,-3.5,DEN,0.0
2020-01-19,0.0,0.0,0.0,44.8,23.2,17,37,17,36.7,35,10,28.2,10.3,41.3,104,0%,101,Jamal Murray,PG,0.0,0.0,0.0,2.0,16,34.0,33,6600,106.3,O,IND,213.5,PG,0.0,6600,1.0,DEN,0.0
2020-01-22,0.0,0.0,0.0,44.8,23.2,17,37,17,36.7,35,28,28.2,10.3,41.3,107,2%,106,Jamal Murray,PG,0.0,0.0,0.0,1.0,16,34.0,33,6400,109.8,O,HOU,228.5,PG,0.0,6400,9.0,DEN,0.0
2020-01-24,0.0,0.0,0.0,44.8,23.2,17,37,17,36.7,35,21,28.2,10.3,41.3,110,6%,106,Jamal Murray,PG,0.0,0.0,0.0,1.0,16,34.0,33,6300,112.8,O,NO,229.5,PG,0.0,6300,4.0,DEN,0.0
