game_date,Actual FP,Actual Min,Actual Val,Ceil FP,Floor FP,L2 FGA,L2 Min,L5 FGA,L5 FP,L5 Min,L5_dvp_rank,L5_ppg_avg,L5_ppg_floor,L5_ppg_max,Opp DEff,Opp DvP,Opp Pace,Player Name,Pos,Proj FP,Proj Min,Proj Val,Rest,S FGA,S FP,S Min,Salary,implied_team_score,injury_status,opp,over_under,position,ppg_projection,salary,spread,team,value_projection
2019-10-23,13.5,20.8,2.8,0.0,0.0,0,0,0,0.0,0,30,25.3,12.0,32.3,108,4%,102,Jerami Grant,PF/C,21.3,27.5,4.4,,0,0.0,0,4800,109.5,,POR,217.5,PF,18.5,4800,-1.5,DEN,3.85
2019-10-25,18.8,31.5,4.5,13.5,13.5,4,21,4,13.5,21,27,23.2,12.0,32.3,112,-3%,103,Jerami Grant,PF/C,19.0,23.5,4.5,1.0,4,13.5,21,4200,116.0,,PHO,220.0,PF,20.3,4200,-12.0,DEN,4.82
2019-10-28,17.3,24.0,4.1,19.8,12.4,8,26,8,16.1,26,19,24.6,13.5,32.3,109,1%,106,Jerami Grant,PF/C,19.4,26.0,4.6,2.0,8,16.1,26,4200,111.8,,SAC,218.5,PF,20.5,4200,-5.0,DEN,4.88
2019-10-29,6.8,16.8,1.6,19.2,13.8,10,28,8,16.5,25,20,22.4,13.5,32.3,108,-1%,101,Jerami Grant,PF/C,19.1,26.0,4.5,0.0,8,16.5,25,4200,108.5,,DAL,212.0,PF,20.0,4200,-5.0,DEN,4.76
2019-10-31,21.8,25.5,5.5,19.4,8.7,7,20,7,14.1,23,29,17.7,6.8,32.3,110,5%,106,Jerami Grant,PF/C,19.0,25.0,4.8,1.0,7,14.1,23,4000,113.5,,NO,223.0,PF,18.8,4000,-4.0,DEN,4.69
2019-11-02,7.3,21.2,1.9,21.4,9.8,8,21,8,15.6,24,24,15.6,6.8,21.8,106,-5%,100,Jerami Grant,PF/C,17.0,25.5,4.5,1.0,8,15.6,24,3800,102.3,,ORL,200.5,PF,17.8,3800,-4.0,DEN,4.67
2019-11-05,30.3,29.6,8.7,20.4,8.0,7,23,8,14.3,24,12,14.4,6.8,21.8,96,-10%,109,Jerami Grant,PF/C,17.1,24.0,4.9,2.0,7,14.2,23,3500,108.3,,MIA,211.5,PF,18.0,3500,-5.0,DEN,5.14
2019-11-08,9.5,13.0,2.2,24.8,8.2,9,25,8,16.6,23,3,16.7,6.8,30.3,101,-4%,108,Jerami Grant,PF/C,16.9,24.0,3.9,2.0,8,16.5,24,4300,108.3,,PHI,211.5,PF,19.8,4300,-5.0,DEN,4.59
2019-11-12,13.8,18.2,3.5,22.9,7.8,6,16,8,16.4,22,23,16.4,7.3,30.3,104,17%,103,Jerami Grant,PF/C,15.1,20.5,3.9,1.0,8,15.4,22,3900,109.5,,ATL,209.0,PF,15.0,3900,-10.0,DEN,3.85
2019-11-14,24.5,21.2,6.8,22.4,8.0,9,18,8,14.8,20,2,14.8,7.3,30.3,109,-21%,109,Jerami Grant,PF/C,14.7,19.5,4.1,1.0,8,15.2,22,3600,115.5,Q,BKN,223.5,PF,16.5,3600,-7.5,DEN,4.58
2019-11-17,26.5,24.1,6.8,23.4,8.7,10,20,9,18.3,20,3,18.3,9.5,30.3,108,16%,107,Jerami Grant,PF/C,14.8,20.5,3.8,2.0,8,16.0,22,3900,111.0,,MEM,215.0,PF,15.3,3900,-7.0,DEN,3.91
2019-11-20,19.5,19.6,4.6,24.5,9.3,9,23,8,17.5,19,9,17.5,9.5,26.5,105,9%,109,Jerami Grant,PF/C,15.6,19.5,3.7,2.0,8,16.9,22,4200,111.8,,HOU,222.0,PF,17.5,4200,-1.5,DEN,4.17
2019-11-22,10.5,16.5,2.5,24.5,9.8,8,22,9,19.5,20,25,19.5,13.3,26.5,101,1%,103,Jerami Grant,PF/C,15.5,20.0,3.7,1.0,8,17.1,22,4200,106.0,,BOS,206.5,PF,15.5,4200,-5.5,DEN,3.69
2019-11-24,11.3,21.3,3.1,23.9,9.4,9,18,9,18.9,20,9,19.0,10.5,26.5,104,2%,106,Jerami Grant,PF/C,16.3,20.0,4.4,1.0,8,16.6,22,3700,112.5,,PHO,214.0,PF,18.0,3700,-11.0,DEN,4.86
2019-11-26,31.0,28.2,8.4,23.4,9.1,6,19,8,18.4,21,19,18.5,10.5,26.5,113,5%,107,Jerami Grant,PF/C,16.2,20.0,4.4,1.0,8,16.3,21,3700,118.5,,WAS,227.0,PF,17.8,3700,-10.0,DEN,4.8
2019-12-03,13.0,18.0,3.7,24.9,9.7,11,30,9,18.3,24,24,18.3,10.5,31.0,100,-4%,103,Jerami Grant,PF/C,17.4,23.0,5.0,2.0,8,17.3,23,3500,105.0,Q,LAL,207.5,PF,18.8,3500,-2.5,DEN,5.36
2019-12-05,22.3,21.1,6.0,24.5,9.6,7,25,7,17.0,23,17,17.0,10.5,31.0,110,0%,100,Jerami Grant,PF/C,16.8,21.5,4.5,1.0,8,17.1,22,3700,106.3,,NY,203.0,PF,18.5,3700,-9.5,DEN,5.0
2019-12-06,11.5,17.9,3.2,24.7,10.0,7,20,8,19.4,24,13,19.4,11.3,31.0,102,2%,102,Jerami Grant,PF/C,16.1,21.5,4.5,0.0,8,17.4,22,3600,101.0,,BOS,205.5,PF,17.5,3600,3.5,DEN,4.86
2019-12-10,17.3,19.4,4.3,24.5,10.2,7,21,7,17.7,23,11,17.7,11.5,22.5,101,-6%,102,Jerami Grant,PF/C,15.9,22.5,4.0,1.0,8,17.3,22,4000,101.8,,PHI,208.5,PF,15.8,4000,5.0,DEN,3.94
2019-12-12,32.8,31.3,8.4,24.3,10.3,7,22,6,17.3,20,30,17.3,11.5,22.5,108,5%,105,Jerami Grant,PF/C,19.1,22.5,4.9,1.0,8,17.3,22,3900,111.8,,POR,216.5,PF,17.8,3900,-7.0,DEN,4.55
2019-12-14,22.5,31.7,4.8,25.5,10.4,9,25,8,21.3,23,4,21.3,11.5,32.8,105,-1%,101,Jerami Grant,PF/C,24.6,32.0,5.2,1.0,8,18.0,22,4700,105.0,,OKC,204.0,PF,16.3,4700,-6.0,DEN,3.46
2019-12-15,17.5,26.7,3.7,25.6,10.7,10,32,8,21.3,25,28,21.3,11.5,32.8,111,-2%,100,Jerami Grant,PF/C,27.0,31.5,5.7,0.0,8,18.2,23,4700,108.8,,NY,207.5,PF,23.5,4700,-10.0,DEN,5.0
2019-12-18,10.3,20.3,2.2,25.4,10.9,7,29,8,22.5,27,5,22.5,17.3,32.8,105,-8%,100,Jerami Grant,PF/C,18.8,23.5,4.1,2.0,8,18.1,23,4600,107.0,,ORL,205.0,PF,22.3,4600,-9.0,DEN,4.84
2019-12-20,13.8,23.3,3.2,25.1,10.5,7,24,8,20.1,26,6,20.1,10.3,32.8,110,8%,106,Jerami Grant,PF/C,17.9,22.0,4.2,1.0,8,17.8,23,4300,112.8,,MIN,215.0,PF,20.3,4300,-10.5,DEN,4.71
2019-12-22,15.8,22.6,4.1,24.9,10.5,7,22,8,19.4,27,1,19.4,10.3,32.8,101,-8%,103,Jerami Grant,PF/C,16.7,23.0,4.3,1.0,8,17.7,23,3900,102.3,,LAL,207.5,PF,18.5,3900,3.0,DEN,4.74
2019-12-23,14.8,19.9,3.8,24.7,10.5,6,23,7,15.9,25,5,16.0,10.3,22.5,108,0%,105,Jerami Grant,PF/C,18.0,22.5,4.6,0.0,8,17.6,23,3900,110.5,,PHO,218.5,PF,18.0,3900,-2.5,DEN,4.62
2019-12-25,22.0,29.1,5.9,24.5,10.6,6,21,6,14.4,23,1,14.4,10.3,17.5,110,2%,106,Jerami Grant,PF/C,17.9,22.0,4.8,1.0,8,17.5,23,3700,112.5,,NO,216.5,PF,18.5,3700,-8.5,DEN,5.0
2019-12-29,26.5,33.1,7.0,24.5,10.9,10,31,7,17.1,25,9,17.2,13.8,22.0,108,4%,99,Jerami Grant,PF/C,23.9,31.0,6.3,0.0,8,17.7,23,3800,108.0,,SAC,208.0,PF,22.5,3800,-8.0,DEN,5.92
2019-12-31,8.0,17.6,1.7,24.9,11.1,10,33,8,19.7,27,15,19.7,14.8,26.5,107,11%,106,Jerami Grant,PF/C,18.8,24.0,4.1,1.0,8,18.0,24,4600,109.5,,HOU,223.5,PF,24.8,4600,4.5,DEN,5.38
2020-01-02,11.3,20.5,2.8,24.7,10.7,7,25,8,18.1,26,11,18.2,8.0,26.5,103,-21%,101,Jerami Grant,PF/C,15.1,21.5,3.7,1.0,8,17.7,23,4100,103.5,,IND,209.0,PF,16.3,4100,2.0,DEN,3.96
2020-01-04,7.5,15.8,1.9,24.5,10.6,5,19,8,17.4,26,21,17.9,8.0,26.5,114,7%,106,Jerami Grant,PF/C,16.8,21.0,4.3,1.0,8,17.5,23,3900,117.0,,WAS,221.0,PF,18.5,3900,-13.0,DEN,4.74
2020-01-06,12.5,22.2,3.6,24.3,10.2,6,18,7,14.6,24,16,15.0,7.5,26.5,110,21%,106,Jerami Grant,PF/C,15.6,19.0,4.5,1.0,8,17.2,23,3500,115.3,,ATL,223.0,PF,16.5,3500,-7.5,DEN,4.71
2020-01-08,32.8,33.6,9.9,24.1,10.1,6,19,6,13.2,22,17,13.6,7.5,26.5,107,-1%,101,Jerami Grant,PF/C,23.6,31.0,7.2,1.0,8,17.1,23,3300,109.0,,DAL,221.0,PF,17.5,3300,3.0,DEN,5.3
2020-01-11,16.0,27.0,3.3,24.9,10.2,6,28,5,14.4,22,8,15.1,7.5,34.0,113,0%,101,Jerami Grant,PF/C,25.0,30.5,5.1,2.0,8,17.5,23,4900,114.5,,CLE,216.5,PF,23.3,4900,-12.5,DEN,4.74
2020-01-12,22.5,33.0,4.2,24.8,10.2,9,30,7,16.0,24,22,16.7,7.5,34.0,104,2%,105,Jerami Grant,PF/C,23.4,29.5,4.4,0.0,8,17.5,23,5300,110.5,,LAC,222.0,PF,24.8,5300,1.0,DEN,4.67
2020-01-15,26.8,30.9,5.4,24.8,10.4,9,30,7,18.3,26,23,18.5,7.5,34.0,111,1%,99,Jerami Grant,PF/C,24.8,31.5,5.0,2.0,8,17.6,24,5000,111.0,,CHA,209.5,PF,23.0,5000,-12.5,DEN,4.6
2020-01-16,17.5,27.3,3.6,25.1,10.6,8,32,8,22.1,29,16,22.4,12.5,34.0,109,3%,103,Jerami Grant,PF/C,23.9,31.0,5.0,0.0,8,17.8,24,4800,108.3,,GS,213.0,PF,23.0,4800,-3.5,DEN,4.79
2020-01-19,25.8,33.4,6.0,25.0,10.7,10,29,8,23.1,30,4,23.4,16.0,34.0,104,-17%,101,Jerami Grant,PF/C,21.6,29.0,5.0,2.0,8,17.8,24,4300,106.3,,IND,213.5,PF,22.8,4300,1.0,DEN,5.29
2020-01-22,38.3,34.7,6.8,25.9,10.9,11,33,9,25.3,31,1,25.3,17.5,33.8,107,8%,106,Jerami Grant,PF/C,27.2,34.0,4.9,1.0,8,18.4,24,5600,109.8,,HOU,228.5,PF,25.5,5600,9.0,DEN,4.55
2020-01-24,35.8,37.3,6.0,26.8,10.8,15,33,12,28.4,32,14,28.4,17.5,38.3,110,3%,106,Jerami Grant,PF/C,28.1,33.5,4.7,1.0,8,18.8,25,6000,112.8,,NO,229.5,PF,28.8,6000,4.0,DEN,4.79
