game_date,Actual FP,Actual Min,Actual Val,Ceil FP,Floor FP,L2 FGA,L2 Min,L5 FGA,L5 FP,L5 Min,L5_dvp_rank,L5_ppg_avg,L5_ppg_floor,L5_ppg_max,Opp DEff,Opp DvP,Opp Pace,Player Name,Pos,Proj FP,Proj Min,Proj Val,Rest,S FGA,S FP,S Min,Salary,implied_team_score,injury_status,opp,over_under,position,ppg_projection,salary,spread,team,value_projection
2019-10-27,0.0,0.0,0.0,0.0,0.0,0,0,0,0.0,0,16,44.1,24.5,54.3,110,6%,103,Jimmy Butler,SG/SF,0.0,0.0,0.0,0.0,0,0.0,0,7800,108.3,O,MIN,223.5,SG,0.0,7800,7.0,MIA,0.0
2019-10-29,34.8,30.7,4.5,0.0,0.0,0,0,0,0.0,0,28,44.1,24.5,54.3,111,11%,106,Jimmy Butler,SG/SF,40.2,33.5,5.2,1.0,0,0.0,0,7700,115.5,,ATL,223.0,SG,42.8,7700,-8.0,MIA,5.55
2019-10-31,48.8,35.2,6.0,34.8,34.8,11,31,11,34.8,31,28,40.2,24.5,51.8,111,11%,106,Jimmy Butler,SG/SF,39.5,34.5,4.8,1.0,11,34.8,31,8200,111.0,,ATL,215.5,SG,42.3,8200,-6.5,MIA,5.15
2019-11-03,50.8,27.4,6.2,51.6,31.9,11,33,11,41.8,33,30,39.6,24.5,48.8,108,-1%,100,Jimmy Butler,SG/SF,41.3,34.0,5.0,2.0,11,41.8,33,8200,115.0,Q,HOU,233.0,SG,43.5,8200,3.0,MIA,5.3
2019-11-05,33.3,29.3,4.1,53.5,36.0,13,31,12,44.8,31,4,41.3,24.5,50.8,103,3%,100,Jimmy Butler,SG/SF,37.4,33.5,4.6,1.0,12,44.8,31,8100,103.3,,DEN,211.5,SG,35.8,8100,5.0,MIA,4.41
2019-11-07,46.8,34.0,6.5,51.0,32.7,14,28,12,41.9,31,14,38.4,24.5,50.8,98,-10%,106,Jimmy Butler,SG/SF,40.5,34.0,5.6,1.0,12,41.9,31,7200,109.5,,PHO,220.5,SG,36.3,7200,1.5,MIA,5.03
2019-11-08,38.0,38.1,5.1,51.1,34.6,14,32,13,42.9,31,1,42.9,33.3,50.8,96,7%,104,Jimmy Butler,SG/SF,39.8,34.0,5.4,0.0,13,42.9,31,7400,105.0,,LAL,218.5,SG,36.8,7400,8.5,MIA,4.97
2019-11-12,48.8,39.0,6.3,49.7,34.4,16,36,14,43.5,33,26,43.5,33.3,50.8,108,-4%,103,Jimmy Butler,SG/SF,44.6,37.0,5.7,3.0,13,42.0,32,7800,111.8,,DET,215.0,SG,43.8,7800,-8.5,MIA,5.61
2019-11-16,50.5,37.7,6.6,49.4,34.2,12,39,14,40.0,36,25,40.1,33.3,48.8,111,10%,110,Jimmy Butler,SG/SF,46.0,37.0,6.1,1.0,13,41.8,34,7600,117.0,Q,NO,227.0,SG,45.5,7600,-7.0,MIA,5.99
2019-11-20,46.3,32.4,6.0,50.5,35.1,11,38,13,43.5,38,20,43.5,33.5,50.5,107,0%,102,Jimmy Butler,SG/SF,43.0,35.5,5.6,3.0,13,42.8,35,7700,112.3,,CLE,214.0,SG,42.8,7700,-10.5,MIA,5.55
2019-11-22,50.8,34.4,6.1,50.5,35.8,14,35,13,43.4,37,21,43.4,33.5,50.5,104,1%,106,Jimmy Butler,SG/SF,45.0,36.0,5.4,1.0,13,43.1,34,8300,110.8,,CHI,217.0,SG,44.8,8300,-4.5,MIA,5.39
2019-11-23,25.3,30.1,2.9,51.2,36.5,13,33,12,46.0,37,7,46.0,33.5,50.8,103,-10%,104,Jimmy Butler,SG/SF,39.3,35.5,4.6,0.0,13,43.8,34,8600,103.8,,PHI,212.5,SG,41.3,8600,5.0,MIA,4.8
2019-11-25,37.8,31.1,4.9,51.1,33.5,12,32,12,41.3,35,26,41.3,25.3,50.8,110,-3%,102,Jimmy Butler,SG/SF,41.7,34.5,5.4,1.0,13,42.3,34,7700,111.8,,CHA,212.5,SG,40.0,7700,-11.0,MIA,5.19
2019-11-27,0.0,0.0,0.0,50.5,33.4,12,31,12,42.1,33,16,42.1,25.3,50.8,107,10%,108,Jimmy Butler,SG/SF,0.0,0.0,0.0,1.0,13,41.9,34,8000,109.5,O,HOU,226.0,SG,0.0,8000,7.0,MIA,0.0
2019-11-29,34.8,27.8,4.2,50.5,33.4,12,31,12,42.1,33,2,42.1,25.3,50.8,111,5%,104,Jimmy Butler,SG/SF,39.1,33.5,4.7,1.0,13,41.9,34,8300,109.5,Q,GS,208.0,SG,41.0,8300,-11.0,MIA,4.94
2019-12-01,35.3,35.3,4.6,49.8,33.0,11,29,12,39.0,31,16,39.2,25.3,50.8,106,3%,106,Jimmy Butler,SG/SF,38.8,33.5,5.1,1.0,13,41.4,33,7600,109.8,,BKN,215.0,SG,37.8,7600,-4.5,MIA,4.97
2019-12-03,62.3,41.1,8.2,49.3,32.7,14,32,12,36.8,32,7,37.0,25.3,50.8,100,0%,104,Jimmy Butler,SG/SF,40.1,34.5,5.3,1.0,13,41.0,33,7600,104.3,,TOR,213.0,SG,38.0,7600,4.5,MIA,5.0
2019-12-04,55.5,37.2,7.6,51.9,32.7,17,38,14,39.0,33,29,39.0,25.3,60.8,102,-1%,102,Jimmy Butler,SG/SF,38.7,34.5,5.3,0.0,13,42.3,34,7300,101.8,,BOS,209.0,SG,35.5,7300,5.5,MIA,4.86
2019-12-06,68.3,36.5,8.4,52.9,33.3,17,39,15,45.1,35,15,45.1,35.3,60.8,114,13%,108,Jimmy Butler,SG/SF,48.2,36.0,6.0,1.0,13,43.1,34,8100,118.5,,WAS,227.5,SG,45.8,8100,-9.5,MIA,5.65
2019-12-08,43.5,44.2,4.9,55.7,33.3,17,37,16,51.2,36,10,50.9,35.3,66.8,105,-1%,104,Jimmy Butler,SG/SF,45.4,36.5,5.2,1.0,14,44.5,34,8800,110.3,,CHI,213.5,SG,44.3,8800,-7.0,MIA,5.03
2019-12-10,61.0,41.7,6.7,55.4,33.5,15,40,16,53.0,39,21,52.4,35.3,66.8,111,9%,105,Jimmy Butler,SG/SF,47.7,37.0,5.2,1.0,14,44.4,35,9100,113.3,,ATL,218.5,SG,47.3,9100,-8.0,MIA,5.19
2019-12-13,38.3,37.1,4.0,56.5,34.0,17,43,17,58.1,40,5,57.2,43.5,66.8,100,3%,103,Jimmy Butler,SG/SF,45.5,37.0,4.8,2.0,14,45.3,35,9500,103.3,,LAL,212.0,SG,39.8,9500,5.5,MIA,4.18
2019-12-14,44.0,43.0,4.7,56.0,33.9,20,39,17,53.3,39,20,52.7,38.3,66.8,106,-4%,102,Jimmy Butler,SG/SF,42.4,37.0,4.5,0.0,14,44.9,35,9400,103.5,,DAL,215.5,SG,42.0,9400,8.5,MIA,4.47
2019-12-16,43.0,38.9,4.7,55.7,34.1,21,40,18,51.0,41,12,50.4,38.3,66.8,109,7%,106,Jimmy Butler,SG/SF,46.2,37.0,5.1,1.0,15,44.9,36,9100,110.3,,MEM,217.5,SG,47.8,9100,-3.0,MIA,5.25
2019-12-18,32.3,33.8,3.6,55.4,34.3,17,41,17,46.0,41,12,45.7,38.3,59.5,102,-11%,102,Jimmy Butler,SG/SF,41.7,37.0,4.7,1.0,14,44.8,36,8900,100.5,,PHI,209.0,SG,43.5,8900,8.0,MIA,4.89
2019-12-20,34.3,27.9,3.8,54.9,33.7,12,36,17,43.7,39,13,43.4,32.3,59.5,111,-5%,100,Jimmy Butler,SG/SF,43.6,35.5,4.8,1.0,14,44.3,36,9000,112.8,,NY,216.5,SG,43.5,9000,-9.0,MIA,4.83
2019-12-23,36.5,34.1,4.5,54.5,33.3,7,31,14,38.4,36,23,38.4,32.3,44.0,104,-11%,102,Jimmy Butler,SG/SF,40.9,35.5,5.0,2.0,14,43.9,35,8100,108.8,,UTA,213.0,SG,39.3,8100,-4.5,MIA,4.85
2019-12-27,40.3,32.9,5.2,54.1,33.1,9,31,13,38.0,36,15,38.0,32.3,44.0,102,-3%,101,Jimmy Butler,SG/SF,40.4,34.5,5.2,3.0,14,43.6,35,7800,107.8,,IND,210.5,SG,40.0,7800,-5.0,MIA,5.13
2019-12-28,55.8,41.6,7.1,53.8,33.2,13,34,10,37.3,34,29,37.3,32.3,43.0,103,-8%,102,Jimmy Butler,SG/SF,40.3,35.0,5.1,0.0,14,43.5,35,7900,107.5,,PHI,213.5,SG,39.3,7900,-1.5,MIA,4.97
2019-12-30,40.0,36.6,5.1,54.3,33.5,16,37,12,39.8,34,6,39.8,32.3,55.8,114,9%,106,Jimmy Butler,SG/SF,43.9,34.5,5.6,1.0,14,43.9,35,7800,118.0,,WAS,227.5,SG,45.0,7800,-8.5,MIA,5.77
2020-01-02,36.0,33.9,4.2,54.0,33.6,16,39,12,41.4,35,10,41.4,34.3,55.8,101,0%,103,Jimmy Butler,SG/SF,44.8,36.0,5.2,2.0,14,43.8,35,8600,110.0,,TOR,214.0,SG,41.5,8600,-6.0,MIA,4.83
2020-01-03,50.5,34.7,6.5,53.7,33.4,10,35,13,41.7,36,25,41.7,36.0,55.8,105,2%,100,Jimmy Butler,SG/SF,40.3,35.5,5.2,0.0,14,43.5,35,7800,104.8,,ORL,208.5,SG,41.5,7800,-1.0,MIA,5.32
2020-01-08,35.0,28.1,4.3,53.8,33.7,11,34,13,44.5,36,15,44.5,36.0,55.8,104,-2%,101,Jimmy Butler,SG/SF,39.5,34.5,4.8,2.0,14,43.8,35,8200,104.5,Q,IND,210.0,SG,40.5,8200,1.0,MIA,4.94
2020-01-10,48.8,35.7,6.1,53.5,33.5,9,31,12,43.5,35,1,43.5,35.0,55.8,105,2%,105,Jimmy Butler,SG/SF,40.1,34.5,5.0,1.0,13,43.5,35,8000,110.3,,BKN,217.0,SG,39.5,8000,-3.5,MIA,4.94
2020-01-15,25.3,33.7,2.9,53.6,34.0,17,35,12,44.0,34,26,44.2,35.0,50.8,110,1%,103,Jimmy Butler,SG/SF,44.6,35.5,5.2,2.0,14,43.8,35,8600,112.8,,SA,220.0,SG,42.3,8600,-5.5,MIA,4.91
2020-01-17,44.0,34.3,5.6,53.4,33.1,13,34,12,41.8,33,6,42.1,25.3,50.8,106,-8%,101,Jimmy Butler,SG/SF,40.5,34.5,5.2,1.0,14,43.3,35,7800,107.3,,OKC,216.0,SG,38.8,7800,1.5,MIA,4.97
2020-01-19,35.3,33.2,4.3,53.3,33.3,10,34,12,40.5,33,23,40.8,25.3,50.8,110,0%,103,Jimmy Butler,SG/SF,41.7,34.5,5.1,1.0,13,43.3,35,8200,113.8,,SA,225.5,SG,40.3,8200,-2.0,MIA,4.91
2020-01-22,50.3,33.9,5.9,53.0,33.1,11,34,13,40.5,34,26,40.8,25.3,50.8,113,8%,106,Jimmy Butler,SG/SF,43.8,33.5,5.2,1.0,13,43.1,35,8500,119.3,Q,WAS,229.0,SG,43.5,8500,-9.5,MIA,5.12
2020-01-24,40.0,29.8,4.8,53.2,33.4,12,34,12,40.9,34,23,41.1,25.3,50.8,104,-1%,105,Jimmy Butler,SG/SF,44.9,36.0,5.3,1.0,13,43.3,35,8400,108.3,Q,LAC,219.0,SG,41.3,8400,2.5,MIA,4.91
2020-01-27,37.3,30.4,4.7,53.0,33.4,13,32,12,39.0,33,3,39.0,25.3,50.3,104,1%,100,Jimmy Butler,SG/SF,42.7,34.5,5.3,2.0,13,43.2,35,8000,108.3,Q,ORL,210.5,SG,39.0,8000,-6.0,MIA,4.88
2020-01-28,35.0,36.5,4.3,52.7,33.4,13,30,12,41.4,32,13,41.4,35.3,50.3,104,-4%,102,Jimmy Butler,SG/SF,41.7,34.0,5.1,0.0,13,43.0,35,8100,110.0,,BOS,219.0,SG,39.8,8100,-1.0,MIA,4.91
2020-02-01,34.8,34.1,4.4,52.5,33.2,13,34,13,39.5,33,13,39.6,35.0,50.3,105,1%,100,Jimmy Butler,SG/SF,40.1,34.0,5.1,3.0,13,42.8,35,7900,104.5,,ORL,207.5,SG,38.5,7900,-1.5,MIA,4.87
2020-02-03,56.8,28.6,7.0,52.3,33.0,15,35,13,39.5,33,12,39.5,34.8,50.3,103,-4%,101,Jimmy Butler,SG/SF,41.0,34.5,5.1,1.0,13,42.6,35,8100,107.3,,PHI,212.0,SG,39.3,8100,-2.5,MIA,4.85
