game_date,Actual FP,Actual Min,Actual Val,Ceil FP,Floor FP,L2 FGA,L2 Min,L5 FGA,L5 FP,L5 Min,L5_dvp_rank,L5_ppg_avg,L5_ppg_floor,L5_ppg_max,Opp DEff,Opp DvP,Opp Pace,Player Name,Pos,Proj FP,Proj Min,Proj Val,Rest,S FGA,S FP,S Min,Salary,implied_team_score,injury_status,opp,over_under,position,ppg_projection,salary,spread,team,value_projection
2019-10-23,12.3,16.1,1.9,0.0,0.0,0,0,0,0.0,0,24,47.1,20.8,74.5,105,-10%,101,Jonas Valanciunas,C,30.8,25.0,4.7,,0,0.0,0,6600,103.0,,MIA,214.0,C,30.0,6600,8.0,MEM,4.55
2019-10-25,26.8,18.5,4.1,12.3,12.3,7,16,7,12.3,16,28,40.0,12.3,74.5,111,6%,101,Jonas Valanciunas,C,29.3,22.0,4.4,1.0,7,12.3,16,6600,111.5,,CHI,225.0,C,32.3,6600,2.0,MEM,4.89
2019-10-27,44.8,19.7,7.0,29.8,9.2,9,17,9,19.5,17,30,36.9,12.3,74.5,107,11%,103,Jonas Valanciunas,C,28.5,20.5,4.5,1.0,9,19.5,17,6400,110.0,,BKN,224.5,C,27.0,6400,4.5,MEM,4.22
2019-10-29,31.3,22.8,5.0,44.2,11.6,11,19,9,27.9,18,20,35.8,12.3,74.5,107,8%,106,Jonas Valanciunas,C,25.8,20.0,4.1,1.0,9,27.9,18,6300,103.0,,LAL,217.5,C,26.5,6300,11.5,MEM,4.21
2019-11-02,23.8,24.2,3.7,42.1,15.4,11,21,10,28.8,19,18,27.2,12.3,44.8,112,12%,103,Jonas Valanciunas,C,33.6,24.5,5.2,3.0,10,28.8,19,6500,109.3,,PHO,221.5,C,33.0,6500,3.0,MEM,5.08
2019-11-04,30.0,23.8,5.0,39.6,15.9,10,24,9,27.8,20,10,27.8,12.3,44.8,108,-3%,100,Jonas Valanciunas,C,35.1,25.0,5.9,1.0,9,27.8,20,6000,112.5,,HOU,230.5,C,38.0,6000,5.5,MEM,6.33
2019-11-06,33.5,27.2,5.5,38.7,17.5,10,24,10,31.3,22,17,31.3,23.8,44.8,103,-13%,111,Jonas Valanciunas,C,31.4,24.0,5.1,1.0,10,28.1,21,6100,110.8,,MIN,224.5,C,37.8,6100,3.0,MEM,6.19
2019-11-08,25.3,21.9,4.0,38.8,19.0,10,26,10,32.6,24,17,32.7,23.8,44.8,100,-13%,100,Jonas Valanciunas,C,31.2,26.5,5.0,1.0,10,28.9,22,6300,101.0,,ORL,209.5,C,32.8,6300,7.5,MEM,5.2
2019-11-09,19.8,23.3,3.2,37.7,19.2,10,25,10,28.8,24,24,28.8,23.8,33.5,107,-8%,103,Jonas Valanciunas,C,36.0,27.0,5.8,0.0,10,28.4,22,6200,108.0,,DAL,221.5,C,36.8,6200,5.5,MEM,5.93
2019-11-11,39.0,27.3,6.6,36.6,18.3,11,23,10,26.4,24,16,26.5,19.8,33.5,106,-10%,105,Jonas Valanciunas,C,29.9,25.5,5.1,1.0,10,27.5,22,5900,106.5,,SA,223.5,C,33.3,5900,10.5,MEM,5.64
2019-11-13,39.3,23.0,6.5,38.0,19.3,12,25,11,29.5,25,1,29.5,19.8,39.0,108,8%,103,Jonas Valanciunas,C,34.7,26.5,5.8,1.0,10,28.6,23,6000,109.5,,CHA,221.0,C,35.8,6000,2.0,MEM,5.96
2019-11-15,24.0,29.9,3.7,39.0,20.2,13,25,11,31.4,25,18,31.3,19.8,39.0,97,-1%,102,Jonas Valanciunas,C,33.7,26.5,5.2,1.0,11,29.6,23,6500,103.5,,UTA,215.0,C,31.5,6500,8.0,MEM,4.85
2019-11-17,29.5,22.3,4.6,38.3,20.0,10,26,11,29.4,25,23,29.4,19.8,39.0,100,3%,100,Jonas Valanciunas,C,35.6,27.0,5.6,1.0,10,29.1,23,6400,104.0,,DEN,215.0,C,36.0,6400,7.0,MEM,5.63
2019-11-19,18.5,26.5,2.7,37.9,20.4,8,26,11,30.3,25,28,30.2,19.8,39.0,113,12%,105,Jonas Valanciunas,C,38.7,27.5,5.7,1.0,10,29.2,23,6800,113.5,,GS,221.0,C,39.8,6800,-6.0,MEM,5.85
2019-11-23,15.5,25.2,2.5,37.3,19.5,9,24,10,30.1,26,9,30.0,18.5,39.0,98,-17%,103,Jonas Valanciunas,C,32.3,27.0,5.2,3.0,10,28.4,23,6200,109.0,,LAL,226.0,C,33.3,6200,8.0,MEM,5.36
2019-11-25,35.8,26.2,6.1,37.1,20.2,5,26,8,25.4,25,17,25.3,15.5,38.8,101,1%,102,Jonas Valanciunas,C,30.3,26.0,5.1,1.0,10,28.6,24,5900,104.3,,IND,218.0,C,30.3,5900,9.5,MEM,5.13
2019-11-27,60.0,34.0,9.7,37.4,20.8,8,26,8,24.6,26,27,24.4,15.5,34.5,103,2%,105,Jonas Valanciunas,C,32.1,25.5,5.2,1.0,10,29.1,24,6200,110.5,,LAC,227.0,C,32.3,6200,6.0,MEM,5.2
2019-11-29,53.3,31.8,8.7,41.7,18.2,15,30,10,31.9,27,3,31.6,15.5,60.0,101,-3%,103,Jonas Valanciunas,C,30.7,26.5,5.0,1.0,10,29.9,24,6100,108.3,,UTA,223.5,C,29.8,6100,7.0,MEM,4.88
2019-12-04,57.8,28.9,7.3,43.9,18.6,17,33,11,36.6,29,24,36.4,15.5,60.0,106,18%,105,Jonas Valanciunas,C,38.3,27.0,4.8,1.0,10,31.2,25,7900,108.3,Q,CHI,223.0,C,38.3,7900,6.5,MEM,4.84
2019-12-07,21.0,20.8,2.7,46.3,18.9,17,30,13,44.5,29,19,44.2,15.5,60.0,103,3%,103,Jonas Valanciunas,C,37.8,29.0,4.9,2.0,11,32.6,25,7700,103.0,,UTA,217.5,C,38.0,7700,11.5,MEM,4.94
2019-12-09,32.5,27.3,4.6,45.6,18.4,11,25,14,45.5,28,7,45.3,21.0,60.0,111,1%,103,Jonas Valanciunas,C,36.7,28.0,5.2,1.0,11,32.0,25,7100,108.3,,GS,219.5,C,38.5,7100,3.0,MEM,5.42
2019-12-11,18.3,25.2,2.6,45.3,18.8,6,24,13,44.9,29,29,44.9,21.0,60.0,107,4%,105,Jonas Valanciunas,C,35.3,27.0,5.0,1.0,10,32.1,25,7000,112.0,,PHO,231.0,C,36.8,7000,7.0,MEM,5.25
2019-12-13,18.5,19.4,2.8,45.2,19.5,8,26,11,36.5,27,13,36.6,18.3,57.8,99,2%,107,Jonas Valanciunas,C,37.2,27.0,5.7,1.0,10,32.3,25,6500,108.3,,MIL,229.0,C,36.5,6500,12.5,MEM,5.62
2019-12-14,24.0,28.7,3.3,44.1,17.6,10,22,10,29.6,24,27,29.6,18.3,57.8,115,14%,107,Jonas Valanciunas,C,34.1,25.5,4.7,0.0,10,30.9,25,7300,119.3,,WAS,237.0,C,39.5,7300,-1.5,MEM,5.41
2019-12-16,41.0,24.6,6.6,43.6,17.6,8,24,7,22.9,24,1,22.5,18.3,32.5,103,-11%,102,Jonas Valanciunas,C,29.1,26.0,4.7,1.0,10,30.6,25,6200,107.3,,MIA,217.5,C,32.0,6200,3.0,MEM,5.16
2019-12-18,40.3,26.1,6.4,44.4,19.2,8,27,8,26.9,25,27,26.5,18.3,41.0,105,5%,101,Jonas Valanciunas,C,30.1,26.0,4.8,1.0,10,31.8,25,6300,106.3,,OKC,219.0,C,33.5,6300,6.5,MEM,5.32
2019-12-20,43.5,30.2,6.3,44.5,19.7,13,25,10,28.4,25,2,28.0,18.3,41.0,113,-1%,101,Jonas Valanciunas,C,30.7,25.5,4.4,1.0,10,32.1,25,6900,111.8,,CLE,221.5,C,33.0,6900,-2.0,MEM,4.78
2019-12-23,38.5,24.8,5.9,44.9,20.2,15,28,11,33.5,26,27,33.1,18.5,43.5,110,0%,104,Jonas Valanciunas,C,30.8,26.0,4.7,1.0,11,32.6,25,6500,114.0,Q,SA,229.0,C,32.0,6500,1.0,MEM,4.92
2019-12-26,27.0,27.9,4.4,45.0,20.6,13,28,11,37.5,27,5,37.1,22.0,43.5,105,4%,101,Jonas Valanciunas,C,31.1,26.0,5.1,2.0,11,32.8,25,6100,109.3,,OKC,224.5,C,34.8,6100,6.0,MEM,5.7
2019-12-29,33.3,22.9,5.0,44.3,20.8,11,26,13,36.3,27,30,36.3,27.0,43.5,110,8%,100,Jonas Valanciunas,C,33.6,26.0,5.0,0.0,11,32.6,25,6700,111.5,,CHA,220.0,C,33.3,6700,-3.0,MEM,4.96
2020-01-02,37.5,29.4,5.6,44.2,21.0,9,23,11,34.9,26,15,34.9,27.0,43.5,108,-5%,99,Jonas Valanciunas,C,30.2,25.0,4.5,3.0,11,32.6,25,6700,110.0,,SAC,224.5,C,33.0,6700,4.5,MEM,4.93
2020-01-05,52.5,26.6,8.1,44.0,21.5,10,26,10,32.6,25,19,32.7,27.0,37.5,109,2%,105,Jonas Valanciunas,C,31.2,25.5,4.8,0.0,10,32.8,25,6500,115.0,,PHO,237.0,C,33.8,6500,7.0,MEM,5.19
2020-01-07,18.8,22.4,2.6,44.9,21.8,12,24,11,37.8,25,25,37.8,32.0,52.5,107,0%,105,Jonas Valanciunas,C,33.2,25.5,4.6,1.0,11,33.4,25,7200,115.8,,MIN,228.5,C,35.3,7200,-3.0,MEM,4.9
2020-01-10,38.8,30.2,5.8,44.6,21.2,11,25,10,35.1,25,22,35.0,18.0,52.5,110,0%,103,Jonas Valanciunas,C,31.6,25.0,4.7,2.0,11,32.9,25,6700,116.3,,SA,231.0,C,33.0,6700,-1.5,MEM,4.93
2020-01-12,62.8,28.7,10.0,44.6,21.5,9,26,10,36.2,26,5,36.1,18.0,52.5,109,-2%,103,Jonas Valanciunas,C,32.7,26.0,5.2,1.0,11,33.1,25,6300,115.5,,GS,224.5,C,35.3,6300,-6.5,MEM,5.6
2020-01-14,31.0,27.9,4.2,46.3,21.5,14,30,11,41.3,26,21,41.1,18.0,62.8,106,-2%,106,Jonas Valanciunas,C,34.2,27.0,4.7,1.0,11,33.9,26,7300,116.3,,HOU,238.5,C,39.8,7300,6.0,MEM,5.45
2020-01-17,43.5,32.5,6.3,46.1,21.6,16,28,13,40.8,27,30,40.6,18.0,62.8,113,3%,101,Jonas Valanciunas,C,36.9,27.5,5.3,2.0,11,33.8,26,6900,119.0,,CLE,229.5,C,39.0,6900,-8.5,MEM,5.65
2020-01-20,33.8,20.5,4.8,46.3,21.9,13,30,12,39.0,28,25,38.8,18.0,62.8,110,1%,106,Jonas Valanciunas,C,38.6,28.0,5.4,2.0,11,34.1,26,7100,121.3,,NO,240.0,C,39.0,7100,-2.5,MEM,5.49
2020-01-22,43.8,26.1,6.5,46.1,22.1,10,27,12,42.0,28,11,42.0,31.0,62.8,104,-4%,102,Jonas Valanciunas,C,35.2,28.0,5.3,1.0,11,34.1,26,6700,112.5,,BOS,232.0,C,33.8,6700,7.0,MEM,5.04
2020-01-24,23.0,26.8,3.2,46.3,22.4,11,23,13,43.0,27,25,43.0,31.0,62.8,109,-1%,101,Jonas Valanciunas,C,36.7,28.0,5.1,1.0,11,34.3,26,7200,114.5,,DET,230.5,C,35.8,7200,1.5,MEM,4.97
2020-01-26,24.8,25.2,3.6,46.0,22.1,11,27,11,35.0,27,3,35.0,23.0,43.8,108,2%,104,Jonas Valanciunas,C,36.4,27.5,5.3,1.0,11,34.0,26,6900,116.8,,PHO,231.5,C,36.8,6900,-2.0,MEM,5.33
