game_date,Actual FP,Actual Min,Actual Val,Ceil FP,Floor FP,L2 FGA,L2 Min,L5 FGA,L5 FP,L5 Min,L5_dvp_rank,L5_ppg_avg,L5_ppg_floor,L5_ppg_max,Opp DEff,Opp DvP,Opp Pace,Player Name,Pos,Proj FP,Proj Min,Proj Val,Rest,S FGA,S FP,S Min,Salary,implied_team_score,injury_status,opp,over_under,position,ppg_projection,salary,spread,team,value_projection
2019-10-25,10.3,4.8,3.1,0.0,0.0,0,0,0,0.0,0,26,8.7,2.0,13.5,110,2%,101,Jordan Bell,PF/C,0.0,0.0,0.0,1.0,0,0.0,0,3300,115.8,,CHA,226.0,PF,14.3,3300,-5.5,MIN,4.32
2019-11-02,10.0,11.3,2.8,10.6,8.1,3,9,3,9.4,9,4,7.3,2.0,10.3,111,9%,104,Jordan Bell,PF/C,13.3,13.0,3.7,2.0,3,9.4,9,3600,112.8,,WAS,228.5,PF,15.5,3600,3.0,MIN,4.31
2019-11-04,23.0,14.5,6.8,10.5,8.6,3,12,2,9.6,10,8,7.9,2.0,10.3,103,-2%,105,Jordan Bell,PF/C,11.3,11.0,3.3,1.0,2,9.6,10,3400,111.3,,MIL,230.5,PF,11.3,3400,8.0,MIN,3.31
2019-11-11,0.0,0.0,0.0,19.7,6.2,4,13,3,12.9,11,28,10.8,2.0,23.0,108,6%,103,Jordan Bell,PF/C,0.0,0.0,0.0,0.0,3,12.9,11,3200,109.8,O,DET,223.5,PF,0.0,3200,4.0,MIN,0.0
2019-11-16,-0.3,2.5,-0.1,18.3,3.8,5,10,3,11.1,10,23,11.1,3.5,23.0,106,16%,110,Jordan Bell,PF/C,0.0,0.0,0.0,0.0,3,11.1,10,3100,117.0,Q,HOU,232.5,PF,7.3,3100,-1.5,MIN,2.34
2019-11-25,2.0,3.7,0.6,18.9,2.4,1,10,2,11.2,10,21,11.2,-0.3,23.0,111,1%,105,Jordan Bell,PF/C,0.0,0.0,0.0,1.0,3,10.7,10,3200,120.0,,ATL,236.0,PF,7.3,3200,-4.0,MIN,2.27
2019-11-27,1.3,2.7,0.4,17.8,1.3,1,10,2,9.6,9,27,9.6,-0.3,23.0,112,2%,103,Jordan Bell,PF/C,0.0,0.0,0.0,1.0,2,9.6,9,3100,113.8,,SA,230.5,PF,4.3,3100,3.0,MIN,1.37
2019-12-06,21.3,20.9,7.1,16.1,0.4,1,4,1,5.5,6,20,5.5,-0.3,19.8,106,-8%,101,Jordan Bell,PF/C,0.0,0.0,0.0,1.0,2,8.3,8,3000,106.8,,OKC,217.0,PF,5.3,3000,3.5,MIN,1.75
2019-12-08,11.0,20.2,3.3,17.9,1.1,5,13,2,9.8,10,18,9.8,1.3,21.3,100,-12%,103,Jordan Bell,PF/C,0.0,0.0,0.0,1.0,3,9.5,9,3300,108.3,,LAL,227.0,PF,4.3,3300,10.5,MIN,1.29
2019-12-09,6.5,5.1,1.9,17.6,1.6,6,21,3,8.1,11,3,7.8,1.3,21.3,107,1%,105,Jordan Bell,PF/C,13.7,15.0,3.9,0.0,3,9.6,10,3500,114.5,,PHO,233.0,PF,8.0,3500,4.0,MIN,2.29
2019-12-11,11.8,13.6,3.6,17.1,1.6,3,13,3,8.9,11,25,8.7,1.3,21.3,103,0%,103,Jordan Bell,PF/C,12.3,14.0,3.7,1.0,3,9.3,10,3300,110.8,,UTA,220.5,PF,7.3,3300,-1.0,MIN,2.2
2019-12-13,9.8,11.0,3.3,17.0,2.1,2,9,3,11.1,13,20,10.8,4.8,21.3,103,-5%,106,Jordan Bell,PF/C,0.0,0.0,0.0,1.0,3,9.5,10,3000,112.0,,LAC,228.5,PF,7.3,3000,4.5,MIN,2.42
2019-12-18,12.3,10.8,4.1,16.7,2.4,2,12,3,12.1,14,11,11.8,6.5,21.3,112,4%,106,Jordan Bell,PF/C,18.4,18.0,6.1,4.0,2,9.5,10,3000,116.5,,NO,230.0,PF,15.8,3000,-3.0,MIN,5.25
2019-12-20,17.5,16.5,5.0,16.7,2.7,3,11,2,10.3,12,2,10.0,6.5,12.3,101,-8%,100,Jordan Bell,PF/C,10.8,11.5,3.1,1.0,3,9.7,10,3500,102.3,,DEN,215.0,PF,7.3,3500,10.5,MIN,2.07
2020-01-01,7.3,14.2,2.4,16.4,2.2,2,4,2,8.8,9,18,8.8,1.3,17.5,99,1%,107,Jordan Bell,PF/C,0.0,0.0,0.0,1.0,3,9.3,10,3000,101.3,,MIL,220.5,PF,6.8,3000,18.0,MIN,2.25
2020-01-02,6.5,5.3,2.2,16.1,2.3,2,9,2,8.3,10,15,8.3,1.3,17.5,110,-2%,103,Jordan Bell,PF/C,12.6,12.5,4.2,0.0,2,9.2,10,3000,108.3,,GS,213.5,PF,11.5,3000,-3.0,MIN,3.83
