game_date,Actual FP,Actual Min,Actual Val,Ceil FP,Floor FP,L2 FGA,L2 Min,L5 FGA,L5 FP,L5 Min,L5_dvp_rank,L5_ppg_avg,L5_ppg_floor,L5_ppg_max,Opp DEff,Opp DvP,Opp Pace,Player Name,Pos,Proj FP,Proj Min,Proj Val,Rest,S FGA,S FP,S Min,Salary,implied_team_score,injury_status,opp,over_under,position,ppg_projection,salary,spread,team,value_projection
2019-10-23,16.5,34.3,2.0,0.0,0.0,0,0,0,0.0,0,1,50.1,38.3,58.0,107,-1%,104,Kemba Walker,PG,38.5,34.0,4.8,,0,0.0,0,8100,104.0,,PHI,214.0,PG,40.8,8100,6.0,BOS,5.03
2019-10-25,40.5,36.2,5.2,16.5,16.5,18,34,18,16.5,34,30,43.6,16.5,58.0,104,-1%,103,Kemba Walker,PG,40.9,34.0,5.2,1.0,18,16.5,34,7800,107.8,,TOR,213.0,PG,41.5,7800,-2.5,BOS,5.32
2019-10-26,51.8,30.4,6.3,45.5,11.5,20,35,20,28.5,35,19,41.6,16.5,58.0,111,0%,102,Kemba Walker,PG,41.7,34.5,5.1,0.0,20,28.5,35,8200,111.5,,NY,217.5,PG,40.8,8200,-5.5,BOS,4.97
2019-10-30,49.0,38.1,5.9,54.3,18.2,20,33,19,36.3,34,23,41.3,16.5,58.0,103,-4%,105,Kemba Walker,PG,40.3,34.5,4.9,3.0,19,36.3,34,8300,110.5,,MIL,224.0,PG,42.3,8300,3.0,BOS,5.09
2019-11-01,50.0,35.6,6.0,55.5,23.4,18,34,19,39.4,35,21,43.4,16.5,58.0,111,0%,102,Kemba Walker,PG,40.3,33.5,4.8,1.0,19,39.4,35,8400,111.0,,NY,211.5,PG,41.3,8400,-10.5,BOS,4.91
2019-11-05,46.5,33.6,5.5,56.2,26.9,19,37,19,41.5,35,24,41.8,16.5,53.0,108,7%,103,Kemba Walker,PG,44.7,35.0,5.3,3.0,19,41.5,35,8500,110.8,,CLE,215.5,PG,42.3,8500,-6.0,BOS,4.97
2019-11-07,28.0,29.2,3.0,55.6,29.1,19,35,19,47.5,35,7,47.8,40.5,53.0,108,3%,102,Kemba Walker,PG,42.1,34.5,4.5,1.0,19,42.4,35,9300,111.0,,CHA,215.0,PG,41.0,9300,-7.0,BOS,4.41
2019-11-11,47.3,33.1,5.3,54.3,28.8,16,31,18,44.8,34,20,44.8,28.0,50.3,108,-2%,104,Kemba Walker,PG,40.6,34.0,4.6,1.0,18,41.6,34,8900,112.0,,DAL,221.0,PG,42.0,8900,-3.0,BOS,4.72
2019-11-13,45.8,35.0,5.3,54.3,30.1,19,33,17,44.4,33,22,44.4,28.0,50.3,111,0%,107,Kemba Walker,PG,44.7,34.5,5.2,1.0,18,42.2,34,8600,118.5,,WAS,229.5,PG,44.8,8600,-7.5,BOS,5.2
2019-11-15,38.8,34.9,4.7,54.0,31.1,17,34,17,43.5,33,25,43.6,28.0,50.3,115,3%,105,Kemba Walker,PG,42.8,34.0,5.2,1.0,18,42.5,34,8200,115.0,,GS,223.0,PG,42.8,8200,-7.0,BOS,5.21
2019-11-18,28.0,29.9,3.3,52.2,30.3,16,33,17,42.5,34,14,42.6,30.8,50.3,102,-4%,107,Kemba Walker,PG,40.2,34.0,4.8,0.0,18,41.3,34,8400,111.5,,PHO,226.0,PG,39.5,8400,3.0,BOS,4.7
2019-11-20,27.8,38.7,3.4,51.3,29.1,16,31,17,38.1,33,24,38.1,28.0,47.3,102,7%,105,Kemba Walker,PG,38.8,33.5,4.7,1.0,18,40.2,33,8200,105.0,,LAC,217.5,PG,39.8,8200,7.5,BOS,4.85
2019-11-22,9.8,12.0,1.3,50.5,28.2,18,34,17,34.2,34,12,34.2,27.8,45.8,101,0%,101,Kemba Walker,PG,37.1,34.0,4.9,1.0,18,39.3,34,7600,100.5,,DEN,206.5,PG,36.3,7600,5.5,BOS,4.77
2019-11-27,56.5,31.2,8.4,50.5,28.2,18,34,17,34.2,34,4,27.0,9.8,38.8,106,7%,106,Kemba Walker,PG,40.1,33.0,6.0,1.0,18,39.3,34,6700,111.0,,BKN,214.0,PG,38.5,6700,-8.0,BOS,5.75
2019-12-01,40.3,33.3,5.0,51.4,28.5,22,31,18,35.0,33,3,30.9,9.8,56.5,109,0%,100,Kemba Walker,PG,38.7,32.5,4.8,1.0,18,40.0,34,8100,107.5,,NY,207.5,PG,39.0,8100,-7.5,BOS,4.81
2019-12-04,52.0,31.4,6.8,51.1,28.9,19,32,19,37.0,33,23,33.3,9.8,56.5,101,-9%,103,Kemba Walker,PG,38.7,33.5,5.1,2.0,18,40.0,34,7600,107.3,,MIA,209.0,PG,39.5,7600,-5.5,BOS,5.2
2019-12-06,33.5,28.6,4.3,51.8,29.5,18,32,19,41.8,33,3,38.2,9.8,56.5,100,-8%,100,Kemba Walker,PG,38.1,33.0,4.9,1.0,18,40.7,33,7800,104.5,,DEN,205.5,PG,37.3,7800,-3.5,BOS,4.78
2019-12-09,38.5,29.2,4.8,51.2,29.4,17,30,19,42.9,31,20,42.9,32.3,56.5,112,10%,102,Kemba Walker,PG,40.0,32.5,4.9,2.0,18,40.3,33,8100,115.0,,CLE,216.0,PG,39.5,8100,-14.0,BOS,4.88
2019-12-11,64.8,35.3,8.5,50.8,29.6,15,29,17,39.3,31,13,39.3,32.3,52.0,102,-4%,102,Kemba Walker,PG,35.9,32.5,4.7,1.0,18,40.2,33,7600,105.3,,IND,209.5,PG,35.3,7600,-1.0,BOS,4.64
2019-12-12,46.3,36.3,6.0,53.0,29.7,21,32,18,45.8,32,11,45.8,33.5,64.8,101,-8%,102,Kemba Walker,PG,37.4,33.0,4.9,0.0,18,41.4,33,7700,106.8,,PHI,212.5,PG,38.3,7700,-1.0,BOS,4.97
2019-12-18,45.3,35.8,6.1,53.0,30.1,25,36,19,47.0,32,1,47.0,33.5,64.8,106,-11%,102,Kemba Walker,PG,42.8,35.5,5.8,5.0,18,41.6,33,7400,108.5,,DAL,215.5,PG,41.5,7400,-1.5,BOS,5.61
2019-12-20,22.8,29.8,2.7,52.9,30.5,20,36,19,45.6,33,28,45.7,33.5,64.8,108,10%,102,Kemba Walker,PG,44.9,35.0,5.4,1.0,18,41.7,33,8300,111.3,,DET,213.5,PG,43.0,8300,-9.0,BOS,5.18
2019-12-22,31.8,30.1,3.9,52.6,29.3,12,33,17,43.5,33,13,43.5,22.8,64.8,110,-2%,100,Kemba Walker,PG,42.3,34.5,5.2,1.0,18,40.9,33,8200,110.8,,CHA,208.5,PG,42.8,8200,-13.0,BOS,5.21
2019-12-25,30.3,32.9,3.8,52.1,29.1,11,30,18,42.1,34,6,42.2,22.8,64.8,101,-1%,104,Kemba Walker,PG,41.1,35.5,5.1,2.0,18,40.6,33,8000,109.0,,TOR,214.5,PG,39.0,8000,-3.5,BOS,4.88
2019-12-28,40.5,38.8,5.5,51.2,28.2,16,31,14,31.5,32,4,31.5,22.8,45.3,102,-1%,104,Kemba Walker,PG,39.3,33.0,5.3,0.0,18,39.7,33,7400,111.5,,TOR,216.0,PG,40.0,7400,-7.0,BOS,5.41
2020-01-03,0.0,0.0,0.0,51.1,28.8,21,35,18,35.3,32,9,35.3,27.5,46.5,111,-1%,106,Kemba Walker,PG,0.0,0.0,0.0,2.0,18,40.0,33,8300,117.0,O,ATL,223.5,PG,0.0,8300,-10.5,BOS,0.0
2020-01-04,0.0,0.0,0.0,51.1,28.8,21,35,18,35.3,32,1,35.3,27.5,46.5,103,-13%,103,Kemba Walker,PG,0.0,0.0,0.0,0.0,18,40.0,33,8200,103.5,O,CHI,208.0,PG,0.0,8200,1.0,BOS,0.0
2020-01-06,0.0,0.0,0.0,51.1,28.8,21,35,18,35.3,32,11,35.3,27.5,46.5,114,9%,106,Kemba Walker,PG,0.0,0.0,0.0,1.0,18,40.0,33,8300,117.5,O,WAS,226.5,PG,0.0,8300,-8.5,BOS,0.0
2020-01-08,14.8,17.9,1.8,51.1,28.8,21,35,18,35.3,32,22,35.3,27.5,46.5,110,7%,103,Kemba Walker,PG,32.9,27.0,4.1,1.0,18,40.0,33,8100,114.8,,SA,222.5,PG,36.5,8100,-7.0,BOS,4.51
2020-01-09,36.5,32.7,5.6,51.1,28.8,21,35,18,35.3,32,10,31.9,14.8,46.5,104,-8%,102,Kemba Walker,PG,33.0,30.0,5.1,0.0,18,40.0,33,6500,107.0,,PHI,216.5,PG,32.5,6500,2.5,BOS,5.0
2020-01-11,36.3,28.9,4.8,50.8,28.9,20,32,19,36.3,33,25,33.2,14.8,46.5,110,5%,105,Kemba Walker,PG,39.9,32.5,5.2,1.0,18,39.9,33,7600,117.3,,NO,223.5,PG,40.0,7600,-11.0,BOS,5.26
2020-01-13,26.5,27.6,3.7,50.6,28.9,16,31,18,37.5,32,4,34.9,14.8,46.5,105,-13%,102,Kemba Walker,PG,36.8,33.0,5.1,1.0,18,39.7,33,7200,113.3,,CHI,216.0,PG,37.5,7200,-10.5,BOS,5.21
2020-01-15,28.0,33.1,3.9,50.2,28.4,11,28,17,37.3,32,30,32.1,14.8,46.5,110,3%,101,Kemba Walker,PG,42.0,33.5,5.8,1.0,17,39.3,33,7200,113.5,,DET,218.0,PG,38.0,7200,-9.0,BOS,5.28
2020-01-16,62.8,38.2,8.6,49.9,28.1,14,30,16,34.8,31,22,28.4,14.8,36.5,99,1%,107,Kemba Walker,PG,38.4,33.5,5.3,0.0,18,39.0,33,7300,108.5,,MIL,228.0,PG,39.0,7300,11.0,BOS,5.34
2020-01-22,26.8,25.9,3.6,50.9,28.3,18,34,15,38.2,32,25,38.2,26.5,62.8,109,4%,106,Kemba Walker,PG,43.8,33.5,5.9,1.0,18,39.6,33,7400,119.5,,MEM,232.0,PG,43.5,7400,-7.0,BOS,5.88
2020-01-24,60.5,36.3,8.1,50.6,27.9,11,28,15,36.3,31,23,36.3,26.5,62.8,104,-2%,100,Kemba Walker,PG,42.7,34.5,5.7,1.0,17,39.3,33,7500,105.5,,ORL,212.5,PG,35.8,7500,1.5,BOS,4.77
2020-01-26,54.3,38.2,6.9,51.6,28.1,16,31,17,43.1,33,15,43.1,26.8,62.8,110,6%,106,Kemba Walker,PG,44.8,34.5,5.7,1.0,17,39.8,33,7900,116.3,,NO,231.5,PG,44.0,7900,-1.0,BOS,5.57
2020-01-28,35.5,37.9,4.6,52.0,28.4,24,37,18,48.4,34,1,48.4,26.8,62.8,106,-9%,101,Kemba Walker,PG,41.0,35.0,5.3,1.0,18,40.2,33,7800,109.0,,MIA,219.0,PG,40.8,7800,1.0,BOS,5.22
2020-01-30,29.5,31.0,3.7,51.8,28.4,22,38,18,42.9,34,17,42.9,26.8,60.5,110,9%,103,Kemba Walker,PG,44.2,33.5,5.6,1.0,18,40.1,33,7900,119.5,,GS,227.0,PG,43.5,7900,-12.0,BOS,5.51
2020-02-01,0.0,0.0,0.0,51.5,28.2,16,35,18,41.3,34,24,41.3,26.8,60.5,103,-6%,101,Kemba Walker,PG,0.0,0.0,0.0,1.0,18,39.8,33,7800,105.8,O,PHI,213.0,PG,0.0,7800,1.5,BOS,0.0
2020-02-03,0.0,0.0,0.0,51.5,28.2,16,35,18,41.3,34,25,41.3,26.8,60.5,111,0%,106,Kemba Walker,PG,0.0,0.0,0.0,1.0,18,39.8,33,7900,117.3,O,ATL,229.5,PG,0.0,7900,-5.0,BOS,0.0
