game_date,Actual FP,Actual Min,Actual Val,Ceil FP,Floor FP,L2 FGA,L2 Min,L5 FGA,L5 FP,L5 Min,L5_dvp_rank,L5_ppg_avg,L5_ppg_floor,L5_ppg_max,Opp DEff,Opp DvP,Opp Pace,Player Name,Pos,Proj FP,Proj Min,Proj Val,Rest,S FGA,S FP,S Min,Salary,implied_team_score,injury_status,opp,over_under,position,ppg_projection,salary,spread,team,value_projection
2019-10-24,11.0,14.1,2.7,0.0,0.0,0,0,0,0.0,0,29,26.2,21.8,32.8,107,-3%,100,Kevin Huerter,SG/SF,11.7,15.0,2.9,,0,0.0,0,4100,110.3,,DET,222.0,SG,14.8,4100,1.5,ATL,3.6
2019-10-26,21.0,20.7,5.4,11.0,11.0,3,14,3,11.0,14,12,24.1,11.0,32.8,106,-2%,100,Kevin Huerter,SG/SF,15.4,19.5,3.9,1.0,3,11.0,14,3900,106.8,,ORL,216.0,SG,16.0,3900,2.5,ATL,4.1
2019-10-28,17.0,20.2,4.4,23.1,8.9,5,17,5,16.0,17,6,23.7,11.0,32.8,107,-5%,104,Kevin Huerter,SG/SF,16.5,21.0,4.2,1.0,5,16.0,17,3900,108.5,,PHI,222.5,SG,19.0,3900,5.5,ATL,4.87
2019-10-29,17.3,19.2,4.8,21.4,11.3,6,20,5,16.3,18,24,21.0,11.0,32.8,105,-4%,101,Kevin Huerter,SG/SF,17.0,21.0,4.7,0.0,5,16.3,18,3600,107.5,,MIA,223.0,SG,17.8,3600,8.0,ATL,4.93
2019-10-31,14.0,25.9,4.1,20.7,12.4,6,20,5,16.6,19,25,19.8,11.0,32.8,105,-4%,101,Kevin Huerter,SG/SF,21.8,25.0,6.4,1.0,5,16.6,19,3400,104.5,,MIA,215.5,SG,17.8,3400,6.5,ATL,5.22
2019-11-05,21.0,24.9,5.1,19.8,12.3,8,23,6,16.1,20,9,16.1,11.0,21.0,103,0%,106,Kevin Huerter,SG/SF,24.1,29.5,5.9,4.0,6,16.1,20,4100,108.0,,SA,221.5,SG,21.3,4100,5.5,ATL,5.18
2019-11-06,21.5,23.9,5.5,20.8,13.0,9,25,7,18.1,22,10,18.1,14.0,21.0,107,-2%,104,Kevin Huerter,SG/SF,22.7,26.0,5.8,0.0,7,16.9,21,3900,110.5,,CHI,222.0,SG,23.5,3900,1.0,ATL,6.03
2019-11-08,28.8,29.9,6.7,21.5,13.6,10,24,8,18.1,23,8,18.2,14.0,21.5,110,10%,103,Kevin Huerter,SG/SF,22.3,26.0,5.2,1.0,7,17.5,21,4300,111.8,,SAC,226.0,SG,20.0,4300,2.5,ATL,4.65
2019-11-10,23.8,30.9,5.2,24.4,13.5,10,27,9,20.5,25,18,20.5,14.0,28.8,108,1%,106,Kevin Huerter,SG/SF,24.7,30.0,5.4,1.0,7,18.9,22,4600,108.3,,POR,225.5,SG,23.8,4600,9.0,ATL,5.16
2019-11-12,21.5,15.5,4.6,24.8,14.2,11,30,10,21.8,27,20,21.8,14.0,28.8,99,-2%,100,Kevin Huerter,SG/SF,23.1,30.5,4.9,1.0,8,19.5,23,4700,99.5,,DEN,209.0,SG,22.5,4700,10.0,ATL,4.79
2019-11-14,0.0,0.0,0.0,24.7,14.6,8,23,9,23.3,25,24,23.3,21.0,28.8,103,-10%,106,Kevin Huerter,SG/SF,0.0,0.0,0.0,1.0,8,19.7,23,4500,110.8,O,PHO,229.5,SG,0.0,4500,8.0,ATL,0.0
2019-11-16,0.0,0.0,0.0,24.7,14.6,8,23,9,23.3,25,13,23.3,21.0,28.8,104,-2%,105,Kevin Huerter,SG/SF,0.0,0.0,0.0,1.0,8,19.7,23,4500,105.5,O,LAC,222.0,SG,0.0,4500,11.0,ATL,0.0
2019-11-17,0.0,0.0,0.0,24.7,14.6,8,23,9,23.3,25,23,23.3,21.0,28.8,97,2%,103,Kevin Huerter,SG/SF,0.0,0.0,0.0,0.0,8,19.7,23,4300,103.3,O,LAL,220.5,SG,0.0,4300,14.0,ATL,0.0
2019-11-20,0.0,0.0,0.0,24.7,14.6,8,23,9,23.3,25,10,23.3,21.0,28.8,99,8%,109,Kevin Huerter,SG/SF,0.0,0.0,0.0,2.0,8,19.7,23,4400,110.8,O,MIL,232.5,SG,0.0,4400,11.0,ATL,0.0
2019-11-22,0.0,0.0,0.0,24.7,14.6,8,23,9,23.3,25,27,23.3,21.0,28.8,109,-1%,102,Kevin Huerter,SG/SF,0.0,0.0,0.0,1.0,8,19.7,23,4300,109.5,O,DET,225.0,SG,0.0,4300,6.0,ATL,0.0
2019-11-23,0.0,0.0,0.0,24.7,14.6,8,23,9,23.3,25,11,23.3,21.0,28.8,100,-2%,104,Kevin Huerter,SG/SF,0.0,0.0,0.0,0.0,8,19.7,23,4200,107.8,O,TOR,223.0,SG,0.0,4200,7.5,ATL,0.0
2019-11-25,0.0,0.0,0.0,24.7,14.6,8,23,9,23.3,25,17,23.3,21.0,28.8,106,10%,107,Kevin Huerter,SG/SF,0.0,0.0,0.0,1.0,8,19.7,23,4300,116.0,O,MIN,236.0,SG,0.0,4300,4.0,ATL,0.0
2019-11-27,0.0,0.0,0.0,24.7,14.6,8,23,9,23.3,25,11,23.3,21.0,28.8,101,4%,108,Kevin Huerter,SG/SF,0.0,0.0,0.0,1.0,8,19.7,23,4400,112.5,O,MIL,239.5,SG,0.0,4400,14.5,ATL,0.0
2019-11-29,0.0,0.0,0.0,24.7,14.6,8,23,9,23.3,25,15,23.3,21.0,28.8,101,5%,102,Kevin Huerter,SG/SF,0.0,0.0,0.0,1.0,8,19.7,23,4200,106.3,O,IND,223.5,SG,0.0,4200,11.0,ATL,0.0
2019-11-30,0.0,0.0,0.0,24.7,14.6,8,23,9,23.3,25,20,23.3,21.0,28.8,107,11%,108,Kevin Huerter,SG/SF,0.0,0.0,0.0,0.0,8,19.7,23,4300,112.5,O,HOU,238.5,SG,0.0,4300,13.5,ATL,0.0
2019-12-02,0.0,0.0,0.0,24.7,14.6,8,23,9,23.3,25,9,23.3,21.0,28.8,112,6%,104,Kevin Huerter,SG/SF,0.0,0.0,0.0,1.0,8,19.7,23,4300,114.5,O,GS,222.5,SG,0.0,4300,-6.5,ATL,0.0
2019-12-04,8.3,15.4,2.1,24.7,14.6,8,23,9,23.3,25,21,23.3,21.0,28.8,106,2%,106,Kevin Huerter,SG/SF,15.1,18.0,3.8,1.0,8,19.7,23,4000,113.0,,BKN,229.0,SG,14.0,4000,3.0,ATL,3.5
2019-12-10,25.5,25.8,5.8,25.7,13.2,4,20,7,22.1,23,18,22.1,8.3,28.8,102,-3%,102,Kevin Huerter,SG/SF,21.0,24.5,4.8,1.0,7,19.4,22,4400,105.3,,MIA,218.5,SG,20.5,4400,8.0,ATL,4.66
2019-12-11,19.0,24.3,4.4,26.1,13.7,7,25,6,21.4,22,25,21.4,8.3,28.0,105,-1%,104,Kevin Huerter,SG/SF,21.4,25.0,5.0,0.0,7,19.9,22,4300,107.3,,CHI,221.0,SG,21.0,4300,6.5,ATL,4.88
2019-12-13,18.8,30.0,4.7,25.8,13.8,9,25,6,20.4,21,1,20.5,8.3,28.0,102,-2%,102,Kevin Huerter,SG/SF,24.4,28.0,6.1,1.0,7,19.8,23,4000,109.0,,IND,224.0,SG,21.5,4000,6.0,ATL,5.38
2019-12-15,16.0,23.5,4.0,25.5,14.0,8,27,6,19.9,24,13,19.9,8.3,28.0,101,2%,103,Kevin Huerter,SG/SF,25.3,28.5,6.3,1.0,7,19.8,23,4000,108.3,,LAL,228.0,SG,24.5,4000,11.5,ATL,6.13
2019-12-17,33.8,32.3,8.0,25.2,13.9,7,27,7,21.4,26,12,21.5,16.0,28.0,111,-5%,100,Kevin Huerter,SG/SF,22.9,28.5,5.5,1.0,7,19.5,23,4200,111.5,,NY,224.5,SG,21.5,4200,1.5,ATL,5.12
2019-12-19,27.5,32.0,5.6,26.8,13.9,11,28,9,22.6,27,23,22.6,16.0,33.8,104,-11%,102,Kevin Huerter,SG/SF,25.5,31.5,5.2,1.0,8,20.4,24,4900,109.0,,UTA,224.5,SG,24.3,4900,6.5,ATL,4.95
2019-12-23,32.5,31.7,6.4,27.8,14.6,13,34,11,25.0,31,16,25.0,16.0,33.8,113,10%,101,Kevin Huerter,PG/SG,28.0,32.0,5.5,1.0,8,21.2,25,5100,114.3,,CLE,229.5,PG,27.0,5100,1.0,ATL,5.29
2019-12-27,20.3,27.1,3.9,28.6,14.9,13,34,12,27.8,31,14,27.8,16.0,33.8,100,-4%,107,Kevin Huerter,PG/SG,28.5,32.0,5.5,3.0,8,21.8,25,5200,113.3,,MIL,234.5,PG,28.8,5200,8.0,ATL,5.53
2019-12-28,11.8,29.8,2.2,28.4,15.0,11,29,12,28.6,32,2,28.6,20.3,33.8,104,-2%,103,Kevin Huerter,PG/SG,28.3,32.5,5.2,0.0,8,21.7,25,5400,103.5,,CHI,216.5,PG,26.8,5400,9.5,ATL,4.95
2019-12-30,38.5,32.5,6.4,28.1,14.3,11,28,12,24.2,31,20,24.2,11.8,32.5,105,1%,100,Kevin Huerter,PG/SG,26.9,31.5,4.5,1.0,9,21.2,25,6000,99.3,,ORL,209.5,PG,26.3,6000,11.0,ATL,4.38
2020-01-03,38.3,38.8,7.4,29.6,14.3,13,31,12,26.4,31,27,26.4,11.8,38.5,102,-5%,101,Kevin Huerter,PG/SG,25.3,32.0,4.9,3.0,9,22.0,26,5200,106.5,,BOS,223.5,PG,23.5,5200,10.5,ATL,4.52
2020-01-04,45.5,41.1,8.6,30.8,14.5,15,36,13,28.3,32,18,28.3,11.8,38.5,104,-2%,101,Kevin Huerter,PG/SG,29.2,33.0,5.5,0.0,9,22.7,26,5300,107.0,,IND,221.0,PG,28.0,5300,7.0,ATL,5.28
2020-01-06,38.0,33.6,6.2,32.8,14.4,18,40,14,30.9,34,13,30.9,11.8,45.5,105,-5%,100,Kevin Huerter,PG/SG,28.0,34.0,4.6,1.0,9,23.6,27,6100,107.8,,DEN,223.0,PG,26.8,6100,7.5,ATL,4.39
2020-01-08,26.5,37.2,4.3,33.6,14.7,15,37,14,34.4,35,28,34.4,11.8,45.5,107,7%,106,Kevin Huerter,PG/SG,29.9,33.0,4.8,1.0,10,24.1,27,6200,114.3,,HOU,236.5,PG,31.3,6200,8.0,ATL,5.04
2020-01-10,25.3,25.7,4.1,33.5,14.9,11,35,14,37.4,37,12,37.4,26.5,45.5,114,9%,106,Kevin Huerter,PG/SG,31.2,34.5,5.1,1.0,10,24.2,27,6100,119.0,,WAS,239.0,PG,31.0,6100,1.0,ATL,5.08
2020-01-12,22.8,25.9,3.8,33.4,15.1,11,32,14,34.7,35,27,34.7,25.3,45.5,105,1%,105,Kevin Huerter,PG/SG,32.5,33.5,5.4,1.0,10,24.3,27,6000,110.8,,BKN,229.5,PG,29.5,6000,8.0,ATL,4.92
2020-01-14,58.3,38.2,9.4,33.2,15.2,11,26,12,31.6,33,2,31.6,22.8,45.5,108,1%,104,Kevin Huerter,PG/SG,30.9,33.5,5.0,1.0,10,24.2,27,6200,113.8,,PHO,230.5,PG,30.3,6200,3.0,ATL,4.88
2020-01-17,28.5,34.5,4.3,36.1,14.6,13,32,12,34.1,32,20,34.2,22.8,58.3,110,1%,103,Kevin Huerter,SG,30.2,34.0,4.5,2.0,10,25.3,28,6700,111.0,,SA,230.5,SG,29.0,6700,8.5,ATL,4.33
2020-01-18,3.5,23.7,0.5,36.0,14.8,16,36,13,32.3,32,27,32.3,22.8,58.3,110,-4%,101,Kevin Huerter,SG,31.2,33.5,4.8,0.0,10,25.4,28,6500,114.0,,DET,229.5,SG,29.0,6500,1.5,ATL,4.46
2020-01-20,25.3,29.6,4.4,35.9,13.6,12,29,12,27.6,30,13,27.7,3.5,58.3,101,0%,103,Kevin Huerter,SG,29.8,32.5,5.2,1.0,10,24.8,28,5700,110.0,,TOR,229.0,SG,27.3,5700,9.0,ATL,4.78
2020-01-22,27.8,35.8,5.2,35.7,13.8,10,27,12,27.6,30,27,27.7,3.5,58.3,105,0%,105,Kevin Huerter,SG,32.9,33.5,6.2,1.0,10,24.8,28,5300,115.3,,LAC,234.0,SG,30.8,5300,3.5,ATL,5.8
2020-01-24,21.5,30.1,3.6,36.0,14.6,13,33,13,28.6,32,15,28.7,3.5,58.3,106,-7%,101,Kevin Huerter,SG,27.5,33.0,4.7,1.0,10,25.3,29,5900,111.5,,OKC,231.0,SG,25.0,5900,8.0,ATL,4.24
2020-01-26,34.0,38.5,6.7,35.7,14.6,10,33,11,21.3,31,27,21.3,3.5,28.5,113,8%,105,Kevin Huerter,SG,30.3,32.5,5.9,1.0,10,25.2,29,5100,121.3,,WAS,241.5,SG,30.5,5100,-1.0,ATL,5.98
