game_date,Actual FP,Actual Min,Actual Val,Ceil FP,Floor FP,L2 FGA,L2 Min,L5 FGA,L5 FP,L5 Min,L5_dvp_rank,L5_ppg_avg,L5_ppg_floor,L5_ppg_max,Opp DEff,Opp DvP,Opp Pace,Player Name,Pos,Proj FP,Proj Min,Proj Val,Rest,S FGA,S FP,S Min,Salary,implied_team_score,injury_status,opp,over_under,position,ppg_projection,salary,spread,team,value_projection
2019-10-23,52.8,33.5,5.6,0.0,0.0,0,0,0,0.0,0,19,56.1,38.0,65.5,111,5%,104,Luka Doncic,PG/SG,50.1,33.5,5.3,,0,0.0,0,9400,114.3,,WAS,219.5,PG,51.3,9400,-9.0,DAL,5.45
2019-10-25,61.0,37.7,6.6,52.8,52.8,19,34,19,52.8,34,19,54.4,38.0,65.5,110,7%,106,Luka Doncic,PG/SG,51.7,34.0,5.6,1.0,19,52.8,34,9200,112.5,,NO,227.0,PG,52.3,9200,2.0,DAL,5.68
2019-10-27,64.0,37.7,6.7,62.7,51.0,19,36,19,56.9,36,13,53.9,38.0,65.5,108,-1%,102,Luka Doncic,PG/SG,51.2,34.5,5.4,1.0,19,56.9,36,9500,111.5,,POR,220.5,PG,49.3,9500,-2.5,DAL,5.18
2019-10-29,27.0,32.5,2.8,65.1,53.4,21,38,20,59.3,36,18,59.1,52.8,65.5,107,-8%,100,Luka Doncic,PG/SG,49.7,35.0,5.2,1.0,20,59.3,36,9500,103.5,,DEN,212.0,PG,48.3,9500,5.0,DAL,5.08
2019-11-01,75.3,38.1,7.8,68.0,34.4,17,35,18,51.2,35,11,53.8,27.0,65.5,107,1%,106,Luka Doncic,PG/SG,50.7,34.5,5.2,2.0,18,51.2,35,9700,109.5,,LAL,218.0,PG,48.5,9700,-1.0,DAL,5.0
2019-11-03,73.5,33.5,8.0,74.1,37.9,18,35,19,56.0,36,11,55.4,27.0,73.8,115,6%,99,Luka Doncic,PG/SG,50.8,34.5,5.5,1.0,19,56.0,36,9200,111.5,,CLE,218.0,PG,51.3,9200,-5.0,DAL,5.57
2019-11-06,43.8,37.4,4.5,76.6,41.2,20,36,19,60.1,36,6,59.3,27.0,73.8,98,-1%,100,Luka Doncic,PG/SG,53.7,34.5,5.5,2.0,19,58.9,36,9800,107.0,,ORL,207.5,PG,49.0,9800,-6.5,DAL,5.0
2019-11-08,72.5,35.2,7.3,73.9,39.6,19,36,19,56.7,36,6,56.1,27.0,73.8,110,2%,101,Luka Doncic,PG/SG,53.9,34.5,5.4,1.0,19,56.8,36,9900,113.0,,NY,215.0,PG,50.8,9900,-11.0,DAL,5.13
2019-11-09,59.0,28.7,6.1,75.5,41.9,24,36,20,58.4,35,5,57.5,27.0,73.8,106,11%,109,Luka Doncic,PG/SG,56.1,35.0,5.8,0.0,20,58.7,36,9600,113.5,,MEM,221.5,PG,55.5,9600,-5.5,DAL,5.78
2019-11-11,56.0,33.8,5.4,74.5,43.0,21,32,21,64.8,35,8,63.9,43.8,73.8,100,-9%,104,Luka Doncic,PG/SG,51.6,34.5,5.0,1.0,19,58.8,35,10400,109.0,,BOS,221.0,PG,50.8,10400,3.0,DAL,4.88
2019-11-14,74.5,35.5,7.5,73.3,43.6,19,31,20,61.0,34,28,60.4,43.8,72.0,109,-6%,102,Luka Doncic,PG/SG,56.3,34.5,5.6,2.0,20,58.5,35,10000,111.3,,NY,215.0,PG,53.8,10000,-7.5,DAL,5.38
2019-11-16,57.8,35.6,5.6,75.7,44.3,22,35,22,64.0,35,23,60.6,43.8,73.0,100,-7%,105,Luka Doncic,PG/SG,57.1,34.5,5.5,1.0,20,60.0,36,10300,111.3,,TOR,218.5,PG,55.8,10300,-4.0,DAL,5.41
2019-11-18,78.3,35.3,8.0,74.7,44.9,19,36,21,60.9,36,7,63.4,56.0,73.0,110,8%,104,Luka Doncic,PG/SG,60.0,35.0,6.1,1.0,20,59.8,36,9800,114.0,,SA,223.5,PG,59.8,9800,-4.5,DAL,6.1
2019-11-20,75.0,25.5,7.2,76.5,46.2,21,35,22,67.8,35,22,64.5,56.0,76.8,113,3%,105,Luka Doncic,PG/SG,60.5,34.5,5.8,1.0,20,61.4,36,10400,115.0,,GS,216.5,PG,60.8,10400,-13.5,DAL,5.84
2019-11-22,62.3,28.5,5.5,75.7,46.6,21,35,20,65.1,34,2,67.8,56.0,76.8,108,1%,102,Luka Doncic,PG/SG,61.0,34.5,5.4,1.0,20,61.2,35,11400,115.5,,CLE,221.0,PG,64.3,11400,-10.0,DAL,5.64
2019-11-26,43.5,34.5,3.8,75.6,48.2,24,32,22,68.7,34,27,68.7,57.8,76.8,103,4%,105,Luka Doncic,PG/SG,61.7,35.0,5.4,1.0,21,61.9,35,11400,112.0,,LAC,225.5,PG,64.0,11400,1.5,DAL,5.61
2019-11-29,73.8,37.5,6.3,74.7,46.7,22,35,20,62.5,34,18,65.8,43.5,76.8,106,0%,105,Luka Doncic,PG/SF,61.1,35.0,5.2,2.0,20,60.7,35,11800,116.5,,PHO,231.0,PG,58.3,11800,-2.0,DAL,4.94
2019-12-01,59.3,32.7,5.1,75.4,47.6,19,36,22,65.7,34,16,65.2,43.5,75.5,100,-4%,103,Luka Doncic,PG/SF,60.2,35.5,5.2,1.0,20,61.5,35,11600,108.0,,LAL,222.0,PG,58.3,11600,6.0,DAL,5.02
2019-12-03,65.0,28.5,5.8,74.9,47.9,24,35,22,61.9,34,25,62.0,43.5,73.8,111,7%,107,Luka Doncic,PG/SF,64.2,34.5,5.7,1.0,20,61.4,35,11300,119.0,,NO,234.0,PG,56.8,11300,-4.0,DAL,5.02
2019-12-04,37.8,31.6,3.3,74.7,48.4,21,31,22,62.4,34,28,62.5,43.5,73.8,105,8%,107,Luka Doncic,PG/SF,66.9,34.5,5.8,0.0,20,61.6,34,11600,117.0,,MIN,228.5,PG,58.0,11600,-5.5,DAL,5.0
2019-12-08,46.3,35.0,4.0,73.6,46.1,19,29,20,57.0,31,24,57.0,37.8,73.8,108,-6%,100,Luka Doncic,PG/SF,59.5,34.5,5.1,0.0,20,59.8,34,11700,112.8,,SAC,217.5,PG,57.5,11700,-8.0,DAL,4.91
2019-12-12,78.5,33.6,6.9,72.9,45.5,20,31,20,51.5,31,6,51.5,37.8,65.0,107,2%,101,Luka Doncic,PG/SF,60.1,35.0,5.3,3.0,20,59.2,34,11400,112.3,,DET,217.0,PG,55.3,11400,-7.5,DAL,4.85
2019-12-14,2.8,1.7,0.2,74.0,46.0,24,34,21,55.3,31,16,55.0,37.8,77.0,103,-9%,102,Luka Doncic,PG/SF,61.2,34.5,5.1,1.0,21,60.0,34,12000,112.0,,MIA,215.5,PG,63.3,12000,-8.5,DAL,5.27
2019-12-16,0.0,0.0,0.0,74.7,46.6,24,34,21,55.3,31,4,42.6,2.8,77.0,100,4%,107,Luka Doncic,PG/SF,0.0,0.0,0.0,1.0,20,60.7,33,11900,108.5,O,MIL,227.0,PG,0.0,11900,10.0,DAL,0.0
2019-12-18,0.0,0.0,0.0,74.7,46.6,24,34,21,55.3,31,2,42.6,2.8,77.0,102,-12%,102,Luka Doncic,PG/SF,0.0,0.0,0.0,1.0,20,60.7,33,11800,107.0,O,BOS,215.5,PG,0.0,11800,1.5,DAL,0.0
2019-12-20,0.0,0.0,0.0,74.7,46.6,24,34,21,55.3,31,3,42.6,2.8,77.0,102,-8%,102,Luka Doncic,PG/SF,0.0,0.0,0.0,1.0,20,60.7,33,11700,101.8,O,PHI,212.0,PG,0.0,11700,8.5,DAL,0.0
2019-12-26,51.0,32.6,4.3,74.7,46.6,24,34,21,55.3,31,14,42.6,2.8,77.0,110,5%,104,Luka Doncic,PG/SF,58.3,32.5,4.9,3.0,20,60.7,33,11800,116.8,,SA,226.0,PG,57.8,11800,-7.5,DAL,4.89
2019-12-28,78.0,30.1,6.7,74.1,46.4,24,33,22,52.5,32,26,45.2,2.8,77.0,109,7%,103,Luka Doncic,PG/SF,60.5,34.0,5.2,1.0,21,60.3,33,11700,114.0,,GS,217.5,PG,56.3,11700,-10.5,DAL,4.81
2019-12-29,35.5,30.3,3.1,75.0,46.9,20,31,20,60.5,32,16,50.7,2.8,77.0,102,-3%,103,Luka Doncic,PG/SF,58.0,34.0,5.1,0.0,20,61.0,33,11400,110.3,,LAL,225.0,PG,56.0,11400,4.5,DAL,4.91
2019-12-31,62.0,40.2,5.3,74.6,45.4,15,30,20,57.9,32,24,48.6,2.8,77.0,105,-1%,101,Luka Doncic,PG/SG,57.3,33.5,4.9,1.0,20,60.0,33,11600,,Q,OKC,,PG,59.0,11600,,DAL,5.09
2020-01-02,61.8,34.0,5.2,74.4,45.8,22,35,21,61.0,33,29,45.6,2.8,76.5,105,11%,105,Luka Doncic,PG/SG,67.1,35.5,5.6,1.0,20,60.1,33,12000,115.5,Q,BKN,223.0,PG,58.0,12000,-8.0,DAL,4.83
2020-01-04,77.5,43.0,6.3,74.2,46.1,24,37,20,57.6,34,17,57.4,35.5,76.5,110,-3%,100,Luka Doncic,PG/SF,61.4,34.5,5.0,1.0,20,60.1,33,12400,114.8,,CHA,218.0,PG,60.3,12400,-11.5,DAL,4.86
2020-01-06,74.3,34.4,6.1,74.9,46.5,25,39,22,63.0,36,1,62.4,35.5,76.5,104,-15%,103,Luka Doncic,PG/SF,61.9,35.0,5.1,1.0,21,60.7,34,12200,112.8,,CHI,217.5,PG,60.8,12200,-8.0,DAL,4.98
2020-01-08,52.3,37.3,4.3,75.3,47.0,28,39,23,62.2,36,12,61.6,35.5,76.0,105,-6%,100,Luka Doncic,PG/SF,63.9,34.5,5.2,1.0,21,61.2,34,12300,112.0,,DEN,221.0,PG,61.0,12300,-3.0,DAL,4.96
2020-01-10,47.0,32.1,3.7,74.9,46.9,24,36,25,65.5,38,20,65.0,52.3,76.0,102,-2%,103,Luka Doncic,PG/SF,65.0,35.0,5.2,1.0,21,60.9,34,12600,112.8,,LAL,223.0,PG,62.3,12600,-2.5,DAL,4.94
2020-01-11,46.5,33.0,3.8,74.5,46.5,22,35,23,62.5,36,19,62.0,47.0,76.0,103,-8%,102,Luka Doncic,PG/SF,62.1,34.5,5.0,0.0,21,60.5,34,12400,112.8,,PHI,222.5,PG,60.8,12400,-3.0,DAL,4.9
2020-01-14,34.5,27.0,2.7,74.0,46.1,17,33,23,59.5,36,17,58.9,46.5,76.0,109,8%,103,Luka Doncic,PG/SF,64.6,35.0,5.1,2.0,21,60.1,34,12600,116.5,,GS,224.5,PG,62.3,12600,-8.5,DAL,4.94
2020-01-15,70.8,34.1,5.9,73.8,44.9,17,30,20,50.9,33,10,50.6,34.5,72.8,108,-5%,100,Luka Doncic,PG/SF,59.2,34.5,4.9,0.0,21,59.3,34,12100,114.8,,SAC,225.0,PG,58.0,12100,-4.5,DAL,4.79
2020-01-17,60.0,34.0,4.8,74.0,45.3,19,31,19,50.2,33,17,49.9,34.5,69.3,109,7%,104,Luka Doncic,PG,65.5,34.5,5.3,1.0,21,59.6,34,12400,118.3,,POR,227.5,PG,59.0,12400,-9.0,DAL,4.76
2020-01-23,51.5,34.7,4.2,73.9,45.8,25,35,20,55.8,33,30,55.5,34.5,69.3,109,9%,104,Luka Doncic,PG,62.9,34.5,5.1,1.0,21,59.8,34,12300,116.3,,POR,227.0,PG,59.8,12300,-5.5,DAL,4.86
2020-01-27,54.3,33.3,4.6,73.2,45.4,25,36,23,59.0,35,15,58.8,46.0,69.3,106,1%,101,Luka Doncic,PG,60.8,34.5,5.1,1.0,21,59.3,34,11900,113.8,Q,OKC,226.5,PG,58.3,11900,-1.0,DAL,4.89
2020-01-28,32.0,25.3,2.7,72.9,45.4,25,35,25,55.8,35,21,55.8,46.0,67.0,108,3%,104,Luka Doncic,PG,61.6,34.5,5.1,0.0,21,59.2,34,12000,117.8,Q,PHO,228.5,PG,58.0,12000,-7.0,DAL,4.83
2020-01-31,0.0,0.0,0.0,72.7,44.3,20,29,23,50.1,33,12,50.2,32.0,67.0,107,2%,106,Luka Doncic,PG,0.0,0.0,0.0,2.0,21,58.5,34,11500,113.3,O,HOU,235.5,PG,0.0,11500,9.0,DAL,0.0
2020-02-01,0.0,0.0,0.0,72.7,44.3,20,29,23,50.1,33,20,50.2,32.0,67.0,111,-1%,106,Luka Doncic,PG,0.0,0.0,0.0,0.0,21,58.5,34,11400,120.0,O,ATL,236.0,PG,0.0,11400,-4.0,DAL,0.0
2020-02-03,0.0,0.0,0.0,72.7,44.3,20,29,23,50.1,33,17,50.2,32.0,67.0,105,-2%,100,Luka Doncic,PG,0.0,0.0,0.0,1.0,21,58.5,34,11300,103.0,O,IND,211.5,PG,0.0,11300,5.5,DAL,0.0
