game_date,Actual FP,Actual Min,Actual Val,Ceil FP,Floor FP,L2 FGA,L2 Min,L5 FGA,L5 FP,L5 Min,L5_dvp_rank,L5_ppg_avg,L5_ppg_floor,L5_ppg_max,Opp DEff,Opp DvP,Opp Pace,Player Name,Pos,Proj FP,Proj Min,Proj Val,Rest,S FGA,S FP,S Min,Salary,implied_team_score,injury_status,opp,over_under,position,ppg_projection,salary,spread,team,value_projection
2019-10-23,4.5,6.8,1.4,0.0,0.0,0,0,0,0.0,0,27,25.9,11.3,48.8,110,2%,101,Luke Kornet,PF/C,0.0,0.0,0.0,,0,0.0,0,3300,110.0,,CHA,216.5,PF,8.5,3300,-3.5,CHI,2.58
2019-10-25,8.0,8.7,2.6,4.5,4.5,3,7,3,4.5,7,10,24.6,4.5,48.8,106,-4%,99,Luke Kornet,PF/C,0.0,0.0,0.0,1.0,3,4.5,7,3100,113.5,,MEM,225.0,PF,6.8,3100,-2.0,CHI,2.18
2019-10-26,12.0,16.7,3.8,8.7,3.8,4,8,4,6.3,8,1,22.5,4.5,48.8,104,-4%,103,Luke Kornet,PF/C,0.0,0.0,0.0,0.0,4,6.3,8,3200,108.0,,TOR,219.0,PF,6.0,3200,3.0,CHI,1.88
2019-10-28,6.8,16.2,2.1,11.9,4.4,7,13,5,8.2,11,6,17.2,4.5,48.8,111,5%,102,Luke Kornet,PF/C,0.0,0.0,0.0,1.0,5,8.2,11,3200,113.3,,NY,224.5,PF,11.3,3200,-2.0,CHI,3.52
2019-10-30,18.5,18.7,6.0,11.0,4.7,6,16,5,7.8,12,5,8.8,4.5,12.5,115,4%,99,Luke Kornet,PF/C,10.8,12.5,3.5,1.0,5,7.8,12,3100,109.8,,CLE,217.5,PF,13.5,3100,-2.0,CHI,4.35
2019-11-01,6.3,10.0,2.0,15.5,4.4,5,18,5,9.9,13,25,10.0,4.5,18.5,107,-8%,100,Luke Kornet,PF/C,13.2,15.0,4.3,1.0,5,9.9,13,3100,109.3,,DET,214.5,PF,9.8,3100,-4.0,CHI,3.15
2019-11-05,9.5,16.7,3.1,14.9,5.0,4,10,5,11.4,14,3,11.4,6.3,18.5,94,-23%,104,Luke Kornet,PF/C,0.0,0.0,0.0,1.0,5,9.9,13,3100,104.8,,LAL,216.5,PF,9.8,3100,7.0,CHI,3.15
2019-11-06,7.5,6.4,2.4,14.5,5.3,5,13,4,10.9,14,26,10.9,6.3,18.5,101,-25%,103,Luke Kornet,PF/C,12.6,14.0,4.1,0.0,5,9.9,13,3100,111.5,,ATL,222.0,PF,11.8,3100,-1.0,CHI,3.79
2019-11-09,3.3,5.5,1.1,14.0,5.2,4,12,4,11.1,12,23,11.1,6.3,18.5,112,21%,110,Luke Kornet,PF/C,0.0,0.0,0.0,2.0,4,9.6,12,3000,113.8,,HOU,234.0,PF,13.5,3000,6.5,CHI,4.5
2019-11-18,0.0,0.0,0.0,13.6,4.4,3,6,4,8.0,10,23,8.0,3.3,13.5,99,-9%,109,Luke Kornet,PF/C,0.0,0.0,0.0,1.0,4,9.0,12,3000,111.0,O,MIL,230.5,PF,0.0,3000,8.5,CHI,0.0
2019-11-20,0.0,0.0,0.0,13.6,4.4,3,6,4,8.0,10,15,8.0,3.3,13.5,110,5%,102,Luke Kornet,PF/C,0.0,0.0,0.0,1.0,4,9.0,12,3000,112.0,O,DET,223.0,PF,0.0,3000,-1.0,CHI,0.0
2019-11-22,0.0,0.0,0.0,13.6,4.4,3,6,4,8.0,10,27,8.0,3.3,13.5,98,12%,104,Luke Kornet,PF/C,0.0,0.0,0.0,1.0,4,9.0,12,3000,106.3,O,MIA,217.0,PF,0.0,3000,4.5,CHI,0.0
2019-11-23,0.0,0.0,0.0,13.6,4.4,3,6,4,8.0,10,29,8.0,3.3,13.5,109,15%,102,Luke Kornet,PF/C,0.0,0.0,0.0,0.0,4,9.0,12,3000,110.0,O,CHA,218.0,PF,0.0,3000,-2.0,CHI,0.0
2019-11-25,0.0,0.0,0.0,13.6,4.4,3,6,4,8.0,10,17,8.0,3.3,13.5,109,1%,106,Luke Kornet,PF/C,0.0,0.0,0.0,1.0,4,9.0,12,3000,112.5,O,POR,226.0,PF,0.0,3000,1.0,CHI,0.0
2019-12-28,6.8,5.3,2.3,11.9,1.6,1,4,1,2.4,5,18,2.4,0.0,7.3,111,6%,106,Luke Kornet,PF/C,0.0,0.0,0.0,4.0,3,6.8,10,3000,113.0,,ATL,216.5,PF,4.0,3000,-9.5,CHI,1.33
2019-12-30,4.8,2.9,1.6,11.7,1.8,1,3,1,2.3,4,14,2.3,0.0,6.8,99,1%,107,Luke Kornet,PF/C,0.0,0.0,0.0,1.0,3,6.8,9,3000,105.5,,MIL,219.5,PF,12.0,3000,8.5,CHI,4.0
2020-01-08,3.5,2.7,1.2,11.5,1.8,1,4,1,2.8,4,30,2.8,0.0,6.8,110,5%,105,Luke Kornet,PF/C,0.0,0.0,0.0,1.0,3,6.6,9,3000,110.3,,NO,224.5,PF,5.8,3000,4.0,CHI,1.92
2020-01-10,5.0,9.8,1.7,11.2,1.7,1,3,1,3.5,4,20,3.5,0.0,6.8,105,-5%,101,Luke Kornet,PF/C,0.0,0.0,0.0,1.0,3,6.5,9,3000,107.3,,IND,213.0,PF,4.3,3000,-1.5,CHI,1.42
2020-01-11,33.5,25.3,11.2,11.0,1.8,1,6,1,4.0,4,28,4.0,0.0,6.8,110,7%,101,Luke Kornet,PF/C,9.1,10.0,3.0,0.0,3,6.4,9,3000,105.8,,DET,215.5,PF,8.0,3000,4.0,CHI,2.67
2020-01-13,7.8,21.9,2.6,15.3,0.2,7,18,3,10.7,9,26,10.7,3.5,33.5,103,-2%,102,Luke Kornet,PF/C,13.9,15.5,4.6,1.0,3,7.8,9,3000,102.8,,BOS,216.0,PF,16.3,3000,10.5,CHI,5.42
2020-01-15,24.5,35.3,7.9,15.1,0.4,8,24,4,10.9,13,6,10.9,3.5,33.5,113,4%,106,Luke Kornet,PF/C,15.4,17.5,5.0,1.0,3,7.8,10,3100,117.3,Q,WAS,230.5,PF,16.8,3100,-4.0,CHI,5.4
2020-01-17,26.3,27.8,5.4,16.5,0.5,6,29,5,14.8,19,2,14.9,3.5,33.5,104,-9%,101,Luke Kornet,PF/C,24.2,30.0,4.9,1.0,4,8.5,11,4900,104.0,Q,PHI,215.0,PF,22.8,4900,7.0,CHI,4.64
2020-01-18,23.3,21.9,4.2,17.9,0.6,10,32,7,19.4,24,7,19.4,5.0,33.5,113,1%,101,Luke Kornet,PF/C,24.8,29.0,4.5,0.0,4,9.3,12,5500,109.8,,CLE,213.0,PF,26.0,5500,-6.5,CHI,4.73
2020-01-20,10.8,15.0,2.1,18.8,0.9,9,25,8,23.1,26,30,23.1,7.8,33.5,100,3%,107,Luke Kornet,PF/C,20.6,24.0,4.0,1.0,4,9.9,12,5200,105.3,,MIL,225.5,PF,24.8,5200,15.0,CHI,4.76
2020-01-22,26.3,17.6,5.6,18.7,1.1,7,19,7,18.5,24,10,18.5,7.8,26.3,108,1%,105,Luke Kornet,PF/C,18.4,21.0,3.9,1.0,4,9.9,12,4700,109.5,,MIN,220.0,PF,20.0,4700,1.0,CHI,4.26
2020-01-24,7.5,17.3,1.7,19.7,1.4,8,16,9,22.2,24,10,22.2,10.8,26.3,109,-9%,100,Luke Kornet,PF/C,22.1,26.0,5.0,1.0,4,10.5,13,4400,109.8,,SAC,217.5,PF,21.5,4400,-2.0,CHI,4.89
2020-01-25,10.8,25.6,2.5,19.4,1.4,10,17,8,18.8,20,16,18.8,7.5,26.3,114,1%,101,Luke Kornet,PF/C,18.8,21.5,4.4,0.0,4,10.4,13,4300,105.8,,CLE,213.0,PF,19.5,4300,1.5,CHI,4.53
2020-01-27,32.3,30.7,7.3,19.3,1.6,7,22,7,15.7,20,12,15.7,7.5,26.3,110,1%,102,Luke Kornet,PF/C,19.3,22.0,4.4,1.0,4,10.4,13,4400,107.3,,SA,213.0,PF,20.5,4400,-1.5,CHI,4.66
2020-01-29,12.5,20.2,2.5,20.8,1.6,8,28,8,17.5,21,5,17.5,7.5,32.3,105,-6%,101,Luke Kornet,PF/C,21.4,25.5,4.3,1.0,5,11.2,14,5000,102.0,Q,IND,213.5,PF,23.3,5000,9.5,CHI,4.65
2020-01-31,32.0,28.2,7.8,20.6,1.8,7,26,8,17.9,22,24,17.9,7.5,32.3,106,-4%,104,Luke Kornet,PF/C,21.5,24.0,5.2,1.0,5,11.2,14,4100,107.8,Q,BKN,221.5,PF,19.0,4100,6.0,CHI,4.63
2020-02-02,17.8,23.0,4.8,21.9,1.9,8,24,8,19.0,24,26,19.0,7.5,32.3,102,5%,103,Luke Kornet,PF/C,18.2,22.0,4.9,1.0,5,11.9,15,3700,103.3,,TOR,217.0,PF,19.8,3700,10.5,CHI,5.34
