game_date,Actual FP,Actual Min,Actual Val,Ceil FP,Floor FP,L2 FGA,L2 Min,L5 FGA,L5 FP,L5 Min,L5_dvp_rank,L5_ppg_avg,L5_ppg_floor,L5_ppg_max,Opp DEff,Opp DvP,Opp Pace,Player Name,Pos,Proj FP,Proj Min,Proj Val,Rest,S FGA,S FP,S Min,Salary,implied_team_score,injury_status,opp,over_under,position,ppg_projection,salary,spread,team,value_projection
2019-10-23,17.5,22.6,4.9,0.0,0.0,0,0,0,0.0,0,15,10.2,0.0,19.5,104,-1%,100,Markieff Morris,PF/C,23.6,28.0,6.6,,0,0.0,0,3600,101.5,,IND,210.5,PF,23.5,3600,7.5,DET,6.53
2019-10-24,17.0,25.7,4.0,17.5,17.5,11,23,11,17.5,23,12,12.4,0.0,19.5,111,6%,106,Markieff Morris,PF/C,23.4,25.5,5.6,0.0,11,17.5,23,4200,111.8,Q,ATL,222.0,PF,18.8,4200,-1.5,DET,4.46
2019-10-26,31.0,26.5,6.7,17.6,16.9,11,24,11,17.3,24,22,11.9,0.0,17.0,107,3%,104,Markieff Morris,PF/C,23.0,25.5,5.0,1.0,11,17.3,24,4600,105.3,Q,PHI,213.5,PF,23.8,4600,3.0,DET,5.16
2019-10-28,9.8,26.6,2.1,29.8,13.9,9,26,10,21.8,25,13,14.8,0.0,31.0,104,-1%,100,Markieff Morris,PF/C,23.6,26.0,5.1,1.0,10,21.8,25,4600,105.8,,IND,213.0,PF,21.3,4600,1.5,DET,4.62
2019-10-30,25.3,32.1,5.6,27.7,9.9,6,27,9,18.8,25,1,14.8,0.0,31.0,104,-4%,103,Markieff Morris,PF/C,21.9,26.5,4.9,1.0,9,18.8,25,4500,102.5,,TOR,214.0,PF,22.0,4500,9.0,DET,4.89
2019-11-01,19.5,31.8,4.5,28.3,11.9,9,29,9,20.1,27,30,19.9,9.8,31.0,111,1%,101,Markieff Morris,PF/C,21.5,25.5,5.0,1.0,9,20.1,27,4300,105.3,Q,CHI,214.5,PF,23.8,4300,4.0,DET,5.52
2019-11-02,22.5,34.5,5.5,27.3,12.7,13,32,10,20.5,29,8,20.5,9.8,31.0,107,1%,103,Markieff Morris,PF/C,28.0,31.0,6.8,0.0,10,20.0,28,4100,110.5,,BKN,223.0,PF,25.3,4100,2.0,DET,6.16
2019-11-04,5.5,14.2,1.4,27.1,13.6,12,33,10,21.6,30,14,21.6,9.8,31.0,111,9%,104,Markieff Morris,SF/PF,26.6,32.0,6.7,1.0,10,20.4,29,4000,110.5,,WAS,224.5,SF,29.5,4000,3.5,DET,7.38
2019-11-06,39.0,29.4,10.3,26.7,10.3,8,24,9,16.5,28,29,16.5,5.5,25.3,108,0%,101,Markieff Morris,SF/PF,24.9,31.0,6.6,1.0,9,18.5,27,3800,105.3,,NY,207.0,SF,27.0,3800,-3.5,DET,7.11
2019-11-08,20.5,26.0,4.7,31.0,10.5,8,22,10,22.4,28,1,22.4,5.5,39.0,102,-5%,103,Markieff Morris,SF/PF,23.7,30.5,5.4,1.0,10,20.8,27,4400,101.5,,IND,210.0,SF,21.0,4400,7.0,DET,4.77
2019-11-11,21.0,24.0,4.6,30.4,11.1,11,28,10,21.4,27,10,21.4,5.5,39.0,106,0%,111,Markieff Morris,SF/PF,17.6,23.0,3.8,2.0,10,20.8,27,4600,113.8,,MIN,223.5,SF,15.5,4600,-4.0,DET,3.37
2019-11-12,24.3,21.0,5.9,30.4,14.2,9,25,10,24.5,29,3,21.7,5.5,39.0,98,13%,106,Markieff Morris,SF/PF,23.4,27.5,5.7,0.0,10,22.3,28,4100,103.3,,MIA,215.0,SF,25.8,4100,8.5,DET,6.28
2019-11-15,19.8,18.4,4.2,30.1,14.8,8,23,10,25.4,27,30,22.1,5.5,39.0,109,15%,103,Markieff Morris,SF/PF,18.4,22.5,3.9,2.0,10,22.5,27,4700,111.8,,CHA,220.0,SF,17.5,4700,-3.5,DET,3.72
2019-11-20,10.3,5.5,2.2,29.4,12.5,9,20,9,24.9,24,30,24.9,19.8,39.0,105,16%,106,Markieff Morris,SF/PF,15.3,19.0,3.3,4.0,9,21.0,26,4600,111.0,,CHI,223.0,SF,17.5,4600,1.0,DET,3.8
2019-11-22,17.8,12.6,4.0,29.4,12.5,9,20,9,24.9,24,30,19.2,10.3,24.3,110,-1%,106,Markieff Morris,SF/PF,10.9,13.5,2.5,1.0,9,21.0,26,4400,115.5,,ATL,225.0,SF,18.8,4400,-6.0,DET,4.26
2019-11-23,22.0,34.3,5.0,28.9,12.6,7,16,8,20.6,20,24,18.6,10.3,24.3,101,-6%,109,Markieff Morris,SF/PF,20.8,26.5,4.7,0.0,9,20.7,25,4400,106.3,,MIL,225.5,SF,22.5,4400,13.0,DET,5.11
2019-11-25,10.8,16.7,2.3,28.7,13.0,9,23,9,20.9,22,3,18.8,10.3,24.3,103,2%,100,Markieff Morris,SF/PF,12.7,17.0,2.6,1.0,9,20.8,25,4800,106.0,,ORL,207.5,SF,14.3,4800,-4.5,DET,2.97
2019-11-27,18.8,17.3,4.6,28.2,12.2,9,26,8,18.9,21,14,16.1,10.3,22.0,111,16%,102,Markieff Morris,SF/PF,13.8,17.0,3.4,1.0,9,20.2,25,4100,108.8,,CHA,214.0,SF,15.8,4100,-3.5,DET,3.84
2019-11-29,16.8,16.3,4.4,27.9,12.3,6,17,8,17.8,20,8,15.9,10.3,22.0,110,17%,102,Markieff Morris,SF/PF,14.7,17.0,3.9,1.0,9,20.1,24,3800,110.8,,CHA,214.0,SF,17.8,3800,-7.5,DET,4.67
2019-12-03,22.8,16.6,6.2,27.2,12.5,6,19,7,17.4,21,2,17.4,10.8,22.0,111,-1%,102,Markieff Morris,PF/C,14.0,17.5,3.8,1.0,9,19.8,24,3700,109.8,,CLE,216.5,PF,15.5,3700,-3.0,DET,4.19
2019-12-04,9.8,15.3,2.6,27.2,12.8,7,19,6,17.5,18,23,17.5,10.8,22.8,100,-4%,107,Markieff Morris,PF/C,15.3,19.0,4.1,0.0,9,20.0,23,3700,107.8,Q,MIL,224.0,PF,17.8,3700,8.5,DET,4.8
2019-12-12,22.3,16.7,7.0,26.5,12.0,6,17,6,16.5,18,8,16.9,9.8,22.8,106,0%,102,Markieff Morris,PF/C,12.5,16.0,3.9,2.0,8,19.3,23,3200,104.8,,DAL,217.0,PF,14.0,3200,7.5,DET,4.38
2019-12-14,29.0,27.4,8.5,26.5,12.3,8,18,7,17.6,18,23,18.0,9.8,22.8,107,7%,107,Markieff Morris,PF/C,17.5,20.0,5.1,1.0,8,19.4,23,3400,109.3,,HOU,225.0,PF,16.0,3400,6.5,DET,4.71
2019-12-16,33.8,32.5,8.7,27.0,12.6,11,22,8,19.7,19,9,20.1,9.8,29.0,115,-4%,107,Markieff Morris,PF/C,28.7,31.5,7.4,1.0,9,19.8,23,3900,118.0,,WAS,230.5,PF,32.8,3900,-5.5,DET,8.4
2019-12-18,8.0,15.7,1.5,28.0,12.8,13,30,9,21.9,22,12,22.3,9.8,33.8,101,8%,104,Markieff Morris,PF/C,16.1,19.5,2.9,1.0,9,20.4,23,5500,106.8,,TOR,217.0,PF,18.5,5500,3.5,DET,3.36
2019-12-20,26.0,31.3,5.2,27.7,12.1,9,24,9,21.6,22,16,22.0,8.0,33.8,102,2%,101,Markieff Morris,PF/C,28.4,33.5,5.7,1.0,9,19.9,23,5000,102.3,,BOS,213.5,PF,27.8,5000,9.0,DET,5.55
2019-12-21,36.3,36.5,6.6,27.9,12.3,8,24,10,23.8,25,18,23.8,8.0,33.8,104,7%,103,Markieff Morris,PF/C,30.3,32.0,5.5,0.0,9,20.1,23,5500,107.8,,CHI,213.5,PF,29.5,5500,-2.0,DET,5.36
2019-12-23,18.8,22.1,3.2,28.9,12.5,15,34,12,26.6,29,2,26.9,8.0,37.5,102,-10%,102,Markieff Morris,PF/C,16.4,20.5,2.8,1.0,9,20.7,24,5900,105.0,,PHI,216.0,PF,18.5,5900,6.0,DET,3.14
2019-12-26,8.0,8.6,1.5,28.7,12.6,12,29,10,24.6,28,29,24.8,8.0,37.5,114,0%,106,Markieff Morris,PF/C,17.4,19.0,3.2,2.0,9,20.6,24,5400,117.8,,WAS,229.5,PF,19.3,5400,-6.0,DET,3.56
2019-12-28,0.0,0.0,0.0,28.5,11.9,5,15,9,19.4,23,27,19.7,8.0,37.5,109,0%,103,Markieff Morris,PF/C,0.0,0.0,0.0,1.0,9,20.2,23,4400,108.3,O,SA,221.0,PF,0.0,4400,4.5,DET,0.0
2019-12-30,0.0,0.0,0.0,28.5,11.9,5,15,9,19.4,23,5,19.7,8.0,37.5,104,-5%,102,Markieff Morris,PF/C,0.0,0.0,0.0,1.0,9,20.2,23,4200,104.0,O,UTA,217.0,PF,0.0,4200,9.0,DET,0.0
2020-01-02,0.0,0.0,0.0,28.5,11.9,5,15,9,19.4,23,1,19.7,8.0,37.5,103,-5%,105,Markieff Morris,PF/C,0.0,0.0,0.0,2.0,9,20.2,23,5200,105.5,O,LAC,223.5,PF,0.0,5200,12.5,DET,0.0
2020-01-04,0.0,0.0,0.0,28.5,11.9,5,15,9,19.4,23,11,19.7,8.0,37.5,109,-2%,102,Markieff Morris,PF/C,0.0,0.0,0.0,1.0,9,20.2,23,5400,108.0,O,GS,213.0,PF,0.0,5400,-3.0,DET,0.0
2020-01-07,0.0,0.0,0.0,28.5,11.9,5,15,9,19.4,23,12,19.7,8.0,37.5,113,4%,101,Markieff Morris,PF/C,0.0,0.0,0.0,1.0,9,20.2,23,4500,111.5,O,CLE,219.5,PF,0.0,4500,-3.5,DET,0.0
2020-01-09,0.0,0.0,0.0,28.5,11.9,5,15,9,19.4,23,12,19.7,8.0,37.5,113,3%,101,Markieff Morris,PF/C,0.0,0.0,0.0,1.0,9,20.2,23,4300,113.8,O,CLE,220.5,PF,0.0,4300,-7.0,DET,0.0
2020-01-11,7.8,13.9,1.8,28.5,11.9,5,15,9,19.4,23,2,19.7,8.0,37.5,105,10%,103,Markieff Morris,PF/C,19.9,20.5,4.6,1.0,9,20.2,23,4300,109.8,Q,CHI,215.5,PF,20.0,4300,-4.0,DET,4.65
2020-01-13,10.0,18.2,2.4,28.2,11.4,6,11,9,19.4,23,28,19.6,7.8,37.5,110,6%,105,Markieff Morris,PF/C,15.7,17.0,3.8,1.0,9,19.8,23,4100,114.0,,NO,224.5,PF,19.3,4100,-3.5,DET,4.7
2020-01-15,35.5,21.7,9.6,28.0,11.0,10,16,10,16.1,20,24,16.4,7.8,37.5,103,-3%,102,Markieff Morris,PF/C,14.4,17.0,3.9,1.0,9,19.5,23,3700,104.5,,BOS,218.0,PF,15.0,3700,9.0,DET,4.05
2020-01-18,29.3,20.4,7.1,28.8,11.2,13,20,9,16.0,17,14,16.0,7.8,35.5,110,6%,106,Markieff Morris,PF/C,18.3,19.0,4.5,2.0,9,20.0,23,4100,115.5,,ATL,229.5,PF,18.5,4100,-1.5,DET,4.51
2020-01-20,13.5,17.6,2.9,29.1,11.5,12,21,10,18.1,17,12,18.1,7.8,35.5,114,4%,106,Markieff Morris,PF/C,17.1,19.0,3.6,1.0,9,20.3,23,4700,115.8,,WAS,233.5,PF,18.0,4700,2.0,DET,3.83
2020-01-22,30.3,26.6,7.2,28.8,11.3,9,19,10,19.2,18,4,19.2,7.8,35.5,109,-9%,100,Markieff Morris,PF/C,25.3,26.0,6.0,1.0,9,20.1,22,4200,111.8,Q,SAC,222.5,PF,22.8,4200,-1.0,DET,5.42
2020-01-24,16.8,28.4,3.5,29.1,11.6,10,22,11,23.7,21,20,23.7,10.0,35.5,110,0%,106,Markieff Morris,PF/C,25.4,25.0,5.3,1.0,9,20.3,23,4800,116.0,,MEM,230.5,PF,25.3,4800,-1.5,DET,5.26
2020-01-25,16.0,26.8,2.9,28.9,11.6,13,28,12,25.1,23,25,25.1,13.5,35.5,106,-3%,105,Markieff Morris,PF/C,22.0,23.5,4.0,0.0,9,20.3,23,5500,112.8,,BKN,227.5,PF,20.3,5500,2.0,DET,3.68
2020-01-27,17.8,24.1,3.6,28.7,11.6,10,28,10,21.1,24,21,21.2,13.5,30.3,114,0%,101,Markieff Morris,PF/C,21.4,23.0,4.4,1.0,9,20.1,23,4900,112.8,,CLE,219.0,PF,17.3,4900,-6.5,DET,3.52
