game_date,Actual FP,Actual Min,Actual Val,Ceil FP,Floor FP,L2 FGA,L2 Min,L5 FGA,L5 FP,L5 Min,L5_dvp_rank,L5_ppg_avg,L5_ppg_floor,L5_ppg_max,Opp DEff,Opp DvP,Opp Pace,Player Name,Pos,Proj FP,Proj Min,Proj Val,Rest,S FGA,S FP,S Min,Salary,implied_team_score,injury_status,opp,over_under,position,ppg_projection,salary,spread,team,value_projection
2019-10-23,16.0,23.6,3.8,0.0,0.0,0,0,0,0.0,0,14,16.6,8.8,26.3,111,9%,104,Maxi Kleber,PF/C,22.6,27.0,5.4,,0,0.0,0,4200,114.3,,WAS,219.5,PF,21.3,4200,-9.0,DAL,5.06
2019-10-25,24.0,33.4,6.5,16.0,16.0,1,24,1,16.0,24,28,18.0,13.8,26.3,110,6%,106,Maxi Kleber,PF/C,20.0,24.0,5.4,1.0,1,16.0,24,3700,112.5,,NO,227.0,PF,17.8,3700,2.0,DAL,4.8
2019-10-27,28.5,24.5,6.5,25.7,14.3,4,29,4,20.0,29,30,17.6,13.8,24.0,108,-1%,102,Maxi Kleber,PF/C,21.9,27.0,5.0,1.0,4,20.0,29,4400,111.5,,POR,220.5,PF,22.3,4400,-2.5,DAL,5.06
2019-10-29,32.3,30.3,8.7,29.2,16.5,8,29,6,22.8,27,11,20.4,13.8,28.5,107,0%,100,Maxi Kleber,PF/C,14.6,19.5,3.9,1.0,6,22.8,27,3700,103.5,,DEN,212.0,PF,18.0,3700,5.0,DAL,4.86
2019-11-01,18.5,31.0,4.6,32.2,18.2,11,27,7,25.2,28,1,24.1,16.0,32.3,107,-3%,106,Maxi Kleber,PF/C,19.5,24.0,4.9,2.0,7,25.2,28,4000,109.5,,LAL,218.0,PF,19.8,4000,-1.0,DAL,4.94
2019-11-06,21.8,19.9,5.5,30.6,17.1,11,31,8,23.9,29,13,23.9,16.0,32.3,98,14%,100,Maxi Kleber,PF/C,20.0,25.5,5.0,2.0,8,23.9,29,4000,107.0,Q,ORL,207.5,PF,19.8,4000,-6.5,DAL,4.94
2019-11-08,17.3,29.5,4.2,29.6,17.4,8,26,9,25.0,28,18,25.0,18.5,32.3,110,0%,101,Maxi Kleber,PF/C,17.0,20.0,4.1,1.0,8,23.5,27,4100,113.0,,NY,215.0,PF,20.3,4100,-11.0,DAL,4.94
2019-11-09,21.0,23.6,5.1,28.7,16.6,6,25,9,23.6,27,6,23.7,17.3,32.3,106,-5%,109,Maxi Kleber,PF/C,26.0,29.5,6.3,0.0,7,22.6,27,4100,113.5,,MEM,221.5,PF,25.0,4100,-5.5,DAL,6.1
2019-11-11,32.0,32.7,6.4,28.0,16.8,7,27,8,22.1,27,18,22.2,17.3,32.3,100,19%,104,Maxi Kleber,PF/C,22.1,26.0,4.4,1.0,7,22.4,27,5000,109.0,,BOS,221.0,PF,21.0,5000,3.0,DAL,4.2
2019-11-14,4.5,18.3,0.9,29.6,17.3,9,28,8,22.1,27,29,22.1,17.3,32.0,109,1%,102,Maxi Kleber,PF/C,22.0,26.5,4.3,2.0,8,23.5,28,5100,111.3,,NY,215.0,PF,24.0,5100,-7.5,DAL,4.71
2019-11-16,23.5,38.3,5.9,29.9,13.2,7,26,6,19.3,25,11,19.3,4.5,32.0,100,20%,105,Maxi Kleber,PF/C,18.7,22.0,4.7,1.0,7,21.6,27,4000,111.3,,TOR,218.5,PF,22.5,4000,-4.0,DAL,5.63
2019-11-18,18.5,28.5,4.4,29.7,13.8,7,28,7,19.6,29,4,19.7,4.5,32.0,110,3%,104,Maxi Kleber,PF/C,21.2,26.0,5.0,1.0,7,21.8,28,4200,114.0,,SA,223.5,PF,22.0,4200,-4.5,DAL,5.24
2019-11-20,12.5,13.8,2.8,29.1,13.8,7,33,7,19.9,28,2,19.9,4.5,32.0,113,7%,105,Maxi Kleber,PF/C,22.1,27.0,5.0,1.0,7,21.5,28,4400,115.0,,GS,216.5,PF,23.8,4400,-13.5,DAL,5.4
2019-11-22,14.3,18.6,3.6,28.5,13.1,6,21,7,18.2,26,13,18.2,4.5,32.0,108,-2%,102,Maxi Kleber,PF/C,20.4,25.0,5.1,1.0,7,20.8,27,4000,115.5,,CLE,221.0,PF,21.8,4000,-10.0,DAL,5.44
2019-11-26,9.0,17.5,2.4,27.4,12.5,5,22,6,16.8,25,13,16.8,12.5,23.5,103,-12%,105,Maxi Kleber,PF/C,19.9,24.5,5.4,1.0,7,20.0,26,3700,112.0,Q,LAC,225.5,PF,18.8,3700,1.5,DAL,5.07
2019-11-29,18.3,24.4,4.3,27.0,11.6,4,22,5,13.8,21,26,13.9,9.0,18.5,106,5%,105,Maxi Kleber,PF/C,19.2,23.0,4.5,2.0,7,19.3,26,4300,116.5,,PHO,231.0,PF,19.3,4300,-2.0,DAL,4.48
2019-12-01,20.8,22.1,5.2,26.7,11.7,6,21,6,13.8,20,20,13.8,9.0,18.3,100,-12%,103,Maxi Kleber,PF/C,16.9,23.0,4.2,1.0,7,19.2,26,4000,108.0,,LAL,222.0,PF,18.0,4000,6.0,DAL,4.5
2019-12-03,20.0,20.9,5.4,26.6,12.0,7,23,5,15.4,22,12,15.5,9.0,20.8,111,6%,107,Maxi Kleber,PF/C,17.7,22.5,4.8,1.0,7,19.3,25,3700,119.0,,NO,234.0,PF,18.3,3700,-4.0,DAL,4.93
2019-12-04,23.3,26.4,6.1,26.4,12.3,5,22,5,16.6,22,29,16.6,9.0,20.8,105,-5%,107,Maxi Kleber,PF/C,19.0,23.5,5.0,0.0,7,19.3,25,3800,117.0,,MIN,228.5,PF,19.0,3800,-5.5,DAL,5.0
2019-12-08,9.3,12.4,2.3,26.1,12.4,6,22,6,19.1,22,15,18.9,12.3,23.3,108,-14%,100,Maxi Kleber,PF/C,17.8,23.5,4.3,0.0,6,19.3,25,4100,112.8,,SAC,217.5,PF,19.5,4100,-8.0,DAL,4.76
2019-12-12,10.3,18.3,2.8,25.8,11.8,6,15,5,17.4,20,18,17.1,9.3,23.3,107,10%,101,Maxi Kleber,PF/C,16.9,22.0,4.6,3.0,6,18.8,24,3700,112.3,,DET,217.0,PF,17.5,3700,-7.5,DAL,4.73
2019-12-14,28.3,29.9,8.3,25.5,11.3,5,15,5,15.3,19,28,15.0,9.3,23.3,103,1%,102,Maxi Kleber,PF/C,14.8,19.5,4.4,1.0,6,18.4,24,3400,112.0,,MIA,215.5,PF,15.5,3400,-8.5,DAL,4.56
2019-12-16,21.3,28.6,6.1,26.1,11.6,7,24,6,16.9,21,22,16.7,9.3,28.3,100,0%,107,Maxi Kleber,PF/C,17.6,21.0,5.0,1.0,6,18.8,24,3500,108.5,,MIL,227.0,PF,17.5,3500,10.0,DAL,5.0
2019-12-18,16.0,21.3,4.4,26.0,11.8,8,29,6,16.5,22,10,16.3,9.3,28.3,102,1%,102,Maxi Kleber,PF/C,19.3,23.0,5.4,1.0,6,18.9,24,3600,107.0,,BOS,215.5,PF,20.5,3600,1.5,DAL,5.69
2019-12-20,17.8,23.1,4.9,25.8,11.8,6,25,6,17.0,22,4,17.0,9.3,28.3,102,-10%,102,Maxi Kleber,PF/C,17.1,22.5,4.8,1.0,6,18.8,24,3600,101.8,,PHI,212.0,PF,18.3,3600,8.5,DAL,5.07
2019-12-26,26.5,31.2,7.6,25.4,11.8,7,19,7,19.3,24,27,19.3,13.3,28.3,110,-1%,104,Maxi Kleber,PF/C,14.6,18.5,4.2,3.0,6,18.6,24,3500,116.8,,SA,226.0,PF,17.3,3500,-7.5,DAL,4.93
2019-12-28,20.0,20.7,3.8,25.7,12.0,8,23,6,18.9,24,2,19.0,13.3,26.5,109,-1%,103,Maxi Kleber,PF/C,17.6,22.5,3.3,1.0,6,18.9,24,5300,114.0,,GS,217.5,PF,19.5,5300,-10.5,DAL,3.68
2019-12-29,7.3,15.4,1.5,25.6,12.2,6,26,6,18.7,22,10,18.7,13.3,26.5,102,-5%,103,Maxi Kleber,PF/C,16.1,22.0,3.2,0.0,6,18.9,24,5000,110.3,,LAL,225.0,PF,16.0,5000,4.5,DAL,3.2
2019-12-31,37.5,35.3,10.1,25.4,11.6,6,18,6,16.9,21,24,17.0,7.3,26.5,105,-11%,101,Maxi Kleber,PF/C,15.9,20.5,4.3,1.0,6,18.5,24,3700,,,OKC,,PF,15.5,3700,,DAL,4.19
2020-01-02,31.5,30.6,5.7,26.7,11.5,8,25,7,20.9,23,19,20.9,7.3,37.5,105,-3%,105,Maxi Kleber,PF/C,22.6,27.5,4.1,1.0,6,19.1,24,5500,115.5,,BKN,223.0,PF,26.0,5500,-8.0,DAL,4.73
2020-01-04,36.0,34.5,6.1,27.3,11.7,9,33,7,24.6,27,19,24.6,7.3,37.5,110,12%,100,Maxi Kleber,PF/C,24.7,28.5,4.2,1.0,7,19.5,24,5900,114.8,,CHA,218.0,PF,28.0,5900,-11.5,DAL,4.75
2020-01-06,15.0,27.3,2.5,28.1,11.8,11,33,8,26.4,27,21,26.5,7.3,37.5,104,11%,103,Maxi Kleber,PF/C,28.7,31.0,4.9,1.0,7,20.0,25,5900,112.8,,CHI,217.5,PF,28.5,5900,-8.0,DAL,4.83
2020-01-08,27.8,23.5,5.1,27.9,11.7,10,31,9,25.4,29,25,25.5,7.3,37.5,105,-1%,100,Maxi Kleber,PF/C,24.2,28.0,4.4,1.0,7,19.8,25,5500,112.0,,DEN,221.0,PF,21.5,5500,-3.0,DAL,3.91
2020-01-10,12.0,22.7,2.1,28.1,12.0,8,25,9,29.6,30,14,29.6,15.0,37.5,102,-6%,103,Maxi Kleber,PF/C,21.1,25.5,3.6,1.0,7,20.0,25,5800,112.8,,LAL,223.0,PF,20.5,5800,-2.5,DAL,3.53
2020-01-11,30.5,30.7,5.9,27.9,11.7,6,23,8,24.4,28,4,24.5,12.0,36.0,103,-11%,102,Maxi Kleber,PF/C,22.4,27.0,4.3,0.0,7,19.8,25,5200,112.8,,PHI,222.5,PF,19.5,5200,-3.0,DAL,3.75
2020-01-14,22.8,24.3,4.2,28.3,12.0,4,27,7,24.3,28,17,24.3,12.0,36.0,109,1%,103,Maxi Kleber,PF/C,23.7,28.0,4.4,2.0,7,20.1,25,5400,116.5,,GS,224.5,PF,23.3,5400,-8.5,DAL,4.31
2020-01-15,23.0,30.2,4.5,28.2,12.1,5,28,6,21.6,26,3,21.6,12.0,30.5,108,-10%,100,Maxi Kleber,PF/C,21.4,26.0,4.2,0.0,7,20.2,25,5100,114.8,,SAC,225.0,PF,19.5,5100,-4.5,DAL,3.82
2020-01-17,24.3,33.0,4.9,28.2,12.3,7,27,6,23.2,26,17,23.2,12.0,30.5,109,1%,104,Maxi Kleber,PF/C,25.4,29.0,5.1,1.0,7,20.3,25,5000,118.3,,POR,227.5,PF,24.0,5000,-9.0,DAL,4.8
2020-01-23,28.5,22.7,5.8,28.1,12.5,8,32,7,23.9,30,6,24.0,19.3,30.5,109,1%,104,Maxi Kleber,PF/C,22.8,28.5,4.7,1.0,7,20.3,25,4900,116.3,,POR,227.0,PF,25.8,4900,-5.5,DAL,5.26
2020-01-27,19.3,21.6,4.5,28.2,12.7,9,20,8,22.4,27,2,22.4,16.8,28.5,106,-11%,101,Maxi Kleber,PF/C,15.4,19.5,3.6,1.0,7,20.4,25,4300,113.8,,OKC,226.5,PF,17.5,4300,-1.0,DAL,4.07
