game_date,Actual FP,Actual Min,Actual Val,Ceil FP,Floor FP,L2 FGA,L2 Min,L5 FGA,L5 FP,L5 Min,L5_dvp_rank,L5_ppg_avg,L5_ppg_floor,L5_ppg_max,Opp DEff,Opp DvP,Opp Pace,Player Name,Pos,Proj FP,Proj Min,Proj Val,Rest,S FGA,S FP,S Min,Salary,implied_team_score,injury_status,opp,over_under,position,ppg_projection,salary,spread,team,value_projection
2019-10-23,7.0,11.2,1.4,0.0,0.0,0,0,0,0.0,0,18,10.9,5.5,16.0,111,5%,101,Nicolas Batum,SG/SF,20.6,25.0,4.2,,0,0.0,0,4900,106.5,,CHI,216.5,SG,22.0,4900,3.5,CHA,4.49
2019-10-25,0.0,0.0,0.0,7.0,7.0,0,11,0,7.0,11,14,9.1,5.5,16.0,110,6%,103,Nicolas Batum,SG/SF,0.0,0.0,0.0,1.0,0,7.0,11,4800,110.3,O,MIN,226.0,SG,0.0,4800,5.5,CHA,0.0
2019-10-27,0.0,0.0,0.0,7.0,7.0,0,11,0,7.0,11,6,9.1,5.5,16.0,107,5%,106,Nicolas Batum,SG/SF,0.0,0.0,0.0,1.0,0,7.0,11,4600,102.0,O,LAL,217.5,SG,0.0,4600,13.5,CHA,0.0
2019-10-28,0.0,0.0,0.0,7.0,7.0,0,11,0,7.0,11,21,9.1,5.5,16.0,109,-6%,104,Nicolas Batum,SG/SF,0.0,0.0,0.0,0.0,0,7.0,11,4500,106.3,O,LAC,228.0,SG,0.0,4500,15.5,CHA,0.0
2019-10-30,0.0,0.0,0.0,7.0,7.0,0,11,0,7.0,11,12,9.1,5.5,16.0,109,5%,106,Nicolas Batum,SG/SF,0.0,0.0,0.0,1.0,0,7.0,11,4400,108.0,O,SAC,223.0,SG,0.0,4400,7.0,CHA,0.0
2019-11-02,0.0,0.0,0.0,7.0,7.0,0,11,0,7.0,11,8,9.1,5.5,16.0,107,-1%,103,Nicolas Batum,SG/SF,0.0,0.0,0.0,2.0,0,7.0,11,4300,113.5,O,GS,221.0,SG,0.0,4300,-6.0,CHA,0.0
2019-11-05,0.0,0.0,0.0,7.0,7.0,0,11,0,7.0,11,7,9.1,5.5,16.0,100,4%,103,Nicolas Batum,SG/SF,0.0,0.0,0.0,2.0,0,7.0,11,4100,104.3,O,IND,211.5,SG,0.0,4100,3.0,CHA,0.0
2019-11-07,0.0,0.0,0.0,7.0,7.0,0,11,0,7.0,11,4,9.1,5.5,16.0,102,-19%,103,Nicolas Batum,SG/SF,0.0,0.0,0.0,1.0,0,7.0,11,4000,104.0,O,BOS,215.0,SG,0.0,4000,7.0,CHA,0.0
2019-11-09,0.0,0.0,0.0,7.0,7.0,0,11,0,7.0,11,28,9.1,5.5,16.0,112,13%,110,Nicolas Batum,SG/SF,0.0,0.0,0.0,1.0,0,7.0,11,4100,114.0,O,NO,229.5,SG,0.0,4100,1.5,CHA,0.0
2019-11-10,0.0,0.0,0.0,7.0,7.0,0,11,0,7.0,11,21,9.1,5.5,16.0,101,-9%,107,Nicolas Batum,SG/SF,0.0,0.0,0.0,0.0,0,7.0,11,4000,99.5,O,PHI,213.0,SG,0.0,4000,14.0,CHA,0.0
2019-11-13,0.0,0.0,0.0,7.0,7.0,0,11,0,7.0,11,25,9.1,5.5,16.0,109,4%,108,Nicolas Batum,SG/SF,0.0,0.0,0.0,2.0,0,7.0,11,4000,111.5,O,MEM,221.0,SG,0.0,4000,-2.0,CHA,0.0
2019-11-15,0.0,0.0,0.0,0.0,0.0,0,0,0,0.0,0,29,9.1,5.5,16.0,110,-5%,103,Nicolas Batum,SG/SF,0.0,0.0,0.0,1.0,0,0.0,0,3900,108.3,O,DET,220.0,SG,0.0,3900,3.5,CHA,0.0
2019-11-16,26.8,29.1,6.0,0.0,0.0,0,0,0,0.0,0,1,9.1,5.5,16.0,109,8%,101,Nicolas Batum,SG/SF,9.2,12.0,2.0,0.0,0,0.0,0,4500,104.3,Q,NY,212.0,SG,13.8,4500,3.5,CHA,3.06
2019-11-18,18.0,24.9,4.2,30.8,2.9,2,20,2,16.9,20,3,13.3,7.0,26.8,100,-2%,105,Nicolas Batum,SG/SF,20.3,24.0,4.7,1.0,2,16.9,20,4300,102.8,,TOR,214.5,SG,19.8,4300,9.0,CHA,4.59
2019-11-20,13.8,25.6,3.1,27.1,7.4,4,27,3,17.3,22,6,15.3,7.0,26.8,108,7%,108,Nicolas Batum,SG/SF,21.2,26.5,4.8,1.0,3,17.3,22,4400,107.5,,BKN,219.5,SG,20.3,4400,4.5,CHA,4.6
2019-11-22,22.8,28.0,5.6,24.6,8.1,3,25,2,16.4,23,25,14.8,7.0,26.8,114,13%,107,Nicolas Batum,SG/SF,20.9,25.0,5.1,1.0,2,16.4,23,4100,114.3,,WAS,234.5,SG,21.0,4100,6.0,CHA,5.12
2019-11-23,13.5,16.2,3.1,25.4,9.9,3,27,3,17.6,24,30,18.0,7.0,26.8,104,1%,106,Nicolas Batum,SG/SF,22.3,26.0,5.2,0.0,3,17.6,24,4300,108.0,,CHI,218.0,SG,20.3,4300,2.0,CHA,4.71
2019-11-25,17.0,18.6,4.0,24.1,9.9,3,22,3,18.9,25,4,19.3,13.5,26.8,100,-11%,104,Nicolas Batum,SG/SF,19.1,25.5,4.5,1.0,3,17.0,23,4200,100.8,,MIA,212.5,SG,20.0,4200,11.0,CHA,4.76
2019-11-27,24.8,30.9,6.4,23.4,10.5,4,17,3,17.0,23,25,17.3,13.5,22.8,107,-3%,102,Nicolas Batum,SG/SF,17.6,22.5,4.5,1.0,3,17.0,22,3900,105.3,,DET,214.0,SG,14.3,3900,3.5,CHA,3.65
2019-11-29,11.3,26.7,3.1,24.5,11.3,6,25,4,18.4,24,17,18.6,13.5,26.0,107,-4%,102,Nicolas Batum,SG/SF,17.5,23.5,4.7,1.0,3,17.9,23,3700,103.3,,DET,214.0,SG,17.8,3700,7.5,CHA,4.8
2019-11-30,6.0,13.1,1.5,23.8,10.6,5,29,4,17.9,24,13,18.1,11.3,26.0,101,3%,108,Nicolas Batum,SG/SF,18.3,24.5,4.5,0.0,3,17.2,24,4100,106.0,,MIL,226.0,SG,19.5,4100,14.0,CHA,4.76
2019-12-02,7.5,11.0,2.0,23.2,8.9,4,20,4,14.5,21,17,14.8,6.0,26.0,107,-7%,105,Nicolas Batum,SG/SF,17.0,22.5,4.6,1.0,4,16.1,22,3700,109.8,,PHO,224.5,SG,17.0,3700,5.0,CHA,4.59
2019-12-04,23.8,24.8,7.0,22.5,8.1,4,12,4,13.3,20,16,13.6,6.0,26.0,111,7%,103,Nicolas Batum,SG/SF,14.4,19.0,4.2,1.0,3,15.3,21,3400,107.3,Q,GS,212.0,SG,15.8,3400,-2.5,CHA,4.63
2019-12-06,16.5,33.1,4.7,23.3,8.7,2,18,4,14.7,21,16,14.9,6.0,26.0,107,-1%,106,Nicolas Batum,SG/SF,14.7,19.5,4.2,1.0,3,16.0,22,3500,107.5,,BKN,218.5,SG,16.3,3500,3.5,CHA,4.64
2019-12-10,4.0,12.8,1.1,23.1,9.0,4,29,3,13.0,22,30,13.0,6.0,23.8,115,13%,107,Nicolas Batum,SG/SF,8.9,11.0,2.4,1.0,3,16.0,23,3700,113.3,,WAS,228.5,SG,16.8,3700,2.0,CHA,4.53
2019-12-22,15.3,21.7,5.1,22.6,8.1,3,21,3,13.9,22,17,13.9,4.0,23.8,102,-4%,102,Nicolas Batum,SG/SF,16.5,25.5,5.5,0.0,3,15.3,22,3000,97.8,,BOS,208.5,SG,18.3,3000,13.0,CHA,6.08
2020-01-12,12.0,32.2,4.0,21.9,7.8,4,18,4,12.2,22,10,12.2,4.0,17.8,108,2%,105,Nicolas Batum,SG/SF,0.0,0.0,0.0,1.0,3,14.9,22,3000,104.5,,PHO,217.5,SG,8.3,3000,8.5,CHA,2.75
2020-01-13,26.8,30.6,8.9,21.6,7.8,4,23,4,11.3,22,26,11.3,4.0,17.8,109,-3%,104,Nicolas Batum,SG/SF,14.0,19.0,4.7,0.0,3,14.7,22,3000,103.0,,POR,215.5,SG,14.5,3000,9.5,CHA,4.83
2020-01-15,19.3,20.6,5.1,22.6,8.1,5,31,4,15.8,26,7,15.8,7.3,26.8,106,-5%,100,Nicolas Batum,SG/SF,14.3,22.5,3.8,1.0,4,15.3,23,3800,98.5,,DEN,209.5,SG,17.5,3800,12.5,CHA,4.61
2020-01-20,15.5,17.0,4.4,22.6,8.5,5,26,4,16.1,24,14,16.1,7.3,26.8,104,1%,101,Nicolas Batum,SF,15.0,21.5,4.3,4.0,4,15.5,23,3500,101.0,,ORL,206.0,SF,16.0,3500,4.0,CHA,4.57
