game_date,Actual FP,Actual Min,Actual Val,Ceil FP,Floor FP,L2 FGA,L2 Min,L5 FGA,L5 FP,L5 Min,L5_dvp_rank,L5_ppg_avg,L5_ppg_floor,L5_ppg_max,Opp DEff,Opp DvP,Opp Pace,Player Name,Pos,Proj FP,Proj Min,Proj Val,Rest,S FGA,S FP,S Min,Salary,implied_team_score,injury_status,opp,over_under,position,ppg_projection,salary,spread,team,value_projection
2019-10-23,38.8,34.2,4.5,0.0,0.0,0,0,0,0.0,0,6,27.8,15.8,56.5,115,-5%,99,Nikola Vucevic,C,43.5,31.0,5.1,,0,0.0,0,8600,110.5,,CLE,211.5,C,43.5,8600,-9.5,ORL,5.06
2019-10-26,34.5,31.2,4.2,38.8,38.8,16,34,16,38.8,34,14,30.6,15.8,56.5,111,3%,106,Nikola Vucevic,C,44.3,32.0,5.3,2.0,16,38.8,34,8300,109.3,,ATL,216.0,C,46.8,8300,-2.5,ORL,5.63
2019-10-28,23.5,25.0,2.9,39.6,33.6,18,33,18,36.6,33,7,33.9,15.8,56.5,104,-5%,103,Nikola Vucevic,C,42.2,32.0,5.1,1.0,18,36.6,33,8200,103.0,,TOR,211.0,C,42.5,8200,5.0,ORL,5.18
2019-10-30,49.3,33.9,6.2,40.1,24.4,16,28,16,32.3,30,10,27.3,15.8,41.5,111,5%,102,Nikola Vucevic,C,44.0,31.5,5.5,1.0,16,32.3,30,8000,110.3,,NY,211.0,C,44.5,8000,-9.5,ORL,5.56
2019-11-01,30.8,25.1,3.4,47.2,25.8,15,29,16,36.5,31,24,32.9,15.8,49.3,103,1%,105,Nikola Vucevic,C,44.3,31.5,4.9,1.0,16,36.5,31,9000,105.5,,MIL,215.0,C,46.0,9000,4.0,ORL,5.11
2019-11-02,37.3,33.8,4.1,44.9,25.8,15,30,15,35.4,30,6,35.9,23.5,49.3,107,-4%,100,Nikola Vucevic,C,41.0,31.5,4.6,0.0,15,35.4,30,9000,98.3,,DEN,200.5,C,41.0,9000,4.0,ORL,4.56
2019-11-05,31.8,33.6,3.8,44.3,27.1,14,29,15,35.0,30,21,35.1,23.5,49.3,96,6%,105,Nikola Vucevic,C,40.4,31.5,4.8,2.0,16,35.7,31,8400,99.5,,OKC,201.5,C,40.8,8400,2.5,ORL,4.85
2019-11-06,48.3,33.4,6.1,43.1,27.1,16,34,15,34.5,30,9,34.8,23.5,49.3,107,-10%,103,Nikola Vucevic,C,40.4,32.0,5.1,0.0,15,35.1,31,7900,100.5,,DAL,207.5,C,42.5,7900,6.5,ORL,5.38
2019-11-08,59.5,31.9,7.6,45.5,28.0,15,34,15,39.5,32,20,39.7,30.8,49.3,106,-9%,109,Nikola Vucevic,C,44.4,32.5,5.7,1.0,15,36.8,31,7800,108.5,,MEM,209.5,C,44.3,7800,-7.5,ORL,5.67
2019-11-10,51.3,34.8,6.0,50.4,28.1,16,33,15,41.5,32,20,41.8,30.8,59.5,102,10%,102,Nikola Vucevic,C,44.4,32.0,5.2,1.0,15,39.3,31,8500,103.3,,IND,202.0,C,42.3,8500,-4.5,ORL,4.97
2019-11-13,45.0,33.7,5.4,51.6,29.3,17,33,16,45.6,34,28,45.9,33.0,59.5,102,-5%,106,Nikola Vucevic,C,43.7,32.5,5.3,2.0,16,40.5,32,8300,104.3,,PHI,206.0,C,42.3,8300,-2.5,ORL,5.09
2019-11-15,39.3,36.8,5.0,51.6,30.2,18,34,16,47.1,34,20,47.4,33.0,59.5,109,-5%,105,Nikola Vucevic,C,45.1,33.5,5.7,1.0,16,40.9,32,7900,106.8,,SA,210.5,C,44.8,7900,-3.0,ORL,5.66
2019-11-17,63.8,32.9,7.8,51.0,30.5,17,35,16,48.6,34,30,48.7,39.3,59.5,111,18%,108,Nikola Vucevic,C,51.1,33.5,6.2,1.0,16,40.8,32,8200,114.8,,WAS,224.0,C,51.5,8200,-5.5,ORL,6.28
2019-11-20,19.3,10.8,2.1,55.5,35.1,15,35,16,51.8,34,7,51.8,39.3,63.8,100,-4%,105,Nikola Vucevic,C,44.2,33.0,4.9,2.0,16,45.3,34,9100,102.0,,TOR,207.0,C,44.8,9100,3.0,ORL,4.92
2019-11-23,0.0,0.0,0.0,54.2,30.9,15,35,16,51.8,34,27,43.7,19.3,63.8,101,3%,102,Nikola Vucevic,C,0.0,0.0,0.0,2.0,16,42.5,32,3000,97.5,O,IND,201.0,C,0.0,3000,6.0,ORL,0.0
2019-11-25,0.0,0.0,0.0,54.2,30.9,15,35,16,51.8,34,20,43.7,19.3,63.8,108,-6%,103,Nikola Vucevic,C,0.0,0.0,0.0,1.0,16,42.5,32,3100,101.5,O,DET,207.5,C,0.0,3100,4.5,ORL,0.0
2019-11-27,0.0,0.0,0.0,54.2,30.9,15,35,16,51.8,34,24,43.7,19.3,63.8,110,2%,102,Nikola Vucevic,C,0.0,0.0,0.0,1.0,16,42.5,32,3200,104.5,O,CLE,208.0,C,0.0,3200,-1.0,ORL,0.0
2019-11-29,0.0,0.0,0.0,54.2,30.9,15,35,16,51.8,34,14,43.7,19.3,63.8,100,-9%,104,Nikola Vucevic,C,0.0,0.0,0.0,1.0,16,42.5,32,3200,102.0,O,TOR,207.5,C,0.0,3200,3.5,ORL,0.0
2019-12-03,0.0,0.0,0.0,54.2,30.9,15,35,16,51.8,34,21,43.7,19.3,63.8,114,16%,108,Nikola Vucevic,C,0.0,0.0,0.0,1.0,16,42.5,32,3200,113.0,O,WAS,228.0,C,0.0,3200,2.0,ORL,0.0
2019-12-04,0.0,0.0,0.0,54.2,30.9,15,35,16,51.8,34,21,43.7,19.3,63.8,106,4%,105,Nikola Vucevic,C,0.0,0.0,0.0,0.0,16,42.5,32,3300,106.0,O,PHO,213.5,C,0.0,3300,1.5,ORL,0.0
2019-12-06,0.0,0.0,0.0,54.2,30.9,15,35,16,51.8,34,29,43.7,19.3,63.8,111,3%,102,Nikola Vucevic,C,0.0,0.0,0.0,1.0,16,42.5,32,3000,106.8,O,CLE,210.0,C,0.0,3000,-3.5,ORL,0.0
2019-12-09,0.0,0.0,0.0,54.2,30.9,15,35,16,51.8,34,21,43.7,19.3,63.8,99,4%,107,Nikola Vucevic,C,0.0,0.0,0.0,2.0,16,42.5,32,3100,102.5,O,MIL,217.5,C,0.0,3100,12.5,ORL,0.0
2019-12-11,0.0,0.0,0.0,54.2,30.9,15,35,16,51.8,34,16,43.7,19.3,63.8,101,-16%,103,Nikola Vucevic,C,0.0,0.0,0.0,1.0,16,42.5,32,8400,102.0,O,LAL,212.0,C,0.0,8400,8.0,ORL,0.0
2019-12-17,34.3,33.3,4.7,53.4,30.7,15,31,16,47.1,34,19,40.7,19.3,63.8,104,2%,103,Nikola Vucevic,C,37.0,30.0,5.1,1.0,16,42.1,32,7300,100.0,,UTA,207.0,C,38.0,7300,7.0,ORL,5.21
2019-12-18,38.8,32.8,5.5,52.7,30.4,15,31,16,43.7,33,28,38.6,19.3,63.8,101,-1%,100,Nikola Vucevic,C,38.1,31.0,5.4,0.0,16,41.5,32,7000,98.0,,DEN,205.0,C,37.3,7000,9.0,ORL,5.32
2019-12-20,57.0,33.1,7.0,52.1,30.6,16,33,15,42.5,33,13,38.5,19.3,63.8,108,8%,105,Nikola Vucevic,C,42.8,32.5,5.3,1.0,16,41.4,32,8100,107.0,,POR,217.5,C,43.5,8100,3.5,ORL,5.37
2019-12-23,37.3,31.0,4.5,53.4,31.2,18,33,16,46.0,32,20,37.1,19.3,57.0,104,13%,103,Nikola Vucevic,C,46.1,32.5,5.6,2.0,16,42.3,32,8200,106.0,,CHI,207.0,C,46.5,8200,-5.0,ORL,5.67
2019-12-27,44.0,32.2,5.7,52.8,31.2,19,32,17,40.7,32,15,40.7,34.3,57.0,103,-13%,102,Nikola Vucevic,C,40.0,32.5,5.2,3.0,16,42.0,32,7700,102.5,,PHI,209.0,C,40.8,7700,4.0,ORL,5.29
2019-12-28,49.0,31.7,6.3,52.6,31.6,17,32,17,42.3,33,5,42.3,34.3,57.0,100,2%,107,Nikola Vucevic,C,43.4,32.5,5.6,0.0,16,42.1,32,7800,105.3,,MIL,216.5,C,44.3,7800,6.0,ORL,5.67
2019-12-30,41.0,35.4,5.2,52.8,32.1,16,32,17,45.2,32,27,45.2,37.3,57.0,111,2%,106,Nikola Vucevic,C,44.4,32.0,5.6,1.0,16,42.5,32,7900,110.3,,ATL,209.5,C,47.5,7900,-11.0,ORL,6.01
2020-01-01,42.5,30.5,5.2,52.5,32.3,18,34,18,45.6,33,12,45.7,37.3,57.0,114,7%,106,Nikola Vucevic,C,44.3,32.5,5.4,1.0,16,42.4,32,8200,112.5,,WAS,221.0,C,43.0,8200,-4.0,ORL,5.24
2020-01-03,47.8,32.9,6.0,52.2,32.5,20,33,18,42.8,32,29,42.8,37.3,49.0,105,-7%,101,Nikola Vucevic,C,41.4,32.0,5.2,1.0,16,42.4,32,8000,103.8,,MIA,208.5,C,41.8,8000,1.0,ORL,5.22
2020-01-04,47.8,32.6,6.1,52.3,32.9,19,32,18,44.9,33,9,44.9,41.0,49.0,103,1%,102,Nikola Vucevic,C,42.2,32.0,5.3,0.0,16,42.6,32,7900,101.3,,UTA,207.0,C,40.8,7900,4.5,ORL,5.16
2020-01-06,48.0,30.7,5.8,52.4,33.3,18,33,18,45.6,33,14,45.6,41.0,49.0,106,6%,105,Nikola Vucevic,C,46.9,32.5,5.7,1.0,16,42.8,32,8300,108.8,,BKN,212.5,C,41.5,8300,-5.0,ORL,5.0
2020-01-08,49.8,27.8,5.5,52.4,33.7,16,32,17,45.4,32,28,45.4,41.0,48.0,113,7%,106,Nikola Vucevic,C,45.9,32.0,5.1,1.0,16,43.0,32,9000,115.3,,WAS,221.0,C,47.0,9000,-9.5,ORL,5.22
2020-01-10,43.8,33.0,5.0,52.6,34.0,16,29,18,47.1,31,17,47.2,42.5,49.8,109,3%,105,Nikola Vucevic,C,46.0,33.0,5.2,1.0,16,43.3,32,8800,106.5,,PHO,217.5,C,45.5,8800,4.5,ORL,5.17
2020-01-13,54.8,36.9,6.6,52.4,34.2,21,30,18,47.4,31,3,47.4,43.8,49.8,108,-6%,100,Nikola Vucevic,C,43.6,32.0,5.3,2.0,17,43.3,32,8300,105.0,,SAC,212.0,C,42.0,8300,2.0,ORL,5.06
2020-01-15,30.0,32.5,3.5,52.9,34.5,22,35,19,48.8,32,17,48.8,43.8,54.8,102,-12%,103,Nikola Vucevic,C,45.2,33.5,5.3,1.0,17,43.7,32,8500,100.3,,LAL,210.0,C,42.8,8500,9.5,ORL,5.03
2020-01-16,42.3,29.5,5.0,52.6,33.9,21,35,19,45.3,32,16,45.3,30.0,54.8,105,3%,105,Nikola Vucevic,C,43.3,32.0,5.1,0.0,17,43.3,32,8500,102.0,,LAC,215.5,C,45.0,8500,11.5,ORL,5.29
2020-01-18,36.8,33.3,4.4,52.5,34.0,16,31,19,44.1,32,27,44.1,30.0,54.8,109,1%,103,Nikola Vucevic,C,45.3,32.0,5.5,1.0,17,43.2,32,8300,110.0,,GS,214.0,C,43.0,8300,-6.0,ORL,5.18
2020-01-20,46.0,31.1,5.5,52.2,33.9,16,31,19,41.5,33,16,41.5,30.0,54.8,111,7%,99,Nikola Vucevic,C,45.9,32.5,5.5,1.0,17,43.0,32,8400,105.0,,CHA,206.0,C,41.0,8400,-4.0,ORL,4.88
2020-01-22,55.3,35.0,6.7,52.1,34.1,20,32,19,42.0,33,9,42.0,30.0,54.8,106,-1%,101,Nikola Vucevic,C,44.5,32.5,5.4,1.0,17,43.1,32,8300,105.5,,OKC,209.5,C,40.5,8300,-1.5,ORL,4.88
2020-01-24,41.0,34.5,4.9,52.6,34.4,21,33,18,42.0,32,15,42.1,30.0,55.3,103,-4%,102,Nikola Vucevic,C,44.5,32.0,5.3,1.0,17,43.5,32,8400,107.0,,BOS,212.5,C,41.0,8400,-1.5,ORL,4.88
2020-01-26,26.5,26.5,3.1,52.4,34.4,19,35,18,44.3,33,27,44.3,36.8,55.3,105,3%,105,Nikola Vucevic,C,46.1,32.5,5.4,1.0,17,43.4,32,8500,107.8,,LAC,219.0,C,41.8,8500,3.5,ORL,4.91
2020-01-27,40.5,32.8,4.7,52.2,33.6,16,31,18,41.1,32,8,41.1,26.5,55.3,106,-7%,101,Nikola Vucevic,C,41.9,32.5,4.9,0.0,17,42.9,32,8600,102.3,,MIA,210.5,C,41.8,8600,6.0,ORL,4.85
