game_date,Actual FP,Actual Min,Actual Val,Ceil FP,Floor FP,L2 FGA,L2 Min,L5 FGA,L5 FP,L5 Min,L5_dvp_rank,L5_ppg_avg,L5_ppg_floor,L5_ppg_max,Opp DEff,Opp DvP,Opp Pace,Player Name,Pos,Proj FP,Proj Min,Proj Val,Rest,S FGA,S FP,S Min,Salary,implied_team_score,injury_status,opp,over_under,position,ppg_projection,salary,spread,team,value_projection
2019-10-23,12.0,14.4,3.5,0.0,0.0,0,0,0,0.0,0,1,19.3,5.0,28.3,107,1%,103,Noah Vonleh,PF/C,11.4,12.0,3.4,,0,0.0,0,3400,112.8,,BKN,229.0,PF,11.8,3400,3.5,MIN,3.46
2019-10-25,14.3,14.0,4.5,12.0,12.0,3,14,3,12.0,14,26,16.1,5.0,24.8,110,2%,101,Noah Vonleh,PF/C,0.0,0.0,0.0,1.0,3,12.0,14,3200,115.8,,CHA,226.0,PF,9.3,3200,-5.5,MIN,2.89
2019-10-27,13.8,13.2,4.3,14.7,11.5,3,14,3,13.1,14,17,14.7,5.0,24.8,105,4%,101,Noah Vonleh,PF/C,13.3,13.5,4.2,1.0,3,13.1,14,3200,115.3,,MIA,223.5,PF,13.5,3200,-7.0,MIN,4.22
2019-10-30,5.5,15.1,1.8,14.5,12.2,3,14,3,13.3,14,10,14.0,5.0,24.8,107,3%,104,Noah Vonleh,PF/C,12.3,13.5,4.0,2.0,3,13.3,14,3100,107.5,,PHI,222.5,PF,14.3,3100,7.5,MIN,4.6
2019-11-02,15.8,13.1,3.8,15.4,7.3,4,14,3,11.4,14,4,10.1,5.0,14.3,111,9%,104,Noah Vonleh,PF/C,16.8,17.0,4.0,2.0,3,11.4,14,4200,112.8,,WAS,228.5,PF,18.3,4200,3.0,MIN,4.35
2019-11-04,14.5,16.1,3.4,16.3,8.2,4,14,3,12.3,14,8,12.3,5.5,15.8,103,-2%,105,Noah Vonleh,PF/C,12.5,12.5,2.9,1.0,3,12.3,14,4300,111.3,,MIL,230.5,PF,12.5,4300,8.0,MIN,2.91
2019-11-06,18.0,15.8,5.1,16.3,8.9,5,15,4,12.8,14,27,12.8,5.5,15.8,105,-6%,109,Noah Vonleh,PF/C,12.5,13.0,3.6,1.0,4,12.6,14,3500,113.8,,MEM,224.5,PF,16.0,3500,-3.0,MIN,4.57
2019-11-08,11.5,9.3,3.3,17.3,9.5,5,16,4,13.5,15,2,13.5,5.5,18.0,116,15%,105,Noah Vonleh,PF/C,15.9,16.0,4.5,1.0,4,13.4,15,3500,119.5,,GS,227.5,PF,16.3,3500,-11.5,MIN,4.64
2019-11-11,7.3,16.9,2.2,17.1,6.6,3,7,4,12.2,12,28,12.2,1.3,18.0,108,6%,103,Noah Vonleh,PF/C,0.0,0.0,0.0,0.0,3,11.8,13,3300,109.8,,DET,223.5,PF,5.0,3300,4.0,MIN,1.52
2019-11-13,10.5,13.6,3.3,16.6,6.2,1,11,3,10.5,13,18,10.5,1.3,18.0,107,6%,105,Noah Vonleh,PF/C,10.8,11.5,3.4,1.0,3,11.4,13,3200,114.5,,SA,227.0,PF,9.3,3200,-2.0,MIN,2.89
2019-11-15,7.0,9.6,2.3,16.1,8.5,2,15,4,12.3,14,19,9.7,1.3,18.0,112,1%,107,Noah Vonleh,PF/C,13.2,13.0,4.3,1.0,3,12.3,14,3100,124.5,,WAS,242.0,PF,8.8,3100,-7.0,MIN,2.82
2019-11-16,18.5,13.2,6.0,15.8,7.9,3,12,3,10.8,13,23,7.5,1.3,11.5,106,16%,110,Noah Vonleh,PF/C,11.6,12.0,3.7,0.0,3,11.8,14,3100,117.0,,HOU,232.5,PF,10.3,3100,-1.5,MIN,3.31
2019-12-09,1.3,1.1,0.4,16.4,5.3,3,10,2,9.1,12,3,8.3,2.0,18.0,107,1%,105,Noah Vonleh,PF/C,0.0,0.0,0.0,0.0,3,10.8,13,3200,114.5,,PHO,233.0,PF,2.3,3200,4.0,MIN,0.7
2019-12-20,23.8,20.0,7.2,15.9,5.1,3,8,3,8.8,9,2,7.5,1.3,18.0,101,-8%,100,Noah Vonleh,PF/C,10.1,11.0,3.1,1.0,3,10.5,12,3300,102.3,,DEN,215.0,PF,1.0,3300,10.5,MIN,0.3
2019-12-21,7.8,12.4,2.5,17.4,5.1,5,16,3,12.1,11,14,8.7,1.3,23.8,108,1%,105,Noah Vonleh,PF/C,14.6,15.0,4.7,0.0,3,11.3,13,3100,111.0,,POR,228.0,PF,13.3,3100,6.0,MIN,4.27
2019-12-23,15.5,16.6,5.2,17.1,5.0,4,16,3,9.9,11,16,9.8,1.3,23.8,110,0%,103,Noah Vonleh,PF/C,12.6,13.0,4.2,1.0,3,11.1,13,3000,112.0,,GS,222.5,PF,4.0,3000,-1.5,MIN,1.33
2019-12-26,13.0,17.4,3.9,17.3,5.4,3,15,3,12.7,13,13,12.1,1.3,23.8,108,-12%,99,Noah Vonleh,PF/C,13.2,14.5,4.0,2.0,3,11.3,13,3300,108.3,,SAC,221.5,PF,7.8,3300,5.0,MIN,2.35
2019-12-28,29.3,24.3,9.8,17.2,5.6,3,17,4,14.4,16,16,14.5,7.8,23.8,113,3%,101,Noah Vonleh,PF/C,15.8,15.5,5.3,1.0,3,11.4,13,3000,111.8,,CLE,217.0,PF,12.0,3000,-6.5,MIN,4.0
2020-01-07,13.5,13.9,4.5,18.9,5.4,4,16,3,15.1,16,24,15.1,7.8,29.3,110,-1%,106,Noah Vonleh,PF/C,0.0,0.0,0.0,1.0,3,12.1,13,3000,112.8,,MEM,228.5,PF,8.8,3000,3.0,MIN,2.92
2020-01-09,16.0,12.7,5.0,18.8,5.6,4,11,3,16.2,16,24,16.2,9.8,29.3,109,0%,104,Noah Vonleh,PF/C,0.0,0.0,0.0,1.0,3,12.2,13,3200,111.5,,POR,224.5,PF,4.8,3200,1.5,MIN,1.48
2020-01-13,8.5,11.6,2.7,18.6,5.7,3,9,3,15.1,13,11,15.1,7.0,29.3,105,-12%,101,Noah Vonleh,PF/C,9.9,10.0,3.2,1.0,3,12.1,13,3100,108.3,,OKC,218.0,PF,7.3,3100,1.5,MIN,2.34
2020-01-15,15.8,11.1,5.3,18.3,5.7,2,9,3,10.9,10,16,11.0,7.0,16.0,104,-6%,101,Noah Vonleh,PF/C,10.5,11.0,3.5,1.0,3,12.0,13,3000,107.8,,IND,218.5,PF,13.5,3000,3.0,MIN,4.5
