game_date,Actual FP,Actual Min,Actual Val,Ceil FP,Floor FP,L2 FGA,L2 Min,L5 FGA,L5 FP,L5 Min,L5_dvp_rank,L5_ppg_avg,L5_ppg_floor,L5_ppg_max,Opp DEff,Opp DvP,Opp Pace,Player Name,Pos,Proj FP,Proj Min,Proj Val,Rest,S FGA,S FP,S Min,Salary,implied_team_score,injury_status,opp,over_under,position,ppg_projection,salary,spread,team,value_projection
2019-10-22,23.8,35.8,6.1,0.0,0.0,0,0,0,0.0,0,11,11.1,5.0,18.8,110,5%,106,OG Anunoby,SF/PF,23.8,30.5,6.1,,0,0.0,0,3900,118.0,,NO,229.0,SF,22.0,3900,-7.0,TOR,5.64
2019-10-25,20.5,37.8,4.8,23.8,23.8,12,36,12,23.8,36,25,14.3,5.0,23.8,105,-4%,102,OG Anunoby,SF/PF,22.3,32.0,5.2,2.0,12,23.8,36,4300,105.3,,BOS,213.0,SF,22.0,4300,2.5,TOR,5.12
2019-10-26,38.5,25.5,8.8,24.4,19.8,9,37,9,22.1,37,12,14.6,5.0,23.8,111,-5%,101,OG Anunoby,SF/PF,24.1,33.0,5.5,0.0,9,22.1,37,4400,111.0,,CHI,219.0,SF,27.0,4400,-3.0,TOR,6.14
2019-10-28,40.0,38.2,8.2,37.2,18.0,8,32,9,27.6,33,10,21.1,5.0,38.5,106,-5%,100,OG Anunoby,SF/PF,23.3,31.0,4.8,1.0,9,27.6,33,4900,108.0,,ORL,211.0,SF,23.3,4900,-5.0,TOR,4.74
2019-10-30,26.5,36.7,5.6,40.7,20.7,11,32,10,30.7,34,21,28.1,17.8,40.0,107,-3%,100,OG Anunoby,SF/PF,26.0,34.0,5.5,1.0,10,30.7,34,4700,111.5,,DET,214.0,SF,24.8,4700,-9.0,TOR,5.27
2019-11-02,23.3,31.1,4.8,38.7,21.0,11,37,10,29.9,35,18,29.9,20.5,40.0,103,1%,105,OG Anunoby,SF/PF,26.5,35.5,5.4,2.0,10,29.9,35,4900,110.3,,MIL,227.0,SF,24.3,4900,6.5,TOR,4.95
2019-11-06,40.5,37.4,7.8,37.1,20.4,8,34,8,29.8,34,27,29.8,20.5,40.0,108,7%,102,OG Anunoby,SF/PF,26.7,34.5,5.1,3.0,9,28.8,34,5200,113.0,,SAC,218.5,SF,25.5,5200,-7.5,TOR,4.9
2019-11-08,41.8,29.6,7.2,39.3,21.6,8,34,9,33.8,34,2,33.8,23.3,40.5,112,6%,110,OG Anunoby,SF/PF,28.8,35.5,5.0,1.0,9,30.4,35,5800,117.3,,NO,232.5,SF,28.8,5800,-2.0,TOR,4.96
2019-11-10,12.8,26.4,2.1,41.0,22.7,12,34,10,34.4,35,4,34.4,23.3,41.8,95,9%,103,OG Anunoby,SF/PF,27.5,35.5,4.4,1.0,10,31.8,34,6200,100.0,,LAL,210.5,SF,25.5,6200,10.5,TOR,4.11
2019-11-11,1.0,1.8,0.2,40.4,19.1,10,28,9,28.9,32,22,29.0,12.8,41.8,104,-5%,105,OG Anunoby,SF/PF,26.2,34.0,4.4,0.0,9,29.7,33,6000,105.3,,LAC,220.5,SF,25.8,6000,10.0,TOR,4.29
2019-11-13,0.0,0.0,0.0,40.4,13.3,3,14,7,23.9,25,24,23.9,1.0,41.8,106,6%,106,OG Anunoby,SF/PF,0.0,0.0,0.0,1.0,8,26.9,30,5000,108.0,O,POR,218.5,SF,0.0,5000,2.5,TOR,0.0
2019-11-16,15.3,31.9,3.2,40.4,19.1,10,28,9,28.9,32,28,23.9,1.0,41.8,109,2%,102,OG Anunoby,SF/PF,24.7,31.5,5.1,2.0,9,29.7,33,4800,107.3,Q,DAL,218.5,SF,23.3,4800,4.0,TOR,4.84
2019-11-18,37.8,27.3,8.2,39.3,17.3,6,29,8,26.7,31,22,22.3,1.0,41.8,108,4%,102,OG Anunoby,SF/PF,26.8,32.5,5.8,1.0,9,28.3,33,4600,111.8,,CHA,214.5,SF,27.0,4600,-9.0,TOR,5.87
2019-11-20,16.0,23.1,2.9,40.0,18.3,10,30,10,29.6,31,9,21.3,1.0,41.8,101,-10%,100,OG Anunoby,SF/PF,26.7,33.0,4.8,1.0,9,29.1,33,5600,105.0,,ORL,207.0,SF,26.8,5600,-3.0,TOR,4.78
2019-11-23,13.5,25.5,2.5,39.0,17.0,10,25,9,24.7,28,30,16.2,1.0,35.8,110,27%,106,OG Anunoby,SF/PF,27.4,31.0,5.2,2.0,9,28.0,32,5300,115.3,,ATL,223.0,SF,27.0,5300,-7.5,TOR,5.09
2019-11-25,22.8,35.0,4.6,38.2,15.6,8,24,8,19.1,27,22,16.3,1.0,35.8,102,-6%,103,OG Anunoby,SF/PF,22.7,29.0,4.5,1.0,9,26.9,31,5000,105.0,,PHI,212.0,SF,22.8,5000,2.0,TOR,4.55
2019-11-27,35.0,32.6,7.3,37.5,15.7,10,30,9,21.1,29,16,20.7,13.5,35.8,109,-5%,100,OG Anunoby,SF/PF,25.5,32.0,5.3,1.0,9,26.6,32,4800,111.3,,NY,213.0,SF,22.5,4800,-9.5,TOR,4.69
2019-11-29,21.8,35.5,4.4,37.9,16.5,11,34,10,25.0,29,1,24.6,13.5,35.8,103,-11%,100,OG Anunoby,SF/PF,25.3,32.0,5.2,1.0,9,27.2,32,4900,105.5,,ORL,207.5,SF,23.5,4900,-3.5,TOR,4.8
2019-12-03,14.8,21.2,2.9,37.0,16.8,5,33,8,24.3,32,9,24.3,13.5,35.0,101,-8%,103,OG Anunoby,SF/PF,25.1,32.5,4.9,1.0,9,26.9,32,5100,108.8,,MIA,213.0,SF,23.0,5100,-4.5,TOR,4.51
2019-12-05,22.5,23.5,4.9,36.5,16.0,5,26,7,24.5,31,27,24.5,14.8,35.0,106,12%,108,OG Anunoby,SF/PF,24.6,29.0,5.3,1.0,9,26.3,31,4600,116.3,,HOU,230.5,SF,23.8,4600,-2.0,TOR,5.16
2019-12-08,47.0,35.5,10.7,36.0,16.1,8,22,7,24.4,29,6,24.5,14.8,35.0,102,-6%,102,OG Anunoby,SF/PF,18.4,25.0,4.2,2.0,9,26.1,31,4400,105.0,,PHI,213.0,SF,18.8,4400,3.0,TOR,4.26
2019-12-09,26.3,36.7,5.6,37.9,16.3,13,30,8,26.9,29,5,26.9,14.8,47.0,105,-1%,104,OG Anunoby,SF/PF,25.3,31.5,5.4,0.0,9,27.1,31,4700,110.3,,CHI,214.5,SF,23.0,4700,-6.0,TOR,4.89
2019-12-11,27.3,34.6,5.5,37.6,16.5,12,36,9,27.8,29,11,27.8,14.8,47.0,103,-6%,106,OG Anunoby,SF/PF,27.5,34.0,5.5,1.0,9,27.1,31,5000,109.5,,LAC,221.5,SF,24.3,5000,2.5,TOR,4.85
2019-12-14,7.3,21.3,1.4,37.3,16.8,12,36,11,27.6,30,2,27.6,14.8,47.0,107,-15%,105,OG Anunoby,SF/PF,27.2,33.5,5.2,2.0,9,27.1,31,5200,113.5,,BKN,219.5,SF,25.0,5200,-7.5,TOR,4.81
2019-12-16,26.8,27.9,5.5,37.0,15.4,11,28,11,26.1,30,22,26.1,7.3,47.0,113,5%,101,OG Anunoby,SF/PF,26.8,31.5,5.5,1.0,9,26.2,31,4900,114.8,,CLE,217.0,SF,25.8,4900,-12.5,TOR,5.26
2019-12-18,35.5,34.6,7.1,36.8,15.6,8,25,11,26.9,31,15,26.9,7.3,47.0,108,-1%,102,OG Anunoby,SF/PF,25.1,31.0,5.0,1.0,9,26.2,31,5000,110.3,,DET,217.0,SF,24.5,5000,-3.5,TOR,4.9
2019-12-20,29.8,32.6,5.3,37.1,16.1,11,31,10,24.6,31,9,24.6,7.3,35.5,114,12%,106,OG Anunoby,SF/PF,31.8,36.0,5.7,1.0,9,26.6,31,5600,118.0,,WAS,230.0,SF,30.0,5600,-6.0,TOR,5.36
2019-12-23,38.0,42.5,6.6,36.7,15.9,10,31,9,22.9,29,4,22.9,7.3,35.5,102,-25%,102,OG Anunoby,SF/PF,24.3,32.5,4.2,0.0,9,26.3,31,5800,102.0,,IND,211.0,SF,24.5,5800,7.0,TOR,4.22
2019-12-25,9.3,25.1,1.7,37.1,16.3,11,36,11,29.0,33,7,29.0,15.0,38.0,101,-5%,101,OG Anunoby,SF/PF,28.0,34.5,5.2,1.0,9,26.7,31,5400,105.5,,BOS,214.5,SF,26.8,5400,3.5,TOR,4.95
2019-12-28,10.0,15.2,2.0,36.9,15.4,10,34,10,25.5,33,1,25.5,9.3,38.0,101,-7%,101,OG Anunoby,SF/PF,26.2,33.0,5.3,2.0,9,26.1,31,4900,104.5,,BOS,216.0,SF,23.8,4900,7.0,TOR,4.85
2019-12-31,29.3,30.4,5.9,36.2,14.3,8,21,9,17.6,28,30,17.6,9.3,38.0,112,3%,102,OG Anunoby,SF/PF,20.6,23.0,4.1,1.0,9,25.3,31,5000,113.8,,CLE,218.5,SF,19.8,5000,-9.0,TOR,3.95
2020-01-02,37.0,36.8,7.1,36.1,14.6,10,28,9,20.4,28,19,20.5,9.3,38.0,105,-3%,101,OG Anunoby,SF/PF,23.1,29.0,4.4,1.0,9,25.4,31,5200,104.0,,MIA,214.0,SF,21.3,5200,6.0,TOR,4.09
2020-01-07,18.0,29.7,3.3,36.2,14.5,9,33,8,20.9,28,22,21.0,10.0,37.0,109,7%,104,OG Anunoby,SF/PF,28.4,31.5,5.3,2.0,9,25.3,31,5400,111.3,,POR,220.0,SF,27.8,5400,-2.5,TOR,5.14
2020-01-08,32.8,36.0,6.0,35.9,14.4,8,30,9,22.6,31,30,22.6,12.8,37.0,111,1%,99,OG Anunoby,SF/PF,26.0,30.5,4.7,0.0,9,25.1,31,5500,105.0,,CHA,207.5,SF,26.0,5500,-2.5,TOR,4.73
2020-01-12,17.3,29.4,3.2,36.0,14.7,11,33,10,25.9,32,24,26.0,12.8,37.0,110,1%,103,OG Anunoby,SF/PF,25.0,30.0,4.6,3.0,9,25.3,31,5400,112.3,,SA,220.0,SF,26.3,5400,-4.5,TOR,4.86
2020-01-15,41.8,38.6,9.1,35.8,14.5,9,33,9,23.6,32,20,23.6,12.8,37.0,105,-2%,101,OG Anunoby,SF/PF,22.3,30.0,4.8,2.0,9,25.1,31,4600,106.3,,OKC,213.5,SF,22.3,4600,1.0,TOR,4.84
2020-01-17,35.5,25.6,6.8,36.4,14.7,9,34,9,24.5,33,23,24.5,12.8,41.8,113,6%,106,OG Anunoby,SF/PF,27.1,31.5,5.2,1.0,9,25.6,31,5200,120.8,,WAS,231.0,SF,26.5,5200,-10.5,TOR,5.1
2020-01-18,5.3,24.2,1.0,36.9,15.6,13,32,11,29.1,32,24,29.1,17.3,41.8,107,5%,105,OG Anunoby,SF/PF,24.0,28.0,4.6,0.0,9,26.2,31,5200,113.8,,MIN,222.5,SF,22.3,5200,-5.0,TOR,4.28
2020-01-20,10.0,20.6,1.8,36.4,14.2,9,25,10,26.5,31,18,26.5,5.3,41.8,111,20%,106,OG Anunoby,SF/PF,24.5,28.0,4.5,1.0,9,25.3,31,5500,119.0,,ATL,229.0,SF,23.8,5500,-9.0,TOR,4.32
2020-01-22,9.0,21.4,2.1,36.2,13.7,5,22,8,21.9,28,7,22.0,5.3,41.8,103,-5%,101,OG Anunoby,SF/PF,20.5,26.0,4.9,1.0,9,24.9,30,4200,111.5,,PHI,216.0,SF,19.8,4200,-7.0,TOR,4.7
2020-01-24,13.5,25.6,3.3,35.9,13.2,5,21,8,20.3,26,18,20.3,5.3,41.8,111,3%,101,OG Anunoby,SF/PF,19.0,25.0,4.6,1.0,9,24.6,30,4100,112.8,,NY,217.5,SF,19.0,4100,-8.0,TOR,4.63
2020-01-28,24.0,26.6,6.0,35.6,13.1,8,25,6,12.7,23,3,12.7,5.3,25.8,111,19%,106,OG Anunoby,SF/PF,22.1,26.0,5.5,1.0,9,24.3,30,4000,123.3,,ATL,234.0,SF,20.0,4000,-12.5,TOR,5.0
2020-01-30,13.8,31.5,2.8,35.4,13.2,6,25,5,16.4,24,10,16.5,9.0,25.8,113,5%,101,OG Anunoby,SF/PF,20.0,25.5,4.0,1.0,9,24.3,30,5000,115.8,,CLE,221.5,SF,20.3,5000,-10.0,TOR,4.05
2020-01-31,10.0,23.8,2.2,35.2,13.0,6,29,6,17.2,26,21,17.2,9.0,25.8,110,0%,101,OG Anunoby,SF/PF,21.7,28.5,4.8,0.0,9,24.1,30,4500,114.0,,DET,223.5,SF,21.0,4500,-4.5,TOR,4.67
2020-02-02,13.8,21.1,2.7,35.0,12.6,8,28,7,17.4,26,15,17.4,10.0,25.8,106,2%,102,OG Anunoby,SF/PF,23.0,29.0,4.5,1.0,9,23.8,30,5100,113.8,,CHI,217.0,SF,24.5,5100,-10.5,TOR,4.8
