game_date,Actual FP,Actual Min,Actual Val,Ceil FP,Floor FP,L2 FGA,L2 Min,L5 FGA,L5 FP,L5 Min,L5_dvp_rank,L5_ppg_avg,L5_ppg_floor,L5_ppg_max,Opp DEff,Opp DvP,Opp Pace,Player Name,Pos,Proj FP,Proj Min,Proj Val,Rest,S FGA,S FP,S Min,Salary,implied_team_score,injury_status,opp,over_under,position,ppg_projection,salary,spread,team,value_projection
2019-10-26,7.8,6.1,2.6,0.0,0.0,0,1,0,0.0,1,7,5.5,0.0,20.0,107,-3%,100,Raul Neto,PG,0.0,0.0,0.0,2.0,0,0.0,1,3000,108.3,,DET,213.5,PG,5.8,3000,-3.0,PHI,1.92
2019-11-02,11.5,6.0,3.8,7.2,-1.2,2,4,1,3.0,3,20,2.5,0.0,7.8,108,-1%,102,Raul Neto,PG,0.0,0.0,0.0,2.0,1,3.0,3,3000,112.0,,POR,223.0,PG,4.5,3000,-1.0,PHI,1.5
2019-11-04,5.3,12.4,1.8,10.6,-0.3,2,4,2,5.1,4,8,4.4,0.0,11.5,112,5%,103,Raul Neto,PG,0.0,0.0,0.0,1.0,2,5.1,4,3000,112.5,,PHO,224.0,PG,5.5,3000,-1.0,PHI,1.83
2019-11-06,25.3,30.2,8.4,9.9,0.4,3,9,2,5.2,6,1,5.2,0.0,11.5,95,-21%,101,Raul Neto,PG,0.0,0.0,0.0,1.0,2,5.2,6,3000,103.3,,UTA,209.0,PG,2.5,3000,2.5,PHI,0.83
2019-11-08,27.0,30.4,7.9,17.7,-0.7,7,21,4,10.2,11,9,10.2,1.3,25.3,101,-9%,100,Raul Neto,PG,24.4,29.0,7.2,1.0,3,8.5,10,3400,103.3,,DEN,211.5,PG,21.8,3400,5.0,PHI,6.4
2019-11-10,17.8,28.7,4.0,22.1,0.2,9,30,5,14.1,16,5,14.1,1.3,27.0,108,1%,103,Raul Neto,PG,25.8,29.0,5.7,1.0,4,11.1,13,4500,113.5,,CHA,213.0,PG,24.8,4500,-14.0,PHI,5.5
2019-11-12,2.0,13.0,0.4,22.4,1.6,7,30,6,17.4,22,17,17.4,5.3,27.0,106,4%,103,Raul Neto,PG,15.8,17.5,3.3,1.0,4,12.0,15,4800,114.5,,CLE,219.0,PG,12.3,4800,-10.0,PHI,2.55
2019-11-13,11.5,12.7,3.2,21.1,0.6,6,21,6,15.4,23,5,15.5,2.0,27.0,99,-5%,100,Raul Neto,PG,10.2,12.5,2.8,0.0,4,10.9,15,3600,101.8,,ORL,206.0,PG,10.3,3600,2.5,PHI,2.85
2019-11-15,4.8,6.4,1.3,20.6,1.2,3,13,6,16.7,23,20,16.7,2.0,27.0,102,3%,103,Raul Neto,PG,9.4,12.0,2.5,1.0,4,10.9,14,3800,108.5,,OKC,214.0,PG,10.3,3800,-3.0,PHI,2.7
2019-11-25,6.3,7.3,2.1,18.2,0.2,2,7,2,4.8,9,23,4.8,2.0,11.5,101,-3%,104,Raul Neto,PG,0.0,0.0,0.0,1.0,4,9.2,13,3000,107.0,,TOR,212.0,PG,5.0,3000,-2.0,PHI,1.67
2019-11-27,1.5,11.1,0.5,17.7,0.3,3,8,2,5.7,8,14,5.7,2.8,11.5,109,-1%,100,Raul Neto,PG,0.0,0.0,0.0,1.0,3,9.0,12,3000,110.3,,SAC,211.0,PG,6.5,3000,-9.5,PHI,2.17
2019-11-29,5.0,6.1,1.7,17.1,-0.1,2,9,2,3.6,8,11,3.7,1.5,6.3,110,1%,100,Raul Neto,PG,13.9,17.5,4.6,1.0,3,8.5,12,3000,108.0,,NY,209.0,PG,14.0,3000,-7.0,PHI,4.67
2019-11-30,10.5,10.2,3.3,16.6,-0.1,2,9,2,3.7,8,11,3.7,1.5,6.3,101,-7%,102,Raul Neto,PG,0.0,0.0,0.0,0.0,3,8.3,12,3200,106.3,,IND,207.5,PG,5.3,3200,-5.0,PHI,1.64
2019-12-02,5.8,14.2,1.9,16.5,0.3,3,8,2,5.2,9,5,5.2,1.5,10.5,101,-5%,103,Raul Neto,PG,8.3,11.0,2.8,1.0,3,8.4,12,3000,107.0,,UTA,208.5,PG,8.3,3000,-5.5,PHI,2.75
2019-12-05,13.3,12.0,4.4,16.2,0.4,5,12,3,5.8,10,30,5.8,1.5,10.5,114,5%,108,Raul Neto,PG,10.5,13.0,3.5,2.0,3,8.3,12,3000,121.8,,WAS,236.0,PG,10.5,3000,-7.5,PHI,3.5
2019-12-07,22.0,22.4,6.9,16.3,0.8,6,13,4,7.2,11,5,7.2,1.5,13.3,111,8%,102,Raul Neto,PG,11.4,13.0,3.6,1.0,4,8.5,12,3200,112.0,,CLE,213.5,PG,11.3,3200,-10.5,PHI,3.52
2019-12-08,10.8,10.4,3.6,17.3,1.1,6,17,5,11.3,13,20,11.3,5.0,22.0,101,-3%,104,Raul Neto,PG,8.8,11.5,2.9,0.0,4,9.2,12,3000,108.0,,TOR,213.0,PG,8.5,3000,-3.0,PHI,2.83
2019-12-10,3.3,10.8,1.1,17.2,1.3,5,16,5,12.4,14,5,12.5,5.8,22.0,101,-9%,100,Raul Neto,PG,7.3,10.5,2.4,1.0,4,9.3,12,3000,106.8,,DEN,208.5,PG,9.8,3000,-5.0,PHI,3.25
2019-12-12,2.3,11.5,0.8,16.8,1.2,2,11,4,11.0,14,3,11.0,3.3,22.0,101,-12%,102,Raul Neto,PG,7.7,10.5,2.6,1.0,4,9.0,12,3000,105.8,,BOS,212.5,PG,7.8,3000,1.0,PHI,2.58
2019-12-13,6.8,10.5,2.3,16.5,0.9,1,11,3,10.3,13,29,10.3,2.3,22.0,112,16%,107,Raul Neto,PG,9.3,11.5,3.1,0.0,3,8.7,12,3000,115.3,,NO,222.5,PG,13.5,3000,-8.0,PHI,4.5
2019-12-15,19.3,21.4,6.4,16.3,1.0,2,11,3,9.0,13,27,9.0,2.3,22.0,107,13%,105,Raul Neto,PG,8.4,10.0,2.8,1.0,3,8.6,12,3000,110.8,,BKN,218.0,PG,10.0,3000,-3.5,PHI,3.33
2019-12-18,7.0,5.5,2.1,16.8,1.3,5,16,3,8.4,13,26,8.5,2.3,19.3,104,-10%,102,Raul Neto,PG,0.0,0.0,0.0,2.0,3,9.1,13,3400,108.5,,MIA,209.0,PG,7.5,3400,-8.0,PHI,2.21
2019-12-20,3.5,6.8,1.1,16.6,1.4,4,14,2,7.7,12,1,7.7,2.3,19.3,106,-10%,102,Raul Neto,PG,0.0,0.0,0.0,1.0,3,9.0,12,3200,110.3,,DAL,212.0,PG,8.8,3200,-8.5,PHI,2.73
2020-01-03,4.3,4.0,1.4,15.9,1.0,3,4,3,7.7,8,23,9.1,3.5,19.3,107,-2%,106,Raul Neto,PG,0.0,0.0,0.0,2.0,3,8.5,11,3000,111.3,,HOU,226.5,PG,1.8,3000,4.0,PHI,0.58
2020-01-13,7.0,3.6,2.3,15.5,0.9,2,3,2,4.1,4,27,5.5,3.5,8.8,105,0%,101,Raul Neto,PG,0.0,0.0,0.0,1.0,3,8.2,11,3000,105.8,,IND,213.5,PG,5.0,3000,2.0,PHI,1.67
2020-01-15,7.0,6.9,2.3,15.3,1.0,2,3,2,4.8,4,1,5.5,3.5,8.8,105,12%,105,Raul Neto,PG,0.0,0.0,0.0,1.0,3,8.1,11,3000,114.5,,BKN,222.0,PG,12.3,3000,-7.0,PHI,4.08
2020-01-17,9.8,14.2,3.3,15.2,1.1,3,5,3,6.2,5,2,6.2,4.0,8.8,105,-14%,102,Raul Neto,PG,0.0,0.0,0.0,1.0,3,8.1,11,3000,111.0,,CHI,215.0,PG,5.0,3000,-7.0,PHI,1.67
2020-01-18,10.8,8.3,3.6,15.1,1.2,4,11,3,6.4,6,7,6.4,4.0,9.8,112,3%,102,Raul Neto,PG,0.0,0.0,0.0,0.0,3,8.2,11,3000,110.5,,NY,217.0,PG,8.3,3000,-4.0,PHI,2.75
2020-01-20,12.3,15.8,4.1,15.1,1.4,4,11,3,7.7,7,1,7.7,4.0,10.8,105,10%,105,Raul Neto,PG,0.0,0.0,0.0,1.0,3,8.2,11,3000,109.8,,BKN,222.0,PG,8.0,3000,2.5,PHI,2.67
2020-01-22,9.0,11.5,2.9,15.1,1.5,6,12,4,9.3,10,23,9.4,7.0,12.3,101,-2%,103,Raul Neto,PG,10.2,12.5,3.3,1.0,3,8.3,11,3100,104.5,,TOR,216.0,PG,9.5,3100,7.0,PHI,3.06
2020-01-25,19.5,19.0,6.5,15.1,1.7,5,14,4,9.8,11,14,9.8,7.0,12.3,103,-1%,103,Raul Neto,PG,10.3,11.5,3.4,2.0,3,8.4,11,3000,106.5,,LAL,217.5,PG,13.3,3000,4.5,PHI,4.42
2020-01-28,28.0,20.7,9.0,15.5,1.8,4,15,5,12.3,14,23,12.3,9.0,19.5,110,9%,103,Raul Neto,PG,12.3,14.0,4.0,2.0,3,8.7,11,3100,112.8,,GS,213.5,PG,14.3,3100,-12.0,PHI,4.6
2020-01-30,2.5,20.1,0.6,16.6,1.7,8,20,6,15.9,15,22,15.9,9.0,28.0,111,0%,106,Raul Neto,PG,12.8,14.0,3.1,1.0,4,9.2,11,4100,117.5,,ATL,228.0,PG,13.8,4100,-7.0,PHI,3.35
2020-02-01,7.0,10.6,1.9,16.4,1.6,8,20,6,14.3,17,3,14.3,2.5,28.0,103,-10%,102,Raul Neto,PG,12.0,15.5,3.2,1.0,4,9.0,11,3700,107.3,,BOS,213.0,PG,11.3,3700,-1.5,PHI,3.04
2020-02-03,3.3,8.4,1.0,16.3,1.6,5,15,5,13.2,16,1,13.2,2.5,28.0,106,-9%,100,Raul Neto,PG,11.3,14.5,3.3,1.0,4,8.9,11,3400,104.8,,MIA,212.0,PG,12.5,3400,2.5,PHI,3.68
