game_date,Actual FP,Actual Min,Actual Val,Ceil FP,Floor FP,L2 FGA,L2 Min,L5 FGA,L5 FP,L5 Min,L5_dvp_rank,L5_ppg_avg,L5_ppg_floor,L5_ppg_max,Opp DEff,Opp DvP,Opp Pace,Player Name,Pos,Proj FP,Proj Min,Proj Val,Rest,S FGA,S FP,S Min,Salary,implied_team_score,injury_status,opp,over_under,position,ppg_projection,salary,spread,team,value_projection
2019-10-23,0.0,0.0,0.0,0.0,0.0,0,0,0,0.0,0,24,19.8,15.0,30.3,108,-7%,100,Reggie Bullock,SG/SF,0.0,0.0,0.0,,0,0.0,0,3500,101.8,O,SA,214.5,SG,0.0,3500,11.0,NY,0.0
2019-10-25,0.0,0.0,0.0,0.0,0.0,0,0,0,0.0,0,27,19.8,15.0,30.3,107,-2%,103,Reggie Bullock,SG/SF,0.0,0.0,0.0,1.0,0,0.0,0,3400,110.5,O,BKN,229.0,SG,0.0,3400,8.0,NY,0.0
2019-10-26,0.0,0.0,0.0,0.0,0.0,0,0,0,0.0,0,19,19.8,15.0,30.3,105,-4%,102,Reggie Bullock,SG/SF,0.0,0.0,0.0,0.0,0,0.0,0,3400,106.0,O,BOS,217.5,SG,0.0,3400,5.5,NY,0.0
2019-10-28,0.0,0.0,0.0,0.0,0.0,0,0,0,0.0,0,24,19.8,15.0,30.3,111,-5%,101,Reggie Bullock,SG/SF,0.0,0.0,0.0,1.0,0,0.0,0,3400,111.3,O,CHI,224.5,SG,0.0,3400,2.0,NY,0.0
2019-10-30,0.0,0.0,0.0,0.0,0.0,0,0,0,0.0,0,11,19.8,15.0,30.3,106,-5%,100,Reggie Bullock,SG/SF,0.0,0.0,0.0,1.0,0,0.0,0,3300,100.8,O,ORL,211.0,SG,0.0,3300,9.5,NY,0.0
2019-11-01,0.0,0.0,0.0,0.0,0.0,0,0,0,0.0,0,12,19.8,15.0,30.3,105,-4%,102,Reggie Bullock,SG/SF,0.0,0.0,0.0,1.0,0,0.0,0,3200,100.5,O,BOS,211.5,SG,0.0,3200,10.5,NY,0.0
2019-11-03,0.0,0.0,0.0,0.0,0.0,0,0,0,0.0,0,11,19.8,15.0,30.3,109,1%,106,Reggie Bullock,SG/SF,0.0,0.0,0.0,1.0,0,0.0,0,3100,106.3,O,SAC,214.0,SG,0.0,3100,1.5,NY,0.0
2019-11-06,0.0,0.0,0.0,0.0,0.0,0,0,0,0.0,0,23,19.8,15.0,30.3,108,-8%,103,Reggie Bullock,SG/SF,0.0,0.0,0.0,2.0,0,0.0,0,3000,101.8,O,DET,207.0,SG,0.0,3000,3.5,NY,0.0
2019-11-08,0.0,0.0,0.0,0.0,0.0,0,0,0,0.0,0,12,19.8,15.0,30.3,107,-10%,103,Reggie Bullock,SG/SF,0.0,0.0,0.0,1.0,0,0.0,0,3000,102.0,O,DAL,215.0,SG,0.0,3000,11.0,NY,0.0
2019-11-10,0.0,0.0,0.0,0.0,0.0,0,0,0,0.0,0,27,19.8,15.0,30.3,108,18%,103,Reggie Bullock,SG/SF,0.0,0.0,0.0,1.0,0,0.0,0,3000,108.8,O,CLE,215.5,SG,0.0,3000,-2.0,NY,0.0
2019-11-12,0.0,0.0,0.0,0.0,0.0,0,0,0,0.0,0,7,19.8,15.0,30.3,105,1%,105,Reggie Bullock,SG/SF,0.0,0.0,0.0,1.0,0,0.0,0,3000,103.0,O,CHI,212.5,SG,0.0,3000,6.5,NY,0.0
2019-11-14,0.0,0.0,0.0,0.0,0.0,0,0,0,0.0,0,3,19.8,15.0,30.3,109,3%,103,Reggie Bullock,SG/SF,0.0,0.0,0.0,1.0,0,0.0,0,3000,103.8,O,DAL,215.0,SG,0.0,3000,7.5,NY,0.0
2019-11-16,0.0,0.0,0.0,0.0,0.0,0,0,0,0.0,0,23,19.8,15.0,30.3,109,10%,103,Reggie Bullock,SG/SF,0.0,0.0,0.0,1.0,0,0.0,0,3000,107.8,O,CHA,212.0,SG,0.0,3000,-3.5,NY,0.0
2019-11-18,0.0,0.0,0.0,0.0,0.0,0,0,0,0.0,0,25,19.8,15.0,30.3,105,11%,102,Reggie Bullock,SG/SF,0.0,0.0,0.0,1.0,0,0.0,0,3000,107.5,O,CLE,210.0,SG,0.0,3000,-5.0,NY,0.0
2019-11-20,0.0,0.0,0.0,0.0,0.0,0,0,0,0.0,0,2,19.8,15.0,30.3,103,-9%,104,Reggie Bullock,SG/SF,0.0,0.0,0.0,1.0,0,0.0,0,3000,99.3,O,PHI,210.5,SG,0.0,3000,12.0,NY,0.0
2019-11-23,0.0,0.0,0.0,0.0,0.0,0,0,0,0.0,0,18,19.8,15.0,30.3,111,2%,104,Reggie Bullock,SG/SF,0.0,0.0,0.0,2.0,0,0.0,0,3000,107.3,O,SA,217.0,SG,0.0,3000,2.5,NY,0.0
2019-11-24,0.0,0.0,0.0,0.0,0.0,0,0,0,0.0,0,14,19.8,15.0,30.3,106,-16%,107,Reggie Bullock,SG/SF,0.0,0.0,0.0,0.0,0,0.0,0,3000,106.3,O,BKN,215.0,SG,0.0,3000,2.5,NY,0.0
2019-11-27,0.0,0.0,0.0,0.0,0.0,0,0,0,0.0,0,12,19.8,15.0,30.3,101,0%,104,Reggie Bullock,SG/SF,0.0,0.0,0.0,2.0,0,0.0,0,3000,101.8,O,TOR,213.0,SG,0.0,3000,9.5,NY,0.0
2019-11-29,0.0,0.0,0.0,0.0,0.0,0,0,0,0.0,0,22,19.8,15.0,30.3,102,-8%,102,Reggie Bullock,SG/SF,0.0,0.0,0.0,1.0,0,0.0,0,3100,101.0,O,PHI,209.0,SG,0.0,3100,7.0,NY,0.0
2019-12-01,0.0,0.0,0.0,0.0,0.0,0,0,0,0.0,0,29,19.8,15.0,30.3,102,0%,103,Reggie Bullock,SG/SF,0.0,0.0,0.0,1.0,0,0.0,0,3000,100.0,O,BOS,207.5,SG,0.0,3000,7.5,NY,0.0
2019-12-02,0.0,0.0,0.0,0.0,0.0,0,0,0,0.0,0,2,19.8,15.0,30.3,101,-10%,108,Reggie Bullock,SG/SF,0.0,0.0,0.0,0.0,0,0.0,0,3000,102.8,O,MIL,222.5,SG,0.0,3000,17.0,NY,0.0
2019-12-05,0.0,0.0,0.0,0.0,0.0,0,0,0,0.0,0,25,19.8,15.0,30.3,100,-8%,100,Reggie Bullock,SG/SF,0.0,0.0,0.0,2.0,0,0.0,0,3000,96.8,O,DEN,203.0,SG,0.0,3000,9.5,NY,0.0
2019-12-07,0.0,0.0,0.0,0.0,0.0,0,0,0,0.0,0,2,19.8,15.0,30.3,102,-29%,101,Reggie Bullock,SG/SF,0.0,0.0,0.0,1.0,0,0.0,0,3000,101.5,O,IND,208.0,SG,0.0,3000,5.0,NY,0.0
2019-12-10,0.0,0.0,0.0,0.0,0.0,0,0,0,0.0,0,11,19.8,15.0,30.3,109,7%,105,Reggie Bullock,SG/SF,0.0,0.0,0.0,2.0,0,0.0,0,3000,107.0,O,POR,223.0,SG,0.0,3000,9.0,NY,0.0
2019-12-11,0.0,0.0,0.0,0.0,0.0,0,0,0,0.0,0,24,19.8,15.0,30.3,110,2%,103,Reggie Bullock,SG/SF,0.0,0.0,0.0,0.0,0,0.0,0,3000,103.0,O,GS,211.0,SG,0.0,3000,5.0,NY,0.0
2019-12-13,0.0,0.0,0.0,0.0,0.0,0,0,0,0.0,0,13,19.8,15.0,30.3,108,4%,100,Reggie Bullock,SG/SF,0.0,0.0,0.0,1.0,0,0.0,0,3400,100.8,O,SAC,210.0,SG,0.0,3400,8.5,NY,0.0
2019-12-15,0.0,0.0,0.0,0.0,0.0,0,0,0,0.0,0,7,19.8,15.0,30.3,101,-10%,100,Reggie Bullock,SG/SF,0.0,0.0,0.0,1.0,0,0.0,0,3300,98.8,O,DEN,207.5,SG,0.0,3300,10.0,NY,0.0
2019-12-17,0.0,0.0,0.0,0.0,0.0,0,0,0,0.0,0,22,19.8,15.0,30.3,111,23%,105,Reggie Bullock,SG/SF,0.0,0.0,0.0,1.0,0,0.0,0,3200,113.0,O,ATL,224.5,SG,0.0,3200,-1.5,NY,0.0
2019-12-20,0.0,0.0,0.0,0.0,0.0,0,0,0,0.0,0,14,19.8,15.0,30.3,104,-6%,102,Reggie Bullock,SG/SF,0.0,0.0,0.0,2.0,0,0.0,0,3100,103.8,O,MIA,216.5,SG,0.0,3100,9.0,NY,0.0
2019-12-23,0.0,0.0,0.0,0.0,0.0,0,0,0,0.0,0,7,19.8,15.0,30.3,114,10%,106,Reggie Bullock,SG/SF,0.0,0.0,0.0,1.0,0,0.0,0,3000,115.8,O,WAS,228.0,SG,0.0,3000,-3.5,NY,0.0
2019-12-26,0.0,0.0,0.0,0.0,0.0,0,0,0,0.0,0,13,19.8,15.0,30.3,105,-17%,105,Reggie Bullock,SG/SF,0.0,0.0,0.0,2.0,0,0.0,0,3000,108.0,O,BKN,224.0,SG,0.0,3000,8.0,NY,0.0
2019-12-28,0.0,0.0,0.0,0.0,0.0,0,0,0,0.0,0,3,19.8,15.0,30.3,115,9%,106,Reggie Bullock,SG/SF,0.0,0.0,0.0,1.0,0,0.0,0,3000,115.3,O,WAS,227.5,SG,0.0,3000,-3.0,NY,0.0
2020-01-03,17.5,18.6,5.6,0.0,0.0,0,0,0,0.0,0,18,19.8,15.0,30.3,109,5%,105,Reggie Bullock,SG/SF,8.5,11.5,2.7,1.0,0,0.0,0,3100,108.3,,PHO,223.5,SG,10.5,3100,7.0,NY,3.39
2020-01-07,14.5,26.9,4.7,18.6,15.2,8,22,8,16.9,20,5,20.2,15.0,30.3,102,-3%,103,Reggie Bullock,SG/SF,21.5,29.0,6.9,1.0,8,16.9,20,3100,104.3,,LAL,221.0,SG,15.0,3100,12.5,NY,4.84
2020-01-08,14.8,23.9,4.4,18.2,14.5,7,26,9,16.3,21,19,17.0,14.5,19.8,104,-6%,102,Reggie Bullock,SG/SF,20.7,28.5,6.1,0.0,9,16.3,21,3400,99.8,,UTA,213.0,SG,19.0,3400,13.5,NY,5.59
2020-01-10,27.5,27.3,7.6,17.7,14.3,9,25,9,16.0,22,15,16.0,14.5,18.3,110,5%,105,Reggie Bullock,SG/SF,21.4,28.5,5.9,1.0,9,16.0,22,3600,111.0,,NO,226.5,SG,19.5,3600,4.5,NY,5.42
2020-01-14,7.8,23.4,1.6,25.6,13.4,14,28,10,20.8,26,27,20.8,14.5,28.8,100,-8%,107,Reggie Bullock,SG/SF,18.7,26.5,3.8,1.0,10,19.5,24,4900,106.3,,MIL,229.0,SG,19.0,4900,16.5,NY,3.88
2020-01-18,25.8,34.8,6.3,25.0,11.0,12,26,11,18.6,26,1,18.7,7.8,28.8,104,-4%,101,Reggie Bullock,SG/SF,21.4,28.5,5.2,1.0,10,18.0,24,4100,106.5,Q,PHI,217.0,SG,19.8,4100,4.0,NY,4.82
2020-01-20,17.0,30.0,3.9,25.9,11.8,11,29,11,20.9,28,19,20.9,7.8,28.8,113,5%,101,Reggie Bullock,SG/SF,23.4,29.5,5.3,1.0,10,18.9,25,4400,112.0,,CLE,222.5,SG,21.3,4400,-1.5,NY,4.83
2020-01-22,8.8,21.1,2.1,25.3,12.0,12,32,12,21.4,29,15,21.4,7.8,28.8,103,-5%,103,Reggie Bullock,SG/SF,22.1,30.5,5.3,1.0,10,18.7,25,4200,105.3,,LAL,222.5,SG,20.8,4200,12.0,NY,4.94
2020-01-24,17.8,21.9,4.5,24.8,10.8,8,26,11,17.6,28,17,17.6,7.8,28.8,101,3%,103,Reggie Bullock,SG/SF,19.5,26.5,4.9,1.0,10,17.8,25,4000,104.8,,TOR,217.5,SG,18.5,4000,8.0,NY,4.63
2020-01-26,20.8,31.4,5.3,24.4,11.1,7,22,9,15.4,26,25,15.4,7.8,25.8,106,-11%,105,Reggie Bullock,SG/SF,17.9,23.5,4.6,1.0,10,17.8,25,3900,112.8,,BKN,224.5,SG,18.0,3900,-1.0,NY,4.62
