game_date,Actual FP,Actual Min,Actual Val,Ceil FP,Floor FP,L2 FGA,L2 Min,L5 FGA,L5 FP,L5 Min,L5_dvp_rank,L5_ppg_avg,L5_ppg_floor,L5_ppg_max,Opp DEff,Opp DvP,Opp Pace,Player Name,Pos,Proj FP,Proj Min,Proj Val,Rest,S FGA,S FP,S Min,Salary,implied_team_score,injury_status,opp,over_under,position,ppg_projection,salary,spread,team,value_projection
2019-10-23,13.8,20.4,2.8,0.0,0.0,0,0,0,0.0,0,7,34.9,22.3,44.8,104,-8%,100,Reggie Jackson,PG/SG,24.9,27.5,5.0,,0,0.0,0,5000,101.5,Q,IND,210.5,PG,25.8,5000,7.5,DET,5.15
2019-10-24,14.5,15.4,2.7,13.8,13.8,3,20,3,13.8,20,14,30.2,13.8,44.8,111,11%,106,Reggie Jackson,PG/SG,27.3,26.0,5.2,0.0,3,13.8,20,5300,111.8,Q,ATL,222.0,PG,26.3,5300,-1.5,DET,4.95
2019-10-30,0.0,0.0,0.0,14.7,13.6,6,18,6,14.1,18,18,28.7,13.8,44.8,104,-1%,103,Reggie Jackson,PG/SG,0.0,0.0,0.0,1.0,6,14.1,18,5000,102.5,O,TOR,214.0,PG,0.0,5000,9.0,DET,0.0
2019-11-01,0.0,0.0,0.0,14.7,13.6,6,18,6,14.1,18,5,28.7,13.8,44.8,111,5%,101,Reggie Jackson,PG/SG,0.0,0.0,0.0,1.0,6,14.1,18,4900,105.3,O,CHI,214.5,PG,0.0,4900,4.0,DET,0.0
2019-11-02,0.0,0.0,0.0,14.7,13.6,6,18,6,14.1,18,17,28.7,13.8,44.8,107,-4%,103,Reggie Jackson,PG/SG,0.0,0.0,0.0,0.0,6,14.1,18,4800,110.5,O,BKN,223.0,PG,0.0,4800,2.0,DET,0.0
2019-11-04,0.0,0.0,0.0,14.7,13.6,6,18,6,14.1,18,28,28.7,13.8,44.8,111,5%,104,Reggie Jackson,PG/SG,0.0,0.0,0.0,1.0,6,14.1,18,4800,110.5,O,WAS,224.5,PG,0.0,4800,3.5,DET,0.0
2019-11-06,0.0,0.0,0.0,14.7,13.6,6,18,6,14.1,18,15,28.7,13.8,44.8,108,2%,101,Reggie Jackson,PG/SG,0.0,0.0,0.0,1.0,6,14.1,18,4700,105.3,O,NY,207.0,PG,0.0,4700,-3.5,DET,0.0
2019-11-08,0.0,0.0,0.0,14.7,13.6,6,18,6,14.1,18,19,28.7,13.8,44.8,102,-6%,103,Reggie Jackson,PG/SG,0.0,0.0,0.0,1.0,6,14.1,18,4200,101.5,O,IND,210.0,PG,0.0,4200,7.0,DET,0.0
2019-11-11,0.0,0.0,0.0,14.7,13.6,6,18,6,14.1,18,21,28.7,13.8,44.8,106,26%,111,Reggie Jackson,PG/SG,0.0,0.0,0.0,2.0,6,14.1,18,4300,113.8,O,MIN,223.5,PG,0.0,4300,-4.0,DET,0.0
2019-11-12,0.0,0.0,0.0,14.7,13.6,6,18,6,14.1,18,11,28.7,13.8,44.8,98,-4%,106,Reggie Jackson,PG/SG,0.0,0.0,0.0,0.0,6,14.1,18,4200,103.3,O,MIA,215.0,PG,0.0,4200,8.5,DET,0.0
2019-11-15,0.0,0.0,0.0,14.7,13.6,6,18,6,14.1,18,5,28.7,13.8,44.8,109,-1%,103,Reggie Jackson,PG/SG,0.0,0.0,0.0,2.0,6,14.1,18,4000,111.8,O,CHA,220.0,PG,0.0,4000,-3.5,DET,0.0
2019-11-20,0.0,0.0,0.0,14.7,13.6,6,18,6,14.1,18,20,28.7,13.8,44.8,105,-13%,106,Reggie Jackson,PG/SG,0.0,0.0,0.0,4.0,6,14.1,18,4100,111.0,O,CHI,223.0,PG,0.0,4100,1.0,DET,0.0
2019-11-22,0.0,0.0,0.0,14.7,13.6,6,18,6,14.1,18,18,28.7,13.8,44.8,110,-6%,106,Reggie Jackson,PG/SG,0.0,0.0,0.0,1.0,6,14.1,18,4100,115.5,O,ATL,225.0,PG,0.0,4100,-6.0,DET,0.0
2019-11-23,0.0,0.0,0.0,14.7,13.6,6,18,6,14.1,18,27,28.7,13.8,44.8,101,7%,109,Reggie Jackson,PG/SG,0.0,0.0,0.0,0.0,6,14.1,18,4200,106.3,O,MIL,225.5,PG,0.0,4200,13.0,DET,0.0
2019-11-25,0.0,0.0,0.0,14.7,13.6,6,18,6,14.1,18,1,28.7,13.8,44.8,103,-3%,100,Reggie Jackson,PG/SG,0.0,0.0,0.0,1.0,6,14.1,18,4100,106.0,O,ORL,207.5,PG,0.0,4100,-4.5,DET,0.0
2019-11-27,0.0,0.0,0.0,14.7,13.6,6,18,6,14.1,18,15,28.7,13.8,44.8,111,-3%,102,Reggie Jackson,PG/SG,0.0,0.0,0.0,1.0,6,14.1,18,4200,108.8,O,CHA,214.0,PG,0.0,4200,-3.5,DET,0.0
2019-11-29,0.0,0.0,0.0,14.7,13.6,6,18,6,14.1,18,16,28.7,13.8,44.8,110,-4%,102,Reggie Jackson,PG/SG,0.0,0.0,0.0,1.0,6,14.1,18,4100,110.8,O,CHA,214.0,PG,0.0,4100,-7.5,DET,0.0
2019-12-03,0.0,0.0,0.0,14.7,13.6,6,18,6,14.1,18,24,28.7,13.8,44.8,111,8%,102,Reggie Jackson,PG/SG,0.0,0.0,0.0,1.0,6,14.1,18,3800,109.8,O,CLE,216.5,PG,0.0,3800,-3.0,DET,0.0
2019-12-04,0.0,0.0,0.0,14.7,13.6,6,18,6,14.1,18,10,28.7,13.8,44.8,100,7%,107,Reggie Jackson,PG/SG,0.0,0.0,0.0,0.0,6,14.1,18,3800,107.8,O,MIL,224.0,PG,0.0,3800,8.5,DET,0.0
2019-12-06,0.0,0.0,0.0,14.7,13.6,6,18,6,14.1,18,14,28.7,13.8,44.8,102,-4%,101,Reggie Jackson,PG/SG,0.0,0.0,0.0,1.0,6,14.1,18,3800,104.8,O,IND,211.5,PG,0.0,3800,2.0,DET,0.0
2019-12-09,0.0,0.0,0.0,14.7,13.6,6,18,6,14.1,18,30,28.7,13.8,44.8,112,13%,107,Reggie Jackson,PG/SG,0.0,0.0,0.0,2.0,6,14.1,18,3900,114.3,O,NO,227.5,PG,0.0,3900,-1.0,DET,0.0
2019-12-12,0.0,0.0,0.0,14.7,13.6,6,18,6,14.1,18,2,28.7,13.8,44.8,106,-12%,102,Reggie Jackson,PG/SG,0.0,0.0,0.0,2.0,6,14.1,18,3800,104.8,O,DAL,217.0,PG,0.0,3800,7.5,DET,0.0
2019-12-14,0.0,0.0,0.0,14.7,13.6,6,18,6,14.1,18,12,28.7,13.8,44.8,107,-7%,107,Reggie Jackson,PG/SG,0.0,0.0,0.0,1.0,6,14.1,18,3800,109.3,O,HOU,225.0,PG,0.0,3800,6.5,DET,0.0
2019-12-16,0.0,0.0,0.0,14.7,13.6,6,18,6,14.1,18,9,28.7,13.8,44.8,115,8%,107,Reggie Jackson,PG/SG,0.0,0.0,0.0,1.0,6,14.1,18,3900,118.0,O,WAS,230.5,PG,0.0,3900,-5.5,DET,0.0
2019-12-18,0.0,0.0,0.0,14.7,13.6,6,18,6,14.1,18,13,28.7,13.8,44.8,101,-1%,104,Reggie Jackson,PG/SG,0.0,0.0,0.0,1.0,6,14.1,18,3800,106.8,O,TOR,217.0,PG,0.0,3800,3.5,DET,0.0
2019-12-20,0.0,0.0,0.0,14.7,13.6,6,18,6,14.1,18,4,28.7,13.8,44.8,102,-11%,101,Reggie Jackson,PG/SG,0.0,0.0,0.0,1.0,6,14.1,18,3800,102.3,O,BOS,213.5,PG,0.0,3800,9.0,DET,0.0
2019-12-21,0.0,0.0,0.0,14.7,13.6,6,18,6,14.1,18,5,28.7,13.8,44.8,104,-13%,103,Reggie Jackson,PG/SG,0.0,0.0,0.0,0.0,6,14.1,18,3900,107.8,O,CHI,213.5,PG,0.0,3900,-2.0,DET,0.0
2019-12-23,0.0,0.0,0.0,14.7,13.6,6,18,6,14.1,18,1,28.7,13.8,44.8,102,-8%,102,Reggie Jackson,PG/SG,0.0,0.0,0.0,1.0,6,14.1,18,3800,105.0,O,PHI,216.0,PG,0.0,3800,6.0,DET,0.0
2019-12-30,0.0,0.0,0.0,14.7,13.6,6,18,6,14.1,18,17,28.7,13.8,44.8,104,-1%,102,Reggie Jackson,PG/SG,0.0,0.0,0.0,1.0,6,14.1,18,3200,104.0,O,UTA,217.0,PG,0.0,3200,9.0,DET,0.0
2020-01-02,0.0,0.0,0.0,14.7,13.6,6,18,6,14.1,18,18,28.7,13.8,44.8,103,-1%,105,Reggie Jackson,PG/SG,0.0,0.0,0.0,2.0,6,14.1,18,3100,105.5,O,LAC,223.5,PG,0.0,3100,12.5,DET,0.0
2020-01-04,0.0,0.0,0.0,14.7,13.6,6,18,6,14.1,18,29,28.7,13.8,44.8,109,8%,102,Reggie Jackson,PG/SG,0.0,0.0,0.0,1.0,6,14.1,18,3000,108.0,O,GS,213.0,PG,0.0,3000,-3.0,DET,0.0
2020-01-05,0.0,0.0,0.0,14.7,13.6,6,18,6,14.1,18,16,28.7,13.8,44.8,102,-2%,103,Reggie Jackson,PG/SG,0.0,0.0,0.0,0.0,6,14.1,18,3000,102.8,O,LAL,220.0,PG,0.0,3000,14.5,DET,0.0
2020-01-09,0.0,0.0,0.0,14.7,13.6,6,18,6,14.1,18,26,28.7,13.8,44.8,113,6%,101,Reggie Jackson,PG/SG,0.0,0.0,0.0,1.0,6,14.1,18,3000,113.8,O,CLE,220.5,PG,0.0,3000,-7.0,DET,0.0
2020-01-11,0.0,0.0,0.0,14.7,13.6,6,18,6,14.1,18,5,28.7,13.8,44.8,105,-13%,103,Reggie Jackson,PG/SG,0.0,0.0,0.0,1.0,6,14.1,18,3000,109.8,O,CHI,215.5,PG,0.0,3000,-4.0,DET,0.0
2020-01-13,0.0,0.0,0.0,14.7,13.6,6,18,6,14.1,18,20,28.7,13.8,44.8,110,6%,105,Reggie Jackson,PG/SG,0.0,0.0,0.0,1.0,6,14.1,18,3000,114.0,O,NO,224.5,PG,0.0,3000,-3.5,DET,0.0
2020-01-15,0.0,0.0,0.0,14.7,13.6,6,18,6,14.1,18,25,28.7,13.8,44.8,103,-7%,102,Reggie Jackson,PG,0.0,0.0,0.0,1.0,6,14.1,18,3000,104.5,O,BOS,218.0,PG,0.0,3000,9.0,DET,0.0
2020-01-18,0.0,0.0,0.0,14.7,13.6,6,18,6,14.1,18,25,28.7,13.8,44.8,110,-1%,106,Reggie Jackson,PG,0.0,0.0,0.0,2.0,6,14.1,18,3000,115.5,O,ATL,229.5,PG,0.0,3000,-1.5,DET,0.0
2020-01-20,0.0,0.0,0.0,14.7,13.6,6,18,6,14.1,18,14,28.7,13.8,44.8,114,5%,106,Reggie Jackson,PG,0.0,0.0,0.0,1.0,6,14.1,18,3000,115.8,O,WAS,233.5,PG,0.0,3000,2.0,DET,0.0
2020-01-22,36.8,19.1,12.3,14.7,13.6,6,18,6,14.1,18,15,28.7,13.8,44.8,109,-5%,100,Reggie Jackson,PG,18.2,19.5,6.1,1.0,6,14.1,18,3000,111.8,,SAC,222.5,PG,16.3,3000,-1.0,DET,5.42
2020-01-24,30.8,23.2,6.8,34.7,8.6,11,17,8,21.7,18,27,29.3,13.8,44.8,110,4%,106,Reggie Jackson,PG,20.5,21.0,4.6,1.0,8,21.7,18,4500,116.0,,MEM,230.5,PG,18.0,4500,-1.5,DET,4.0
2020-01-25,0.0,0.0,0.0,35.5,12.3,14,21,10,23.9,20,13,28.1,13.8,44.8,106,10%,105,Reggie Jackson,PG,0.0,0.0,0.0,0.0,10,23.9,20,4500,112.8,O,BKN,227.5,PG,0.0,4500,2.0,DET,0.0
2020-01-27,24.0,25.1,5.6,35.5,12.3,14,21,10,23.9,20,14,28.1,13.8,44.8,114,6%,101,Reggie Jackson,PG,28.0,25.0,6.5,1.0,10,23.9,20,4300,112.8,,CLE,219.0,PG,21.3,4300,-6.5,DET,4.94
