game_date,Actual FP,Actual Min,Actual Val,Ceil FP,Floor FP,L2 FGA,L2 Min,L5 FGA,L5 FP,L5 Min,L5_dvp_rank,L5_ppg_avg,L5_ppg_floor,L5_ppg_max,Opp DEff,Opp DvP,Opp Pace,Player Name,Pos,Proj FP,Proj Min,Proj Val,Rest,S FGA,S FP,S Min,Salary,implied_team_score,injury_status,opp,over_under,position,ppg_projection,salary,spread,team,value_projection
2019-10-23,8.8,17.4,2.4,0.0,0.0,0,0,0,0.0,0,21,23.2,8.3,35.3,112,1%,103,Richaun Holmes,PF/C,15.8,14.0,4.3,,0,0.0,0,3700,116.8,,PHO,232.5,PF,18.3,3700,-1.0,SAC,4.93
2019-10-25,21.0,17.2,6.2,8.8,8.8,2,17,2,8.8,17,30,20.5,8.3,35.3,108,-1%,102,Richaun Holmes,PF/C,23.5,21.5,6.9,1.0,2,8.8,17,3400,113.0,,POR,227.5,PF,23.0,3400,1.5,SAC,6.76
2019-10-26,9.8,15.3,2.5,23.5,6.2,4,17,4,14.9,17,3,23.0,8.8,35.3,103,-10%,103,Richaun Holmes,PF/C,19.2,18.5,4.8,0.0,4,14.9,17,4000,106.0,,UTA,221.5,PF,19.3,4000,9.5,SAC,4.81
2019-10-28,45.8,30.4,11.4,20.0,6.4,6,16,4,13.2,17,5,21.1,8.8,35.3,107,0%,100,Richaun Holmes,PF/C,17.8,17.0,4.5,1.0,4,13.2,17,4000,106.8,,DEN,218.5,PF,19.0,4000,5.0,SAC,4.75
2019-10-30,39.3,35.3,8.7,38.5,4.1,10,23,7,21.3,20,25,24.1,8.8,45.8,110,2%,101,Richaun Holmes,PF/C,29.2,26.0,6.5,1.0,7,21.3,20,4500,115.0,,CHA,223.0,PF,25.8,4500,-7.0,SAC,5.72
2019-11-01,15.5,20.3,2.8,41.8,8.0,12,33,7,24.9,23,2,24.9,8.8,45.8,103,-10%,103,Richaun Holmes,PF/C,31.7,31.0,5.8,1.0,7,24.9,23,5500,105.0,,UTA,214.5,PF,28.3,5500,4.5,SAC,5.14
2019-11-03,34.0,29.7,6.7,39.0,7.7,8,28,8,26.3,24,12,26.3,9.8,45.8,111,5%,102,Richaun Holmes,PF/C,28.0,27.0,5.5,1.0,7,23.3,23,5100,107.8,,NY,214.0,PF,28.8,5100,-1.5,SAC,5.64
2019-11-06,24.0,30.8,4.1,39.7,10.0,7,25,9,28.9,26,5,28.9,9.8,45.8,100,24%,105,Richaun Holmes,PF/C,28.5,28.0,4.9,2.0,7,24.9,24,5800,105.5,,TOR,218.5,PF,28.3,5800,7.5,SAC,4.87
2019-11-08,16.8,29.3,2.9,38.5,11.0,8,30,9,31.7,29,29,31.7,15.5,45.8,101,-18%,104,Richaun Holmes,PF/C,30.7,29.0,5.3,1.0,7,24.8,25,5800,114.3,,ATL,226.0,PF,32.5,5800,-2.5,SAC,5.6
2019-11-12,32.5,31.1,6.0,37.0,10.8,6,30,7,25.9,29,17,25.9,15.5,39.3,106,-10%,106,Richaun Holmes,PF/C,31.9,29.5,5.9,3.0,7,23.9,25,5400,110.0,,POR,222.0,PF,33.0,5400,2.0,SAC,6.11
2019-11-15,27.0,29.4,4.7,37.4,12.1,5,30,6,24.6,28,20,24.6,15.5,34.0,97,-21%,103,Richaun Holmes,PF/C,26.6,29.5,4.6,2.0,7,24.7,26,5800,102.3,,LAL,215.0,PF,27.5,5800,10.5,SAC,4.74
2019-11-19,45.3,34.4,7.8,36.5,13.5,9,28,7,25.2,30,6,25.2,16.8,32.5,102,6%,107,Richaun Holmes,PF/C,30.3,29.0,5.2,1.0,7,25.0,26,5800,110.5,,PHO,218.5,PF,31.0,5800,-2.5,SAC,5.34
2019-11-22,28.5,26.3,4.5,38.9,14.2,9,31,8,29.4,30,23,29.5,16.8,45.3,107,3%,108,Richaun Holmes,PF/C,30.8,30.5,4.9,2.0,8,26.6,27,6300,106.0,,BKN,213.5,PF,33.3,6300,1.5,SAC,5.28
2019-11-24,43.0,36.4,6.9,38.6,14.8,9,30,8,31.8,30,16,31.8,25.8,45.3,113,-2%,107,Richaun Holmes,PF/C,31.6,29.5,5.1,1.0,7,26.7,27,6200,115.0,,WAS,233.5,PF,33.3,6200,3.5,SAC,5.36
2019-11-25,23.3,27.5,3.8,40.0,15.6,8,31,9,33.9,31,20,33.9,25.8,45.3,101,8%,103,Richaun Holmes,PF/C,30.7,30.5,5.0,0.0,8,27.8,27,6200,98.8,,BOS,204.5,PF,31.5,6200,7.0,SAC,5.08
2019-11-27,16.0,19.8,2.7,39.3,15.7,8,32,8,33.1,30,12,33.2,23.3,45.3,103,-10%,103,Richaun Holmes,PF/C,27.7,30.0,4.6,1.0,7,27.5,27,6000,100.8,,PHI,211.0,PF,29.3,6000,9.5,SAC,4.88
2019-12-02,36.8,32.8,5.7,38.7,15.7,7,28,7,28.9,29,4,28.9,16.0,43.0,106,15%,105,Richaun Holmes,PF/C,32.9,29.5,5.1,1.0,7,27.2,27,6500,108.3,,CHI,211.5,PF,34.5,6500,-5.0,SAC,5.31
2019-12-04,43.5,33.2,6.5,39.1,16.3,11,35,8,30.5,31,27,30.5,16.0,43.0,108,-2%,105,Richaun Holmes,PF/C,32.5,30.5,4.9,1.0,8,27.7,28,6700,106.0,,POR,216.5,PF,35.3,6700,4.5,SAC,5.26
2019-12-06,49.5,44.7,7.3,40.2,16.8,13,33,9,30.6,30,5,30.6,16.0,43.5,111,1%,103,Richaun Holmes,PF/C,31.6,31.5,4.6,1.0,8,28.5,28,6800,106.0,,SA,216.0,PF,32.5,6800,4.0,SAC,4.78
2019-12-08,27.8,32.3,3.9,41.8,17.2,12,39,10,35.9,33,1,35.9,16.0,49.5,107,0%,102,Richaun Holmes,PF/C,32.9,32.5,4.6,1.0,8,29.5,29,7200,104.8,,DAL,217.5,PF,29.5,7200,8.0,SAC,4.1
2019-12-09,38.0,36.3,5.4,41.4,17.4,9,39,10,38.2,36,24,38.2,27.8,49.5,106,6%,108,Richaun Holmes,PF/C,32.4,32.0,4.6,0.0,8,29.4,29,7000,106.5,,HOU,225.0,PF,34.3,7000,12.0,SAC,4.89
2019-12-11,23.3,24.9,3.7,41.6,17.9,8,34,10,39.1,36,2,39.1,27.8,49.5,105,-9%,101,Richaun Holmes,PF/C,31.4,31.0,5.0,1.0,8,29.8,29,6300,104.5,,OKC,207.5,PF,31.0,6300,-1.5,SAC,4.92
2019-12-13,9.8,26.6,1.8,41.2,17.9,7,31,9,36.4,34,27,36.4,23.3,49.5,111,7%,100,Richaun Holmes,PF/C,29.0,28.0,5.2,1.0,8,29.5,29,5600,109.3,,NY,210.0,PF,29.3,5600,-8.5,SAC,5.22
2019-12-15,19.8,25.9,4.1,40.8,16.6,5,26,7,29.6,33,18,29.7,9.8,49.5,110,0%,103,Richaun Holmes,PF/C,26.9,26.5,5.6,1.0,8,28.7,29,4800,107.0,,GS,209.5,PF,28.8,4800,-4.5,SAC,5.99
2019-12-17,28.8,21.6,5.8,40.3,16.4,4,26,6,23.7,29,19,23.7,9.8,38.0,110,13%,100,Richaun Holmes,PF/C,26.4,26.0,5.3,1.0,8,28.4,29,5000,105.5,,CHA,206.5,PF,27.5,5000,-4.5,SAC,5.5
2019-12-20,33.3,24.4,6.7,40.1,16.7,8,24,6,23.9,27,14,23.9,9.8,38.0,102,-7%,102,Richaun Holmes,PF/C,24.7,25.5,4.9,2.0,8,28.4,29,5000,101.3,,IND,207.5,PF,24.0,5000,5.0,SAC,4.8
2019-12-21,41.0,29.0,8.0,40.1,17.0,10,23,7,22.9,25,1,23.0,9.8,33.3,109,2%,106,Richaun Holmes,PF/C,24.7,24.5,4.8,0.0,8,28.6,28,5100,111.8,,MEM,221.5,PF,26.3,5100,-2.0,SAC,5.15
2019-12-23,37.8,30.7,6.9,40.6,17.4,12,27,8,26.5,26,14,26.5,9.8,41.0,107,5%,106,Richaun Holmes,PF/C,25.7,27.0,4.7,1.0,8,29.0,29,5500,112.3,,HOU,230.5,PF,27.3,5500,6.0,SAC,4.95
2019-12-26,56.0,44.9,9.7,40.8,17.8,11,30,9,32.1,26,8,32.1,19.8,41.0,109,-4%,106,Richaun Holmes,PF/C,29.5,28.0,5.1,2.0,8,29.3,29,5800,113.3,,MIN,221.5,PF,28.8,5800,-5.0,SAC,4.96
2019-12-28,19.8,35.8,3.0,42.4,17.9,12,38,11,39.4,30,5,39.4,28.8,56.0,109,-2%,105,Richaun Holmes,PF/C,40.3,35.0,6.0,1.0,8,30.1,29,6700,109.8,,PHO,217.0,PF,34.3,6700,-2.5,SAC,5.11
2019-12-29,30.0,30.9,4.2,42.0,17.6,11,40,10,37.5,33,19,37.6,19.8,56.0,102,-3%,100,Richaun Holmes,PF/C,34.0,34.5,4.8,0.0,8,29.8,29,7100,100.0,,DEN,208.0,PF,32.0,7100,8.0,SAC,4.51
2020-01-02,30.3,34.3,4.3,42.5,19.2,13,31,11,37.3,35,30,37.3,19.8,56.0,110,2%,105,Richaun Holmes,PF/C,34.9,32.0,4.9,1.0,9,30.8,30,7100,114.5,,MEM,224.5,PF,34.5,7100,-4.5,SAC,4.86
2020-01-04,35.0,34.3,5.1,42.3,19.3,12,33,11,35.8,35,28,35.8,19.8,56.0,109,2%,105,Richaun Holmes,PF/C,35.7,32.5,5.2,1.0,9,30.8,30,6900,113.8,,NO,225.5,PF,33.3,6900,-2.0,SAC,4.82
2020-01-06,18.0,20.1,2.7,42.3,19.6,11,34,11,31.6,33,11,31.6,19.8,43.0,109,-1%,102,Richaun Holmes,PF/C,36.4,33.5,5.5,1.0,9,30.9,30,6600,111.8,,GS,213.0,PF,36.0,6600,-10.5,SAC,5.45
2020-01-10,0.0,0.0,0.0,42.0,19.2,8,27,10,31.3,30,28,31.3,18.0,43.0,100,3%,107,Richaun Holmes,PF/C,0.0,0.0,0.0,2.0,9,30.6,30,6200,107.5,O,MIL,224.0,PF,0.0,6200,9.0,SAC,0.0
2020-01-13,0.0,0.0,0.0,42.0,19.2,8,27,10,31.3,30,2,31.3,18.0,43.0,103,-1%,100,Richaun Holmes,PF/C,0.0,0.0,0.0,2.0,9,30.6,30,6000,107.0,O,ORL,212.0,PF,0.0,6000,-2.0,SAC,0.0
2020-01-15,0.0,0.0,0.0,42.0,19.2,8,27,10,31.3,30,27,31.3,18.0,43.0,108,-1%,101,Richaun Holmes,PF/C,0.0,0.0,0.0,1.0,9,30.6,30,5900,110.3,O,DAL,225.0,PF,0.0,5900,4.5,SAC,0.0
2020-01-18,0.0,0.0,0.0,42.0,19.2,8,27,10,31.3,30,16,31.3,18.0,43.0,105,-3%,101,Richaun Holmes,C,0.0,0.0,0.0,2.0,9,30.6,30,5700,107.0,O,UTA,223.0,C,0.0,5700,9.0,SAC,0.0
2020-01-20,0.0,0.0,0.0,42.0,19.2,8,27,10,31.3,30,1,31.3,18.0,43.0,106,1%,101,Richaun Holmes,C,0.0,0.0,0.0,1.0,9,30.6,30,5700,106.5,O,MIA,219.5,C,0.0,5700,6.5,SAC,0.0
2020-01-22,0.0,0.0,0.0,42.0,19.2,8,27,10,31.3,30,22,31.3,18.0,43.0,109,5%,101,Richaun Holmes,C,0.0,0.0,0.0,1.0,9,30.6,30,5800,110.8,O,DET,222.5,C,0.0,5800,1.0,SAC,0.0
2020-01-24,0.0,0.0,0.0,42.0,19.2,8,27,10,31.3,30,24,31.3,18.0,43.0,105,9%,102,Richaun Holmes,C,0.0,0.0,0.0,1.0,9,30.6,30,5900,107.8,O,CHI,217.5,C,0.0,5900,2.0,SAC,0.0
2020-01-27,0.0,0.0,0.0,42.0,19.2,8,27,10,31.3,30,10,31.3,18.0,43.0,108,0%,105,Richaun Holmes,C,0.0,0.0,0.0,2.0,9,30.6,30,6100,110.3,O,MIN,223.5,C,0.0,6100,3.0,SAC,0.0
2020-01-29,0.0,0.0,0.0,42.0,19.2,8,27,10,31.3,30,17,31.3,18.0,43.0,106,-11%,101,Richaun Holmes,C,0.0,0.0,0.0,1.0,9,30.6,30,5900,108.3,O,OKC,219.0,C,0.0,5900,2.5,SAC,0.0
2020-01-30,0.0,0.0,0.0,42.0,19.2,8,27,10,31.3,30,23,31.3,18.0,43.0,104,-4%,105,Richaun Holmes,C,0.0,0.0,0.0,0.0,9,30.6,30,5800,105.8,O,LAC,225.5,C,0.0,5800,14.0,SAC,0.0
2020-02-01,0.0,0.0,0.0,42.0,19.2,8,27,10,31.3,30,29,31.3,18.0,43.0,103,-6%,103,Richaun Holmes,C,0.0,0.0,0.0,1.0,9,30.6,30,5800,110.0,O,LAL,226.5,C,0.0,5800,6.5,SAC,0.0
