game_date,Actual FP,Actual Min,Actual Val,Ceil FP,Floor FP,L2 FGA,L2 Min,L5 FGA,L5 FP,L5 Min,L5_dvp_rank,L5_ppg_avg,L5_ppg_floor,L5_ppg_max,Opp DEff,Opp DvP,Opp Pace,Player Name,Pos,Proj FP,Proj Min,Proj Val,Rest,S FGA,S FP,S Min,Salary,implied_team_score,injury_status,opp,over_under,position,ppg_projection,salary,spread,team,value_projection
2019-12-09,0.0,0.0,0.0,22.6,7.3,2,16,2,11.1,12,18,,,,112,3%,102,Robert Williams,PF/C,0.0,0.0,0.0,2.0,3,15.0,14,3200,115.0,O,CLE,216.0,PF,0.0,3200,-14.0,BOS,0.0
2019-12-11,0.0,0.0,0.0,22.6,7.3,2,16,2,11.1,12,27,,,,102,-7%,102,Robert Williams,PF/C,0.0,0.0,0.0,1.0,3,15.0,14,3000,105.3,O,IND,209.5,PF,0.0,3000,-1.0,BOS,0.0
2019-12-12,0.0,0.0,0.0,22.6,7.3,2,16,2,11.1,12,17,,,,101,-10%,102,Robert Williams,PF/C,0.0,0.0,0.0,0.0,3,15.0,14,3000,106.8,O,PHI,212.5,PF,0.0,3000,-1.0,BOS,0.0
2019-12-18,0.0,0.0,0.0,22.6,7.3,2,16,2,11.1,12,19,,,,106,0%,102,Robert Williams,PF/C,0.0,0.0,0.0,5.0,3,15.0,14,3000,108.5,O,DAL,215.5,PF,0.0,3000,-1.5,BOS,0.0
2019-12-20,0.0,0.0,0.0,22.6,7.3,2,16,2,11.1,12,20,,,,108,5%,102,Robert Williams,PF/C,0.0,0.0,0.0,1.0,3,15.0,14,3000,111.3,O,DET,213.5,PF,0.0,3000,-9.0,BOS,0.0
2019-12-22,0.0,0.0,0.0,22.6,7.3,2,16,2,11.1,12,28,,,,110,12%,100,Robert Williams,PF/C,0.0,0.0,0.0,1.0,3,15.0,14,3000,110.8,O,CHA,208.5,PF,0.0,3000,-13.0,BOS,0.0
2019-12-25,0.0,0.0,0.0,22.6,7.3,2,16,2,11.1,12,14,,,,101,6%,104,Robert Williams,PF/C,0.0,0.0,0.0,2.0,3,15.0,14,3000,109.0,O,TOR,214.5,PF,0.0,3000,-3.5,BOS,0.0
2019-12-28,0.0,0.0,0.0,22.6,7.3,2,16,2,11.1,12,15,,,,102,5%,104,Robert Williams,PF/C,0.0,0.0,0.0,0.0,3,15.0,14,3000,111.5,O,TOR,216.0,PF,0.0,3000,-7.0,BOS,0.0
2020-01-03,0.0,0.0,0.0,22.6,7.3,2,16,2,11.1,12,11,,,,111,8%,106,Robert Williams,PF/C,0.0,0.0,0.0,2.0,3,15.0,14,3000,117.0,O,ATL,223.5,PF,0.0,3000,-10.5,BOS,0.0
2020-01-04,0.0,0.0,0.0,22.6,7.3,2,16,2,11.1,12,24,,,,103,10%,103,Robert Williams,PF/C,0.0,0.0,0.0,0.0,3,15.0,14,3000,103.5,O,CHI,208.0,PF,0.0,3000,1.0,BOS,0.0
2020-01-06,0.0,0.0,0.0,22.6,7.3,2,16,2,11.1,12,9,,,,114,4%,106,Robert Williams,PF/C,0.0,0.0,0.0,1.0,3,15.0,14,3000,117.5,O,WAS,226.5,PF,0.0,3000,-8.5,BOS,0.0
2020-01-08,0.0,0.0,0.0,22.6,7.3,2,16,2,11.1,12,12,,,,110,2%,103,Robert Williams,PF/C,0.0,0.0,0.0,1.0,3,15.0,14,3000,114.8,O,SA,222.5,PF,0.0,3000,-7.0,BOS,0.0
2020-01-09,0.0,0.0,0.0,22.6,7.3,2,16,2,11.1,12,2,,,,104,-11%,102,Robert Williams,PF/C,0.0,0.0,0.0,0.0,3,15.0,14,3000,107.0,O,PHI,216.5,PF,0.0,3000,2.5,BOS,0.0
2020-01-11,0.0,0.0,0.0,22.6,7.3,2,16,2,11.1,12,30,,,,110,5%,105,Robert Williams,PF/C,0.0,0.0,0.0,1.0,3,15.0,14,3000,117.3,O,NO,223.5,PF,0.0,3000,-11.0,BOS,0.0
2020-01-13,0.0,0.0,0.0,22.6,7.3,2,16,2,11.1,12,7,,,,105,10%,102,Robert Williams,PF/C,0.0,0.0,0.0,1.0,3,15.0,14,3000,113.3,O,CHI,216.0,PF,0.0,3000,-10.5,BOS,0.0
2020-01-15,0.0,0.0,0.0,22.6,7.3,2,16,2,11.1,12,30,,,,110,6%,101,Robert Williams,PF/C,0.0,0.0,0.0,1.0,3,15.0,14,3000,113.5,O,DET,218.0,PF,0.0,3000,-9.0,BOS,0.0
2020-01-16,0.0,0.0,0.0,22.6,7.3,2,16,2,11.1,12,30,,,,99,4%,107,Robert Williams,PF/C,0.0,0.0,0.0,0.0,3,15.0,14,3000,108.5,O,MIL,228.0,PF,0.0,3000,11.0,BOS,0.0
2020-01-18,0.0,0.0,0.0,22.6,7.3,2,16,2,11.1,12,27,,,,108,0%,104,Robert Williams,PF/C,0.0,0.0,0.0,1.0,3,15.0,14,3000,114.0,O,PHO,222.0,PF,0.0,3000,-6.0,BOS,0.0
2020-01-22,0.0,0.0,0.0,22.6,7.3,2,16,2,11.1,12,16,,,,109,-1%,106,Robert Williams,PF/C,0.0,0.0,0.0,1.0,3,15.0,14,3000,119.5,O,MEM,232.0,PF,0.0,3000,-7.0,BOS,0.0
2020-01-24,0.0,0.0,0.0,22.6,7.3,2,16,2,11.1,12,24,,,,104,-2%,100,Robert Williams,PF/C,0.0,0.0,0.0,1.0,3,15.0,14,3000,105.5,O,ORL,212.5,PF,0.0,3000,1.5,BOS,0.0
2020-01-26,0.0,0.0,0.0,22.6,7.3,2,16,2,11.1,12,18,,,,110,6%,106,Robert Williams,PF/C,0.0,0.0,0.0,1.0,3,15.0,14,3000,116.3,O,NO,231.5,PF,0.0,3000,-1.0,BOS,0.0
2020-01-28,0.0,0.0,0.0,22.6,7.3,2,16,2,11.1,12,20,,,,106,2%,101,Robert Williams,PF/C,0.0,0.0,0.0,1.0,3,15.0,14,3000,109.0,O,MIA,219.0,PF,0.0,3000,1.0,BOS,0.0
2020-01-30,0.0,0.0,0.0,22.6,7.3,2,16,2,11.1,12,12,,,,110,-1%,103,Robert Williams,PF/C,0.0,0.0,0.0,1.0,3,15.0,14,3000,119.5,O,GS,227.0,PF,0.0,3000,-12.0,BOS,0.0
2020-02-01,0.0,0.0,0.0,22.6,7.3,2,16,2,11.1,12,16,,,,103,-10%,101,Robert Williams,PF/C,0.0,0.0,0.0,1.0,3,15.0,14,3000,105.8,O,PHI,213.0,PF,0.0,3000,1.5,BOS,0.0
2020-02-03,0.0,0.0,0.0,22.6,7.3,2,16,2,11.1,12,8,,,,111,7%,106,Robert Williams,PF/C,0.0,0.0,0.0,1.0,3,15.0,14,3000,117.3,O,ATL,229.5,PF,0.0,3000,-5.0,BOS,0.0
