game_date,Actual FP,Actual Min,Actual Val,Ceil FP,Floor FP,L2 FGA,L2 Min,L5 FGA,L5 FP,L5 Min,L5_dvp_rank,L5_ppg_avg,L5_ppg_floor,L5_ppg_max,Opp DEff,Opp DvP,Opp Pace,Player Name,Pos,Proj FP,Proj Min,Proj Val,Rest,S FGA,S FP,S Min,Salary,implied_team_score,injury_status,opp,over_under,position,ppg_projection,salary,spread,team,value_projection
2019-10-24,5.5,16.6,1.7,0.0,0.0,0,0,0,0.0,0,2,23.5,14.8,42.3,108,-3%,100,Robin Lopez,C,14.3,18.0,4.3,,0,0.0,0,3300,114.3,,HOU,230.0,C,16.3,3300,1.5,MIL,4.92
2019-10-28,7.8,17.4,2.4,7.0,5.2,5,15,5,6.1,15,15,13.4,5.5,21.3,115,-5%,99,Robin Lopez,C,13.5,16.0,4.1,1.0,5,6.1,15,3300,119.8,,CLE,224.5,C,15.0,3300,-15.0,MIL,4.55
2019-10-30,8.0,13.5,2.5,7.8,5.5,4,15,4,6.7,16,2,12.0,5.5,21.3,105,-3%,102,Robin Lopez,C,12.4,16.0,3.9,1.0,4,6.7,16,3200,113.5,,BOS,224.0,C,11.5,3200,-3.0,MIL,3.59
2019-11-01,18.3,18.0,5.9,8.1,5.9,3,15,4,7.0,15,7,9.3,5.5,18.5,106,-6%,100,Robin Lopez,C,11.3,15.0,3.6,1.0,4,7.0,15,3100,109.5,,ORL,215.0,C,13.5,3100,-4.0,MIL,4.35
2019-11-02,10.0,11.2,3.2,14.4,4.1,3,16,3,9.3,16,8,9.3,5.5,18.3,104,-5%,103,Robin Lopez,C,12.5,15.5,4.0,0.0,3,9.3,16,3100,116.8,,TOR,227.0,C,13.5,3100,-6.5,MIL,4.35
2019-11-04,9.3,18.6,3.1,14.0,4.8,4,15,4,10.2,15,9,10.2,6.8,18.3,110,-1%,103,Robin Lopez,C,11.3,14.0,3.8,1.0,4,9.4,15,3000,119.3,,MIN,230.5,C,13.3,3000,-8.0,MIL,4.42
2019-11-06,12.3,13.6,3.8,13.6,5.2,4,15,3,10.7,16,19,10.7,7.8,18.3,104,-4%,103,Robin Lopez,C,10.8,14.0,3.4,1.0,3,9.4,15,3200,117.3,,LAC,228.0,C,12.8,3200,-6.5,MIL,3.98
2019-11-08,5.8,14.3,1.9,13.7,5.7,4,16,4,11.6,15,10,11.6,8.0,18.3,96,-6%,101,Robin Lopez,C,10.0,14.0,3.2,1.0,4,9.7,15,3100,110.0,,UTA,217.5,C,14.0,3100,-2.5,MIL,4.52
2019-11-10,0.3,9.2,0.1,13.3,5.3,5,14,4,11.1,15,19,11.1,5.8,18.3,100,8%,103,Robin Lopez,C,10.5,14.0,3.5,1.0,4,9.3,15,3000,114.3,,OKC,220.0,C,13.5,3000,-8.5,MIL,4.5
2019-11-14,12.8,10.9,4.1,13.1,3.7,3,12,4,7.5,13,26,7.5,0.3,12.3,105,15%,105,Robin Lopez,C,10.8,13.0,3.5,3.0,4,8.4,15,3100,120.5,,CHI,229.5,C,11.3,3100,-11.5,MIL,3.63
2019-11-16,14.8,17.1,4.6,13.4,4.1,3,10,4,8.1,13,22,8.1,0.3,12.8,101,8%,102,Robin Lopez,C,10.3,13.5,3.2,1.0,4,8.8,14,3200,115.0,,IND,222.5,C,9.3,3200,-7.5,MIL,2.89
2019-11-18,9.0,6.3,2.9,14.0,4.5,7,14,5,9.2,13,29,9.2,0.3,14.8,105,14%,106,Robin Lopez,C,11.2,13.5,3.6,1.0,4,9.3,14,3100,119.5,,CHI,230.5,C,13.8,3100,-8.5,MIL,4.44
2019-11-20,13.5,19.8,4.5,14.0,4.5,7,14,5,9.2,13,12,8.5,0.3,14.8,109,0%,105,Robin Lopez,C,9.3,12.0,3.1,1.0,4,9.3,14,3000,121.8,,ATL,232.5,C,13.3,3000,-11.0,MIL,4.42
2019-11-21,13.0,14.1,3.9,14.3,4.9,7,19,5,9.4,14,7,10.1,0.3,14.8,108,14%,106,Robin Lopez,C,11.9,13.5,3.6,0.0,4,9.6,15,3300,121.0,,POR,228.0,C,13.0,3300,-14.0,MIL,3.94
2019-11-23,4.0,12.8,1.2,14.5,5.2,5,17,5,10.8,14,26,12.6,9.0,14.8,109,-4%,102,Robin Lopez,C,11.3,15.0,3.4,1.0,4,9.8,15,3300,119.3,,DET,225.5,C,15.0,3300,-13.0,MIL,4.55
2019-11-25,4.8,2.8,1.5,14.2,4.7,3,13,5,11.6,15,9,10.9,4.0,14.8,99,-1%,103,Robin Lopez,C,10.5,14.0,3.3,1.0,4,9.4,15,3200,118.0,,UTA,227.0,C,11.3,3200,-9.0,MIL,3.52
2019-11-27,6.8,12.1,2.2,14.0,4.9,3,13,4,10.8,14,29,8.9,4.0,13.5,112,8%,106,Robin Lopez,C,10.6,13.5,3.4,1.0,4,9.4,14,3100,127.0,,ATL,239.5,C,9.5,3100,-14.5,MIL,3.06
2019-11-29,16.8,14.5,5.6,13.7,4.8,2,12,3,9.3,13,27,8.4,4.0,13.5,110,1%,102,Robin Lopez,C,10.2,13.0,3.4,1.0,4,9.3,14,3000,120.5,,CLE,229.5,C,13.0,3000,-11.5,MIL,4.33
2019-11-30,33.0,23.5,11.0,14.3,5.0,3,13,3,10.8,15,29,9.1,4.0,16.8,110,9%,102,Robin Lopez,C,18.0,22.5,6.0,0.0,4,9.7,14,3000,120.0,,CHA,226.0,C,18.0,3000,-14.0,MIL,6.0
2019-12-02,11.8,22.7,2.7,17.9,3.9,7,19,4,14.7,15,26,13.1,4.0,33.0,109,-3%,100,Robin Lopez,C,19.7,24.5,4.5,1.0,4,10.9,15,4400,119.8,,NY,222.5,C,20.5,4400,-17.0,MIL,4.66
2019-12-04,15.0,18.5,3.1,17.8,4.1,7,23,4,14.4,17,16,14.6,4.8,33.0,108,-7%,101,Robin Lopez,C,10.5,14.0,2.2,1.0,4,10.9,15,4800,116.3,,DET,224.0,C,12.0,4800,-8.5,MIL,2.5
2019-12-06,12.0,11.8,3.0,17.9,4.4,6,21,5,16.6,18,21,16.7,6.8,33.0,103,5%,105,Robin Lopez,C,11.4,13.5,2.9,1.0,4,11.1,15,4000,118.8,,LAC,233.0,C,12.5,4000,-4.5,MIL,3.13
2019-12-09,8.3,14.0,2.3,17.7,4.6,6,15,6,17.7,18,13,17.7,11.8,33.0,103,-5%,100,Robin Lopez,C,10.9,13.5,3.0,2.0,4,11.2,15,3600,115.0,,ORL,217.5,C,12.8,3600,-12.5,MIL,3.54
2019-12-11,15.3,16.5,4.5,17.5,4.6,7,13,7,16.0,18,26,16.0,8.3,33.0,111,0%,106,Robin Lopez,C,15.3,16.5,4.5,1.0,4,11.1,15,3400,120.8,,NO,232.0,C,14.5,3400,-9.5,MIL,4.26
2019-12-13,5.5,7.8,1.7,17.6,4.9,8,15,6,12.4,17,8,12.5,8.3,15.3,109,4%,106,Robin Lopez,C,12.5,15.0,3.9,1.0,5,11.2,15,3200,120.8,,MEM,229.0,C,12.8,3200,-12.5,MIL,3.98
2019-12-14,28.5,20.8,9.2,17.3,4.7,4,12,5,11.2,14,2,11.2,5.5,15.3,112,0%,101,Robin Lopez,C,12.5,14.0,4.0,0.0,4,11.0,15,3100,118.5,,CLE,223.0,C,14.0,3100,-14.0,MIL,4.52
2019-12-16,0.0,2.7,0.0,18.8,4.6,6,14,6,13.9,14,26,13.9,5.5,28.5,106,-1%,102,Robin Lopez,C,13.1,15.0,4.0,1.0,5,11.7,15,3300,118.5,,DAL,227.0,C,11.8,3300,-10.0,MIL,3.56
2019-12-19,4.5,7.6,1.5,18.8,4.6,6,14,6,13.9,14,22,11.5,0.0,28.5,101,-15%,103,Robin Lopez,C,8.2,10.5,2.7,2.0,5,11.7,15,3000,115.3,,LAL,227.0,C,9.0,3000,-3.5,MIL,3.0
2019-12-21,4.5,16.7,1.5,18.5,4.3,6,14,6,12.4,13,15,10.8,0.0,28.5,111,-4%,100,Robin Lopez,C,10.4,12.0,3.4,1.0,4,11.4,15,3100,119.8,,NY,227.0,C,13.5,3100,-12.5,MIL,4.35
2019-12-22,22.3,17.8,7.2,18.2,4.1,2,12,4,11.7,14,25,8.6,0.0,28.5,102,6%,102,Robin Lopez,C,11.0,13.0,3.5,0.0,4,11.2,15,3100,113.5,,IND,219.5,C,9.0,3100,-7.5,MIL,2.9
2019-12-25,2.0,7.7,0.6,18.8,4.3,5,17,5,13.1,14,20,12.0,0.0,28.5,103,-12%,102,Robin Lopez,C,10.9,14.5,3.2,2.0,5,11.5,15,3400,112.3,,PHI,221.0,C,11.8,3400,-3.5,MIL,3.46
2019-12-27,16.8,20.7,5.3,18.5,3.9,6,13,5,12.3,14,29,6.7,0.0,22.3,111,2%,106,Robin Lopez,C,12.7,14.0,4.0,1.0,5,11.2,15,3200,121.3,,ATL,234.5,C,13.0,3200,-8.0,MIL,4.06
2019-12-28,21.8,23.3,6.2,18.7,4.1,6,14,5,10.0,14,19,10.0,2.0,22.3,105,-6%,100,Robin Lopez,C,13.4,15.0,3.8,0.0,5,11.4,15,3500,111.3,,ORL,216.5,C,15.0,3500,-6.0,MIL,4.29
2019-12-30,29.0,20.2,8.1,19.1,4.3,8,22,6,13.4,17,30,13.5,2.0,22.3,103,12%,103,Robin Lopez,C,8.9,11.0,2.5,1.0,5,11.7,15,3600,114.0,,CHI,219.5,C,10.0,3600,-8.5,MIL,2.78
2020-01-01,9.8,16.7,2.7,20.1,4.4,8,22,7,18.4,18,21,18.4,2.0,29.0,108,0%,105,Robin Lopez,C,12.7,15.0,3.5,1.0,5,12.3,15,3600,119.3,,MIN,220.5,C,10.8,3600,-18.0,MIL,2.99
2020-01-04,22.3,19.3,6.6,19.9,4.4,7,18,7,15.8,18,20,15.9,2.0,29.0,109,0%,103,Robin Lopez,C,12.3,15.0,3.6,2.0,5,12.2,15,3400,120.3,,SA,228.5,C,11.8,3400,-12.0,MIL,3.46
2020-01-06,12.8,14.4,3.7,20.3,4.6,8,18,8,19.9,20,26,19.9,9.8,29.0,110,1%,103,Robin Lopez,C,12.9,15.5,3.7,1.0,5,12.5,15,3500,118.5,,SA,228.5,C,14.3,3500,-8.5,MIL,4.07
2020-01-08,6.5,10.6,2.0,20.2,4.8,8,17,7,19.1,19,5,19.1,9.8,29.0,109,0%,103,Robin Lopez,C,12.3,15.0,3.7,1.0,5,12.5,15,3300,115.5,,GS,217.5,C,12.0,3300,-13.5,MIL,3.64
2020-01-10,7.3,9.3,2.3,20.0,4.6,5,13,6,16.1,16,3,16.1,6.5,29.0,108,-6%,100,Robin Lopez,C,10.0,12.5,3.1,1.0,5,12.3,15,3200,116.5,,SAC,224.0,C,10.8,3200,-9.0,MIL,3.36
2020-01-11,7.3,14.6,2.4,19.8,4.6,3,10,5,11.7,14,19,11.7,6.5,22.3,109,7%,104,Robin Lopez,C,10.5,12.5,3.5,0.0,5,12.2,15,3000,118.5,,POR,230.0,C,13.5,3000,-7.0,MIL,4.5
2020-01-14,0.0,0.0,0.0,19.6,4.5,3,12,5,11.2,14,27,11.2,6.5,22.3,111,-5%,101,Robin Lopez,C,0.0,0.0,0.0,2.0,5,12.1,15,3000,122.8,O,NY,229.0,C,0.0,3000,-16.5,MIL,0.0
2020-01-16,4.0,7.8,1.3,19.6,4.5,3,12,5,11.2,14,5,11.2,6.5,22.3,103,-4%,102,Robin Lopez,C,10.7,13.0,3.6,1.0,5,12.1,15,3000,119.5,,BOS,228.0,C,10.0,3000,-11.0,MIL,3.33
