game_date,Actual FP,Actual Min,Actual Val,Ceil FP,Floor FP,L2 FGA,L2 Min,L5 FGA,L5 FP,L5 Min,L5_dvp_rank,L5_ppg_avg,L5_ppg_floor,L5_ppg_max,Opp DEff,Opp DvP,Opp Pace,Player Name,Pos,Proj FP,Proj Min,Proj Val,Rest,S FGA,S FP,S Min,Salary,implied_team_score,injury_status,opp,over_under,position,ppg_projection,salary,spread,team,value_projection
2019-10-25,5.5,5.0,1.7,0.0,0.0,0,0,0,0.0,0,25,18.2,8.5,25.0,105,-4%,102,Stanley Johnson,SF/PF,0.0,0.0,0.0,2.0,0,0.0,0,3300,105.3,,BOS,213.0,SF,15.5,3300,2.5,TOR,4.7
2019-10-26,5.0,4.8,1.5,5.5,5.5,2,5,2,5.5,5,12,14.8,5.5,25.0,111,-5%,101,Stanley Johnson,SF/PF,0.0,0.0,0.0,0.0,2,5.5,5,3300,111.0,,CHI,219.0,SF,5.0,3300,-3.0,TOR,1.52
2019-11-10,0.0,3.0,0.0,6.5,0.5,2,3,2,3.5,4,4,8.5,0.0,23.3,95,9%,103,Stanley Johnson,SF/PF,0.0,0.0,0.0,1.0,2,3.5,4,3000,100.0,,LAL,210.5,SF,6.3,3000,10.5,TOR,2.08
2019-11-20,0.0,0.0,0.0,6.2,0.3,2,4,2,3.3,4,9,3.3,0.0,5.8,101,-10%,100,Stanley Johnson,SF/PF,0.0,0.0,0.0,1.0,2,3.3,4,3000,105.0,O,ORL,207.0,SF,0.0,3000,-3.0,TOR,0.0
2019-11-23,0.0,0.0,0.0,6.2,0.3,2,4,2,3.3,4,30,3.3,0.0,5.8,110,27%,106,Stanley Johnson,SF/PF,0.0,0.0,0.0,2.0,2,3.3,4,3000,115.3,O,ATL,223.0,SF,0.0,3000,-7.5,TOR,0.0
2019-11-25,0.0,0.0,0.0,6.2,0.3,2,4,2,3.3,4,22,3.3,0.0,5.8,102,-6%,103,Stanley Johnson,SF/PF,0.0,0.0,0.0,1.0,2,3.3,4,3000,105.0,O,PHI,212.0,SF,0.0,3000,2.0,TOR,0.0
2019-11-27,0.0,0.0,0.0,6.2,0.3,2,4,2,3.3,4,16,3.3,0.0,5.8,109,-5%,100,Stanley Johnson,SF/PF,0.0,0.0,0.0,1.0,2,3.3,4,3000,111.3,O,NY,213.0,SF,0.0,3000,-9.5,TOR,0.0
2019-11-29,0.0,0.0,0.0,6.2,0.3,2,4,2,3.3,4,1,3.3,0.0,5.8,103,-11%,100,Stanley Johnson,SF/PF,0.0,0.0,0.0,1.0,2,3.3,4,3000,105.5,O,ORL,207.5,SF,0.0,3000,-3.5,TOR,0.0
2019-12-05,0.0,0.0,0.0,6.2,0.3,2,4,2,3.3,4,27,3.3,0.0,5.8,106,12%,108,Stanley Johnson,SF/PF,0.0,0.0,0.0,1.0,2,3.3,4,3000,116.3,O,HOU,230.5,SF,0.0,3000,-2.0,TOR,0.0
2019-12-08,0.0,0.0,0.0,6.2,0.3,2,4,2,3.3,4,6,3.3,0.0,5.8,102,-6%,102,Stanley Johnson,SF/PF,0.0,0.0,0.0,2.0,2,3.3,4,3000,105.0,O,PHI,213.0,SF,0.0,3000,3.0,TOR,0.0
2019-12-09,0.0,0.0,0.0,6.2,0.3,2,4,2,3.3,4,5,3.3,0.0,5.8,105,-1%,104,Stanley Johnson,SF/PF,0.0,0.0,0.0,0.0,2,3.3,4,3000,110.3,O,CHI,214.5,SF,0.0,3000,-6.0,TOR,0.0
2019-12-11,0.0,0.0,0.0,6.2,0.3,2,4,2,3.3,4,11,3.3,0.0,5.8,103,-6%,106,Stanley Johnson,SF/PF,0.0,0.0,0.0,1.0,2,3.3,4,3000,109.5,O,LAC,221.5,SF,0.0,3000,2.5,TOR,0.0
2019-12-16,0.0,0.0,0.0,6.2,0.3,2,4,2,3.3,4,22,3.3,0.0,5.8,113,5%,101,Stanley Johnson,SF/PF,0.0,0.0,0.0,1.0,2,3.3,4,3000,114.8,O,CLE,217.0,SF,0.0,3000,-12.5,TOR,0.0
2019-12-20,0.0,0.0,0.0,6.2,0.3,2,4,2,3.3,4,9,3.3,0.0,5.8,114,12%,106,Stanley Johnson,SF/PF,0.0,0.0,0.0,1.0,2,3.3,4,3000,118.0,O,WAS,230.0,SF,0.0,3000,-6.0,TOR,0.0
2019-12-28,2.5,1.9,0.8,7.1,0.8,4,5,2,3.6,4,1,3.7,0.0,7.5,101,-7%,101,Stanley Johnson,SF/PF,0.0,0.0,0.0,2.0,2,4.0,4,3000,104.5,,BOS,216.0,SF,4.5,3000,7.0,TOR,1.5
2020-01-02,0.0,5.9,0.0,6.3,0.7,0,2,2,3.5,3,19,3.6,0.0,7.5,105,-3%,101,Stanley Johnson,SF/PF,0.0,0.0,0.0,1.0,2,3.5,3,3000,104.0,,MIA,214.0,SF,4.5,3000,6.0,TOR,1.5
2020-01-07,12.8,17.4,4.3,5.9,0.5,3,7,2,3.1,4,22,3.2,0.0,7.5,109,7%,104,Stanley Johnson,SF/PF,0.0,0.0,0.0,2.0,2,3.2,4,3000,111.3,,POR,220.0,SF,9.0,3000,-2.5,TOR,3.0
2020-01-08,1.5,7.7,0.5,7.9,0.2,6,13,2,4.2,7,30,4.2,0.0,12.8,111,1%,99,Stanley Johnson,SF/PF,11.1,12.5,3.7,0.0,2,4.1,5,3000,105.0,,CHA,207.5,SF,12.3,3000,-2.5,TOR,4.08
2020-01-18,1.5,2.7,0.5,7.3,0.0,0,6,2,3.9,9,24,3.9,0.0,12.8,107,5%,105,Stanley Johnson,SF/PF,0.0,0.0,0.0,0.0,2,3.7,5,3000,113.8,,MIN,222.5,SF,4.8,3000,-5.0,TOR,1.58
