game_date,Actual FP,Actual Min,Actual Val,Ceil FP,Floor FP,L2 FGA,L2 Min,L5 FGA,L5 FP,L5 Min,L5_dvp_rank,L5_ppg_avg,L5_ppg_floor,L5_ppg_max,Opp DEff,Opp DvP,Opp Pace,Player Name,Pos,Proj FP,Proj Min,Proj Val,Rest,S FGA,S FP,S Min,Salary,implied_team_score,injury_status,opp,over_under,position,ppg_projection,salary,spread,team,value_projection
2019-10-23,19.5,19.5,3.9,0.0,0.0,0,0,0,0.0,0,20,23.2,13.0,35.3,115,5%,99,Terrence Ross,SG/SF,24.9,26.0,5.0,,0,0.0,0,5000,110.5,,CLE,211.5,SG,24.0,5000,-9.5,ORL,4.8
2019-10-26,14.5,23.7,3.3,19.5,19.5,13,20,13,19.5,20,30,22.3,13.0,35.3,111,11%,106,Terrence Ross,SG/SF,19.8,21.0,4.5,2.0,13,19.5,20,4400,109.3,,ATL,216.0,SG,21.0,4400,-2.5,ORL,4.77
2019-10-28,18.5,23.8,4.2,20.5,13.5,11,22,11,17.0,22,27,20.9,13.0,35.3,104,-3%,103,Terrence Ross,SG/SF,19.0,21.5,4.3,1.0,11,17.0,22,4400,103.0,,TOR,211.0,SG,20.8,4400,5.0,ORL,4.72
2019-10-30,6.3,22.3,1.5,20.1,14.9,10,24,11,17.5,22,13,17.5,13.0,22.0,111,8%,102,Terrence Ross,SG/SF,20.7,22.5,4.9,1.0,11,17.5,22,4200,110.3,,NY,211.0,SG,21.8,4200,-9.5,ORL,5.18
2019-11-01,17.0,20.9,4.5,20.7,8.7,11,23,11,14.7,22,1,16.2,6.3,22.0,103,1%,105,Terrence Ross,SG/SF,20.2,23.0,5.3,1.0,11,14.7,22,3800,105.5,,MIL,215.0,SG,22.8,3800,4.0,ORL,5.99
2019-11-02,26.8,22.3,7.4,20.5,9.8,13,22,11,15.2,22,6,15.2,6.3,19.5,107,-6%,100,Terrence Ross,SG/SF,18.6,22.5,5.2,0.0,11,15.2,22,3600,98.3,,DEN,200.5,SG,16.8,3600,4.0,ORL,4.65
2019-11-05,13.8,22.8,3.5,23.8,10.4,12,22,11,16.6,23,17,16.6,6.3,26.8,96,1%,105,Terrence Ross,SG/SF,18.6,22.0,4.8,2.0,11,17.1,22,3900,99.5,,OKC,201.5,SG,18.3,3900,2.5,ORL,4.68
2019-11-06,0.0,0.0,0.0,22.9,10.4,7,23,10,16.4,22,17,16.5,6.3,26.8,107,12%,103,Terrence Ross,SG/SF,0.0,0.0,0.0,0.0,10,16.6,22,3900,100.5,O,DAL,207.5,SG,0.0,3900,6.5,ORL,0.0
2019-11-08,0.0,0.0,0.0,22.9,10.4,7,23,10,16.4,22,25,16.5,6.3,26.8,106,-1%,109,Terrence Ross,SG/SF,0.0,0.0,0.0,1.0,10,16.6,22,3700,108.5,O,MEM,209.5,SG,0.0,3700,-7.5,ORL,0.0
2019-11-10,17.0,18.8,4.6,22.9,10.4,7,23,10,16.4,22,20,16.5,6.3,26.8,102,9%,102,Terrence Ross,SG/SF,18.3,20.5,4.9,1.0,10,16.6,22,3700,103.3,Q,IND,202.0,SG,17.3,3700,-4.5,ORL,4.66
2019-11-13,22.8,26.0,6.2,22.5,10.9,6,21,9,16.1,21,3,16.2,6.3,26.8,102,-10%,106,Terrence Ross,SG/SF,18.0,21.0,4.9,2.0,10,16.7,22,3700,104.3,,PHI,206.0,SG,17.3,3700,-2.5,ORL,4.66
2019-11-15,25.0,27.8,6.3,23.1,11.5,9,22,9,19.4,22,27,19.5,13.8,26.8,109,-4%,105,Terrence Ross,SG/SF,21.7,24.5,5.4,1.0,10,17.3,22,4000,106.8,,SA,210.5,SG,20.3,4000,-3.0,ORL,5.06
2019-11-17,26.0,24.7,5.5,24.1,12.1,12,27,9,21.1,24,15,21.1,13.8,26.8,111,9%,108,Terrence Ross,SG/SF,24.9,26.5,5.3,1.0,10,18.1,23,4700,114.8,,WAS,224.0,SG,25.3,4700,-5.5,ORL,5.37
2019-11-20,21.5,27.1,4.5,25.0,12.7,12,26,9,20.9,24,5,20.9,13.8,26.0,100,-4%,105,Terrence Ross,SG/SF,21.8,25.0,4.5,2.0,10,18.8,23,4800,102.0,,TOR,207.0,SG,22.8,4800,3.0,ORL,4.74
2019-11-23,16.3,27.8,3.3,25.0,13.1,12,26,11,22.4,25,17,22.5,17.0,26.0,101,8%,102,Terrence Ross,SG/SF,25.1,28.0,5.1,2.0,10,19.0,23,4900,97.5,,IND,201.0,SG,25.3,4900,6.0,ORL,5.15
2019-11-25,22.5,29.8,4.8,24.5,13.1,12,27,12,22.3,27,24,22.3,16.3,26.0,108,-1%,103,Terrence Ross,SG/SF,25.1,28.0,5.3,1.0,11,18.8,24,4700,101.5,,DET,207.5,SG,25.5,4700,4.5,ORL,5.43
2019-11-27,26.5,22.7,5.3,24.7,13.5,13,29,12,22.3,27,26,22.3,16.3,26.0,110,3%,102,Terrence Ross,SG/SF,25.0,28.0,5.0,1.0,11,19.1,24,5000,104.5,,CLE,208.0,SG,26.8,5000,-1.0,ORL,5.35
2019-11-29,15.0,26.4,3.1,25.3,13.9,13,26,12,22.6,26,13,22.6,16.3,26.5,100,0%,104,Terrence Ross,SG/SF,22.7,25.5,4.6,1.0,11,19.6,24,4900,102.0,,TOR,207.5,SG,23.5,4900,3.5,ORL,4.8
2019-12-03,19.3,18.4,3.8,26.1,13.8,12,28,12,22.3,27,14,22.3,15.0,31.0,114,12%,108,Terrence Ross,SG/SF,24.3,26.5,4.8,1.0,11,20.0,24,5100,113.0,,WAS,228.0,SG,27.0,5100,2.0,ORL,5.29
2019-12-04,31.8,22.3,6.1,25.9,14.0,12,24,12,22.9,25,5,22.9,15.0,31.0,106,-6%,105,Terrence Ross,SG/SF,22.9,25.5,4.4,0.0,11,19.9,24,5200,106.0,,PHO,213.5,SG,24.8,5200,1.5,ORL,4.76
2019-12-06,29.3,26.6,5.5,27.0,14.2,11,20,12,24.7,24,29,24.7,15.0,31.8,111,4%,102,Terrence Ross,SG/SF,22.0,24.5,4.2,1.0,11,20.6,24,5300,106.8,,CLE,210.0,SG,22.5,5300,-3.5,ORL,4.25
2019-12-09,31.0,30.5,5.8,27.5,14.5,14,24,12,25.3,25,5,25.3,15.0,31.8,99,-4%,107,Terrence Ross,SG/SF,22.2,25.0,4.2,2.0,11,21.0,24,5300,102.5,,MIL,217.5,SG,23.0,5300,12.5,ORL,4.34
2019-12-11,12.3,28.6,2.5,28.2,14.8,14,29,13,28.4,25,1,28.5,19.3,31.8,101,2%,103,Terrence Ross,SG/SF,27.7,29.5,5.5,1.0,11,21.5,24,5000,102.0,,LAL,212.0,SG,26.5,5000,8.0,ORL,5.3
2019-12-13,24.3,27.5,5.7,27.9,14.2,13,30,12,24.7,25,17,24.7,12.3,31.8,107,11%,107,Terrence Ross,SG/SF,25.2,26.5,5.9,1.0,11,21.1,25,4300,107.5,,HOU,221.0,SG,24.5,4300,6.0,ORL,5.7
2019-12-17,12.5,24.9,2.8,27.9,14.7,10,26,12,24.0,27,20,24.0,12.3,31.0,104,-12%,103,Terrence Ross,SG/SF,22.0,26.5,4.9,1.0,11,21.3,25,4500,100.0,,UTA,207.0,SG,22.0,4500,7.0,ORL,4.89
2019-12-18,12.5,22.1,2.8,27.6,14.2,9,24,11,20.6,27,9,20.7,12.3,31.0,101,-9%,100,Terrence Ross,SG/SF,20.7,26.0,4.6,0.0,11,20.9,25,4500,98.0,,DEN,205.0,SG,21.3,4500,9.0,ORL,4.72
2019-12-20,13.0,22.3,2.7,27.4,13.9,9,24,9,16.9,25,5,17.0,12.3,24.3,108,-1%,105,Terrence Ross,SG/SF,20.0,23.5,4.2,1.0,11,20.6,25,4800,107.0,,POR,217.5,SG,22.3,4800,3.5,ORL,4.64
2019-12-23,36.0,31.4,8.2,27.1,13.5,10,22,9,17.1,24,19,17.1,12.5,24.3,104,-3%,103,Terrence Ross,SG/SF,21.3,25.0,4.8,2.0,11,20.3,25,4400,106.0,,CHI,207.0,SG,20.3,4400,-5.0,ORL,4.6
2019-12-27,27.3,27.8,6.1,28.2,13.6,14,27,11,19.4,25,29,19.5,12.5,36.0,103,-8%,102,Terrence Ross,SG/SF,21.9,25.5,4.9,3.0,11,20.9,25,4500,102.5,,PHI,209.0,SG,20.8,4500,4.0,ORL,4.61
2019-12-28,17.5,27.4,4.1,28.4,13.9,15,30,11,20.3,26,18,20.3,12.5,36.0,100,-4%,107,Terrence Ross,SG/SF,23.6,27.0,5.5,0.0,11,21.1,25,4300,105.3,,MIL,216.5,SG,20.3,4300,6.0,ORL,4.71
2019-12-30,13.5,28.4,3.2,28.1,13.8,10,28,11,21.3,26,27,21.3,12.5,36.0,111,7%,106,Terrence Ross,SG/SF,26.6,29.0,6.3,1.0,11,21.0,25,4200,110.3,,ATL,209.5,SG,25.0,4200,-11.0,ORL,5.95
2020-01-01,20.0,24.4,4.8,27.9,13.6,9,28,12,21.4,27,20,21.5,13.0,36.0,114,9%,106,Terrence Ross,SG/SF,24.4,28.5,5.8,1.0,11,20.7,25,4200,112.5,,WAS,221.0,SG,24.0,4200,-4.0,ORL,5.71
2020-01-03,34.5,25.0,8.6,27.8,13.7,11,26,11,22.9,28,17,22.9,13.5,36.0,105,-2%,101,Terrence Ross,SG/SF,21.9,27.0,5.5,1.0,11,20.7,25,4000,103.8,,MIA,208.5,SG,23.0,4000,1.0,ORL,5.75
2020-01-04,28.8,29.9,6.7,28.5,13.8,12,25,11,22.6,27,13,22.6,13.5,34.5,103,-10%,102,Terrence Ross,SG/SF,21.9,26.5,5.1,0.0,11,21.1,25,4300,101.3,,UTA,207.0,SG,23.8,4300,4.5,ORL,5.52
2020-01-06,21.8,22.1,4.6,28.7,14.0,15,28,11,22.9,27,1,22.9,13.5,34.5,106,2%,105,Terrence Ross,SG/SF,22.4,26.5,4.8,1.0,11,21.4,25,4700,108.8,,BKN,212.5,SG,22.5,4700,-5.0,ORL,4.79
2020-01-08,13.0,25.5,2.7,28.6,14.1,13,26,12,23.7,26,22,23.7,13.5,34.5,113,8%,106,Terrence Ross,SG/SF,22.6,25.5,4.7,1.0,11,21.4,25,4800,115.3,,WAS,221.0,SG,23.3,4800,-9.5,ORL,4.84
2020-01-10,27.5,32.4,6.1,28.6,13.8,10,24,12,23.6,25,2,23.6,13.0,34.5,109,2%,105,Terrence Ross,SG/SF,25.2,28.5,5.6,1.0,11,21.2,25,4500,106.5,,PHO,217.5,SG,26.0,4500,4.5,ORL,5.78
2020-01-13,23.5,27.6,4.7,28.6,14.1,13,29,13,25.1,27,28,25.1,13.0,34.5,108,7%,100,Terrence Ross,SG/SF,22.6,26.0,4.5,2.0,11,21.3,25,5000,105.0,,SAC,212.0,SG,22.5,5000,2.0,ORL,4.5
2020-01-15,26.5,31.0,6.0,28.5,14.2,10,30,11,22.9,28,6,22.9,13.0,28.8,102,-1%,103,Terrence Ross,SG/SF,28.2,33.0,6.4,1.0,11,21.4,25,4400,100.3,,LAL,210.0,SG,25.8,4400,9.5,ORL,5.85
2020-01-16,32.3,28.8,6.1,28.6,14.4,8,29,10,22.4,28,14,22.5,13.0,27.5,105,0%,105,Terrence Ross,SG/SF,22.0,26.5,4.2,0.0,11,21.5,26,5300,102.0,,LAC,215.5,SG,25.0,5300,11.5,ORL,4.72
2020-01-18,20.0,26.8,3.8,29.1,14.5,14,30,11,24.6,29,3,24.6,13.0,32.3,109,7%,103,Terrence Ross,SG/SF,26.1,28.0,4.9,1.0,11,21.8,26,5300,110.0,,GS,214.0,SG,26.8,5300,-6.0,ORL,5.05
2020-01-20,29.5,30.9,5.5,29.0,14.6,15,28,12,25.9,29,4,26.0,20.0,32.3,111,1%,99,Terrence Ross,SG/SF,23.7,27.5,4.4,1.0,11,21.8,26,5400,105.0,,CHA,206.0,SG,26.0,5400,-4.0,ORL,4.81
2020-01-22,38.8,28.6,7.5,29.2,14.8,13,29,11,26.4,29,11,26.4,20.0,32.3,106,-7%,101,Terrence Ross,SG/SF,24.0,28.0,4.6,1.0,11,22.0,26,5200,105.5,,OKC,209.5,SG,25.5,5200,-1.5,ORL,4.9
2020-01-24,19.5,31.6,3.6,30.0,14.8,14,30,14,29.4,29,5,29.4,20.0,38.8,103,-5%,102,Terrence Ross,SG/SF,24.9,28.5,4.6,1.0,12,22.4,26,5400,107.0,,BOS,212.5,SG,24.5,5400,-1.5,ORL,4.54
2020-01-26,17.3,28.2,3.3,29.8,14.8,15,30,14,28.0,29,30,28.0,19.5,38.8,105,1%,105,Terrence Ross,SG/SF,24.7,29.0,4.8,1.0,12,22.3,26,5200,107.8,,LAC,219.0,SG,25.5,5200,3.5,ORL,4.9
2020-01-27,18.3,28.3,3.6,29.7,14.7,15,30,14,25.0,29,26,25.0,17.3,38.8,106,-1%,101,Terrence Ross,SG/SF,24.0,29.0,4.7,0.0,12,22.2,26,5100,102.3,,MIA,210.5,SG,24.5,5100,6.0,ORL,4.8
2020-02-01,13.3,30.8,2.8,29.7,14.8,15,28,14,24.6,30,26,24.7,17.3,38.8,106,-1%,100,Terrence Ross,SG/SF,23.4,28.0,4.9,4.0,12,22.2,26,4800,103.0,,MIA,207.5,SG,23.3,4800,1.5,ORL,4.84
2020-02-03,25.8,30.5,5.5,29.5,14.5,13,30,14,21.4,30,24,21.4,13.3,38.8,111,2%,99,Terrence Ross,SG/SF,24.7,30.0,5.3,1.0,12,22.0,27,4700,103.5,,CHA,202.5,SG,24.5,4700,-4.5,ORL,5.21
