game_date,Actual FP,Actual Min,Actual Val,Ceil FP,Floor FP,L2 FGA,L2 Min,L5 FGA,L5 FP,L5 Min,L5_dvp_rank,L5_ppg_avg,L5_ppg_floor,L5_ppg_max,Opp DEff,Opp DvP,Opp Pace,Player Name,Pos,Proj FP,Proj Min,Proj Val,Rest,S FGA,S FP,S Min,Salary,implied_team_score,injury_status,opp,over_under,position,ppg_projection,salary,spread,team,value_projection
2019-10-23,1.3,3.4,0.4,0.0,0.0,0,0,0,0.0,0,16,17.7,5.8,53.0,107,-8%,100,TJ Leaf,SF/PF,0.0,0.0,0.0,,0,0.0,0,3300,109.0,,DET,210.5,SF,4.5,3300,-7.5,IND,1.36
2019-10-26,11.3,18.1,3.5,1.3,1.3,1,3,1,1.3,3,18,16.3,1.3,53.0,115,4%,99,TJ Leaf,SF/PF,0.0,0.0,0.0,2.0,1,1.3,3,3200,109.0,,CLE,213.0,SF,7.0,3200,-5.0,IND,2.19
2019-10-28,9.8,11.9,3.1,13.3,-0.8,3,11,3,6.3,11,19,16.2,1.3,53.0,107,-8%,100,TJ Leaf,SF/PF,14.2,16.5,4.4,1.0,3,6.3,11,3200,107.3,,DET,213.0,SF,8.5,3200,-1.5,IND,2.66
2019-11-05,6.8,14.5,1.4,27.8,-1.3,9,15,6,13.3,13,20,13.3,1.3,38.3,108,16%,103,TJ Leaf,SF/PF,21.1,21.0,4.2,1.0,6,13.3,13,5000,107.3,,CHA,211.5,SF,9.0,5000,-3.0,IND,1.8
2019-11-08,5.3,8.9,1.2,25.4,-1.1,7,18,6,14.3,15,30,14.4,5.8,38.3,108,10%,103,TJ Leaf,PF/C,13.5,14.5,3.1,1.0,5,12.2,13,4400,108.5,,DET,210.0,PF,20.3,4400,-7.0,IND,4.6
2019-11-10,9.0,10.5,2.6,23.5,-1.2,2,12,5,13.2,13,8,13.2,5.3,38.3,98,6%,100,TJ Leaf,PF/C,9.2,10.5,2.6,1.0,4,11.2,12,3500,98.8,,ORL,202.0,PF,15.8,3500,4.5,IND,4.5
2019-11-12,10.3,15.2,3.2,22.4,-0.6,4,10,5,13.0,13,5,13.0,5.3,38.3,102,-12%,103,TJ Leaf,PF/C,10.0,10.5,3.1,1.0,5,10.9,12,3200,107.3,,OKC,213.0,PF,10.0,3200,-1.5,IND,3.13
2019-11-15,24.3,15.9,7.6,21.6,0.1,4,13,5,13.9,14,18,14.2,5.3,38.3,106,16%,110,TJ Leaf,PF/C,0.0,0.0,0.0,2.0,4,10.8,13,3200,109.8,,HOU,225.5,PF,8.8,3200,6.0,IND,2.73
2019-11-16,15.3,10.3,4.9,23.2,1.2,5,16,3,11.1,13,22,11.4,5.3,24.3,101,-13%,109,TJ Leaf,PF/C,0.0,0.0,0.0,0.0,5,12.2,13,3100,107.5,,MIL,222.5,PF,13.8,3100,7.5,IND,4.44
2019-11-18,5.0,7.5,1.6,22.9,2.0,6,13,4,12.8,12,5,13.1,5.3,24.3,108,5%,108,TJ Leaf,PF/C,0.0,0.0,0.0,1.0,5,12.5,13,3100,107.3,,BKN,217.5,PF,14.0,3100,3.0,IND,4.52
2019-11-23,13.5,7.0,4.5,22.0,1.6,3,9,4,12.8,12,30,13.0,5.0,24.3,102,0%,100,TJ Leaf,PF/C,0.0,0.0,0.0,4.0,4,11.8,12,3000,103.5,,ORL,201.0,PF,13.8,3000,-6.0,IND,4.58
2019-11-25,1.3,2.8,0.4,21.7,2.2,3,7,4,13.7,11,25,13.9,5.0,24.3,109,0%,107,TJ Leaf,PF/C,0.0,0.0,0.0,1.0,4,12.0,12,3000,113.8,,MEM,218.0,PF,13.8,3000,-9.5,IND,4.58
2019-11-27,5.3,2.2,1.8,21.0,1.4,3,5,3,11.8,9,4,11.9,1.3,24.3,100,-2%,103,TJ Leaf,PF/C,0.0,0.0,0.0,1.0,4,11.2,11,3000,106.3,,UTA,211.0,PF,3.5,3000,-1.5,IND,1.17
2019-12-22,1.0,2.9,0.3,18.6,-0.5,1,3,1,1.6,2,30,1.6,0.0,5.3,100,1%,107,TJ Leaf,PF/C,0.0,0.0,0.0,1.0,3,9.1,9,3000,106.0,,MIL,219.5,PF,3.8,3000,7.5,IND,1.25
