game_date,Actual FP,Actual Min,Actual Val,Ceil FP,Floor FP,L2 FGA,L2 Min,L5 FGA,L5 FP,L5 Min,L5_dvp_rank,L5_ppg_avg,L5_ppg_floor,L5_ppg_max,Opp DEff,Opp DvP,Opp Pace,Player Name,Pos,Proj FP,Proj Min,Proj Val,Rest,S FGA,S FP,S Min,Salary,implied_team_score,injury_status,opp,over_under,position,ppg_projection,salary,spread,team,value_projection
2019-10-23,44.3,37.6,6.6,0.0,0.0,0,0,0,0.0,0,24,33.8,26.5,36.8,105,-4%,102,Tobias Harris,SF/PF,33.0,34.5,4.9,,0,0.0,0,6700,110.0,,BOS,214.0,SF,32.8,6700,-6.0,PHI,4.89
2019-10-26,43.8,35.4,7.1,44.3,44.3,11,38,11,44.3,38,15,35.7,26.5,44.3,107,-3%,100,Tobias Harris,SF/PF,37.1,36.0,6.0,2.0,11,44.3,38,6200,108.3,,DET,213.5,SF,36.3,6200,-3.0,PHI,5.85
2019-10-28,28.8,38.9,4.4,44.4,43.6,13,37,13,44.0,37,28,37.4,26.5,44.3,111,9%,106,Tobias Harris,SF/PF,35.4,35.5,5.4,1.0,13,44.0,37,6500,114.0,,ATL,222.5,SF,36.3,6500,-5.5,PHI,5.58
2019-10-30,33.3,33.7,5.0,47.7,30.1,16,37,14,38.9,37,9,37.8,28.8,44.3,110,8%,103,Tobias Harris,SF/PF,36.5,35.5,5.4,1.0,14,38.9,37,6700,115.0,,MIN,222.5,SF,36.8,6700,-7.5,PHI,5.49
2019-11-02,42.3,35.9,5.8,45.2,29.8,16,36,14,37.5,36,1,37.1,28.8,44.3,108,4%,102,Tobias Harris,SF/PF,36.4,35.5,5.0,2.0,14,37.5,36,7300,112.0,,POR,223.0,SF,35.8,7300,-1.0,PHI,4.9
2019-11-04,44.5,37.1,6.4,45.5,31.4,15,35,14,38.5,36,26,38.5,28.8,44.3,112,-3%,103,Tobias Harris,SF/PF,38.5,35.5,5.5,1.0,14,38.5,36,7000,112.5,,PHO,224.0,SF,36.3,7000,-1.0,PHI,5.18
2019-11-06,28.3,34.9,4.3,46.2,32.7,18,37,16,38.5,36,21,38.5,28.8,44.5,95,-14%,101,Tobias Harris,SF/PF,32.4,35.5,4.9,1.0,15,39.5,36,6600,103.3,,UTA,209.0,SF,33.0,6600,2.5,PHI,5.0
2019-11-08,40.5,33.0,6.3,45.3,30.4,16,36,15,35.4,36,4,35.4,28.3,44.5,101,-5%,100,Tobias Harris,SF/PF,33.3,35.5,5.2,1.0,15,37.9,36,6400,103.3,,DEN,211.5,SF,32.5,6400,5.0,PHI,5.08
2019-11-10,34.3,29.4,4.9,45.2,31.2,13,34,15,37.8,35,30,37.8,28.3,44.5,108,13%,103,Tobias Harris,SF/PF,35.6,35.0,5.1,1.0,15,38.2,36,7000,113.5,,CHA,213.0,SF,35.5,7000,-14.0,PHI,5.07
2019-11-12,19.8,32.6,2.9,44.4,31.1,12,31,14,38.0,34,10,38.0,28.3,44.5,106,17%,103,Tobias Harris,SF/PF,35.8,34.5,5.3,1.0,14,37.8,35,6800,114.5,,CLE,219.0,SF,35.8,6800,-10.0,PHI,5.26
2019-11-13,34.0,31.4,5.1,44.4,27.5,13,31,14,33.5,33,10,33.5,19.8,44.5,99,-10%,100,Tobias Harris,SF/PF,36.1,35.5,5.4,0.0,14,36.0,35,6700,101.8,,ORL,206.0,SF,32.5,6700,2.5,PHI,4.85
2019-11-15,33.0,38.9,5.2,43.8,27.7,15,32,13,31.4,32,19,31.4,19.8,40.5,102,-1%,103,Tobias Harris,SF/PF,32.4,33.0,5.1,1.0,14,35.8,35,6400,108.5,,OKC,214.0,SF,31.5,6400,-3.0,PHI,4.92
2019-11-20,26.0,31.9,4.2,44.5,28.4,15,35,14,33.6,33,1,33.7,19.8,47.3,109,-5%,101,Tobias Harris,SF/PF,35.2,33.5,5.7,2.0,14,36.4,35,6200,111.3,,NY,210.5,SF,33.0,6200,-12.0,PHI,5.32
2019-11-22,46.0,34.3,7.4,43.9,27.4,14,31,15,32.0,33,17,32.0,19.8,47.3,111,2%,104,Tobias Harris,SF/PF,34.8,33.5,5.6,1.0,14,35.7,34,6200,113.8,,SA,220.5,SF,35.5,6200,-7.0,PHI,5.73
2019-11-23,36.5,26.0,5.7,44.8,28.0,15,33,14,37.3,33,1,37.3,26.0,47.3,98,-6%,104,Tobias Harris,SF/PF,34.1,33.5,5.3,0.0,14,36.4,34,6400,108.8,,MIA,212.5,SF,33.8,6400,-5.0,PHI,5.27
2019-11-25,29.8,38.3,4.6,44.8,28.0,15,33,14,37.3,33,24,37.8,26.0,47.3,101,0%,104,Tobias Harris,SF/PF,33.8,33.5,5.2,1.0,14,36.4,34,6500,107.0,,TOR,212.0,SF,33.3,6500,-2.0,PHI,5.12
2019-11-27,27.5,32.8,4.2,44.2,27.7,17,36,15,36.4,35,20,37.1,26.0,47.3,109,5%,100,Tobias Harris,SF/PF,34.5,34.0,5.3,1.0,15,36.0,35,6500,110.3,,SAC,211.0,SF,33.3,6500,-9.5,PHI,5.12
2019-11-29,32.5,35.1,5.1,43.7,27.2,16,36,15,35.3,34,23,33.2,26.0,46.0,110,-4%,100,Tobias Harris,SF/PF,36.8,35.0,5.8,1.0,15,35.5,35,6400,108.0,,NY,209.0,SF,33.3,6400,-7.0,PHI,5.2
2019-11-30,31.5,36.4,4.9,43.4,27.3,16,34,15,32.4,35,21,34.5,27.5,46.0,101,-27%,102,Tobias Harris,SF/PF,33.0,34.5,5.2,0.0,15,35.3,35,6400,106.3,,IND,207.5,SF,31.5,6400,-5.0,PHI,4.92
2019-12-02,42.3,35.2,6.4,43.0,27.2,16,36,16,33.5,35,24,31.6,27.5,36.5,101,-12%,103,Tobias Harris,SF/PF,34.4,34.5,5.2,1.0,15,35.1,35,6600,107.0,,UTA,208.5,SF,33.8,6600,-5.5,PHI,5.11
2019-12-05,49.3,39.7,7.6,43.3,27.6,20,36,17,32.7,36,23,32.7,27.5,42.3,114,11%,108,Tobias Harris,SF/PF,37.5,34.5,5.8,2.0,15,35.5,35,6500,121.8,,WAS,236.0,SF,38.0,6500,-7.5,PHI,5.85
2019-12-07,24.0,22.3,3.2,44.3,27.9,26,38,20,36.6,36,17,36.6,27.5,49.3,111,9%,102,Tobias Harris,SF/PF,40.5,35.0,5.5,1.0,16,36.1,35,7400,112.0,,CLE,213.5,SF,38.5,7400,-10.5,PHI,5.2
2019-12-08,41.0,38.9,5.3,44.1,28.1,26,38,20,36.6,36,24,35.9,24.0,49.3,101,1%,104,Tobias Harris,SF/PF,36.8,34.5,4.8,0.0,16,36.1,35,7700,108.0,,TOR,213.0,SF,37.0,7700,-3.0,PHI,4.81
2019-12-10,41.3,35.7,5.9,44.2,28.5,25,39,21,39.3,37,8,37.6,24.0,49.3,101,-10%,100,Tobias Harris,SF/PF,35.3,35.0,5.0,1.0,16,36.3,35,7000,106.8,,DEN,208.5,SF,33.3,7000,-5.0,PHI,4.75
2019-12-12,50.0,32.8,7.2,44.3,28.8,20,37,21,41.0,37,1,39.6,24.0,49.3,101,-2%,102,Tobias Harris,SF/PF,35.9,35.5,5.2,1.0,16,36.6,35,6900,105.8,,BOS,212.5,SF,34.0,6900,1.0,PHI,4.93
2019-12-13,40.8,37.5,5.7,45.4,28.9,19,34,22,44.8,37,26,41.1,24.0,50.0,112,3%,107,Tobias Harris,SF/PF,41.0,35.0,5.7,0.0,16,37.1,35,7200,115.3,,NO,222.5,SF,39.8,7200,-8.0,PHI,5.52
2019-12-15,31.0,32.6,4.0,45.4,29.2,20,35,21,44.5,37,1,39.4,24.0,50.0,107,-15%,105,Tobias Harris,SF/PF,40.4,35.5,5.2,1.0,16,37.3,35,7700,110.8,,BKN,218.0,SF,39.5,7700,-3.5,PHI,5.13
2019-12-18,28.0,39.3,3.8,45.1,29.0,19,35,19,40.8,36,10,40.8,31.0,50.0,104,-6%,102,Tobias Harris,SF/PF,36.9,35.0,5.1,2.0,16,37.0,35,7300,108.5,,MIA,209.0,SF,36.5,7300,-8.0,PHI,5.0
2019-12-20,12.0,32.4,1.7,44.8,28.6,17,36,18,38.2,36,19,38.2,28.0,50.0,106,2%,102,Tobias Harris,SF/PF,37.6,35.5,5.3,1.0,16,36.7,35,7100,110.3,,DAL,212.0,SF,34.8,7100,-8.5,PHI,4.89
2019-12-21,35.0,30.6,4.7,45.0,26.6,14,36,17,32.4,35,20,32.4,12.0,50.0,114,12%,106,Tobias Harris,SF/PF,37.9,34.0,5.1,0.0,16,35.8,35,7500,120.8,,WAS,229.0,SF,38.5,7500,-12.5,PHI,5.13
2019-12-23,54.3,34.3,7.5,44.8,26.8,11,32,15,29.4,35,18,29.4,12.0,40.8,109,1%,102,Tobias Harris,SF/PF,35.6,34.5,4.9,1.0,16,35.8,35,7200,111.0,,DET,216.0,SF,34.5,7200,-6.0,PHI,4.79
2019-12-25,34.0,34.9,5.1,45.9,26.9,16,32,15,32.0,34,1,32.1,12.0,54.3,99,-11%,107,Tobias Harris,SF/PF,34.8,35.5,5.2,1.0,16,36.4,35,6700,108.8,,MIL,221.0,SF,32.3,6700,3.5,PHI,4.81
2019-12-27,44.3,36.2,6.7,45.7,27.0,19,35,15,32.6,34,14,32.7,12.0,54.3,105,-8%,100,Tobias Harris,SF/PF,34.9,34.5,5.3,1.0,16,36.3,35,6600,106.5,,ORL,209.0,SF,34.0,6600,-4.0,PHI,5.15
2019-12-28,22.0,36.3,3.3,45.9,27.3,18,36,16,35.9,34,22,35.9,12.0,54.3,104,-4%,102,Tobias Harris,SF/PF,34.1,34.5,5.2,0.0,16,36.6,35,6600,106.0,Q,MIA,213.5,SF,32.5,6600,1.5,PHI,4.92
2020-01-03,32.5,41.5,4.9,45.5,26.8,17,36,16,37.9,34,9,33.9,15.0,54.3,107,10%,106,Tobias Harris,SF/PF,36.1,34.5,5.5,2.0,16,36.1,35,6600,111.3,,HOU,226.5,SF,35.0,6600,4.0,PHI,5.3
2020-01-06,33.0,22.1,5.2,45.3,26.8,17,39,18,37.4,37,6,29.6,15.0,44.3,105,1%,100,Tobias Harris,SF/PF,35.2,35.0,5.5,2.0,16,36.0,35,6400,109.8,,OKC,212.0,SF,32.0,6400,-7.5,PHI,5.0
2020-01-09,33.8,34.9,4.6,45.3,26.8,17,39,18,37.4,37,1,29.4,15.0,44.3,102,-4%,102,Tobias Harris,SF/PF,38.9,35.0,5.3,2.0,16,36.0,35,7300,109.5,,BOS,216.5,SF,35.0,7300,-2.5,PHI,4.79
2020-01-11,36.5,34.1,5.4,45.1,26.9,18,38,17,33.3,37,22,27.3,15.0,33.8,107,-1%,101,Tobias Harris,SF/PF,39.4,34.5,5.8,1.0,16,36.0,35,6800,109.8,,DAL,222.5,SF,38.0,6800,3.0,PHI,5.59
2020-01-13,35.8,39.3,5.4,45.0,27.0,20,35,18,33.8,37,2,30.2,15.0,36.5,105,-17%,101,Tobias Harris,SF/PF,36.0,35.0,5.5,1.0,16,36.0,35,6600,105.8,,IND,213.5,SF,33.0,6600,2.0,PHI,5.0
2020-01-15,56.5,35.4,8.2,44.8,27.1,19,37,18,32.1,37,5,34.3,32.5,36.5,105,-15%,105,Tobias Harris,SF/PF,39.5,35.5,5.7,1.0,16,36.0,35,6900,114.5,,BKN,222.0,SF,38.5,6900,-7.0,PHI,5.58
2020-01-17,26.3,36.2,3.2,45.8,27.2,18,37,19,39.0,37,29,39.1,33.0,56.5,105,1%,102,Tobias Harris,SF/PF,41.6,35.0,5.0,1.0,16,36.5,35,8300,111.0,,CHI,215.0,SF,39.8,8300,-7.0,PHI,4.79
2020-01-18,30.5,34.3,4.0,45.6,26.9,16,36,17,37.8,36,29,37.8,26.3,56.5,112,3%,102,Tobias Harris,SF/PF,40.4,35.0,5.3,0.0,16,36.2,35,7600,110.5,,NY,217.0,SF,36.8,7600,-4.0,PHI,4.84
2020-01-20,28.0,33.8,3.7,45.4,26.8,13,35,17,37.1,36,15,37.1,26.3,56.5,105,-14%,105,Tobias Harris,SF/PF,38.4,35.0,5.1,1.0,16,36.1,35,7600,109.8,,BKN,222.0,SF,36.5,7600,2.5,PHI,4.8
2020-01-22,43.0,40.7,5.9,45.2,26.7,15,34,16,35.4,36,23,35.4,26.3,56.5,101,4%,103,Tobias Harris,SF/PF,37.2,34.5,5.1,1.0,16,35.9,35,7300,104.5,,TOR,216.0,SF,35.0,7300,7.0,PHI,4.79
2020-01-25,42.5,38.3,6.0,45.3,26.9,18,37,16,36.9,36,15,36.9,26.3,56.5,103,-5%,103,Tobias Harris,SF/PF,38.6,35.5,5.4,2.0,16,36.1,35,7100,106.5,,LAL,217.5,SF,37.5,7100,4.5,PHI,5.28
