game_date,Actual FP,Actual Min,Actual Val,Ceil FP,Floor FP,L2 FGA,L2 Min,L5 FGA,L5 FP,L5 Min,L5_dvp_rank,L5_ppg_avg,L5_ppg_floor,L5_ppg_max,Opp DEff,Opp DvP,Opp Pace,Player Name,Pos,Proj FP,Proj Min,Proj Val,Rest,S FGA,S FP,S Min,Salary,implied_team_score,injury_status,opp,over_under,position,ppg_projection,salary,spread,team,value_projection
2019-10-24,62.3,37.3,7.2,0.0,0.0,0,0,0,0.0,0,10,46.6,27.3,63.3,107,-3%,100,Trae Young,PG,43.3,34.5,5.0,,0,0.0,0,8600,110.3,,DET,222.0,PG,42.8,8600,1.5,ATL,4.97
2019-10-26,65.3,36.0,7.4,62.3,62.3,21,37,21,62.3,37,4,49.4,27.3,63.3,106,-2%,100,Trae Young,PG,45.0,35.0,5.1,1.0,21,62.3,37,8800,106.8,,ORL,216.0,PG,43.8,8800,2.5,ATL,4.97
2019-10-28,41.0,34.5,4.6,65.9,61.6,23,37,23,63.8,37,1,57.0,45.3,65.3,107,-1%,104,Trae Young,PG,46.7,35.0,5.2,1.0,23,63.8,37,9000,108.5,,PHI,222.5,PG,45.3,9000,5.5,ATL,5.03
2019-10-29,12.0,11.1,1.3,69.4,42.9,23,35,22,56.2,36,5,52.5,41.0,65.3,105,-6%,101,Trae Young,PG,46.3,35.0,5.1,0.0,22,56.2,36,9000,107.5,,MIA,223.0,PG,46.3,9000,8.0,ATL,5.14
2019-10-31,0.0,0.0,0.0,69.7,20.5,13,23,18,45.1,30,2,45.9,12.0,65.3,105,-6%,101,Trae Young,PG,0.0,0.0,0.0,1.0,18,45.1,30,9600,104.5,O,MIA,215.5,PG,0.0,9600,6.5,ATL,0.0
2019-11-05,57.5,29.7,6.3,69.7,20.5,13,23,18,45.1,30,19,45.9,12.0,65.3,103,3%,106,Trae Young,PG,43.5,30.0,4.7,4.0,18,45.1,30,9200,108.0,,SA,221.5,PG,43.0,9200,5.5,ATL,4.67
2019-11-06,15.3,29.2,1.7,69.6,25.6,14,20,19,47.6,30,14,47.6,12.0,65.3,107,-13%,104,Trae Young,PG,48.2,33.5,5.3,0.0,19,47.6,30,9100,110.5,,CHI,222.0,PG,44.8,9100,1.0,ATL,4.92
2019-11-08,61.0,39.6,6.9,65.9,18.5,18,30,17,38.2,28,16,38.2,12.0,65.3,110,6%,103,Trae Young,PG,49.1,34.0,5.5,1.0,18,42.2,30,8900,111.8,,SAC,226.0,PG,47.3,8900,2.5,ATL,5.31
2019-11-10,65.5,43.0,7.1,67.7,22.1,17,34,16,37.4,29,17,37.4,12.0,61.0,108,6%,106,Trae Young,PG,50.4,35.0,5.5,1.0,18,44.9,31,9200,108.3,,POR,225.5,PG,50.0,9200,9.0,ATL,5.43
2019-11-12,68.0,41.3,7.4,69.8,25.2,26,41,18,42.3,31,1,42.3,12.0,65.5,99,-12%,100,Trae Young,PG,47.3,35.0,5.1,1.0,20,47.5,33,9200,99.5,,DEN,209.0,PG,45.8,9200,10.0,ATL,4.97
2019-11-14,45.3,35.8,4.7,71.7,27.8,26,42,22,53.5,37,7,53.5,15.3,68.0,103,-6%,106,Trae Young,PG,53.9,37.5,5.6,1.0,20,49.8,34,9600,110.8,,PHO,229.5,PG,50.5,9600,8.0,ATL,5.26
2019-11-16,36.8,28.8,3.9,70.5,36.4,20,39,21,51.0,38,24,51.0,15.3,68.0,104,5%,105,Trae Young,PG,51.4,36.0,5.5,1.0,21,53.4,36,9400,105.5,,LAC,222.0,PG,51.8,9400,11.0,ATL,5.51
2019-11-17,46.3,39.1,4.9,68.7,34.8,17,32,21,55.3,38,2,55.3,36.8,68.0,97,-8%,103,Trae Young,PG,50.2,36.0,5.3,0.0,21,51.8,36,9400,103.3,,LAL,220.5,PG,48.8,9400,14.0,ATL,5.19
2019-11-20,45.5,33.0,4.8,67.4,35.1,19,34,21,52.4,38,28,52.4,36.8,68.0,99,2%,109,Trae Young,PG,52.7,35.5,5.6,2.0,21,51.3,36,9400,110.8,,MIL,232.5,PG,50.5,9400,11.0,ATL,5.37
2019-11-22,28.5,31.7,3.0,66.3,35.3,22,36,20,48.4,36,26,48.3,36.8,68.0,109,5%,102,Trae Young,PG,51.5,35.5,5.5,1.0,21,50.8,36,9400,109.5,,DET,225.0,PG,49.0,9400,6.0,ATL,5.21
2019-11-23,64.5,41.4,6.6,65.1,33.0,17,32,18,40.5,34,14,40.4,28.5,46.3,100,-5%,104,Trae Young,PG,48.6,34.0,5.0,0.0,20,49.1,35,9800,107.8,,TOR,223.0,PG,47.5,9800,7.5,ATL,4.85
2019-11-25,57.0,34.6,5.8,66.2,34.2,18,37,19,44.3,35,26,43.9,28.5,63.0,106,4%,107,Trae Young,PG,54.2,35.5,5.5,1.0,21,50.2,36,9800,116.0,,MIN,236.0,PG,50.5,9800,4.0,ATL,5.15
2019-11-27,46.5,35.1,4.7,66.1,35.1,26,38,21,48.4,36,24,48.0,28.5,63.0,101,8%,108,Trae Young,PG,49.4,33.5,5.0,1.0,21,50.6,36,9900,112.5,,MIL,239.5,PG,48.3,9900,14.5,ATL,4.87
2019-11-29,62.8,42.6,6.6,65.4,35.4,26,35,22,48.4,35,4,48.0,28.5,63.0,101,-7%,102,Trae Young,PG,48.7,34.5,5.1,1.0,21,50.4,36,9500,106.3,,IND,223.5,PG,46.8,9500,11.0,ATL,4.92
2019-11-30,52.3,31.4,5.9,65.9,36.3,26,39,23,51.9,37,18,51.6,28.5,63.0,107,-9%,108,Trae Young,PG,47.4,34.5,5.3,0.0,22,51.1,36,8900,112.5,,HOU,238.5,PG,49.3,8900,13.5,ATL,5.53
2019-12-02,33.3,33.9,3.2,65.6,36.8,22,37,24,56.6,37,29,56.3,46.5,63.0,112,9%,104,Trae Young,PG,54.1,35.0,5.2,1.0,21,51.2,36,10500,114.5,,GS,222.5,PG,53.5,10500,-6.5,ATL,5.1
2019-12-04,60.8,37.3,5.8,64.8,35.6,18,33,23,50.4,36,15,50.4,33.3,62.8,106,9%,106,Trae Young,PG,53.4,35.0,5.1,1.0,21,50.2,36,10400,113.0,,BKN,229.0,PG,49.3,10400,3.0,ATL,4.74
2019-12-10,39.0,41.1,3.8,64.8,36.8,22,36,21,52.2,36,14,52.2,33.3,62.8,102,-9%,102,Trae Young,PG,47.2,35.0,4.5,1.0,21,50.8,36,10400,105.3,,MIA,218.5,PG,46.5,10400,8.0,ATL,4.47
2019-12-11,39.5,31.7,3.8,64.2,36.4,20,38,19,47.5,36,1,47.5,33.3,60.8,105,-13%,104,Trae Young,PG,46.5,35.0,4.5,0.0,21,50.3,36,10300,107.3,,CHI,221.0,PG,46.0,10300,6.5,ATL,4.47
2019-12-13,46.3,37.4,5.1,63.6,36.0,17,36,19,44.9,36,17,44.9,33.3,60.8,102,-2%,102,Trae Young,PG,51.0,35.0,5.6,1.0,21,49.8,36,9100,109.0,,IND,224.0,PG,46.3,9100,6.0,ATL,5.08
2019-12-15,50.5,36.5,5.3,63.2,36.2,22,35,21,47.5,37,4,47.5,39.0,60.8,101,-3%,103,Trae Young,PG,50.1,35.0,5.2,1.0,21,49.7,36,9600,108.3,,LAL,228.0,PG,48.8,9600,11.5,ATL,5.08
2019-12-17,61.0,41.3,6.2,62.9,36.5,26,37,21,45.5,36,19,45.5,39.0,52.0,111,1%,100,Trae Young,PG,52.3,36.0,5.3,1.0,21,49.7,36,9900,111.5,,NY,224.5,PG,49.3,9900,1.5,ATL,4.97
2019-12-19,50.8,40.9,5.2,63.3,37.0,26,39,23,47.3,38,20,47.3,39.0,61.0,104,-1%,102,Trae Young,PG,52.1,36.5,5.3,1.0,22,50.1,36,9800,109.0,Q,UTA,224.5,PG,48.5,9800,6.5,ATL,4.95
2019-12-23,63.5,36.1,5.7,63.8,37.7,29,41,28,55.1,39,16,55.1,46.3,67.0,113,7%,101,Trae Young,PG,55.6,37.0,5.0,1.0,22,50.8,36,11200,114.3,,CLE,229.5,PG,54.8,11200,1.0,ATL,4.89
2019-12-27,14.0,15.2,1.3,64.2,38.2,26,38,26,58.5,39,14,58.6,50.5,67.0,100,4%,107,Trae Young,PG,54.5,37.0,5.0,3.0,22,51.2,36,10800,113.3,,MIL,234.5,PG,53.0,10800,8.0,ATL,4.91
2019-12-28,0.0,0.0,0.0,64.2,38.2,26,38,26,58.5,39,2,51.3,14.0,67.0,104,-14%,103,Trae Young,PG,0.0,0.0,0.0,0.0,22,51.2,36,10600,103.5,O,CHI,216.5,PG,0.0,10600,9.5,ATL,0.0
2019-12-30,0.0,0.0,0.0,64.2,38.2,26,38,26,58.5,39,20,51.3,14.0,67.0,105,-3%,100,Trae Young,PG,0.0,0.0,0.0,1.0,22,51.2,36,10400,99.3,O,ORL,209.5,PG,0.0,10400,11.0,ATL,0.0
2020-01-03,50.3,36.7,5.5,64.2,38.2,26,38,26,58.5,39,27,51.3,14.0,67.0,102,-9%,101,Trae Young,PG,45.4,35.0,4.9,3.0,22,51.2,36,9200,106.5,,BOS,223.5,PG,44.0,9200,10.5,ATL,4.78
2020-01-04,62.5,37.0,6.6,63.9,38.4,22,36,26,58.5,39,18,49.1,14.0,67.0,104,0%,101,Trae Young,PG,50.4,35.0,5.3,0.0,22,51.2,36,9500,107.0,,IND,221.0,PG,50.3,9500,7.0,ATL,5.29
2020-01-06,52.0,39.5,5.3,64.3,38.8,23,37,25,58.8,38,13,51.5,14.0,67.0,105,-6%,100,Trae Young,PG,48.3,35.5,4.9,1.0,22,51.5,36,9800,107.8,,DEN,223.0,PG,46.0,9800,7.5,ATL,4.69
2020-01-08,80.3,38.6,8.3,64.1,39.0,18,38,22,59.0,38,28,48.5,14.0,63.5,107,0%,106,Trae Young,PG,51.5,35.5,5.3,1.0,22,51.5,37,9700,114.3,,HOU,236.5,PG,52.0,9700,8.0,ATL,5.36
2020-01-10,35.5,31.4,3.4,65.7,39.1,21,39,22,61.7,38,12,51.5,14.0,78.8,114,7%,106,Trae Young,PG,56.5,36.5,5.4,1.0,22,52.4,37,10400,119.0,,WAS,239.0,PG,55.5,10400,1.0,ATL,5.34
2020-01-14,63.0,37.8,6.2,65.3,38.5,25,35,22,56.1,37,2,55.8,35.5,78.8,108,3%,104,Trae Young,PG,53.6,35.0,5.3,1.0,22,51.9,36,10200,113.8,,PHO,230.5,PG,50.8,10200,3.0,ATL,4.98
2020-01-17,56.3,34.8,5.5,65.6,38.9,23,35,22,58.6,37,6,58.4,35.5,78.8,110,7%,103,Trae Young,PG,53.4,36.5,5.2,2.0,22,52.2,37,10200,111.0,,SA,230.5,PG,51.3,10200,8.5,ATL,5.02
2020-01-18,37.5,27.4,3.7,65.5,39.2,21,36,21,57.4,36,26,57.1,35.5,78.8,110,3%,101,Trae Young,PG,51.7,35.0,5.1,0.0,22,52.3,36,10100,114.0,,DET,229.5,PG,49.8,10100,1.5,ATL,4.93
2020-01-20,73.0,39.0,7.7,65.2,38.7,16,31,21,54.5,34,24,54.2,35.5,78.8,101,-3%,103,Trae Young,PG,49.9,34.5,5.3,1.0,22,51.9,36,9500,110.0,,TOR,229.0,PG,48.0,9500,9.0,ATL,5.05
2020-01-24,56.5,33.7,6.0,66.0,39.0,18,33,19,53.0,34,8,53.1,35.5,73.0,106,1%,101,Trae Young,PG,50.6,35.0,5.4,1.0,22,52.5,36,9400,111.5,,OKC,231.0,PG,46.5,9400,8.0,ATL,4.95
2020-01-26,77.5,39.0,8.2,65.9,39.3,20,36,19,57.3,35,24,57.3,37.5,73.0,113,5%,105,Trae Young,PG,58.4,36.0,6.1,1.0,22,52.6,36,9500,121.3,,WAS,241.5,PG,57.0,9500,-1.0,ATL,6.0
2020-01-28,38.5,28.4,3.7,66.9,39.5,22,36,19,60.1,35,11,60.2,37.5,77.5,102,-2%,103,Trae Young,PG,53.3,36.5,5.2,1.0,22,53.2,36,10300,110.8,,TOR,234.0,PG,50.0,10300,12.5,ATL,4.85
2020-01-30,77.0,38.1,7.8,66.6,39.1,19,34,19,56.6,34,18,56.6,37.5,77.5,103,-7%,101,Trae Young,PG,51.2,35.5,5.2,1.0,22,52.9,36,9900,110.5,,PHI,228.0,PG,48.5,9900,7.0,ATL,4.9
2020-02-01,19.5,26.3,1.9,67.5,39.4,18,33,20,64.5,36,30,64.5,38.5,77.5,109,-6%,101,Trae Young,PG,55.5,36.5,5.4,1.0,22,53.4,36,10300,116.0,,DAL,236.0,PG,52.8,10300,4.0,ATL,5.12
2020-02-03,49.8,35.5,5.0,67.5,37.8,18,32,18,53.8,33,3,53.8,19.5,77.5,103,-10%,102,Trae Young,PG,51.8,36.0,5.2,1.0,21,52.6,36,10000,112.3,Q,BOS,229.5,PG,50.5,10000,5.0,ATL,5.05
