game_date,Actual FP,Actual Min,Actual Val,Ceil FP,Floor FP,L2 FGA,L2 Min,L5 FGA,L5 FP,L5 Min,L5_dvp_rank,L5_ppg_avg,L5_ppg_floor,L5_ppg_max,Opp DEff,Opp DvP,Opp Pace,Player Name,Pos,Proj FP,Proj Min,Proj Val,Rest,S FGA,S FP,S Min,Salary,implied_team_score,injury_status,opp,over_under,position,ppg_projection,salary,spread,team,value_projection
2019-10-23,10.8,21.2,2.7,0.0,0.0,0,0,0,0.0,0,5,18.9,6.5,36.5,112,-3%,103,Trevor Ariza,SF/PF,13.2,16.5,3.3,,0,0.0,0,4000,116.8,,PHO,232.5,SF,14.3,4000,-1.0,SAC,3.56
2019-10-25,5.8,21.2,1.6,10.8,10.8,5,21,5,10.8,21,3,13.7,6.5,20.5,108,4%,102,Trevor Ariza,SF/PF,17.5,21.5,4.9,1.0,5,10.8,21,3600,113.0,,POR,227.5,SF,16.8,3600,1.5,SAC,4.65
2019-10-26,8.3,23.6,2.3,11.8,4.7,5,21,5,8.3,21,5,10.8,5.8,18.3,103,-3%,103,Trevor Ariza,SF/PF,16.4,22.5,4.6,0.0,5,8.3,21,3600,106.0,,UTA,221.5,SF,16.3,3600,9.5,SAC,4.51
2019-10-28,21.8,22.9,6.1,10.8,5.8,3,22,4,8.3,22,4,8.8,5.8,12.5,107,0%,100,Trevor Ariza,SF/PF,15.7,21.5,4.4,1.0,4,8.3,22,3600,106.8,,DEN,218.5,SF,15.8,3600,5.0,SAC,4.38
2019-10-30,14.0,21.0,3.8,18.7,4.6,4,23,4,11.6,22,14,10.6,5.8,21.8,110,-1%,101,Trevor Ariza,SF/PF,17.1,22.0,4.6,1.0,4,11.6,22,3700,115.0,,CHA,223.0,SF,16.8,3700,-7.0,SAC,4.53
2019-11-01,9.8,32.4,2.9,18.3,5.9,5,22,4,12.1,22,6,12.1,5.8,21.8,103,-3%,103,Trevor Ariza,SF/PF,15.4,22.0,4.5,1.0,4,12.1,22,3400,105.0,,UTA,214.5,SF,15.3,3400,4.5,SAC,4.49
2019-11-03,15.3,24.8,4.5,17.3,6.1,2,27,3,11.9,24,29,11.9,5.8,21.8,111,2%,102,Trevor Ariza,SF/PF,16.5,23.5,4.9,1.0,3,11.7,24,3400,107.8,,NY,214.0,SF,15.0,3400,-1.5,SAC,4.41
2019-11-06,15.0,17.2,4.3,17.5,6.9,4,29,4,13.8,25,30,13.8,8.3,21.8,100,-2%,105,Trevor Ariza,SF/PF,16.9,24.0,4.8,2.0,4,12.2,24,3500,105.5,,TOR,218.5,SF,18.8,3500,7.5,SAC,5.36
2019-11-08,21.0,23.8,5.7,17.6,7.6,6,21,4,15.2,24,16,15.2,9.8,21.8,101,12%,104,Trevor Ariza,SF/PF,15.7,21.5,4.2,1.0,4,12.6,23,3700,114.3,,ATL,226.0,SF,17.3,3700,-2.5,SAC,4.66
2019-11-12,5.3,4.5,1.4,19.0,8.0,6,21,5,15.0,24,28,15.0,9.8,21.0,106,7%,106,Trevor Ariza,SF/PF,16.6,22.5,4.4,3.0,4,13.5,23,3800,110.0,,POR,222.0,SF,17.5,3800,2.0,SAC,4.61
2019-11-22,0.0,0.0,0.0,18.8,5.7,5,19,4,12.3,23,3,11.5,0.8,21.0,107,-15%,108,Trevor Ariza,SF/PF,0.0,0.0,0.0,2.0,4,12.2,22,3300,106.0,O,BKN,213.5,SF,0.0,3300,1.5,SAC,0.0
2019-11-24,0.0,0.0,0.0,18.8,5.7,5,19,4,12.3,23,20,11.5,0.8,21.0,113,4%,107,Trevor Ariza,SF/PF,0.0,0.0,0.0,1.0,4,12.2,22,3200,115.0,O,WAS,233.5,SF,0.0,3200,3.5,SAC,0.0
2019-11-25,0.0,0.0,0.0,18.8,5.7,5,19,4,12.3,23,26,11.5,0.8,21.0,101,-1%,103,Trevor Ariza,SF/PF,0.0,0.0,0.0,0.0,4,12.2,22,3100,98.8,O,BOS,204.5,SF,0.0,3100,7.0,SAC,0.0
2019-11-27,0.0,0.0,0.0,18.8,5.7,5,19,4,12.3,23,19,11.5,0.8,21.0,103,-6%,103,Trevor Ariza,SF/PF,0.0,0.0,0.0,1.0,4,12.2,22,3000,100.8,O,PHI,211.0,SF,0.0,3000,9.5,SAC,0.0
2019-12-04,26.0,35.2,8.7,18.2,4.8,3,14,5,11.3,19,6,9.3,0.8,21.0,108,7%,105,Trevor Ariza,SF/PF,12.3,17.5,4.1,1.0,4,11.5,21,3000,106.0,,POR,216.5,SF,12.8,3000,4.5,SAC,4.25
2019-12-06,25.0,28.8,7.6,20.3,5.1,7,24,5,13.4,21,6,11.5,0.8,26.0,111,7%,103,Trevor Ariza,SF/PF,13.3,19.5,4.0,1.0,5,12.7,23,3300,106.0,,SA,216.0,SF,17.3,3300,4.0,SAC,5.23
2019-12-08,18.8,25.4,4.7,21.7,5.6,8,32,6,15.4,23,17,12.3,0.8,26.0,107,8%,102,Trevor Ariza,SF/PF,16.8,25.0,4.2,1.0,5,13.7,23,4000,104.8,,DAL,217.5,SF,13.5,4000,8.0,SAC,3.38
2019-12-09,31.8,25.7,7.4,21.9,6.2,7,27,6,14.9,23,15,15.0,0.8,26.0,106,11%,108,Trevor Ariza,SF/PF,17.3,25.5,4.0,0.0,5,14.0,23,4300,106.5,,HOU,225.0,SF,20.0,4300,12.0,SAC,4.65
2019-12-11,16.3,29.5,3.6,24.0,6.4,9,26,7,21.1,26,17,21.2,4.3,31.8,105,0%,101,Trevor Ariza,SF/PF,13.1,19.5,2.9,1.0,5,15.2,23,4500,104.5,,OKC,207.5,SF,15.5,4500,-1.5,SAC,3.44
2019-12-13,6.3,23.9,1.7,23.8,6.7,6,28,7,23.6,29,21,23.6,16.3,31.8,111,-1%,100,Trevor Ariza,SF/PF,17.2,25.0,4.5,1.0,5,15.3,24,3800,109.3,,NY,210.0,SF,19.0,3800,-8.5,SAC,5.0
2019-12-15,18.8,26.4,5.4,23.3,6.2,4,27,6,19.6,27,28,19.6,6.3,31.8,110,5%,103,Trevor Ariza,SF/PF,15.6,23.5,4.5,1.0,5,14.7,24,3500,107.0,,GS,209.5,SF,18.3,3500,-4.5,SAC,5.21
2019-12-17,16.0,19.0,4.6,23.3,6.6,4,25,5,18.4,26,14,18.0,6.3,31.8,110,2%,100,Trevor Ariza,SF/PF,14.9,23.0,4.3,1.0,5,15.0,24,3500,105.5,,CHA,206.5,SF,16.3,3500,-4.5,SAC,4.64
2019-12-21,33.5,28.1,9.9,23.1,6.9,4,23,5,17.8,25,16,17.4,6.3,31.8,109,6%,106,Trevor Ariza,SF/PF,15.8,24.0,4.6,0.0,5,15.0,24,3400,111.8,,MEM,221.5,SF,15.8,3400,-2.0,SAC,4.63
2019-12-23,24.5,35.0,6.4,24.9,7.0,8,24,5,18.1,25,29,17.8,6.3,33.5,107,13%,106,Trevor Ariza,SF/PF,13.4,19.0,3.5,1.0,5,15.9,24,3800,112.3,,HOU,230.5,SF,18.0,3800,6.0,SAC,4.74
2019-12-26,19.8,33.6,5.0,25.2,7.5,10,32,6,19.8,27,4,19.4,6.3,33.5,109,8%,106,Trevor Ariza,SF/PF,14.5,20.5,3.6,2.0,5,16.3,24,4000,113.3,,MIN,221.5,SF,19.0,4000,-5.0,SAC,4.75
2019-12-29,15.0,17.4,3.6,25.2,7.8,6,34,6,22.5,28,18,22.1,16.0,33.5,102,-10%,100,Trevor Ariza,SF/PF,14.7,21.5,3.5,0.0,5,16.5,25,4200,100.0,Q,DEN,208.0,SF,22.0,4200,8.0,SAC,5.24
2020-01-02,19.0,25.4,5.0,24.6,7.3,4,20,6,19.6,27,8,19.6,5.0,33.5,110,7%,105,Trevor Ariza,SF/PF,14.3,20.5,3.8,1.0,5,16.0,24,3800,114.5,,MEM,224.5,SF,18.5,3800,-4.5,SAC,4.87
2020-01-04,16.8,32.0,4.3,24.6,7.6,3,24,5,16.6,27,7,16.7,5.0,24.5,109,1%,105,Trevor Ariza,SF/PF,19.4,27.5,5.0,1.0,5,16.1,25,3900,113.8,,NO,225.5,SF,18.5,3900,-2.0,SAC,4.74
2020-01-06,36.0,32.2,10.0,24.4,7.8,4,29,4,15.1,26,25,15.1,5.0,19.8,109,1%,102,Trevor Ariza,SF/PF,19.9,28.5,5.5,1.0,5,16.1,25,3600,111.8,,GS,213.0,SF,19.3,3600,-10.5,SAC,5.35
2020-01-07,31.8,30.8,9.1,25.9,7.8,7,32,5,18.4,26,9,18.4,5.0,36.0,109,5%,105,Trevor Ariza,SF/PF,21.2,31.5,6.1,0.0,5,16.8,25,3500,110.3,,PHO,226.5,SF,23.5,3500,6.0,SAC,6.71
2020-01-10,33.3,32.0,7.1,26.7,8.1,9,32,5,21.7,29,3,21.7,5.0,36.0,100,-8%,107,Trevor Ariza,SF/PF,20.9,31.0,4.4,2.0,5,17.4,25,4700,107.5,,MIL,224.0,SF,22.8,4700,9.0,SAC,4.84
2020-01-13,8.3,28.8,1.9,27.5,8.3,8,31,7,27.4,31,23,27.4,16.8,36.0,103,-8%,100,Trevor Ariza,SF/PF,21.2,31.0,4.8,2.0,5,17.9,26,4400,107.0,,ORL,212.0,SF,21.5,4400,-2.0,SAC,4.89
2020-01-15,9.8,18.9,2.3,27.2,8.0,7,30,7,25.2,31,11,25.2,8.3,36.0,108,1%,101,Trevor Ariza,SF/PF,21.0,31.0,5.0,1.0,5,17.6,26,4200,110.3,,DAL,225.0,SF,20.3,4200,4.5,SAC,4.82
2020-01-23,38.3,35.8,10.9,26.9,7.8,5,24,7,23.8,29,27,23.8,8.3,36.0,108,1%,101,Trevor Ariza,SF/PF,20.5,29.0,5.9,2.0,5,17.3,25,3500,110.8,,DAL,227.0,SF,22.8,3500,5.5,POR,6.5
2020-01-26,12.5,32.0,2.5,28.1,7.9,7,27,7,24.3,29,17,24.3,8.3,38.3,105,-16%,101,Trevor Ariza,SF/PF,21.1,31.5,4.2,2.0,6,18.0,26,5000,111.5,,IND,220.0,SF,24.3,5000,-3.0,POR,4.85
2020-01-29,33.0,38.3,6.7,27.8,7.9,9,34,7,20.4,30,26,20.4,8.3,38.3,107,7%,106,Trevor Ariza,SF/PF,22.5,31.5,4.6,2.0,6,17.8,26,4900,119.3,,HOU,242.5,SF,23.3,4900,4.0,POR,4.74
2020-01-31,23.5,39.1,4.7,28.4,8.1,11,35,8,20.4,31,16,20.4,8.3,38.3,103,-6%,103,Trevor Ariza,SF/PF,24.4,34.5,4.9,1.0,6,18.3,26,5000,109.3,,LAL,231.0,SF,25.0,5000,12.5,POR,5.0
2020-02-01,17.3,26.3,3.2,28.5,8.4,10,39,8,23.4,33,17,23.6,9.8,38.3,105,-7%,101,Trevor Ariza,SF/PF,22.9,33.5,4.2,0.0,6,18.4,27,5400,111.3,,UTA,228.0,SF,21.8,5400,5.5,POR,4.03
2020-02-04,17.0,26.9,3.5,28.3,8.5,6,33,9,24.9,34,17,25.1,12.5,38.3,106,-7%,100,Trevor Ariza,SF,22.2,33.0,4.6,2.0,6,18.4,27,4800,110.3,,DEN,225.5,SF,23.3,4800,5.0,POR,4.84
