game_date,Actual FP,Actual Min,Actual Val,Ceil FP,Floor FP,L2 FGA,L2 Min,L5 FGA,L5 FP,L5 Min,L5_dvp_rank,L5_ppg_avg,L5_ppg_floor,L5_ppg_max,Opp DEff,Opp DvP,Opp Pace,Player Name,Pos,Proj FP,Proj Min,Proj Val,Rest,S FGA,S FP,S Min,Salary,implied_team_score,injury_status,opp,over_under,position,ppg_projection,salary,spread,team,value_projection
2019-10-26,15.3,17.7,4.1,21.3,21.3,4,24,4,21.3,24,10,11.1,0.0,29.8,111,9%,104,Trey Lyles,PF,20.2,21.0,5.5,2.0,4,21.3,24,3700,115.5,,WAS,219.5,PF,19.0,3700,-11.5,SA,5.14
2019-10-28,15.0,24.6,4.1,22.5,14.0,5,21,5,18.3,21,30,8.2,0.0,21.3,108,-1%,102,Trey Lyles,PF,19.3,20.5,5.2,1.0,5,18.3,21,3700,114.8,,POR,223.0,PF,16.8,3700,-6.5,SA,4.53
2019-10-31,9.0,12.8,2.6,20.7,13.6,4,21,4,17.2,22,11,10.6,0.0,21.3,109,-1%,104,Trey Lyles,PF,19.1,22.0,5.5,2.0,4,17.2,22,3500,112.3,,LAC,229.0,PF,22.0,3500,4.5,SA,6.29
2019-11-01,22.0,28.2,6.5,20.1,10.1,2,19,3,15.1,20,6,12.1,0.0,21.3,107,-1%,103,Trey Lyles,PF,19.6,22.0,5.8,0.0,3,15.1,20,3400,114.3,,GS,222.0,PF,19.3,3400,-6.5,SA,5.66
2019-11-03,8.0,14.1,2.4,21.8,11.2,3,21,3,16.5,22,3,16.5,9.0,22.0,107,-3%,106,Trey Lyles,PF,18.7,22.5,5.7,1.0,3,16.5,22,3300,108.0,,LAL,218.0,PF,15.5,3300,2.0,SA,4.7
2019-11-05,27.0,19.7,8.4,21.0,9.2,4,21,3,13.8,20,23,13.9,8.0,22.0,101,-25%,103,Trey Lyles,PF,16.4,20.0,5.1,1.0,3,15.1,20,3200,113.5,,ATL,221.5,PF,18.3,3200,-5.5,SA,5.7
2019-11-07,15.5,20.6,4.2,23.8,9.8,4,17,3,16.2,20,10,16.2,8.0,27.0,97,-16%,104,Trey Lyles,PF,16.9,19.5,4.6,1.0,3,16.8,20,3700,109.0,,OKC,212.5,PF,17.3,3700,-5.5,SA,4.66
2019-11-11,18.3,18.1,4.6,23.7,10.9,5,21,4,19.0,21,8,19.0,8.0,27.0,109,0%,109,Trey Lyles,PF,17.7,20.0,4.4,1.0,4,17.3,20,4000,117.0,,MEM,223.5,PF,19.0,4000,-10.5,SA,4.75
2019-11-13,18.8,22.0,5.1,23.4,11.3,5,20,4,18.3,19,16,18.3,8.0,27.0,104,1%,109,Trey Lyles,PF,16.3,20.0,4.4,1.0,4,17.4,20,3700,112.5,,MIN,227.0,PF,17.8,3700,2.0,SA,4.8
2019-11-15,23.0,27.4,6.1,23.2,11.8,4,20,4,20.4,20,15,20.4,15.5,27.0,99,0%,100,Trey Lyles,PF,16.4,20.5,4.3,1.0,4,17.5,20,3800,103.8,,ORL,210.5,PF,18.5,3800,3.0,SA,4.87
2019-11-16,13.3,20.1,3.8,23.7,12.3,5,25,5,19.6,22,30,19.6,15.5,23.0,107,-6%,106,Trey Lyles,PF,19.2,21.5,5.5,0.0,4,18.0,21,3500,113.3,,POR,225.5,PF,20.3,3500,-1.0,SA,5.79
2019-11-18,4.3,11.3,1.1,23.2,12.0,5,24,4,19.1,22,26,19.2,13.3,23.0,108,6%,103,Trey Lyles,PF,16.4,20.5,4.3,1.0,4,17.6,21,3800,109.5,,DAL,223.5,PF,20.5,3800,4.5,SA,5.39
2019-11-20,5.0,6.9,1.4,23.1,10.2,3,16,4,15.5,20,24,15.5,4.3,23.0,112,-1%,107,Trey Lyles,PF,13.0,15.5,3.7,1.0,4,16.6,20,3500,120.0,,WAS,237.5,PF,20.8,3500,-2.5,SA,5.93
2019-11-22,1.3,2.3,0.4,23.1,10.2,3,16,4,15.5,20,9,12.9,4.3,23.0,103,-13%,104,Trey Lyles,PF,0.0,0.0,0.0,1.0,4,16.6,20,3300,106.8,,PHI,220.5,PF,14.8,3300,7.0,SA,4.47
2019-11-23,16.0,15.3,5.0,22.8,9.0,2,9,3,12.8,18,7,9.4,1.3,23.0,109,-1%,101,Trey Lyles,PF,0.0,0.0,0.0,0.0,4,15.9,19,3200,109.8,,NY,217.0,PF,9.0,3200,-2.5,SA,2.81
2019-11-25,15.0,16.7,4.7,22.6,9.2,3,11,4,12.3,16,11,8.0,1.3,16.0,99,-12%,103,Trey Lyles,PF/C,0.0,0.0,0.0,1.0,4,15.9,19,3200,108.8,,LAL,222.0,PF,8.8,3200,4.5,SA,2.73
2019-11-27,5.3,5.8,1.7,22.3,9.4,4,16,3,10.7,14,28,8.3,1.3,16.0,105,-5%,107,Trey Lyles,PF/C,13.3,16.0,4.2,1.0,4,15.8,19,3200,116.8,,MIN,230.5,PF,13.5,3200,-3.0,SA,4.22
2019-11-29,22.5,16.9,7.0,22.0,8.5,2,11,2,9.1,11,14,8.5,1.3,16.0,103,-12%,105,Trey Lyles,PF/C,10.9,13.5,3.4,1.0,3,15.2,18,3200,110.3,,LAC,225.5,PF,9.3,3200,5.0,SA,2.89
2019-12-03,28.8,19.6,8.5,22.1,8.7,8,17,5,13.9,14,21,13.9,5.3,22.5,106,5%,108,Trey Lyles,PF/C,15.3,17.5,4.5,1.0,4,15.4,18,3400,113.3,,HOU,233.5,PF,16.5,3400,7.0,SA,4.85
2019-12-06,8.0,14.8,1.9,23.1,8.9,7,18,5,16.4,15,17,16.5,5.3,28.8,108,-14%,100,Trey Lyles,PF/C,11.4,14.5,2.7,2.0,4,16.0,18,4200,110.0,,SAC,216.0,PF,14.3,4200,-4.0,SA,3.39
2019-12-12,5.5,5.0,1.4,22.8,8.5,5,17,5,15.1,15,15,15.1,5.3,28.8,112,4%,101,Trey Lyles,PF/C,12.1,14.5,3.1,5.0,4,15.6,18,3900,115.3,,CLE,218.5,PF,13.0,3900,-12.0,SA,3.33
2019-12-16,13.5,19.6,3.8,22.5,8.1,4,11,5,14.1,15,24,14.1,5.5,28.8,107,5%,106,Trey Lyles,PF/C,14.0,16.0,3.9,1.0,4,15.3,17,3600,111.3,,HOU,232.5,PF,15.5,3600,10.0,SA,4.31
2019-12-19,8.0,10.6,2.4,22.2,8.2,5,18,5,14.6,15,24,14.6,5.5,28.8,105,-1%,105,Trey Lyles,PF/C,13.6,16.0,4.0,2.0,4,15.2,17,3400,111.8,,BKN,219.5,PF,15.3,3400,-4.0,SA,4.49
2019-12-21,6.5,13.6,2.1,22.0,7.9,5,15,4,10.4,13,11,10.5,5.5,17.3,103,-4%,106,Trey Lyles,PF/C,11.0,12.5,3.5,1.0,4,14.9,17,3100,110.0,,LAC,227.0,PF,9.8,3100,7.0,SA,3.15
2019-12-23,36.5,25.1,12.2,21.7,7.5,3,12,4,10.2,13,13,10.2,5.5,17.3,109,3%,106,Trey Lyles,PF/C,11.9,13.5,4.0,1.0,4,14.6,17,3000,115.0,,MEM,229.0,PF,13.3,3000,-1.0,SA,4.42
2019-12-26,13.3,21.6,3.7,23.5,7.3,6,19,5,16.4,17,10,16.4,6.5,36.5,106,-2%,102,Trey Lyles,PF/C,15.8,18.5,4.4,2.0,4,15.4,17,3600,109.3,,DAL,226.0,PF,16.8,3600,7.5,SA,4.65
2019-12-28,19.8,20.0,5.7,23.3,7.4,8,23,5,15.6,18,22,15.6,6.5,36.5,109,3%,102,Trey Lyles,PF/C,16.5,19.0,4.7,1.0,4,15.3,18,3500,112.8,,DET,221.0,PF,16.0,3500,-4.5,SA,4.57
2019-12-31,10.3,15.0,2.9,23.3,7.6,5,21,5,16.8,18,4,16.8,6.5,36.5,109,-2%,103,Trey Lyles,PF/C,18.3,20.5,5.2,2.0,4,15.5,18,3500,113.8,,GS,216.5,PF,19.3,3500,-11.0,SA,5.5
2020-01-02,3.5,10.1,1.0,23.1,7.5,5,18,5,17.3,19,21,17.3,6.5,36.5,105,-11%,101,Trey Lyles,PF/C,15.8,19.0,4.6,1.0,4,15.3,18,3400,109.8,,OKC,217.0,PF,18.0,3400,-2.5,SA,5.29
2020-01-04,25.5,24.3,8.0,22.9,7.0,4,13,5,16.6,18,10,16.7,3.5,36.5,99,1%,107,Trey Lyles,PF/C,13.8,16.0,4.3,1.0,4,14.9,17,3200,108.3,,MIL,228.5,PF,17.5,3200,12.0,SA,5.47
2020-01-06,25.0,19.7,7.1,23.3,7.2,6,17,5,14.4,18,15,14.5,3.5,25.5,99,2%,107,Trey Lyles,PF/C,14.7,17.0,4.2,1.0,4,15.3,18,3500,110.0,,MIL,228.5,PF,16.5,3500,8.5,SA,4.71
2020-01-08,18.8,17.4,5.2,23.6,7.5,10,22,6,16.8,18,28,16.8,3.5,25.5,102,-2%,102,Trey Lyles,PF/C,15.6,18.5,4.3,1.0,5,15.6,18,3600,107.8,,BOS,222.5,PF,17.3,3600,7.0,SA,4.79
2020-01-10,8.8,16.0,2.5,23.6,7.7,8,19,6,16.6,17,24,16.6,3.5,25.5,110,-1%,106,Trey Lyles,PF/C,16.5,19.0,4.7,1.0,5,15.6,18,3500,114.8,,MEM,231.0,PF,17.0,3500,1.5,SA,4.86
2020-01-12,10.3,13.8,3.1,23.4,7.5,5,17,6,16.3,18,12,16.3,3.5,25.5,101,3%,102,Trey Lyles,PF/C,16.1,19.0,4.9,1.0,5,15.5,18,3300,107.8,,TOR,220.0,PF,15.0,3300,4.5,SA,4.55
2020-01-15,19.3,27.5,6.0,23.2,7.4,5,15,7,17.6,18,22,17.7,8.8,25.5,106,2%,101,Trey Lyles,PF/C,13.8,17.0,4.3,2.0,5,15.3,17,3200,107.3,,MIA,220.0,PF,15.3,3200,5.5,SA,4.77
2020-01-17,19.5,19.5,5.7,23.2,7.6,6,21,6,16.4,19,10,16.4,8.8,25.0,110,6%,106,Trey Lyles,PF/C,20.1,22.0,5.9,1.0,5,15.4,18,3400,119.5,,ATL,230.5,PF,21.8,3400,-8.5,SA,6.4
2020-01-19,17.5,20.6,3.8,23.4,8.1,5,24,5,15.3,19,23,15.3,8.8,19.5,106,1%,101,Trey Lyles,PF/C,18.0,21.0,3.9,1.0,5,15.8,18,4600,111.8,,MIA,225.5,PF,18.5,4600,2.0,SA,4.02
2020-01-22,10.8,15.8,2.6,23.2,8.3,5,21,5,15.9,20,13,16.0,10.3,19.5,110,6%,106,Trey Lyles,PF/C,16.0,18.5,3.9,1.0,5,15.8,18,4100,116.5,,NO,236.5,PF,16.5,4100,3.5,SA,4.02
2020-01-24,13.0,18.7,3.4,23.0,8.2,3,18,4,16.1,21,28,16.1,10.8,19.5,108,-1%,104,Trey Lyles,PF/C,15.1,17.5,4.0,1.0,5,15.6,18,3800,115.5,,PHO,226.5,PF,17.8,3800,-4.5,SA,4.67
2020-01-27,24.5,26.0,7.2,22.8,7.6,4,12,4,10.9,16,30,10.9,0.0,17.5,105,10%,102,Trey Lyles,PF/C,19.0,21.5,5.6,0.0,5,15.2,18,3400,105.8,,CHI,213.0,PF,20.3,3400,1.5,SA,5.96
2020-01-29,11.0,11.9,3.0,23.1,7.8,5,16,4,12.3,17,11,12.3,0.0,24.5,105,-5%,101,Trey Lyles,PF/C,19.1,22.5,5.2,1.0,5,15.4,18,3700,107.5,,UTA,220.5,PF,21.0,3700,5.5,SA,5.68
2020-02-01,19.8,27.6,5.0,22.8,7.5,7,19,5,11.8,16,23,11.9,0.0,24.5,111,7%,99,Trey Lyles,PF/C,15.1,17.0,3.8,2.0,5,15.1,18,4000,111.8,,CHA,214.5,PF,18.0,4000,-9.0,SA,4.5
2020-02-03,19.3,25.8,5.2,22.8,7.6,6,20,5,13.7,18,2,13.7,0.0,24.5,105,-5%,105,Trey Lyles,PF/C,13.9,16.5,3.8,1.0,5,15.2,18,3700,109.8,,LAC,228.5,PF,17.3,3700,9.0,SA,4.66
2020-02-04,4.8,16.7,1.5,23.0,8.0,7,27,6,14.9,19,15,14.9,0.0,24.5,103,-7%,103,Trey Lyles,PF/C,16.2,20.5,4.9,0.0,5,15.5,18,3300,107.5,,LAL,226.0,PF,15.3,3300,11.0,SA,4.62
