game_date,Actual FP,Actual Min,Actual Val,Ceil FP,Floor FP,L2 FGA,L2 Min,L5 FGA,L5 FP,L5 Min,L5_dvp_rank,L5_ppg_avg,L5_ppg_floor,L5_ppg_max,Opp DEff,Opp DvP,Opp Pace,Player Name,Pos,Proj FP,Proj Min,Proj Val,Rest,S FGA,S FP,S Min,Salary,implied_team_score,injury_status,opp,over_under,position,ppg_projection,salary,spread,team,value_projection
2019-10-23,38.0,30.0,4.8,0.0,0.0,0,0,0,0.0,0,9,42.2,34.3,53.3,110,0%,101,Zach LaVine,PG/SG,37.3,34.0,4.7,,0,0.0,0,7900,110.0,,CHA,216.5,PG,35.8,7900,-3.5,CHI,4.53
2019-10-25,59.5,33.4,8.0,38.0,38.0,17,30,17,38.0,30,16,39.1,34.3,49.8,106,-4%,99,Zach LaVine,PG/SG,37.9,33.0,5.1,1.0,17,38.0,30,7400,113.5,,MEM,225.0,PG,36.5,7400,-2.0,CHI,4.93
2019-10-26,17.8,30.3,2.3,64.0,33.5,20,32,20,48.8,32,28,43.7,34.3,59.5,104,-1%,103,Zach LaVine,PG/SG,35.9,33.0,4.7,0.0,20,48.8,32,7700,108.0,,TOR,219.0,PG,36.3,7700,3.0,CHI,4.71
2019-10-28,34.8,35.6,4.5,59.3,17.5,18,32,18,38.4,31,25,37.3,17.8,59.5,111,0%,102,Zach LaVine,PG/SG,38.3,33.0,5.0,1.0,18,38.4,31,7700,113.3,,NY,224.5,PG,38.0,7700,-2.0,CHI,4.94
2019-10-30,22.5,31.9,2.9,54.6,20.4,16,33,18,37.5,32,13,37.4,17.8,59.5,115,6%,99,Zach LaVine,PG/SG,37.9,33.5,4.9,1.0,18,37.5,32,7700,109.8,,CLE,217.5,PG,37.3,7700,-2.0,CHI,4.84
2019-11-01,35.3,32.2,4.8,50.8,18.2,16,34,17,34.5,32,15,34.5,17.8,59.5,107,-3%,100,Zach LaVine,PG/SG,35.1,32.5,4.8,1.0,17,34.5,32,7300,109.3,,DET,214.5,PG,35.5,7300,-4.0,CHI,4.86
2019-11-05,49.3,33.5,6.8,47.6,20.9,20,32,17,28.4,32,20,28.2,17.8,35.3,94,-16%,104,Zach LaVine,PG/SG,34.8,32.0,4.8,1.0,18,34.3,32,7300,104.8,,LAL,216.5,PG,33.5,7300,7.0,CHI,4.59
2019-11-06,32.0,30.9,4.4,49.6,22.7,19,33,18,34.8,33,4,34.5,22.5,49.3,101,-15%,103,Zach LaVine,PG/SG,37.6,32.5,5.2,0.0,18,36.1,32,7200,111.5,,ATL,222.0,PG,35.0,7200,-1.0,CHI,4.86
2019-11-09,24.3,32.1,3.3,48.3,23.0,14,32,16,34.2,32,2,34.0,22.5,49.3,112,-6%,110,Zach LaVine,PG/SG,39.3,32.0,5.4,2.0,17,35.7,32,7300,113.8,,HOU,234.0,PG,40.8,7300,6.5,CHI,5.58
2019-11-12,37.0,30.6,5.2,47.0,22.1,14,32,17,34.5,32,16,34.3,24.3,49.3,108,-6%,101,Zach LaVine,PG/SG,37.2,32.0,5.2,2.0,17,34.5,32,7100,109.5,,NY,212.5,PG,36.0,7100,-6.5,CHI,5.07
2019-11-14,46.8,32.8,6.6,46.6,22.9,18,31,17,34.9,32,23,34.7,24.3,49.3,101,12%,109,Zach LaVine,PG/SG,35.2,32.0,5.0,1.0,17,34.8,32,7100,109.0,,MIL,229.5,PG,36.3,7100,11.5,CHI,5.11
2019-11-18,26.5,27.9,3.8,47.6,24.8,22,33,18,36.3,32,26,36.3,24.3,46.8,99,6%,109,Zach LaVine,PG/SG,36.5,32.0,5.3,1.0,18,36.2,32,6900,111.0,,MIL,230.5,PG,37.8,6900,8.5,CHI,5.47
2019-11-20,14.3,27.8,2.1,47.6,24.8,22,33,18,36.3,32,13,35.2,24.3,46.8,110,5%,102,Zach LaVine,PG/SG,36.1,32.0,5.3,1.0,18,36.2,32,6800,112.0,,DET,223.0,PG,35.3,6800,-1.0,CHI,5.18
2019-11-22,24.3,29.4,3.6,46.2,21.9,14,28,18,33.1,30,9,33.2,14.3,46.8,98,-9%,104,Zach LaVine,PG/SG,32.6,31.5,4.9,1.0,17,34.1,32,6700,106.3,,MIA,217.0,PG,32.8,6700,4.5,CHI,4.89
2019-11-23,62.0,34.7,9.4,45.5,21.5,13,29,17,30.6,30,2,30.6,14.3,46.8,109,-1%,102,Zach LaVine,PG/SG,33.1,31.0,5.0,0.0,17,33.5,31,6600,110.0,,CHA,218.0,PG,34.0,6600,-2.0,CHI,5.15
2019-11-25,30.3,29.9,4.0,48.7,21.6,21,32,19,33.6,30,24,33.8,14.3,62.5,109,11%,106,Zach LaVine,PG/SG,36.0,32.0,4.8,1.0,18,35.1,32,7500,112.5,,POR,226.0,PG,38.0,7500,1.0,CHI,5.07
2019-11-27,58.8,36.2,8.3,48.0,21.7,21,32,16,31.4,30,25,31.6,14.3,62.5,112,9%,104,Zach LaVine,PG/SG,35.3,32.0,5.0,1.0,18,34.9,32,7100,109.0,,GS,216.0,PG,37.0,7100,-2.0,CHI,5.21
2019-11-29,47.5,38.0,6.8,50.0,22.2,19,33,18,37.9,32,15,38.0,14.3,62.5,109,8%,105,Zach LaVine,PG/SG,35.6,32.0,5.1,1.0,18,36.1,32,7000,110.5,,POR,227.5,PG,35.8,7000,6.5,CHI,5.11
2019-12-02,37.3,35.1,4.7,50.5,22.9,24,37,21,44.5,34,8,44.7,24.3,62.5,107,-5%,100,Zach LaVine,PG/SG,37.9,34.0,4.8,2.0,18,36.7,32,7900,103.3,,SAC,211.5,PG,37.8,7900,5.0,CHI,4.78
2019-12-04,40.0,33.5,5.0,50.2,23.3,19,37,20,47.1,35,16,47.3,30.3,62.5,110,8%,106,Zach LaVine,PG/SG,41.3,34.5,5.2,1.0,18,36.7,32,8000,114.8,,MEM,223.0,PG,42.0,8000,-6.5,CHI,5.25
2019-12-06,38.0,34.2,4.9,50.0,23.7,13,34,17,42.8,35,29,42.8,30.3,58.8,111,9%,103,Zach LaVine,PG/SG,38.9,34.0,5.0,1.0,18,36.9,32,7800,110.3,,GS,216.0,PG,40.5,7800,-4.5,CHI,5.19
2019-12-08,31.0,40.5,3.9,49.8,24.1,17,34,19,44.3,35,5,44.3,37.3,58.8,102,-8%,102,Zach LaVine,PG/SG,35.1,33.0,4.4,1.0,18,36.9,32,7900,103.3,,MIA,213.5,PG,37.3,7900,7.0,CHI,4.72
2019-12-09,48.8,34.3,6.4,49.3,24.1,20,37,18,38.8,36,16,38.8,31.0,47.5,101,-3%,104,Zach LaVine,PG/SG,38.5,34.0,5.1,0.0,18,36.7,33,7600,104.3,,TOR,214.5,PG,38.8,7600,6.0,CHI,5.1
2019-12-11,49.5,25.5,6.3,49.7,24.6,19,37,17,39.0,36,19,39.0,31.0,48.8,111,-2%,105,Zach LaVine,PG/SG,40.4,33.5,5.1,1.0,18,37.1,33,7900,113.8,,ATL,221.0,PG,41.0,7900,-6.5,CHI,5.19
2019-12-13,26.5,35.3,3.3,49.7,24.6,19,37,17,39.0,36,8,41.5,31.0,49.5,111,-1%,101,Zach LaVine,PG/SG,40.0,33.5,5.0,1.0,18,37.1,33,8000,109.8,Q,CHA,212.5,PG,39.3,8000,-7.0,CHI,4.91
2019-12-14,43.5,36.1,5.7,49.2,24.2,19,35,18,36.9,36,1,38.8,26.5,49.5,103,2%,106,Zach LaVine,PG/SG,37.9,34.0,5.0,0.0,18,36.7,33,7600,105.5,,LAC,214.5,PG,37.3,7600,3.5,CHI,4.9
2019-12-16,49.5,34.5,6.6,49.3,24.7,20,36,19,37.5,36,8,39.9,26.5,49.5,105,-2%,101,Zach LaVine,PG/SG,36.4,34.5,4.9,1.0,18,37.0,33,7500,101.5,,OKC,208.0,PG,37.0,7500,5.0,CHI,4.93
2019-12-18,42.8,43.8,5.3,49.8,25.1,23,35,20,39.9,36,17,43.6,26.5,49.5,115,9%,107,Zach LaVine,PG/SG,41.5,34.5,5.1,1.0,18,37.4,33,8100,113.8,,WAS,229.0,PG,43.0,8100,1.5,CHI,5.31
2019-12-21,48.8,36.8,6.2,49.8,25.5,24,39,21,42.2,37,27,42.4,26.5,49.5,108,9%,102,Zach LaVine,PG/SG,39.2,34.5,5.0,2.0,18,37.6,33,7900,105.8,Q,DET,213.5,PG,39.0,7900,2.0,CHI,4.94
2019-12-23,42.0,38.2,5.3,50.1,25.9,19,40,21,42.2,37,27,42.2,26.5,49.5,106,-3%,100,Zach LaVine,PG/SG,38.4,35.0,4.8,1.0,18,38.0,34,8000,101.0,Q,ORL,207.0,PG,39.5,8000,5.0,CHI,4.94
2019-12-28,38.3,30.0,4.7,50.0,26.2,21,38,22,45.3,38,7,45.3,42.0,49.5,111,0%,106,Zach LaVine,PG/SG,44.0,36.0,5.4,4.0,19,38.1,34,8200,113.0,Q,ATL,216.5,PG,44.8,8200,-9.5,CHI,5.46
2019-12-30,32.5,32.6,3.9,49.9,26.4,21,34,21,44.3,37,4,44.3,38.3,49.5,99,1%,107,Zach LaVine,PG/SG,39.8,35.0,4.8,1.0,18,38.1,34,8300,105.5,,MIL,219.5,PG,41.3,8300,8.5,CHI,4.97
2020-01-02,42.0,38.5,5.5,49.5,26.4,19,31,20,40.9,36,8,40.9,32.5,48.8,104,-1%,102,Zach LaVine,PG/SG,38.1,35.0,4.9,2.0,19,38.0,34,7700,103.0,Q,UTA,209.5,PG,38.0,7700,3.5,CHI,4.94
2020-01-04,52.5,38.0,7.0,49.5,26.6,25,36,21,40.7,35,28,40.7,32.5,48.8,102,-9%,101,Zach LaVine,PG/SG,40.2,35.5,5.4,1.0,19,38.1,34,7500,104.5,Q,BOS,208.0,PG,38.3,7500,-1.0,CHI,5.1
2020-01-06,45.8,38.8,5.9,50.0,27.0,24,38,22,41.5,36,24,41.5,32.5,52.5,107,-8%,102,Zach LaVine,PG/SG,40.3,36.0,5.2,1.0,19,38.5,34,7700,104.8,Q,DAL,217.5,PG,39.0,7700,8.0,CHI,5.06
2020-01-08,51.3,36.8,5.8,50.1,27.3,22,38,22,42.2,36,4,42.2,32.5,52.5,110,6%,105,Zach LaVine,PG/SG,44.3,37.5,5.0,1.0,19,38.7,34,8900,110.3,,NO,224.5,PG,43.0,8900,4.0,CHI,4.83
2020-01-10,56.5,37.8,6.8,50.5,27.6,24,38,23,44.8,37,21,44.8,32.5,52.5,105,0%,101,Zach LaVine,PG/SG,43.5,37.5,5.2,1.0,19,39.0,34,8300,107.3,,IND,213.0,PG,41.5,8300,-1.5,CHI,5.0
2020-01-11,44.5,35.8,5.4,51.1,27.8,24,37,23,49.6,38,9,49.6,42.0,56.5,110,4%,101,Zach LaVine,PG/SG,43.0,37.0,5.2,0.0,19,39.5,34,8300,105.8,,DET,215.5,PG,42.3,8300,4.0,CHI,5.09
2020-01-13,39.8,34.9,4.7,51.1,28.1,22,37,22,50.1,37,28,50.1,44.5,56.5,103,-7%,102,Zach LaVine,PG/SG,41.5,36.5,4.9,1.0,19,39.6,34,8500,102.8,,BOS,216.0,PG,40.5,8500,10.5,CHI,4.76
2020-01-15,52.8,32.6,5.7,51.0,28.2,20,35,22,47.5,37,3,47.6,39.8,56.5,113,7%,106,Zach LaVine,PG/SG,47.7,36.5,5.1,1.0,19,39.6,34,9300,117.3,,WAS,230.5,PG,45.8,9300,-4.0,CHI,4.92
2020-01-17,34.3,36.3,3.9,51.4,28.5,20,34,21,49.0,36,1,49.0,39.8,56.5,104,-7%,101,Zach LaVine,SG,43.0,36.0,4.9,1.0,19,39.9,34,8700,104.0,,PHI,215.0,SG,43.5,8700,7.0,CHI,5.0
2020-01-18,68.5,39.3,7.4,51.1,28.5,21,35,21,45.5,36,7,45.6,34.3,56.5,113,6%,101,Zach LaVine,SG,47.2,36.0,5.1,0.0,19,39.8,34,9200,109.8,,CLE,213.0,SG,45.0,9200,-6.5,CHI,4.89
2020-01-20,37.8,35.8,4.3,52.5,28.5,26,38,22,48.0,36,1,48.0,34.3,68.5,100,2%,107,Zach LaVine,SG,42.7,35.0,4.9,1.0,20,40.5,34,8700,105.3,,MIL,225.5,SG,42.8,8700,15.0,CHI,4.91
2020-01-22,34.8,33.1,3.9,52.3,28.5,25,38,22,46.6,36,5,46.6,34.3,68.5,108,2%,105,Zach LaVine,SG,46.3,36.0,5.1,1.0,20,40.4,34,9000,109.5,,MIN,220.0,SG,43.8,9000,1.0,CHI,4.86
2020-01-24,33.0,33.2,3.8,52.0,28.5,19,35,22,45.6,35,11,45.6,34.3,68.5,109,-3%,100,Zach LaVine,SG,48.7,36.0,5.5,1.0,20,40.3,34,8800,109.8,,SAC,217.5,SG,42.8,8800,-2.0,CHI,4.86
2020-01-25,72.5,39.4,7.9,51.8,28.4,20,33,22,41.6,36,21,41.7,33.0,68.5,114,6%,101,Zach LaVine,SG,46.4,36.0,5.0,0.0,20,40.1,34,9200,105.8,,CLE,213.0,SG,46.3,9200,1.5,CHI,5.03
2020-01-27,37.0,35.1,3.8,53.3,28.3,26,36,24,49.3,36,5,49.3,33.0,72.5,110,5%,102,Zach LaVine,SG,46.8,36.0,4.8,1.0,20,40.8,34,9800,107.3,,SA,213.0,SG,46.8,9800,-1.5,CHI,4.77
