Lineup Num,,Player Name,Actual FP,team,Pos,Salary,DFN_MinProj,Avg Proj,Avg Value Proj,Avg Skewed Min,Avg Skewed FP,Proj Min Enhanced,Avg Proj Stan,DFN_MinProj Stan,Proj Min Enhanced Stan,Avg Skewed FP Stan,Avg Value Proj Stan,Actual FP Stan,predictions
0,0,Chris Paul,50.0,OKC,PG,6300,33.0,37.4,5.9350000000000005,31.666666666666668,33.220000000000006,38.974736842105266,1.3761198692439893,1.0122333560562082,1.3184402706844192,1.0266004059199645,1.4000613965672144,2.0463905387599794,0.9904431669261824
0,1,Dennis Schroder,34.0,OKC,PG/SG,5700,32.5,32.2,5.65,27.0,28.520000000000003,38.75925925925926,0.9125221916042275,0.9616743538806641,1.3014829717014487,0.5927158801735608,1.1515289814558358,0.8891437491734954,0.6664215534320391
0,2,LeBron James,54.3,LAL,PG/SF,10100,35.5,53.6,5.300000000000001,34.333333333333336,54.36,55.42135922330097,2.8204049418909407,1.2650283669339295,2.6127293994856413,2.978157613213361,0.8463137348278277,2.357400613461347,2.2274599268335984
0,3,Lauri Markkanen,31.8,CHI,PF/C,5900,31.0,32.15,5.445,29.0,27.95,34.36724137931034,0.9080645216269218,0.8099973473540315,0.9558472014038394,0.5400958419447414,0.9727600512880022,0.7300223156053539,0.6511835102994213
0,4,Danny Green,16.3,LAL,SG/SF,3800,26.5,18.6,4.865,25.333333333333332,17.9,19.456578947368424,-0.2999640422228428,0.3549663277741335,-0.21756748773941356,-0.3876785163002275,0.4669747854473025,-0.3910605118065527,-0.2759154148059407
0,5,Daniel Theis,12.8,BOS,PF/C,4300,22.0,20.4,4.745,23.0,22.3,19.51304347826087,-0.13948792303984844,-0.10006469180576448,-0.21312393533071294,0.01851125248363966,0.3623295580319852,-0.6442082470285961,-0.144219446458777
0,6,Rui Hachimura,26.0,WAS,PF/C,5700,38.0,31.95,5.58,35.0,28.109999999999996,34.68857142857143,0.8902338417177001,1.5178233778116506,0.9811347029878302,0.5548663789914271,1.090485932130234,0.31052035438025327,0.6443256360697617
0,7,Jimmy Butler,68.3,MIA,SG/SF,8100,36.0,47.0,5.825,36.0,44.279999999999994,47.0,2.231992504886627,1.3155873691094737,1.9499991780566797,2.047613779272138,1.30413660476984,3.3699915543495207,1.6908645377164435
1,0,Dennis Schroder,34.0,OKC,PG/SG,5700,32.5,32.2,5.65,27.0,28.520000000000003,38.75925925925926,0.9125221916042275,0.9616743538806641,1.3014829717014487,0.5927158801735608,1.1515289814558358,0.8891437491734954,0.6664215534320391
1,1,Collin Sexton,25.3,CLE,PG/SG,5400,32.0,27.85,5.15,32.0,28.209999999999997,27.85,0.5247049035786572,0.9111153517051199,0.4429641016702877,0.564097964645606,0.7155072005586809,0.25989080733584463,0.3759115821594758
1,2,Kentavious Caldwell-Pope,15.0,LAL,SG/SF,3800,28.5,19.7,5.195,27.333333333333332,16.759999999999998,20.540853658536584,-0.20189530272212405,0.5572023364763103,-0.13223902705173,-0.49291859275786576,0.7547491608394248,-0.4850868134604546,-0.22826021894082718
1,3,Rui Hachimura,26.0,WAS,PF/C,5700,38.0,31.95,5.58,35.0,28.109999999999996,34.68857142857143,0.8902338417177001,1.5178233778116506,0.9811347029878302,0.5548663789914271,1.090485932130234,0.31052035438025327,0.6443256360697617
1,4,Khris Middleton,35.0,MIL,SG/SF,6300,29.0,32.9,5.2,23.0,31.2,41.482608695652175,0.9749295712865028,0.6077613386518546,1.5158006284064738,0.8401223757055521,0.7591093786483962,0.9614716735226507,0.7632155416986355
1,5,Jimmy Butler,68.3,MIA,SG/SF,8100,36.0,47.0,5.825,36.0,44.279999999999994,47.0,2.231992504886627,1.3155873691094737,1.9499991780566797,2.047613779272138,1.30413660476984,3.3699915543495207,1.6908645377164435
1,6,Jerami Grant,11.5,DEN,PF/C,3600,21.5,16.8,4.68,22.0,17.66,16.418181818181818,-0.46044016140583743,-0.1506236939813087,-0.45667824751361363,-0.4098343218702564,0.3056467265153547,-0.738234548682498,-0.40005656251313026
1,7,Giannis Antetokounmpo,46.8,MIL,SF/PF,11300,34.0,62.9,5.58,29.333333333333332,62.379999999999995,72.90681818181818,3.649531557669746,1.1133513604072967,3.9887711737519655,3.7185307826784997,1.090485932130234,1.8149411808426825,2.905887257437942
2,0,Dennis Schroder,34.0,OKC,PG/SG,5700,32.5,32.2,5.65,27.0,28.520000000000003,38.75925925925926,0.9125221916042275,0.9616743538806641,1.3014829717014487,0.5927158801735608,1.1515289814558358,0.8891437491734954,0.6664215534320391
2,1,Jimmy Butler,68.3,MIA,SG/SF,8100,36.0,47.0,5.825,36.0,44.279999999999994,47.0,2.231992504886627,1.3155873691094737,1.9499991780566797,2.047613779272138,1.30413660476984,3.3699915543495207,1.6908645377164435
2,2,Danny Green,16.3,LAL,SG/SF,3800,26.5,18.6,4.865,25.333333333333332,17.9,19.456578947368424,-0.2999640422228428,0.3549663277741335,-0.21756748773941356,-0.3876785163002275,0.4669747854473025,-0.3910605118065527,-0.2759154148059407
2,3,Jerami Grant,11.5,DEN,PF/C,3600,21.5,16.8,4.68,22.0,17.66,16.418181818181818,-0.46044016140583743,-0.1506236939813087,-0.45667824751361363,-0.4098343218702564,0.3056467265153547,-0.738234548682498,-0.40005656251313026
2,4,Chris Paul,50.0,OKC,PG,6300,33.0,37.4,5.9350000000000005,31.666666666666668,33.220000000000006,38.974736842105266,1.3761198692439893,1.0122333560562082,1.3184402706844192,1.0266004059199645,1.4000613965672144,2.0463905387599794,0.9904431669261824
2,5,Lauri Markkanen,31.8,CHI,PF/C,5900,31.0,32.15,5.445,29.0,27.95,34.36724137931034,0.9080645216269218,0.8099973473540315,0.9558472014038394,0.5400958419447414,0.9727600512880022,0.7300223156053539,0.6511835102994213
2,6,Kelly Olynyk,13.8,MIA,PF/C,4600,26.5,25.95,5.635,28.666666666666668,24.17,23.988662790697674,0.35531344444105156,0.3549663277741335,0.13909096244446265,0.1911419042167832,1.1384483280289208,-0.5718803226794409,0.17255323214073473
2,7,Giannis Antetokounmpo,46.8,MIL,SF/PF,11300,34.0,62.9,5.58,29.333333333333332,62.379999999999995,72.90681818181818,3.649531557669746,1.1133513604072967,3.9887711737519655,3.7185307826784997,1.090485932130234,1.8149411808426825,2.905887257437942
3,0,Dennis Schroder,34.0,OKC,PG/SG,5700,32.5,32.2,5.65,27.0,28.520000000000003,38.75925925925926,0.9125221916042275,0.9616743538806641,1.3014829717014487,0.5927158801735608,1.1515289814558358,0.8891437491734954,0.6664215534320391
3,1,Khris Middleton,35.0,MIL,SG/SF,6300,29.0,32.9,5.2,23.0,31.2,41.482608695652175,0.9749295712865028,0.6077613386518546,1.5158006284064738,0.8401223757055521,0.7591093786483962,0.9614716735226507,0.7632155416986355
3,2,Giannis Antetokounmpo,46.8,MIL,SF/PF,11300,34.0,62.9,5.58,29.333333333333332,62.379999999999995,72.90681818181818,3.649531557669746,1.1133513604072967,3.9887711737519655,3.7185307826784997,1.090485932130234,1.8149411808426825,2.905887257437942
3,3,Lauri Markkanen,31.8,CHI,PF/C,5900,31.0,32.15,5.445,29.0,27.95,34.36724137931034,0.9080645216269218,0.8099973473540315,0.9558472014038394,0.5400958419447414,0.9727600512880022,0.7300223156053539,0.6511835102994213
3,4,Danny Green,16.3,LAL,SG/SF,3800,26.5,18.6,4.865,25.333333333333332,17.9,19.456578947368424,-0.2999640422228428,0.3549663277741335,-0.21756748773941356,-0.3876785163002275,0.4669747854473025,-0.3910605118065527,-0.2759154148059407
3,5,Josh Okogie,16.8,MIN,SG/SF,3700,28.0,18.8,5.08,23.0,19.240000000000002,22.886956521739133,-0.28213336231362124,0.5066433343007661,0.052390701807632264,-0.2639752685342313,0.654464151233079,-0.3548965496319751,-0.25372460065264857
3,6,Wendell Carter Jr.,26.0,CHI,PF/C,6600,33.5,35.05,5.29,32.666666666666664,31.369999999999997,35.944132653061224,1.1666093803106352,1.0627923582317524,1.0799427868445806,0.8558160713176559,0.837593299209884,0.31052035438025327,0.8712217853944279
3,7,Chris Paul,50.0,OKC,PG,6300,33.0,37.4,5.9350000000000005,31.666666666666668,33.220000000000006,38.974736842105266,1.3761198692439893,1.0122333560562082,1.3184402706844192,1.0266004059199645,1.4000613965672144,2.0463905387599794,0.9904431669261824
4,0,LeBron James,54.3,LAL,PG/SF,10100,35.5,53.6,5.300000000000001,34.333333333333336,54.36,55.42135922330097,2.8204049418909407,1.2650283669339295,2.6127293994856413,2.978157613213361,0.8463137348278277,2.357400613461347,2.2274599268335984
4,1,Dennis Schroder,34.0,OKC,PG/SG,5700,32.5,32.2,5.65,27.0,28.520000000000003,38.75925925925926,0.9125221916042275,0.9616743538806641,1.3014829717014487,0.5927158801735608,1.1515289814558358,0.8891437491734954,0.6664215534320391
4,2,Josh Okogie,16.8,MIN,SG/SF,3700,28.0,18.8,5.08,23.0,19.240000000000002,22.886956521739133,-0.28213336231362124,0.5066433343007661,0.052390701807632264,-0.2639752685342313,0.654464151233079,-0.3548965496319751,-0.25372460065264857
4,3,Kelly Olynyk,13.8,MIA,PF/C,4600,26.5,25.95,5.635,28.666666666666668,24.17,23.988662790697674,0.35531344444105156,0.3549663277741335,0.13909096244446265,0.1911419042167832,1.1384483280289208,-0.5718803226794409,0.17255323214073473
4,4,Kris Dunn,23.5,CHI,PG/SF,4900,27.5,25.0,5.075,24.666666666666668,19.94,27.871621621621617,0.27061771487224895,0.4560843321252219,0.444665644343506,-0.19935416895497982,0.6501039334241075,0.12970054350736512,0.16008449785668222
4,5,Jimmy Butler,68.3,MIA,SG/SF,8100,36.0,47.0,5.825,36.0,44.279999999999994,47.0,2.231992504886627,1.3155873691094737,1.9499991780566797,2.047613779272138,1.30413660476984,3.3699915543495207,1.6908645377164435
4,6,Lauri Markkanen,31.8,CHI,PF/C,5900,31.0,32.15,5.445,29.0,27.95,34.36724137931034,0.9080645216269218,0.8099973473540315,0.9558472014038394,0.5400958419447414,0.9727600512880022,0.7300223156053539,0.6511835102994213
4,7,Chris Paul,50.0,OKC,PG,6300,33.0,37.4,5.9350000000000005,31.666666666666668,33.220000000000006,38.974736842105266,1.3761198692439893,1.0122333560562082,1.3184402706844192,1.0266004059199645,1.4000613965672144,2.0463905387599794,0.9904431669261824
5,0,Will Barton,13.3,DEN,PG/SF,6100,34.0,30.05,4.95,32.666666666666664,32.79,31.2765306122449,0.7208423825800949,1.1133513604072967,0.71261954934469,0.986904587606995,0.5410984881998188,-0.6080442848540185,0.5693345853956837
5,1,Kentavious Caldwell-Pope,15.0,LAL,SG/SF,3800,28.5,19.7,5.195,27.333333333333332,16.759999999999998,20.540853658536584,-0.20189530272212405,0.5572023364763103,-0.13223902705173,-0.49291859275786576,0.7547491608394248,-0.4850868134604546,-0.22826021894082718
5,2,Jimmy Butler,68.3,MIA,SG/SF,8100,36.0,47.0,5.825,36.0,44.279999999999994,47.0,2.231992504886627,1.3155873691094737,1.9499991780566797,2.047613779272138,1.30413660476984,3.3699915543495207,1.6908645377164435
5,3,Lauri Markkanen,31.8,CHI,PF/C,5900,31.0,32.15,5.445,29.0,27.95,34.36724137931034,0.9080645216269218,0.8099973473540315,0.9558472014038394,0.5400958419447414,0.9727600512880022,0.7300223156053539,0.6511835102994213
5,4,Danny Green,16.3,LAL,SG/SF,3800,26.5,18.6,4.865,25.333333333333332,17.9,19.456578947368424,-0.2999640422228428,0.3549663277741335,-0.21756748773941356,-0.3876785163002275,0.4669747854473025,-0.3910605118065527,-0.2759154148059407
5,5,LeBron James,54.3,LAL,PG/SF,10100,35.5,53.6,5.300000000000001,34.333333333333336,54.36,55.42135922330097,2.8204049418909407,1.2650283669339295,2.6127293994856413,2.978157613213361,0.8463137348278277,2.357400613461347,2.2274599268335984
5,6,Rui Hachimura,26.0,WAS,PF/C,5700,38.0,31.95,5.58,35.0,28.109999999999996,34.68857142857143,0.8902338417177001,1.5178233778116506,0.9811347029878302,0.5548663789914271,1.090485932130234,0.31052035438025327,0.6443256360697617
5,7,Chris Paul,50.0,OKC,PG,6300,33.0,37.4,5.9350000000000005,31.666666666666668,33.220000000000006,38.974736842105266,1.3761198692439893,1.0122333560562082,1.3184402706844192,1.0266004059199645,1.4000613965672144,2.0463905387599794,0.9904431669261824
6,0,Jamal Murray,23.8,DEN,PG/SG,6400,33.5,33.9,5.295,34.333333333333336,35.38,33.07718446601941,1.064082970832611,1.0627923582317524,0.8543244327947431,1.226002656050226,0.8419535170188555,0.15139892081211176,0.801830464543009
6,1,Jimmy Butler,68.3,MIA,SG/SF,8100,36.0,47.0,5.825,36.0,44.279999999999994,47.0,2.231992504886627,1.3155873691094737,1.9499991780566797,2.047613779272138,1.30413660476984,3.3699915543495207,1.6908645377164435
6,2,Danny Green,16.3,LAL,SG/SF,3800,26.5,18.6,4.865,25.333333333333332,17.9,19.456578947368424,-0.2999640422228428,0.3549663277741335,-0.21756748773941356,-0.3876785163002275,0.4669747854473025,-0.3910605118065527,-0.2759154148059407
6,3,Rui Hachimura,26.0,WAS,PF/C,5700,38.0,31.95,5.58,35.0,28.109999999999996,34.68857142857143,0.8902338417177001,1.5178233778116506,0.9811347029878302,0.5548663789914271,1.090485932130234,0.31052035438025327,0.6443256360697617
6,4,LeBron James,54.3,LAL,PG/SF,10100,35.5,53.6,5.300000000000001,34.333333333333336,54.36,55.42135922330097,2.8204049418909407,1.2650283669339295,2.6127293994856413,2.978157613213361,0.8463137348278277,2.357400613461347,2.2274599268335984
6,5,Khris Middleton,35.0,MIL,SG/SF,6300,29.0,32.9,5.2,23.0,31.2,41.482608695652175,0.9749295712865028,0.6077613386518546,1.5158006284064738,0.8401223757055521,0.7591093786483962,0.9614716735226507,0.7632155416986355
6,6,Lauri Markkanen,31.8,CHI,PF/C,5900,31.0,32.15,5.445,29.0,27.95,34.36724137931034,0.9080645216269218,0.8099973473540315,0.9558472014038394,0.5400958419447414,0.9727600512880022,0.7300223156053539,0.6511835102994213
6,7,Josh Okogie,16.8,MIN,SG/SF,3700,28.0,18.8,5.08,23.0,19.240000000000002,22.886956521739133,-0.28213336231362124,0.5066433343007661,0.052390701807632264,-0.2639752685342313,0.654464151233079,-0.3548965496319751,-0.25372460065264857
7,0,Chris Paul,50.0,OKC,PG,6300,33.0,37.4,5.9350000000000005,31.666666666666668,33.220000000000006,38.974736842105266,1.3761198692439893,1.0122333560562082,1.3184402706844192,1.0266004059199645,1.4000613965672144,2.0463905387599794,0.9904431669261824
7,1,Malik Monk,10.3,CHA,PG/SG,3900,18.0,16.65,4.26,20.0,16.630000000000003,14.984999999999998,-0.47381317133775386,-0.5045367092101182,-0.5694644235365498,-0.5049196541082978,-0.06061156943825542,-0.8250280579014844,-0.3957180246762419
7,2,Kentavious Caldwell-Pope,15.0,LAL,SG/SF,3800,28.5,19.7,5.195,27.333333333333332,16.759999999999998,20.540853658536584,-0.20189530272212405,0.5572023364763103,-0.13223902705173,-0.49291859275786576,0.7547491608394248,-0.4850868134604546,-0.22826021894082718
7,3,Giannis Antetokounmpo,46.8,MIL,SF/PF,11300,34.0,62.9,5.58,29.333333333333332,62.379999999999995,72.90681818181818,3.649531557669746,1.1133513604072967,3.9887711737519655,3.7185307826784997,1.090485932130234,1.8149411808426825,2.905887257437942
7,4,Dennis Schroder,34.0,OKC,PG/SG,5700,32.5,32.2,5.65,27.0,28.520000000000003,38.75925925925926,0.9125221916042275,0.9616743538806641,1.3014829717014487,0.5927158801735608,1.1515289814558358,0.8891437491734954,0.6664215534320391
7,5,Rui Hachimura,26.0,WAS,PF/C,5700,38.0,31.95,5.58,35.0,28.109999999999996,34.68857142857143,0.8902338417177001,1.5178233778116506,0.9811347029878302,0.5548663789914271,1.090485932130234,0.31052035438025327,0.6443256360697617
7,6,Dewayne Dedmon,0.3,SAC,C,3100,13.0,13.05,4.199999999999999,14.0,13.01,12.117857142857144,-0.7947654097037428,-1.0101267309655604,-0.7950980974125278,-0.8391030547895704,-0.11293418314591445,-1.548307301393037,-0.6551427480574997
7,7,LeBron James,54.3,LAL,PG/SF,10100,35.5,53.6,5.300000000000001,34.333333333333336,54.36,55.42135922330097,2.8204049418909407,1.2650283669339295,2.6127293994856413,2.978157613213361,0.8463137348278277,2.357400613461347,2.2274599268335984
8,0,Coby White,22.8,CHI,PG/SG,4800,23.5,22.05,4.5649999999999995,23.666666666666668,20.63,21.894718309859154,0.007615186211230109,0.05161231472086818,-0.02569482244479807,-0.13565622794114635,0.20536171690900887,0.0790709964629565,-0.019771570347627866
8,1,Khris Middleton,35.0,MIL,SG/SF,6300,29.0,32.9,5.2,23.0,31.2,41.482608695652175,0.9749295712865028,0.6077613386518546,1.5158006284064738,0.8401223757055521,0.7591093786483962,0.9614716735226507,0.7632155416986355
8,2,Davis Bertans,41.0,WAS,SF/PF,5700,35.5,29.4,5.155,33.333333333333336,27.160000000000004,31.310999999999996,0.6628926728751244,1.2650283669339295,0.715332164300747,0.4671663152767293,0.7198674183676523,1.3954392196175822,0.49201582913243713
8,3,Giannis Antetokounmpo,46.8,MIL,SF/PF,11300,34.0,62.9,5.58,29.333333333333332,62.379999999999995,72.90681818181818,3.649531557669746,1.1133513604072967,3.9887711737519655,3.7185307826784997,1.090485932130234,1.8149411808426825,2.905887257437942
8,4,Danny Green,16.3,LAL,SG/SF,3800,26.5,18.6,4.865,25.333333333333332,17.9,19.456578947368424,-0.2999640422228428,0.3549663277741335,-0.21756748773941356,-0.3876785163002275,0.4669747854473025,-0.3910605118065527,-0.2759154148059407
8,5,Jimmy Butler,68.3,MIA,SG/SF,8100,36.0,47.0,5.825,36.0,44.279999999999994,47.0,2.231992504886627,1.3155873691094737,1.9499991780566797,2.047613779272138,1.30413660476984,3.3699915543495207,1.6908645377164435
8,6,Jerami Grant,11.5,DEN,PF/C,3600,21.5,16.8,4.68,22.0,17.66,16.418181818181818,-0.46044016140583743,-0.1506236939813087,-0.45667824751361363,-0.4098343218702564,0.3056467265153547,-0.738234548682498,-0.40005656251313026
8,7,Chris Paul,50.0,OKC,PG,6300,33.0,37.4,5.9350000000000005,31.666666666666668,33.220000000000006,38.974736842105266,1.3761198692439893,1.0122333560562082,1.3184402706844192,1.0266004059199645,1.4000613965672144,2.0463905387599794,0.9904431669261824
9,0,Kris Dunn,23.5,CHI,PG/SF,4900,27.5,25.0,5.075,24.666666666666668,19.94,27.871621621621617,0.27061771487224895,0.4560843321252219,0.444665644343506,-0.19935416895497982,0.6501039334241075,0.12970054350736512,0.16008449785668222
9,1,Danny Green,16.3,LAL,SG/SF,3800,26.5,18.6,4.865,25.333333333333332,17.9,19.456578947368424,-0.2999640422228428,0.3549663277741335,-0.21756748773941356,-0.3876785163002275,0.4669747854473025,-0.3910605118065527,-0.2759154148059407
9,2,Jimmy Butler,68.3,MIA,SG/SF,8100,36.0,47.0,5.825,36.0,44.279999999999994,47.0,2.231992504886627,1.3155873691094737,1.9499991780566797,2.047613779272138,1.30413660476984,3.3699915543495207,1.6908645377164435
9,3,Lauri Markkanen,31.8,CHI,PF/C,5900,31.0,32.15,5.445,29.0,27.95,34.36724137931034,0.9080645216269218,0.8099973473540315,0.9558472014038394,0.5400958419447414,0.9727600512880022,0.7300223156053539,0.6511835102994213
9,4,Josh Okogie,16.8,MIN,SG/SF,3700,28.0,18.8,5.08,23.0,19.240000000000002,22.886956521739133,-0.28213336231362124,0.5066433343007661,0.052390701807632264,-0.2639752685342313,0.654464151233079,-0.3548965496319751,-0.25372460065264857
9,5,Giannis Antetokounmpo,46.8,MIL,SF/PF,11300,34.0,62.9,5.58,29.333333333333332,62.379999999999995,72.90681818181818,3.649531557669746,1.1133513604072967,3.9887711737519655,3.7185307826784997,1.090485932130234,1.8149411808426825,2.905887257437942
9,6,Wendell Carter Jr.,26.0,CHI,PF/C,6600,33.5,35.05,5.29,32.666666666666664,31.369999999999997,35.944132653061224,1.1666093803106352,1.0627923582317524,1.0799427868445806,0.8558160713176559,0.837593299209884,0.31052035438025327,0.8712217853944279
9,7,Markelle Fultz,17.8,ORL,PG/SG,5600,30.0,27.9,5.005,28.0,25.580000000000002,29.89285714285714,0.5291625735559623,0.708879343002943,0.6037294995988617,0.3213072619407042,0.5890608840985055,-0.28256862528281984,0.38542011804064574
10,0,Chris Paul,50.0,OKC,PG,6300,33.0,37.4,5.9350000000000005,31.666666666666668,33.220000000000006,38.974736842105266,1.3761198692439893,1.0122333560562082,1.3184402706844192,1.0266004059199645,1.4000613965672144,2.0463905387599794,0.9904431669261824
10,1,Kentavious Caldwell-Pope,15.0,LAL,SG/SF,3800,28.5,19.7,5.195,27.333333333333332,16.759999999999998,20.540853658536584,-0.20189530272212405,0.5572023364763103,-0.13223902705173,-0.49291859275786576,0.7547491608394248,-0.4850868134604546,-0.22826021894082718
10,2,Paul George,22.8,LAC,SF/PF,7800,33.0,41.55,5.34,29.666666666666668,38.65,46.21853932584269,1.7461064773603379,1.0122333560562082,1.8885010763975871,1.5278755069418721,0.8811954772995994,0.0790709964629565,1.3548800045219214
10,3,Giannis Antetokounmpo,46.8,MIL,SF/PF,11300,34.0,62.9,5.58,29.333333333333332,62.379999999999995,72.90681818181818,3.649531557669746,1.1133513604072967,3.9887711737519655,3.7185307826784997,1.090485932130234,1.8149411808426825,2.905887257437942
10,4,Danny Green,16.3,LAL,SG/SF,3800,26.5,18.6,4.865,25.333333333333332,17.9,19.456578947368424,-0.2999640422228428,0.3549663277741335,-0.21756748773941356,-0.3876785163002275,0.4669747854473025,-0.3910605118065527,-0.2759154148059407
10,5,Wesley Matthews,23.3,MIL,SG/SF,3300,25.0,15.4,4.65,22.0,15.080000000000002,17.5,-0.5852549207703888,0.20328932124750082,-0.37154310671609136,-0.6480092317480691,0.27948541966152596,0.11523495863753414,-0.48362425827698696
10,6,Kelly Olynyk,13.8,MIA,PF/C,4600,26.5,25.95,5.635,28.666666666666668,24.17,23.988662790697674,0.35531344444105156,0.3549663277741335,0.13909096244446265,0.1911419042167832,1.1384483280289208,-0.5718803226794409,0.17255323214073473
10,7,Jimmy Butler,68.3,MIA,SG/SF,8100,36.0,47.0,5.825,36.0,44.279999999999994,47.0,2.231992504886627,1.3155873691094737,1.9499991780566797,2.047613779272138,1.30413660476984,3.3699915543495207,1.6908645377164435
11,0,Dennis Schroder,34.0,OKC,PG/SG,5700,32.5,32.2,5.65,27.0,28.520000000000003,38.75925925925926,0.9125221916042275,0.9616743538806641,1.3014829717014487,0.5927158801735608,1.1515289814558358,0.8891437491734954,0.6664215534320391
11,1,Kentavious Caldwell-Pope,15.0,LAL,SG/SF,3800,28.5,19.7,5.195,27.333333333333332,16.759999999999998,20.540853658536584,-0.20189530272212405,0.5572023364763103,-0.13223902705173,-0.49291859275786576,0.7547491608394248,-0.4850868134604546,-0.22826021894082718
11,2,Danny Green,16.3,LAL,SG/SF,3800,26.5,18.6,4.865,25.333333333333332,17.9,19.456578947368424,-0.2999640422228428,0.3549663277741335,-0.21756748773941356,-0.3876785163002275,0.4669747854473025,-0.3910605118065527,-0.2759154148059407
11,3,Blake Griffin,42.8,DET,PF,6700,32.0,35.099999999999994,5.23,28.0,31.74,40.11428571428571,1.1710670502879403,0.9111153517051199,1.4081186060177078,0.8899729382381175,0.7852706855022258,1.5256294834460615,0.8989776401384886
11,4,Jimmy Butler,68.3,MIA,SG/SF,8100,36.0,47.0,5.825,36.0,44.279999999999994,47.0,2.231992504886627,1.3155873691094737,1.9499991780566797,2.047613779272138,1.30413660476984,3.3699915543495207,1.6908645377164435
11,5,Giannis Antetokounmpo,46.8,MIL,SF/PF,11300,34.0,62.9,5.58,29.333333333333332,62.379999999999995,72.90681818181818,3.649531557669746,1.1133513604072967,3.9887711737519655,3.7185307826784997,1.090485932130234,1.8149411808426825,2.905887257437942
11,6,Rui Hachimura,26.0,WAS,PF/C,5700,38.0,31.95,5.58,35.0,28.109999999999996,34.68857142857143,0.8902338417177001,1.5178233778116506,0.9811347029878302,0.5548663789914271,1.090485932130234,0.31052035438025327,0.6443256360697617
11,7,Cedi Osman,36.8,CLE,SF/PF,3900,31.0,20.0,5.12,31.333333333333332,20.779999999999998,19.78723404255319,-0.17514928285829157,0.8099973473540315,-0.19154613909036267,-0.1218088494598783,0.6893458937048514,1.09166193735113,-0.18553293618365885
12,0,Chris Paul,50.0,OKC,PG,6300,33.0,37.4,5.9350000000000005,31.666666666666668,33.220000000000006,38.974736842105266,1.3761198692439893,1.0122333560562082,1.3184402706844192,1.0266004059199645,1.4000613965672144,2.0463905387599794,0.9904431669261824
12,1,Anfernee Simons,20.5,POR,PG/SG,3300,18.0,13.95,4.244999999999999,22.0,14.45,11.413636363636362,-0.7145273501122457,-0.5045367092101182,-0.8505177013710591,-0.7061682213693957,-0.07369222286517056,-0.08728322954010066,-0.5902710549555499
12,2,Khris Middleton,35.0,MIL,SG/SF,6300,29.0,32.9,5.2,23.0,31.2,41.482608695652175,0.9749295712865028,0.6077613386518546,1.5158006284064738,0.8401223757055521,0.7591093786483962,0.9614716735226507,0.7632155416986355
12,3,Giannis Antetokounmpo,46.8,MIL,SF/PF,11300,34.0,62.9,5.58,29.333333333333332,62.379999999999995,72.90681818181818,3.649531557669746,1.1133513604072967,3.9887711737519655,3.7185307826784997,1.090485932130234,1.8149411808426825,2.905887257437942
12,4,Jimmy Butler,68.3,MIA,SG/SF,8100,36.0,47.0,5.825,36.0,44.279999999999994,47.0,2.231992504886627,1.3155873691094737,1.9499991780566797,2.047613779272138,1.30413660476984,3.3699915543495207,1.6908645377164435
12,5,Josh Okogie,16.8,MIN,SG/SF,3700,28.0,18.8,5.08,23.0,19.240000000000002,22.886956521739133,-0.28213336231362124,0.5066433343007661,0.052390701807632264,-0.2639752685342313,0.654464151233079,-0.3548965496319751,-0.25372460065264857
12,6,Wendell Carter Jr.,26.0,CHI,PF/C,6600,33.5,35.05,5.29,32.666666666666664,31.369999999999997,35.944132653061224,1.1666093803106352,1.0627923582317524,1.0799427868445806,0.8558160713176559,0.837593299209884,0.31052035438025327,0.8712217853944279
12,7,Danny Green,16.3,LAL,SG/SF,3800,26.5,18.6,4.865,25.333333333333332,17.9,19.456578947368424,-0.2999640422228428,0.3549663277741335,-0.21756748773941356,-0.3876785163002275,0.4669747854473025,-0.3910605118065527,-0.2759154148059407
13,0,Kris Dunn,23.5,CHI,PG/SF,4900,27.5,25.0,5.075,24.666666666666668,19.94,27.871621621621617,0.27061771487224895,0.4560843321252219,0.444665644343506,-0.19935416895497982,0.6501039334241075,0.12970054350736512,0.16008449785668222
13,1,Kentavious Caldwell-Pope,15.0,LAL,SG/SF,3800,28.5,19.7,5.195,27.333333333333332,16.759999999999998,20.540853658536584,-0.20189530272212405,0.5572023364763103,-0.13223902705173,-0.49291859275786576,0.7547491608394248,-0.4850868134604546,-0.22826021894082718
13,2,Khris Middleton,35.0,MIL,SG/SF,6300,29.0,32.9,5.2,23.0,31.2,41.482608695652175,0.9749295712865028,0.6077613386518546,1.5158006284064738,0.8401223757055521,0.7591093786483962,0.9614716735226507,0.7632155416986355
13,3,Rui Hachimura,26.0,WAS,PF/C,5700,38.0,31.95,5.58,35.0,28.109999999999996,34.68857142857143,0.8902338417177001,1.5178233778116506,0.9811347029878302,0.5548663789914271,1.090485932130234,0.31052035438025327,0.6443256360697617
13,4,Chris Paul,50.0,OKC,PG,6300,33.0,37.4,5.9350000000000005,31.666666666666668,33.220000000000006,38.974736842105266,1.3761198692439893,1.0122333560562082,1.3184402706844192,1.0266004059199645,1.4000613965672144,2.0463905387599794,0.9904431669261824
13,5,Paul George,22.8,LAC,SF/PF,7800,33.0,41.55,5.34,29.666666666666668,38.65,46.21853932584269,1.7461064773603379,1.0122333560562082,1.8885010763975871,1.5278755069418721,0.8811954772995994,0.0790709964629565,1.3548800045219214
13,6,Montrezl Harrell,24.8,LAC,PF/C,6500,29.5,32.4,4.96,29.333333333333332,35.74,32.58409090909091,0.9303528715134488,0.6583203408273988,0.8155197703283525,1.2592363644052695,0.5498189238177617,0.22372684516126704,0.7254467843758298
13,7,Jimmy Butler,68.3,MIA,SG/SF,8100,36.0,47.0,5.825,36.0,44.279999999999994,47.0,2.231992504886627,1.3155873691094737,1.9499991780566797,2.047613779272138,1.30413660476984,3.3699915543495207,1.6908645377164435
14,0,Chris Paul,50.0,OKC,PG,6300,33.0,37.4,5.9350000000000005,31.666666666666668,33.220000000000006,38.974736842105266,1.3761198692439893,1.0122333560562082,1.3184402706844192,1.0266004059199645,1.4000613965672144,2.0463905387599794,0.9904431669261824
14,1,Danny Green,16.3,LAL,SG/SF,3800,26.5,18.6,4.865,25.333333333333332,17.9,19.456578947368424,-0.2999640422228428,0.3549663277741335,-0.21756748773941356,-0.3876785163002275,0.4669747854473025,-0.3910605118065527,-0.2759154148059407
14,2,Jimmy Butler,68.3,MIA,SG/SF,8100,36.0,47.0,5.825,36.0,44.279999999999994,47.0,2.231992504886627,1.3155873691094737,1.9499991780566797,2.047613779272138,1.30413660476984,3.3699915543495207,1.6908645377164435
14,3,Giannis Antetokounmpo,46.8,MIL,SF/PF,11300,34.0,62.9,5.58,29.333333333333332,62.379999999999995,72.90681818181818,3.649531557669746,1.1133513604072967,3.9887711737519655,3.7185307826784997,1.090485932130234,1.8149411808426825,2.905887257437942
14,4,Joe Harris,35.8,BKN,SG/SF,5700,31.5,26.55,4.68,31.0,27.290000000000003,26.97822580645161,0.4088054841687166,0.8605563495295757,0.37435865580261757,0.47916737662716163,0.3056467265153547,1.0193340130019748,0.32170897274509574
14,5,Jerami Grant,11.5,DEN,PF/C,3600,21.5,16.8,4.68,22.0,17.66,16.418181818181818,-0.46044016140583743,-0.1506236939813087,-0.45667824751361363,-0.4098343218702564,0.3056467265153547,-0.738234548682498,-0.40005656251313026
14,6,Lauri Markkanen,31.8,CHI,PF/C,5900,31.0,32.15,5.445,29.0,27.95,34.36724137931034,0.9080645216269218,0.8099973473540315,0.9558472014038394,0.5400958419447414,0.9727600512880022,0.7300223156053539,0.6511835102994213
14,7,Kelly Olynyk,13.8,MIA,PF/C,4600,26.5,25.95,5.635,28.666666666666668,24.17,23.988662790697674,0.35531344444105156,0.3549663277741335,0.13909096244446265,0.1911419042167832,1.1384483280289208,-0.5718803226794409,0.17255323214073473
15,0,LeBron James,54.3,LAL,PG/SF,10100,35.5,53.6,5.300000000000001,34.333333333333336,54.36,55.42135922330097,2.8204049418909407,1.2650283669339295,2.6127293994856413,2.978157613213361,0.8463137348278277,2.357400613461347,2.2274599268335984
15,1,Dennis Schroder,34.0,OKC,PG/SG,5700,32.5,32.2,5.65,27.0,28.520000000000003,38.75925925925926,0.9125221916042275,0.9616743538806641,1.3014829717014487,0.5927158801735608,1.1515289814558358,0.8891437491734954,0.6664215534320391
15,2,Josh Okogie,16.8,MIN,SG/SF,3700,28.0,18.8,5.08,23.0,19.240000000000002,22.886956521739133,-0.28213336231362124,0.5066433343007661,0.052390701807632264,-0.2639752685342313,0.654464151233079,-0.3548965496319751,-0.25372460065264857
15,3,Giannis Antetokounmpo,46.8,MIL,SF/PF,11300,34.0,62.9,5.58,29.333333333333332,62.379999999999995,72.90681818181818,3.649531557669746,1.1133513604072967,3.9887711737519655,3.7185307826784997,1.090485932130234,1.8149411808426825,2.905887257437942
15,4,Danny Green,16.3,LAL,SG/SF,3800,26.5,18.6,4.865,25.333333333333332,17.9,19.456578947368424,-0.2999640422228428,0.3549663277741335,-0.21756748773941356,-0.3876785163002275,0.4669747854473025,-0.3910605118065527,-0.2759154148059407
15,5,Kelly Olynyk,13.8,MIA,PF/C,4600,26.5,25.95,5.635,28.666666666666668,24.17,23.988662790697674,0.35531344444105156,0.3549663277741335,0.13909096244446265,0.1911419042167832,1.1384483280289208,-0.5718803226794409,0.17255323214073473
15,6,Wendell Carter Jr.,26.0,CHI,PF/C,6600,33.5,35.05,5.29,32.666666666666664,31.369999999999997,35.944132653061224,1.1666093803106352,1.0627923582317524,1.0799427868445806,0.8558160713176559,0.837593299209884,0.31052035438025327,0.8712217853944279
15,7,Marquese Chriss,16.3,GS,PF/C,3800,11.0,14.75,3.8499999999999996,18.333333333333332,17.910000000000004,8.85,-0.6432046304753591,-1.2123627396677372,-1.0522665224206496,-0.3867553577348091,-0.4181494297739226,-0.3910605118065527,-0.5220193616394321
16,0,LeBron James,54.3,LAL,PG/SF,10100,35.5,53.6,5.300000000000001,34.333333333333336,54.36,55.42135922330097,2.8204049418909407,1.2650283669339295,2.6127293994856413,2.978157613213361,0.8463137348278277,2.357400613461347,2.2274599268335984
16,1,Dennis Schroder,34.0,OKC,PG/SG,5700,32.5,32.2,5.65,27.0,28.520000000000003,38.75925925925926,0.9125221916042275,0.9616743538806641,1.3014829717014487,0.5927158801735608,1.1515289814558358,0.8891437491734954,0.6664215534320391
16,2,Danny Green,16.3,LAL,SG/SF,3800,26.5,18.6,4.865,25.333333333333332,17.9,19.456578947368424,-0.2999640422228428,0.3549663277741335,-0.21756748773941356,-0.3876785163002275,0.4669747854473025,-0.3910605118065527,-0.2759154148059407
16,3,Doug McDermott,21.5,IND,SF/PF,3000,17.0,11.85,3.95,19.333333333333332,13.289999999999997,10.419827586206898,-0.9017494891590726,-0.6056547135612067,-0.9287268233975281,-0.81325461495787,-0.33094507359449116,-0.014955305190945399,-0.7103322886068395
16,4,Markelle Fultz,17.8,ORL,PG/SG,5600,30.0,27.9,5.005,28.0,25.580000000000002,29.89285714285714,0.5291625735559623,0.708879343002943,0.6037294995988617,0.3213072619407042,0.5890608840985055,-0.28256862528281984,0.38542011804064574
16,5,T.J. Warren,28.8,IND,SF/PF,5600,32.5,27.0,4.805,32.0,27.78,27.421875,0.44892451396446514,0.9616743538806641,0.4092722274103438,0.5244021463326376,0.4146521717396434,0.513038542557888,0.3464404107232107
16,6,Daniel Theis,12.8,BOS,PF/C,4300,22.0,20.4,4.745,23.0,22.3,19.51304347826087,-0.13948792303984844,-0.10006469180576448,-0.21312393533071294,0.01851125248363966,0.3623295580319852,-0.6442082470285961,-0.144219446458777
16,7,Giannis Antetokounmpo,46.8,MIL,SF/PF,11300,34.0,62.9,5.58,29.333333333333332,62.379999999999995,72.90681818181818,3.649531557669746,1.1133513604072967,3.9887711737519655,3.7185307826784997,1.090485932130234,1.8149411808426825,2.905887257437942
17,0,Dennis Schroder,34.0,OKC,PG/SG,5700,32.5,32.2,5.65,27.0,28.520000000000003,38.75925925925926,0.9125221916042275,0.9616743538806641,1.3014829717014487,0.5927158801735608,1.1515289814558358,0.8891437491734954,0.6664215534320391
17,1,Danny Green,16.3,LAL,SG/SF,3800,26.5,18.6,4.865,25.333333333333332,17.9,19.456578947368424,-0.2999640422228428,0.3549663277741335,-0.21756748773941356,-0.3876785163002275,0.4669747854473025,-0.3910605118065527,-0.2759154148059407
17,2,Kent Bazemore,11.5,POR,SG/SF,4000,20.5,17.5,4.345000000000001,21.0,18.88,17.083333333333336,-0.3980327817235618,-0.2517416983323971,-0.4043332519812433,-0.2972089768892752,0.01351213331426167,-0.738234548682498,-0.3240539931804988
17,3,Giannis Antetokounmpo,46.8,MIL,SF/PF,11300,34.0,62.9,5.58,29.333333333333332,62.379999999999995,72.90681818181818,3.649531557669746,1.1133513604072967,3.9887711737519655,3.7185307826784997,1.090485932130234,1.8149411808426825,2.905887257437942
17,4,Josh Okogie,16.8,MIN,SG/SF,3700,28.0,18.8,5.08,23.0,19.240000000000002,22.886956521739133,-0.28213336231362124,0.5066433343007661,0.052390701807632264,-0.2639752685342313,0.654464151233079,-0.3548965496319751,-0.25372460065264857
17,5,Lauri Markkanen,31.8,CHI,PF/C,5900,31.0,32.15,5.445,29.0,27.95,34.36724137931034,0.9080645216269218,0.8099973473540315,0.9558472014038394,0.5400958419447414,0.9727600512880022,0.7300223156053539,0.6511835102994213
17,6,Kelly Olynyk,13.8,MIA,PF/C,4600,26.5,25.95,5.635,28.666666666666668,24.17,23.988662790697674,0.35531344444105156,0.3549663277741335,0.13909096244446265,0.1911419042167832,1.1384483280289208,-0.5718803226794409,0.17255323214073473
17,7,Terry Rozier,37.5,CHA,PG/SG,7100,34.0,34.65,4.86,34.0,33.43,34.65,1.130948020492192,1.1133513604072967,0.9780992723975703,1.0459867357937394,0.46261456763833103,1.1422914843955387,0.8825585535666722
18,0,Derrick Rose,30.0,DET,PG/SG,5400,24.5,26.450000000000003,4.875,23.333333333333332,28.110000000000003,27.7725,0.39989014421410596,0.1527303190719566,0.4368651346509694,0.5548663789914278,0.47569522106524537,0.5998320517768744,0.2944818352907408
18,1,Bradley Beal,43.0,WAS,SG,8600,38.5,47.45,5.515000000000001,38.0,48.05,48.07434210526316,2.272111534682376,1.5683823799871948,2.034545978927196,2.395644558434679,1.0338031006136041,1.5400950683158927,1.7692652027391236
18,2,Kawhi Leonard,35.3,LAC,SG/SF,8400,32.0,41.849999999999994,4.955,29.0,45.809999999999995,46.17931034482758,1.77285249722417,0.9111153517051199,1.8854138988309723,2.1888570397810736,0.5454587060087902,0.9831700508273971,1.4317717019099756
18,3,Jordan Bell,21.3,MIN,PF/C,3000,0.0,2.65,0.875,6.0,6.590000000000001,0.0,-1.7219607649832673,-2.32466078752971,-1.748729207852481,-1.4317708537878489,-3.0124790261119943,-0.0294208900607764,-1.1619964647163794
18,4,Jordan Poole,1.0,GS,SG/SF,3400,11.5,8.3,2.41,21.666666666666668,14.86,4.405384615384616,-1.2182440575477562,-1.161803737492193,-1.4020415242828939,-0.6683187201872627,-1.6738921587577285,-1.4976777543486284,-0.8477462833623917
18,5,Eric Paschall,25.3,GS,SF/PF,6200,34.0,30.5,4.9,34.333333333333336,29.78,30.20388349514563,0.7609614123758435,1.1133513604072967,0.6282061378536536,0.7090338594162134,0.4974963101101034,0.25989080733584463,0.5827374062187901
18,6,Wendell Carter Jr.,26.0,CHI,PF/C,6600,33.5,35.05,5.29,32.666666666666664,31.369999999999997,35.944132653061224,1.1666093803106352,1.0627923582317524,1.0799427868445806,0.8558160713176559,0.837593299209884,0.31052035438025327,0.8712217853944279
18,7,Bam Adebayo,52.0,MIA,C,7500,34.5,39.5,5.265000000000001,35.333333333333336,36.760000000000005,38.568396226415096,1.5633420082908165,1.163910362582841,1.2864627479269504,1.3533985380778937,0.8157922101650268,2.1910463874582904,1.1886585742229114
19,0,Matthew Dellavedova,14.0,CLE,PG/SG,3000,10.5,5.15,1.71,9.666666666666666,7.109999999999999,5.59396551724138,-1.4990772661179967,-1.2629217418432814,-1.3085045472478487,-1.3837666083861193,-2.2843226520137456,-0.5574147378096099,-1.019214066048968
19,1,Jamal Murray,23.8,DEN,PG/SG,6400,33.5,33.9,5.295,34.333333333333336,35.38,33.07718446601941,1.064082970832611,1.0627923582317524,0.8543244327947431,1.226002656050226,0.8419535170188555,0.15139892081211176,0.801830464543009
19,2,Josh Okogie,16.8,MIN,SG/SF,3700,28.0,18.8,5.08,23.0,19.240000000000002,22.886956521739133,-0.28213336231362124,0.5066433343007661,0.052390701807632264,-0.2639752685342313,0.654464151233079,-0.3548965496319751,-0.25372460065264857
19,3,T.J. Warren,28.8,IND,SF/PF,5600,32.5,27.0,4.805,32.0,27.78,27.421875,0.44892451396446514,0.9616743538806641,0.4092722274103438,0.5244021463326376,0.4146521717396434,0.513038542557888,0.3464404107232107
19,4,Danny Green,16.3,LAL,SG/SF,3800,26.5,18.6,4.865,25.333333333333332,17.9,19.456578947368424,-0.2999640422228428,0.3549663277741335,-0.21756748773941356,-0.3876785163002275,0.4669747854473025,-0.3910605118065527,-0.2759154148059407
19,5,LeBron James,54.3,LAL,PG/SF,10100,35.5,53.6,5.300000000000001,34.333333333333336,54.36,55.42135922330097,2.8204049418909407,1.2650283669339295,2.6127293994856413,2.978157613213361,0.8463137348278277,2.357400613461347,2.2274599268335984
19,6,Larry Nance Jr.,21.8,CLE,PF/C,5100,32.0,29.299999999999997,5.725,27.666666666666668,28.139999999999997,33.88915662650602,0.6539773329205135,0.9111153517051199,0.9182236770194202,0.5576358546876808,1.2169322485904086,0.006743072113801232,0.452625565798158
19,7,Jimmy Butler,68.3,MIA,SG/SF,8100,36.0,47.0,5.825,36.0,44.279999999999994,47.0,2.231992504886627,1.3155873691094737,1.9499991780566797,2.047613779272138,1.30413660476984,3.3699915543495207,1.6908645377164435
20,0,Kris Dunn,23.5,CHI,PG/SF,4900,27.5,25.0,5.075,24.666666666666668,19.94,27.871621621621617,0.27061771487224895,0.4560843321252219,0.444665644343506,-0.19935416895497982,0.6501039334241075,0.12970054350736512,0.16008449785668222
20,1,Josh Okogie,16.8,MIN,SG/SF,3700,28.0,18.8,5.08,23.0,19.240000000000002,22.886956521739133,-0.28213336231362124,0.5066433343007661,0.052390701807632264,-0.2639752685342313,0.654464151233079,-0.3548965496319751,-0.25372460065264857
20,2,Giannis Antetokounmpo,46.8,MIL,SF/PF,11300,34.0,62.9,5.58,29.333333333333332,62.379999999999995,72.90681818181818,3.649531557669746,1.1133513604072967,3.9887711737519655,3.7185307826784997,1.090485932130234,1.8149411808426825,2.905887257437942
20,3,Doug McDermott,21.5,IND,SF/PF,3000,17.0,11.85,3.95,19.333333333333332,13.289999999999997,10.419827586206898,-0.9017494891590726,-0.6056547135612067,-0.9287268233975281,-0.81325461495787,-0.33094507359449116,-0.014955305190945399,-0.7103322886068395
20,4,Jamal Murray,23.8,DEN,PG/SG,6400,33.5,33.9,5.295,34.333333333333336,35.38,33.07718446601941,1.064082970832611,1.0627923582317524,0.8543244327947431,1.226002656050226,0.8419535170188555,0.15139892081211176,0.801830464543009
20,5,Kentavious Caldwell-Pope,15.0,LAL,SG/SF,3800,28.5,19.7,5.195,27.333333333333332,16.759999999999998,20.540853658536584,-0.20189530272212405,0.5572023364763103,-0.13223902705173,-0.49291859275786576,0.7547491608394248,-0.4850868134604546,-0.22826021894082718
20,6,Larry Nance Jr.,21.8,CLE,PF/C,5100,32.0,29.299999999999997,5.725,27.666666666666668,28.139999999999997,33.88915662650602,0.6539773329205135,0.9111153517051199,0.9182236770194202,0.5576358546876808,1.2169322485904086,0.006743072113801232,0.452625565798158
20,7,DeAndre Jordan,41.8,BKN,C,5100,20.0,24.85,4.875,20.666666666666668,24.570000000000004,24.048387096774192,0.25724470494033286,-0.30230070050794133,0.14379104725752528,0.22806824683349855,0.47569522106524537,1.4533015590969063,0.15184381426253024
21,0,Chris Paul,50.0,OKC,PG,6300,33.0,37.4,5.9350000000000005,31.666666666666668,33.220000000000006,38.974736842105266,1.3761198692439893,1.0122333560562082,1.3184402706844192,1.0266004059199645,1.4000613965672144,2.0463905387599794,0.9904431669261824
21,1,Iman Shumpert,19.8,BKN,SG/SF,3100,18.5,13.7,4.41,18.333333333333332,11.779999999999998,13.824545454545456,-0.7368156999987727,-0.453977707034574,-0.660787959022295,-0.9526515583359697,0.07019496483089138,-0.1379127765845093,-0.6166632698923296
21,2,LeBron James,54.3,LAL,PG/SF,10100,35.5,53.6,5.300000000000001,34.333333333333336,54.36,55.42135922330097,2.8204049418909407,1.2650283669339295,2.6127293994856413,2.978157613213361,0.8463137348278277,2.357400613461347,2.2274599268335984
21,3,Wendell Carter Jr.,26.0,CHI,PF/C,6600,33.5,35.05,5.29,32.666666666666664,31.369999999999997,35.944132653061224,1.1666093803106352,1.0627923582317524,1.0799427868445806,0.8558160713176559,0.837593299209884,0.31052035438025327,0.8712217853944279
21,4,Kent Bazemore,11.5,POR,SG/SF,4000,20.5,17.5,4.345000000000001,21.0,18.88,17.083333333333336,-0.3980327817235618,-0.2517416983323971,-0.4043332519812433,-0.2972089768892752,0.01351213331426167,-0.738234548682498,-0.3240539931804988
21,5,Trevor Ariza,25.0,SAC,SF/PF,3300,19.5,15.3,4.615,22.666666666666668,13.360000000000003,13.162500000000001,-0.5941702607249996,-0.35285970268348554,-0.7128885189263249,-0.8067925049999443,0.24896389499872498,0.23819243003109802,-0.5274828780462337
21,6,Daniel Theis,12.8,BOS,PF/C,4300,22.0,20.4,4.745,23.0,22.3,19.51304347826087,-0.13948792303984844,-0.10006469180576448,-0.21312393533071294,0.01851125248363966,0.3623295580319852,-0.6442082470285961,-0.144219446458777
21,7,Joe Harris,35.8,BKN,SG/SF,5700,31.5,26.55,4.68,31.0,27.290000000000003,26.97822580645161,0.4088054841687166,0.8605563495295757,0.37435865580261757,0.47916737662716163,0.3056467265153547,1.0193340130019748,0.32170897274509574
22,0,Kris Dunn,23.5,CHI,PG/SF,4900,27.5,25.0,5.075,24.666666666666668,19.94,27.871621621621617,0.27061771487224895,0.4560843321252219,0.444665644343506,-0.19935416895497982,0.6501039334241075,0.12970054350736512,0.16008449785668222
22,1,Kawhi Leonard,35.3,LAC,SG/SF,8400,32.0,41.849999999999994,4.955,29.0,45.809999999999995,46.17931034482758,1.77285249722417,0.9111153517051199,1.8854138988309723,2.1888570397810736,0.5454587060087902,0.9831700508273971,1.4317717019099756
22,2,Duncan Robinson,13.0,MIA,SG/SF,4600,30.5,21.950000000000003,4.76,27.0,21.43,24.795370370370375,-0.0013001537433805109,0.7594383451784872,0.20257590338198375,-0.06180354270771594,0.3754102114588996,-0.6297426621587652,-0.009047560876265638
22,3,Paul George,22.8,LAC,SF/PF,7800,33.0,41.55,5.34,29.666666666666668,38.65,46.21853932584269,1.7461064773603379,1.0122333560562082,1.8885010763975871,1.5278755069418721,0.8811954772995994,0.0790709964629565,1.3548800045219214
22,4,Zach LaVine,38.0,CHI,PG/SG,7800,34.0,39.7,5.095000000000001,33.666666666666664,38.61999999999999,40.0930693069307,1.5811726882000383,1.1133513604072967,1.406448952227687,1.5251060312456177,0.6675448046599941,1.1784554465701165,1.2290007450720095
22,5,Wesley Matthews,23.3,MIL,SG/SF,3300,25.0,15.4,4.65,22.0,15.080000000000002,17.5,-0.5852549207703888,0.20328932124750082,-0.37154310671609136,-0.6480092317480691,0.27948541966152596,0.11523495863753414,-0.48362425827698696
22,6,Thon Maker,2.0,DET,PF/C,3000,10.0,4.9,1.625,6.666666666666667,6.88,7.35,-1.5213656160045237,-1.3134807440188256,-1.1703110453751973,-1.4049992553907305,-2.358446354766262,-1.4253498299994731,-1.0212105001116059
22,7,Darius Bazley,8.5,OKC,SF/PF,3000,19.0,13.55,4.51,15.0,11.09,17.163333333333334,-0.7501887099306888,-0.4034187048590298,-0.3980375440903342,-1.0163494993498032,0.15739932101032206,-0.9552183217299638,-0.6185692879189475
23,0,Chris Paul,50.0,OKC,PG,6300,33.0,37.4,5.9350000000000005,31.666666666666668,33.220000000000006,38.974736842105266,1.3761198692439893,1.0122333560562082,1.3184402706844192,1.0266004059199645,1.4000613965672144,2.0463905387599794,0.9904431669261824
23,1,Derrick Rose,30.0,DET,PG/SG,5400,24.5,26.450000000000003,4.875,23.333333333333332,28.110000000000003,27.7725,0.39989014421410596,0.1527303190719566,0.4368651346509694,0.5548663789914278,0.47569522106524537,0.5998320517768744,0.2944818352907408
23,2,Kent Bazemore,11.5,POR,SG/SF,4000,20.5,17.5,4.345000000000001,21.0,18.88,17.083333333333336,-0.3980327817235618,-0.2517416983323971,-0.4043332519812433,-0.2972089768892752,0.01351213331426167,-0.738234548682498,-0.3240539931804988
23,3,Christian Wood,17.0,DET,PF/C,4200,17.0,16.85,4.035,15.666666666666666,18.03,18.28404255319149,-0.455982491428532,-0.6056547135612067,-0.309841820604388,-0.37567745494979476,-0.25682137084197487,-0.3404309647621441,-0.34501334386771604
23,4,Josh Okogie,16.8,MIN,SG/SF,3700,28.0,18.8,5.08,23.0,19.240000000000002,22.886956521739133,-0.28213336231362124,0.5066433343007661,0.052390701807632264,-0.2639752685342313,0.654464151233079,-0.3548965496319751,-0.25372460065264857
23,5,Kelly Olynyk,13.8,MIA,PF/C,4600,26.5,25.95,5.635,28.666666666666668,24.17,23.988662790697674,0.35531344444105156,0.3549663277741335,0.13909096244446265,0.1911419042167832,1.1384483280289208,-0.5718803226794409,0.17255323214073473
23,6,Lauri Markkanen,31.8,CHI,PF/C,5900,31.0,32.15,5.445,29.0,27.95,34.36724137931034,0.9080645216269218,0.8099973473540315,0.9558472014038394,0.5400958419447414,0.9727600512880022,0.7300223156053539,0.6511835102994213
23,7,Lou Williams,14.8,LAC,PG/SG,6400,30.5,31.4,4.925000000000001,27.666666666666668,34.42,34.61566265060241,0.8411994719673407,0.7594383451784872,0.9753970483781289,1.1373794337701095,0.5192973991549615,-0.49955239833028564,0.6725767776321049
24,0,Chris Paul,50.0,OKC,PG,6300,33.0,37.4,5.9350000000000005,31.666666666666668,33.220000000000006,38.974736842105266,1.3761198692439893,1.0122333560562082,1.3184402706844192,1.0266004059199645,1.4000613965672144,2.0463905387599794,0.9904431669261824
24,1,Jimmy Butler,68.3,MIA,SG/SF,8100,36.0,47.0,5.825,36.0,44.279999999999994,47.0,2.231992504886627,1.3155873691094737,1.9499991780566797,2.047613779272138,1.30413660476984,3.3699915543495207,1.6908645377164435
24,2,Doug McDermott,21.5,IND,SF/PF,3000,17.0,11.85,3.95,19.333333333333332,13.289999999999997,10.419827586206898,-0.9017494891590726,-0.6056547135612067,-0.9287268233975281,-0.81325461495787,-0.33094507359449116,-0.014955305190945399,-0.7103322886068395
24,3,Lauri Markkanen,31.8,CHI,PF/C,5900,31.0,32.15,5.445,29.0,27.95,34.36724137931034,0.9080645216269218,0.8099973473540315,0.9558472014038394,0.5400958419447414,0.9727600512880022,0.7300223156053539,0.6511835102994213
24,4,Danny Green,16.3,LAL,SG/SF,3800,26.5,18.6,4.865,25.333333333333332,17.9,19.456578947368424,-0.2999640422228428,0.3549663277741335,-0.21756748773941356,-0.3876785163002275,0.4669747854473025,-0.3910605118065527,-0.2759154148059407
24,5,Kris Dunn,23.5,CHI,PG/SF,4900,27.5,25.0,5.075,24.666666666666668,19.94,27.871621621621617,0.27061771487224895,0.4560843321252219,0.444665644343506,-0.19935416895497982,0.6501039334241075,0.12970054350736512,0.16008449785668222
24,6,Kelly Olynyk,13.8,MIA,PF/C,4600,26.5,25.95,5.635,28.666666666666668,24.17,23.988662790697674,0.35531344444105156,0.3549663277741335,0.13909096244446265,0.1911419042167832,1.1384483280289208,-0.5718803226794409,0.17255323214073473
24,7,Terance Mann,4.8,LAC,SG/SF,3000,0.0,6.5,2.165,10.333333333333334,6.719999999999999,0.0,-1.3787201767307509,-2.32466078752971,-1.748729207852481,-1.4197697924374166,-1.8875428313973346,-1.2228316418218383,-1.020914241336636
25,0,Chris Paul,50.0,OKC,PG,6300,33.0,37.4,5.9350000000000005,31.666666666666668,33.220000000000006,38.974736842105266,1.3761198692439893,1.0122333560562082,1.3184402706844192,1.0266004059199645,1.4000613965672144,2.0463905387599794,0.9904431669261824
25,1,Svi Mykhailiuk,4.3,DET,SG/SF,3700,16.0,13.15,3.545,21.666666666666668,11.73,9.71076923076923,-0.7858500697491321,-0.7067727179122951,-0.9845271269405784,-0.9572673511630588,-0.6841227161211869,-1.2589956039964159,-0.6106112541867698
25,2,Kris Dunn,23.5,CHI,PG/SF,4900,27.5,25.0,5.075,24.666666666666668,19.94,27.871621621621617,0.27061771487224895,0.4560843321252219,0.444665644343506,-0.19935416895497982,0.6501039334241075,0.12970054350736512,0.16008449785668222
25,3,Christian Wood,17.0,DET,PF/C,4200,17.0,16.85,4.035,15.666666666666666,18.03,18.28404255319149,-0.455982491428532,-0.6056547135612067,-0.309841820604388,-0.37567745494979476,-0.25682137084197487,-0.3404309647621441,-0.34501334386771604
25,4,Kentavious Caldwell-Pope,15.0,LAL,SG/SF,3800,28.5,19.7,5.195,27.333333333333332,16.759999999999998,20.540853658536584,-0.20189530272212405,0.5572023364763103,-0.13223902705173,-0.49291859275786576,0.7547491608394248,-0.4850868134604546,-0.22826021894082718
25,5,Khris Middleton,35.0,MIL,SG/SF,6300,29.0,32.9,5.2,23.0,31.2,41.482608695652175,0.9749295712865028,0.6077613386518546,1.5158006284064738,0.8401223757055521,0.7591093786483962,0.9614716735226507,0.7632155416986355
25,6,Larry Nance Jr.,21.8,CLE,PF/C,5100,32.0,29.299999999999997,5.725,27.666666666666668,28.139999999999997,33.88915662650602,0.6539773329205135,0.9111153517051199,0.9182236770194202,0.5576358546876808,1.2169322485904086,0.006743072113801232,0.452625565798158
25,7,T.J. Warren,28.8,IND,SF/PF,5600,32.5,27.0,4.805,32.0,27.78,27.421875,0.44892451396446514,0.9616743538806641,0.4092722274103438,0.5244021463326376,0.4146521717396434,0.513038542557888,0.3464404107232107
26,0,Coby White,22.8,CHI,PG/SG,4800,23.5,22.05,4.5649999999999995,23.666666666666668,20.63,21.894718309859154,0.007615186211230109,0.05161231472086818,-0.02569482244479807,-0.13565622794114635,0.20536171690900887,0.0790709964629565,-0.019771570347627866
26,1,Pat Connaughton,20.0,MIL,SG/SF,3700,15.0,13.4,3.61,18.666666666666668,15.34,10.767857142857142,-0.763561719862605,-0.8078907222633835,-0.9013381680716208,-0.6240071090472045,-0.6274398846045568,-0.1234471917146783,-0.5810473024101389
26,2,Juancho Hernangomez,10.8,DEN,SF/PF,3000,11.0,6.75,2.235,15.0,9.01,4.95,-1.356431826844224,-1.2123627396677372,-1.3591822821024737,-1.208366480956722,-1.826499782071733,-0.7888640957269066,-0.9541151053634669
26,3,Treveon Graham,7.3,MIN,SF/PF,3000,22.0,11.15,3.71,19.666666666666668,13.290000000000001,12.472881355932204,-0.9641568688413482,-0.10006469180576448,-0.7671589881660217,-0.8132546149578697,-0.5402355284251257,-1.0420118309489501,-0.7152144553847035
26,4,CJ McCollum,29.3,POR,PG/SG,7400,36.5,35.3,4.75,37.333333333333336,39.08,34.51205357142857,1.1888977301971622,1.366146371285018,0.9672433921615714,1.567571325254841,0.36668977584095663,0.5492025047324657,0.9599214460280169
26,5,Kelly Olynyk,13.8,MIA,PF/C,4600,26.5,25.95,5.635,28.666666666666668,24.17,23.988662790697674,0.35531344444105156,0.3549663277741335,0.13909096244446265,0.1911419042167832,1.1384483280289208,-0.5718803226794409,0.17255323214073473
26,6,Bismack Biyombo,8.0,CHA,C,4400,22.0,21.700000000000003,4.92,21.0,18.46,22.733333333333334,-0.023588503629907536,-0.10006469180576448,0.0403011178142195,-0.335981636636826,0.5149371813459893,-0.9913822839045415,-0.07677642962900252
26,7,Jarrett Allen,35.0,BKN,C,7200,27.5,34.05,4.725,27.666666666666668,34.71,33.84487951807228,1.077455980764527,0.4560843321252219,0.9147392302575085,1.164151032167228,0.3448886867960986,0.9614716735226507,0.8443180508621714
27,0,Donte DiVincenzo,26.3,MIL,PG/SF,4100,20.0,15.65,3.83,22.0,19.87,14.227272727272728,-0.5629665708838618,-0.30230070050794133,-0.629094793162377,-0.205816278912905,-0.43559030100980844,0.33221873168499994,-0.410978634784561
27,1,Evan Fournier,25.5,ORL,SG/SF,6600,34.5,33.35,5.05,32.0,32.849999999999994,35.95546875,1.0150486010822517,1.163910362582841,1.0808348962814502,0.9924435389995018,0.6283028443792494,0.27435639220567565,0.7922275603380063
27,2,Semi Ojeleye,10.0,BOS,SF/PF,3300,17.5,10.15,3.08,19.333333333333332,8.15,9.1875,-1.0533102683874564,-0.5550957113856625,-1.0257065047558764,-1.2877581175826596,-1.0896229723555408,-0.8467264352062309,-0.7767600246756206
27,3,Rui Hachimura,26.0,WAS,PF/C,5700,38.0,31.95,5.58,35.0,28.109999999999996,34.68857142857143,0.8902338417177001,1.5178233778116506,0.9811347029878302,0.5548663789914271,1.090485932130234,0.31052035438025327,0.6443256360697617
27,4,Denzel Valentine,20.0,CHI,SG/SF,3100,13.5,14.2,4.59,11.666666666666666,11.1,16.43142857142857,-0.6922390002257186,-0.9595677287900162,-0.4556357764018074,-1.0154263407843853,0.22716280595386693,-0.1234471917146783,-0.5986719529921882
27,5,Kelly Olynyk,13.8,MIA,PF/C,4600,26.5,25.95,5.635,28.666666666666668,24.17,23.988662790697674,0.35531344444105156,0.3549663277741335,0.13909096244446265,0.1911419042167832,1.1384483280289208,-0.5718803226794409,0.17255323214073473
27,6,Robin Lopez,12.0,MIL,C,4000,13.5,11.95,3.0149999999999997,18.0,12.39,8.9625,-0.8928341492044618,-0.9595677287900162,-1.0434131831990585,-0.8963388858454788,-1.1463058038721714,-0.7020705865079204,-0.6504454028806771
27,7,Jarrett Culver,14.3,MIN,PG/SG,5100,29.5,22.950000000000003,4.484999999999999,26.0,22.729999999999997,26.03942307692308,0.08785324580272759,0.6583203408273988,0.300478308898869,0.05820707079660812,0.135598231965464,-0.5357163605048633,0.08432674948332794
28,0,Chris Paul,50.0,OKC,PG,6300,33.0,37.4,5.9350000000000005,31.666666666666668,33.220000000000006,38.974736842105266,1.3761198692439893,1.0122333560562082,1.3184402706844192,1.0266004059199645,1.4000613965672144,2.0463905387599794,0.9904431669261824
28,1,Josh Okogie,16.8,MIN,SG/SF,3700,28.0,18.8,5.08,23.0,19.240000000000002,22.886956521739133,-0.28213336231362124,0.5066433343007661,0.052390701807632264,-0.2639752685342313,0.654464151233079,-0.3548965496319751,-0.25372460065264857
28,2,Danny Green,16.3,LAL,SG/SF,3800,26.5,18.6,4.865,25.333333333333332,17.9,19.456578947368424,-0.2999640422228428,0.3549663277741335,-0.21756748773941356,-0.3876785163002275,0.4669747854473025,-0.3910605118065527,-0.2759154148059407
28,3,Grant Williams,1.3,BOS,SF/PF,3000,12.5,8.75,2.89,15.666666666666666,7.609999999999999,6.9813829787234045,-1.1781250277520077,-1.0606857331411046,-1.1993198589948786,-1.3376086801152252,-1.2553112490964597,-1.4759793770438816,-0.8726502596547482
28,4,Darius Garland,16.3,CLE,PG,4100,29.5,21.7,5.285,29.666666666666668,18.740000000000002,21.57808988764045,-0.023588503629907852,0.6583203408273988,-0.050612323147903565,-0.3101331968051253,0.8332330814009126,-0.3910605118065527,-0.09492772820115751
28,5,Terance Mann,4.8,LAC,SG/SF,3000,0.0,6.5,2.165,10.333333333333334,6.719999999999999,0.0,-1.3787201767307509,-2.32466078752971,-1.748729207852481,-1.4197697924374166,-1.8875428313973346,-1.2228316418218383,-1.020914241336636
28,6,Kelly Olynyk,13.8,MIA,PF/C,4600,26.5,25.95,5.635,28.666666666666668,24.17,23.988662790697674,0.35531344444105156,0.3549663277741335,0.13909096244446265,0.1911419042167832,1.1384483280289208,-0.5718803226794409,0.17255323214073473
28,7,Derrick Rose,30.0,DET,PG/SG,5400,24.5,26.450000000000003,4.875,23.333333333333332,28.110000000000003,27.7725,0.39989014421410596,0.1527303190719566,0.4368651346509694,0.5548663789914278,0.47569522106524537,0.5998320517768744,0.2944818352907408
29,0,D.J. Augustin,29.3,ORL,PG,4800,26.0,22.85,4.745,27.0,21.85,22.003703703703703,0.07893790584811665,0.30440732559858924,-0.017118069894535907,-0.023030882960164846,0.3623295580319852,0.5492025047324657,0.026862397185810537
29,1,Aaron Holiday,8.5,IND,PG/SG,3100,14.0,12.65,4.085,18.666666666666668,15.069999999999999,9.487499999999999,-0.8304267695221861,-0.909008726614472,-1.0020976001649669,-0.6489323903134874,-0.2132191927522595,-0.9552183217299638,-0.6738717708462116
29,2,Nassir Little,7.5,POR,SF/PF,3000,12.5,9.85,3.3,14.333333333333334,10.030000000000001,8.590116279069766,-1.0800562882512887,-1.0606857331411046,-1.0727184223278912,-1.1142043072840984,-0.8977733887607929,-1.0275462460791192,-0.8170315621531234
29,3,Davis Bertans,41.0,WAS,SF/PF,5700,35.5,29.4,5.155,33.333333333333336,27.160000000000004,31.310999999999996,0.6628926728751244,1.2650283669339295,0.715332164300747,0.4671663152767293,0.7198674183676523,1.3954392196175822,0.49201582913243713
29,4,Gary Harris,16.8,DEN,SG,4300,32.5,20.6,4.79,30.333333333333332,21.0,22.071428571428573,-0.12165724313062658,0.9616743538806641,-0.011788370092707839,-0.10149936102068473,0.4015715183127291,-0.3548965496319751,-0.10727959674763345
29,5,Rudy Gay,20.5,SA,SF/PF,5500,25.0,23.2,4.24,23.333333333333332,22.740000000000002,24.857142857142858,0.1101415956892543,0.20328932124750082,0.20743717253716634,0.05913022936202647,-0.07805244067414124,-0.08728322954010066,0.10393086828774212
29,6,Omari Spellman,9.3,GS,PF/C,4000,12.0,15.5,3.8549999999999995,20.333333333333332,19.699999999999996,9.147540983606557,-0.5763395808157781,-1.1112447353166488,-1.028851133441141,-0.22150997452500942,-0.41378921196495116,-0.8973559822506396,-0.4645577096687683
29,7,Nerlens Noel,12.3,OKC,C,4100,19.5,21.05,5.15,19.333333333333332,20.97,21.231465517241382,-0.081538213334878,-0.35285970268348554,-0.07789039544668905,-0.10426883671693847,0.7155072005586809,-0.6803722092031738,-0.1366561948201517
