Lineup Num,,Player Name,Actual FP,team,Pos,Salary,DFN_MinProj,Avg Proj,Avg Value Proj,Avg Skewed Min,Avg Skewed FP,Proj Min Enhanced,Avg Proj Stan,DFN_MinProj Stan,Proj Min Enhanced Stan,Avg Skewed FP Stan,Avg Value Proj Stan,Actual FP Stan,predictions
0,0,Donte DiVincenzo,13.8,MIL,PG/SG,3100,22.0,20.3,6.535,13.666666666666666,15.12,32.678048780487806,-0.2737691093613935,-0.25382947414973916,0.624102501156915,-0.5847057434673365,1.668103265826782,-0.688350217703932,-0.3241826370632972
0,1,Rodney McGruder,29.3,LAC,SG/SF,3000,25.5,13.350000000000001,4.4399999999999995,13.333333333333334,5.930000000000001,25.531875,-0.8498530780482105,0.12814096641858824,0.0693898058632279,-1.374383381946505,-0.16313223966194348,0.3308395701275306,-0.6405945242543932
0,2,Giannis Antetokounmpo,71.5,MIL,SF/PF,11700,34.5,68.9,5.895,34.333333333333336,65.78,69.23446601941747,3.7546741824629684,1.1103506707371444,3.4617481224061444,3.76840297963981,1.1086804861070756,3.105665960223513,2.9634822880815515
0,3,Derrick Favors,52.5,NO,PF/C,5500,29.0,34.5,6.25,23.666666666666668,24.639999999999997,42.27464788732394,0.9032657619123912,0.5101114069869156,1.3690263610749536,0.23332811053937533,1.4189853092328504,1.8563365428817198,0.6275632152346948
0,4,Luka Doncic,74.5,DAL,PG/SG,10000,34.5,55.05,5.49,33.333333333333336,58.29,56.97674999999999,2.606650734072692,1.1103506707371444,2.5102584301401483,3.124802815090411,0.7546707583156997,3.3029284998037958,2.0782834602998252
0,5,JJ Redick,27.8,NO,SG/SF,4500,35.5,26.2,5.845,28.0,21.5,33.21785714285714,0.21528059067489724,1.2194850823280952,0.6660044420878176,-0.03648557660149372,1.0649755814414736,0.23220830033738907,0.10502160070789593
0,6,Julius Randle,33.0,NY,PF/C,7000,34.0,39.05,5.59,33.666666666666664,35.010000000000005,39.43663366336634,1.280414259398005,1.055783464941669,1.1487290988180765,1.1244007015109732,0.8420805676469034,0.5741300356098797,0.9647267558013269
0,7,Kenrich Williams,33.0,NO,SF/PF,4500,37.0,28.8,6.415,25.0,19.939999999999998,42.624,0.43079401780953397,1.383186699714521,1.3961443766706862,-0.17053314091351815,1.563211494629337,0.5741300356098797,0.26008870702629017
1,0,Frank Jackson,34.3,NO,PG/SG,3200,22.5,19.1,5.970000000000001,16.333333333333332,15.48,26.311224489795926,-0.37323684496199494,-0.1992622683542638,0.1298858236400231,-0.5537716901645616,1.1742378431054796,0.6596104694280023,-0.38282852070124573
1,1,Rodney McGruder,29.3,LAC,SG/SF,3000,25.5,13.350000000000001,4.4399999999999995,13.333333333333334,5.930000000000001,25.531875,-0.8498530780482105,0.12814096641858824,0.0693898058632279,-1.374383381946505,-0.16313223966194348,0.3308395701275306,-0.6405945242543932
1,2,Kenrich Williams,33.0,NO,SF/PF,4500,37.0,28.8,6.415,25.0,19.939999999999998,42.624,0.43079401780953397,1.383186699714521,1.3961443766706862,-0.17053314091351815,1.563211494629337,0.5741300356098797,0.26008870702629017
1,3,Giannis Antetokounmpo,71.5,MIL,SF/PF,11700,34.5,68.9,5.895,34.333333333333336,65.78,69.23446601941747,3.7546741824629684,1.1103506707371444,3.4617481224061444,3.76840297963981,1.1086804861070756,3.105665960223513,2.9634822880815515
1,4,Luka Doncic,74.5,DAL,PG/SG,10000,34.5,55.05,5.49,33.333333333333336,58.29,56.97674999999999,2.606650734072692,1.1103506707371444,2.5102584301401483,3.124802815090411,0.7546707583156997,3.3029284998037958,2.0782834602998252
1,5,De'Andre Hunter,29.3,ATL,SF/PF,4000,35.5,21.9,5.455,34.333333333333336,19.439999999999998,22.64417475728155,-0.14114546189392493,1.2194850823280952,-0.15476427071581117,-0.21349710383403875,0.7240773250497782,0.3308395701275306,-0.1804148731731044
1,6,Derrick Favors,52.5,NO,PF/C,5500,29.0,34.5,6.25,23.666666666666668,24.639999999999997,42.27464788732394,0.9032657619123912,0.5101114069869156,1.3690263610749536,0.23332811053937533,1.4189853092328504,1.8563365428817198,0.6275632152346948
1,7,Devin Booker,40.0,PHO,PG/SG,8100,35.0,43.45,5.345000000000001,35.0,39.830000000000005,43.45,1.6451292899335443,1.1649178765326198,1.4602615812597566,1.5385733040647915,0.6279265347854542,1.0344092946305403,1.28036918189979
2,0,Devin Booker,40.0,PHO,PG/SG,8100,35.0,43.45,5.345000000000001,35.0,39.830000000000005,43.45,1.6451292899335443,1.1649178765326198,1.4602615812597566,1.5385733040647915,0.6279265347854542,1.0344092946305403,1.28036918189979
2,1,Frank Jackson,34.3,NO,PG/SG,3200,22.5,19.1,5.970000000000001,16.333333333333332,15.48,26.311224489795926,-0.37323684496199494,-0.1992622683542638,0.1298858236400231,-0.5537716901645616,1.1742378431054796,0.6596104694280023,-0.38282852070124573
2,2,Kenrich Williams,33.0,NO,SF/PF,4500,37.0,28.8,6.415,25.0,19.939999999999998,42.624,0.43079401780953397,1.383186699714521,1.3961443766706862,-0.17053314091351815,1.563211494629337,0.5741300356098797,0.26008870702629017
2,3,Giannis Antetokounmpo,71.5,MIL,SF/PF,11700,34.5,68.9,5.895,34.333333333333336,65.78,69.23446601941747,3.7546741824629684,1.1103506707371444,3.4617481224061444,3.76840297963981,1.1086804861070756,3.105665960223513,2.9634822880815515
2,4,Donte DiVincenzo,13.8,MIL,PG/SG,3100,22.0,20.3,6.535,13.666666666666666,15.12,32.678048780487806,-0.2737691093613935,-0.25382947414973916,0.624102501156915,-0.5847057434673365,1.668103265826782,-0.688350217703932,-0.3241826370632972
2,5,Julius Randle,33.0,NY,PF/C,7000,34.0,39.05,5.59,33.666666666666664,35.010000000000005,39.43663366336634,1.280414259398005,1.055783464941669,1.1487290988180765,1.1244007015109732,0.8420805676469034,0.5741300356098797,0.9647267558013269
2,6,Derrick Favors,52.5,NO,PF/C,5500,29.0,34.5,6.25,23.666666666666668,24.639999999999997,42.27464788732394,0.9032657619123912,0.5101114069869156,1.3690263610749536,0.23332811053937533,1.4189853092328504,1.8563365428817198,0.6275632152346948
2,7,Will Barton,30.5,DEN,PG/SF,6600,32.5,32.1,4.859999999999999,35.333333333333336,34.98,29.525943396226413,0.7043302907111882,0.892081847555243,0.37942431010486016,1.121822863735741,0.20398895952911347,0.4097445859596438,0.5512776073238518
3,0,Devin Booker,40.0,PHO,PG/SG,8100,35.0,43.45,5.345000000000001,35.0,39.830000000000005,43.45,1.6451292899335443,1.1649178765326198,1.4602615812597566,1.5385733040647915,0.6279265347854542,1.0344092946305403,1.28036918189979
3,1,Donte DiVincenzo,13.8,MIL,PG/SG,3100,22.0,20.3,6.535,13.666666666666666,15.12,32.678048780487806,-0.2737691093613935,-0.25382947414973916,0.624102501156915,-0.5847057434673365,1.668103265826782,-0.688350217703932,-0.3241826370632972
3,2,Giannis Antetokounmpo,71.5,MIL,SF/PF,11700,34.5,68.9,5.895,34.333333333333336,65.78,69.23446601941747,3.7546741824629684,1.1103506707371444,3.4617481224061444,3.76840297963981,1.1086804861070756,3.105665960223513,2.9634822880815515
3,3,Taurean Prince,25.5,BKN,SF/PF,5300,32.0,26.4,4.98,28.333333333333332,25.98,29.816470588235294,0.23185854660833075,0.8375146417597676,0.4019761156844261,0.3484715311663708,0.3088807307265592,0.08097368665917198,0.1768227639652428
3,4,Jrue Holiday,64.5,NO,PG/SG,8200,37.0,44.15,5.37,35.666666666666664,38.93,45.80046728971963,1.7031521357005617,1.383186699714521,1.6427136298007619,1.4612381708078541,0.6497789871182548,2.6453867012028525,1.3301366709810558
3,5,Kenrich Williams,33.0,NO,SF/PF,4500,37.0,28.8,6.415,25.0,19.939999999999998,42.624,0.43079401780953397,1.383186699714521,1.3961443766706862,-0.17053314091351815,1.563211494629337,0.5741300356098797,0.26008870702629017
3,6,Derrick Favors,52.5,NO,PF/C,5500,29.0,34.5,6.25,23.666666666666668,24.639999999999997,42.27464788732394,0.9032657619123912,0.5101114069869156,1.3690263610749536,0.23332811053937533,1.4189853092328504,1.8563365428817198,0.6275632152346948
3,7,Frank Jackson,34.3,NO,PG/SG,3200,22.5,19.1,5.970000000000001,16.333333333333332,15.48,26.311224489795926,-0.37323684496199494,-0.1992622683542638,0.1298858236400231,-0.5537716901645616,1.1742378431054796,0.6596104694280023,-0.38282852070124573
4,0,Donte DiVincenzo,13.8,MIL,PG/SG,3100,22.0,20.3,6.535,13.666666666666666,15.12,32.678048780487806,-0.2737691093613935,-0.25382947414973916,0.624102501156915,-0.5847057434673365,1.668103265826782,-0.688350217703932,-0.3241826370632972
4,1,Jrue Holiday,64.5,NO,PG/SG,8200,37.0,44.15,5.37,35.666666666666664,38.93,45.80046728971963,1.7031521357005617,1.383186699714521,1.6427136298007619,1.4612381708078541,0.6497789871182548,2.6453867012028525,1.3301366709810558
4,2,Kevin Knox,7.8,NY,SF/PF,4300,23.0,17.6,4.0649999999999995,24.666666666666668,18.54,16.410810810810812,-0.49757151446274683,-0.14469506255878847,-0.6386212579240412,-0.29083223709097566,-0.4909190246539587,-1.0828752968644983,-0.3681659179923184
4,3,Giannis Antetokounmpo,71.5,MIL,SF/PF,11700,34.5,68.9,5.895,34.333333333333336,65.78,69.23446601941747,3.7546741824629684,1.1103506707371444,3.4617481224061444,3.76840297963981,1.1086804861070756,3.105665960223513,2.9634822880815515
4,4,Devin Booker,40.0,PHO,PG/SG,8100,35.0,43.45,5.345000000000001,35.0,39.830000000000005,43.45,1.6451292899335443,1.1649178765326198,1.4602615812597566,1.5385733040647915,0.6279265347854542,1.0344092946305403,1.28036918189979
4,5,Kenrich Williams,33.0,NO,SF/PF,4500,37.0,28.8,6.415,25.0,19.939999999999998,42.624,0.43079401780953397,1.383186699714521,1.3961443766706862,-0.17053314091351815,1.563211494629337,0.5741300356098797,0.26008870702629017
4,6,Derrick Favors,52.5,NO,PF/C,5500,29.0,34.5,6.25,23.666666666666668,24.639999999999997,42.27464788732394,0.9032657619123912,0.5101114069869156,1.3690263610749536,0.23332811053937533,1.4189853092328504,1.8563365428817198,0.6275632152346948
4,7,JJ Redick,27.8,NO,SG/SF,4500,35.5,26.2,5.845,28.0,21.5,33.21785714285714,0.21528059067489724,1.2194850823280952,0.6660044420878176,-0.03648557660149372,1.0649755814414736,0.23220830033738907,0.10502160070789593
5,0,RJ Barrett,19.8,NY,PG/SG,6200,35.0,33.0,5.3100000000000005,35.0,33.82,33.0,0.7789310924116393,1.1649178765326198,0.6490935571002128,1.0221464697601337,0.5973331015195327,-0.29382513854336584,0.5855372071082839
5,1,Donte DiVincenzo,13.8,MIL,PG/SG,3100,22.0,20.3,6.535,13.666666666666666,15.12,32.678048780487806,-0.2737691093613935,-0.25382947414973916,0.624102501156915,-0.5847057434673365,1.668103265826782,-0.688350217703932,-0.3241826370632972
5,2,Rodney McGruder,29.3,LAC,SG/SF,3000,25.5,13.350000000000001,4.4399999999999995,13.333333333333334,5.930000000000001,25.531875,-0.8498530780482105,0.12814096641858824,0.0693898058632279,-1.374383381946505,-0.16313223966194348,0.3308395701275306,-0.6405945242543932
5,3,Derrick Favors,52.5,NO,PF/C,5500,29.0,34.5,6.25,23.666666666666668,24.639999999999997,42.27464788732394,0.9032657619123912,0.5101114069869156,1.3690263610749536,0.23332811053937533,1.4189853092328504,1.8563365428817198,0.6275632152346948
5,4,Luka Doncic,74.5,DAL,PG/SG,10000,34.5,55.05,5.49,33.333333333333336,58.29,56.97674999999999,2.606650734072692,1.1103506707371444,2.5102584301401483,3.124802815090411,0.7546707583156997,3.3029284998037958,2.0782834602998252
5,5,Giannis Antetokounmpo,71.5,MIL,SF/PF,11700,34.5,68.9,5.895,34.333333333333336,65.78,69.23446601941747,3.7546741824629684,1.1103506707371444,3.4617481224061444,3.76840297963981,1.1086804861070756,3.105665960223513,2.9634822880815515
5,6,Julius Randle,33.0,NY,PF/C,7000,34.0,39.05,5.59,33.666666666666664,35.010000000000005,39.43663366336634,1.280414259398005,1.055783464941669,1.1487290988180765,1.1244007015109732,0.8420805676469034,0.5741300356098797,0.9647267558013269
5,7,Frank Jackson,34.3,NO,PG/SG,3200,22.5,19.1,5.970000000000001,16.333333333333332,15.48,26.311224489795926,-0.37323684496199494,-0.1992622683542638,0.1298858236400231,-0.5537716901645616,1.1742378431054796,0.6596104694280023,-0.38282852070124573
6,0,Frank Jackson,34.3,NO,PG/SG,3200,22.5,19.1,5.970000000000001,16.333333333333332,15.48,26.311224489795926,-0.37323684496199494,-0.1992622683542638,0.1298858236400231,-0.5537716901645616,1.1742378431054796,0.6596104694280023,-0.38282852070124573
6,1,Luka Doncic,74.5,DAL,PG/SG,10000,34.5,55.05,5.49,33.333333333333336,58.29,56.97674999999999,2.606650734072692,1.1103506707371444,2.5102584301401483,3.124802815090411,0.7546707583156997,3.3029284998037958,2.0782834602998252
6,2,Giannis Antetokounmpo,71.5,MIL,SF/PF,11700,34.5,68.9,5.895,34.333333333333336,65.78,69.23446601941747,3.7546741824629684,1.1103506707371444,3.4617481224061444,3.76840297963981,1.1086804861070756,3.105665960223513,2.9634822880815515
6,3,Kelly Oubre Jr.,47.3,PHO,SF/PF,5500,30.5,28.45,5.165,27.0,26.609999999999996,32.13796296296296,0.4017825949260251,0.6738130243733417,0.5821790231207215,0.40260612444622634,0.4705888779892864,1.514414807609229,0.2994978270622585
6,4,Jrue Holiday,64.5,NO,PG/SG,8200,37.0,44.15,5.37,35.666666666666664,38.93,45.80046728971963,1.7031521357005617,1.383186699714521,1.6427136298007619,1.4612381708078541,0.6497789871182548,2.6453867012028525,1.3301366709810558
6,5,Kenrich Williams,33.0,NO,SF/PF,4500,37.0,28.8,6.415,25.0,19.939999999999998,42.624,0.43079401780953397,1.383186699714521,1.3961443766706862,-0.17053314091351815,1.563211494629337,0.5741300356098797,0.26008870702629017
6,6,Damian Jones,29.0,ATL,C,3700,20.5,17.1,4.63,18.333333333333332,12.739999999999998,19.120909090909095,-0.5390164042963308,-0.4175310915361652,-0.4282533089149023,-0.7892142069690146,0.002946398067344566,0.3111133161695023,-0.44198298845849765
6,7,Donte DiVincenzo,13.8,MIL,PG/SG,3100,22.0,20.3,6.535,13.666666666666666,15.12,32.678048780487806,-0.2737691093613935,-0.25382947414973916,0.624102501156915,-0.5847057434673365,1.668103265826782,-0.688350217703932,-0.3241826370632972
7,0,Donte DiVincenzo,13.8,MIL,PG/SG,3100,22.0,20.3,6.535,13.666666666666666,15.12,32.678048780487806,-0.2737691093613935,-0.25382947414973916,0.624102501156915,-0.5847057434673365,1.668103265826782,-0.688350217703932,-0.3241826370632972
7,1,Lou Williams,50.5,LAC,PG/SG,7700,34.5,40.25,5.215,35.333333333333336,37.77,39.30070754716981,1.3798819949986068,1.1103506707371444,1.1381780060805817,1.3615617768322466,0.5142937826548882,1.724828183161531,1.0717629941589406
7,2,Giannis Antetokounmpo,71.5,MIL,SF/PF,11700,34.5,68.9,5.895,34.333333333333336,65.78,69.23446601941747,3.7546741824629684,1.1103506707371444,3.4617481224061444,3.76840297963981,1.1086804861070756,3.105665960223513,2.9634822880815515
7,3,Kenrich Williams,33.0,NO,SF/PF,4500,37.0,28.8,6.415,25.0,19.939999999999998,42.624,0.43079401780953397,1.383186699714521,1.3961443766706862,-0.17053314091351815,1.563211494629337,0.5741300356098797,0.26008870702629017
7,4,Jamal Murray,17.8,DEN,PG/SG,6800,32.5,36.75,5.390000000000001,34.0,35.05,35.12867647058823,1.089767766163519,0.892081847555243,0.8143293740114057,1.127837818544614,0.667260948984496,-0.4253334982635546,0.8200062181065509
7,5,Ersan Ilyasova,5.8,MIL,PF/C,3200,16.0,14.45,4.54,14.666666666666666,14.469999999999999,15.763636363636364,-0.758674320414326,-0.9086359436954432,-0.6888573553021313,-0.6405588952640133,-0.07572243033073896,-1.214383656584687,-0.6085292355434156
7,6,Derrick Favors,52.5,NO,PF/C,5500,29.0,34.5,6.25,23.666666666666668,24.639999999999997,42.27464788732394,0.9032657619123912,0.5101114069869156,1.3690263610749536,0.23332811053937533,1.4189853092328504,1.8563365428817198,0.6275632152346948
7,7,Julius Randle,33.0,NY,PF/C,7000,34.0,39.05,5.59,33.666666666666664,35.010000000000005,39.43663366336634,1.280414259398005,1.055783464941669,1.1487290988180765,1.1244007015109732,0.8420805676469034,0.5741300356098797,0.9647267558013269
8,0,Ricky Rubio,22.8,PHO,PG,7400,33.5,36.0,4.845,33.333333333333336,39.12,36.17999999999999,1.027600431413143,1.0012162591461937,0.8959370323946952,1.4775644767176517,0.19087748812943317,-0.09656259896308275,0.8297076642161203
8,1,Jrue Holiday,64.5,NO,PG/SG,8200,37.0,44.15,5.37,35.666666666666664,38.93,45.80046728971963,1.7031521357005617,1.383186699714521,1.6427136298007619,1.4612381708078541,0.6497789871182548,2.6453867012028525,1.3301366709810558
8,2,Giannis Antetokounmpo,71.5,MIL,SF/PF,11700,34.5,68.9,5.895,34.333333333333336,65.78,69.23446601941747,3.7546741824629684,1.1103506707371444,3.4617481224061444,3.76840297963981,1.1086804861070756,3.105665960223513,2.9634822880815515
8,3,Kenrich Williams,33.0,NO,SF/PF,4500,37.0,28.8,6.415,25.0,19.939999999999998,42.624,0.43079401780953397,1.383186699714521,1.3961443766706862,-0.17053314091351815,1.563211494629337,0.5741300356098797,0.26008870702629017
8,4,Donte DiVincenzo,13.8,MIL,PG/SG,3100,22.0,20.3,6.535,13.666666666666666,15.12,32.678048780487806,-0.2737691093613935,-0.25382947414973916,0.624102501156915,-0.5847057434673365,1.668103265826782,-0.688350217703932,-0.3241826370632972
8,5,JJ Redick,27.8,NO,SG/SF,4500,35.5,26.2,5.845,28.0,21.5,33.21785714285714,0.21528059067489724,1.2194850823280952,0.6660044420878176,-0.03648557660149372,1.0649755814414736,0.23220830033738907,0.10502160070789593
8,6,Julius Randle,33.0,NY,PF/C,7000,34.0,39.05,5.59,33.666666666666664,35.010000000000005,39.43663366336634,1.280414259398005,1.055783464941669,1.1487290988180765,1.1244007015109732,0.8420805676469034,0.5741300356098797,0.9647267558013269
8,7,Frank Jackson,34.3,NO,PG/SG,3200,22.5,19.1,5.970000000000001,16.333333333333332,15.48,26.311224489795926,-0.37323684496199494,-0.1992622683542638,0.1298858236400231,-0.5537716901645616,1.1742378431054796,0.6596104694280023,-0.38282852070124573
9,0,Jrue Holiday,64.5,NO,PG/SG,8200,37.0,44.15,5.37,35.666666666666664,38.93,45.80046728971963,1.7031521357005617,1.383186699714521,1.6427136298007619,1.4612381708078541,0.6497789871182548,2.6453867012028525,1.3301366709810558
9,1,Jamal Murray,17.8,DEN,PG/SG,6800,32.5,36.75,5.390000000000001,34.0,35.05,35.12867647058823,1.089767766163519,0.892081847555243,0.8143293740114057,1.127837818544614,0.667260948984496,-0.4253334982635546,0.8200062181065509
9,2,Kelly Oubre Jr.,47.3,PHO,SF/PF,5500,30.5,28.45,5.165,27.0,26.609999999999996,32.13796296296296,0.4017825949260251,0.6738130243733417,0.5821790231207215,0.40260612444622634,0.4705888779892864,1.514414807609229,0.2994978270622585
9,3,Giannis Antetokounmpo,71.5,MIL,SF/PF,11700,34.5,68.9,5.895,34.333333333333336,65.78,69.23446601941747,3.7546741824629684,1.1103506707371444,3.4617481224061444,3.76840297963981,1.1086804861070756,3.105665960223513,2.9634822880815515
9,4,Frank Jackson,34.3,NO,PG/SG,3200,22.5,19.1,5.970000000000001,16.333333333333332,15.48,26.311224489795926,-0.37323684496199494,-0.1992622683542638,0.1298858236400231,-0.5537716901645616,1.1742378431054796,0.6596104694280023,-0.38282852070124573
9,5,Kenrich Williams,33.0,NO,SF/PF,4500,37.0,28.8,6.415,25.0,19.939999999999998,42.624,0.43079401780953397,1.383186699714521,1.3961443766706862,-0.17053314091351815,1.563211494629337,0.5741300356098797,0.26008870702629017
9,6,Derrick Favors,52.5,NO,PF/C,5500,29.0,34.5,6.25,23.666666666666668,24.639999999999997,42.27464788732394,0.9032657619123912,0.5101114069869156,1.3690263610749536,0.23332811053937533,1.4189853092328504,1.8563365428817198,0.6275632152346948
9,7,Frank Kaminsky,32.5,PHO,PF/C,4500,21.5,20.45,4.535,23.666666666666668,21.15,18.57781690140845,-0.2613356424113184,-0.30839667994521447,-0.47041015277076054,-0.06656035064585826,-0.08009292079729907,0.5412529456798325,-0.21487227389188618
10,0,Donte DiVincenzo,13.8,MIL,PG/SG,3100,22.0,20.3,6.535,13.666666666666666,15.12,32.678048780487806,-0.2737691093613935,-0.25382947414973916,0.624102501156915,-0.5847057434673365,1.668103265826782,-0.688350217703932,-0.3241826370632972
10,1,Spencer Dinwiddie,26.8,BKN,PG/SG,5700,28.0,27.15,4.779999999999999,25.333333333333332,28.610000000000003,30.007894736842108,0.2940258813587067,0.40097699539596493,0.41683517294775735,0.5744619761283093,0.13406111206415017,0.16645412047729471,0.24400332836260422
10,2,Kenrich Williams,33.0,NO,SF/PF,4500,37.0,28.8,6.415,25.0,19.939999999999998,42.624,0.43079401780953397,1.383186699714521,1.3961443766706862,-0.17053314091351815,1.563211494629337,0.5741300356098797,0.26008870702629017
10,3,Derrick Favors,52.5,NO,PF/C,5500,29.0,34.5,6.25,23.666666666666668,24.639999999999997,42.27464788732394,0.9032657619123912,0.5101114069869156,1.3690263610749536,0.23332811053937533,1.4189853092328504,1.8563365428817198,0.6275632152346948
10,4,Jrue Holiday,64.5,NO,PG/SG,8200,37.0,44.15,5.37,35.666666666666664,38.93,45.80046728971963,1.7031521357005617,1.383186699714521,1.6427136298007619,1.4612381708078541,0.6497789871182548,2.6453867012028525,1.3301366709810558
10,5,Giannis Antetokounmpo,71.5,MIL,SF/PF,11700,34.5,68.9,5.895,34.333333333333336,65.78,69.23446601941747,3.7546741824629684,1.1103506707371444,3.4617481224061444,3.76840297963981,1.1086804861070756,3.105665960223513,2.9634822880815515
10,6,Julius Randle,33.0,NY,PF/C,7000,34.0,39.05,5.59,33.666666666666664,35.010000000000005,39.43663366336634,1.280414259398005,1.055783464941669,1.1487290988180765,1.1244007015109732,0.8420805676469034,0.5741300356098797,0.9647267558013269
10,7,Kevin Knox,7.8,NY,SF/PF,4300,23.0,17.6,4.0649999999999995,24.666666666666668,18.54,16.410810810810812,-0.49757151446274683,-0.14469506255878847,-0.6386212579240412,-0.29083223709097566,-0.4909190246539587,-1.0828752968644983,-0.3681659179923184
11,0,Donte DiVincenzo,13.8,MIL,PG/SG,3100,22.0,20.3,6.535,13.666666666666666,15.12,32.678048780487806,-0.2737691093613935,-0.25382947414973916,0.624102501156915,-0.5847057434673365,1.668103265826782,-0.688350217703932,-0.3241826370632972
11,1,Devin Booker,40.0,PHO,PG/SG,8100,35.0,43.45,5.345000000000001,35.0,39.830000000000005,43.45,1.6451292899335443,1.1649178765326198,1.4602615812597566,1.5385733040647915,0.6279265347854542,1.0344092946305403,1.28036918189979
11,2,Rodney McGruder,29.3,LAC,SG/SF,3000,25.5,13.350000000000001,4.4399999999999995,13.333333333333334,5.930000000000001,25.531875,-0.8498530780482105,0.12814096641858824,0.0693898058632279,-1.374383381946505,-0.16313223966194348,0.3308395701275306,-0.6405945242543932
11,3,Derrick Favors,52.5,NO,PF/C,5500,29.0,34.5,6.25,23.666666666666668,24.639999999999997,42.27464788732394,0.9032657619123912,0.5101114069869156,1.3690263610749536,0.23332811053937533,1.4189853092328504,1.8563365428817198,0.6275632152346948
11,4,Ricky Rubio,22.8,PHO,PG,7400,33.5,36.0,4.845,33.333333333333336,39.12,36.17999999999999,1.027600431413143,1.0012162591461937,0.8959370323946952,1.4775644767176517,0.19087748812943317,-0.09656259896308275,0.8297076642161203
11,5,Giannis Antetokounmpo,71.5,MIL,SF/PF,11700,34.5,68.9,5.895,34.333333333333336,65.78,69.23446601941747,3.7546741824629684,1.1103506707371444,3.4617481224061444,3.76840297963981,1.1086804861070756,3.105665960223513,2.9634822880815515
11,6,Brook Lopez,19.5,MIL,C,5200,27.5,27.55,5.295,25.666666666666668,24.93,29.517857142857142,0.32718179322557406,0.3464097896004896,0.37879662492128074,0.2582472090332775,0.5842216301198515,-0.3135513925013942,0.21877675025010807
11,7,Spencer Dinwiddie,26.8,BKN,PG/SG,5700,28.0,27.15,4.779999999999999,25.333333333333332,28.610000000000003,30.007894736842108,0.2940258813587067,0.40097699539596493,0.41683517294775735,0.5744619761283093,0.13406111206415017,0.16645412047729471,0.24400332836260422
12,0,Ricky Rubio,22.8,PHO,PG,7400,33.5,36.0,4.845,33.333333333333336,39.12,36.17999999999999,1.027600431413143,1.0012162591461937,0.8959370323946952,1.4775644767176517,0.19087748812943317,-0.09656259896308275,0.8297076642161203
12,1,David Nwaba,5.8,BKN,SG/SF,3000,0.0,2.9,0.96,11.666666666666666,7.12,0.0,-1.7160512755701156,-2.654786529150654,-1.9124896770878195,-1.2721291501956657,-3.204993604387844,-1.214383656584687,-1.1293310342136524
12,2,JJ Redick,27.8,NO,SG/SF,4500,35.5,26.2,5.845,28.0,21.5,33.21785714285714,0.21528059067489724,1.2194850823280952,0.6660044420878176,-0.03648557660149372,1.0649755814414736,0.23220830033738907,0.10502160070789593
12,3,Giannis Antetokounmpo,71.5,MIL,SF/PF,11700,34.5,68.9,5.895,34.333333333333336,65.78,69.23446601941747,3.7546741824629684,1.1103506707371444,3.4617481224061444,3.76840297963981,1.1086804861070756,3.105665960223513,2.9634822880815515
12,4,Donte DiVincenzo,13.8,MIL,PG/SG,3100,22.0,20.3,6.535,13.666666666666666,15.12,32.678048780487806,-0.2737691093613935,-0.25382947414973916,0.624102501156915,-0.5847057434673365,1.668103265826782,-0.688350217703932,-0.3241826370632972
12,5,Kenrich Williams,33.0,NO,SF/PF,4500,37.0,28.8,6.415,25.0,19.939999999999998,42.624,0.43079401780953397,1.383186699714521,1.3961443766706862,-0.17053314091351815,1.563211494629337,0.5741300356098797,0.26008870702629017
12,6,Julius Randle,33.0,NY,PF/C,7000,34.0,39.05,5.59,33.666666666666664,35.010000000000005,39.43663366336634,1.280414259398005,1.055783464941669,1.1487290988180765,1.1244007015109732,0.8420805676469034,0.5741300356098797,0.9647267558013269
12,7,Devin Booker,40.0,PHO,PG/SG,8100,35.0,43.45,5.345000000000001,35.0,39.830000000000005,43.45,1.6451292899335443,1.1649178765326198,1.4602615812597566,1.5385733040647915,0.6279265347854542,1.0344092946305403,1.28036918189979
13,0,Frank Jackson,34.3,NO,PG/SG,3200,22.5,19.1,5.970000000000001,16.333333333333332,15.48,26.311224489795926,-0.37323684496199494,-0.1992622683542638,0.1298858236400231,-0.5537716901645616,1.1742378431054796,0.6596104694280023,-0.38282852070124573
13,1,Donte DiVincenzo,13.8,MIL,PG/SG,3100,22.0,20.3,6.535,13.666666666666666,15.12,32.678048780487806,-0.2737691093613935,-0.25382947414973916,0.624102501156915,-0.5847057434673365,1.668103265826782,-0.688350217703932,-0.3241826370632972
13,2,JJ Redick,27.8,NO,SG/SF,4500,35.5,26.2,5.845,28.0,21.5,33.21785714285714,0.21528059067489724,1.2194850823280952,0.6660044420878176,-0.03648557660149372,1.0649755814414736,0.23220830033738907,0.10502160070789593
13,3,Kenrich Williams,33.0,NO,SF/PF,4500,37.0,28.8,6.415,25.0,19.939999999999998,42.624,0.43079401780953397,1.383186699714521,1.3961443766706862,-0.17053314091351815,1.563211494629337,0.5741300356098797,0.26008870702629017
13,4,Rodney McGruder,29.3,LAC,SG/SF,3000,25.5,13.350000000000001,4.4399999999999995,13.333333333333334,5.930000000000001,25.531875,-0.8498530780482105,0.12814096641858824,0.0693898058632279,-1.374383381946505,-0.16313223966194348,0.3308395701275306,-0.6405945242543932
13,5,Giannis Antetokounmpo,71.5,MIL,SF/PF,11700,34.5,68.9,5.895,34.333333333333336,65.78,69.23446601941747,3.7546741824629684,1.1103506707371444,3.4617481224061444,3.76840297963981,1.1086804861070756,3.105665960223513,2.9634822880815515
13,6,Jarrett Allen,33.0,BKN,PF/C,4200,24.0,23.15,5.51,21.333333333333332,23.45,26.043750000000003,-0.03753323730996503,-0.03556065096783778,0.10912345489353116,0.13107387878853652,0.7721527201819401,0.5741300356098797,-0.08498011603463772
13,7,Luka Doncic,74.5,DAL,PG/SG,10000,34.5,55.05,5.49,33.333333333333336,58.29,56.97674999999999,2.606650734072692,1.1103506707371444,2.5102584301401483,3.124802815090411,0.7546707583156997,3.3029284998037958,2.0782834602998252
14,0,Devin Booker,40.0,PHO,PG/SG,8100,35.0,43.45,5.345000000000001,35.0,39.830000000000005,43.45,1.6451292899335443,1.1649178765326198,1.4602615812597566,1.5385733040647915,0.6279265347854542,1.0344092946305403,1.28036918189979
14,1,Spencer Dinwiddie,26.8,BKN,PG/SG,5700,28.0,27.15,4.779999999999999,25.333333333333332,28.610000000000003,30.007894736842108,0.2940258813587067,0.40097699539596493,0.41683517294775735,0.5744619761283093,0.13406111206415017,0.16645412047729471,0.24400332836260422
14,2,De'Andre Hunter,29.3,ATL,SF/PF,4000,35.5,21.9,5.455,34.333333333333336,19.439999999999998,22.64417475728155,-0.14114546189392493,1.2194850823280952,-0.15476427071581117,-0.21349710383403875,0.7240773250497782,0.3308395701275306,-0.1804148731731044
14,3,Giannis Antetokounmpo,71.5,MIL,SF/PF,11700,34.5,68.9,5.895,34.333333333333336,65.78,69.23446601941747,3.7546741824629684,1.1103506707371444,3.4617481224061444,3.76840297963981,1.1086804861070756,3.105665960223513,2.9634822880815515
14,4,Frank Jackson,34.3,NO,PG/SG,3200,22.5,19.1,5.970000000000001,16.333333333333332,15.48,26.311224489795926,-0.37323684496199494,-0.1992622683542638,0.1298858236400231,-0.5537716901645616,1.1742378431054796,0.6596104694280023,-0.38282852070124573
14,5,Rodney McGruder,29.3,LAC,SG/SF,3000,25.5,13.350000000000001,4.4399999999999995,13.333333333333334,5.930000000000001,25.531875,-0.8498530780482105,0.12814096641858824,0.0693898058632279,-1.374383381946505,-0.16313223966194348,0.3308395701275306,-0.6405945242543932
14,6,Derrick Favors,52.5,NO,PF/C,5500,29.0,34.5,6.25,23.666666666666668,24.639999999999997,42.27464788732394,0.9032657619123912,0.5101114069869156,1.3690263610749536,0.23332811053937533,1.4189853092328504,1.8563365428817198,0.6275632152346948
14,7,Patrick Patterson,3.5,LAC,PF/C,3100,0.0,4.0,1.29,14.0,9.7,0.0,-1.6248725179362309,-2.654786529150654,-1.9124896770878195,-1.0504351015257798,-2.9165412335948706,-1.365618270262904,-1.08185044363648
15,0,Ricky Rubio,22.8,PHO,PG,7400,33.5,36.0,4.845,33.333333333333336,39.12,36.17999999999999,1.027600431413143,1.0012162591461937,0.8959370323946952,1.4775644767176517,0.19087748812943317,-0.09656259896308275,0.8297076642161203
15,1,Devin Booker,40.0,PHO,PG/SG,8100,35.0,43.45,5.345000000000001,35.0,39.830000000000005,43.45,1.6451292899335443,1.1649178765326198,1.4602615812597566,1.5385733040647915,0.6279265347854542,1.0344092946305403,1.28036918189979
15,2,Taurean Prince,25.5,BKN,SF/PF,5300,32.0,26.4,4.98,28.333333333333332,25.98,29.816470588235294,0.23185854660833075,0.8375146417597676,0.4019761156844261,0.3484715311663708,0.3088807307265592,0.08097368665917198,0.1768227639652428
15,3,Kenrich Williams,33.0,NO,SF/PF,4500,37.0,28.8,6.415,25.0,19.939999999999998,42.624,0.43079401780953397,1.383186699714521,1.3961443766706862,-0.17053314091351815,1.563211494629337,0.5741300356098797,0.26008870702629017
15,4,Frank Jackson,34.3,NO,PG/SG,3200,22.5,19.1,5.970000000000001,16.333333333333332,15.48,26.311224489795926,-0.37323684496199494,-0.1992622683542638,0.1298858236400231,-0.5537716901645616,1.1742378431054796,0.6596104694280023,-0.38282852070124573
15,5,JJ Redick,27.8,NO,SG/SF,4500,35.5,26.2,5.845,28.0,21.5,33.21785714285714,0.21528059067489724,1.2194850823280952,0.6660044420878176,-0.03648557660149372,1.0649755814414736,0.23220830033738907,0.10502160070789593
15,6,Derrick Favors,52.5,NO,PF/C,5500,29.0,34.5,6.25,23.666666666666668,24.639999999999997,42.27464788732394,0.9032657619123912,0.5101114069869156,1.3690263610749536,0.23332811053937533,1.4189853092328504,1.8563365428817198,0.6275632152346948
15,7,Cameron Johnson,22.5,PHO,SF/PF,3400,23.5,16.55,4.845000000000001,19.333333333333332,14.270000000000001,20.116810344827588,-0.5846057831132733,-0.09012785676331313,-0.35094773452264627,-0.6577444804322213,0.19087748812943395,-0.11628885292111112,-0.483611213886065
16,0,Frank Jackson,34.3,NO,PG/SG,3200,22.5,19.1,5.970000000000001,16.333333333333332,15.48,26.311224489795926,-0.37323684496199494,-0.1992622683542638,0.1298858236400231,-0.5537716901645616,1.1742378431054796,0.6596104694280023,-0.38282852070124573
16,1,Spencer Dinwiddie,26.8,BKN,PG/SG,5700,28.0,27.15,4.779999999999999,25.333333333333332,28.610000000000003,30.007894736842108,0.2940258813587067,0.40097699539596493,0.41683517294775735,0.5744619761283093,0.13406111206415017,0.16645412047729471,0.24400332836260422
16,2,DeAndre' Bembry,19.5,ATL,PG/SF,3900,30.5,21.5,5.52,29.666666666666668,20.259999999999998,22.103932584269664,-0.174301373760792,0.6738130243733417,-0.1966998856487978,-0.14303620464438496,0.7808937011150604,-0.3135513925013942,-0.2108283818209274
16,3,Kenrich Williams,33.0,NO,SF/PF,4500,37.0,28.8,6.415,25.0,19.939999999999998,42.624,0.43079401780953397,1.383186699714521,1.3961443766706862,-0.17053314091351815,1.563211494629337,0.5741300356098797,0.26008870702629017
16,4,Jamal Murray,17.8,DEN,PG/SG,6800,32.5,36.75,5.390000000000001,34.0,35.05,35.12867647058823,1.089767766163519,0.892081847555243,0.8143293740114057,1.127837818544614,0.667260948984496,-0.4253334982635546,0.8200062181065509
16,5,Michael Porter Jr.,1.3,DEN,SF/PF,3000,0.0,3.65,1.21,8.0,6.8100000000000005,0.0,-1.6538839408197397,-2.654786529150654,-1.9124896770878195,-1.2987668072063887,-2.986469081059834,-1.5102774659551117,-1.1033938604431124
16,6,Frank Kaminsky,32.5,PHO,PF/C,4500,21.5,20.45,4.535,23.666666666666668,21.15,18.57781690140845,-0.2613356424113184,-0.30839667994521447,-0.47041015277076054,-0.06656035064585826,-0.08009292079729907,0.5412529456798325,-0.21487227389188618
16,7,Giannis Antetokounmpo,71.5,MIL,SF/PF,11700,34.5,68.9,5.895,34.333333333333336,65.78,69.23446601941747,3.7546741824629684,1.1103506707371444,3.4617481224061444,3.76840297963981,1.1086804861070756,3.105665960223513,2.9634822880815515
17,0,Frank Ntilikina,14.3,NY,PG/SG,4600,32.0,21.85,4.735,29.333333333333332,19.53,23.83636363636364,-0.1452899508772831,0.8375146417597676,-0.06222211784786869,-0.20576359050834475,0.09472669786510919,-0.6554731277738849,-0.12323604439855944
17,1,Frank Jackson,34.3,NO,PG/SG,3200,22.5,19.1,5.970000000000001,16.333333333333332,15.48,26.311224489795926,-0.37323684496199494,-0.1992622683542638,0.1298858236400231,-0.5537716901645616,1.1742378431054796,0.6596104694280023,-0.38282852070124573
17,2,Michael Porter Jr.,1.3,DEN,SF/PF,3000,0.0,3.65,1.21,8.0,6.8100000000000005,0.0,-1.6538839408197397,-2.654786529150654,-1.9124896770878195,-1.2987668072063887,-2.986469081059834,-1.5102774659551117,-1.1033938604431124
17,3,Montrezl Harrell,42.8,LAC,PF/C,7600,32.0,35.85,4.720000000000001,33.333333333333336,36.39,34.416,1.0151669644630679,0.8375146417597676,0.7590087649671898,1.2429812391716095,0.08161522646542886,1.2185209982388043,0.8158269937715353
17,4,Luka Doncic,74.5,DAL,PG/SG,10000,34.5,55.05,5.49,33.333333333333336,58.29,56.97674999999999,2.606650734072692,1.1103506707371444,2.5102584301401483,3.124802815090411,0.7546707583156997,3.3029284998037958,2.0782834602998252
17,5,David Nwaba,5.8,BKN,SG/SF,3000,0.0,2.9,0.96,11.666666666666666,7.12,0.0,-1.7160512755701156,-2.654786529150654,-1.9124896770878195,-1.2721291501956657,-3.204993604387844,-1.214383656584687,-1.1293310342136524
17,6,Maxi Kleber,4.5,DAL,PF/C,5100,26.5,23.0,4.505,27.666666666666668,23.1,22.03012048192771,-0.0499667042600401,0.23727537800953893,-0.20242945667423176,0.10099910474417229,-0.1063158635966605,-1.2998640904028098,-0.036734333088421195
17,7,Trae Young,45.3,ATL,PG,9600,37.5,52.2,5.43,37.666666666666664,51.0,51.96902654867257,2.370414862021264,1.4377539055099964,2.1215402351592227,2.4983882357092213,0.7022248727169769,1.3829064478890403,1.8705151135961249
18,0,Coby White,44.3,CHI,PG/SG,5400,27.0,25.15,4.66,25.666666666666668,22.35,26.456493506493505,0.12824632202437083,0.29184258380501427,0.14116214720425038,0.03655316036339141,0.029169340866706,1.3171522680289458,0.10119072240228488
18,1,RJ Barrett,19.8,NY,PG/SG,6200,35.0,33.0,5.3100000000000005,35.0,33.82,33.0,0.7789310924116393,1.1649178765326198,0.6490935571002128,1.0221464697601337,0.5973331015195327,-0.29382513854336584,0.5855372071082839
18,2,Kevin Knox,7.8,NY,SF/PF,4300,23.0,17.6,4.0649999999999995,24.666666666666668,18.54,16.410810810810812,-0.49757151446274683,-0.14469506255878847,-0.6386212579240412,-0.29083223709097566,-0.4909190246539587,-1.0828752968644983,-0.3681659179923184
18,3,Moe Harkless,17.8,LAC,SF/PF,3800,27.5,19.0,4.970000000000001,24.0,14.66,21.770833333333332,-0.38152582292871184,0.3464097896004896,-0.22255629342210387,-0.6242325893542153,0.300139749793439,-0.4253334982635546,-0.33517684234922995
18,4,Rodney McGruder,29.3,LAC,SG/SF,3000,25.5,13.350000000000001,4.4399999999999995,13.333333333333334,5.930000000000001,25.531875,-0.8498530780482105,0.12814096641858824,0.0693898058632279,-1.374383381946505,-0.16313223966194348,0.3308395701275306,-0.6405945242543932
18,5,Wendell Carter Jr.,22.0,CHI,PF/C,5600,30.5,29.75,5.33,30.666666666666668,31.869999999999997,29.5883152173913,0.5095393084933435,0.6738130243733417,0.38426584378309503,0.8545870143701031,0.6148150633857731,-0.14916594285115828,0.3657878497609958
18,6,Derrick Favors,52.5,NO,PF/C,5500,29.0,34.5,6.25,23.666666666666668,24.639999999999997,42.27464788732394,0.9032657619123912,0.5101114069869156,1.3690263610749536,0.23332811053937533,1.4189853092328504,1.8563365428817198,0.6275632152346948
18,7,Zach LaVine,46.8,CHI,PG/SG,7100,32.0,35.75,5.055,31.666666666666668,34.989999999999995,36.126315789473686,1.006877986496351,0.8375146417597676,0.8917698634969738,1.1226821429941514,0.3744380877249616,1.4815377176791817,0.7890858046031336
19,0,Cam Reddish,15.8,ATL,PG/SG,3300,27.0,17.8,5.359999999999999,21.333333333333332,14.959999999999999,22.528125000000003,-0.4809935585293133,0.29184258380501427,-0.16377248624865975,-0.5984542116019032,0.6410380061851337,-0.5568418579837433,-0.4337767448686802
19,1,Tomas Satoransky,27.5,CHI,PG/SG,5000,26.5,22.3,4.45,25.333333333333332,23.139999999999997,23.326973684210525,-0.1079895500270576,0.23727537800953893,-0.10176286818420995,0.10443622177781356,-0.15439125872882248,0.21248204637936072,-0.06906413322032336
19,2,Jabari Parker,40.3,ATL,SF/PF,7200,33.5,36.25,5.015,31.666666666666668,33.489999999999995,38.348684210526315,1.048322876329935,1.0012162591461937,1.06427839948356,0.9937902542325896,0.33947416399248,1.0541355485885684,0.8296797886100897
19,3,Wendell Carter Jr.,22.0,CHI,PF/C,5600,30.5,29.75,5.33,30.666666666666668,31.869999999999997,29.5883152173913,0.5095393084933435,0.6738130243733417,0.38426584378309503,0.8545870143701031,0.6148150633857731,-0.14916594285115828,0.3657878497609958
19,4,JJ Redick,27.8,NO,SG/SF,4500,35.5,26.2,5.845,28.0,21.5,33.21785714285714,0.21528059067489724,1.2194850823280952,0.6660044420878176,-0.03648557660149372,1.0649755814414736,0.23220830033738907,0.10502160070789593
19,5,De'Andre Hunter,29.3,ATL,SF/PF,4000,35.5,21.9,5.455,34.333333333333336,19.439999999999998,22.64417475728155,-0.14114546189392493,1.2194850823280952,-0.15476427071581117,-0.21349710383403875,0.7240773250497782,0.3308395701275306,-0.1804148731731044
19,6,Ivica Zubac,15.8,LAC,C,4400,16.0,20.15,4.5649999999999995,15.0,21.49,21.493333333333332,-0.28620257631146884,-0.9086359436954432,-0.24409687970959412,-0.03734485585990426,-0.05386997799793841,-0.5568418579837433,-0.22164466716606718
19,7,Will Barton,30.5,DEN,PG/SF,6600,32.5,32.1,4.859999999999999,35.333333333333336,34.98,29.525943396226413,0.7043302907111882,0.892081847555243,0.37942431010486016,1.121822863735741,0.20398895952911347,0.4097445859596438,0.5512776073238518
20,0,Jrue Holiday,64.5,NO,PG/SG,8200,37.0,44.15,5.37,35.666666666666664,38.93,45.80046728971963,1.7031521357005617,1.383186699714521,1.6427136298007619,1.4612381708078541,0.6497789871182548,2.6453867012028525,1.3301366709810558
20,1,Donte DiVincenzo,13.8,MIL,PG/SG,3100,22.0,20.3,6.535,13.666666666666666,15.12,32.678048780487806,-0.2737691093613935,-0.25382947414973916,0.624102501156915,-0.5847057434673365,1.668103265826782,-0.688350217703932,-0.3241826370632972
20,2,David Nwaba,5.8,BKN,SG/SF,3000,0.0,2.9,0.96,11.666666666666666,7.12,0.0,-1.7160512755701156,-2.654786529150654,-1.9124896770878195,-1.2721291501956657,-3.204993604387844,-1.214383656584687,-1.1293310342136524
20,3,Cameron Johnson,22.5,PHO,SF/PF,3400,23.5,16.55,4.845000000000001,19.333333333333332,14.270000000000001,20.116810344827588,-0.5846057831132733,-0.09012785676331313,-0.35094773452264627,-0.6577444804322213,0.19087748812943395,-0.11628885292111112,-0.483611213886065
20,4,RJ Barrett,19.8,NY,PG/SG,6200,35.0,33.0,5.3100000000000005,35.0,33.82,33.0,0.7789310924116393,1.1649178765326198,0.6490935571002128,1.0221464697601337,0.5973331015195327,-0.29382513854336584,0.5855372071082839
20,5,Dorian Finney-Smith,15.0,DAL,SF/PF,3700,25.0,18.15,4.885,25.333333333333332,17.05,17.911184210526315,-0.4519821356458047,0.0735737606231129,-0.5221566716897099,-0.4188648465941269,0.2258414118619148,-0.6094452018718188,-0.3932646982648936
20,6,Nikola Jokic,37.5,DEN,C,8600,31.0,50.9,5.915,32.0,43.62,49.309374999999996,2.262658148453945,0.728380230168817,1.9150881498300742,1.864240143002337,1.1261624479733168,0.8700238449803044,1.7254642664417825
20,7,Jalen Brunson,7.5,DAL,PG/SG,4300,19.0,16.7,3.87,21.333333333333332,18.44,14.8734375,-0.5721723161631982,-0.5812327089225912,-0.7579579154289238,-0.2994250296750796,-0.6613681528498061,-1.1026015508225266,-0.4157633673278435
21,0,Trae Young,45.3,ATL,PG,9600,37.5,52.2,5.43,37.666666666666664,51.0,51.96902654867257,2.370414862021264,1.4377539055099964,2.1215402351592227,2.4983882357092213,0.7022248727169769,1.3829064478890403,1.8705151135961249
21,1,JJ Redick,27.8,NO,SG/SF,4500,35.5,26.2,5.845,28.0,21.5,33.21785714285714,0.21528059067489724,1.2194850823280952,0.6660044420878176,-0.03648557660149372,1.0649755814414736,0.23220830033738907,0.10502160070789593
21,2,Tim Hardaway Jr.,20.0,DAL,SG/SF,3900,21.5,18.0,4.635,22.333333333333332,18.34,17.328358208955223,-0.4644156025958798,-0.30839667994521447,-0.5673978024192057,-0.30801782225918384,0.007316888533904675,-0.280674302571347,-0.38352789019342937
21,3,Moe Harkless,17.8,LAC,SF/PF,3800,27.5,19.0,4.970000000000001,24.0,14.66,21.770833333333332,-0.38152582292871184,0.3464097896004896,-0.22255629342210387,-0.6242325893542153,0.300139749793439,-0.4253334982635546,-0.33517684234922995
21,4,Mikal Bridges,14.8,PHO,SG/SF,3600,19.5,15.95,4.445,20.666666666666668,15.430000000000001,15.049596774193548,-0.6343396509135741,-0.5266655031271159,-0.7442837747222291,-0.5580680864566135,-0.15876174919538258,-0.6225960378438377,-0.5109133689210039
21,5,David Nwaba,5.8,BKN,SG/SF,3000,0.0,2.9,0.96,11.666666666666666,7.12,0.0,-1.7160512755701156,-2.654786529150654,-1.9124896770878195,-1.2721291501956657,-3.204993604387844,-1.214383656584687,-1.1293310342136524
21,6,Maxi Kleber,4.5,DAL,PF/C,5100,26.5,23.0,4.505,27.666666666666668,23.1,22.03012048192771,-0.0499667042600401,0.23727537800953893,-0.20242945667423176,0.10099910474417229,-0.1063158635966605,-1.2998640904028098,-0.036734333088421195
21,7,Taurean Prince,25.5,BKN,SF/PF,5300,32.0,26.4,4.98,28.333333333333332,25.98,29.816470588235294,0.23185854660833075,0.8375146417597676,0.4019761156844261,0.3484715311663708,0.3088807307265592,0.08097368665917198,0.1768227639652428
22,0,Frank Jackson,34.3,NO,PG/SG,3200,22.5,19.1,5.970000000000001,16.333333333333332,15.48,26.311224489795926,-0.37323684496199494,-0.1992622683542638,0.1298858236400231,-0.5537716901645616,1.1742378431054796,0.6596104694280023,-0.38282852070124573
22,1,Pat Connaughton,18.5,MIL,SG/SF,3600,16.0,15.95,4.43,15.333333333333334,12.809999999999999,16.643478260869564,-0.6343396509135741,-0.9086359436954432,-0.6205607415842903,-0.7831992521601416,-0.17187322059506369,-0.3793055723614886,-0.5084326994237316
22,2,Cameron Johnson,22.5,PHO,SF/PF,3400,23.5,16.55,4.845000000000001,19.333333333333332,14.270000000000001,20.116810344827588,-0.5846057831132733,-0.09012785676331313,-0.35094773452264627,-0.6577444804322213,0.19087748812943395,-0.11628885292111112,-0.483611213886065
22,3,Frank Kaminsky,32.5,PHO,PF/C,4500,21.5,20.45,4.535,23.666666666666668,21.15,18.57781690140845,-0.2613356424113184,-0.30839667994521447,-0.47041015277076054,-0.06656035064585826,-0.08009292079729907,0.5412529456798325,-0.21487227389188618
22,4,Will Barton,30.5,DEN,PG/SF,6600,32.5,32.1,4.859999999999999,35.333333333333336,34.98,29.525943396226413,0.7043302907111882,0.892081847555243,0.37942431010486016,1.121822863735741,0.20398895952911347,0.4097445859596438,0.5512776073238518
22,5,Sterling Brown,12.3,MIL,SG/SF,4400,18.5,18.55,4.21,16.0,14.85,21.4484375,-0.41882622377893736,-0.6357999147180665,-0.24758186195055057,-0.6079062834444176,-0.3641748011237124,-0.7869814874940736,-0.3065454396816208
22,6,Julius Randle,33.0,NY,PF/C,7000,34.0,39.05,5.59,33.666666666666664,35.010000000000005,39.43663366336634,1.280414259398005,1.055783464941669,1.1487290988180765,1.1244007015109732,0.8420805676469034,0.5741300356098797,0.9647267558013269
22,7,Dennis Smith Jr.,32.5,NY,PG,3200,13.0,11.850000000000001,3.685,11.0,5.8100000000000005,14.004545454545456,-0.9741877475489624,-1.2360391784682954,-0.8254045607609148,-1.38469473304743,-0.8230763001125336,0.5412529456798325,-0.7290481230594225
23,0,Donte DiVincenzo,13.8,MIL,PG/SG,3100,22.0,20.3,6.535,13.666666666666666,15.12,32.678048780487806,-0.2737691093613935,-0.25382947414973916,0.624102501156915,-0.5847057434673365,1.668103265826782,-0.688350217703932,-0.3241826370632972
23,1,Frank Jackson,34.3,NO,PG/SG,3200,22.5,19.1,5.970000000000001,16.333333333333332,15.48,26.311224489795926,-0.37323684496199494,-0.1992622683542638,0.1298858236400231,-0.5537716901645616,1.1742378431054796,0.6596104694280023,-0.38282852070124573
23,2,Kevin Knox,7.8,NY,SF/PF,4300,23.0,17.6,4.0649999999999995,24.666666666666668,18.54,16.410810810810812,-0.49757151446274683,-0.14469506255878847,-0.6386212579240412,-0.29083223709097566,-0.4909190246539587,-1.0828752968644983,-0.3681659179923184
23,3,Frank Kaminsky,32.5,PHO,PF/C,4500,21.5,20.45,4.535,23.666666666666668,21.15,18.57781690140845,-0.2613356424113184,-0.30839667994521447,-0.47041015277076054,-0.06656035064585826,-0.08009292079729907,0.5412529456798325,-0.21487227389188618
23,4,Zach LaVine,46.8,CHI,PG/SG,7100,32.0,35.75,5.055,31.666666666666668,34.989999999999995,36.126315789473686,1.006877986496351,0.8375146417597676,0.8917698634969738,1.1226821429941514,0.3744380877249616,1.4815377176791817,0.7890858046031336
23,5,JJ Redick,27.8,NO,SG/SF,4500,35.5,26.2,5.845,28.0,21.5,33.21785714285714,0.21528059067489724,1.2194850823280952,0.6660044420878176,-0.03648557660149372,1.0649755814414736,0.23220830033738907,0.10502160070789593
23,6,Bruno Fernando,6.8,ATL,C,3100,0.0,4.65,1.49,9.666666666666666,8.77,0.0,-1.5709941611525717,-2.654786529150654,-1.9124896770878195,-1.130348072557948,-2.7417216149324624,-1.1486294767245926,-1.059551829378279
23,7,Kenrich Williams,33.0,NO,SF/PF,4500,37.0,28.8,6.415,25.0,19.939999999999998,42.624,0.43079401780953397,1.383186699714521,1.3961443766706862,-0.17053314091351815,1.563211494629337,0.5741300356098797,0.26008870702629017
24,0,Delon Wright,14.5,DAL,PG/SG,3800,22.0,19.8,5.1850000000000005,22.666666666666668,19.859999999999996,19.21764705882353,-0.31521399919497745,-0.25382947414973916,-0.42074414659008297,-0.1774073749808016,0.48807083985552757,-0.6423222918018661,-0.3037320029066581
24,1,Frank Jackson,34.3,NO,PG/SG,3200,22.5,19.1,5.970000000000001,16.333333333333332,15.48,26.311224489795926,-0.37323684496199494,-0.1992622683542638,0.1298858236400231,-0.5537716901645616,1.1742378431054796,0.6596104694280023,-0.38282852070124573
24,2,Joe Harris,14.3,BKN,SG/SF,4600,33.0,22.85,4.95,30.333333333333332,22.709999999999997,24.858791208791214,-0.06240017121011517,0.9466490533507184,0.017142528446132642,0.06748721366616588,0.2826577879271978,-0.6554731277738849,-0.06696054625801477
24,3,Dario Saric,34.5,PHO,SF/PF,5200,28.5,24.6,4.755,28.666666666666668,23.740000000000002,24.456976744186047,0.08265694320742871,0.4555442011914403,-0.0140478108201351,0.1559929772824387,0.11220865973134964,0.6727613054000213,0.0544087125747967
24,4,Jamal Murray,17.8,DEN,PG/SG,6800,32.5,36.75,5.390000000000001,34.0,35.05,35.12867647058823,1.089767766163519,0.892081847555243,0.8143293740114057,1.127837818544614,0.667260948984496,-0.4253334982635546,0.8200062181065509
24,5,JJ Redick,27.8,NO,SG/SF,4500,35.5,26.2,5.845,28.0,21.5,33.21785714285714,0.21528059067489724,1.2194850823280952,0.6660044420878176,-0.03648557660149372,1.0649755814414736,0.23220830033738907,0.10502160070789593
24,6,Taj Gibson,14.0,NY,PF/C,4400,14.5,10.95,2.4850000000000003,19.0,13.77,8.35657894736842,-1.0487885492494138,-1.0723375610818693,-1.263820812640922,-0.7007084433527421,-1.871994012086982,-0.6751993817319132,-0.7010426431578937
24,7,Dennis Smith Jr.,32.5,NY,PG,3200,13.0,11.850000000000001,3.685,11.0,5.8100000000000005,14.004545454545456,-0.9741877475489624,-1.2360391784682954,-0.8254045607609148,-1.38469473304743,-0.8230763001125336,0.5412529456798325,-0.7290481230594225
25,0,Zach LaVine,46.8,CHI,PG/SG,7100,32.0,35.75,5.055,31.666666666666668,34.989999999999995,36.126315789473686,1.006877986496351,0.8375146417597676,0.8917698634969738,1.1226821429941514,0.3744380877249616,1.4815377176791817,0.7890858046031336
25,1,Seth Curry,6.0,DAL,PG/SG,3300,21.0,14.65,4.4350000000000005,20.333333333333332,13.209999999999999,15.13032786885246,-0.7420963644808923,-0.36296388574068983,-0.73801712567508,-0.7488280818237252,-0.1675027301285028,-1.2012328206126681,-0.5936353837255776
25,2,De'Andre Hunter,29.3,ATL,SF/PF,4000,35.5,21.9,5.455,34.333333333333336,19.439999999999998,22.64417475728155,-0.14114546189392493,1.2194850823280952,-0.15476427071581117,-0.21349710383403875,0.7240773250497782,0.3308395701275306,-0.1804148731731044
25,3,JaMychal Green,8.5,LAC,SF/PF,4000,27.0,24.2,6.04,25.666666666666668,22.32,25.457142857142856,0.049501031340561365,0.29184258380501427,0.06358881785723382,0.03397532258816007,1.2354247096373219,-1.0368473709624322,-0.06635557796281895
25,4,Spencer Dinwiddie,26.8,BKN,PG/SG,5700,28.0,27.15,4.779999999999999,25.333333333333332,28.610000000000003,30.007894736842108,0.2940258813587067,0.40097699539596493,0.41683517294775735,0.5744619761283093,0.13406111206415017,0.16645412047729471,0.24400332836260422
25,5,Taj Gibson,14.0,NY,PF/C,4400,14.5,10.95,2.4850000000000003,19.0,13.77,8.35657894736842,-1.0487885492494138,-1.0723375610818693,-1.263820812640922,-0.7007084433527421,-1.871994012086982,-0.6751993817319132,-0.7010426431578937
25,6,DeAndre Jordan,20.3,BKN,C,5800,23.5,27.700000000000003,4.785,24.333333333333332,28.660000000000004,26.751369863013704,0.3396152601756494,-0.09012785676331313,0.1640515511745714,0.5787583724203614,0.13843160253071107,-0.26094804861331866,0.26176522662200763
25,7,Bruno Fernando,6.8,ATL,C,3100,0.0,4.65,1.49,9.666666666666666,8.77,0.0,-1.5709941611525717,-2.654786529150654,-1.9124896770878195,-1.130348072557948,-2.7417216149324624,-1.1486294767245926,-1.059551829378279
26,0,Frank Jackson,34.3,NO,PG/SG,3200,22.5,19.1,5.970000000000001,16.333333333333332,15.48,26.311224489795926,-0.37323684496199494,-0.1992622683542638,0.1298858236400231,-0.5537716901645616,1.1742378431054796,0.6596104694280023,-0.38282852070124573
26,1,Devin Booker,40.0,PHO,PG/SG,8100,35.0,43.45,5.345000000000001,35.0,39.830000000000005,43.45,1.6451292899335443,1.1649178765326198,1.4602615812597566,1.5385733040647915,0.6279265347854542,1.0344092946305403,1.28036918189979
26,2,Pat Connaughton,18.5,MIL,SG/SF,3600,16.0,15.95,4.43,15.333333333333334,12.809999999999999,16.643478260869564,-0.6343396509135741,-0.9086359436954432,-0.6205607415842903,-0.7831992521601416,-0.17187322059506369,-0.3793055723614886,-0.5084326994237316
26,3,Mason Plumlee,21.3,DEN,PF/C,4100,15.5,17.75,4.325,16.666666666666668,18.31,16.5075,-0.48513804751267176,-0.9632031494909186,-0.6311158819860333,-0.3105956600344152,-0.2636535203928275,-0.1951938687532243,-0.3795127443817541
26,4,Rodney McGruder,29.3,LAC,SG/SF,3000,25.5,13.350000000000001,4.4399999999999995,13.333333333333334,5.930000000000001,25.531875,-0.8498530780482105,0.12814096641858824,0.0693898058632279,-1.374383381946505,-0.16313223966194348,0.3308395701275306,-0.6405945242543932
26,5,Damyean Dotson,20.5,NY,SG/SF,3200,10.5,7.65,2.36,12.0,6.709999999999999,6.6937500000000005,-1.322324822151068,-1.508875207445672,-1.3928958051530878,-1.3073595997904928,-1.9812562737509876,-0.24779721264129984,-0.9158621289466803
26,6,Ivica Zubac,15.8,LAC,C,4400,16.0,20.15,4.5649999999999995,15.0,21.49,21.493333333333332,-0.28620257631146884,-0.9086359436954432,-0.24409687970959412,-0.03734485585990426,-0.05386997799793841,-0.5568418579837433,-0.22164466716606718
26,7,Paul Millsap,31.8,DEN,PF/C,5600,28.0,28.9,5.175000000000001,29.333333333333332,26.9,27.586363636363636,0.4390829957762506,0.40097699539596493,0.2288668860371347,0.4275252229401285,0.47932985892240737,0.49522501977776656,0.3054962880853098
