Lineup Num,,Player Name,Actual FP,team,Pos,Salary,DFN_MinProj,Avg Proj,Avg Value Proj,Avg Skewed Min,Avg Skewed FP,Proj Min Enhanced,Avg Proj Stan,DFN_MinProj Stan,Proj Min Enhanced Stan,Avg Skewed FP Stan,Avg Value Proj Stan,Actual FP Stan,predictions
0,0,Jordan McLaughlin,38.0,MIN,PG,4300,33.0,28.95,6.715,18.666666666666668,21.770000000000003,51.17946428571428,0.5174444413352285,0.9098514605950646,2.051239629430698,-0.032493796255878386,1.538909150675739,1.0223633052045995,0.4057959915645631
0,1,Damion Lee,37.5,GS,SG,5300,33.0,30.45,5.734999999999999,29.0,25.869999999999997,34.65,0.6466350917830281,0.9098514605950646,0.8184997865995443,0.34769521106617685,0.8228117478882545,0.9891265267519143,0.46066038779336776
0,2,Brandon Ingram,33.0,NO,SF/PF,6900,33.0,40.4,5.865,32.666666666666664,42.06,40.81224489795918,1.5035997397534322,0.9098514605950646,1.2780697203670026,1.848978144857417,0.9178042605029213,0.6899955206777466,1.1933934089218727
0,3,Eric Paschall,20.3,GS,SF/PF,4400,33.0,31.4,7.15,28.0,24.640000000000004,37.00714285714286,0.7284558370666344,0.9098514605950646,0.9942915645433812,0.23363850886956072,1.8567687121171228,-0.15421865202045978,0.44960010781430815
0,4,Will Barton,24.5,DEN,SG/SF,5400,32.5,29.6,5.5,31.666666666666668,32.82,30.378947368421056,0.5734270565292752,0.8631724630442277,0.4999718138371958,0.9921619429901496,0.6510945135463582,0.12497028698209664,0.4744960536724341
0,5,Andrew Wiggins,32.5,GS,SG/SF,8000,34.0,40.7,5.07,33.0,38.86,41.93333333333334,1.5294378698429925,1.0032094556967386,1.3616786237007528,1.5522452610938609,0.33688851028246225,0.6567587422250614,1.2170061090175872
0,6,Nikola Jokic,48.3,DEN,C,10200,33.5,54.75,5.345,35.333333333333336,51.42999999999999,51.90919811320754,2.739523629037382,0.9565304581459017,2.105661959656492,2.7178491201275774,0.5378342100442559,1.7070409413299164,2.142317508265719
0,7,Naz Reid,22.3,MIN,PF/C,5500,30.0,32.3,5.86,19.0,20.380000000000003,51.0,0.8059702273353141,0.6297774752900426,2.0378554827008832,-0.16138714264067294,0.9141507023254343,-0.021271538209718607,0.6002980455662298
1,0,Jordan McLaughlin,38.0,MIN,PG,4300,33.0,28.95,6.715,18.666666666666668,21.770000000000003,51.17946428571428,0.5174444413352285,0.9098514605950646,2.051239629430698,-0.032493796255878386,1.538909150675739,1.0223633052045995,0.4057959915645631
1,1,Will Barton,24.5,DEN,SG/SF,5400,32.5,29.6,5.5,31.666666666666668,32.82,30.378947368421056,0.5734270565292752,0.8631724630442277,0.4999718138371958,0.9921619429901496,0.6510945135463582,0.12497028698209664,0.4744960536724341
1,2,DeMar DeRozan,20.8,SA,SG/SF,7200,34.5,37.5,5.199999999999999,34.0,39.06,38.0514705882353,1.2538311488876863,1.0498884532475756,1.0721757827393537,1.5707910663290834,0.43188102289712776,-0.12098187356777448,1.0207917198360303
1,3,Eric Paschall,20.3,GS,SF/PF,4400,33.0,31.4,7.15,28.0,24.640000000000004,37.00714285714286,0.7284558370666344,0.9098514605950646,0.9942915645433812,0.23363850886956072,1.8567687121171228,-0.15421865202045978,0.44960010781430815
1,4,Damion Lee,37.5,GS,SG,5300,33.0,30.45,5.734999999999999,29.0,25.869999999999997,34.65,0.6466350917830281,0.9098514605950646,0.8184997865995443,0.34769521106617685,0.8228117478882545,0.9891265267519143,0.46066038779336776
1,5,Brandon Ingram,33.0,NO,SF/PF,6900,33.0,40.4,5.865,32.666666666666664,42.06,40.81224489795918,1.5035997397534322,0.9098514605950646,1.2780697203670026,1.848978144857417,0.9178042605029213,0.6899955206777466,1.1933934089218727
1,6,Naz Reid,22.3,MIN,PF/C,5500,30.0,32.3,5.86,19.0,20.380000000000003,51.0,0.8059702273353141,0.6297774752900426,2.0378554827008832,-0.16138714264067294,0.9141507023254343,-0.021271538209718607,0.6002980455662298
1,7,Nikola Jokic,48.3,DEN,C,10200,33.5,54.75,5.345,35.333333333333336,51.42999999999999,51.90919811320754,2.739523629037382,0.9565304581459017,2.105661959656492,2.7178491201275774,0.5378342100442559,1.7070409413299164,2.142317508265719
2,0,Shai Gilgeous-Alexander,44.8,OKC,PG/SG,7100,35.5,36.15,5.085,36.666666666666664,35.55,34.99977272727273,1.1375595634846665,1.1432464483492497,0.8445852524919542,1.2453121844509327,0.3478491848149235,1.4743834921611194,0.8965932929054455
2,1,Dennis Schroder,25.8,OKC,PG/SG,5700,30.5,31.65,5.54,30.333333333333332,30.669999999999998,31.8239010989011,0.7499876121412677,0.6764564728408796,0.6077340500368118,0.7927945367115105,0.6803229789662555,0.21138591095907844,0.5646002999929475
2,2,Will Barton,24.5,DEN,SG/SF,5400,32.5,29.6,5.5,31.666666666666668,32.82,30.378947368421056,0.5734270565292752,0.8631724630442277,0.4999718138371958,0.9921619429901496,0.6510945135463582,0.12497028698209664,0.4744960536724341
2,3,Brandon Ingram,33.0,NO,SF/PF,6900,33.0,40.4,5.865,32.666666666666664,42.06,40.81224489795918,1.5035997397534322,0.9098514605950646,1.2780697203670026,1.848978144857417,0.9178042605029213,0.6899955206777466,1.1933934089218727
2,4,Jordan McLaughlin,38.0,MIN,PG,4300,33.0,28.95,6.715,18.666666666666668,21.770000000000003,51.17946428571428,0.5174444413352285,0.9098514605950646,2.051239629430698,-0.032493796255878386,1.538909150675739,1.0223633052045995,0.4057959915645631
2,5,Eric Paschall,20.3,GS,SF/PF,4400,33.0,31.4,7.15,28.0,24.640000000000004,37.00714285714286,0.7284558370666344,0.9098514605950646,0.9942915645433812,0.23363850886956072,1.8567687121171228,-0.15421865202045978,0.44960010781430815
2,6,Naz Reid,22.3,MIN,PF/C,5500,30.0,32.3,5.86,19.0,20.380000000000003,51.0,0.8059702273353141,0.6297774752900426,2.0378554827008832,-0.16138714264067294,0.9141507023254343,-0.021271538209718607,0.6002980455662298
2,7,Nikola Jokic,48.3,DEN,C,10200,33.5,54.75,5.345,35.333333333333336,51.42999999999999,51.90919811320754,2.739523629037382,0.9565304581459017,2.105661959656492,2.7178491201275774,0.5378342100442559,1.7070409413299164,2.142317508265719
3,0,Dennis Schroder,25.8,OKC,PG/SG,5700,30.5,31.65,5.54,30.333333333333332,30.669999999999998,31.8239010989011,0.7499876121412677,0.6764564728408796,0.6077340500368118,0.7927945367115105,0.6803229789662555,0.21138591095907844,0.5646002999929475
3,1,Coby White,49.5,CHI,PG/SG,5200,32.5,30.1,5.8100000000000005,29.333333333333332,25.02,33.34943181818182,0.6164906066785417,0.8631724630442277,0.7215055835005744,0.2688755388164825,0.8776151205505627,1.7868092096163612,0.4206901029948294
3,2,Danilo Gallinari,18.0,OKC,SF/PF,6300,31.5,35.099999999999994,5.56,32.0,33.06,34.551562499999996,1.0471261081712064,0.7698144679425536,0.8111584822365486,1.0144169092724165,0.6949372116762038,-0.3071078329028122,0.7885881117252568
3,3,Brandon Ingram,33.0,NO,SF/PF,6900,33.0,40.4,5.865,32.666666666666664,42.06,40.81224489795918,1.5035997397534322,0.9098514605950646,1.2780697203670026,1.848978144857417,0.9178042605029213,0.6899955206777466,1.1933934089218727
3,4,Jordan McLaughlin,38.0,MIN,PG,4300,33.0,28.95,6.715,18.666666666666668,21.770000000000003,51.17946428571428,0.5174444413352285,0.9098514605950646,2.051239629430698,-0.032493796255878386,1.538909150675739,1.0223633052045995,0.4057959915645631
3,5,Naz Reid,22.3,MIN,PF/C,5500,30.0,32.3,5.86,19.0,20.380000000000003,51.0,0.8059702273353141,0.6297774752900426,2.0378554827008832,-0.16138714264067294,0.9141507023254343,-0.021271538209718607,0.6002980455662298
3,6,Nikola Jokic,48.3,DEN,C,10200,33.5,54.75,5.345,35.333333333333336,51.42999999999999,51.90919811320754,2.739523629037382,0.9565304581459017,2.105661959656492,2.7178491201275774,0.5378342100442559,1.7070409413299164,2.142317508265719
3,7,Malik Beasley,33.0,MIN,SG,5800,34.5,33.099999999999994,5.725,29.666666666666668,23.24,38.49269662921348,0.8748719075741404,1.0498884532475756,1.1050816840442457,0.10381787222300458,0.8155046315332803,0.6899955206777466,0.5966477816644827
4,0,Jordan McLaughlin,38.0,MIN,PG,4300,33.0,28.95,6.715,18.666666666666668,21.770000000000003,51.17946428571428,0.5174444413352285,0.9098514605950646,2.051239629430698,-0.032493796255878386,1.538909150675739,1.0223633052045995,0.4057959915645631
4,1,DeMar DeRozan,20.8,SA,SG/SF,7200,34.5,37.5,5.199999999999999,34.0,39.06,38.0514705882353,1.2538311488876863,1.0498884532475756,1.0721757827393537,1.5707910663290834,0.43188102289712776,-0.12098187356777448,1.0207917198360303
4,2,Brandon Ingram,33.0,NO,SF/PF,6900,33.0,40.4,5.865,32.666666666666664,42.06,40.81224489795918,1.5035997397534322,0.9098514605950646,1.2780697203670026,1.848978144857417,0.9178042605029213,0.6899955206777466,1.1933934089218727
4,3,Eric Paschall,20.3,GS,SF/PF,4400,33.0,31.4,7.15,28.0,24.640000000000004,37.00714285714286,0.7284558370666344,0.9098514605950646,0.9942915645433812,0.23363850886956072,1.8567687121171228,-0.15421865202045978,0.44960010781430815
4,4,Will Barton,24.5,DEN,SG/SF,5400,32.5,29.6,5.5,31.666666666666668,32.82,30.378947368421056,0.5734270565292752,0.8631724630442277,0.4999718138371958,0.9921619429901496,0.6510945135463582,0.12497028698209664,0.4744960536724341
4,5,Gary Trent Jr.,19.0,POR,SG/SF,5200,35.0,25.6,4.904999999999999,24.666666666666668,16.96,36.32432432432432,0.22891865533514286,1.0965674507984127,0.943368098647611,-0.47852041216297325,0.2163210904253851,-0.24063427599744158,0.15888227347465156
4,6,Nikola Jokic,48.3,DEN,C,10200,33.5,54.75,5.345,35.333333333333336,51.42999999999999,51.90919811320754,2.739523629037382,0.9565304581459017,2.105661959656492,2.7178491201275774,0.5378342100442559,1.7070409413299164,2.142317508265719
4,7,Danilo Gallinari,18.0,OKC,SF/PF,6300,31.5,35.099999999999994,5.56,32.0,33.06,34.551562499999996,1.0471261081712064,0.7698144679425536,0.8111584822365486,1.0144169092724165,0.6949372116762038,-0.3071078329028122,0.7885881117252568
5,0,Dennis Schroder,25.8,OKC,PG/SG,5700,30.5,31.65,5.54,30.333333333333332,30.669999999999998,31.8239010989011,0.7499876121412677,0.6764564728408796,0.6077340500368118,0.7927945367115105,0.6803229789662555,0.21138591095907844,0.5646002999929475
5,1,Will Barton,24.5,DEN,SG/SF,5400,32.5,29.6,5.5,31.666666666666668,32.82,30.378947368421056,0.5734270565292752,0.8631724630442277,0.4999718138371958,0.9921619429901496,0.6510945135463582,0.12497028698209664,0.4744960536724341
5,2,Andrew Wiggins,32.5,GS,SG/SF,8000,34.0,40.7,5.07,33.0,38.86,41.93333333333334,1.5294378698429925,1.0032094556967386,1.3616786237007528,1.5522452610938609,0.33688851028246225,0.6567587422250614,1.2170061090175872
5,3,Eric Paschall,20.3,GS,SF/PF,4400,33.0,31.4,7.15,28.0,24.640000000000004,37.00714285714286,0.7284558370666344,0.9098514605950646,0.9942915645433812,0.23363850886956072,1.8567687121171228,-0.15421865202045978,0.44960010781430815
5,4,Jordan McLaughlin,38.0,MIN,PG,4300,33.0,28.95,6.715,18.666666666666668,21.770000000000003,51.17946428571428,0.5174444413352285,0.9098514605950646,2.051239629430698,-0.032493796255878386,1.538909150675739,1.0223633052045995,0.4057959915645631
5,5,Brandon Ingram,33.0,NO,SF/PF,6900,33.0,40.4,5.865,32.666666666666664,42.06,40.81224489795918,1.5035997397534322,0.9098514605950646,1.2780697203670026,1.848978144857417,0.9178042605029213,0.6899955206777466,1.1933934089218727
5,6,Nikola Jokic,48.3,DEN,C,10200,33.5,54.75,5.345,35.333333333333336,51.42999999999999,51.90919811320754,2.739523629037382,0.9565304581459017,2.105661959656492,2.7178491201275774,0.5378342100442559,1.7070409413299164,2.142317508265719
5,7,Jordan Poole,30.0,GS,PG/SG,4600,32.0,26.5,5.779999999999999,27.666666666666668,19.76,30.65060240963855,0.3064330456038225,0.8164934654933906,0.5202313931572691,-0.21887913886986196,0.8556937714856389,0.49057484996163486,0.1580345610182724
6,0,Jordan McLaughlin,38.0,MIN,PG,4300,33.0,28.95,6.715,18.666666666666668,21.770000000000003,51.17946428571428,0.5174444413352285,0.9098514605950646,2.051239629430698,-0.032493796255878386,1.538909150675739,1.0223633052045995,0.4057959915645631
6,1,DeMar DeRozan,20.8,SA,SG/SF,7200,34.5,37.5,5.199999999999999,34.0,39.06,38.0514705882353,1.2538311488876863,1.0498884532475756,1.0721757827393537,1.5707910663290834,0.43188102289712776,-0.12098187356777448,1.0207917198360303
6,2,Brandon Ingram,33.0,NO,SF/PF,6900,33.0,40.4,5.865,32.666666666666664,42.06,40.81224489795918,1.5035997397534322,0.9098514605950646,1.2780697203670026,1.848978144857417,0.9178042605029213,0.6899955206777466,1.1933934089218727
6,3,Eric Paschall,20.3,GS,SF/PF,4400,33.0,31.4,7.15,28.0,24.640000000000004,37.00714285714286,0.7284558370666344,0.9098514605950646,0.9942915645433812,0.23363850886956072,1.8567687121171228,-0.15421865202045978,0.44960010781430815
6,4,Jeremy Lamb,10.5,IND,SG/SF,4800,26.5,22.3,4.640000000000001,26.666666666666668,24.7,22.160625,-0.05530077565001633,0.30302449243418356,-0.11293694410355416,0.23920225044012694,0.022682507018566285,-0.8056595096930916,-0.015184040838905672
6,5,Danilo Gallinari,18.0,OKC,SF/PF,6300,31.5,35.099999999999994,5.56,32.0,33.06,34.551562499999996,1.0471261081712064,0.7698144679425536,0.8111584822365486,1.0144169092724165,0.6949372116762038,-0.3071078329028122,0.7885881117252568
6,6,Naz Reid,22.3,MIN,PF/C,5500,30.0,32.3,5.86,19.0,20.380000000000003,51.0,0.8059702273353141,0.6297774752900426,2.0378554827008832,-0.16138714264067294,0.9141507023254343,-0.021271538209718607,0.6002980455662298
6,7,Nikola Jokic,48.3,DEN,C,10200,33.5,54.75,5.345,35.333333333333336,51.42999999999999,51.90919811320754,2.739523629037382,0.9565304581459017,2.105661959656492,2.7178491201275774,0.5378342100442559,1.7070409413299164,2.142317508265719
7,0,Jordan McLaughlin,38.0,MIN,PG,4300,33.0,28.95,6.715,18.666666666666668,21.770000000000003,51.17946428571428,0.5174444413352285,0.9098514605950646,2.051239629430698,-0.032493796255878386,1.538909150675739,1.0223633052045995,0.4057959915645631
7,1,Dennis Schroder,25.8,OKC,PG/SG,5700,30.5,31.65,5.54,30.333333333333332,30.669999999999998,31.8239010989011,0.7499876121412677,0.6764564728408796,0.6077340500368118,0.7927945367115105,0.6803229789662555,0.21138591095907844,0.5646002999929475
7,2,DeMar DeRozan,20.8,SA,SG/SF,7200,34.5,37.5,5.199999999999999,34.0,39.06,38.0514705882353,1.2538311488876863,1.0498884532475756,1.0721757827393537,1.5707910663290834,0.43188102289712776,-0.12098187356777448,1.0207917198360303
7,3,Danilo Gallinari,18.0,OKC,SF/PF,6300,31.5,35.099999999999994,5.56,32.0,33.06,34.551562499999996,1.0471261081712064,0.7698144679425536,0.8111584822365486,1.0144169092724165,0.6949372116762038,-0.3071078329028122,0.7885881117252568
7,4,Will Barton,24.5,DEN,SG/SF,5400,32.5,29.6,5.5,31.666666666666668,32.82,30.378947368421056,0.5734270565292752,0.8631724630442277,0.4999718138371958,0.9921619429901496,0.6510945135463582,0.12497028698209664,0.4744960536724341
7,5,Brandon Ingram,33.0,NO,SF/PF,6900,33.0,40.4,5.865,32.666666666666664,42.06,40.81224489795918,1.5035997397534322,0.9098514605950646,1.2780697203670026,1.848978144857417,0.9178042605029213,0.6899955206777466,1.1933934089218727
7,6,Nikola Jokic,48.3,DEN,C,10200,33.5,54.75,5.345,35.333333333333336,51.42999999999999,51.90919811320754,2.739523629037382,0.9565304581459017,2.105661959656492,2.7178491201275774,0.5378342100442559,1.7070409413299164,2.142317508265719
7,7,Ky Bowman,40.5,GS,PG,3700,26.0,23.200000000000003,6.26,19.0,16.9,31.747368421052638,0.02221361461866362,0.25634549488334657,0.6020263707296306,-0.48408415373354013,1.206435356524407,1.188547197468026,-0.061753159583763075
8,0,Shai Gilgeous-Alexander,44.8,OKC,PG/SG,7100,35.5,36.15,5.085,36.666666666666664,35.55,34.99977272727273,1.1375595634846665,1.1432464483492497,0.8445852524919542,1.2453121844509327,0.3478491848149235,1.4743834921611194,0.8965932929054455
8,1,Will Barton,24.5,DEN,SG/SF,5400,32.5,29.6,5.5,31.666666666666668,32.82,30.378947368421056,0.5734270565292752,0.8631724630442277,0.4999718138371958,0.9921619429901496,0.6510945135463582,0.12497028698209664,0.4744960536724341
8,2,Eric Paschall,20.3,GS,SF/PF,4400,33.0,31.4,7.15,28.0,24.640000000000004,37.00714285714286,0.7284558370666344,0.9098514605950646,0.9942915645433812,0.23363850886956072,1.8567687121171228,-0.15421865202045978,0.44960010781430815
8,3,Paul Millsap,41.3,DEN,PF/C,4500,25.0,25.65,5.720000000000001,23.666666666666668,24.97,27.095070422535205,0.2332250103500693,0.16298749978167257,0.2550657551667505,0.26423908750767694,0.8118510733557939,1.2417260429923223,0.14696297884609003
8,4,Dennis Schroder,25.8,OKC,PG/SG,5700,30.5,31.65,5.54,30.333333333333332,30.669999999999998,31.8239010989011,0.7499876121412677,0.6764564728408796,0.6077340500368118,0.7927945367115105,0.6803229789662555,0.21138591095907844,0.5646002999929475
8,5,Naz Reid,22.3,MIN,PF/C,5500,30.0,32.3,5.86,19.0,20.380000000000003,51.0,0.8059702273353141,0.6297774752900426,2.0378554827008832,-0.16138714264067294,0.9141507023254343,-0.021271538209718607,0.6002980455662298
8,6,Nikola Jokic,48.3,DEN,C,10200,33.5,54.75,5.345,35.333333333333336,51.42999999999999,51.90919811320754,2.739523629037382,0.9565304581459017,2.105661959656492,2.7178491201275774,0.5378342100442559,1.7070409413299164,2.142317508265719
8,7,Brandon Ingram,33.0,NO,SF/PF,6900,33.0,40.4,5.865,32.666666666666664,42.06,40.81224489795918,1.5035997397534322,0.9098514605950646,1.2780697203670026,1.848978144857417,0.9178042605029213,0.6899955206777466,1.1933934089218727
9,0,Dennis Schroder,25.8,OKC,PG/SG,5700,30.5,31.65,5.54,30.333333333333332,30.669999999999998,31.8239010989011,0.7499876121412677,0.6764564728408796,0.6077340500368118,0.7927945367115105,0.6803229789662555,0.21138591095907844,0.5646002999929475
9,1,Will Barton,24.5,DEN,SG/SF,5400,32.5,29.6,5.5,31.666666666666668,32.82,30.378947368421056,0.5734270565292752,0.8631724630442277,0.4999718138371958,0.9921619429901496,0.6510945135463582,0.12497028698209664,0.4744960536724341
9,2,Juancho Hernangomez,11.5,MIN,SF/PF,5100,31.0,27.35,5.345000000000001,25.0,17.17,33.914,0.37964108085757575,0.7231354703917167,0.763610135692475,-0.45904731666598986,0.5378342100442566,-0.739185952787721,0.21468794588173074
9,3,Brandon Ingram,33.0,NO,SF/PF,6900,33.0,40.4,5.865,32.666666666666664,42.06,40.81224489795918,1.5035997397534322,0.9098514605950646,1.2780697203670026,1.848978144857417,0.9178042605029213,0.6899955206777466,1.1933934089218727
9,4,Jordan McLaughlin,38.0,MIN,PG,4300,33.0,28.95,6.715,18.666666666666668,21.770000000000003,51.17946428571428,0.5174444413352285,0.9098514605950646,2.051239629430698,-0.032493796255878386,1.538909150675739,1.0223633052045995,0.4057959915645631
9,5,DeMar DeRozan,20.8,SA,SG/SF,7200,34.5,37.5,5.199999999999999,34.0,39.06,38.0514705882353,1.2538311488876863,1.0498884532475756,1.0721757827393537,1.5707910663290834,0.43188102289712776,-0.12098187356777448,1.0207917198360303
9,6,Nikola Jokic,48.3,DEN,C,10200,33.5,54.75,5.345,35.333333333333336,51.42999999999999,51.90919811320754,2.739523629037382,0.9565304581459017,2.105661959656492,2.7178491201275774,0.5378342100442559,1.7070409413299164,2.142317508265719
9,7,Eric Paschall,20.3,GS,SF/PF,4400,33.0,31.4,7.15,28.0,24.640000000000004,37.00714285714286,0.7284558370666344,0.9098514605950646,0.9942915645433812,0.23363850886956072,1.8567687121171228,-0.15421865202045978,0.44960010781430815
10,0,Jordan McLaughlin,38.0,MIN,PG,4300,33.0,28.95,6.715,18.666666666666668,21.770000000000003,51.17946428571428,0.5174444413352285,0.9098514605950646,2.051239629430698,-0.032493796255878386,1.538909150675739,1.0223633052045995,0.4057959915645631
10,1,Dennis Schroder,25.8,OKC,PG/SG,5700,30.5,31.65,5.54,30.333333333333332,30.669999999999998,31.8239010989011,0.7499876121412677,0.6764564728408796,0.6077340500368118,0.7927945367115105,0.6803229789662555,0.21138591095907844,0.5646002999929475
10,2,Danilo Gallinari,18.0,OKC,SF/PF,6300,31.5,35.099999999999994,5.56,32.0,33.06,34.551562499999996,1.0471261081712064,0.7698144679425536,0.8111584822365486,1.0144169092724165,0.6949372116762038,-0.3071078329028122,0.7885881117252568
10,3,Eric Paschall,20.3,GS,SF/PF,4400,33.0,31.4,7.15,28.0,24.640000000000004,37.00714285714286,0.7284558370666344,0.9098514605950646,0.9942915645433812,0.23363850886956072,1.8567687121171228,-0.15421865202045978,0.44960010781430815
10,4,Bruce Brown,23.0,DET,PG/SF,5600,32.0,27.3,4.890000000000001,30.0,25.12,29.12,0.37533472584264904,0.8164934654933906,0.4060816214961558,0.2781484414340938,0.2053604158929245,0.025259951624040756,0.2880767820100807
10,5,Brandon Ingram,33.0,NO,SF/PF,6900,33.0,40.4,5.865,32.666666666666664,42.06,40.81224489795918,1.5035997397534322,0.9098514605950646,1.2780697203670026,1.848978144857417,0.9178042605029213,0.6899955206777466,1.1933934089218727
10,6,Nikola Jokic,48.3,DEN,C,10200,33.5,54.75,5.345,35.333333333333336,51.42999999999999,51.90919811320754,2.739523629037382,0.9565304581459017,2.105661959656492,2.7178491201275774,0.5378342100442559,1.7070409413299164,2.142317508265719
10,7,Malik Beasley,33.0,MIN,SG,5800,34.5,33.099999999999994,5.725,29.666666666666668,23.24,38.49269662921348,0.8748719075741404,1.0498884532475756,1.1050816840442457,0.10381787222300458,0.8155046315332803,0.6899955206777466,0.5966477816644827
11,0,Jordan McLaughlin,38.0,MIN,PG,4300,33.0,28.95,6.715,18.666666666666668,21.770000000000003,51.17946428571428,0.5174444413352285,0.9098514605950646,2.051239629430698,-0.032493796255878386,1.538909150675739,1.0223633052045995,0.4057959915645631
11,1,Andrew Wiggins,32.5,GS,SG/SF,8000,34.0,40.7,5.07,33.0,38.86,41.93333333333334,1.5294378698429925,1.0032094556967386,1.3616786237007528,1.5522452610938609,0.33688851028246225,0.6567587422250614,1.2170061090175872
11,2,Juancho Hernangomez,11.5,MIN,SF/PF,5100,31.0,27.35,5.345000000000001,25.0,17.17,33.914,0.37964108085757575,0.7231354703917167,0.763610135692475,-0.45904731666598986,0.5378342100442566,-0.739185952787721,0.21468794588173074
11,3,Eric Paschall,20.3,GS,SF/PF,4400,33.0,31.4,7.15,28.0,24.640000000000004,37.00714285714286,0.7284558370666344,0.9098514605950646,0.9942915645433812,0.23363850886956072,1.8567687121171228,-0.15421865202045978,0.44960010781430815
11,4,Malcolm Brogdon,24.8,IND,PG,7000,33.5,35.45,5.05,33.666666666666664,35.75,35.27450495049506,1.0772705932756939,0.9565304581459017,0.8650743229071672,1.2638579896861553,0.3222742775725132,0.14491235405370786,0.8649434194633895
11,5,Will Barton,24.5,DEN,SG/SF,5400,32.5,29.6,5.5,31.666666666666668,32.82,30.378947368421056,0.5734270565292752,0.8631724630442277,0.4999718138371958,0.9921619429901496,0.6510945135463582,0.12497028698209664,0.4744960536724341
11,6,Nikola Jokic,48.3,DEN,C,10200,33.5,54.75,5.345,35.333333333333336,51.42999999999999,51.90919811320754,2.739523629037382,0.9565304581459017,2.105661959656492,2.7178491201275774,0.5378342100442559,1.7070409413299164,2.142317508265719
11,7,Naz Reid,22.3,MIN,PF/C,5500,30.0,32.3,5.86,19.0,20.380000000000003,51.0,0.8059702273353141,0.6297774752900426,2.0378554827008832,-0.16138714264067294,0.9141507023254343,-0.021271538209718607,0.6002980455662298
12,0,Jordan McLaughlin,38.0,MIN,PG,4300,33.0,28.95,6.715,18.666666666666668,21.770000000000003,51.17946428571428,0.5174444413352285,0.9098514605950646,2.051239629430698,-0.032493796255878386,1.538909150675739,1.0223633052045995,0.4057959915645631
12,1,Andrew Wiggins,32.5,GS,SG/SF,8000,34.0,40.7,5.07,33.0,38.86,41.93333333333334,1.5294378698429925,1.0032094556967386,1.3616786237007528,1.5522452610938609,0.33688851028246225,0.6567587422250614,1.2170061090175872
12,2,Eric Paschall,20.3,GS,SF/PF,4400,33.0,31.4,7.15,28.0,24.640000000000004,37.00714285714286,0.7284558370666344,0.9098514605950646,0.9942915645433812,0.23363850886956072,1.8567687121171228,-0.15421865202045978,0.44960010781430815
12,3,Brandon Ingram,33.0,NO,SF/PF,6900,33.0,40.4,5.865,32.666666666666664,42.06,40.81224489795918,1.5035997397534322,0.9098514605950646,1.2780697203670026,1.848978144857417,0.9178042605029213,0.6899955206777466,1.1933934089218727
12,4,Malcolm Brogdon,24.8,IND,PG,7000,33.5,35.45,5.05,33.666666666666664,35.75,35.27450495049506,1.0772705932756939,0.9565304581459017,0.8650743229071672,1.2638579896861553,0.3222742775725132,0.14491235405370786,0.8649434194633895
12,5,DeMar DeRozan,20.8,SA,SG/SF,7200,34.5,37.5,5.199999999999999,34.0,39.06,38.0514705882353,1.2538311488876863,1.0498884532475756,1.0721757827393537,1.5707910663290834,0.43188102289712776,-0.12098187356777448,1.0207917198360303
12,6,Naz Reid,22.3,MIN,PF/C,5500,30.0,32.3,5.86,19.0,20.380000000000003,51.0,0.8059702273353141,0.6297774752900426,2.0378554827008832,-0.16138714264067294,0.9141507023254343,-0.021271538209718607,0.6002980455662298
12,7,Dejounte Murray,15.3,SA,PG,6000,29.0,30.15,5.04,28.666666666666668,30.07,30.500581395348835,0.6207969616934681,0.5364194801883686,0.5090430764411182,0.737157121005844,0.31496716121753904,-0.4865864365473127,0.49252054920311034
13,0,Jordan McLaughlin,38.0,MIN,PG,4300,33.0,28.95,6.715,18.666666666666668,21.770000000000003,51.17946428571428,0.5174444413352285,0.9098514605950646,2.051239629430698,-0.032493796255878386,1.538909150675739,1.0223633052045995,0.4057959915645631
13,1,Dennis Schroder,25.8,OKC,PG/SG,5700,30.5,31.65,5.54,30.333333333333332,30.669999999999998,31.8239010989011,0.7499876121412677,0.6764564728408796,0.6077340500368118,0.7927945367115105,0.6803229789662555,0.21138591095907844,0.5646002999929475
13,2,DeMar DeRozan,20.8,SA,SG/SF,7200,34.5,37.5,5.199999999999999,34.0,39.06,38.0514705882353,1.2538311488876863,1.0498884532475756,1.0721757827393537,1.5707910663290834,0.43188102289712776,-0.12098187356777448,1.0207917198360303
13,3,Brandon Ingram,33.0,NO,SF/PF,6900,33.0,40.4,5.865,32.666666666666664,42.06,40.81224489795918,1.5035997397534322,0.9098514605950646,1.2780697203670026,1.848978144857417,0.9178042605029213,0.6899955206777466,1.1933934089218727
13,4,Will Barton,24.5,DEN,SG/SF,5400,32.5,29.6,5.5,31.666666666666668,32.82,30.378947368421056,0.5734270565292752,0.8631724630442277,0.4999718138371958,0.9921619429901496,0.6510945135463582,0.12497028698209664,0.4744960536724341
13,5,Naz Reid,22.3,MIN,PF/C,5500,30.0,32.3,5.86,19.0,20.380000000000003,51.0,0.8059702273353141,0.6297774752900426,2.0378554827008832,-0.16138714264067294,0.9141507023254343,-0.021271538209718607,0.6002980455662298
13,6,Christian Wood,43.8,DET,PF/C,7400,28.0,37.5,5.07,28.0,29.02,37.5,1.2538311488876863,0.4430614850866946,1.031048027204365,0.6397916435209272,0.33688851028246225,1.4079099352557487,0.9091376912488335
13,7,Shai Gilgeous-Alexander,44.8,OKC,PG/SG,7100,35.5,36.15,5.085,36.666666666666664,35.55,34.99977272727273,1.1375595634846665,1.1432464483492497,0.8445852524919542,1.2453121844509327,0.3478491848149235,1.4743834921611194,0.8965932929054455
14,0,Jordan McLaughlin,38.0,MIN,PG,4300,33.0,28.95,6.715,18.666666666666668,21.770000000000003,51.17946428571428,0.5174444413352285,0.9098514605950646,2.051239629430698,-0.032493796255878386,1.538909150675739,1.0223633052045995,0.4057959915645631
14,1,DeMar DeRozan,20.8,SA,SG/SF,7200,34.5,37.5,5.199999999999999,34.0,39.06,38.0514705882353,1.2538311488876863,1.0498884532475756,1.0721757827393537,1.5707910663290834,0.43188102289712776,-0.12098187356777448,1.0207917198360303
14,2,Will Barton,24.5,DEN,SG/SF,5400,32.5,29.6,5.5,31.666666666666668,32.82,30.378947368421056,0.5734270565292752,0.8631724630442277,0.4999718138371958,0.9921619429901496,0.6510945135463582,0.12497028698209664,0.4744960536724341
14,3,Brandon Ingram,33.0,NO,SF/PF,6900,33.0,40.4,5.865,32.666666666666664,42.06,40.81224489795918,1.5035997397534322,0.9098514605950646,1.2780697203670026,1.848978144857417,0.9178042605029213,0.6899955206777466,1.1933934089218727
14,4,Tony Snell,8.8,DET,SG/SF,3900,27.5,17.35,4.470000000000001,28.666666666666668,16.71,16.64389534883721,-0.48162992212775496,0.3963824875358576,-0.5243654287516583,-0.5017026687070011,-0.10153847101599725,-0.9186645564322216,-0.3905111702351889
14,5,Andrew Wiggins,32.5,GS,SG/SF,8000,34.0,40.7,5.07,33.0,38.86,41.93333333333334,1.5294378698429925,1.0032094556967386,1.3616786237007528,1.5522452610938609,0.33688851028246225,0.6567587422250614,1.2170061090175872
14,6,Nikola Jokic,48.3,DEN,C,10200,33.5,54.75,5.345,35.333333333333336,51.42999999999999,51.90919811320754,2.739523629037382,0.9565304581459017,2.105661959656492,2.7178491201275774,0.5378342100442559,1.7070409413299164,2.142317508265719
14,7,Ky Bowman,40.5,GS,PG,3700,26.0,23.200000000000003,6.26,19.0,16.9,31.747368421052638,0.02221361461866362,0.25634549488334657,0.6020263707296306,-0.48408415373354013,1.206435356524407,1.188547197468026,-0.061753159583763075
15,0,Jarrett Culver,27.3,MIN,PG/SF,3200,25.0,19.35,6.035,21.666666666666668,17.93,22.326923076923077,-0.3093757215306888,0.16298749978167257,-0.10053471123830324,-0.38857325677214555,1.0420252385374849,0.31109624631713434,-0.30503114644377344
15,1,Andrew Wiggins,32.5,GS,SG/SF,8000,34.0,40.7,5.07,33.0,38.86,41.93333333333334,1.5294378698429925,1.0032094556967386,1.3616786237007528,1.5522452610938609,0.33688851028246225,0.6567587422250614,1.2170061090175872
15,2,Will Barton,24.5,DEN,SG/SF,5400,32.5,29.6,5.5,31.666666666666668,32.82,30.378947368421056,0.5734270565292752,0.8631724630442277,0.4999718138371958,0.9921619429901496,0.6510945135463582,0.12497028698209664,0.4744960536724341
15,3,Naz Reid,22.3,MIN,PF/C,5500,30.0,32.3,5.86,19.0,20.380000000000003,51.0,0.8059702273353141,0.6297774752900426,2.0378554827008832,-0.16138714264067294,0.9141507023254343,-0.021271538209718607,0.6002980455662298
15,4,JJ Redick,14.8,NO,SG/SF,4600,21.5,20.1,4.355,26.0,24.28,16.621153846153845,-0.24478039630678902,-0.16376548307418648,-0.5260614520443104,0.20025605944616043,-0.18557030909820219,-0.5198232149999981,-0.16132793672840098
15,5,Brandon Ingram,33.0,NO,SF/PF,6900,33.0,40.4,5.865,32.666666666666664,42.06,40.81224489795918,1.5035997397534322,0.9098514605950646,1.2780697203670026,1.848978144857417,0.9178042605029213,0.6899955206777466,1.1933934089218727
15,6,Nikola Jokic,48.3,DEN,C,10200,33.5,54.75,5.345,35.333333333333336,51.42999999999999,51.90919811320754,2.739523629037382,0.9565304581459017,2.105661959656492,2.7178491201275774,0.5378342100442559,1.7070409413299164,2.142317508265719
15,7,Eric Paschall,20.3,GS,SF/PF,4400,33.0,31.4,7.15,28.0,24.640000000000004,37.00714285714286,0.7284558370666344,0.9098514605950646,0.9942915645433812,0.23363850886956072,1.8567687121171228,-0.15421865202045978,0.44960010781430815
16,0,Jordan McLaughlin,38.0,MIN,PG,4300,33.0,28.95,6.715,18.666666666666668,21.770000000000003,51.17946428571428,0.5174444413352285,0.9098514605950646,2.051239629430698,-0.032493796255878386,1.538909150675739,1.0223633052045995,0.4057959915645631
16,1,Dennis Schroder,25.8,OKC,PG/SG,5700,30.5,31.65,5.54,30.333333333333332,30.669999999999998,31.8239010989011,0.7499876121412677,0.6764564728408796,0.6077340500368118,0.7927945367115105,0.6803229789662555,0.21138591095907844,0.5646002999929475
16,2,Andrew Wiggins,32.5,GS,SG/SF,8000,34.0,40.7,5.07,33.0,38.86,41.93333333333334,1.5294378698429925,1.0032094556967386,1.3616786237007528,1.5522452610938609,0.33688851028246225,0.6567587422250614,1.2170061090175872
16,3,Rondae Hollis-Jefferson,20.0,TOR,PF,4000,22.5,19.6,4.904999999999999,20.333333333333332,19.919999999999998,21.688524590163937,-0.28784394645605554,-0.07040748797251246,-0.14814540427880676,-0.20404249468168448,0.2163210904253851,-0.174160719092071,-0.22519406629278527
16,4,Tony Snell,8.8,DET,SG/SF,3900,27.5,17.35,4.470000000000001,28.666666666666668,16.71,16.64389534883721,-0.48162992212775496,0.3963824875358576,-0.5243654287516583,-0.5017026687070011,-0.10153847101599725,-0.9186645564322216,-0.3905111702351889
16,5,Brandon Ingram,33.0,NO,SF/PF,6900,33.0,40.4,5.865,32.666666666666664,42.06,40.81224489795918,1.5035997397534322,0.9098514605950646,1.2780697203670026,1.848978144857417,0.9178042605029213,0.6899955206777466,1.1933934089218727
16,6,Nikola Jokic,48.3,DEN,C,10200,33.5,54.75,5.345,35.333333333333336,51.42999999999999,51.90919811320754,2.739523629037382,0.9565304581459017,2.105661959656492,2.7178491201275774,0.5378342100442559,1.7070409413299164,2.142317508265719
16,7,Damion Lee,37.5,GS,SG,5300,33.0,30.45,5.734999999999999,29.0,25.869999999999997,34.65,0.6466350917830281,0.9098514605950646,0.8184997865995443,0.34769521106617685,0.8228117478882545,0.9891265267519143,0.46066038779336776
17,0,Jordan McLaughlin,38.0,MIN,PG,4300,33.0,28.95,6.715,18.666666666666668,21.770000000000003,51.17946428571428,0.5174444413352285,0.9098514605950646,2.051239629430698,-0.032493796255878386,1.538909150675739,1.0223633052045995,0.4057959915645631
17,1,Coby White,49.5,CHI,PG/SG,5200,32.5,30.1,5.8100000000000005,29.333333333333332,25.02,33.34943181818182,0.6164906066785417,0.8631724630442277,0.7215055835005744,0.2688755388164825,0.8776151205505627,1.7868092096163612,0.4206901029948294
17,2,Brandon Ingram,33.0,NO,SF/PF,6900,33.0,40.4,5.865,32.666666666666664,42.06,40.81224489795918,1.5035997397534322,0.9098514605950646,1.2780697203670026,1.848978144857417,0.9178042605029213,0.6899955206777466,1.1933934089218727
17,3,Danilo Gallinari,18.0,OKC,SF/PF,6300,31.5,35.099999999999994,5.56,32.0,33.06,34.551562499999996,1.0471261081712064,0.7698144679425536,0.8111584822365486,1.0144169092724165,0.6949372116762038,-0.3071078329028122,0.7885881117252568
17,4,Will Barton,24.5,DEN,SG/SF,5400,32.5,29.6,5.5,31.666666666666668,32.82,30.378947368421056,0.5734270565292752,0.8631724630442277,0.4999718138371958,0.9921619429901496,0.6510945135463582,0.12497028698209664,0.4744960536724341
17,5,Torrey Craig,6.0,DEN,SG/SF,3500,15.0,10.35,2.95,23.333333333333332,13.229999999999999,6.6535714285714285,-1.0845196242174866,-0.7705924512350676,-1.269427103251569,-0.8243996797998681,-1.2122201569720956,-1.1047905157672593,-0.7987395616953296
17,6,Nikola Jokic,48.3,DEN,C,10200,33.5,54.75,5.345,35.333333333333336,51.42999999999999,51.90919811320754,2.739523629037382,0.9565304581459017,2.105661959656492,2.7178491201275774,0.5378342100442559,1.7070409413299164,2.142317508265719
17,7,Damion Lee,37.5,GS,SG,5300,33.0,30.45,5.734999999999999,29.0,25.869999999999997,34.65,0.6466350917830281,0.9098514605950646,0.8184997865995443,0.34769521106617685,0.8228117478882545,0.9891265267519143,0.46066038779336776
18,0,Jordan McLaughlin,38.0,MIN,PG,4300,33.0,28.95,6.715,18.666666666666668,21.770000000000003,51.17946428571428,0.5174444413352285,0.9098514605950646,2.051239629430698,-0.032493796255878386,1.538909150675739,1.0223633052045995,0.4057959915645631
18,1,Damion Lee,37.5,GS,SG,5300,33.0,30.45,5.734999999999999,29.0,25.869999999999997,34.65,0.6466350917830281,0.9098514605950646,0.8184997865995443,0.34769521106617685,0.8228117478882545,0.9891265267519143,0.46066038779336776
18,2,Eric Paschall,20.3,GS,SF/PF,4400,33.0,31.4,7.15,28.0,24.640000000000004,37.00714285714286,0.7284558370666344,0.9098514605950646,0.9942915645433812,0.23363850886956072,1.8567687121171228,-0.15421865202045978,0.44960010781430815
18,3,Naz Reid,22.3,MIN,PF/C,5500,30.0,32.3,5.86,19.0,20.380000000000003,51.0,0.8059702273353141,0.6297774752900426,2.0378554827008832,-0.16138714264067294,0.9141507023254343,-0.021271538209718607,0.6002980455662298
18,4,Dennis Schroder,25.8,OKC,PG/SG,5700,30.5,31.65,5.54,30.333333333333332,30.669999999999998,31.8239010989011,0.7499876121412677,0.6764564728408796,0.6077340500368118,0.7927945367115105,0.6803229789662555,0.21138591095907844,0.5646002999929475
18,5,Danilo Gallinari,18.0,OKC,SF/PF,6300,31.5,35.099999999999994,5.56,32.0,33.06,34.551562499999996,1.0471261081712064,0.7698144679425536,0.8111584822365486,1.0144169092724165,0.6949372116762038,-0.3071078329028122,0.7885881117252568
18,6,Derrick Favors,23.3,NO,C,5100,24.0,27.7,5.445,23.333333333333332,27.979999999999997,28.491428571428575,0.4097855659620621,0.06962950467999855,0.3592038140444662,0.5433534562977713,0.6109053735939995,0.045202018695651984,0.3081787807098971
18,7,DeMar DeRozan,20.8,SA,SG/SF,7200,34.5,37.5,5.199999999999999,34.0,39.06,38.0514705882353,1.2538311488876863,1.0498884532475756,1.0721757827393537,1.5707910663290834,0.43188102289712776,-0.12098187356777448,1.0207917198360303
19,0,Bruce Brown,23.0,DET,PG/SF,5600,32.0,27.3,4.890000000000001,30.0,25.12,29.12,0.37533472584264904,0.8164934654933906,0.4060816214961558,0.2781484414340938,0.2053604158929245,0.025259951624040756,0.2880767820100807
19,1,Aaron Holiday,28.5,IND,PG/SG,3000,18.5,18.0,6.015000000000001,21.333333333333332,19.800000000000004,15.609375,-0.4256473069337086,-0.4438394683792085,-0.6015182287570034,-0.21516997782281727,1.0274110058275365,0.390864514603579,-0.4020341778190968
19,2,Juancho Hernangomez,11.5,MIN,SF/PF,5100,31.0,27.35,5.345000000000001,25.0,17.17,33.914,0.37964108085757575,0.7231354703917167,0.763610135692475,-0.45904731666598986,0.5378342100442566,-0.739185952787721,0.21468794588173074
19,3,Rondae Hollis-Jefferson,20.0,TOR,PF,4000,22.5,19.6,4.904999999999999,20.333333333333332,19.919999999999998,21.688524590163937,-0.28784394645605554,-0.07040748797251246,-0.14814540427880676,-0.20404249468168448,0.2163210904253851,-0.174160719092071,-0.22519406629278527
19,4,Terrance Ferguson,4.3,OKC,SG/SF,3000,21.0,10.85,3.635,22.0,9.27,10.35681818181818,-1.0414560740682202,-0.21044448062502347,-0.9932451446803018,-1.1916066234572682,-0.7116826866563544,-1.2177955625063892,-0.8192721503003909
19,5,Moritz Wagner,11.5,WAS,PF/C,4100,16.0,17.950000000000003,4.35,18.666666666666668,20.65,15.385714285714288,-0.429953661948635,-0.6772344561333935,-0.6181984713232651,-0.1363503055731233,-0.18922386727568993,-0.739185952787721,-0.32381661066198997
19,6,Nikola Jokic,48.3,DEN,C,10200,33.5,54.75,5.345,35.333333333333336,51.42999999999999,51.90919811320754,2.739523629037382,0.9565304581459017,2.105661959656492,2.7178491201275774,0.5378342100442559,1.7070409413299164,2.142317508265719
19,7,LaMarcus Aldridge,13.8,SA,PF/C,7500,34.5,37.1,4.965,35.666666666666664,38.660000000000004,35.88644859813084,1.2193803087682733,1.0498884532475756,0.9107120582244591,1.533699455858639,0.2601637885552315,-0.5862967719053686,0.9913211086017563
20,0,Kyle Lowry,55.3,TOR,PG,8300,35.5,38.45,4.609999999999999,35.666666666666664,42.35,38.27032710280374,1.335651894171293,1.1432464483492497,1.0884977361135382,1.8758695624484891,0.000761157953642467,2.1723558396675102,1.1347178690955315
20,1,Dennis Schroder,25.8,OKC,PG/SG,5700,30.5,31.65,5.54,30.333333333333332,30.669999999999998,31.8239010989011,0.7499876121412677,0.6764564728408796,0.6077340500368118,0.7927945367115105,0.6803229789662555,0.21138591095907844,0.5646002999929475
20,2,Torrey Craig,6.0,DEN,SG/SF,3500,15.0,10.35,2.95,23.333333333333332,13.229999999999999,6.6535714285714285,-1.0845196242174866,-0.7705924512350676,-1.269427103251569,-0.8243996797998681,-1.2122201569720956,-1.1047905157672593,-0.7987395616953296
20,3,Nassir Little,1.3,POR,SF/PF,3000,14.5,10.65,3.54,16.0,10.129999999999999,9.6515625,-1.0586814941279266,-0.8172714487859045,-1.0458419356792517,-1.1118596609458127,-0.7811002920286103,-1.417216233222501,-0.8234905812119909
20,4,Shai Gilgeous-Alexander,44.8,OKC,PG/SG,7100,35.5,36.15,5.085,36.666666666666664,35.55,34.99977272727273,1.1375595634846665,1.1432464483492497,0.8445852524919542,1.2453121844509327,0.3478491848149235,1.4743834921611194,0.8965932929054455
20,5,LaMarcus Aldridge,13.8,SA,PF/C,7500,34.5,37.1,4.965,35.666666666666664,38.660000000000004,35.88644859813084,1.2193803087682733,1.0498884532475756,0.9107120582244591,1.533699455858639,0.2601637885552315,-0.5862967719053686,0.9913211086017563
20,6,Paul Millsap,41.3,DEN,PF/C,4500,25.0,25.65,5.720000000000001,23.666666666666668,24.97,27.095070422535205,0.2332250103500693,0.16298749978167257,0.2550657551667505,0.26423908750767694,0.8118510733557939,1.2417260429923223,0.14696297884609003
20,7,Juan Toscano-Anderson,37.5,GS,SF/PF,3300,22.0,19.15,5.779999999999999,18.333333333333332,15.99,22.979999999999997,-0.3266011415903957,-0.11708648552334947,-0.051829324929668456,-0.5684675675538011,0.8556937714856389,0.9891265267519143,-0.32238600393090283
21,0,Aaron Holiday,28.5,IND,PG/SG,3000,18.5,18.0,6.015000000000001,21.333333333333332,19.800000000000004,15.609375,-0.4256473069337086,-0.4438394683792085,-0.6015182287570034,-0.21516997782281727,1.0274110058275365,0.390864514603579,-0.4020341778190968
21,1,Jeremy Lamb,10.5,IND,SG/SF,4800,26.5,22.3,4.640000000000001,26.666666666666668,24.7,22.160625,-0.05530077565001633,0.30302449243418356,-0.11293694410355416,0.23920225044012694,0.022682507018566285,-0.8056595096930916,-0.015184040838905672
21,2,JJ Redick,14.8,NO,SG/SF,4600,21.5,20.1,4.355,26.0,24.28,16.621153846153845,-0.24478039630678902,-0.16376548307418648,-0.5260614520443104,0.20025605944616043,-0.18557030909820219,-0.5198232149999981,-0.16132793672840098
21,3,Brandon Ingram,33.0,NO,SF/PF,6900,33.0,40.4,5.865,32.666666666666664,42.06,40.81224489795918,1.5035997397534322,0.9098514605950646,1.2780697203670026,1.848978144857417,0.9178042605029213,0.6899955206777466,1.1933934089218727
21,4,Langston Galloway,26.5,DET,PG/SG,3600,23.5,16.3,4.525,27.0,17.0,14.187037037037038,-0.5720633774412147,0.022950507129161548,-0.7075938187826954,-0.47481125111592887,-0.06134933106363866,0.2579174007928378,-0.4627483831701422
21,5,T.J. Warren,15.0,IND,SF/PF,6400,34.5,31.5,4.92,34.333333333333336,30.68,31.65291262135922,0.7370685470964878,1.0498884532475756,0.5949820149262071,0.7937218269732716,0.22728176495784702,-0.506528503618924,0.5849960275899289
21,6,Nerlens Noel,23.3,OKC,C,3200,16.5,17.9,5.6,15.333333333333334,18.919999999999998,19.261956521739126,-0.43426001696356203,-0.6305554585825566,-0.329114798542502,-0.2967715208577956,0.7241656770961012,0.045202018695651984,-0.37460148201619675
21,7,Gary Trent Jr.,19.0,POR,SG/SF,5200,35.0,25.6,4.904999999999999,24.666666666666668,16.96,36.32432432432432,0.22891865533514286,1.0965674507984127,0.943368098647611,-0.47852041216297325,0.2163210904253851,-0.24063427599744158,0.15888227347465156
22,0,Ky Bowman,40.5,GS,PG,3700,26.0,23.200000000000003,6.26,19.0,16.9,31.747368421052638,0.02221361461866362,0.25634549488334657,0.6020263707296306,-0.48408415373354013,1.206435356524407,1.188547197468026,-0.061753159583763075
22,1,Jordan McRae,0.0,DEN,SG/SF,3800,0.0,9.15,2.4,18.0,19.790000000000003,0.0,-1.1878721445757263,-2.1709623777601776,-1.765639349174853,-0.21609726808457852,-1.6141115564956838,-1.5036318571994827,-0.8157230549392046
22,2,Doug McDermott,13.8,IND,SF/PF,3100,16.5,14.850000000000001,4.77,16.333333333333332,15.27,15.0015306122449,-0.6969476728740877,-0.6305554585825566,-0.6468502481180073,-0.6352324664006013,0.11767501963323183,-0.5862967719053686,-0.5656609476206858
22,3,Danilo Gallinari,18.0,OKC,SF/PF,6300,31.5,35.099999999999994,5.56,32.0,33.06,34.551562499999996,1.0471261081712064,0.7698144679425536,0.8111584822365486,1.0144169092724165,0.6949372116762038,-0.3071078329028122,0.7885881117252568
22,4,Chris Paul,41.8,OKC,PG,8200,33.5,40.2,4.905,33.333333333333336,39.06,40.400999999999996,1.4863743196937258,0.9565304581459017,1.247399762641061,1.5707910663290834,0.21632109042538578,1.2749628214450077,1.1899272974719441
22,5,Ryan Arcidiacono,18.3,CHI,SG/SF,3200,29.0,20.05,6.255,24.0,13.51,24.227083333333333,-0.24908675132171573,0.5364194801883686,0.04117606748703173,-0.7984355524705569,1.20278179834692,-0.28716576583120096,-0.31264178858354524
22,6,Trey Lyles,14.5,SA,PF/C,3900,28.0,20.2,5.1850000000000005,25.666666666666668,18.36,22.036363636363635,-0.2361676862769359,0.4430614850866946,-0.12220414909164717,-0.3486997755164178,0.4209203483646672,-0.5397652820716092,-0.21896217359520256
22,7,Rui Hachimura,26.0,WAS,PF/C,5300,29.5,26.5,5.005,28.0,26.5,27.919642857142858,0.3064330456038225,0.5830984777392056,0.3165609903341505,0.4061144975571271,0.2893922539751288,0.2246806223401525,0.24738203255321983
23,0,Patty Mills,14.8,SA,PG/SG,3100,20.0,15.65,5.07,22.666666666666668,17.830000000000002,13.808823529411764,-0.6280459926352613,-0.3038024757266975,-0.7358003505787409,-0.3978461593897565,0.33688851028246225,-0.5198232149999981,-0.5156755743684408
23,1,Gary Trent Jr.,19.0,POR,SG/SF,5200,35.0,25.6,4.904999999999999,24.666666666666668,16.96,36.32432432432432,0.22891865533514286,1.0965674507984127,0.943368098647611,-0.47852041216297325,0.2163210904253851,-0.24063427599744158,0.15888227347465156
23,2,OG Anunoby,18.0,TOR,SF/PF,4800,32.5,21.3,4.435,32.666666666666664,24.18,21.191326530612248,-0.14142787594854941,0.8631724630442277,-0.1852256052576988,0.1909831568285492,-0.12711337825840816,-0.3071078329028122,-0.06789220912832218
23,3,James Johnson,28.8,MIN,PF/C,4900,24.5,24.05,4.9,22.333333333333332,19.25,26.383208955223882,0.09542164987241655,0.11630850223083555,0.20197631571714078,-0.2661709422196788,0.2126675322478987,0.41080658167519024,0.031895762572099924
23,4,Gary Harris,23.3,DEN,SG,4200,30.5,20.05,4.75,32.333333333333336,19.81,18.91314432989691,-0.24908675132171573,0.6764564728408796,-0.35512862930656314,-0.21424268756105666,0.10306078692328349,0.045202018695651984,-0.21152761353495814
23,5,Jordan McRae,0.0,DEN,SG/SF,3800,0.0,9.15,2.4,18.0,19.790000000000003,0.0,-1.1878721445757263,-2.1709623777601776,-1.765639349174853,-0.21609726808457852,-1.6141115564956838,-1.5036318571994827,-0.8157230549392046
23,6,Thon Maker,14.3,DET,PF/C,4700,23.5,22.9,4.85,20.666666666666668,16.759999999999998,26.039516129032254,-0.0036245154708966693,0.022950507129161548,0.17634427869414818,-0.49706621739819573,0.17613195047302652,-0.5530599934526833,-0.056000170937564875
23,7,Terrance Ferguson,4.3,OKC,SG/SF,3000,21.0,10.85,3.635,22.0,9.27,10.35681818181818,-1.0414560740682202,-0.21044448062502347,-0.9932451446803018,-1.1916066234572682,-0.7116826866563544,-1.2177955625063892,-0.8192721503003909
