Lineup Num,,Player Name,Actual FP,team,Pos,Salary,DFN_MinProj,Avg Proj,Avg Value Proj,Avg Skewed Min,Avg Skewed FP,Proj Min Enhanced,Avg Proj Stan,DFN_MinProj Stan,Proj Min Enhanced Stan,Avg Skewed FP Stan,Avg Value Proj Stan,Actual FP Stan,predictions
0,0,Spencer Dinwiddie,39.8,BKN,PG/SG,6700,35.0,41.15,6.16,32.0,38.03,45.0078125,1.5309464119982543,1.147183077354374,1.7350621113861215,1.3128150112681227,1.4250369804716827,1.2038388957248367,1.1450647281631083
0,1,James Harden,51.8,HOU,PG/SG,11000,36.5,59.6,5.43,38.333333333333336,62.620000000000005,56.74956521739131,3.051273684286533,1.2880308900185895,2.621725802183475,3.4766428071618054,0.85460357276855,2.037094136328171,2.4413815539366697
0,2,Caris LeVert,32.0,BKN,PG/SF,4600,26.5,25.25,5.48,25.333333333333332,24.41,26.41282894736842,0.2207456732782746,0.34904547225715304,0.3308853122382457,0.11430608161899873,0.8936743541180803,0.6622229893326698,0.11649695048139459
0,3,Derrick Jones Jr.,12.3,MIA,SF/PF,4100,29.5,22.3,5.45,22.333333333333332,20.2,29.455970149253734,-0.02234188516348257,0.6307410975855839,0.5606842932442603,-0.25615813231806533,0.8702318853083623,-0.7057043639911373,-0.05469120392395432
0,4,Joe Harris,15.3,BKN,SG/SF,3800,32.5,22.3,5.885,31.666666666666668,24.06,22.88684210526316,-0.02234188516348257,0.9124367229140149,0.06462484990596215,0.08350739399952772,1.2101476830492695,-0.4973905538403038,-0.08063520133086406
0,5,Brandon Ingram,43.5,NO,SF/PF,8800,36.5,47.8,5.44,38.0,46.5,45.91315789473684,2.0789234505195036,1.2880308900185895,1.8034281303668125,2.058143251659318,0.8624177290384565,1.4607592615775318,1.613554993284512
0,6,Brandon Clarke,12.0,MEM,PF/C,4900,22.5,24.8,5.050000000000001,23.0,25.020000000000003,24.26086956521739,0.18366452029563374,-0.026548694847421533,0.16838280565778485,0.16798379432721966,0.5576656345121258,-0.7265357450062208,0.10795956059804036
0,7,Aaron Gordon,25.5,ORL,SF/PF,6000,33.5,33.0,5.5,31.666666666666668,30.779999999999994,34.91052631578947,0.8593655302015352,1.0063352646901587,0.9725782428688904,0.6748421962933682,0.9093026666578917,0.2108764006725303,0.6296770741583126
1,0,Spencer Dinwiddie,39.8,BKN,PG/SG,6700,35.0,41.15,6.16,32.0,38.03,45.0078125,1.5309464119982543,1.147183077354374,1.7350621113861215,1.3128150112681227,1.4250369804716827,1.2038388957248367,1.1450647281631083
1,1,James Harden,51.8,HOU,PG/SG,11000,36.5,59.6,5.43,38.333333333333336,62.620000000000005,56.74956521739131,3.051273684286533,1.2880308900185895,2.621725802183475,3.4766428071618054,0.85460357276855,2.037094136328171,2.4413815539366697
1,2,Aaron Gordon,25.5,ORL,SF/PF,6000,33.5,33.0,5.5,31.666666666666668,30.779999999999994,34.91052631578947,0.8593655302015352,1.0063352646901587,0.9725782428688904,0.6748421962933682,0.9093026666578917,0.2108764006725303,0.6296770741583126
1,3,Jaren Jackson Jr.,32.5,MEM,PF/C,6200,30.0,33.35,5.37,27.0,31.77,37.05555555555556,0.8882064269658115,0.6776903684736558,1.1345574284620439,0.7619584841313006,0.8077186351491148,0.696941957691142,0.6759541449780064
1,4,Joe Harris,15.3,BKN,SG/SF,3800,32.5,22.3,5.885,31.666666666666668,24.06,22.88684210526316,-0.02234188516348257,0.9124367229140149,0.06462484990596215,0.08350739399952772,1.2101476830492695,-0.4973905538403038,-0.08063520133086406
1,5,Derrick Jones Jr.,12.3,MIA,SF/PF,4100,29.5,22.3,5.45,22.333333333333332,20.2,29.455970149253734,-0.02234188516348257,0.6307410975855839,0.5606842932442603,-0.25615813231806533,0.8702318853083623,-0.7057043639911373,-0.05469120392395432
1,6,Jonas Valanciunas,33.8,MEM,C,7100,28.0,38.8,5.445,28.0,36.019999999999996,38.8,1.3373003908666847,0.4898932849213685,1.266286956985592,1.1359425480820182,0.8663248071734094,0.7872112754231697,1.0035979492505864
1,7,Miles Bridges,9.5,CHA,SF/PF,4700,30.0,25.35,5.415,28.333333333333332,25.390000000000004,26.841176470588238,0.22898592949663937,0.6776903684736558,0.36323143679249953,0.20054240695351755,0.8428823383636914,-0.9001305867985822,0.13811812042966629
2,0,Spencer Dinwiddie,39.8,BKN,PG/SG,6700,35.0,41.15,6.16,32.0,38.03,45.0078125,1.5309464119982543,1.147183077354374,1.7350621113861215,1.3128150112681227,1.4250369804716827,1.2038388957248367,1.1450647281631083
2,1,Joe Harris,15.3,BKN,SG/SF,3800,32.5,22.3,5.885,31.666666666666668,24.06,22.88684210526316,-0.02234188516348257,0.9124367229140149,0.06462484990596215,0.08350739399952772,1.2101476830492695,-0.4973905538403038,-0.08063520133086406
2,2,Aaron Gordon,25.5,ORL,SF/PF,6000,33.5,33.0,5.5,31.666666666666668,30.779999999999994,34.91052631578947,0.8593655302015352,1.0063352646901587,0.9725782428688904,0.6748421962933682,0.9093026666578917,0.2108764006725303,0.6296770741583126
2,3,Miles Bridges,9.5,CHA,SF/PF,4700,30.0,25.35,5.415,28.333333333333332,25.390000000000004,26.841176470588238,0.22898592949663937,0.6776903684736558,0.36323143679249953,0.20054240695351755,0.8428823383636914,-0.9001305867985822,0.13811812042966629
2,4,James Harden,51.8,HOU,PG/SG,11000,36.5,59.6,5.43,38.333333333333336,62.620000000000005,56.74956521739131,3.051273684286533,1.2880308900185895,2.621725802183475,3.4766428071618054,0.85460357276855,2.037094136328171,2.4413815539366697
2,5,John Collins,36.8,ATL,PF/C,7300,29.0,36.75,5.03,28.333333333333332,37.21,37.61470588235294,1.1683751383902097,0.5837918266975122,1.1767809622394496,1.2406580859882195,0.5420373219723136,0.9955250855740032,0.9244100298581929
2,6,Jaren Jackson Jr.,32.5,MEM,PF/C,6200,30.0,33.35,5.37,27.0,31.77,37.05555555555556,0.8882064269658115,0.6776903684736558,1.1345574284620439,0.7619584841313006,0.8077186351491148,0.696941957691142,0.6759541449780064
2,7,Derrick Jones Jr.,12.3,MIA,SF/PF,4100,29.5,22.3,5.45,22.333333333333332,20.2,29.455970149253734,-0.02234188516348257,0.6307410975855839,0.5606842932442603,-0.25615813231806533,0.8702318853083623,-0.7057043639911373,-0.05469120392395432
3,0,Spencer Dinwiddie,39.8,BKN,PG/SG,6700,35.0,41.15,6.16,32.0,38.03,45.0078125,1.5309464119982543,1.147183077354374,1.7350621113861215,1.3128150112681227,1.4250369804716827,1.2038388957248367,1.1450647281631083
3,1,James Harden,51.8,HOU,PG/SG,11000,36.5,59.6,5.43,38.333333333333336,62.620000000000005,56.74956521739131,3.051273684286533,1.2880308900185895,2.621725802183475,3.4766428071618054,0.85460357276855,2.037094136328171,2.4413815539366697
3,2,Derrick Jones Jr.,12.3,MIA,SF/PF,4100,29.5,22.3,5.45,22.333333333333332,20.2,29.455970149253734,-0.02234188516348257,0.6307410975855839,0.5606842932442603,-0.25615813231806533,0.8702318853083623,-0.7057043639911373,-0.05469120392395432
3,3,Miles Bridges,9.5,CHA,SF/PF,4700,30.0,25.35,5.415,28.333333333333332,25.390000000000004,26.841176470588238,0.22898592949663937,0.6776903684736558,0.36323143679249953,0.20054240695351755,0.8428823383636914,-0.9001305867985822,0.13811812042966629
3,4,Caris LeVert,32.0,BKN,PG/SF,4600,26.5,25.25,5.48,25.333333333333332,24.41,26.41282894736842,0.2207456732782746,0.34904547225715304,0.3308853122382457,0.11430608161899873,0.8936743541180803,0.6622229893326698,0.11649695048139459
3,5,Evan Fournier,40.0,ORL,SG/SF,5600,32.0,29.0,5.18,32.333333333333336,29.4,28.70103092783505,0.5297552814669491,0.8654874520259431,0.5036760073007722,0.553407370822312,0.6592496660209021,1.217726483068226,0.3891866315346246
3,6,Jonas Valanciunas,33.8,MEM,C,7100,28.0,38.8,5.445,28.0,36.019999999999996,38.8,1.3373003908666847,0.4898932849213685,1.266286956985592,1.1359425480820182,0.8663248071734094,0.7872112754231697,1.0035979492505864
3,7,Aaron Gordon,25.5,ORL,SF/PF,6000,33.5,33.0,5.5,31.666666666666668,30.779999999999994,34.91052631578947,0.8593655302015352,1.0063352646901587,0.9725782428688904,0.6748421962933682,0.9093026666578917,0.2108764006725303,0.6296770741583126
4,0,James Harden,51.8,HOU,PG/SG,11000,36.5,59.6,5.43,38.333333333333336,62.620000000000005,56.74956521739131,3.051273684286533,1.2880308900185895,2.621725802183475,3.4766428071618054,0.85460357276855,2.037094136328171,2.4413815539366697
4,1,Kendrick Nunn,41.3,MIA,PG/SG,5800,33.0,29.9,5.135,31.666666666666668,28.5,31.15894736842105,0.6039175874322308,0.9593859938020868,0.6892824763974632,0.4742107455151013,0.6240859628063254,1.3079958008002537,0.4448630442443468
4,2,Joe Harris,15.3,BKN,SG/SF,3800,32.5,22.3,5.885,31.666666666666668,24.06,22.88684210526316,-0.02234188516348257,0.9124367229140149,0.06462484990596215,0.08350739399952772,1.2101476830492695,-0.4973905538403038,-0.08063520133086406
4,3,Aaron Gordon,25.5,ORL,SF/PF,6000,33.5,33.0,5.5,31.666666666666668,30.779999999999994,34.91052631578947,0.8593655302015352,1.0063352646901587,0.9725782428688904,0.6748421962933682,0.9093026666578917,0.2108764006725303,0.6296770741583126
4,4,Spencer Dinwiddie,39.8,BKN,PG/SG,6700,35.0,41.15,6.16,32.0,38.03,45.0078125,1.5309464119982543,1.147183077354374,1.7350621113861215,1.3128150112681227,1.4250369804716827,1.2038388957248367,1.1450647281631083
4,5,Evan Fournier,40.0,ORL,SG/SF,5600,32.0,29.0,5.18,32.333333333333336,29.4,28.70103092783505,0.5297552814669491,0.8654874520259431,0.5036760073007722,0.553407370822312,0.6592496660209021,1.217726483068226,0.3891866315346246
4,6,Jaren Jackson Jr.,32.5,MEM,PF/C,6200,30.0,33.35,5.37,27.0,31.77,37.05555555555556,0.8882064269658115,0.6776903684736558,1.1345574284620439,0.7619584841313006,0.8077186351491148,0.696941957691142,0.6759541449780064
4,7,Caris LeVert,32.0,BKN,PG/SF,4600,26.5,25.25,5.48,25.333333333333332,24.41,26.41282894736842,0.2207456732782746,0.34904547225715304,0.3308853122382457,0.11430608161899873,0.8936743541180803,0.6622229893326698,0.11649695048139459
5,0,Spencer Dinwiddie,39.8,BKN,PG/SG,6700,35.0,41.15,6.16,32.0,38.03,45.0078125,1.5309464119982543,1.147183077354374,1.7350621113861215,1.3128150112681227,1.4250369804716827,1.2038388957248367,1.1450647281631083
5,1,Eric Gordon,8.3,HOU,SG/SF,4700,30.5,23.2,4.945,29.666666666666668,21.68,23.851685393258425,0.05182042080179918,0.7246396393617276,0.13748377747542317,-0.12592368181287417,0.47561699367811333,-0.9834561108589155,-0.0004122473394029856
5,2,Joe Harris,15.3,BKN,SG/SF,3800,32.5,22.3,5.885,31.666666666666668,24.06,22.88684210526316,-0.02234188516348257,0.9124367229140149,0.06462484990596215,0.08350739399952772,1.2101476830492695,-0.4973905538403038,-0.08063520133086406
5,3,Aaron Gordon,25.5,ORL,SF/PF,6000,33.5,33.0,5.5,31.666666666666668,30.779999999999994,34.91052631578947,0.8593655302015352,1.0063352646901587,0.9725782428688904,0.6748421962933682,0.9093026666578917,0.2108764006725303,0.6296770741583126
5,4,James Harden,51.8,HOU,PG/SG,11000,36.5,59.6,5.43,38.333333333333336,62.620000000000005,56.74956521739131,3.051273684286533,1.2880308900185895,2.621725802183475,3.4766428071618054,0.85460357276855,2.037094136328171,2.4413815539366697
5,5,Jaren Jackson Jr.,32.5,MEM,PF/C,6200,30.0,33.35,5.37,27.0,31.77,37.05555555555556,0.8882064269658115,0.6776903684736558,1.1345574284620439,0.7619584841313006,0.8077186351491148,0.696941957691142,0.6759541449780064
5,6,Jonas Valanciunas,33.8,MEM,C,7100,28.0,38.8,5.445,28.0,36.019999999999996,38.8,1.3373003908666847,0.4898932849213685,1.266286956985592,1.1359425480820182,0.8663248071734094,0.7872112754231697,1.0035979492505864
5,7,Derrick Jones Jr.,12.3,MIA,SF/PF,4100,29.5,22.3,5.45,22.333333333333332,20.2,29.455970149253734,-0.02234188516348257,0.6307410975855839,0.5606842932442603,-0.25615813231806533,0.8702318853083623,-0.7057043639911373,-0.05469120392395432
6,0,James Harden,51.8,HOU,PG/SG,11000,36.5,59.6,5.43,38.333333333333336,62.620000000000005,56.74956521739131,3.051273684286533,1.2880308900185895,2.621725802183475,3.4766428071618054,0.85460357276855,2.037094136328171,2.4413815539366697
6,1,Spencer Dinwiddie,39.8,BKN,PG/SG,6700,35.0,41.15,6.16,32.0,38.03,45.0078125,1.5309464119982543,1.147183077354374,1.7350621113861215,1.3128150112681227,1.4250369804716827,1.2038388957248367,1.1450647281631083
6,2,Joe Harris,15.3,BKN,SG/SF,3800,32.5,22.3,5.885,31.666666666666668,24.06,22.88684210526316,-0.02234188516348257,0.9124367229140149,0.06462484990596215,0.08350739399952772,1.2101476830492695,-0.4973905538403038,-0.08063520133086406
6,3,Aaron Gordon,25.5,ORL,SF/PF,6000,33.5,33.0,5.5,31.666666666666668,30.779999999999994,34.91052631578947,0.8593655302015352,1.0063352646901587,0.9725782428688904,0.6748421962933682,0.9093026666578917,0.2108764006725303,0.6296770741583126
6,4,Chris Paul,50.0,OKC,PG,6800,33.0,37.0,5.44,31.666666666666668,36.38,38.5578947368421,1.1889757789361213,0.9593859938020868,1.248004682493889,1.167621198204903,0.8624177290384565,1.912105850237671,0.9143184498906771
6,5,Bruce Brown,17.8,DET,PG/SF,4800,23.5,21.15,4.395,25.666666666666668,22.93,19.364610389610387,-0.11710483167467625,0.06734984692872212,-0.2013520487744619,-0.015928368886192455,0.04583839883328707,-0.3237957120479425,-0.09424043625304192
6,6,Jaren Jackson Jr.,32.5,MEM,PF/C,6200,30.0,33.35,5.37,27.0,31.77,37.05555555555556,0.8882064269658115,0.6776903684736558,1.1345574284620439,0.7619584841313006,0.8077186351491148,0.696941957691142,0.6759541449780064
6,7,Caris LeVert,32.0,BKN,PG/SF,4600,26.5,25.25,5.48,25.333333333333332,24.41,26.41282894736842,0.2207456732782746,0.34904547225715304,0.3308853122382457,0.11430608161899873,0.8936743541180803,0.6622229893326698,0.11649695048139459
7,0,Caris LeVert,32.0,BKN,PG/SF,4600,26.5,25.25,5.48,25.333333333333332,24.41,26.41282894736842,0.2207456732782746,0.34904547225715304,0.3308853122382457,0.11430608161899873,0.8936743541180803,0.6622229893326698,0.11649695048139459
7,1,Garrett Temple,8.8,BKN,PG/SG,3500,27.5,19.75,5.665,28.333333333333332,21.59,19.169117647058826,-0.23246841873178126,0.4429440140332967,-0.21611443738941943,-0.13384334434359524,1.0382362451113394,-0.9487371425004433,-0.2478871111602619
7,2,Joe Harris,15.3,BKN,SG/SF,3800,32.5,22.3,5.885,31.666666666666668,24.06,22.88684210526316,-0.02234188516348257,0.9124367229140149,0.06462484990596215,0.08350739399952772,1.2101476830492695,-0.4973905538403038,-0.08063520133086406
7,3,Aaron Gordon,25.5,ORL,SF/PF,6000,33.5,33.0,5.5,31.666666666666668,30.779999999999994,34.91052631578947,0.8593655302015352,1.0063352646901587,0.9725782428688904,0.6748421962933682,0.9093026666578917,0.2108764006725303,0.6296770741583126
7,4,James Harden,51.8,HOU,PG/SG,11000,36.5,59.6,5.43,38.333333333333336,62.620000000000005,56.74956521739131,3.051273684286533,1.2880308900185895,2.621725802183475,3.4766428071618054,0.85460357276855,2.037094136328171,2.4413815539366697
7,5,Brandon Ingram,43.5,NO,SF/PF,8800,36.5,47.8,5.44,38.0,46.5,45.91315789473684,2.0789234505195036,1.2880308900185895,1.8034281303668125,2.058143251659318,0.8624177290384565,1.4607592615775318,1.613554993284512
7,6,Brandon Clarke,12.0,MEM,PF/C,4900,22.5,24.8,5.050000000000001,23.0,25.020000000000003,24.26086956521739,0.18366452029563374,-0.026548694847421533,0.16838280565778485,0.16798379432721966,0.5576656345121258,-0.7265357450062208,0.10795956059804036
7,7,Spencer Dinwiddie,39.8,BKN,PG/SG,6700,35.0,41.15,6.16,32.0,38.03,45.0078125,1.5309464119982543,1.147183077354374,1.7350621113861215,1.3128150112681227,1.4250369804716827,1.2038388957248367,1.1450647281631083
8,0,Donte DiVincenzo,19.3,MIL,PG/SG,4100,25.0,23.450000000000003,5.734999999999999,25.0,23.59,23.450000000000003,0.0724210613477111,0.2081976595929376,0.1071510101366619,0.0421491563390955,1.0929353390006804,-0.21963880697252572,-0.016478429619203632
8,1,Joe Harris,15.3,BKN,SG/SF,3800,32.5,22.3,5.885,31.666666666666668,24.06,22.88684210526316,-0.02234188516348257,0.9124367229140149,0.06462484990596215,0.08350739399952772,1.2101476830492695,-0.4973905538403038,-0.08063520133086406
8,2,Caris LeVert,32.0,BKN,PG/SF,4600,26.5,25.25,5.48,25.333333333333332,24.41,26.41282894736842,0.2207456732782746,0.34904547225715304,0.3308853122382457,0.11430608161899873,0.8936743541180803,0.6622229893326698,0.11649695048139459
8,3,Brandon Ingram,43.5,NO,SF/PF,8800,36.5,47.8,5.44,38.0,46.5,45.91315789473684,2.0789234505195036,1.2880308900185895,1.8034281303668125,2.058143251659318,0.8624177290384565,1.4607592615775318,1.613554993284512
8,4,James Harden,51.8,HOU,PG/SG,11000,36.5,59.6,5.43,38.333333333333336,62.620000000000005,56.74956521739131,3.051273684286533,1.2880308900185895,2.621725802183475,3.4766428071618054,0.85460357276855,2.037094136328171,2.4413815539366697
8,5,John Collins,36.8,ATL,PF/C,7300,29.0,36.75,5.03,28.333333333333332,37.21,37.61470588235294,1.1683751383902097,0.5837918266975122,1.1767809622394496,1.2406580859882195,0.5420373219723136,0.9955250855740032,0.9244100298581929
8,6,Jaren Jackson Jr.,32.5,MEM,PF/C,6200,30.0,33.35,5.37,27.0,31.77,37.05555555555556,0.8882064269658115,0.6776903684736558,1.1345574284620439,0.7619584841313006,0.8077186351491148,0.696941957691142,0.6759541449780064
8,7,Derrick Jones Jr.,12.3,MIA,SF/PF,4100,29.5,22.3,5.45,22.333333333333332,20.2,29.455970149253734,-0.02234188516348257,0.6307410975855839,0.5606842932442603,-0.25615813231806533,0.8702318853083623,-0.7057043639911373,-0.05469120392395432
9,0,Caris LeVert,32.0,BKN,PG/SF,4600,26.5,25.25,5.48,25.333333333333332,24.41,26.41282894736842,0.2207456732782746,0.34904547225715304,0.3308853122382457,0.11430608161899873,0.8936743541180803,0.6622229893326698,0.11649695048139459
9,1,Evan Fournier,40.0,ORL,SG/SF,5600,32.0,29.0,5.18,32.333333333333336,29.4,28.70103092783505,0.5297552814669491,0.8654874520259431,0.5036760073007722,0.553407370822312,0.6592496660209021,1.217726483068226,0.3891866315346246
9,2,Joe Harris,15.3,BKN,SG/SF,3800,32.5,22.3,5.885,31.666666666666668,24.06,22.88684210526316,-0.02234188516348257,0.9124367229140149,0.06462484990596215,0.08350739399952772,1.2101476830492695,-0.4973905538403038,-0.08063520133086406
9,3,Brandon Ingram,43.5,NO,SF/PF,8800,36.5,47.8,5.44,38.0,46.5,45.91315789473684,2.0789234505195036,1.2880308900185895,1.8034281303668125,2.058143251659318,0.8624177290384565,1.4607592615775318,1.613554993284512
9,4,Spencer Dinwiddie,39.8,BKN,PG/SG,6700,35.0,41.15,6.16,32.0,38.03,45.0078125,1.5309464119982543,1.147183077354374,1.7350621113861215,1.3128150112681227,1.4250369804716827,1.2038388957248367,1.1450647281631083
9,5,Aaron Gordon,25.5,ORL,SF/PF,6000,33.5,33.0,5.5,31.666666666666668,30.779999999999994,34.91052631578947,0.8593655302015352,1.0063352646901587,0.9725782428688904,0.6748421962933682,0.9093026666578917,0.2108764006725303,0.6296770741583126
9,6,Andre Drummond,51.5,DET,C,9600,32.5,51.3,5.32,33.666666666666664,50.0,49.522277227722775,2.3673324181622664,0.9124367229140149,2.075966238205994,2.3661301278540265,0.7686478537995853,2.016262755313088,1.85447720889863
9,7,Derrick Jones Jr.,12.3,MIA,SF/PF,4100,29.5,22.3,5.45,22.333333333333332,20.2,29.455970149253734,-0.02234188516348257,0.6307410975855839,0.5606842932442603,-0.25615813231806533,0.8702318853083623,-0.7057043639911373,-0.05469120392395432
10,0,Caris LeVert,32.0,BKN,PG/SF,4600,26.5,25.25,5.48,25.333333333333332,24.41,26.41282894736842,0.2207456732782746,0.34904547225715304,0.3308853122382457,0.11430608161899873,0.8936743541180803,0.6622229893326698,0.11649695048139459
10,1,Furkan Korkmaz,18.0,PHI,SG,3700,21.5,17.200000000000003,4.63,22.333333333333332,15.9,16.558208955223883,-0.44259495230007967,-0.12044723662356518,-0.41327392394617507,-0.6345420087858503,0.22947107117607649,-0.30990812470455364,-0.39494680840475727
10,2,Eric Gordon,8.3,HOU,SG/SF,4700,30.5,23.2,4.945,29.666666666666668,21.68,23.851685393258425,0.05182042080179918,0.7246396393617276,0.13748377747542317,-0.12592368181287417,0.47561699367811333,-0.9834561108589155,-0.0004122473394029856
10,3,Brandon Ingram,43.5,NO,SF/PF,8800,36.5,47.8,5.44,38.0,46.5,45.91315789473684,2.0789234505195036,1.2880308900185895,1.8034281303668125,2.058143251659318,0.8624177290384565,1.4607592615775318,1.613554993284512
10,4,James Harden,51.8,HOU,PG/SG,11000,36.5,59.6,5.43,38.333333333333336,62.620000000000005,56.74956521739131,3.051273684286533,1.2880308900185895,2.621725802183475,3.4766428071618054,0.85460357276855,2.037094136328171,2.4413815539366697
10,5,Joe Harris,15.3,BKN,SG/SF,3800,32.5,22.3,5.885,31.666666666666668,24.06,22.88684210526316,-0.02234188516348257,0.9124367229140149,0.06462484990596215,0.08350739399952772,1.2101476830492695,-0.4973905538403038,-0.08063520133086406
10,6,Jaren Jackson Jr.,32.5,MEM,PF/C,6200,30.0,33.35,5.37,27.0,31.77,37.05555555555556,0.8882064269658115,0.6776903684736558,1.1345574284620439,0.7619584841313006,0.8077186351491148,0.696941957691142,0.6759541449780064
10,7,Spencer Dinwiddie,39.8,BKN,PG/SG,6700,35.0,41.15,6.16,32.0,38.03,45.0078125,1.5309464119982543,1.147183077354374,1.7350621113861215,1.3128150112681227,1.4250369804716827,1.2038388957248367,1.1450647281631083
11,0,Caris LeVert,32.0,BKN,PG/SF,4600,26.5,25.25,5.48,25.333333333333332,24.41,26.41282894736842,0.2207456732782746,0.34904547225715304,0.3308853122382457,0.11430608161899873,0.8936743541180803,0.6622229893326698,0.11649695048139459
11,1,James Harden,51.8,HOU,PG/SG,11000,36.5,59.6,5.43,38.333333333333336,62.620000000000005,56.74956521739131,3.051273684286533,1.2880308900185895,2.621725802183475,3.4766428071618054,0.85460357276855,2.037094136328171,2.4413815539366697
11,2,Joe Harris,15.3,BKN,SG/SF,3800,32.5,22.3,5.885,31.666666666666668,24.06,22.88684210526316,-0.02234188516348257,0.9124367229140149,0.06462484990596215,0.08350739399952772,1.2101476830492695,-0.4973905538403038,-0.08063520133086406
11,3,John Collins,36.8,ATL,PF/C,7300,29.0,36.75,5.03,28.333333333333332,37.21,37.61470588235294,1.1683751383902097,0.5837918266975122,1.1767809622394496,1.2406580859882195,0.5420373219723136,0.9955250855740032,0.9244100298581929
11,4,Reggie Bullock,17.0,NY,SG/SF,4400,29.5,22.35,5.0649999999999995,27.333333333333332,19.97,24.121646341463418,-0.018221757054300187,0.6307410975855839,0.15786953899397885,-0.2763972698965748,0.5693868689169838,-0.3793460614214982,-0.06564092040682759
11,5,Josh Hart,21.3,NO,SG/SF,4400,28.5,22.5,5.13,33.333333333333336,24.880000000000003,19.237499999999997,-0.005861372726753325,0.5368425558094404,-0.2109506300002193,0.15566431927943128,0.6201788846713725,-0.08076293353863666,-0.04503287976357886
11,6,Jonas Valanciunas,33.8,MEM,C,7100,28.0,38.8,5.445,28.0,36.019999999999996,38.8,1.3373003908666847,0.4898932849213685,1.266286956985592,1.1359425480820182,0.8663248071734094,0.7872112754231697,1.0035979492505864
11,7,Evan Fournier,40.0,ORL,SG/SF,5600,32.0,29.0,5.18,32.333333333333336,29.4,28.70103092783505,0.5297552814669491,0.8654874520259431,0.5036760073007722,0.553407370822312,0.6592496660209021,1.217726483068226,0.3891866315346246
12,0,Chris Paul,50.0,OKC,PG,6800,33.0,37.0,5.44,31.666666666666668,36.38,38.5578947368421,1.1889757789361213,0.9593859938020868,1.248004682493889,1.167621198204903,0.8624177290384565,1.912105850237671,0.9143184498906771
12,1,James Harden,51.8,HOU,PG/SG,11000,36.5,59.6,5.43,38.333333333333336,62.620000000000005,56.74956521739131,3.051273684286533,1.2880308900185895,2.621725802183475,3.4766428071618054,0.85460357276855,2.037094136328171,2.4413815539366697
12,2,Derrick Jones Jr.,12.3,MIA,SF/PF,4100,29.5,22.3,5.45,22.333333333333332,20.2,29.455970149253734,-0.02234188516348257,0.6307410975855839,0.5606842932442603,-0.25615813231806533,0.8702318853083623,-0.7057043639911373,-0.05469120392395432
12,3,Jaren Jackson Jr.,32.5,MEM,PF/C,6200,30.0,33.35,5.37,27.0,31.77,37.05555555555556,0.8882064269658115,0.6776903684736558,1.1345574284620439,0.7619584841313006,0.8077186351491148,0.696941957691142,0.6759541449780064
12,4,Kendrick Nunn,41.3,MIA,PG/SG,5800,33.0,29.9,5.135,31.666666666666668,28.5,31.15894736842105,0.6039175874322308,0.9593859938020868,0.6892824763974632,0.4742107455151013,0.6240859628063254,1.3079958008002537,0.4448630442443468
12,5,Caris LeVert,32.0,BKN,PG/SF,4600,26.5,25.25,5.48,25.333333333333332,24.41,26.41282894736842,0.2207456732782746,0.34904547225715304,0.3308853122382457,0.11430608161899873,0.8936743541180803,0.6622229893326698,0.11649695048139459
12,6,Gary Clark,13.3,ORL,PF/C,3000,0.0,4.65,1.54,14.333333333333334,8.989999999999998,0.0,-1.4767471077048435,-2.1392658848106536,-1.6636462506846685,-1.242596098644547,-2.1851032162248534,-0.6362664272741929,-1.0485778103262673
12,7,Spencer Dinwiddie,39.8,BKN,PG/SG,6700,35.0,41.15,6.16,32.0,38.03,45.0078125,1.5309464119982543,1.147183077354374,1.7350621113861215,1.3128150112681227,1.4250369804716827,1.2038388957248367,1.1450647281631083
13,0,Chris Paul,50.0,OKC,PG,6800,33.0,37.0,5.44,31.666666666666668,36.38,38.5578947368421,1.1889757789361213,0.9593859938020868,1.248004682493889,1.167621198204903,0.8624177290384565,1.912105850237671,0.9143184498906771
13,1,James Harden,51.8,HOU,PG/SG,11000,36.5,59.6,5.43,38.333333333333336,62.620000000000005,56.74956521739131,3.051273684286533,1.2880308900185895,2.621725802183475,3.4766428071618054,0.85460357276855,2.037094136328171,2.4413815539366697
13,2,Cam Reddish,28.5,ATL,SG/SF,4400,31.5,22.15,5.015000000000001,30.333333333333332,20.509999999999998,23.001923076923077,-0.034702269491029725,0.8185381811378712,0.07331504476259497,-0.2288792947122484,0.530316087567455,0.4191902108233639,-0.07431569817685617
13,3,Brandon Clarke,12.0,MEM,PF/C,4900,22.5,24.8,5.050000000000001,23.0,25.020000000000003,24.26086956521739,0.18366452029563374,-0.026548694847421533,0.16838280565778485,0.16798379432721966,0.5576656345121258,-0.7265357450062208,0.10795956059804036
13,4,Joe Harris,15.3,BKN,SG/SF,3800,32.5,22.3,5.885,31.666666666666668,24.06,22.88684210526316,-0.02234188516348257,0.9124367229140149,0.06462484990596215,0.08350739399952772,1.2101476830492695,-0.4973905538403038,-0.08063520133086406
13,5,John Collins,36.8,ATL,PF/C,7300,29.0,36.75,5.03,28.333333333333332,37.21,37.61470588235294,1.1683751383902097,0.5837918266975122,1.1767809622394496,1.2406580859882195,0.5420373219723136,0.9955250855740032,0.9244100298581929
13,6,Khem Birch,12.8,ORL,PF/C,3100,17.5,13.05,4.185,21.0,13.15,10.875,-0.7845655853622129,-0.49604140372813976,-0.8424343013698725,-0.8765316972245502,-0.11825888283473726,-0.6709853956326651,-0.6469405309560734
13,7,Derrick Jones Jr.,12.3,MIA,SF/PF,4100,29.5,22.3,5.45,22.333333333333332,20.2,29.455970149253734,-0.02234188516348257,0.6307410975855839,0.5606842932442603,-0.25615813231806533,0.8702318853083623,-0.7057043639911373,-0.05469120392395432
14,0,Kendrick Nunn,41.3,MIA,PG/SG,5800,33.0,29.9,5.135,31.666666666666668,28.5,31.15894736842105,0.6039175874322308,0.9593859938020868,0.6892824763974632,0.4742107455151013,0.6240859628063254,1.3079958008002537,0.4448630442443468
14,1,Spencer Dinwiddie,39.8,BKN,PG/SG,6700,35.0,41.15,6.16,32.0,38.03,45.0078125,1.5309464119982543,1.147183077354374,1.7350621113861215,1.3128150112681227,1.4250369804716827,1.2038388957248367,1.1450647281631083
14,2,Joe Harris,15.3,BKN,SG/SF,3800,32.5,22.3,5.885,31.666666666666668,24.06,22.88684210526316,-0.02234188516348257,0.9124367229140149,0.06462484990596215,0.08350739399952772,1.2101476830492695,-0.4973905538403038,-0.08063520133086406
14,3,Pascal Siakam,30.5,TOR,PF/C,7500,32.0,36.8,4.885,33.0,42.64,35.68484848484848,1.1724952664993917,0.8654874520259431,1.0310502077287167,1.718477725341725,0.42873205605867737,0.5580660842572529,0.9752338308808944
14,4,Caris LeVert,32.0,BKN,PG/SF,4600,26.5,25.25,5.48,25.333333333333332,24.41,26.41282894736842,0.2207456732782746,0.34904547225715304,0.3308853122382457,0.11430608161899873,0.8936743541180803,0.6622229893326698,0.11649695048139459
14,5,Jae Crowder,10.5,MEM,SF,4900,28.0,24.35,4.970000000000001,30.666666666666668,27.810000000000002,22.232608695652175,0.14658336731299287,0.4898932849213685,0.015221236700122872,0.4134933327795732,0.4951523843528784,-0.8306926500816376,0.10478485346862339
14,6,Brandon Clarke,12.0,MEM,PF/C,4900,22.5,24.8,5.050000000000001,23.0,25.020000000000003,24.26086956521739,0.18366452029563374,-0.026548694847421533,0.16838280565778485,0.16798379432721966,0.5576656345121258,-0.7265357450062208,0.10795956059804036
14,7,Aaron Gordon,25.5,ORL,SF/PF,6000,33.5,33.0,5.5,31.666666666666668,30.779999999999994,34.91052631578947,0.8593655302015352,1.0063352646901587,0.9725782428688904,0.6748421962933682,0.9093026666578917,0.2108764006725303,0.6296770741583126
15,0,Caris LeVert,32.0,BKN,PG/SF,4600,26.5,25.25,5.48,25.333333333333332,24.41,26.41282894736842,0.2207456732782746,0.34904547225715304,0.3308853122382457,0.11430608161899873,0.8936743541180803,0.6622229893326698,0.11649695048139459
15,1,Garrett Temple,8.8,BKN,PG/SG,3500,27.5,19.75,5.665,28.333333333333332,21.59,19.169117647058826,-0.23246841873178126,0.4429440140332967,-0.21611443738941943,-0.13384334434359524,1.0382362451113394,-0.9487371425004433,-0.2478871111602619
15,2,Derrick Jones Jr.,12.3,MIA,SF/PF,4100,29.5,22.3,5.45,22.333333333333332,20.2,29.455970149253734,-0.02234188516348257,0.6307410975855839,0.5606842932442603,-0.25615813231806533,0.8702318853083623,-0.7057043639911373,-0.05469120392395432
15,3,Aaron Gordon,25.5,ORL,SF/PF,6000,33.5,33.0,5.5,31.666666666666668,30.779999999999994,34.91052631578947,0.8593655302015352,1.0063352646901587,0.9725782428688904,0.6748421962933682,0.9093026666578917,0.2108764006725303,0.6296770741583126
15,4,James Harden,51.8,HOU,PG/SG,11000,36.5,59.6,5.43,38.333333333333336,62.620000000000005,56.74956521739131,3.051273684286533,1.2880308900185895,2.621725802183475,3.4766428071618054,0.85460357276855,2.037094136328171,2.4413815539366697
15,5,Joe Harris,15.3,BKN,SG/SF,3800,32.5,22.3,5.885,31.666666666666668,24.06,22.88684210526316,-0.02234188516348257,0.9124367229140149,0.06462484990596215,0.08350739399952772,1.2101476830492695,-0.4973905538403038,-0.08063520133086406
15,6,Jonas Valanciunas,33.8,MEM,C,7100,28.0,38.8,5.445,28.0,36.019999999999996,38.8,1.3373003908666847,0.4898932849213685,1.266286956985592,1.1359425480820182,0.8663248071734094,0.7872112754231697,1.0035979492505864
15,7,Dwayne Bacon,10.0,CHA,SG/SF,3100,22.5,15.25,4.9,21.666666666666668,14.05,15.83653846153846,-0.6032799485581907,-0.026548694847421533,-0.46776996375145113,-0.7973350719173392,0.4404532904635367,-0.8654116184401098,-0.5318415246762742
16,0,Ish Smith,28.3,WAS,PG,5200,26.5,25.55,4.93,27.0,24.770000000000003,25.076851851851853,0.24546644193336864,0.34904547225715304,0.23000068190729575,0.14598473174188334,0.463895759273254,0.40530262347997503,0.15710303851350907
16,1,Fred VanVleet,34.0,TOR,PG/SG,6700,30.0,32.95,4.93,34.333333333333336,38.269999999999996,28.79126213592233,0.8552454020923531,0.6776903684736558,0.5104897035106468,1.3339341113500451,0.463895759273254,0.8010988627665587,0.6903236603357622
16,2,Vince Carter,12.5,ATL,SF/PF,3100,0.0,4.15,1.33,14.666666666666666,9.29,0.0,-1.517948388796667,-2.1392658848106536,-1.6636462506846685,-1.2161972235421434,-2.3492004978928773,-0.6918167766477485,-1.0602440846662666
16,3,Julius Randle,33.3,NY,PF/C,7700,34.0,42.15,5.475,33.333333333333336,39.45,42.992999999999995,1.6133489741819007,1.0532845355782303,1.5829160791443908,1.4377696867528333,0.8897672759831267,0.7524923070646974,1.2347277312795415
16,4,Garrett Temple,8.8,BKN,PG/SG,3500,27.5,19.75,5.665,28.333333333333332,21.59,19.169117647058826,-0.23246841873178126,0.4429440140332967,-0.21611443738941943,-0.13384334434359524,1.0382362451113394,-0.9487371425004433,-0.2478871111602619
16,5,Solomon Hill,7.8,MEM,SF/PF,3100,13.0,10.350000000000001,3.335,16.0,13.589999999999998,8.409375,-1.0070525032580584,-0.9185848417207861,-1.028622872636934,-0.8378133470743584,-0.7824621657767403,-1.0181750792173878,-0.752749584126183
16,6,Nikola Vucevic,46.0,ORL,C,8400,32.5,43.45,5.1899999999999995,32.0,42.81,44.12890625,1.7204723050206416,0.9124367229140149,1.6686926111721025,1.7334370878997538,0.6670638222908077,1.6343541033698932,1.3553657807162183
16,7,Rondae Hollis-Jefferson,28.0,TOR,SF/PF,3600,16.5,17.3,4.83,20.0,19.48,14.272499999999999,-0.4343546960817152,-0.5899399455042834,-0.5858763613425605,-0.3195154325638339,0.385754196574195,0.3844712424648916,-0.38233839861466407
17,0,Kendrick Nunn,41.3,MIA,PG/SG,5800,33.0,29.9,5.135,31.666666666666668,28.5,31.15894736842105,0.6039175874322308,0.9593859938020868,0.6892824763974632,0.4742107455151013,0.6240859628063254,1.3079958008002537,0.4448630442443468
17,1,Markelle Fultz,27.8,ORL,PG/SG,6300,32.0,30.4,4.84,30.666666666666668,28.5,31.72173913043478,0.6451188685240541,0.8654874520259431,0.7317809885760016,0.4742107455151013,0.3935683528441008,0.37058365512150276,0.48976590742970005
17,2,Buddy Hield,50.8,SAC,SG/SF,6400,35.0,33.45,5.215,35.666666666666664,33.67,32.82476635514019,0.8964466831841763,1.147183077354374,0.8150747023550932,0.929151359779857,0.6865992129655729,1.9676561996112265,0.6834479571010259
17,3,Christian Wood,14.8,DET,PF/C,4300,15.5,19.15,4.455,15.666666666666666,20.830000000000002,18.946276595744678,-0.2819099560419693,-0.6838384872804271,-0.23294199914914818,-0.20072049460301755,0.09272333645272299,-0.532109522198776,-0.2257678283221144
17,4,Dwayne Bacon,10.0,CHA,SG/SF,3100,22.5,15.25,4.9,21.666666666666668,14.05,15.83653846153846,-0.6032799485581907,-0.026548694847421533,-0.46776996375145113,-0.7973350719173392,0.4404532904635367,-0.8654116184401098,-0.5318415246762742
17,5,Danilo Gallinari,44.8,OKC,SF/PF,6600,31.5,33.45,5.05,31.333333333333332,34.029999999999994,33.6279255319149,0.8964466831841763,0.8185381811378712,0.8757242575890447,0.9608300099027407,0.5576656345121251,1.5510285793095595,0.6994906703207251
17,6,Jaxson Hayes,14.5,NO,C,3900,29.0,21.65,5.535,18.666666666666668,21.609999999999996,33.63482142857142,-0.07590355058285299,0.5837918266975122,0.8762449925532356,-0.13208341933676868,0.9366522136025626,-0.5529409032138595,-0.05456780640004033
17,7,Wesley Matthews,21.0,MIL,SG,3100,25.5,15.25,4.92,26.0,14.209999999999999,14.95673076923077,-0.6032799485581907,0.2551469304810094,-0.5342075352477408,-0.7832556718627242,0.4560816030033482,-0.10159431455372006,-0.5357671013084815
18,0,Yogi Ferrell,16.0,SAC,PG/SG,3000,0.0,6.25,2.085,9.666666666666666,7.970000000000001,0.0,-1.3449030082110094,-2.1392658848106536,-1.6636462506846685,-1.3323522739927192,-1.7592316995149806,-0.4487839981384427,-1.0049351094175125
18,1,Kevin Huerter,25.3,ATL,SG,5700,32.5,28.55,4.99,29.0,26.090000000000003,31.995689655172413,0.4926741284843082,0.9124367229140149,0.7524680179493903,0.26213978219245926,0.5107806968926899,0.19698881332914145,0.3651224563748567
18,2,Miles Bridges,9.5,CHA,SF/PF,4700,30.0,25.35,5.415,28.333333333333332,25.390000000000004,26.841176470588238,0.22898592949663937,0.6776903684736558,0.36323143679249953,0.20054240695351755,0.8428823383636914,-0.9001305867985822,0.13811812042966629
18,3,Thabo Sefolosha,14.0,HOU,SF/PF,3000,0.0,2.65,0.875,9.666666666666666,5.569999999999999,0.0,-1.641552232072137,-2.1392658848106536,-1.6636462506846685,-1.543543274811948,-2.704744608173597,-0.5876598715723318,-1.1481748393753646
18,4,Darius Garland,20.8,CLE,PG,5000,34.0,27.6,5.5,32.333333333333336,23.96,29.022680412371134,0.4143916944098441,1.0532845355782303,0.5279649636402645,0.07470776896539337,0.9093026666578917,-0.11548190189710893,0.25087977139025774
18,5,Matisse Thybulle,21.5,PHI,SG/SF,4400,29.5,21.3,4.859999999999999,26.666666666666668,15.74,23.563125,-0.1047444473471291,0.6307410975855839,0.11569350225309716,-0.6486214088404656,0.4091966653839123,-0.0668753461952478,-0.1520046387959179
18,6,Bam Adebayo,40.3,MIA,C,8500,35.0,42.849999999999994,5.055,34.666666666666664,41.910000000000004,43.262019230769226,1.671030767710453,1.147183077354374,1.6032307280550269,1.654240462592543,0.561572712647078,1.238557864083309,1.3187494817274181
18,7,Clint Capela,22.8,HOU,C,8100,34.0,39.349999999999994,4.875,33.666666666666664,40.33,39.73960396039604,1.3826218000676902,1.0532845355782303,1.337239968470717,1.5152063870532169,0.42091789978877164,0.02339397153678013,1.1110432059459137
19,0,Isaiah Thomas,6.0,WAS,PG,3700,21.5,19.4,5.220000000000001,22.333333333333332,19.3,18.676119402985073,-0.2613093154960577,-0.12044723662356518,-0.25334257982846115,-0.33535475762527606,0.6905062911005264,-1.1431633653078879,-0.268345460062058
19,1,Tyus Jones,19.8,MEM,PG/SG,3300,14.0,13.0,3.9099999999999997,15.666666666666666,15.38,11.617021276595745,-0.7886857134713953,-0.8246862999446425,-0.7864014977849305,-0.6803000589633499,-0.33314818025715004,-0.18491983861405345,-0.6103075846168112
19,2,Sekou Doumbouya,11.8,DET,SF/PF,5300,28.5,22.4,4.245,24.666666666666668,17.1,25.881081081081078,-0.014101628945118095,0.5368425558094404,0.2907310408067227,-0.5289465083762358,-0.07137394521530134,-0.7404233323496097,-0.03535899049939073
19,3,Marcus Morris Sr.,25.8,NY,SF/PF,5600,34.0,30.35,5.42,34.333333333333336,32.510000000000005,30.05533980582524,0.640998740414872,1.0532845355782303,0.6059449391323731,0.8270757093838966,0.8467894164986443,0.23170778168761372,0.4840831968684844
19,4,Reggie Bullock,17.0,NY,SG/SF,4400,29.5,22.35,5.0649999999999995,27.333333333333332,19.97,24.121646341463418,-0.018221757054300187,0.6307410975855839,0.15786953899397885,-0.2763972698965748,0.5693868689169838,-0.3793460614214982,-0.06564092040682759
19,5,Jae Crowder,10.5,MEM,SF,4900,28.0,24.35,4.970000000000001,30.666666666666668,27.810000000000002,22.232608695652175,0.14658336731299287,0.4898932849213685,0.015221236700122872,0.4134933327795732,0.4951523843528784,-0.8306926500816376,0.10478485346862339
19,6,John Collins,36.8,ATL,PF/C,7300,29.0,36.75,5.03,28.333333333333332,37.21,37.61470588235294,1.1683751383902097,0.5837918266975122,1.1767809622394496,1.2406580859882195,0.5420373219723136,0.9955250855740032,0.9244100298581929
19,7,Cedi Osman,20.5,CLE,SF/PF,4500,29.0,22.8,5.05,27.666666666666668,21.919999999999998,23.898795180722892,0.01885939592834069,0.5837918266975122,0.1410412138336302,-0.10480458173095142,0.5576656345121251,-0.13631328291219233,-0.024721917436923944
20,0,Terry Rozier,17.0,CHA,PG/SG,7000,36.0,34.75,4.965,36.0,33.67,34.75,1.0035700140229167,1.2410816191305176,0.9604562999993922,0.929151359779857,0.49124530621792484,-0.3793460614214982,0.7761560785479121
20,1,Spencer Dinwiddie,39.8,BKN,PG/SG,6700,35.0,41.15,6.16,32.0,38.03,45.0078125,1.5309464119982543,1.147183077354374,1.7350621113861215,1.3128150112681227,1.4250369804716827,1.2038388957248367,1.1450647281631083
20,2,Kyle Anderson,14.0,MEM,SF/PF,3500,0.0,5.5,1.57,15.333333333333334,12.0,0.0,-1.4067049298487442,-2.1392658848106536,-1.6636462506846685,-0.9777273851170973,-2.161660747415135,-0.5876598715723318,-0.9779321004755809
20,3,Markieff Morris,13.5,DET,PF/C,4700,19.0,17.55,3.715,20.333333333333332,19.31,16.39918032786885,-0.4137540555358036,-0.3551935910639243,-0.4252827707569412,-0.3344747951218628,-0.4855242275203154,-0.622378839930804,-0.2970028387422631
20,4,Frank Ntilikina,16.0,NY,PG,4200,17.0,13.75,3.265,20.333333333333332,15.91,11.495901639344263,-0.7268837918336604,-0.5429906746162116,-0.7955476948798813,-0.6336620462824369,-0.8371612596660817,-0.4487839981384427,-0.5313873741588536
20,5,De'Andre Hunter,32.0,ATL,SF/PF,4100,30.0,20.200000000000003,4.91,29.666666666666668,21.26,20.426966292134832,-0.1953872657491401,0.6776903684736558,-0.12112957874428454,-0.16288210695623906,0.4482674467334425,0.6622229893326698,-0.1784490762516421
20,6,Jarrett Allen,36.8,BKN,C,5900,30.5,32.3,5.484999999999999,28.0,30.1,35.18392857142857,0.8016837366729823,0.7246396393617276,0.9932238703907704,0.615004746061254,0.8975814322530324,0.9955250855740032,0.5885795771285894
20,7,Dzanan Musa,5.0,BKN,PF,3000,0.0,3.5,1.165,10.666666666666666,8.28,0.0,-1.5715100542160372,-2.1392658848106536,-1.6636462506846685,-1.305073436386902,-2.478134076346325,-1.2126013020248325,-1.0944259505608591
21,0,Kendrick Nunn,41.3,MIA,PG/SG,5800,33.0,29.9,5.135,31.666666666666668,28.5,31.15894736842105,0.6039175874322308,0.9593859938020868,0.6892824763974632,0.4742107455151013,0.6240859628063254,1.3079958008002537,0.4448630442443468
21,1,Dwayne Bacon,10.0,CHA,SG/SF,3100,22.5,15.25,4.9,21.666666666666668,14.05,15.83653846153846,-0.6032799485581907,-0.026548694847421533,-0.46776996375145113,-0.7973350719173392,0.4404532904635367,-0.8654116184401098,-0.5318415246762742
21,2,Tony Snell,19.3,DET,SG/SF,3300,26.5,16.55,5.0,26.666666666666668,15.330000000000002,16.4465625,-0.4961566177194501,0.34904547225715304,-0.42170476561316295,-0.6846998714804171,0.5185948531625957,-0.21963880697252572,-0.4530171601604313
21,3,Ersan Ilyasova,14.0,MIL,PF/C,3200,14.5,15.6,4.9,14.666666666666666,16.8,15.422727272727274,-0.5744390517939144,-0.7777370290565707,-0.499018395292776,-0.5553453834786395,0.4404532904635367,-0.5876598715723318,-0.4929465102169989
21,4,Bogdan Bogdanovic,24.0,SAC,SG/SF,5100,25.0,22.9,4.505,25.666666666666668,24.9,22.3051948051948,0.027099652146705167,0.2081976595929376,0.020702485482713938,0.15742424428625781,0.13179411780225245,0.10671949559711351,0.027073646542068276
21,5,Bruce Brown,17.8,DET,PG/SF,4800,23.5,21.15,4.395,25.666666666666668,22.93,19.364610389610387,-0.11710483167467625,0.06734984692872212,-0.2013520487744619,-0.015928368886192455,0.04583839883328707,-0.3237957120479425,-0.09424043625304192
21,6,Clint Capela,22.8,HOU,C,8100,34.0,39.349999999999994,4.875,33.666666666666664,40.33,39.73960396039604,1.3826218000676902,1.0532845355782303,1.337239968470717,1.5152063870532169,0.42091789978877164,0.02339397153678013,1.1110432059459137
21,7,Kyle Anderson,14.0,MEM,SF/PF,3500,0.0,5.5,1.57,15.333333333333334,12.0,0.0,-1.4067049298487442,-2.1392658848106536,-1.6636462506846685,-0.9777273851170973,-2.161660747415135,-0.5876598715723318,-0.9779321004755809
22,0,Jeff Teague,3.8,ATL,PG,4700,23.5,22.35,4.765000000000001,24.0,25.189999999999998,21.884375000000002,-0.018221757054300187,0.06734984692872212,-0.011075192911244137,0.1829431568852479,0.33496218081980694,-1.2959268260851657,-0.015739161793020186
22,1,Tyler Herro,15.0,MIA,SG,4000,26.0,22.0,5.49,26.666666666666668,23.2,21.45,-0.047062653818576584,0.3020962013690812,-0.04387647479479511,0.007830618705970757,0.9014885103879859,-0.5182219348553873,-0.0936238049818549
22,2,Duncan Robinson,17.3,MIA,SG/SF,4700,34.0,22.55,4.775,32.333333333333336,21.490000000000002,23.712371134020618,-0.0017412446175709404,1.0532845355782303,0.1269636363815357,-0.14264296937772958,0.3427763370897127,-0.35851468040641477,-0.02632536925108127
22,3,Darius Bazley,17.8,OKC,PF,3400,16.5,11.95,3.54,19.333333333333332,11.85,10.198706896551723,-0.8752084037642242,-0.5899399455042834,-0.8935037246150139,-0.9909268226682991,-0.6222719622436689,-0.3237957120479425,-0.6855425119183935
22,4,Coby White,14.3,CHI,PG/SG,4400,22.5,20.25,4.609999999999999,22.666666666666668,20.81,20.101102941176467,-0.191267137639958,-0.026548694847421533,-0.14573673990757374,-0.20248041960984473,0.21384275863626429,-0.5668284905572484,-0.16823684822740348
22,5,Josh Richardson,25.5,PHI,SG/SF,6400,34.5,31.450000000000003,4.915,32.666666666666664,28.79,33.21505102040817,0.7316415588168833,1.1002338064663022,0.8445465580564622,0.49972965811409137,0.4521745248683954,0.2108764006725303,0.5525544193854096
22,6,Bobby Portis,24.8,NY,PF/C,4100,18.0,18.85,4.6,19.333333333333332,20.110000000000003,17.55,-0.30663072469706304,-0.44909213284006794,-0.33838007041113566,-0.26407779484878613,0.2060286023663585,0.16226984497066918,-0.26353155370253395
22,7,Ersan Ilyasova,14.0,MIL,PF/C,3200,14.5,15.6,4.9,14.666666666666666,16.8,15.422727272727274,-0.5744390517939144,-0.7777370290565707,-0.499018395292776,-0.5553453834786395,0.4404532904635367,-0.5876598715723318,-0.4929465102169989
23,0,Darius Garland,20.8,CLE,PG,5000,34.0,27.6,5.5,32.333333333333336,23.96,29.022680412371134,0.4143916944098441,1.0532845355782303,0.5279649636402645,0.07470776896539337,0.9093026666578917,-0.11548190189710893,0.25087977139025774
23,1,Dennis Schroder,35.8,OKC,PG/SG,6300,32.0,31.849999999999998,5.050000000000001,32.333333333333336,30.43,31.521649484536077,0.7646025836903415,0.8654874520259431,0.7166714705855481,0.6440435086738978,0.5576656345121258,0.9260871488570587,0.5703277240454575
23,2,Bruce Brown,17.8,DET,PG/SF,4800,23.5,21.15,4.395,25.666666666666668,22.93,19.364610389610387,-0.11710483167467625,0.06734984692872212,-0.2013520487744619,-0.015928368886192455,0.04583839883328707,-0.3237957120479425,-0.09424043625304192
23,3,OG Anunoby,10.0,TOR,SF/PF,5500,28.0,24.15,4.41,29.0,25.309999999999995,23.317241379310342,0.13010285487626333,0.4898932849213685,0.09712590984379756,0.19350270692620913,0.0575596332381464,-0.8654116184401098,0.1077908304150353
23,4,Furkan Korkmaz,18.0,PHI,SG,3700,21.5,17.200000000000003,4.63,22.333333333333332,15.9,16.558208955223883,-0.44259495230007967,-0.12044723662356518,-0.41327392394617507,-0.6345420087858503,0.22947107117607649,-0.30990812470455364,-0.39494680840475727
23,5,Nicolas Batum,15.5,CHA,SF,3500,21.5,15.5,4.4350000000000005,24.333333333333332,15.64,13.695205479452055,-0.582679308012279,-0.12044723662356518,-0.6294700310940942,-0.6574210338746002,0.07709502391291148,-0.48350296649691493,-0.4920375181822386
23,6,Kelly Olynyk,16.0,MIA,C,3300,10.5,7.45,2.26,14.0,13.309999999999999,5.5875,-1.2460199335906335,-1.1533311961611452,-1.2417132146574115,-0.862452297169935,-1.622483964791627,-0.4487839981384427,-0.865001740439608
23,7,Kyle Korver,22.5,MIL,SG/SF,3000,17.0,13.3,4.45,17.0,12.419999999999998,13.3,-0.7639649448163013,-0.5429906746162116,-0.6593134758904812,-0.9407689599737324,0.08881625831777011,0.0025625905216967223,-0.6407411892283035
