Lineup Num,,Player Name,Actual FP,team,Pos,Salary,DFN_MinProj,Avg Proj,Avg Value Proj,Avg Skewed Min,Avg Skewed FP,Proj Min Enhanced,Avg Proj Stan,DFN_MinProj Stan,Proj Min Enhanced Stan,Avg Skewed FP Stan,Avg Value Proj Stan,Actual FP Stan,predictions
0,0,Michael Carter-Williams,22.5,ORL,PG/SG,3900,23.0,22.0,5.635,21.0,19.56,24.095238095238095,0.06398042906596237,0.18247210985977388,0.19449891936966673,-0.15678442809327633,0.9705024279091795,0.09815490883565281,-0.026620981640942464
0,1,CJ McCollum,34.3,POR,PG/SG,6700,36.5,36.0,5.35,35.0,35.54,37.54285714285714,1.0198000455400313,1.290715859498089,1.044764134963821,1.0217677178430387,0.8028148479255921,0.8376051006835106,0.7837463651680964
0,2,LeBron James,54.8,LAL,PG/SF,10400,35.5,58.45,5.640000000000001,34.666666666666664,56.06999999999999,59.85504807692308,2.552525073385949,1.208623729895251,2.455517947051505,2.535890093066602,0.973444315277313,2.122243145842925,2.0121240353546157
0,3,Anthony Davis,66.3,LAL,PF/C,9700,35.0,54.5,5.62,32.333333333333336,50.82000000000001,58.99484536082473,2.2828473958807654,1.1675776650938317,2.401129103549313,2.1486936746582392,0.9616767658047803,2.8428937565421086,1.797447186003825
0,4,Coby White,35.0,CHI,PG/SG,3800,25.5,22.35,5.859999999999999,23.666666666666668,20.410000000000004,24.081338028169014,0.08787591947781419,0.38770243386686926,0.1936200467988857,-0.09409548416049325,1.1028873594751691,0.8814707900304175,-0.013383623710836472
0,5,Kentavious Caldwell-Pope,6.3,LAL,SG/SF,3600,26.5,19.05,5.305,26.666666666666668,17.630000000000003,18.9309375,-0.13742441869107355,0.46979456346970744,-0.13202915548538266,-0.29912520667006504,0.7763378616123942,-0.9170224731927622,-0.18156735295738677
0,6,Luke Kornet,7.8,CHI,PF/C,3900,25.5,22.95,5.865,22.333333333333332,16.05,26.204104477611942,0.1288396173267027,0.38770243386686926,0.32783819102205924,-0.4156528906862965,1.1058292468433029,-0.8230245674493905,-0.013133199109324383
0,7,Hassan Whiteside,57.8,POR,C,8000,33.5,45.349999999999994,5.645,30.333333333333332,43.17,50.084340659340654,1.6581510036852127,1.0444394706895745,1.8377362699010775,1.5844931792631942,0.9763862026454455,2.3102389573296684,1.297814413400627
1,0,LeBron James,54.8,LAL,PG/SF,10400,35.5,58.45,5.640000000000001,34.666666666666664,56.06999999999999,59.85504807692308,2.552525073385949,1.208623729895251,2.455517947051505,2.535890093066602,0.973444315277313,2.122243145842925,2.0121240353546157
1,1,Jrue Holiday,24.3,NO,PG/SG,7100,34.0,36.7,5.17,33.666666666666664,38.720000000000006,37.06336633663366,1.067591026363735,1.0854855354909936,1.0144469202743402,1.2562981198503909,0.6969069026728003,0.21095239572769897,0.8440503099504572
1,2,Tobias Harris,43.8,PHI,SF/PF,6600,35.0,34.55,5.245,35.333333333333336,35.17,34.224056603773576,0.9208044424052169,1.1675776650938317,0.8349232221683694,0.9944795893075923,0.741035213194797,1.4329251703915318,0.7055189409536483
1,3,LaMarcus Aldridge,42.5,SA,PF/C,6500,33.0,38.349999999999994,5.88,33.0,35.89,38.349999999999994,1.1802411954481782,1.0033934058881555,1.0957981130244474,1.0475808124035964,1.114654908947702,1.3514603187472765,0.8689166064085985
1,4,Michael Carter-Williams,22.5,ORL,PG/SG,3900,23.0,22.0,5.635,21.0,19.56,24.095238095238095,0.06398042906596237,0.18247210985977388,0.19449891936966673,-0.15678442809327633,0.9705024279091795,0.09815490883565281,-0.026620981640942464
1,5,Kentavious Caldwell-Pope,6.3,LAL,SG/SF,3600,26.5,19.05,5.305,26.666666666666668,17.630000000000003,18.9309375,-0.13742441869107355,0.46979456346970744,-0.13202915548538266,-0.29912520667006504,0.7763378616123942,-0.9170224731927622,-0.18156735295738677
1,6,Luke Kornet,7.8,CHI,PF/C,3900,25.5,22.95,5.865,22.333333333333332,16.05,26.204104477611942,0.1288396173267027,0.38770243386686926,0.32783819102205924,-0.4156528906862965,1.1058292468433029,-0.8230245674493905,-0.013133199109324383
1,7,Hassan Whiteside,57.8,POR,C,8000,33.5,45.349999999999994,5.645,30.333333333333332,43.17,50.084340659340654,1.6581510036852127,1.0444394706895745,1.8377362699010775,1.5844931792631942,0.9763862026454455,2.3102389573296684,1.297814413400627
2,0,Rajon Rondo,1.5,LAL,PG,4100,20.5,20.95,5.09,21.666666666666668,21.09,19.821923076923078,-0.007706042169592865,-0.022758214147321487,-0.07569397518534916,-0.04394432901426736,0.6498367047826704,-1.2178157715715519,-0.059928320950310636
2,1,Coby White,35.0,CHI,PG/SG,3800,25.5,22.35,5.859999999999999,23.666666666666668,20.410000000000004,24.081338028169014,0.08787591947781419,0.38770243386686926,0.1936200467988857,-0.09409548416049325,1.1028873594751691,0.8814707900304175,-0.013383623710836472
2,2,Tobias Harris,43.8,PHI,SF/PF,6600,35.0,34.55,5.245,35.333333333333336,35.17,34.224056603773576,0.9208044424052169,1.1675776650938317,0.8349232221683694,0.9944795893075923,0.741035213194797,1.4329251703915318,0.7055189409536483
2,3,LaMarcus Aldridge,42.5,SA,PF/C,6500,33.0,38.349999999999994,5.88,33.0,35.89,38.349999999999994,1.1802411954481782,1.0033934058881555,1.0957981130244474,1.0475808124035964,1.114654908947702,1.3514603187472765,0.8689166064085985
2,4,Frank Ntilikina,3.8,NY,PG,3600,24.5,17.8,4.93,16.333333333333332,15.36,26.700000000000003,-0.2227654558762583,0.30561030426403113,0.3591926420785913,-0.4665415628199673,0.5556963090024108,-1.073685649431715,-0.19718031681667908
2,5,Anthony Davis,66.3,LAL,PF/C,9700,35.0,54.5,5.62,32.333333333333336,50.82000000000001,58.99484536082473,2.2828473958807654,1.1675776650938317,2.401129103549313,2.1486936746582392,0.9616767658047803,2.8428937565421086,1.797447186003825
2,6,Hassan Whiteside,57.8,POR,C,8000,33.5,45.349999999999994,5.645,30.333333333333332,43.17,50.084340659340654,1.6581510036852127,1.0444394706895745,1.8377362699010775,1.5844931792631942,0.9763862026454455,2.3102389573296684,1.297814413400627
2,7,Zion Williamson,31.0,NO,PF/C,7700,31.5,41.75,5.425000000000001,29.666666666666668,35.79,44.330056179775276,1.412368816591881,0.8802552114838982,1.4739047309288296,1.0402056425291513,0.8469431584475894,0.6308097080480928,1.0617350888419947
3,0,Coby White,35.0,CHI,PG/SG,3800,25.5,22.35,5.859999999999999,23.666666666666668,20.410000000000004,24.081338028169014,0.08787591947781419,0.38770243386686926,0.1936200467988857,-0.09409548416049325,1.1028873594751691,0.8814707900304175,-0.013383623710836472
3,1,Patty Mills,20.5,SA,PG/SG,3900,21.5,18.2,4.67,23.0,20.220000000000002,17.01304347826087,-0.19545632397699927,0.05933391545551667,-0.25329363867056676,-0.10810830692193889,0.4027181658594892,-0.02717563215550954,-0.18176156829372797
3,2,LeBron James,54.8,LAL,PG/SF,10400,35.5,58.45,5.640000000000001,34.666666666666664,56.06999999999999,59.85504807692308,2.552525073385949,1.208623729895251,2.455517947051505,2.535890093066602,0.973444315277313,2.122243145842925,2.0121240353546157
3,3,Brandon Ingram,30.8,NO,SF/PF,7600,35.0,40.95,5.38,35.333333333333336,41.870000000000005,40.56367924528302,1.357750552793363,1.1675776650938317,1.235764485813698,1.4886159708954092,0.8204661721343909,0.6182766539489767,1.0606094452782378
3,4,Michael Carter-Williams,22.5,ORL,PG/SG,3900,23.0,22.0,5.635,21.0,19.56,24.095238095238095,0.06398042906596237,0.18247210985977388,0.19449891936966673,-0.15678442809327633,0.9705024279091795,0.09815490883565281,-0.026620981640942464
3,5,Luke Kornet,7.8,CHI,PF/C,3900,25.5,22.95,5.865,22.333333333333332,16.05,26.204104477611942,0.1288396173267027,0.38770243386686926,0.32783819102205924,-0.4156528906862965,1.1058292468433029,-0.8230245674493905,-0.013133199109324383
3,6,Anthony Davis,66.3,LAL,PF/C,9700,35.0,54.5,5.62,32.333333333333336,50.82000000000001,58.99484536082473,2.2828473958807654,1.1675776650938317,2.401129103549313,2.1486936746582392,0.9616767658047803,2.8428937565421086,1.797447186003825
3,7,CJ McCollum,34.3,POR,PG/SG,6700,36.5,36.0,5.35,35.0,35.54,37.54285714285714,1.0198000455400313,1.290715859498089,1.044764134963821,1.0217677178430387,0.8028148479255921,0.8376051006835106,0.7837463651680964
4,0,CJ McCollum,34.3,POR,PG/SG,6700,36.5,36.0,5.35,35.0,35.54,37.54285714285714,1.0198000455400313,1.290715859498089,1.044764134963821,1.0217677178430387,0.8028148479255921,0.8376051006835106,0.7837463651680964
4,1,Derrick White,22.8,SA,PG/SG,4300,23.5,20.85,4.855,23.666666666666668,20.77,20.70316901408451,-0.014533325144407498,0.22351817466119298,-0.019974612218660877,-0.06754487261249145,0.5115679984804146,0.11695448998432721,-0.05238604855501148
4,2,Rudy Gay,8.8,SA,SF,3400,17.5,16.2,4.779999999999999,19.0,19.240000000000002,14.921052631578947,-0.33200198347329485,-0.269034602955836,-0.3855659050082971,-0.18038497169150017,0.4674396879584173,-0.7603592969538093,-0.29062596188455003
4,3,Luke Kornet,7.8,CHI,PF/C,3900,25.5,22.95,5.865,22.333333333333332,16.05,26.204104477611942,0.1288396173267027,0.38770243386686926,0.32783819102205924,-0.4156528906862965,1.1058292468433029,-0.8230245674493905,-0.013133199109324383
4,4,LeBron James,54.8,LAL,PG/SF,10400,35.5,58.45,5.640000000000001,34.666666666666664,56.06999999999999,59.85504807692308,2.552525073385949,1.208623729895251,2.455517947051505,2.535890093066602,0.973444315277313,2.122243145842925,2.0121240353546157
4,5,Kentavious Caldwell-Pope,6.3,LAL,SG/SF,3600,26.5,19.05,5.305,26.666666666666668,17.630000000000003,18.9309375,-0.13742441869107355,0.46979456346970744,-0.13202915548538266,-0.29912520667006504,0.7763378616123942,-0.9170224731927622,-0.18156735295738677
4,6,Anthony Davis,66.3,LAL,PF/C,9700,35.0,54.5,5.62,32.333333333333336,50.82000000000001,58.99484536082473,2.2828473958807654,1.1675776650938317,2.401129103549313,2.1486936746582392,0.9616767658047803,2.8428937565421086,1.797447186003825
4,7,Hassan Whiteside,57.8,POR,C,8000,33.5,45.349999999999994,5.645,30.333333333333332,43.17,50.084340659340654,1.6581510036852127,1.0444394706895745,1.8377362699010775,1.5844931792631942,0.9763862026454455,2.3102389573296684,1.297814413400627
5,0,LeBron James,54.8,LAL,PG/SF,10400,35.5,58.45,5.640000000000001,34.666666666666664,56.06999999999999,59.85504807692308,2.552525073385949,1.208623729895251,2.455517947051505,2.535890093066602,0.973444315277313,2.122243145842925,2.0121240353546157
5,1,Coby White,35.0,CHI,PG/SG,3800,25.5,22.35,5.859999999999999,23.666666666666668,20.410000000000004,24.081338028169014,0.08787591947781419,0.38770243386686926,0.1936200467988857,-0.09409548416049325,1.1028873594751691,0.8814707900304175,-0.013383623710836472
5,2,Rudy Gay,8.8,SA,SF,3400,17.5,16.2,4.779999999999999,19.0,19.240000000000002,14.921052631578947,-0.33200198347329485,-0.269034602955836,-0.3855659050082971,-0.18038497169150017,0.4674396879584173,-0.7603592969538093,-0.29062596188455003
5,3,Anthony Davis,66.3,LAL,PF/C,9700,35.0,54.5,5.62,32.333333333333336,50.82000000000001,58.99484536082473,2.2828473958807654,1.1675776650938317,2.401129103549313,2.1486936746582392,0.9616767658047803,2.8428937565421086,1.797447186003825
5,4,CJ McCollum,34.3,POR,PG/SG,6700,36.5,36.0,5.35,35.0,35.54,37.54285714285714,1.0198000455400313,1.290715859498089,1.044764134963821,1.0217677178430387,0.8028148479255921,0.8376051006835106,0.7837463651680964
5,5,JJ Redick,27.3,NO,SG/SF,3600,21.5,17.450000000000003,4.865,23.333333333333332,22.39,16.078928571428573,-0.24666094628810986,0.05933391545551667,-0.31235579754307735,0.051932879353518015,0.5174517732166807,0.3989482072144425,-0.20814796343655692
5,6,Hassan Whiteside,57.8,POR,C,8000,33.5,45.349999999999994,5.645,30.333333333333332,43.17,50.084340659340654,1.6581510036852127,1.0444394706895745,1.8377362699010775,1.5844931792631942,0.9763862026454455,2.3102389573296684,1.297814413400627
5,7,Donte DiVincenzo,19.3,MIL,PG/SG,4400,22.5,20.65,4.675,21.666666666666668,22.71,21.444230769230767,-0.02818789109403725,0.14142604505835482,0.026881194060263836,0.07553342295174212,0.4056600532276223,-0.10237395675020691,-0.03373809896575837
6,0,LeBron James,54.8,LAL,PG/SF,10400,35.5,58.45,5.640000000000001,34.666666666666664,56.06999999999999,59.85504807692308,2.552525073385949,1.208623729895251,2.455517947051505,2.535890093066602,0.973444315277313,2.122243145842925,2.0121240353546157
6,1,Coby White,35.0,CHI,PG/SG,3800,25.5,22.35,5.859999999999999,23.666666666666668,20.410000000000004,24.081338028169014,0.08787591947781419,0.38770243386686926,0.1936200467988857,-0.09409548416049325,1.1028873594751691,0.8814707900304175,-0.013383623710836472
6,2,JJ Redick,27.3,NO,SG/SF,3600,21.5,17.450000000000003,4.865,23.333333333333332,22.39,16.078928571428573,-0.24666094628810986,0.05933391545551667,-0.31235579754307735,0.051932879353518015,0.5174517732166807,0.3989482072144425,-0.20814796343655692
6,3,Luke Kornet,7.8,CHI,PF/C,3900,25.5,22.95,5.865,22.333333333333332,16.05,26.204104477611942,0.1288396173267027,0.38770243386686926,0.32783819102205924,-0.4156528906862965,1.1058292468433029,-0.8230245674493905,-0.013133199109324383
6,4,Derrick White,22.8,SA,PG/SG,4300,23.5,20.85,4.855,23.666666666666668,20.77,20.70316901408451,-0.014533325144407498,0.22351817466119298,-0.019974612218660877,-0.06754487261249145,0.5115679984804146,0.11695448998432721,-0.05238604855501148
6,5,Ben Simmons,47.5,PHI,PG/SF,8100,38.0,43.2,5.345000000000001,36.666666666666664,44.0,44.7709090909091,1.5113644197266956,1.4138540539023463,1.501778951205532,1.6457070892210879,0.7998729605574596,1.6647866712251822,1.1978356192846902
6,6,Hassan Whiteside,57.8,POR,C,8000,33.5,45.349999999999994,5.645,30.333333333333332,43.17,50.084340659340654,1.6581510036852127,1.0444394706895745,1.8377362699010775,1.5844931792631942,0.9763862026454455,2.3102389573296684,1.297814413400627
6,7,Zion Williamson,31.0,NO,PF/C,7700,31.5,41.75,5.425000000000001,29.666666666666668,35.79,44.330056179775276,1.412368816591881,0.8802552114838982,1.4739047309288296,1.0402056425291513,0.8469431584475894,0.6308097080480928,1.0617350888419947
7,0,CJ McCollum,34.3,POR,PG/SG,6700,36.5,36.0,5.35,35.0,35.54,37.54285714285714,1.0198000455400313,1.290715859498089,1.044764134963821,1.0217677178430387,0.8028148479255921,0.8376051006835106,0.7837463651680964
7,1,Kentavious Caldwell-Pope,6.3,LAL,SG/SF,3600,26.5,19.05,5.305,26.666666666666668,17.630000000000003,18.9309375,-0.13742441869107355,0.46979456346970744,-0.13202915548538266,-0.29912520667006504,0.7763378616123942,-0.9170224731927622,-0.18156735295738677
7,2,Ben Simmons,47.5,PHI,PG/SF,8100,38.0,43.2,5.345000000000001,36.666666666666664,44.0,44.7709090909091,1.5113644197266956,1.4138540539023463,1.501778951205532,1.6457070892210879,0.7998729605574596,1.6647866712251822,1.1978356192846902
7,3,Trey Lyles,43.0,SA,PF/C,3200,20.0,16.85,5.265000000000001,20.333333333333332,15.690000000000003,16.57377049180328,-0.2876246441369986,-0.06380427894874056,-0.2810679635687114,-0.44220350223429844,0.7528027626673297,1.382792953995067,-0.3027039142995485
7,4,LeBron James,54.8,LAL,PG/SF,10400,35.5,58.45,5.640000000000001,34.666666666666664,56.06999999999999,59.85504807692308,2.552525073385949,1.208623729895251,2.455517947051505,2.535890093066602,0.973444315277313,2.122243145842925,2.0121240353546157
7,5,Anthony Davis,66.3,LAL,PF/C,9700,35.0,54.5,5.62,32.333333333333336,50.82000000000001,58.99484536082473,2.2828473958807654,1.1675776650938317,2.401129103549313,2.1486936746582392,0.9616767658047803,2.8428937565421086,1.797447186003825
7,6,Luke Kornet,7.8,CHI,PF/C,3900,25.5,22.95,5.865,22.333333333333332,16.05,26.204104477611942,0.1288396173267027,0.38770243386686926,0.32783819102205924,-0.4156528906862965,1.1058292468433029,-0.8230245674493905,-0.013133199109324383
7,7,Coby White,35.0,CHI,PG/SG,3800,25.5,22.35,5.859999999999999,23.666666666666668,20.410000000000004,24.081338028169014,0.08787591947781419,0.38770243386686926,0.1936200467988857,-0.09409548416049325,1.1028873594751691,0.8814707900304175,-0.013383623710836472
8,0,LeBron James,54.8,LAL,PG/SF,10400,35.5,58.45,5.640000000000001,34.666666666666664,56.06999999999999,59.85504807692308,2.552525073385949,1.208623729895251,2.455517947051505,2.535890093066602,0.973444315277313,2.122243145842925,2.0121240353546157
8,1,Coby White,35.0,CHI,PG/SG,3800,25.5,22.35,5.859999999999999,23.666666666666668,20.410000000000004,24.081338028169014,0.08787591947781419,0.38770243386686926,0.1936200467988857,-0.09409548416049325,1.1028873594751691,0.8814707900304175,-0.013383623710836472
8,2,JJ Redick,27.3,NO,SG/SF,3600,21.5,17.450000000000003,4.865,23.333333333333332,22.39,16.078928571428573,-0.24666094628810986,0.05933391545551667,-0.31235579754307735,0.051932879353518015,0.5174517732166807,0.3989482072144425,-0.20814796343655692
8,3,Luke Kornet,7.8,CHI,PF/C,3900,25.5,22.95,5.865,22.333333333333332,16.05,26.204104477611942,0.1288396173267027,0.38770243386686926,0.32783819102205924,-0.4156528906862965,1.1058292468433029,-0.8230245674493905,-0.013133199109324383
8,4,Derrick White,22.8,SA,PG/SG,4300,23.5,20.85,4.855,23.666666666666668,20.77,20.70316901408451,-0.014533325144407498,0.22351817466119298,-0.019974612218660877,-0.06754487261249145,0.5115679984804146,0.11695448998432721,-0.05238604855501148
8,5,Anthony Davis,66.3,LAL,PF/C,9700,35.0,54.5,5.62,32.333333333333336,50.82000000000001,58.99484536082473,2.2828473958807654,1.1675776650938317,2.401129103549313,2.1486936746582392,0.9616767658047803,2.8428937565421086,1.797447186003825
8,6,Trey Lyles,43.0,SA,PF/C,3200,20.0,16.85,5.265000000000001,20.333333333333332,15.690000000000003,16.57377049180328,-0.2876246441369986,-0.06380427894874056,-0.2810679635687114,-0.44220350223429844,0.7528027626673297,1.382792953995067,-0.3027039142995485
8,7,Giannis Antetokounmpo,72.5,MIL,PF,11100,32.0,58.3,5.275,31.666666666666668,61.44,58.91368421052631,2.5422841489237267,0.9213012762853173,2.39599745141729,2.9319367153243,0.7586865374035958,3.231418433614712,2.0594203500499955
9,0,Coby White,35.0,CHI,PG/SG,3800,25.5,22.35,5.859999999999999,23.666666666666668,20.410000000000004,24.081338028169014,0.08787591947781419,0.38770243386686926,0.1936200467988857,-0.09409548416049325,1.1028873594751691,0.8814707900304175,-0.013383623710836472
9,1,Anfernee Simons,13.8,POR,PG/SG,3100,18.0,13.100000000000001,4.220000000000001,20.666666666666668,13.580000000000002,11.40967741935484,-0.5436477556925529,-0.2279885381544169,-0.6075829171858032,-0.5978195865850886,0.13794830272750966,-0.4470329444759034,-0.465421577663967
9,2,LeBron James,54.8,LAL,PG/SF,10400,35.5,58.45,5.640000000000001,34.666666666666664,56.06999999999999,59.85504807692308,2.552525073385949,1.208623729895251,2.455517947051505,2.535890093066602,0.973444315277313,2.122243145842925,2.0121240353546157
9,3,Luke Kornet,7.8,CHI,PF/C,3900,25.5,22.95,5.865,22.333333333333332,16.05,26.204104477611942,0.1288396173267027,0.38770243386686926,0.32783819102205924,-0.4156528906862965,1.1058292468433029,-0.8230245674493905,-0.013133199109324383
9,4,Ben Simmons,47.5,PHI,PG/SF,8100,38.0,43.2,5.345000000000001,36.666666666666664,44.0,44.7709090909091,1.5113644197266956,1.4138540539023463,1.501778951205532,1.6457070892210879,0.7998729605574596,1.6647866712251822,1.1978356192846902
9,5,Zion Williamson,31.0,NO,PF/C,7700,31.5,41.75,5.425000000000001,29.666666666666668,35.79,44.330056179775276,1.412368816591881,0.8802552114838982,1.4739047309288296,1.0402056425291513,0.8469431584475894,0.6308097080480928,1.0617350888419947
9,6,Anthony Davis,66.3,LAL,PF/C,9700,35.0,54.5,5.62,32.333333333333336,50.82000000000001,58.99484536082473,2.2828473958807654,1.1675776650938317,2.401129103549313,2.1486936746582392,0.9616767658047803,2.8428937565421086,1.797447186003825
9,7,Trey Lyles,43.0,SA,PF/C,3200,20.0,16.85,5.265000000000001,20.333333333333332,15.690000000000003,16.57377049180328,-0.2876246441369986,-0.06380427894874056,-0.2810679635687114,-0.44220350223429844,0.7528027626673297,1.382792953995067,-0.3027039142995485
10,0,Coby White,35.0,CHI,PG/SG,3800,25.5,22.35,5.859999999999999,23.666666666666668,20.410000000000004,24.081338028169014,0.08787591947781419,0.38770243386686926,0.1936200467988857,-0.09409548416049325,1.1028873594751691,0.8814707900304175,-0.013383623710836472
10,1,Donte DiVincenzo,19.3,MIL,PG/SG,4400,22.5,20.65,4.675,21.666666666666668,22.71,21.444230769230767,-0.02818789109403725,0.14142604505835482,0.026881194060263836,0.07553342295174212,0.4056600532276223,-0.10237395675020691,-0.03373809896575837
10,2,LeBron James,54.8,LAL,PG/SF,10400,35.5,58.45,5.640000000000001,34.666666666666664,56.06999999999999,59.85504807692308,2.552525073385949,1.208623729895251,2.455517947051505,2.535890093066602,0.973444315277313,2.122243145842925,2.0121240353546157
10,3,Kevin Knox II,2.0,NY,SF/PF,3100,21.5,16.35,5.25,17.0,13.930000000000001,20.67794117647059,-0.32176105901107255,0.05933391545551667,-0.021569716356561842,-0.572006492024531,0.7439771005629301,-1.1864831363237613,-0.31573996658782155
10,4,Ben Simmons,47.5,PHI,PG/SF,8100,38.0,43.2,5.345000000000001,36.666666666666664,44.0,44.7709090909091,1.5113644197266956,1.4138540539023463,1.501778951205532,1.6457070892210879,0.7998729605574596,1.6647866712251822,1.1978356192846902
10,5,Trey Lyles,43.0,SA,PF/C,3200,20.0,16.85,5.265000000000001,20.333333333333332,15.690000000000003,16.57377049180328,-0.2876246441369986,-0.06380427894874056,-0.2810679635687114,-0.44220350223429844,0.7528027626673297,1.382792953995067,-0.3027039142995485
10,6,LaMarcus Aldridge,42.5,SA,PF/C,6500,33.0,38.349999999999994,5.88,33.0,35.89,38.349999999999994,1.1802411954481782,1.0033934058881555,1.0957981130244474,1.0475808124035964,1.114654908947702,1.3514603187472765,0.8689166064085985
10,7,Anthony Davis,66.3,LAL,PF/C,9700,35.0,54.5,5.62,32.333333333333336,50.82000000000001,58.99484536082473,2.2828473958807654,1.1675776650938317,2.401129103549313,2.1486936746582392,0.9616767658047803,2.8428937565421086,1.797447186003825
11,0,Coby White,35.0,CHI,PG/SG,3800,25.5,22.35,5.859999999999999,23.666666666666668,20.410000000000004,24.081338028169014,0.08787591947781419,0.38770243386686926,0.1936200467988857,-0.09409548416049325,1.1028873594751691,0.8814707900304175,-0.013383623710836472
11,1,Jrue Holiday,24.3,NO,PG/SG,7100,34.0,36.7,5.17,33.666666666666664,38.720000000000006,37.06336633663366,1.067591026363735,1.0854855354909936,1.0144469202743402,1.2562981198503909,0.6969069026728003,0.21095239572769897,0.8440503099504572
11,2,LeBron James,54.8,LAL,PG/SF,10400,35.5,58.45,5.640000000000001,34.666666666666664,56.06999999999999,59.85504807692308,2.552525073385949,1.208623729895251,2.455517947051505,2.535890093066602,0.973444315277313,2.122243145842925,2.0121240353546157
11,3,Zion Williamson,31.0,NO,PF/C,7700,31.5,41.75,5.425000000000001,29.666666666666668,35.79,44.330056179775276,1.412368816591881,0.8802552114838982,1.4739047309288296,1.0402056425291513,0.8469431584475894,0.6308097080480928,1.0617350888419947
11,4,Alex Caruso,20.5,LAL,PG/SG,3200,14.0,12.2,3.83,15.0,13.079999999999998,11.386666666666665,-0.605093302465886,-0.5563570565657695,-0.6090378396167638,-0.6346954359573139,-0.09151891198687329,-0.02717563215550954,-0.4928790166233893
11,5,Luke Kornet,7.8,CHI,PF/C,3900,25.5,22.95,5.865,22.333333333333332,16.05,26.204104477611942,0.1288396173267027,0.38770243386686926,0.32783819102205924,-0.4156528906862965,1.1058292468433029,-0.8230245674493905,-0.013133199109324383
11,6,LaMarcus Aldridge,42.5,SA,PF/C,6500,33.0,38.349999999999994,5.88,33.0,35.89,38.349999999999994,1.1802411954481782,1.0033934058881555,1.0957981130244474,1.0475808124035964,1.114654908947702,1.3514603187472765,0.8689166064085985
11,7,CJ McCollum,34.3,POR,PG/SG,6700,36.5,36.0,5.35,35.0,35.54,37.54285714285714,1.0198000455400313,1.290715859498089,1.044764134963821,1.0217677178430387,0.8028148479255921,0.8376051006835106,0.7837463651680964
12,0,Coby White,35.0,CHI,PG/SG,3800,25.5,22.35,5.859999999999999,23.666666666666668,20.410000000000004,24.081338028169014,0.08787591947781419,0.38770243386686926,0.1936200467988857,-0.09409548416049325,1.1028873594751691,0.8814707900304175,-0.013383623710836472
12,1,Michael Carter-Williams,22.5,ORL,PG/SG,3900,23.0,22.0,5.635,21.0,19.56,24.095238095238095,0.06398042906596237,0.18247210985977388,0.19449891936966673,-0.15678442809327633,0.9705024279091795,0.09815490883565281,-0.026620981640942464
12,2,JJ Redick,27.3,NO,SG/SF,3600,21.5,17.450000000000003,4.865,23.333333333333332,22.39,16.078928571428573,-0.24666094628810986,0.05933391545551667,-0.31235579754307735,0.051932879353518015,0.5174517732166807,0.3989482072144425,-0.20814796343655692
12,3,Luke Kornet,7.8,CHI,PF/C,3900,25.5,22.95,5.865,22.333333333333332,16.05,26.204104477611942,0.1288396173267027,0.38770243386686926,0.32783819102205924,-0.4156528906862965,1.1058292468433029,-0.8230245674493905,-0.013133199109324383
12,4,Jrue Holiday,24.3,NO,PG/SG,7100,34.0,36.7,5.17,33.666666666666664,38.720000000000006,37.06336633663366,1.067591026363735,1.0854855354909936,1.0144469202743402,1.2562981198503909,0.6969069026728003,0.21095239572769897,0.8440503099504572
12,5,Anthony Davis,66.3,LAL,PF/C,9700,35.0,54.5,5.62,32.333333333333336,50.82000000000001,58.99484536082473,2.2828473958807654,1.1675776650938317,2.401129103549313,2.1486936746582392,0.9616767658047803,2.8428937565421086,1.797447186003825
12,6,Derrick Favors,29.8,NO,C,5000,24.5,26.85,5.375,24.333333333333332,27.43,27.033904109589045,0.3951036533444792,0.30561030426403113,0.38030471022405,0.4236414410255472,0.8175242847662578,0.5556113834533954,0.27028999401557546
12,7,James Harden,36.3,HOU,PG/SG,12400,37.0,57.8,4.67,38.333333333333336,60.580000000000005,55.7895652173913,2.5081477340496527,1.331761924299508,2.19846585122595,2.868510254404073,0.4027181658594892,0.9629356416746729,2.039039347331269
13,0,Michael Carter-Williams,22.5,ORL,PG/SG,3900,23.0,22.0,5.635,21.0,19.56,24.095238095238095,0.06398042906596237,0.18247210985977388,0.19449891936966673,-0.15678442809327633,0.9705024279091795,0.09815490883565281,-0.026620981640942464
13,1,Kentavious Caldwell-Pope,6.3,LAL,SG/SF,3600,26.5,19.05,5.305,26.666666666666668,17.630000000000003,18.9309375,-0.13742441869107355,0.46979456346970744,-0.13202915548538266,-0.29912520667006504,0.7763378616123942,-0.9170224731927622,-0.18156735295738677
13,2,JJ Redick,27.3,NO,SG/SF,3600,21.5,17.450000000000003,4.865,23.333333333333332,22.39,16.078928571428573,-0.24666094628810986,0.05933391545551667,-0.31235579754307735,0.051932879353518015,0.5174517732166807,0.3989482072144425,-0.20814796343655692
13,3,Tobias Harris,43.8,PHI,SF/PF,6600,35.0,34.55,5.245,35.333333333333336,35.17,34.224056603773576,0.9208044424052169,1.1675776650938317,0.8349232221683694,0.9944795893075923,0.741035213194797,1.4329251703915318,0.7055189409536483
13,4,LeBron James,54.8,LAL,PG/SF,10400,35.5,58.45,5.640000000000001,34.666666666666664,56.06999999999999,59.85504807692308,2.552525073385949,1.208623729895251,2.455517947051505,2.535890093066602,0.973444315277313,2.122243145842925,2.0121240353546157
13,5,Anthony Davis,66.3,LAL,PF/C,9700,35.0,54.5,5.62,32.333333333333336,50.82000000000001,58.99484536082473,2.2828473958807654,1.1675776650938317,2.401129103549313,2.1486936746582392,0.9616767658047803,2.8428937565421086,1.797447186003825
13,6,Luke Kornet,7.8,CHI,PF/C,3900,25.5,22.95,5.865,22.333333333333332,16.05,26.204104477611942,0.1288396173267027,0.38770243386686926,0.32783819102205924,-0.4156528906862965,1.1058292468433029,-0.8230245674493905,-0.013133199109324383
13,7,Thaddeus Young,25.0,CHI,PF,5500,32.0,30.1,5.445,28.333333333333332,23.880000000000003,33.99529411764706,0.6169903500259595,0.9213012762853173,0.8204590420114626,0.16182291048274902,0.8587107079201215,0.25481808507460574,0.41373438546380675
14,0,Jrue Holiday,24.3,NO,PG/SG,7100,34.0,36.7,5.17,33.666666666666664,38.720000000000006,37.06336633663366,1.067591026363735,1.0854855354909936,1.0144469202743402,1.2562981198503909,0.6969069026728003,0.21095239572769897,0.8440503099504572
14,1,CJ McCollum,34.3,POR,PG/SG,6700,36.5,36.0,5.35,35.0,35.54,37.54285714285714,1.0198000455400313,1.290715859498089,1.044764134963821,1.0217677178430387,0.8028148479255921,0.8376051006835106,0.7837463651680964
14,2,LeBron James,54.8,LAL,PG/SF,10400,35.5,58.45,5.640000000000001,34.666666666666664,56.06999999999999,59.85504807692308,2.552525073385949,1.208623729895251,2.455517947051505,2.535890093066602,0.973444315277313,2.122243145842925,2.0121240353546157
14,3,Luke Kornet,7.8,CHI,PF/C,3900,25.5,22.95,5.865,22.333333333333332,16.05,26.204104477611942,0.1288396173267027,0.38770243386686926,0.32783819102205924,-0.4156528906862965,1.1058292468433029,-0.8230245674493905,-0.013133199109324383
14,4,Ben Simmons,47.5,PHI,PG/SF,8100,38.0,43.2,5.345000000000001,36.666666666666664,44.0,44.7709090909091,1.5113644197266956,1.4138540539023463,1.501778951205532,1.6457070892210879,0.7998729605574596,1.6647866712251822,1.1978356192846902
14,5,Josh Hart,34.3,NO,SG/SF,4900,28.5,22.3,4.545,28.333333333333332,25.06,22.431176470588237,0.08446227799040674,0.6339788226753837,0.08928373510287398,0.24884991500120004,0.32917098165616143,0.8376051006835106,0.06687688358154256
14,6,Cristiano Felicio,15.5,CHI,C,3100,21.0,17.7,5.734999999999999,18.0,12.059999999999999,20.65,-0.22959273885107317,0.01828785065409759,-0.023336379313892413,-0.7099221686766531,1.0293401752718414,-0.3405019846334154,-0.29362781283217565
14,7,Kentavious Caldwell-Pope,6.3,LAL,SG/SF,3600,26.5,19.05,5.305,26.666666666666668,17.630000000000003,18.9309375,-0.13742441869107355,0.46979456346970744,-0.13202915548538266,-0.29912520667006504,0.7763378616123942,-0.9170224731927622,-0.18156735295738677
15,0,Rajon Rondo,1.5,LAL,PG,4100,20.5,20.95,5.09,21.666666666666668,21.09,19.821923076923078,-0.007706042169592865,-0.022758214147321487,-0.07569397518534916,-0.04394432901426736,0.6498367047826704,-1.2178157715715519,-0.059928320950310636
15,1,Lonnie Walker IV,5.3,SA,SG/SF,3100,17.5,13.9,4.51,16.0,11.36,15.203125,-0.48902949189403466,-0.269034602955836,-0.3677310509497904,-0.7615483577977683,0.3085777700792296,-0.9796877436883434,-0.44131241389208453
15,2,LeBron James,54.8,LAL,PG/SF,10400,35.5,58.45,5.640000000000001,34.666666666666664,56.06999999999999,59.85504807692308,2.552525073385949,1.208623729895251,2.455517947051505,2.535890093066602,0.973444315277313,2.122243145842925,2.0121240353546157
15,3,LaMarcus Aldridge,42.5,SA,PF/C,6500,33.0,38.349999999999994,5.88,33.0,35.89,38.349999999999994,1.1802411954481782,1.0033934058881555,1.0957981130244474,1.0475808124035964,1.114654908947702,1.3514603187472765,0.8689166064085985
15,4,James Harden,36.3,HOU,PG/SG,12400,37.0,57.8,4.67,38.333333333333336,60.580000000000005,55.7895652173913,2.5081477340496527,1.331761924299508,2.19846585122595,2.868510254404073,0.4027181658594892,0.9629356416746729,2.039039347331269
15,5,Rudy Gay,8.8,SA,SF,3400,17.5,16.2,4.779999999999999,19.0,19.240000000000002,14.921052631578947,-0.33200198347329485,-0.269034602955836,-0.3855659050082971,-0.18038497169150017,0.4674396879584173,-0.7603592969538093,-0.29062596188455003
15,6,Luke Kornet,7.8,CHI,PF/C,3900,25.5,22.95,5.865,22.333333333333332,16.05,26.204104477611942,0.1288396173267027,0.38770243386686926,0.32783819102205924,-0.4156528906862965,1.1058292468433029,-0.8230245674493905,-0.013133199109324383
15,7,Donte DiVincenzo,19.3,MIL,PG/SG,4400,22.5,20.65,4.675,21.666666666666668,22.71,21.444230769230767,-0.02818789109403725,0.14142604505835482,0.026881194060263836,0.07553342295174212,0.4056600532276223,-0.10237395675020691,-0.03373809896575837
16,0,Coby White,35.0,CHI,PG/SG,3800,25.5,22.35,5.859999999999999,23.666666666666668,20.410000000000004,24.081338028169014,0.08787591947781419,0.38770243386686926,0.1936200467988857,-0.09409548416049325,1.1028873594751691,0.8814707900304175,-0.013383623710836472
16,1,Kentavious Caldwell-Pope,6.3,LAL,SG/SF,3600,26.5,19.05,5.305,26.666666666666668,17.630000000000003,18.9309375,-0.13742441869107355,0.46979456346970744,-0.13202915548538266,-0.29912520667006504,0.7763378616123942,-0.9170224731927622,-0.18156735295738677
16,2,Wayne Ellington,15.3,NY,SG/SF,3000,0.0,3.5,1.165,14.0,7.68,0.0,-1.1990669212747718,-1.7056468710055037,-1.3289932870419559,-1.0329546091773452,-1.6595448792018213,-0.3530350387325316,-0.863159455475269
16,3,Anthony Davis,66.3,LAL,PF/C,9700,35.0,54.5,5.62,32.333333333333336,50.82000000000001,58.99484536082473,2.2828473958807654,1.1675776650938317,2.401129103549313,2.1486936746582392,0.9616767658047803,2.8428937565421086,1.797447186003825
16,4,Jrue Holiday,24.3,NO,PG/SG,7100,34.0,36.7,5.17,33.666666666666664,38.720000000000006,37.06336633663366,1.067591026363735,1.0854855354909936,1.0144469202743402,1.2562981198503909,0.6969069026728003,0.21095239572769897,0.8440503099504572
16,5,Rudy Gay,8.8,SA,SF,3400,17.5,16.2,4.779999999999999,19.0,19.240000000000002,14.921052631578947,-0.33200198347329485,-0.269034602955836,-0.3855659050082971,-0.18038497169150017,0.4674396879584173,-0.7603592969538093,-0.29062596188455003
16,6,Hassan Whiteside,57.8,POR,C,8000,33.5,45.349999999999994,5.645,30.333333333333332,43.17,50.084340659340654,1.6581510036852127,1.0444394706895745,1.8377362699010775,1.5844931792631942,0.9763862026454455,2.3102389573296684,1.297814413400627
16,7,Ben Simmons,47.5,PHI,PG/SF,8100,38.0,43.2,5.345000000000001,36.666666666666664,44.0,44.7709090909091,1.5113644197266956,1.4138540539023463,1.501778951205532,1.6457070892210879,0.7998729605574596,1.6647866712251822,1.1978356192846902
17,0,Bryn Forbes,12.5,SA,PG/SG,4000,24.0,18.2,4.5649999999999995,23.666666666666668,17.4,18.456338028169014,-0.19545632397699927,0.26456423946261204,-0.16203710118999357,-0.31608809738128885,0.34093853112869366,-0.528497796120159,-0.19300973265463173
17,1,Terrence Ross,26.0,ORL,SG/SF,5000,29.0,25.4,5.075,28.666666666666668,22.580000000000002,25.695348837209302,0.29610805020966474,0.6750248874768028,0.2956706212284843,0.06594570211496366,0.6410110426782714,0.3174833555701869,0.17391451923022594
17,2,LeBron James,54.8,LAL,PG/SF,10400,35.5,58.45,5.640000000000001,34.666666666666664,56.06999999999999,59.85504807692308,2.552525073385949,1.208623729895251,2.455517947051505,2.535890093066602,0.973444315277313,2.122243145842925,2.0121240353546157
17,3,Luke Kornet,7.8,CHI,PF/C,3900,25.5,22.95,5.865,22.333333333333332,16.05,26.204104477611942,0.1288396173267027,0.38770243386686926,0.32783819102205924,-0.4156528906862965,1.1058292468433029,-0.8230245674493905,-0.013133199109324383
17,4,Michael Carter-Williams,22.5,ORL,PG/SG,3900,23.0,22.0,5.635,21.0,19.56,24.095238095238095,0.06398042906596237,0.18247210985977388,0.19449891936966673,-0.15678442809327633,0.9705024279091795,0.09815490883565281,-0.026620981640942464
17,5,JJ Redick,27.3,NO,SG/SF,3600,21.5,17.450000000000003,4.865,23.333333333333332,22.39,16.078928571428573,-0.24666094628810986,0.05933391545551667,-0.31235579754307735,0.051932879353518015,0.5174517732166807,0.3989482072144425,-0.20814796343655692
17,6,LaMarcus Aldridge,42.5,SA,PF/C,6500,33.0,38.349999999999994,5.88,33.0,35.89,38.349999999999994,1.1802411954481782,1.0033934058881555,1.0957981130244474,1.0475808124035964,1.114654908947702,1.3514603187472765,0.8689166064085985
17,7,Zion Williamson,31.0,NO,PF/C,7700,31.5,41.75,5.425000000000001,29.666666666666668,35.79,44.330056179775276,1.412368816591881,0.8802552114838982,1.4739047309288296,1.0402056425291513,0.8469431584475894,0.6308097080480928,1.0617350888419947
18,0,Ben Simmons,47.5,PHI,PG/SF,8100,38.0,43.2,5.345000000000001,36.666666666666664,44.0,44.7709090909091,1.5113644197266956,1.4138540539023463,1.501778951205532,1.6457070892210879,0.7998729605574596,1.6647866712251822,1.1978356192846902
18,1,CJ McCollum,34.3,POR,PG/SG,6700,36.5,36.0,5.35,35.0,35.54,37.54285714285714,1.0198000455400313,1.290715859498089,1.044764134963821,1.0217677178430387,0.8028148479255921,0.8376051006835106,0.7837463651680964
18,2,Jared Dudley,0.0,LAL,SF/PF,3000,0.0,1.25,0.415,6.333333333333333,4.3100000000000005,0.0,-1.3526807882081042,-1.7056468710055037,-1.3289932870419559,-1.2814978339461427,-2.100827984421788,-1.3118136773149236,-0.9566844958906148
18,3,Anthony Davis,66.3,LAL,PF/C,9700,35.0,54.5,5.62,32.333333333333336,50.82000000000001,58.99484536082473,2.2828473958807654,1.1675776650938317,2.401129103549313,2.1486936746582392,0.9616767658047803,2.8428937565421086,1.797447186003825
18,4,Terrence Ross,26.0,ORL,SG/SF,5000,29.0,25.4,5.075,28.666666666666668,22.580000000000002,25.695348837209302,0.29610805020966474,0.6750248874768028,0.2956706212284843,0.06594570211496366,0.6410110426782714,0.3174833555701869,0.17391451923022594
18,5,Mario Hezonja,7.8,POR,SF/PF,3000,0.0,3.75,1.25,15.0,9.25,0.0,-1.1819987138377348,-1.7056468710055037,-1.3289932870419559,-0.9171644421485583,-1.6095327939435584,-0.8230245674493905,-0.8428815652857998
18,6,Zion Williamson,31.0,NO,PF/C,7700,31.5,41.75,5.425000000000001,29.666666666666668,35.79,44.330056179775276,1.412368816591881,0.8802552114838982,1.4739047309288296,1.0402056425291513,0.8469431584475894,0.6308097080480928,1.0617350888419947
18,7,Michael Carter-Williams,22.5,ORL,PG/SG,3900,23.0,22.0,5.635,21.0,19.56,24.095238095238095,0.06398042906596237,0.18247210985977388,0.19449891936966673,-0.15678442809327633,0.9705024279091795,0.09815490883565281,-0.026620981640942464
19,0,Elfrid Payton,47.0,NY,PG,7300,31.0,31.75,4.359999999999999,31.666666666666668,32.37,31.081578947368417,0.7296405191104033,0.8392091466824791,0.6362308415646653,0.7879748328231313,0.22032114903523606,1.6334540359773917,0.5814527057118647
19,1,Markelle Fultz,27.5,ORL,PG/SG,6100,31.5,29.0,4.75,30.333333333333332,26.5,30.115384615384617,0.5418902373029969,0.8802552114838982,0.575140366806198,0.3550523611932085,0.449788363749619,0.4114812613135587,0.3957068020229894
19,2,Lonnie Walker IV,5.3,SA,SG/SF,3100,17.5,13.9,4.51,16.0,11.36,15.203125,-0.48902949189403466,-0.269034602955836,-0.3677310509497904,-0.7615483577977683,0.3085777700792296,-0.9796877436883434,-0.44131241389208453
19,3,Aaron Gordon,31.0,ORL,SF/PF,6300,34.0,31.35,4.96,33.666666666666664,32.410000000000004,31.660396039603967,0.7023313872111443,1.0854855354909936,0.6728282524503029,0.7909249007729097,0.5733476332112096,0.6308097080480928,0.5446075260312623
19,4,Donte DiVincenzo,19.3,MIL,PG/SG,4400,22.5,20.65,4.675,21.666666666666668,22.71,21.444230769230767,-0.02818789109403725,0.14142604505835482,0.026881194060263836,0.07553342295174212,0.4056600532276223,-0.10237395675020691,-0.03373809896575837
19,5,Zion Williamson,31.0,NO,PF/C,7700,31.5,41.75,5.425000000000001,29.666666666666668,35.79,44.330056179775276,1.412368816591881,0.8802552114838982,1.4739047309288296,1.0402056425291513,0.8469431584475894,0.6308097080480928,1.0617350888419947
19,6,Ersan Ilyasova,4.5,MIL,PF/C,3300,11.5,9.8,2.99,14.333333333333334,14.84,7.862790697674419,-0.7689480938614406,-0.7615873805728649,-0.8318452488609114,-0.5048924461670814,-0.5857559898332357,-1.0298199600848084,-0.5656834589811298
19,7,Furkan Korkmaz,18.3,PHI,SG,3400,21.5,15.6,4.58,21.666666666666668,15.14,15.479999999999999,-0.3729656813221835,0.05933391545551667,-0.3502248157765601,-0.48276693654374625,0.3497641932330933,-0.1650392272457881,-0.33867517084734544
20,0,Coby White,35.0,CHI,PG/SG,3800,25.5,22.35,5.859999999999999,23.666666666666668,20.410000000000004,24.081338028169014,0.08787591947781419,0.38770243386686926,0.1936200467988857,-0.09409548416049325,1.1028873594751691,0.8814707900304175,-0.013383623710836472
20,1,Kentavious Caldwell-Pope,6.3,LAL,SG/SF,3600,26.5,19.05,5.305,26.666666666666668,17.630000000000003,18.9309375,-0.13742441869107355,0.46979456346970744,-0.13202915548538266,-0.29912520667006504,0.7763378616123942,-0.9170224731927622,-0.18156735295738677
20,2,Mario Hezonja,7.8,POR,SF/PF,3000,0.0,3.75,1.25,15.0,9.25,0.0,-1.1819987138377348,-1.7056468710055037,-1.3289932870419559,-0.9171644421485583,-1.6095327939435584,-0.8230245674493905,-0.8428815652857998
20,3,Kevin Knox II,2.0,NY,SF/PF,3100,21.5,16.35,5.25,17.0,13.930000000000001,20.67794117647059,-0.32176105901107255,0.05933391545551667,-0.021569716356561842,-0.572006492024531,0.7439771005629301,-1.1864831363237613,-0.31573996658782155
20,4,Derrick White,22.8,SA,PG/SG,4300,23.5,20.85,4.855,23.666666666666668,20.77,20.70316901408451,-0.014533325144407498,0.22351817466119298,-0.019974612218660877,-0.06754487261249145,0.5115679984804146,0.11695448998432721,-0.05238604855501148
20,5,Luke Kornet,7.8,CHI,PF/C,3900,25.5,22.95,5.865,22.333333333333332,16.05,26.204104477611942,0.1288396173267027,0.38770243386686926,0.32783819102205924,-0.4156528906862965,1.1058292468433029,-0.8230245674493905,-0.013133199109324383
20,6,Anthony Davis,66.3,LAL,PF/C,9700,35.0,54.5,5.62,32.333333333333336,50.82000000000001,58.99484536082473,2.2828473958807654,1.1675776650938317,2.401129103549313,2.1486936746582392,0.9616767658047803,2.8428937565421086,1.797447186003825
20,7,Robin Lopez,18.8,MIL,C,3000,0.0,3.75,1.25,12.0,9.330000000000002,0.0,-1.1819987138377348,-1.7056468710055037,-1.3289932870419559,-0.9112643062490021,-1.6095327939435584,-0.1337065919979975,-0.842215616352999
21,0,Dennis Smith Jr.,20.3,NY,PG,4200,18.0,17.0,4.035,18.666666666666668,15.12,16.392857142857142,-0.2773837196747766,-0.2279885381544169,-0.2925067414743648,-0.4842419705186354,0.029098470106584288,-0.03970868625462573,-0.25362475530096384
21,1,Pat Connaughton,9.5,MIL,SG/SF,3400,22.0,18.65,5.470000000000001,21.333333333333332,16.31,19.232812499999998,-0.16473355059033282,0.10037998025693574,-0.11294222187664621,-0.3964774490127396,0.8734201447607873,-0.7164936076069025,-0.21501329160293198
21,2,Rudy Gay,8.8,SA,SF,3400,17.5,16.2,4.779999999999999,19.0,19.240000000000002,14.921052631578947,-0.33200198347329485,-0.269034602955836,-0.3855659050082971,-0.18038497169150017,0.4674396879584173,-0.7603592969538093,-0.29062596188455003
21,3,Carmelo Anthony,38.0,POR,PF,5700,33.0,28.2,4.96,31.666666666666668,28.04,29.387368421052628,0.4872719735044786,1.0033934058881555,0.5291094044300498,0.4686299772596618,0.5733476332112096,1.069466601517161,0.3626754681089589
21,4,Donte DiVincenzo,19.3,MIL,PG/SG,4400,22.5,20.65,4.675,21.666666666666668,22.71,21.444230769230767,-0.02818789109403725,0.14142604505835482,0.026881194060263836,0.07553342295174212,0.4056600532276223,-0.10237395675020691,-0.03373809896575837
21,5,DeMar DeRozan,44.3,SA,SG/SF,7900,34.5,39.2,4.95,34.666666666666664,41.120000000000005,39.01153846153847,1.2382731007341046,1.1265316002924126,1.1376258254716876,1.4333021968370714,0.5674638584749435,1.4642578056393223,0.9889940819432257
21,6,Isaiah Hartenstein,0.0,HOU,C,3500,0.0,1.4,0.395,7.0,8.6,0.0,-1.342439863745882,-1.7056468710055037,-1.3289932870419559,-0.9651030463324509,-2.11259553389432,-1.3118136773149236,-0.9138354407925134
21,7,Caleb Swanigan,12.5,POR,C,3300,13.0,12.5,3.7800000000000002,13.333333333333334,9.28,12.1875,-0.5846114535414416,-0.6384491861686077,-0.5584027997327173,-0.9149518911862248,-0.12093778566820429,-0.528497796120159,-0.5056912843283946
22,0,Alex Caruso,20.5,LAL,PG/SG,3200,14.0,12.2,3.83,15.0,13.079999999999998,11.386666666666665,-0.605093302465886,-0.5563570565657695,-0.6090378396167638,-0.6346954359573139,-0.09151891198687329,-0.02717563215550954,-0.4928790166233893
22,1,Lonnie Walker IV,5.3,SA,SG/SF,3100,17.5,13.9,4.51,16.0,11.36,15.203125,-0.48902949189403466,-0.269034602955836,-0.3677310509497904,-0.7615483577977683,0.3085777700792296,-0.9796877436883434,-0.44131241389208453
22,2,DeMar DeRozan,44.3,SA,SG/SF,7900,34.5,39.2,4.95,34.666666666666664,41.120000000000005,39.01153846153847,1.2382731007341046,1.1265316002924126,1.1376258254716876,1.4333021968370714,0.5674638584749435,1.4642578056393223,0.9889940819432257
22,3,Jared Dudley,0.0,LAL,SF/PF,3000,0.0,1.25,0.415,6.333333333333333,4.3100000000000005,0.0,-1.3526807882081042,-1.7056468710055037,-1.3289932870419559,-1.2814978339461427,-2.100827984421788,-1.3118136773149236,-0.9566844958906148
22,4,Terrence Ross,26.0,ORL,SG/SF,5000,29.0,25.4,5.075,28.666666666666668,22.580000000000002,25.695348837209302,0.29610805020966474,0.6750248874768028,0.2956706212284843,0.06594570211496366,0.6410110426782714,0.3174833555701869,0.17391451923022594
22,5,Ben McLemore,6.8,HOU,SG/SF,4500,13.5,10.05,2.2199999999999998,26.333333333333332,17.21,5.152215189873418,-0.7518798864244036,-0.5974031213671885,-1.0032293474410026,-0.33010092014273423,-1.0388066445257351,-0.8856898379449716,-0.5191122268512577
22,6,Zion Williamson,31.0,NO,PF/C,7700,31.5,41.75,5.425000000000001,29.666666666666668,35.79,44.330056179775276,1.412368816591881,0.8802552114838982,1.4739047309288296,1.0402056425291513,0.8469431584475894,0.6308097080480928,1.0617350888419947
22,7,Quinn Cook,0.0,LAL,PG,3000,0.0,1.15,0.375,6.666666666666667,6.37,0.0,-1.359508071182919,-1.7056468710055037,-1.3289932870419559,-1.129569334532575,-2.1243630833668528,-1.3118136773149236,-0.9421821037555581
23,0,Ben Simmons,47.5,PHI,PG/SF,8100,38.0,43.2,5.345000000000001,36.666666666666664,44.0,44.7709090909091,1.5113644197266956,1.4138540539023463,1.501778951205532,1.6457070892210879,0.7998729605574596,1.6647866712251822,1.1978356192846902
23,1,Wayne Ellington,15.3,NY,SG/SF,3000,0.0,3.5,1.165,14.0,7.68,0.0,-1.1990669212747718,-1.7056468710055037,-1.3289932870419559,-1.0329546091773452,-1.6595448792018213,-0.3530350387325316,-0.863159455475269
23,2,Kentavious Caldwell-Pope,6.3,LAL,SG/SF,3600,26.5,19.05,5.305,26.666666666666668,17.630000000000003,18.9309375,-0.13742441869107355,0.46979456346970744,-0.13202915548538266,-0.29912520667006504,0.7763378616123942,-0.9170224731927622,-0.18156735295738677
23,3,Trey Lyles,43.0,SA,PF/C,3200,20.0,16.85,5.265000000000001,20.333333333333332,15.690000000000003,16.57377049180328,-0.2876246441369986,-0.06380427894874056,-0.2810679635687114,-0.44220350223429844,0.7528027626673297,1.382792953995067,-0.3027039142995485
23,4,Coby White,35.0,CHI,PG/SG,3800,25.5,22.35,5.859999999999999,23.666666666666668,20.410000000000004,24.081338028169014,0.08787591947781419,0.38770243386686926,0.1936200467988857,-0.09409548416049325,1.1028873594751691,0.8814707900304175,-0.013383623710836472
23,5,Danuel House Jr.,23.3,HOU,SF/PF,6000,28.0,19.3,3.215,34.0,24.16,15.894117647058824,-0.12035621125403662,0.5929327578739647,-0.32404101110370553,0.18247338613119493,-0.453371058267246,0.1482871252321178,-0.049895327133057964
23,6,Luke Kornet,7.8,CHI,PF/C,3900,25.5,22.95,5.865,22.333333333333332,16.05,26.204104477611942,0.1288396173267027,0.38770243386686926,0.32783819102205924,-0.4156528906862965,1.1058292468433029,-0.8230245674493905,-0.013133199109324383
23,7,Jared Dudley,0.0,LAL,SF/PF,3000,0.0,1.25,0.415,6.333333333333333,4.3100000000000005,0.0,-1.3526807882081042,-1.7056468710055037,-1.3289932870419559,-1.2814978339461427,-2.100827984421788,-1.3118136773149236,-0.9566844958906148
24,0,Michael Carter-Williams,22.5,ORL,PG/SG,3900,23.0,22.0,5.635,21.0,19.56,24.095238095238095,0.06398042906596237,0.18247210985977388,0.19449891936966673,-0.15678442809327633,0.9705024279091795,0.09815490883565281,-0.026620981640942464
24,1,Kentavious Caldwell-Pope,6.3,LAL,SG/SF,3600,26.5,19.05,5.305,26.666666666666668,17.630000000000003,18.9309375,-0.13742441869107355,0.46979456346970744,-0.13202915548538266,-0.29912520667006504,0.7763378616123942,-0.9170224731927622,-0.18156735295738677
24,2,Wayne Ellington,15.3,NY,SG/SF,3000,0.0,3.5,1.165,14.0,7.68,0.0,-1.1990669212747718,-1.7056468710055037,-1.3289932870419559,-1.0329546091773452,-1.6595448792018213,-0.3530350387325316,-0.863159455475269
24,3,Jared Dudley,0.0,LAL,SF/PF,3000,0.0,1.25,0.415,6.333333333333333,4.3100000000000005,0.0,-1.3526807882081042,-1.7056468710055037,-1.3289932870419559,-1.2814978339461427,-2.100827984421788,-1.3118136773149236,-0.9566844958906148
24,4,Terrence Ross,26.0,ORL,SG/SF,5000,29.0,25.4,5.075,28.666666666666668,22.580000000000002,25.695348837209302,0.29610805020966474,0.6750248874768028,0.2956706212284843,0.06594570211496366,0.6410110426782714,0.3174833555701869,0.17391451923022594
24,5,Kyle Kuzma,15.0,LAL,SF/PF,5000,25.5,24.25,4.824999999999999,25.333333333333332,23.19,24.409539473684212,0.2175942959992949,0.38770243386686926,0.21437154725715465,0.11093423834907827,0.49391667427161523,-0.37183461988120603,0.13288591870306868
24,6,Luke Kornet,7.8,CHI,PF/C,3900,25.5,22.95,5.865,22.333333333333332,16.05,26.204104477611942,0.1288396173267027,0.38770243386686926,0.32783819102205924,-0.4156528906862965,1.1058292468433029,-0.8230245674493905,-0.013133199109324383
24,7,Coby White,35.0,CHI,PG/SG,3800,25.5,22.35,5.859999999999999,23.666666666666668,20.410000000000004,24.081338028169014,0.08787591947781419,0.38770243386686926,0.1936200467988857,-0.09409548416049325,1.1028873594751691,0.8814707900304175,-0.013383623710836472
25,0,Raul Neto,0.0,PHI,PG,3200,12.5,11.0,3.415,12.333333333333334,9.9,11.14864864864865,-0.6870206981636633,-0.6794952509700267,-0.6240872279648977,-0.8692258379646656,-0.3356955635419215,-1.3118136773149236,-0.5551542117123683
25,1,E'Twaun Moore,8.5,NO,SG/SF,3000,0.0,4.0,1.335,14.666666666666666,13.4,0.0,-1.1649305064006978,-1.7056468710055037,-1.3289932870419559,-0.6110948923590898,-1.5595207086852956,-0.7791588781024836,-0.8011268220135032
25,2,Josh Hart,34.3,NO,SG/SF,4900,28.5,22.3,4.545,28.333333333333332,25.06,22.431176470588237,0.08446227799040674,0.6339788226753837,0.08928373510287398,0.24884991500120004,0.32917098165616143,0.8376051006835106,0.06687688358154256
25,3,Carmelo Anthony,38.0,POR,PF,5700,33.0,28.2,4.96,31.666666666666668,28.04,29.387368421052628,0.4872719735044786,1.0033934058881555,0.5291094044300498,0.4686299772596618,0.5733476332112096,1.069466601517161,0.3626754681089589
25,4,Kyle Korver,11.8,MIL,SG/SF,3000,16.5,12.1,4.015000000000001,17.333333333333332,13.040000000000001,11.518269230769231,-0.6119205854407007,-0.3511267325586741,-0.600716880929343,-0.6376455039070917,0.017330920634052095,-0.5723634854670657,-0.5037231508735628
25,5,JJ Redick,27.3,NO,SG/SF,3600,21.5,17.450000000000003,4.865,23.333333333333332,22.39,16.078928571428573,-0.24666094628810986,0.05933391545551667,-0.31235579754307735,0.051932879353518015,0.5174517732166807,0.3989482072144425,-0.20814796343655692
25,6,Chimezie Metu,0.0,SA,PF/C,3000,0.0,2.9,0.96,4.0,4.779999999999999,0.0,-1.2400306191236605,-1.7056468710055037,-1.3289932870419559,-1.2468345355362511,-1.7801622612952788,-1.3118136773149236,-0.9045612353309829
25,7,Marco Belinelli,2.8,SA,SF,3100,0.0,5.25,1.695,15.333333333333334,10.23,0.0,-1.079589469215513,-1.7056468710055037,-1.3289932870419559,-0.844887777378997,-1.3477048181797113,-1.1363509199272963,-0.7888971424815069
26,0,Shake Milton,19.0,PHI,PG/SG,4700,29.0,22.55,4.795,24.666666666666668,17.05,26.511486486486483,0.1015304854274437,0.6750248874768028,0.34727332144328793,-0.3419011919418463,0.47626535006281695,-0.12117353789888131,0.022778613942341822
26,1,Ben McLemore,6.8,HOU,SG/SF,4500,13.5,10.05,2.2199999999999998,26.333333333333332,17.21,5.152215189873418,-0.7518798864244036,-0.5974031213671885,-1.0032293474410026,-0.33010092014273423,-1.0388066445257351,-0.8856898379449716,-0.5191122268512577
26,2,Mario Hezonja,7.8,POR,SF/PF,3000,0.0,3.75,1.25,15.0,9.25,0.0,-1.1819987138377348,-1.7056468710055037,-1.3289932870419559,-0.9171644421485583,-1.6095327939435584,-0.8230245674493905,-0.8428815652857998
26,3,Kevin Knox II,2.0,NY,SF/PF,3100,21.5,16.35,5.25,17.0,13.930000000000001,20.67794117647059,-0.32176105901107255,0.05933391545551667,-0.021569716356561842,-0.572006492024531,0.7439771005629301,-1.1864831363237613,-0.31573996658782155
26,4,Raul Neto,0.0,PHI,PG,3200,12.5,11.0,3.415,12.333333333333334,9.9,11.14864864864865,-0.6870206981636633,-0.6794952509700267,-0.6240872279648977,-0.8692258379646656,-0.3356955635419215,-1.3118136773149236,-0.5551542117123683
26,5,Gary Clark,9.5,ORL,PF/C,3000,0.0,3.5,1.165,12.666666666666666,7.339999999999999,0.0,-1.1990669212747718,-1.7056468710055037,-1.3289932870419559,-1.0580301867504582,-1.6595448792018213,-0.7164936076069025,-0.8659897384396725
26,6,Cristiano Felicio,15.5,CHI,C,3100,21.0,17.7,5.734999999999999,18.0,12.059999999999999,20.65,-0.22959273885107317,0.01828785065409759,-0.023336379313892413,-0.7099221686766531,1.0293401752718414,-0.3405019846334154,-0.29362781283217565
26,7,Marco Belinelli,2.8,SA,SF,3100,0.0,5.25,1.695,15.333333333333334,10.23,0.0,-1.079589469215513,-1.7056468710055037,-1.3289932870419559,-0.844887777378997,-1.3477048181797113,-1.1363509199272963,-0.7888971424815069
