Lineup Num,,Player Name,Actual FP,team,Pos,Salary,DFN_MinProj,Avg Proj,Avg Value Proj,Avg Skewed Min,Avg Skewed FP,Proj Min Enhanced,Avg Proj Stan,DFN_MinProj Stan,Proj Min Enhanced Stan,Avg Skewed FP Stan,Avg Value Proj Stan,Actual FP Stan,predictions
0,0,James Harden,81.0,HOU,PG/SG,12800,37.0,68.25,5.3149999999999995,37.666666666666664,65.21000000000001,67.0420353982301,3.92575654774516,1.358337102825092,3.4946367512345105,3.99742735086046,0.7156236488763039,4.02117407085605,3.140194173908077
0,1,Jordan McRae,17.5,WAS,PG/SG,6600,36.5,39.2,5.9350000000000005,30.0,30.619999999999997,47.69333333333334,1.4580627500655117,1.3093801886904275,1.9767545988123554,0.8280567628375897,1.1999633183479914,-0.3941561119230671,1.0885176279576867
0,2,Brandon Ingram,61.5,NO,SF/PF,8800,37.0,45.5,5.165,35.0,43.94,48.1,1.9932252604056762,1.358337102825092,2.0086571043782566,2.0485255755714613,0.5984446965847673,2.6652852745695497,1.6009031761831212
0,3,Rondae Hollis-Jefferson,19.0,TOR,SF/PF,4900,24.0,23.200000000000003,4.720000000000001,24.666666666666668,21.46,22.572972972972973,0.09891986666191843,0.08545733532382231,0.006092870417632743,-0.011244612886303747,0.250813804786541,-0.28985697374718244,0.044444361702541194
0,4,Donte DiVincenzo,23.8,MIL,PG/SF,4200,26.5,23.0,5.48,25.0,22.04,24.380000000000003,0.08193058061937328,0.33024190599714337,0.14785194366549664,0.04189892400451033,0.8445204963969954,0.04390026841564854,0.003549385469393622
0,5,Jerami Grant,32.8,DEN,PF/C,3300,31.0,20.55,6.25,21.333333333333332,17.009999999999998,29.86171875,-0.12618817340180186,0.7708541332091212,0.5778861148111921,-0.4189838183416891,1.446039118160219,0.6696950974709563,-0.18669565110107159
0,6,Bobby Portis,40.8,NY,PF/C,3800,27.5,27.85,7.335,19.0,22.35,40.30921052631579,0.49392076715108757,0.4281557342664718,1.3974791423774877,0.07030322820477332,2.2936335397356706,1.225957167742341,0.25206890844395174
0,7,Troy Brown Jr.,43.8,WAS,SG/SF,5400,35.5,31.9,5.895,31.0,25.839999999999996,36.53064516129032,0.8379538095126219,1.2114663604210991,1.1010552835524507,0.39008071742708605,1.1687155977369141,1.4345554440941106,0.5808330475309749
1,0,James Harden,81.0,HOU,PG/SG,12800,37.0,68.25,5.3149999999999995,37.666666666666664,65.21000000000001,67.0420353982301,3.92575654774516,1.358337102825092,3.4946367512345105,3.99742735086046,0.7156236488763039,4.02117407085605,3.140194173908077
1,1,Jordan McRae,17.5,WAS,PG/SG,6600,36.5,39.2,5.9350000000000005,30.0,30.619999999999997,47.69333333333334,1.4580627500655117,1.3093801886904275,1.9767545988123554,0.8280567628375897,1.1999633183479914,-0.3941561119230671,1.0885176279576867
1,2,Brandon Ingram,61.5,NO,SF/PF,8800,37.0,45.5,5.165,35.0,43.94,48.1,1.9932252604056762,1.358337102825092,2.0086571043782566,2.0485255755714613,0.5984446965847673,2.6652852745695497,1.6009031761831212
1,3,Bobby Portis,40.8,NY,PF/C,3800,27.5,27.85,7.335,19.0,22.35,40.30921052631579,0.49392076715108757,0.4281557342664718,1.3974791423774877,0.07030322820477332,2.2936335397356706,1.225957167742341,0.25206890844395174
1,4,JJ Redick,39.5,NO,SG/SF,5100,31.5,25.15,4.949999999999999,28.0,24.110000000000003,28.293749999999996,0.26456540557673097,0.8198110473437855,0.45488087274389255,0.2315663746320718,0.4304881983002301,1.1355645813232413,0.20053205728258527
1,5,Thaddeus Young,35.0,CHI,SF/PF,5400,30.0,28.25,5.245,23.666666666666668,21.63,35.809859154929576,0.5278993392361773,0.6729403049397928,1.0445104977006119,0.00433194102996922,0.6609401378069204,0.8226671667955874,0.37488141641363654
1,6,Jerami Grant,32.8,DEN,PF/C,3300,31.0,20.55,6.25,21.333333333333332,17.009999999999998,29.86171875,-0.12618817340180186,0.7708541332091212,0.5778861148111921,-0.4189838183416891,1.446039118160219,0.6696950974709563,-0.18669565110107159
1,7,Gary Harris,14.5,DEN,SG,4000,36.0,23.25,5.84,34.333333333333336,22.01,24.378640776699026,0.10316718817255442,1.2604232745557633,0.147745314250108,0.03915012037222705,1.125749981896684,-0.6027543882748364,0.0031280114670709223
2,0,James Harden,81.0,HOU,PG/SG,12800,37.0,68.25,5.3149999999999995,37.666666666666664,65.21000000000001,67.0420353982301,3.92575654774516,1.358337102825092,3.4946367512345105,3.99742735086046,0.7156236488763039,4.02117407085605,3.140194173908077
2,1,Josh Hart,28.5,NO,SG/SF,4200,29.5,24.25,5.775,27.0,23.630000000000003,26.49537037037037,0.18811361838527899,0.6239833908051287,0.31380017730816284,0.18758551651553587,1.074972435903685,0.3707042347000871,0.08273808032140127
2,2,Thaddeus Young,35.0,CHI,SF/PF,5400,30.0,28.25,5.245,23.666666666666668,21.63,35.809859154929576,0.5278993392361773,0.6729403049397928,1.0445104977006119,0.00433194102996922,0.6609401378069204,0.8226671667955874,0.37488141641363654
2,3,Bobby Portis,40.8,NY,PF/C,3800,27.5,27.85,7.335,19.0,22.35,40.30921052631579,0.49392076715108757,0.4281557342664718,1.3974791423774877,0.07030322820477332,2.2936335397356706,1.225957167742341,0.25206890844395174
2,4,Jordan McRae,17.5,WAS,PG/SG,6600,36.5,39.2,5.9350000000000005,30.0,30.619999999999997,47.69333333333334,1.4580627500655117,1.3093801886904275,1.9767545988123554,0.8280567628375897,1.1999633183479914,-0.3941561119230671,1.0885176279576867
2,5,Rondae Hollis-Jefferson,19.0,TOR,SF/PF,4900,24.0,23.200000000000003,4.720000000000001,24.666666666666668,21.46,22.572972972972973,0.09891986666191843,0.08545733532382231,0.006092870417632743,-0.011244612886303747,0.250813804786541,-0.28985697374718244,0.044444361702541194
2,6,Jerami Grant,32.8,DEN,PF/C,3300,31.0,20.55,6.25,21.333333333333332,17.009999999999998,29.86171875,-0.12618817340180186,0.7708541332091212,0.5778861148111921,-0.4189838183416891,1.446039118160219,0.6696950974709563,-0.18669565110107159
2,7,Brandon Ingram,61.5,NO,SF/PF,8800,37.0,45.5,5.165,35.0,43.94,48.1,1.9932252604056762,1.358337102825092,2.0086571043782566,2.0485255755714613,0.5984446965847673,2.6652852745695497,1.6009031761831212
3,0,James Harden,81.0,HOU,PG/SG,12800,37.0,68.25,5.3149999999999995,37.666666666666664,65.21000000000001,67.0420353982301,3.92575654774516,1.358337102825092,3.4946367512345105,3.99742735086046,0.7156236488763039,4.02117407085605,3.140194173908077
3,1,Jordan McRae,17.5,WAS,PG/SG,6600,36.5,39.2,5.9350000000000005,30.0,30.619999999999997,47.69333333333334,1.4580627500655117,1.3093801886904275,1.9767545988123554,0.8280567628375897,1.1999633183479914,-0.3941561119230671,1.0885176279576867
3,2,Dorian Finney-Smith,21.5,DAL,SF/PF,4700,33.5,23.75,5.025,33.333333333333336,21.91,23.86875,0.1456404032789167,1.0156387038824424,0.10774500275426536,0.029987441597948607,0.48907767444599953,-0.11602507678737467,0.07570808816723631
3,3,Bobby Portis,40.8,NY,PF/C,3800,27.5,27.85,7.335,19.0,22.35,40.30921052631579,0.49392076715108757,0.4281557342664718,1.3974791423774877,0.07030322820477332,2.2936335397356706,1.225957167742341,0.25206890844395174
3,4,Gary Harris,14.5,DEN,SG,4000,36.0,23.25,5.84,34.333333333333336,22.01,24.378640776699026,0.10316718817255442,1.2604232745557633,0.147745314250108,0.03915012037222705,1.125749981896684,-0.6027543882748364,0.0031280114670709223
3,5,Thaddeus Young,35.0,CHI,SF/PF,5400,30.0,28.25,5.245,23.666666666666668,21.63,35.809859154929576,0.5278993392361773,0.6729403049397928,1.0445104977006119,0.00433194102996922,0.6609401378069204,0.8226671667955874,0.37488141641363654
3,6,Jerami Grant,32.8,DEN,PF/C,3300,31.0,20.55,6.25,21.333333333333332,17.009999999999998,29.86171875,-0.12618817340180186,0.7708541332091212,0.5778861148111921,-0.4189838183416891,1.446039118160219,0.6696950974709563,-0.18669565110107159
3,7,Nikola Vucevic,49.8,ORL,C,9000,32.0,46.45,5.16,32.0,44.19,46.45,2.0739243691077647,0.8687679614784497,1.8792166104838193,2.071432272507157,0.5945387315083828,1.8517519967976492,1.6416817376609545
4,0,Jordan McRae,17.5,WAS,PG/SG,6600,36.5,39.2,5.9350000000000005,30.0,30.619999999999997,47.69333333333334,1.4580627500655117,1.3093801886904275,1.9767545988123554,0.8280567628375897,1.1999633183479914,-0.3941561119230671,1.0885176279576867
4,1,Josh Hart,28.5,NO,SG/SF,4200,29.5,24.25,5.775,27.0,23.630000000000003,26.49537037037037,0.18811361838527899,0.6239833908051287,0.31380017730816284,0.18758551651553587,1.074972435903685,0.3707042347000871,0.08273808032140127
4,2,Brandon Ingram,61.5,NO,SF/PF,8800,37.0,45.5,5.165,35.0,43.94,48.1,1.9932252604056762,1.358337102825092,2.0086571043782566,2.0485255755714613,0.5984446965847673,2.6652852745695497,1.6009031761831212
4,3,Jerami Grant,32.8,DEN,PF/C,3300,31.0,20.55,6.25,21.333333333333332,17.009999999999998,29.86171875,-0.12618817340180186,0.7708541332091212,0.5778861148111921,-0.4189838183416891,1.446039118160219,0.6696950974709563,-0.18669565110107159
4,4,James Harden,81.0,HOU,PG/SG,12800,37.0,68.25,5.3149999999999995,37.666666666666664,65.21000000000001,67.0420353982301,3.92575654774516,1.358337102825092,3.4946367512345105,3.99742735086046,0.7156236488763039,4.02117407085605,3.140194173908077
4,5,E'Twaun Moore,14.3,NO,SG/SF,4900,27.0,22.2,4.545,23.666666666666668,20.880000000000003,25.32676056338028,0.013973436449193558,0.37919882013180756,0.22212415877078076,-0.06438814977711782,0.11410502711308043,-0.616660940031621,0.01401909224785116
4,6,Bobby Portis,40.8,NY,PF/C,3800,27.5,27.85,7.335,19.0,22.35,40.30921052631579,0.49392076715108757,0.4281557342664718,1.3974791423774877,0.07030322820477332,2.2936335397356706,1.225957167742341,0.25206890844395174
4,7,Thaddeus Young,35.0,CHI,SF/PF,5400,30.0,28.25,5.245,23.666666666666668,21.63,35.809859154929576,0.5278993392361773,0.6729403049397928,1.0445104977006119,0.00433194102996922,0.6609401378069204,0.8226671667955874,0.37488141641363654
5,0,Jordan McRae,17.5,WAS,PG/SG,6600,36.5,39.2,5.9350000000000005,30.0,30.619999999999997,47.69333333333334,1.4580627500655117,1.3093801886904275,1.9767545988123554,0.8280567628375897,1.1999633183479914,-0.3941561119230671,1.0885176279576867
5,1,Gary Harris,14.5,DEN,SG,4000,36.0,23.25,5.84,34.333333333333336,22.01,24.378640776699026,0.10316718817255442,1.2604232745557633,0.147745314250108,0.03915012037222705,1.125749981896684,-0.6027543882748364,0.0031280114670709223
5,2,JJ Redick,39.5,NO,SG/SF,5100,31.5,25.15,4.949999999999999,28.0,24.110000000000003,28.293749999999996,0.26456540557673097,0.8198110473437855,0.45488087274389255,0.2315663746320718,0.4304881983002301,1.1355645813232413,0.20053205728258527
5,3,Brandon Ingram,61.5,NO,SF/PF,8800,37.0,45.5,5.165,35.0,43.94,48.1,1.9932252604056762,1.358337102825092,2.0086571043782566,2.0485255755714613,0.5984446965847673,2.6652852745695497,1.6009031761831212
5,4,Aaron Holiday,23.0,IND,PG/SG,5400,29.5,26.35,4.855,27.666666666666668,23.85,28.0960843373494,0.36650112183200073,0.6239833908051287,0.43937424183512624,0.20774340981894804,0.35627486184892415,-0.011725938611489998,0.26762475521324136
5,5,Jerami Grant,32.8,DEN,PF/C,3300,31.0,20.55,6.25,21.333333333333332,17.009999999999998,29.86171875,-0.12618817340180186,0.7708541332091212,0.5778861148111921,-0.4189838183416891,1.446039118160219,0.6696950974709563,-0.18669565110107159
5,6,Bobby Portis,40.8,NY,PF/C,3800,27.5,27.85,7.335,19.0,22.35,40.30921052631579,0.49392076715108757,0.4281557342664718,1.3974791423774877,0.07030322820477332,2.2936335397356706,1.225957167742341,0.25206890844395174
5,7,James Harden,81.0,HOU,PG/SG,12800,37.0,68.25,5.3149999999999995,37.666666666666664,65.21000000000001,67.0420353982301,3.92575654774516,1.358337102825092,3.4946367512345105,3.99742735086046,0.7156236488763039,4.02117407085605,3.140194173908077
6,0,Jordan McRae,17.5,WAS,PG/SG,6600,36.5,39.2,5.9350000000000005,30.0,30.619999999999997,47.69333333333334,1.4580627500655117,1.3093801886904275,1.9767545988123554,0.8280567628375897,1.1999633183479914,-0.3941561119230671,1.0885176279576867
6,1,James Harden,81.0,HOU,PG/SG,12800,37.0,68.25,5.3149999999999995,37.666666666666664,65.21000000000001,67.0420353982301,3.92575654774516,1.358337102825092,3.4946367512345105,3.99742735086046,0.7156236488763039,4.02117407085605,3.140194173908077
6,2,Brandon Ingram,61.5,NO,SF/PF,8800,37.0,45.5,5.165,35.0,43.94,48.1,1.9932252604056762,1.358337102825092,2.0086571043782566,2.0485255755714613,0.5984446965847673,2.6652852745695497,1.6009031761831212
6,3,Doug McDermott,5.8,IND,SF/PF,3000,20.0,13.600000000000001,4.51,19.666666666666668,13.960000000000003,13.83050847457627,-0.7165658633802376,-0.3061979777534914,-0.6797428402048241,-0.6984455209571773,0.08676327157838833,-1.2076893896949674,-0.5913663939945769
6,4,Troy Brown Jr.,43.8,WAS,SG/SF,5400,35.5,31.9,5.895,31.0,25.839999999999996,36.53064516129032,0.8379538095126219,1.2114663604210991,1.1010552835524507,0.39008071742708605,1.1687155977369141,1.4345554440941106,0.5808330475309749
6,5,Miles Bridges,45.3,CHA,SF/PF,5100,32.0,26.35,5.175000000000001,32.0,25.709999999999997,26.35,0.36650112183200073,0.8687679614784497,0.3023960484970369,0.37816923502052435,0.6062566267375369,1.5388545822699953,0.25543967219094654
6,6,Bobby Portis,40.8,NY,PF/C,3800,27.5,27.85,7.335,19.0,22.35,40.30921052631579,0.49392076715108757,0.4281557342664718,1.3974791423774877,0.07030322820477332,2.2936335397356706,1.225957167742341,0.25206890844395174
6,7,Gary Harris,14.5,DEN,SG,4000,36.0,23.25,5.84,34.333333333333336,22.01,24.378640776699026,0.10316718817255442,1.2604232745557633,0.147745314250108,0.03915012037222705,1.125749981896684,-0.6027543882748364,0.0031280114670709223
7,0,James Harden,81.0,HOU,PG/SG,12800,37.0,68.25,5.3149999999999995,37.666666666666664,65.21000000000001,67.0420353982301,3.92575654774516,1.358337102825092,3.4946367512345105,3.99742735086046,0.7156236488763039,4.02117407085605,3.140194173908077
7,1,Jordan McRae,17.5,WAS,PG/SG,6600,36.5,39.2,5.9350000000000005,30.0,30.619999999999997,47.69333333333334,1.4580627500655117,1.3093801886904275,1.9767545988123554,0.8280567628375897,1.1999633183479914,-0.3941561119230671,1.0885176279576867
7,2,Brandon Ingram,61.5,NO,SF/PF,8800,37.0,45.5,5.165,35.0,43.94,48.1,1.9932252604056762,1.358337102825092,2.0086571043782566,2.0485255755714613,0.5984446965847673,2.6652852745695497,1.6009031761831212
7,3,Jerami Grant,32.8,DEN,PF/C,3300,31.0,20.55,6.25,21.333333333333332,17.009999999999998,29.86171875,-0.12618817340180186,0.7708541332091212,0.5778861148111921,-0.4189838183416891,1.446039118160219,0.6696950974709563,-0.18669565110107159
7,4,Troy Brown Jr.,43.8,WAS,SG/SF,5400,35.5,31.9,5.895,31.0,25.839999999999996,36.53064516129032,0.8379538095126219,1.2114663604210991,1.1010552835524507,0.39008071742708605,1.1687155977369141,1.4345554440941106,0.5808330475309749
7,5,Thaddeus Young,35.0,CHI,SF/PF,5400,30.0,28.25,5.245,23.666666666666668,21.63,35.809859154929576,0.5278993392361773,0.6729403049397928,1.0445104977006119,0.00433194102996922,0.6609401378069204,0.8226671667955874,0.37488141641363654
7,6,Bobby Portis,40.8,NY,PF/C,3800,27.5,27.85,7.335,19.0,22.35,40.30921052631579,0.49392076715108757,0.4281557342664718,1.3974791423774877,0.07030322820477332,2.2936335397356706,1.225957167742341,0.25206890844395174
7,7,Khem Birch,32.8,ORL,PF/C,3200,21.0,14.25,4.465,18.0,13.309999999999999,16.625,-0.6613506837419667,-0.20828414948416296,-0.46051837763835907,-0.7580029329899867,0.05160958589092725,0.6696950974709563,-0.5409129093841801
8,0,Jordan McRae,17.5,WAS,PG/SG,6600,36.5,39.2,5.9350000000000005,30.0,30.619999999999997,47.69333333333334,1.4580627500655117,1.3093801886904275,1.9767545988123554,0.8280567628375897,1.1999633183479914,-0.3941561119230671,1.0885176279576867
8,1,Aaron Holiday,23.0,IND,PG/SG,5400,29.5,26.35,4.855,27.666666666666668,23.85,28.0960843373494,0.36650112183200073,0.6239833908051287,0.43937424183512624,0.20774340981894804,0.35627486184892415,-0.011725938611489998,0.26762475521324136
8,2,Brandon Ingram,61.5,NO,SF/PF,8800,37.0,45.5,5.165,35.0,43.94,48.1,1.9932252604056762,1.358337102825092,2.0086571043782566,2.0485255755714613,0.5984446965847673,2.6652852745695497,1.6009031761831212
8,3,Bobby Portis,40.8,NY,PF/C,3800,27.5,27.85,7.335,19.0,22.35,40.30921052631579,0.49392076715108757,0.4281557342664718,1.3974791423774877,0.07030322820477332,2.2936335397356706,1.225957167742341,0.25206890844395174
8,4,James Harden,81.0,HOU,PG/SG,12800,37.0,68.25,5.3149999999999995,37.666666666666664,65.21000000000001,67.0420353982301,3.92575654774516,1.358337102825092,3.4946367512345105,3.99742735086046,0.7156236488763039,4.02117407085605,3.140194173908077
8,5,Thaddeus Young,35.0,CHI,SF/PF,5400,30.0,28.25,5.245,23.666666666666668,21.63,35.809859154929576,0.5278993392361773,0.6729403049397928,1.0445104977006119,0.00433194102996922,0.6609401378069204,0.8226671667955874,0.37488141641363654
8,6,Jerami Grant,32.8,DEN,PF/C,3300,31.0,20.55,6.25,21.333333333333332,17.009999999999998,29.86171875,-0.12618817340180186,0.7708541332091212,0.5778861148111921,-0.4189838183416891,1.446039118160219,0.6696950974709563,-0.18669565110107159
8,7,Reggie Bullock,14.8,NY,SG/SF,3400,28.5,19.85,5.845,22.666666666666668,17.03,24.95845588235294,-0.18565067455070902,0.5260695625358002,0.19323110433695528,-0.4171512825868331,1.1296559469730685,-0.5818945606396595,-0.23076867532745773
9,0,James Harden,81.0,HOU,PG/SG,12800,37.0,68.25,5.3149999999999995,37.666666666666664,65.21000000000001,67.0420353982301,3.92575654774516,1.358337102825092,3.4946367512345105,3.99742735086046,0.7156236488763039,4.02117407085605,3.140194173908077
9,1,Jordan McRae,17.5,WAS,PG/SG,6600,36.5,39.2,5.9350000000000005,30.0,30.619999999999997,47.69333333333334,1.4580627500655117,1.3093801886904275,1.9767545988123554,0.8280567628375897,1.1999633183479914,-0.3941561119230671,1.0885176279576867
9,2,Brandon Ingram,61.5,NO,SF/PF,8800,37.0,45.5,5.165,35.0,43.94,48.1,1.9932252604056762,1.358337102825092,2.0086571043782566,2.0485255755714613,0.5984446965847673,2.6652852745695497,1.6009031761831212
9,3,Bobby Portis,40.8,NY,PF/C,3800,27.5,27.85,7.335,19.0,22.35,40.30921052631579,0.49392076715108757,0.4281557342664718,1.3974791423774877,0.07030322820477332,2.2936335397356706,1.225957167742341,0.25206890844395174
9,4,Troy Brown Jr.,43.8,WAS,SG/SF,5400,35.5,31.9,5.895,31.0,25.839999999999996,36.53064516129032,0.8379538095126219,1.2114663604210991,1.1010552835524507,0.39008071742708605,1.1687155977369141,1.4345554440941106,0.5808330475309749
9,5,De'Andre Hunter,10.0,ATL,SF/PF,5000,32.5,23.15,4.65,32.666666666666664,20.75,23.03188775510204,0.09467254515128184,0.9177248756131139,0.04209417711717491,-0.07629963218367987,0.19613029371715673,-0.9156518028024905,0.05038163395447075
9,6,Jerami Grant,32.8,DEN,PF/C,3300,31.0,20.55,6.25,21.333333333333332,17.009999999999998,29.86171875,-0.12618817340180186,0.7708541332091212,0.5778861148111921,-0.4189838183416891,1.446039118160219,0.6696950974709563,-0.18669565110107159
9,7,Reggie Bullock,14.8,NY,SG/SF,3400,28.5,19.85,5.845,22.666666666666668,17.03,24.95845588235294,-0.18565067455070902,0.5260695625358002,0.19323110433695528,-0.4171512825868331,1.1296559469730685,-0.5818945606396595,-0.23076867532745773
10,0,Dejounte Murray,28.3,SA,PG,5400,26.0,27.15,5.03,25.0,26.990000000000002,28.235999999999997,0.4344582660021801,0.28128499186247913,0.45035045545758734,0.4954515233312872,0.492983639522384,0.35679768294330255,0.32521991571661635
10,1,Gary Harris,14.5,DEN,SG,4000,36.0,23.25,5.84,34.333333333333336,22.01,24.378640776699026,0.10316718817255442,1.2604232745557633,0.147745314250108,0.03915012037222705,1.125749981896684,-0.6027543882748364,0.0031280114670709223
10,2,Brandon Ingram,61.5,NO,SF/PF,8800,37.0,45.5,5.165,35.0,43.94,48.1,1.9932252604056762,1.358337102825092,2.0086571043782566,2.0485255755714613,0.5984446965847673,2.6652852745695497,1.6009031761831212
10,3,Thaddeus Young,35.0,CHI,SF/PF,5400,30.0,28.25,5.245,23.666666666666668,21.63,35.809859154929576,0.5278993392361773,0.6729403049397928,1.0445104977006119,0.00433194102996922,0.6609401378069204,0.8226671667955874,0.37488141641363654
10,4,James Harden,81.0,HOU,PG/SG,12800,37.0,68.25,5.3149999999999995,37.666666666666664,65.21000000000001,67.0420353982301,3.92575654774516,1.358337102825092,3.4946367512345105,3.99742735086046,0.7156236488763039,4.02117407085605,3.140194173908077
10,5,Donte DiVincenzo,23.8,MIL,PG/SF,4200,26.5,23.0,5.48,25.0,22.04,24.380000000000003,0.08193058061937328,0.33024190599714337,0.14785194366549664,0.04189892400451033,0.8445204963969954,0.04390026841564854,0.003549385469393622
10,6,Bobby Portis,40.8,NY,PF/C,3800,27.5,27.85,7.335,19.0,22.35,40.30921052631579,0.49392076715108757,0.4281557342664718,1.3974791423774877,0.07030322820477332,2.2936335397356706,1.225957167742341,0.25206890844395174
10,7,Troy Brown Jr.,43.8,WAS,SG/SF,5400,35.5,31.9,5.895,31.0,25.839999999999996,36.53064516129032,0.8379538095126219,1.2114663604210991,1.1010552835524507,0.39008071742708605,1.1687155977369141,1.4345554440941106,0.5808330475309749
11,0,James Harden,81.0,HOU,PG/SG,12800,37.0,68.25,5.3149999999999995,37.666666666666664,65.21000000000001,67.0420353982301,3.92575654774516,1.358337102825092,3.4946367512345105,3.99742735086046,0.7156236488763039,4.02117407085605,3.140194173908077
11,1,Jordan McRae,17.5,WAS,PG/SG,6600,36.5,39.2,5.9350000000000005,30.0,30.619999999999997,47.69333333333334,1.4580627500655117,1.3093801886904275,1.9767545988123554,0.8280567628375897,1.1999633183479914,-0.3941561119230671,1.0885176279576867
11,2,Donte DiVincenzo,23.8,MIL,PG/SF,4200,26.5,23.0,5.48,25.0,22.04,24.380000000000003,0.08193058061937328,0.33024190599714337,0.14785194366549664,0.04189892400451033,0.8445204963969954,0.04390026841564854,0.003549385469393622
11,3,Brandon Ingram,61.5,NO,SF/PF,8800,37.0,45.5,5.165,35.0,43.94,48.1,1.9932252604056762,1.358337102825092,2.0086571043782566,2.0485255755714613,0.5984446965847673,2.6652852745695497,1.6009031761831212
11,4,Damion Lee,28.5,GS,SG/SF,5600,30.5,28.05,4.984999999999999,30.0,26.290000000000003,28.517500000000002,0.5109100531936325,0.721897219074457,0.47243378820382054,0.43131277191133904,0.45782995383492225,0.3707042347000871,0.37752897789049034
11,5,Jerami Grant,32.8,DEN,PF/C,3300,31.0,20.55,6.25,21.333333333333332,17.009999999999998,29.86171875,-0.12618817340180186,0.7708541332091212,0.5778861148111921,-0.4189838183416891,1.446039118160219,0.6696950974709563,-0.18669565110107159
11,6,Bobby Portis,40.8,NY,PF/C,3800,27.5,27.85,7.335,19.0,22.35,40.30921052631579,0.49392076715108757,0.4281557342664718,1.3974791423774877,0.07030322820477332,2.2936335397356706,1.225957167742341,0.25206890844395174
11,7,Gary Harris,14.5,DEN,SG,4000,36.0,23.25,5.84,34.333333333333336,22.01,24.378640776699026,0.10316718817255442,1.2604232745557633,0.147745314250108,0.03915012037222705,1.125749981896684,-0.6027543882748364,0.0031280114670709223
12,0,James Harden,81.0,HOU,PG/SG,12800,37.0,68.25,5.3149999999999995,37.666666666666664,65.21000000000001,67.0420353982301,3.92575654774516,1.358337102825092,3.4946367512345105,3.99742735086046,0.7156236488763039,4.02117407085605,3.140194173908077
12,1,Jordan McRae,17.5,WAS,PG/SG,6600,36.5,39.2,5.9350000000000005,30.0,30.619999999999997,47.69333333333334,1.4580627500655117,1.3093801886904275,1.9767545988123554,0.8280567628375897,1.1999633183479914,-0.3941561119230671,1.0885176279576867
12,2,Donte DiVincenzo,23.8,MIL,PG/SF,4200,26.5,23.0,5.48,25.0,22.04,24.380000000000003,0.08193058061937328,0.33024190599714337,0.14785194366549664,0.04189892400451033,0.8445204963969954,0.04390026841564854,0.003549385469393622
12,3,Goga Bitadze,3.3,IND,PF/C,3000,0.0,2.65,0.875,7.333333333333333,6.75,0.0,-1.6467292742095718,-2.26447454314006,-1.7647294146050383,-1.359074660582644,-2.752873338953194,-1.3815212866547752,-1.1290197513213425
12,4,Tim Hardaway Jr.,19.5,DAL,SG/SF,4400,26.5,21.85,4.970000000000001,25.333333333333332,23.85,22.856250000000003,-0.015757814125259863,0.33024190599714337,0.02831560877358824,0.20774340981894804,0.44611205860576947,-0.2550905943552209,-0.021590968025943555
12,5,Jerami Grant,32.8,DEN,PF/C,3300,31.0,20.55,6.25,21.333333333333332,17.009999999999998,29.86171875,-0.12618817340180186,0.7708541332091212,0.5778861148111921,-0.4189838183416891,1.446039118160219,0.6696950974709563,-0.18669565110107159
12,6,Nikola Vucevic,49.8,ORL,C,9000,32.0,46.45,5.16,32.0,44.19,46.45,2.0739243691077647,0.8687679614784497,1.8792166104838193,2.071432272507157,0.5945387315083828,1.8517519967976492,1.6416817376609545
12,7,Thaddeus Young,35.0,CHI,SF/PF,5400,30.0,28.25,5.245,23.666666666666668,21.63,35.809859154929576,0.5278993392361773,0.6729403049397928,1.0445104977006119,0.00433194102996922,0.6609401378069204,0.8226671667955874,0.37488141641363654
13,0,Aaron Holiday,23.0,IND,PG/SG,5400,29.5,26.35,4.855,27.666666666666668,23.85,28.0960843373494,0.36650112183200073,0.6239833908051287,0.43937424183512624,0.20774340981894804,0.35627486184892415,-0.011725938611489998,0.26762475521324136
13,1,Malik Beasley,21.3,DEN,PG/SG,3000,16.5,10.5,3.515,18.333333333333332,12.46,9.450000000000001,-0.9798997970396839,-0.6488963766961409,-1.0233884041187153,-0.8358857025713522,-0.6905237786221409,-0.12993162854415924,-0.7418825286249787
13,2,Brandon Ingram,61.5,NO,SF/PF,8800,37.0,45.5,5.165,35.0,43.94,48.1,1.9932252604056762,1.358337102825092,2.0086571043782566,2.0485255755714613,0.5984446965847673,2.6652852745695497,1.6009031761831212
13,3,Dorian Finney-Smith,21.5,DAL,SF/PF,4700,33.5,23.75,5.025,33.333333333333336,21.91,23.86875,0.1456404032789167,1.0156387038824424,0.10774500275426536,0.029987441597948607,0.48907767444599953,-0.11602507678737467,0.07570808816723631
13,4,Coby White,20.0,CHI,PG/SG,4300,22.5,20.05,4.685,22.333333333333332,20.91,20.199626865671643,-0.16866138850816415,-0.061413407080170325,-0.18009324613480632,-0.06163934614483455,0.22347204925184816,-0.22032421496325932,-0.14733834161522638
13,5,Jaylen Brown,22.8,BOS,SG/SF,7400,34.0,35.15,4.75,34.0,36.77,35.15,1.1140297077039767,1.0645956180171066,0.9927453492673691,1.3915615074557066,0.2742495952448479,-0.02563249036827457,0.9155914472114735
13,6,Khem Birch,32.8,ORL,PF/C,3200,21.0,14.25,4.465,18.0,13.309999999999999,16.625,-0.6613506837419667,-0.20828414948416296,-0.46051837763835907,-0.7580029329899867,0.05160958589092725,0.6696950974709563,-0.5409129093841801
13,7,James Harden,81.0,HOU,PG/SG,12800,37.0,68.25,5.3149999999999995,37.666666666666664,65.21000000000001,67.0420353982301,3.92575654774516,1.358337102825092,3.4946367512345105,3.99742735086046,0.7156236488763039,4.02117407085605,3.140194173908077
14,0,Coby White,20.0,CHI,PG/SG,4300,22.5,20.05,4.685,22.333333333333332,20.91,20.199626865671643,-0.16866138850816415,-0.061413407080170325,-0.18009324613480632,-0.06163934614483455,0.22347204925184816,-0.22032421496325932,-0.14733834161522638
14,1,Jordan McRae,17.5,WAS,PG/SG,6600,36.5,39.2,5.9350000000000005,30.0,30.619999999999997,47.69333333333334,1.4580627500655117,1.3093801886904275,1.9767545988123554,0.8280567628375897,1.1999633183479914,-0.3941561119230671,1.0885176279576867
14,2,Eric Gordon,24.3,HOU,SG/SF,4400,32.5,25.5,5.77,27.666666666666668,19.66,29.95481927710843,0.2942966561511847,0.9177248756131139,0.5851897379692209,-0.1761728308233135,1.0710664708272999,0.0786666478076101,0.14132108153591735
14,3,Jerami Grant,32.8,DEN,PF/C,3300,31.0,20.55,6.25,21.333333333333332,17.009999999999998,29.86171875,-0.12618817340180186,0.7708541332091212,0.5778861148111921,-0.4189838183416891,1.446039118160219,0.6696950974709563,-0.18669565110107159
14,4,James Harden,81.0,HOU,PG/SG,12800,37.0,68.25,5.3149999999999995,37.666666666666664,65.21000000000001,67.0420353982301,3.92575654774516,1.358337102825092,3.4946367512345105,3.99742735086046,0.7156236488763039,4.02117407085605,3.140194173908077
14,5,Thaddeus Young,35.0,CHI,SF/PF,5400,30.0,28.25,5.245,23.666666666666668,21.63,35.809859154929576,0.5278993392361773,0.6729403049397928,1.0445104977006119,0.00433194102996922,0.6609401378069204,0.8226671667955874,0.37488141641363654
14,6,Bobby Portis,40.8,NY,PF/C,3800,27.5,27.85,7.335,19.0,22.35,40.30921052631579,0.49392076715108757,0.4281557342664718,1.3974791423774877,0.07030322820477332,2.2936335397356706,1.225957167742341,0.25206890844395174
14,7,Cody Zeller,26.5,CHA,PF/C,4100,20.0,21.05,5.15,20.333333333333332,22.830000000000002,20.704918032786885,-0.08371495829543958,-0.3061979777534914,-0.14045376841850715,0.11428408632130926,0.5867268013556137,0.2316387171322409,-0.104180503514754
15,0,Jordan McRae,17.5,WAS,PG/SG,6600,36.5,39.2,5.9350000000000005,30.0,30.619999999999997,47.69333333333334,1.4580627500655117,1.3093801886904275,1.9767545988123554,0.8280567628375897,1.1999633183479914,-0.3941561119230671,1.0885176279576867
15,1,Khris Middleton,41.8,MIL,SG/SF,7100,30.0,35.6,5.035,30.666666666666668,34.480000000000004,34.826086956521735,1.152255601299703,0.6729403049397928,0.967334764826959,1.1817361635247332,0.49688960459876846,1.2954899265262643,0.8976491908331928
15,2,Dorian Finney-Smith,21.5,DAL,SF/PF,4700,33.5,23.75,5.025,33.333333333333336,21.91,23.86875,0.1456404032789167,1.0156387038824424,0.10774500275426536,0.029987441597948607,0.48907767444599953,-0.11602507678737467,0.07570808816723631
15,3,Brandon Ingram,61.5,NO,SF/PF,8800,37.0,45.5,5.165,35.0,43.94,48.1,1.9932252604056762,1.358337102825092,2.0086571043782566,2.0485255755714613,0.5984446965847673,2.6652852745695497,1.6009031761831212
15,4,Patty Mills,17.0,SA,PG/SG,3900,22.0,16.45,4.199999999999999,22.333333333333332,18.85,16.2044776119403,-0.47446853727397276,-0.11037032121483453,-0.4935078477014597,-0.2503905288949677,-0.15540656315745544,-0.4289224913150287,-0.35722114302818286
15,5,Jerami Grant,32.8,DEN,PF/C,3300,31.0,20.55,6.25,21.333333333333332,17.009999999999998,29.86171875,-0.12618817340180186,0.7708541332091212,0.5778861148111921,-0.4189838183416891,1.446039118160219,0.6696950974709563,-0.18669565110107159
15,6,Nikola Vucevic,49.8,ORL,C,9000,32.0,46.45,5.16,32.0,44.19,46.45,2.0739243691077647,0.8687679614784497,1.8792166104838193,2.071432272507157,0.5945387315083828,1.8517519967976492,1.6416817376609545
15,7,Jaxson Hayes,38.5,NO,C,3200,17.5,15.7,4.895,17.333333333333332,16.44,15.850961538461538,-0.5381783599335161,-0.5509825484268125,-0.5212407538534068,-0.47121108735507516,0.3875225824600001,1.0660318225393182,-0.46879472053974436
16,0,Jordan McRae,17.5,WAS,PG/SG,6600,36.5,39.2,5.9350000000000005,30.0,30.619999999999997,47.69333333333334,1.4580627500655117,1.3093801886904275,1.9767545988123554,0.8280567628375897,1.1999633183479914,-0.3941561119230671,1.0885176279576867
16,1,James Harden,81.0,HOU,PG/SG,12800,37.0,68.25,5.3149999999999995,37.666666666666664,65.21000000000001,67.0420353982301,3.92575654774516,1.358337102825092,3.4946367512345105,3.99742735086046,0.7156236488763039,4.02117407085605,3.140194173908077
16,2,Damion Lee,28.5,GS,SG/SF,5600,30.5,28.05,4.984999999999999,30.0,26.290000000000003,28.517500000000002,0.5109100531936325,0.721897219074457,0.47243378820382054,0.43131277191133904,0.45782995383492225,0.3707042347000871,0.37752897789049034
16,3,Bobby Portis,40.8,NY,PF/C,3800,27.5,27.85,7.335,19.0,22.35,40.30921052631579,0.49392076715108757,0.4281557342664718,1.3974791423774877,0.07030322820477332,2.2936335397356706,1.225957167742341,0.25206890844395174
16,4,Gary Payton II,19.5,WAS,PG/SG,4000,26.0,23.15,5.795,20.333333333333332,20.07,29.601639344262296,0.09467254515128184,0.28128499186247913,0.5574832016412161,-0.1386058478487724,1.090596296209223,-0.2550905943552209,0.005448474915224515
16,5,Jerami Grant,32.8,DEN,PF/C,3300,31.0,20.55,6.25,21.333333333333332,17.009999999999998,29.86171875,-0.12618817340180186,0.7708541332091212,0.5778861148111921,-0.4189838183416891,1.446039118160219,0.6696950974709563,-0.18669565110107159
16,6,Khem Birch,32.8,ORL,PF/C,3200,21.0,14.25,4.465,18.0,13.309999999999999,16.625,-0.6613506837419667,-0.20828414948416296,-0.46051837763835907,-0.7580029329899867,0.05160958589092725,0.6696950974709563,-0.5409129093841801
16,7,Donte DiVincenzo,23.8,MIL,PG/SF,4200,26.5,23.0,5.48,25.0,22.04,24.380000000000003,0.08193058061937328,0.33024190599714337,0.14785194366549664,0.04189892400451033,0.8445204963969954,0.04390026841564854,0.003549385469393622
17,0,Brad Wanamaker,18.5,BOS,PG/SG,3500,16.5,13.0,3.705,18.333333333333332,14.180000000000001,11.700000000000001,-0.7675337215078725,-0.6488963766961409,-0.8468786397172099,-0.678287627653765,-0.5420971057195273,-0.324623353139144,-0.587856934011193
17,1,Khris Middleton,41.8,MIL,SG/SF,7100,30.0,35.6,5.035,30.666666666666668,34.480000000000004,34.826086956521735,1.152255601299703,0.6729403049397928,0.967334764826959,1.1817361635247332,0.49688960459876846,1.2954899265262643,0.8976491908331928
17,2,Donte DiVincenzo,23.8,MIL,PG/SF,4200,26.5,23.0,5.48,25.0,22.04,24.380000000000003,0.08193058061937328,0.33024190599714337,0.14785194366549664,0.04189892400451033,0.8445204963969954,0.04390026841564854,0.003549385469393622
17,3,Thaddeus Young,35.0,CHI,SF/PF,5400,30.0,28.25,5.245,23.666666666666668,21.63,35.809859154929576,0.5278993392361773,0.6729403049397928,1.0445104977006119,0.00433194102996922,0.6609401378069204,0.8226671667955874,0.37488141641363654
17,4,Jordan McRae,17.5,WAS,PG/SG,6600,36.5,39.2,5.9350000000000005,30.0,30.619999999999997,47.69333333333334,1.4580627500655117,1.3093801886904275,1.9767545988123554,0.8280567628375897,1.1999633183479914,-0.3941561119230671,1.0885176279576867
17,5,Brandon Ingram,61.5,NO,SF/PF,8800,37.0,45.5,5.165,35.0,43.94,48.1,1.9932252604056762,1.358337102825092,2.0086571043782566,2.0485255755714613,0.5984446965847673,2.6652852745695497,1.6009031761831212
17,6,Goga Bitadze,3.3,IND,PF/C,3000,0.0,2.65,0.875,7.333333333333333,6.75,0.0,-1.6467292742095718,-2.26447454314006,-1.7647294146050383,-1.359074660582644,-2.752873338953194,-1.3815212866547752,-1.1290197513213425
17,7,Zach LaVine,51.3,CHI,PG/SG,8900,37.5,43.65,4.915,36.0,40.39,45.46875,1.8360743645121356,1.407294016959756,1.802238741008718,1.7232504790845813,0.40314644276553874,1.956051134973534,1.4692248085648816
18,0,Trae Young,80.3,ATL,PG,9700,35.5,51.75,5.33,37.666666666666664,53.07000000000001,48.77323008849558,2.5241404492352046,1.2114663604210991,2.061471186293083,2.8850781476630725,0.727341544105458,3.9725011397073042,2.0161225144400285
18,1,Joe Ingles,22.0,UTA,SG/SF,6200,32.5,30.35,4.91,31.0,27.790000000000003,31.818548387096776,0.706286842682899,0.9177248756131139,0.7313970206857855,0.5687529535255138,0.3992404776891542,-0.08125869739541311,0.5431762106654122
18,2,De'Andre Hunter,10.0,ATL,SF/PF,5000,32.5,23.15,4.65,32.666666666666664,20.75,23.03188775510204,0.09467254515128184,0.9177248756131139,0.04209417711717491,-0.07629963218367987,0.19613029371715673,-0.9156518028024905,0.05038163395447075
18,3,Grant Williams,9.8,BOS,SF/PF,3500,15.0,9.9,2.8049999999999997,17.666666666666668,9.620000000000001,8.40566037735849,-1.0308676551673186,-0.7957671191001335,-1.1053155777843198,-1.0961057797608562,-1.2451708194687503,-0.929558354559275,-0.7621721032840437
18,4,Malik Beasley,21.3,DEN,PG/SG,3000,16.5,10.5,3.515,18.333333333333332,12.46,9.450000000000001,-0.9798997970396839,-0.6488963766961409,-1.0233884041187153,-0.8358857025713522,-0.6905237786221409,-0.12993162854415924,-0.7418825286249787
18,5,Aaron Gordon,23.8,ORL,SF/PF,6200,32.5,33.5,5.38,32.666666666666664,32.480000000000004,33.32908163265306,0.9738680978529813,0.9177248756131139,0.8498965172607992,0.9984825880391669,0.7664011948693037,0.04390026841564854,0.736504010940899
18,6,Nikola Jokic,55.5,DEN,C,9200,33.0,47.9,5.205,31.666666666666668,44.46,49.91684210526316,2.1970966929162152,0.9666817897477781,2.151186158580361,2.096171505197709,0.6296924171958438,2.248088721866011,1.7424572435383445
18,7,Frank Ntilikina,28.0,NY,PG/SG,3400,17.5,11.6,3.395,21.333333333333332,16.0,9.515625000000002,-0.8864587238056869,-0.5509825484268125,-1.0182402026570048,-0.5115268739618999,-0.7842669404553707,0.3359378553081256,-0.6422118276544843
19,0,James Harden,81.0,HOU,PG/SG,12800,37.0,68.25,5.3149999999999995,37.666666666666664,65.21000000000001,67.0420353982301,3.92575654774516,1.358337102825092,3.4946367512345105,3.99742735086046,0.7156236488763039,4.02117407085605,3.140194173908077
19,1,Gary Harris,14.5,DEN,SG,4000,36.0,23.25,5.84,34.333333333333336,22.01,24.378640776699026,0.10316718817255442,1.2604232745557633,0.147745314250108,0.03915012037222705,1.125749981896684,-0.6027543882748364,0.0031280114670709223
19,2,JJ Redick,39.5,NO,SG/SF,5100,31.5,25.15,4.949999999999999,28.0,24.110000000000003,28.293749999999996,0.26456540557673097,0.8198110473437855,0.45488087274389255,0.2315663746320718,0.4304881983002301,1.1355645813232413,0.20053205728258527
19,3,Bobby Portis,40.8,NY,PF/C,3800,27.5,27.85,7.335,19.0,22.35,40.30921052631579,0.49392076715108757,0.4281557342664718,1.3974791423774877,0.07030322820477332,2.2936335397356706,1.225957167742341,0.25206890844395174
19,4,Dejounte Murray,28.3,SA,PG,5400,26.0,27.15,5.03,25.0,26.990000000000002,28.235999999999997,0.4344582660021801,0.28128499186247913,0.45035045545758734,0.4954515233312872,0.492983639522384,0.35679768294330255,0.32521991571661635
19,5,Jerami Grant,32.8,DEN,PF/C,3300,31.0,20.55,6.25,21.333333333333332,17.009999999999998,29.86171875,-0.12618817340180186,0.7708541332091212,0.5778861148111921,-0.4189838183416891,1.446039118160219,0.6696950974709563,-0.18669565110107159
19,6,Khem Birch,32.8,ORL,PF/C,3200,21.0,14.25,4.465,18.0,13.309999999999999,16.625,-0.6613506837419667,-0.20828414948416296,-0.46051837763835907,-0.7580029329899867,0.05160958589092725,0.6696950974709563,-0.5409129093841801
19,7,Wesley Matthews,7.5,MIL,SG/SF,3400,26.5,17.3,5.095000000000001,25.666666666666668,15.040000000000001,17.86168831168831,-0.40226407159315675,0.33024190599714337,-0.3635016831787149,-0.5994885901949716,0.5437611855153838,-1.0894836997622983,-0.38492469697726606
20,0,Jordan McRae,17.5,WAS,PG/SG,6600,36.5,39.2,5.9350000000000005,30.0,30.619999999999997,47.69333333333334,1.4580627500655117,1.3093801886904275,1.9767545988123554,0.8280567628375897,1.1999633183479914,-0.3941561119230671,1.0885176279576867
20,1,Wes Iwundu,20.3,ORL,SG/SF,3500,22.5,16.65,4.745,24.333333333333332,12.85,15.395547945205479,-0.4574792512314279,-0.061413407080170325,-0.5569673965426825,-0.8001512553516669,0.27034363016846336,-0.19946438732808236,-0.4355644597751333
20,2,Jordan Poole,6.8,GS,SG/SF,3300,13.5,9.6,2.8899999999999997,17.333333333333332,11.82,7.476923076923077,-1.056351584231136,-0.9426378615041261,-1.178173889824651,-0.8945268467267334,-1.1787694131702124,-1.1381566309110445,-0.7721599986395287
20,3,Bojan Bogdanovic,32.3,UTA,SF/PF,6400,33.0,31.55,4.935,33.0,30.630000000000003,31.55,0.8082225589381684,0.9666817897477781,0.7103297262249606,0.8289730307150179,0.41877030307107665,0.6349287180789948,0.6309395641973964
20,4,Glenn Robinson III,27.3,GS,SG/SF,4700,30.0,21.4,4.535,31.0,22.580000000000002,20.70967741935484,-0.05398370772098616,0.6729403049397928,-0.14008040032881588,0.09137738938561348,0.10629309696031146,0.28726492415937943,-0.03940365433869584
20,5,Joe Ingles,22.0,UTA,SG/SF,6200,32.5,30.35,4.91,31.0,27.790000000000003,31.818548387096776,0.706286842682899,0.9177248756131139,0.7313970206857855,0.5687529535255138,0.3992404776891542,-0.08125869739541311,0.5431762106654122
20,6,Khem Birch,32.8,ORL,PF/C,3200,21.0,14.25,4.465,18.0,13.309999999999999,16.625,-0.6613506837419667,-0.20828414948416296,-0.46051837763835907,-0.7580029329899867,0.05160958589092725,0.6696950974709563,-0.5409129093841801
20,7,Jaxson Hayes,38.5,NO,C,3200,17.5,15.7,4.895,17.333333333333332,16.44,15.850961538461538,-0.5381783599335161,-0.5509825484268125,-0.5212407538534068,-0.47121108735507516,0.3875225824600001,1.0660318225393182,-0.46879472053974436
21,0,Kevin Huerter,26.5,ATL,PG/SG,6200,33.0,30.6,4.92,33.0,27.48,30.6,0.7275234502360801,0.9666817897477781,0.6358033812554361,0.5403486493252508,0.4070524078419232,0.2316387171322409,0.5470576943201185
21,1,Ben McLemore,26.3,HOU,SG/SF,3400,22.5,17.55,5.175000000000001,21.333333333333332,16.729999999999997,18.509765625000004,-0.3810274640399756,-0.061413407080170325,-0.31266080589577827,-0.44463931890966846,0.6062566267375369,0.2177321653754563,-0.36157654686440005
21,2,Admiral Schofield,29.5,WAS,SF/PF,3000,0.0,4.25,1.415,8.0,4.67,0.0,-1.5108149858692126,-2.26447454314006,-1.7647294146050383,-1.5496583790876328,-2.3310291107036605,0.44023699348401024,-1.0920935880258553
21,3,Bojan Bogdanovic,32.3,UTA,SF/PF,6400,33.0,31.55,4.935,33.0,30.630000000000003,31.55,0.8082225589381684,0.9666817897477781,0.7103297262249606,0.8289730307150179,0.41877030307107665,0.6349287180789948,0.6309395641973964
21,4,Evan Fournier,33.5,ORL,SG/SF,6000,32.5,32.3,5.38,32.666666666666664,29.279999999999994,32.13520408163265,0.8719323815977116,0.9177248756131139,0.7562382749253066,0.7052768672622599,0.7664011948693037,0.7183680286197027,0.6360168982633693
21,5,Cam Reddish,14.0,ATL,SG/SF,3300,24.0,16.4,4.96,24.333333333333332,17.18,16.175342465753424,-0.47871585878460904,0.08545733532382231,-0.4957934644966813,-0.40340726442541575,0.4383001284529998,-0.637520767666798,-0.42013387165178256
21,6,Taj Gibson,4.5,NY,PF/C,3100,22.5,18.25,5.875,16.666666666666668,14.169999999999998,24.6375,-0.32156496289106845,-0.061413407080170325,0.16805250559144647,-0.6792038955311932,1.1530917374313763,-1.2980819761140676,-0.3526583305291715
21,7,Myles Turner,24.8,IND,C,5600,30.5,27.45,4.91,31.0,27.529999999999994,27.00725806451613,0.4599421950659976,0.721897219074457,0.35395714454980637,0.5449299887123894,0.3992404776891542,0.11343302719957166,0.3507772303209113
22,0,Patty Mills,17.0,SA,PG/SG,3900,22.0,16.45,4.199999999999999,22.333333333333332,18.85,16.2044776119403,-0.47446853727397276,-0.11037032121483453,-0.4935078477014597,-0.2503905288949677,-0.15540656315745544,-0.4289224913150287,-0.35722114302818286
22,1,JJ Redick,39.5,NO,SG/SF,5100,31.5,25.15,4.949999999999999,28.0,24.110000000000003,28.293749999999996,0.26456540557673097,0.8198110473437855,0.45488087274389255,0.2315663746320718,0.4304881983002301,1.1355645813232413,0.20053205728258527
22,2,Pat Connaughton,17.8,MIL,SG/SF,3300,16.5,14.850000000000001,4.484999999999999,21.0,16.369999999999997,11.667857142857143,-0.6103828256143319,-0.6488963766961409,-0.8494002077800886,-0.4776249624970703,0.0672334461964652,-0.37329628428789013,-0.5160451659827198
22,3,Dorian Finney-Smith,21.5,DAL,SF/PF,4700,33.5,23.75,5.025,33.333333333333336,21.91,23.86875,0.1456404032789167,1.0156387038824424,0.10774500275426536,0.029987441597948607,0.48907767444599953,-0.11602507678737467,0.07570808816723631
22,4,Ky Bowman,16.8,GS,PG,3700,21.5,18.3,4.9350000000000005,21.0,17.08,18.735714285714288,-0.31731764138043217,-0.15932723534949875,-0.2949354081759943,-0.4125699431996942,0.4187703030710774,-0.44282904307181326,-0.3017087020416322
22,5,Joe Ingles,22.0,UTA,SG/SF,6200,32.5,30.35,4.91,31.0,27.790000000000003,31.818548387096776,0.706286842682899,0.9177248756131139,0.7313970206857855,0.5687529535255138,0.3992404776891542,-0.08125869739541311,0.5431762106654122
22,6,Enes Kanter,11.8,BOS,C,5600,21.5,26.6,4.755,20.333333333333332,26.659999999999997,28.126229508196726,0.38773772938518186,-0.15932723534949875,0.4417390938369506,0.4652146833761683,0.27815556032123234,-0.7904928369914288,0.30454158117461605
22,7,Chris Boucher,12.8,TOR,PF/C,4100,15.5,18.75,4.550000000000001,16.0,16.85,18.1640625,-0.27909174778470613,-0.7468102049654692,-0.33978079573871817,-0.433644104380534,0.1180109921894656,-0.7209600782075057,-0.2634415424905667
23,0,Patty Mills,17.0,SA,PG/SG,3900,22.0,16.45,4.199999999999999,22.333333333333332,18.85,16.2044776119403,-0.47446853727397276,-0.11037032121483453,-0.4935078477014597,-0.2503905288949677,-0.15540656315745544,-0.4289224913150287,-0.35722114302818286
23,1,Khris Middleton,41.8,MIL,SG/SF,7100,30.0,35.6,5.035,30.666666666666668,34.480000000000004,34.826086956521735,1.152255601299703,0.6729403049397928,0.967334764826959,1.1817361635247332,0.49688960459876846,1.2954899265262643,0.8976491908331928
23,2,Draymond Green,31.5,GS,PG/SF,5900,28.0,29.55,5.01,26.333333333333332,28.889999999999997,31.42025316455696,0.6383296985127193,0.477112648401136,0.7001512447334531,0.6695424200425748,0.47735977921684536,0.5793025110518565,0.4956655499640585
23,3,Dorian Finney-Smith,21.5,DAL,SF/PF,4700,33.5,23.75,5.025,33.333333333333336,21.91,23.86875,0.1456404032789167,1.0156387038824424,0.10774500275426536,0.029987441597948607,0.48907767444599953,-0.11602507678737467,0.07570808816723631
23,4,Jordan Poole,6.8,GS,SG/SF,3300,13.5,9.6,2.8899999999999997,17.333333333333332,11.82,7.476923076923077,-1.056351584231136,-0.9426378615041261,-1.178173889824651,-0.8945268467267334,-1.1787694131702124,-1.1381566309110445,-0.7721599986395287
23,5,Glenn Robinson III,27.3,GS,SG/SF,4700,30.0,21.4,4.535,31.0,22.580000000000002,20.70967741935484,-0.05398370772098616,0.6729403049397928,-0.14008040032881588,0.09137738938561348,0.10629309696031146,0.28726492415937943,-0.03940365433869584
23,6,Dwight Powell,35.5,DAL,C,4900,29.5,24.35,4.975,30.666666666666668,22.389999999999997,23.42364130434783,0.19660826140655158,0.6239833908051287,0.0728267667530983,0.07396829971448424,0.45001802368215327,0.8574335461875489,0.109864198123021
23,7,Semi Ojeleye,11.5,BOS,SF/PF,3000,0.0,6.15,2.04,10.0,5.7299999999999995,0.0,-1.3494167684650358,-2.26447454314006,-1.7647294146050383,-1.452533984080283,-1.8427834761555892,-0.8113526646266058,-1.0172276264607882
24,0,Carsen Edwards,5.0,BOS,PG,3000,0.0,2.15,0.71,6.333333333333333,5.1899999999999995,0.0,-1.6892024893159343,-2.26447454314006,-1.7647294146050383,-1.502012449461386,-2.881770186473885,-1.263315596722106,-1.1595749724833249
24,1,Terry Rozier,39.5,CHA,PG/SG,6700,36.5,35.05,5.245,38.0,34.11,33.666447368421046,1.1055350646827042,1.3093801886904275,0.8763624490552651,1.147834252059903,0.6609401378069204,1.1355645813232413,0.8500448126283301
24,2,Semi Ojeleye,11.5,BOS,SF/PF,3000,0.0,6.15,2.04,10.0,5.7299999999999995,0.0,-1.3494167684650358,-2.26447454314006,-1.7647294146050383,-1.452533984080283,-1.8427834761555892,-0.8113526646266058,-1.0172276264607882
24,3,Trey Lyles,18.8,SA,PF/C,3600,18.5,16.45,4.545,19.333333333333332,15.99,15.74094827586207,-0.47446853727397276,-0.453068720157484,-0.5298711605478393,-0.5124431418393277,0.11410502711308043,-0.303763525503967,-0.40899720062984085
24,4,Alec Burks,38.8,GS,PG/SG,5800,26.0,27.6,4.74,29.333333333333332,29.48,24.46363636363637,0.47268415959790644,0.28128499186247913,0.15441311470587601,0.7236022248108172,0.2664376650920789,1.086891650174495,0.36735291714987117
24,5,Damion Lee,28.5,GS,SG/SF,5600,30.5,28.05,4.984999999999999,30.0,26.290000000000003,28.517500000000002,0.5109100531936325,0.721897219074457,0.47243378820382054,0.43131277191133904,0.45782995383492225,0.3707042347000871,0.37752897789049034
24,6,Derrick Favors,24.8,NO,PF/C,7300,30.5,36.35,4.965,28.666666666666668,32.67,38.67470930232558,1.2159654239592466,0.721897219074457,1.2692545086172728,1.0158916777102955,0.4422060935293843,0.11343302719957166,0.9510482352075232
24,7,Jalen Brunson,7.3,DAL,PG/SG,3200,13.5,11.4,3.58,15.0,13.98,10.26,-0.9034480098482317,-0.9426378615041261,-0.9598448889341734,-0.6966129852023218,-0.6397462326291415,-1.1033902515190828,-0.6812714555051106
25,0,Marcus Smart,19.0,BOS,PG/SG,5600,31.5,27.65,4.945,32.333333333333336,27.869999999999997,26.937371134020612,0.47693148110854244,0.8198110473437855,0.34847459982246937,0.576083096544936,0.4265822332238463,-0.28985697374718244,0.3630205519728592
25,1,Pat Connaughton,17.8,MIL,SG/SF,3300,16.5,14.850000000000001,4.484999999999999,21.0,16.369999999999997,11.667857142857143,-0.6103828256143319,-0.6488963766961409,-0.8494002077800886,-0.4776249624970703,0.0672334461964652,-0.37329628428789013,-0.5160451659827198
25,2,Allen Crabbe,16.5,ATL,SG/SF,3000,11.5,10.4,3.46,16.333333333333332,10.819999999999999,7.3224489795918375,-0.9883944400609563,-1.138465518042783,-1.1902921949473497,-0.9861536344695168,-0.7334893944623713,-0.4636888707069902,-0.7748503783155853
25,3,Grant Williams,9.8,BOS,SF/PF,3500,15.0,9.9,2.8049999999999997,17.666666666666668,9.620000000000001,8.40566037735849,-1.0308676551673186,-0.7957671191001335,-1.1053155777843198,-1.0961057797608562,-1.2451708194687503,-0.929558354559275,-0.7621721032840437
25,4,Lonzo Ball,29.8,NO,PG,7400,35.0,35.95,4.85,33.0,33.71,38.12878787878788,1.1819868518741568,1.162509446286435,1.2264276366837734,1.1111835369627898,0.352368896772539,0.4610968211191872,0.945850968143745
25,5,Wes Iwundu,20.3,ORL,SG/SF,3500,22.5,16.65,4.745,24.333333333333332,12.85,15.395547945205479,-0.4574792512314279,-0.061413407080170325,-0.5569673965426825,-0.8001512553516669,0.27034363016846336,-0.19946438732808236,-0.4355644597751333
25,6,Omari Spellman,21.8,GS,PF/C,4100,20.0,19.85,4.8149999999999995,18.0,18.51,22.055555555555557,-0.18565067455070902,-0.3061979777534914,-0.0344978968915155,-0.281543636727514,0.3250271412378469,-0.09516524915219768,-0.17833145161894037
25,7,Troy Brown Jr.,43.8,WAS,SG/SF,5400,35.5,31.9,5.895,31.0,25.839999999999996,36.53064516129032,0.8379538095126219,1.2114663604210991,1.1010552835524507,0.39008071742708605,1.1687155977369141,1.4345554440941106,0.5808330475309749
26,0,Coby White,20.0,CHI,PG/SG,4300,22.5,20.05,4.685,22.333333333333332,20.91,20.199626865671643,-0.16866138850816415,-0.061413407080170325,-0.18009324613480632,-0.06163934614483455,0.22347204925184816,-0.22032421496325932,-0.14733834161522638
26,1,Matt Thomas,14.5,TOR,SG,3000,15.0,10.35,3.465,12.333333333333334,8.95,12.587837837837837,-0.9926417615715926,-0.7957671191001335,-0.7772288407912106,-1.1574957275485211,-0.7295834293859869,-0.6027543882748364,-0.75987725729244
26,2,Brandon Ingram,61.5,NO,SF/PF,8800,37.0,45.5,5.165,35.0,43.94,48.1,1.9932252604056762,1.358337102825092,2.0086571043782566,2.0485255755714613,0.5984446965847673,2.6652852745695497,1.6009031761831212
26,3,Dorian Finney-Smith,21.5,DAL,SF/PF,4700,33.5,23.75,5.025,33.333333333333336,21.91,23.86875,0.1456404032789167,1.0156387038824424,0.10774500275426536,0.029987441597948607,0.48907767444599953,-0.11602507678737467,0.07570808816723631
26,4,Gary Harris,14.5,DEN,SG,4000,36.0,23.25,5.84,34.333333333333336,22.01,24.378640776699026,0.10316718817255442,1.2604232745557633,0.147745314250108,0.03915012037222705,1.125749981896684,-0.6027543882748364,0.0031280114670709223
26,5,Justin Jackson,15.0,DAL,SF/PF,3300,16.5,11.95,3.63,20.0,12.15,9.858749999999999,-0.8567274732312333,-0.6488963766961409,-0.9913224635857754,-0.8642900067716149,-0.600686581865296,-0.5679880088828749,-0.6692003201265049
26,6,Goga Bitadze,3.3,IND,PF/C,3000,0.0,2.65,0.875,7.333333333333333,6.75,0.0,-1.6467292742095718,-2.26447454314006,-1.7647294146050383,-1.359074660582644,-2.752873338953194,-1.3815212866547752,-1.1290197513213425
26,7,Josh Hart,28.5,NO,SG/SF,4200,29.5,24.25,5.775,27.0,23.630000000000003,26.49537037037037,0.18811361838527899,0.6239833908051287,0.31380017730816284,0.18758551651553587,1.074972435903685,0.3707042347000871,0.08273808032140127
27,0,Jamal Murray,24.8,DEN,PG/SG,7200,34.0,34.95,4.865,34.0,35.17,34.95,1.0970404216614322,1.0645956180171066,0.9770555924316802,1.2449586470672533,0.36408679200169314,0.11343302719957166,0.8825715581055946
27,1,Seth Curry,19.8,DAL,PG/SG,3900,20.5,15.55,4.005,23.666666666666668,17.009999999999998,13.4693661971831,-0.5509203244654247,-0.25724106361882715,-0.7080740127817537,-0.4189838183416891,-0.3077392011364532,-0.23423076672004392,-0.4277252738916732
27,2,JJ Redick,39.5,NO,SG/SF,5100,31.5,25.15,4.949999999999999,28.0,24.110000000000003,28.293749999999996,0.26456540557673097,0.8198110473437855,0.45488087274389255,0.2315663746320718,0.4304881983002301,1.1355645813232413,0.20053205728258527
27,3,Goga Bitadze,3.3,IND,PF/C,3000,0.0,2.65,0.875,7.333333333333333,6.75,0.0,-1.6467292742095718,-2.26447454314006,-1.7647294146050383,-1.359074660582644,-2.752873338953194,-1.3815212866547752,-1.1290197513213425
27,4,Ky Bowman,16.8,GS,PG,3700,21.5,18.3,4.9350000000000005,21.0,17.08,18.735714285714288,-0.31731764138043217,-0.15932723534949875,-0.2949354081759943,-0.4125699431996942,0.4187703030710774,-0.44282904307181326,-0.3017087020416322
27,5,Derrick Jones Jr.,35.3,MIA,SF/PF,4700,23.0,16.5,3.5300000000000002,31.0,19.46,12.241935483870968,-0.4702212157633365,-0.012456492945506114,-0.8043644599043742,-0.19449818837187005,-0.6788058833929871,0.8435269944307641,-0.3295830889547117
27,6,Serge Ibaka,43.8,TOR,PF/C,7800,32.5,39.05,5.02,29.666666666666668,33.07000000000001,42.77949438202246,1.4453207855336025,0.9177248756131139,1.5912699074333223,1.0525423928074094,0.48517170936961435,1.4345554440941106,1.1260101420710278
27,7,Alen Smailagic,14.5,GS,PF/C,3000,0.0,2.0,0.665,12.0,8.72,0.0,-1.7019444538478428,-2.26447454314006,-1.7647294146050383,-1.1785698887293612,-2.916923872161346,-0.6027543882748364,-1.1350476240118361
