Lineup Num,,Player Name,Actual FP,team,Pos,Salary,DFN_MinProj,Avg Proj,Avg Value Proj,Avg Skewed Min,Avg Skewed FP,Proj Min Enhanced,Avg Proj Stan,DFN_MinProj Stan,Proj Min Enhanced Stan,Avg Skewed FP Stan,Avg Value Proj Stan,Actual FP Stan,predictions
0,0,James Harden,79.3,HOU,PG/SG,12000,38.0,69.2,5.785,37.333333333333336,61.21999999999999,70.43571428571428,3.174513536749798,1.3470431759591075,3.095922997342759,2.828586878962266,0.8990960487414575,3.331415588460044,2.4883765487995544
0,1,Kentavious Caldwell-Pope,10.3,LAL,SG/SF,3400,26.5,18.85,5.555,26.0,18.169999999999998,19.212500000000002,-0.2743121070157316,0.33927724827453565,-0.2170162704018674,-0.370568590865827,0.7492173538386209,-0.7651593205486946,-0.28121427692217577
0,2,Eric Gordon,24.0,HOU,SG/SF,5300,33.0,29.200000000000003,5.515000000000001,32.333333333333336,26.78,29.802061855670104,0.4346321911565273,0.9088840769658154,0.4678797438188639,0.26926250309979194,0.7231514938555195,0.048218596167533205,0.29009630878157305
0,3,P.J. Tucker,38.5,HOU,PF/C,4400,37.0,26.2,5.949999999999999,36.666666666666664,23.22,26.43818181818182,0.22914109023703175,1.2594113561604492,0.25031568768572005,0.004709809195308281,1.0066177211717529,0.9090930335679204,0.09495636045312542
0,4,LeBron James,62.3,LAL,PG/SF,10100,35.5,56.95,5.635,35.333333333333336,55.010000000000005,57.218632075471696,2.335424874661859,1.1279636264624615,2.2410881091008172,2.367105915718772,0.8013490738048249,2.322114523921659,1.8518335328391204
0,5,Ben McLemore,26.5,HOU,SG/SF,3400,25.5,20.8,6.1,21.666666666666668,18.86,24.48,-0.14074289141805968,0.25164542847587723,0.12366730122069132,-0.31929292828321637,1.1043646961083855,0.196645223305531,-0.18797316741604864
0,6,LaMarcus Aldridge,14.3,SA,PF/C,6200,32.5,35.3,5.685,33.0,37.4,34.76515151515151,0.8524640963595007,0.8650681670664863,0.7888751138188855,1.058461831545189,0.8339313987837023,-0.5276767171278982,0.6599334041441216
0,7,Derrick Favors,10.8,NO,C,4900,25.0,28.4,5.785,23.666666666666668,28.660000000000004,30.0,0.3798345642446616,0.207829518576548,0.4806816942641701,0.408970105498789,0.8990960487414575,-0.735473995121095,0.26220481438705334
1,0,CJ McCollum,26.5,POR,PG/SG,6300,36.0,34.4,5.44,37.0,35.92,33.47027027027027,0.7908167660836523,1.1717795363617907,0.7051267004665921,0.948479250933213,0.674278006387203,0.196645223305531,0.6126209616100678
1,1,Jrue Holiday,22.8,NO,PG/SG,6900,34.5,38.9,5.640000000000001,34.666666666666664,39.540000000000006,38.71298076923077,1.0990534174628952,1.0403318066638032,1.0442069734175081,1.2174906981057498,0.8046073063027132,-0.02302618485870569,0.8539827541236255
1,2,Ben McLemore,26.5,HOU,SG/SF,3400,25.5,20.8,6.1,21.666666666666668,18.86,24.48,-0.14074289141805968,0.25164542847587723,0.12366730122069132,-0.31929292828321637,1.1043646961083855,0.196645223305531,-0.18797316741604864
1,3,LaMarcus Aldridge,14.3,SA,PF/C,6200,32.5,35.3,5.685,33.0,37.4,34.76515151515151,0.8524640963595007,0.8650681670664863,0.7888751138188855,1.058461831545189,0.8339313987837023,-0.5276767171278982,0.6599334041441216
1,4,LeBron James,62.3,LAL,PG/SF,10100,35.5,56.95,5.635,35.333333333333336,55.010000000000005,57.218632075471696,2.335424874661859,1.1279636264624615,2.2410881091008172,2.367105915718772,0.8013490738048249,2.322114523921659,1.8518335328391204
1,5,Kyle Korver,15.5,MIL,SG/SF,3000,17.5,13.75,4.585,17.666666666666668,13.61,13.620283018867925,-0.6236469785788737,-0.44940912991339027,-0.5787014065044588,-0.709433839237862,0.11712024924839766,-0.4564319361016593,-0.5241537066149069
1,6,Zion Williamson,36.3,NO,PF/C,7100,32.0,41.55,5.835,28.333333333333332,35.089999999999996,46.92705882352941,1.2805705566084493,0.821252257167157,1.575464960911564,0.8867998307251448,0.931678373720335,0.7784776016864822,0.9632267576292763
1,7,Brandon Ingram,48.3,NO,SF/PF,7000,34.5,39.2,5.615,34.666666666666664,40.760000000000005,39.01153846153847,1.119602527554845,1.0403318066638032,1.0635166461181778,1.3081520145561627,0.7883161438132742,1.4909254119488715,0.8800337931830594
2,0,Jrue Holiday,22.8,NO,PG/SG,6900,34.5,38.9,5.640000000000001,34.666666666666664,39.540000000000006,38.71298076923077,1.0990534174628952,1.0403318066638032,1.0442069734175081,1.2174906981057498,0.8046073063027132,-0.02302618485870569,0.8539827541236255
2,1,James Harden,79.3,HOU,PG/SG,12000,38.0,69.2,5.785,37.333333333333336,61.21999999999999,70.43571428571428,3.174513536749798,1.3470431759591075,3.095922997342759,2.828586878962266,0.8990960487414575,3.331415588460044,2.4883765487995544
2,2,Kyle Korver,15.5,MIL,SG/SF,3000,17.5,13.75,4.585,17.666666666666668,13.61,13.620283018867925,-0.6236469785788737,-0.44940912991339027,-0.5787014065044588,-0.709433839237862,0.11712024924839766,-0.4564319361016593,-0.5241537066149069
2,3,LaMarcus Aldridge,14.3,SA,PF/C,6200,32.5,35.3,5.685,33.0,37.4,34.76515151515151,0.8524640963595007,0.8650681670664863,0.7888751138188855,1.058461831545189,0.8339313987837023,-0.5276767171278982,0.6599334041441216
2,4,Devonte' Graham,39.0,CHA,PG,6800,36.0,36.95,5.425,36.0,35.489999999999995,36.95,0.9654842018652235,1.1717795363617907,0.9301835115924634,0.9165248525121653,0.6645033088935395,0.9387783589955199,0.7360693400270977
2,5,Ben McLemore,26.5,HOU,SG/SF,3400,25.5,20.8,6.1,21.666666666666668,18.86,24.48,-0.14074289141805968,0.25164542847587723,0.12366730122069132,-0.31929292828321637,1.1043646961083855,0.196645223305531,-0.18797316741604864
2,6,P.J. Tucker,38.5,HOU,PF/C,4400,37.0,26.2,5.949999999999999,36.666666666666664,23.22,26.43818181818182,0.22914109023703175,1.2594113561604492,0.25031568768572005,0.004709809195308281,1.0066177211717529,0.9090930335679204,0.09495636045312542
2,7,Zion Williamson,36.3,NO,PF/C,7100,32.0,41.55,5.835,28.333333333333332,35.089999999999996,46.92705882352941,1.2805705566084493,0.821252257167157,1.575464960911564,0.8867998307251448,0.931678373720335,0.7784776016864822,0.9632267576292763
3,0,Lonzo Ball,36.0,NO,PG,6700,35.0,36.55,5.455,34.0,34.470000000000006,37.625,0.9380853884092905,1.0841477165631324,0.9738401629157147,0.8407260469552635,0.6840527038808661,0.7606664064299226,0.7126754871275385
3,1,Ben McLemore,26.5,HOU,SG/SF,3400,25.5,20.8,6.1,21.666666666666668,18.86,24.48,-0.14074289141805968,0.25164542847587723,0.12366730122069132,-0.31929292828321637,1.1043646961083855,0.196645223305531,-0.18797316741604864
3,2,Brandon Ingram,48.3,NO,SF/PF,7000,34.5,39.2,5.615,34.666666666666664,40.760000000000005,39.01153846153847,1.119602527554845,1.0403318066638032,1.0635166461181778,1.3081520145561627,0.7883161438132742,1.4909254119488715,0.8800337931830594
3,3,Zion Williamson,36.3,NO,PF/C,7100,32.0,41.55,5.835,28.333333333333332,35.089999999999996,46.92705882352941,1.2805705566084493,0.821252257167157,1.575464960911564,0.8867998307251448,0.931678373720335,0.7784776016864822,0.9632267576292763
3,4,Rajon Rondo,24.5,LAL,PG,4100,20.0,20.15,4.91,20.0,20.65,20.15,-0.18526596328395048,-0.23032958041674417,-0.15638203245290722,-0.18627345578629917,0.32890536161110145,0.07790392159513276,-0.17124844210893042
3,5,Eric Gordon,24.0,HOU,SG/SF,5300,33.0,29.200000000000003,5.515000000000001,32.333333333333336,26.78,29.802061855670104,0.4346321911565273,0.9088840769658154,0.4678797438188639,0.26926250309979194,0.7231514938555195,0.048218596167533205,0.29009630878157305
3,6,P.J. Tucker,38.5,HOU,PF/C,4400,37.0,26.2,5.949999999999999,36.666666666666664,23.22,26.43818181818182,0.22914109023703175,1.2594113561604492,0.25031568768572005,0.004709809195308281,1.0066177211717529,0.9090930335679204,0.09495636045312542
3,7,James Harden,79.3,HOU,PG/SG,12000,38.0,69.2,5.785,37.333333333333336,61.21999999999999,70.43571428571428,3.174513536749798,1.3470431759591075,3.095922997342759,2.828586878962266,0.8990960487414575,3.331415588460044,2.4883765487995544
4,0,Donte DiVincenzo,24.8,MIL,PG/SG,4200,24.5,23.35,5.54,23.0,23.330000000000002,24.872826086956522,0.03392454436351137,0.16401360867721876,0.14907392567837743,0.012884190186739171,0.7394426563449578,0.09571511685169254,-0.014676321737126316
4,1,James Harden,79.3,HOU,PG/SG,12000,38.0,69.2,5.785,37.333333333333336,61.21999999999999,70.43571428571428,3.174513536749798,1.3470431759591075,3.095922997342759,2.828586878962266,0.8990960487414575,3.331415588460044,2.4883765487995544
4,2,LeBron James,62.3,LAL,PG/SF,10100,35.5,56.95,5.635,35.333333333333336,55.010000000000005,57.218632075471696,2.335424874661859,1.1279636264624615,2.2410881091008172,2.367105915718772,0.8013490738048249,2.322114523921659,1.8518335328391204
4,3,Brandon Ingram,48.3,NO,SF/PF,7000,34.5,39.2,5.615,34.666666666666664,40.760000000000005,39.01153846153847,1.119602527554845,1.0403318066638032,1.0635166461181778,1.3081520145561627,0.7883161438132742,1.4909254119488715,0.8800337931830594
4,4,Ben McLemore,26.5,HOU,SG/SF,3400,25.5,20.8,6.1,21.666666666666668,18.86,24.48,-0.14074289141805968,0.25164542847587723,0.12366730122069132,-0.31929292828321637,1.1043646961083855,0.196645223305531,-0.18797316741604864
4,5,Kyle Korver,15.5,MIL,SG/SF,3000,17.5,13.75,4.585,17.666666666666668,13.61,13.620283018867925,-0.6236469785788737,-0.44940912991339027,-0.5787014065044588,-0.709433839237862,0.11712024924839766,-0.4564319361016593,-0.5241537066149069
4,6,LaMarcus Aldridge,14.3,SA,PF/C,6200,32.5,35.3,5.685,33.0,37.4,34.76515151515151,0.8524640963595007,0.8650681670664863,0.7888751138188855,1.058461831545189,0.8339313987837023,-0.5276767171278982,0.6599334041441216
4,7,Kyle Kuzma,40.5,LAL,SF/PF,4000,24.0,21.450000000000003,5.355,24.666666666666668,21.69,20.87027027027027,-0.09621981955216889,0.12019769877788955,-0.10979745756743549,-0.10898839914004539,0.6188880539231113,1.0278343352783186,-0.12293170230236897
5,0,LeBron James,62.3,LAL,PG/SF,10100,35.5,56.95,5.635,35.333333333333336,55.010000000000005,57.218632075471696,2.335424874661859,1.1279636264624615,2.2410881091008172,2.367105915718772,0.8013490738048249,2.322114523921659,1.8518335328391204
5,1,Eric Gordon,24.0,HOU,SG/SF,5300,33.0,29.200000000000003,5.515000000000001,32.333333333333336,26.78,29.802061855670104,0.4346321911565273,0.9088840769658154,0.4678797438188639,0.26926250309979194,0.7231514938555195,0.048218596167533205,0.29009630878157305
5,2,Ben McLemore,26.5,HOU,SG/SF,3400,25.5,20.8,6.1,21.666666666666668,18.86,24.48,-0.14074289141805968,0.25164542847587723,0.12366730122069132,-0.31929292828321637,1.1043646961083855,0.196645223305531,-0.18797316741604864
5,3,P.J. Tucker,38.5,HOU,PF/C,4400,37.0,26.2,5.949999999999999,36.666666666666664,23.22,26.43818181818182,0.22914109023703175,1.2594113561604492,0.25031568768572005,0.004709809195308281,1.0066177211717529,0.9090930335679204,0.09495636045312542
5,4,James Harden,79.3,HOU,PG/SG,12000,38.0,69.2,5.785,37.333333333333336,61.21999999999999,70.43571428571428,3.174513536749798,1.3470431759591075,3.095922997342759,2.828586878962266,0.8990960487414575,3.331415588460044,2.4883765487995544
5,5,Kyle Kuzma,40.5,LAL,SF/PF,4000,24.0,21.450000000000003,5.355,24.666666666666668,21.69,20.87027027027027,-0.09621981955216889,0.12019769877788955,-0.10979745756743549,-0.10898839914004539,0.6188880539231113,1.0278343352783186,-0.12293170230236897
5,6,JaVale McGee,22.3,LAL,C,3500,16.0,18.5,5.295,16.333333333333332,19.580000000000002,18.122448979591837,-0.2982860687896728,-0.5808568596113779,-0.2875169775463322,-0.2657878890665791,0.579789263948458,-0.052711510286305246,-0.2780604721412101
5,7,Brandon Ingram,48.3,NO,SF/PF,7000,34.5,39.2,5.615,34.666666666666664,40.760000000000005,39.01153846153847,1.119602527554845,1.0403318066638032,1.0635166461181778,1.3081520145561627,0.7883161438132742,1.4909254119488715,0.8800337931830594
6,0,Malik Beasley,23.0,DEN,PG/SG,3300,18.0,15.65,4.725,22.333333333333332,15.569999999999999,12.613432835820898,-0.49350261466319334,-0.40559322001406106,-0.643820972987475,-0.563781232481461,0.20835075918925441,-0.01115205468766591,-0.4385393876075834
6,1,CJ McCollum,26.5,POR,PG/SG,6300,36.0,34.4,5.44,37.0,35.92,33.47027027027027,0.7908167660836523,1.1717795363617907,0.7051267004665921,0.948479250933213,0.674278006387203,0.196645223305531,0.6126209616100678
6,2,Ben McLemore,26.5,HOU,SG/SF,3400,25.5,20.8,6.1,21.666666666666668,18.86,24.48,-0.14074289141805968,0.25164542847587723,0.12366730122069132,-0.31929292828321637,1.1043646961083855,0.196645223305531,-0.18797316741604864
6,3,Brandon Ingram,48.3,NO,SF/PF,7000,34.5,39.2,5.615,34.666666666666664,40.760000000000005,39.01153846153847,1.119602527554845,1.0403318066638032,1.0635166461181778,1.3081520145561627,0.7883161438132742,1.4909254119488715,0.8800337931830594
6,4,James Harden,79.3,HOU,PG/SG,12000,38.0,69.2,5.785,37.333333333333336,61.21999999999999,70.43571428571428,3.174513536749798,1.3470431759591075,3.095922997342759,2.828586878962266,0.8990960487414575,3.331415588460044,2.4883765487995544
6,5,P.J. Tucker,38.5,HOU,PF/C,4400,37.0,26.2,5.949999999999999,36.666666666666664,23.22,26.43818181818182,0.22914109023703175,1.2594113561604492,0.25031568768572005,0.004709809195308281,1.0066177211717529,0.9090930335679204,0.09495636045312542
6,6,LaMarcus Aldridge,14.3,SA,PF/C,6200,32.5,35.3,5.685,33.0,37.4,34.76515151515151,0.8524640963595007,0.8650681670664863,0.7888751138188855,1.058461831545189,0.8339313987837023,-0.5276767171278982,0.6599334041441216
6,7,Jrue Holiday,22.8,NO,PG/SG,6900,34.5,38.9,5.640000000000001,34.666666666666664,39.540000000000006,38.71298076923077,1.0990534174628952,1.0403318066638032,1.0442069734175081,1.2174906981057498,0.8046073063027132,-0.02302618485870569,0.8539827541236255
7,0,LeBron James,62.3,LAL,PG/SF,10100,35.5,56.95,5.635,35.333333333333336,55.010000000000005,57.218632075471696,2.335424874661859,1.1279636264624615,2.2410881091008172,2.367105915718772,0.8013490738048249,2.322114523921659,1.8518335328391204
7,1,James Harden,79.3,HOU,PG/SG,12000,38.0,69.2,5.785,37.333333333333336,61.21999999999999,70.43571428571428,3.174513536749798,1.3470431759591075,3.095922997342759,2.828586878962266,0.8990960487414575,3.331415588460044,2.4883765487995544
7,2,Ben McLemore,26.5,HOU,SG/SF,3400,25.5,20.8,6.1,21.666666666666668,18.86,24.48,-0.14074289141805968,0.25164542847587723,0.12366730122069132,-0.31929292828321637,1.1043646961083855,0.196645223305531,-0.18797316741604864
7,3,Rudy Gay,6.3,SA,SF/PF,3600,16.0,15.9,4.41,19.666666666666668,19.54,12.935593220338983,-0.4763783562532354,-0.5808568596113779,-0.6229847602807036,-0.26876039124528134,0.0030821118223265435,-1.002641923969491,-0.377684101322062
7,4,Gary Harris,6.5,DEN,SG,3800,30.5,20.35,5.365,28.666666666666668,20.23,21.65145348837209,-0.17156655655598393,0.6898045274691693,-0.059273245164107105,-0.21748472866267068,0.6254045189188867,-0.9907677937984513,-0.17834698791864673
7,5,Eric Gordon,24.0,HOU,SG/SF,5300,33.0,29.200000000000003,5.515000000000001,32.333333333333336,26.78,29.802061855670104,0.4346321911565273,0.9088840769658154,0.4678797438188639,0.26926250309979194,0.7231514938555195,0.048218596167533205,0.29009630878157305
7,6,Zion Williamson,36.3,NO,PF/C,7100,32.0,41.55,5.835,28.333333333333332,35.089999999999996,46.92705882352941,1.2805705566084493,0.821252257167157,1.575464960911564,0.8867998307251448,0.931678373720335,0.7784776016864822,0.9632267576292763
7,7,P.J. Tucker,38.5,HOU,PF/C,4400,37.0,26.2,5.949999999999999,36.666666666666664,23.22,26.43818181818182,0.22914109023703175,1.2594113561604492,0.25031568768572005,0.004709809195308281,1.0066177211717529,0.9090930335679204,0.09495636045312542
8,0,CJ McCollum,26.5,POR,PG/SG,6300,36.0,34.4,5.44,37.0,35.92,33.47027027027027,0.7908167660836523,1.1717795363617907,0.7051267004665921,0.948479250933213,0.674278006387203,0.196645223305531,0.6126209616100678
8,1,Jrue Holiday,22.8,NO,PG/SG,6900,34.5,38.9,5.640000000000001,34.666666666666664,39.540000000000006,38.71298076923077,1.0990534174628952,1.0403318066638032,1.0442069734175081,1.2174906981057498,0.8046073063027132,-0.02302618485870569,0.8539827541236255
8,2,Josh Hart,31.3,NO,SG/SF,4700,27.5,22.9,4.875,28.333333333333332,25.52,22.226470588235294,0.0031008792255868747,0.42690906807319406,-0.022083139929092097,0.17562868447067687,0.30609773412588714,0.48162434741048676,8.858482078908004e-05
8,3,LaMarcus Aldridge,14.3,SA,PF/C,6200,32.5,35.3,5.685,33.0,37.4,34.76515151515151,0.8524640963595007,0.8650681670664863,0.7888751138188855,1.058461831545189,0.8339313987837023,-0.5276767171278982,0.6599334041441216
8,4,Donte DiVincenzo,24.8,MIL,PG/SG,4200,24.5,23.35,5.54,23.0,23.330000000000002,24.872826086956522,0.03392454436351137,0.16401360867721876,0.14907392567837743,0.012884190186739171,0.7394426563449578,0.09571511685169254,-0.014676321737126316
8,5,LeBron James,62.3,LAL,PG/SF,10100,35.5,56.95,5.635,35.333333333333336,55.010000000000005,57.218632075471696,2.335424874661859,1.1279636264624615,2.2410881091008172,2.367105915718772,0.8013490738048249,2.322114523921659,1.8518335328391204
8,6,P.J. Tucker,38.5,HOU,PF/C,4400,37.0,26.2,5.949999999999999,36.666666666666664,23.22,26.43818181818182,0.22914109023703175,1.2594113561604492,0.25031568768572005,0.004709809195308281,1.0066177211717529,0.9090930335679204,0.09495636045312542
8,7,Brandon Ingram,48.3,NO,SF/PF,7000,34.5,39.2,5.615,34.666666666666664,40.760000000000005,39.01153846153847,1.119602527554845,1.0403318066638032,1.0635166461181778,1.3081520145561627,0.7883161438132742,1.4909254119488715,0.8800337931830594
9,0,CJ McCollum,26.5,POR,PG/SG,6300,36.0,34.4,5.44,37.0,35.92,33.47027027027027,0.7908167660836523,1.1717795363617907,0.7051267004665921,0.948479250933213,0.674278006387203,0.196645223305531,0.6126209616100678
9,1,James Harden,79.3,HOU,PG/SG,12000,38.0,69.2,5.785,37.333333333333336,61.21999999999999,70.43571428571428,3.174513536749798,1.3470431759591075,3.095922997342759,2.828586878962266,0.8990960487414575,3.331415588460044,2.4883765487995544
9,2,Ben McLemore,26.5,HOU,SG/SF,3400,25.5,20.8,6.1,21.666666666666668,18.86,24.48,-0.14074289141805968,0.25164542847587723,0.12366730122069132,-0.31929292828321637,1.1043646961083855,0.196645223305531,-0.18797316741604864
9,3,Brandon Ingram,48.3,NO,SF/PF,7000,34.5,39.2,5.615,34.666666666666664,40.760000000000005,39.01153846153847,1.119602527554845,1.0403318066638032,1.0635166461181778,1.3081520145561627,0.7883161438132742,1.4909254119488715,0.8800337931830594
9,4,Jrue Holiday,22.8,NO,PG/SG,6900,34.5,38.9,5.640000000000001,34.666666666666664,39.540000000000006,38.71298076923077,1.0990534174628952,1.0403318066638032,1.0442069734175081,1.2174906981057498,0.8046073063027132,-0.02302618485870569,0.8539827541236255
9,5,LaMarcus Aldridge,14.3,SA,PF/C,6200,32.5,35.3,5.685,33.0,37.4,34.76515151515151,0.8524640963595007,0.8650681670664863,0.7888751138188855,1.058461831545189,0.8339313987837023,-0.5276767171278982,0.6599334041441216
9,6,P.J. Tucker,38.5,HOU,PF/C,4400,37.0,26.2,5.949999999999999,36.666666666666664,23.22,26.43818181818182,0.22914109023703175,1.2594113561604492,0.25031568768572005,0.004709809195308281,1.0066177211717529,0.9090930335679204,0.09495636045312542
9,7,Thabo Sefolosha,16.0,HOU,SF/PF,3200,19.5,15.15,4.73,14.333333333333334,10.09,20.611046511627908,-0.5277511314831093,-0.2741454903160734,-0.12656314830188345,-0.9710140309636432,0.21160899168714267,-0.4267466106740597,-0.4640495165057672
10,0,Malik Monk,28.0,CHA,PG/SG,4300,25.0,23.35,5.43,25.333333333333332,20.410000000000004,23.04276315789474,0.03392454436351137,0.207829518576548,0.030711823169253673,-0.20410846885851117,0.6677615413914271,0.2857011995883297,-0.04543284033665708
10,1,CJ McCollum,26.5,POR,PG/SG,6300,36.0,34.4,5.44,37.0,35.92,33.47027027027027,0.7908167660836523,1.1717795363617907,0.7051267004665921,0.948479250933213,0.674278006387203,0.196645223305531,0.6126209616100678
10,2,Brandon Ingram,48.3,NO,SF/PF,7000,34.5,39.2,5.615,34.666666666666664,40.760000000000005,39.01153846153847,1.119602527554845,1.0403318066638032,1.0635166461181778,1.3081520145561627,0.7883161438132742,1.4909254119488715,0.8800337931830594
10,3,Thabo Sefolosha,16.0,HOU,SF/PF,3200,19.5,15.15,4.73,14.333333333333334,10.09,20.611046511627908,-0.5277511314831093,-0.2741454903160734,-0.12656314830188345,-0.9710140309636432,0.21160899168714267,-0.4267466106740597,-0.4640495165057672
10,4,Ben McLemore,26.5,HOU,SG/SF,3400,25.5,20.8,6.1,21.666666666666668,18.86,24.48,-0.14074289141805968,0.25164542847587723,0.12366730122069132,-0.31929292828321637,1.1043646961083855,0.196645223305531,-0.18797316741604864
10,5,LaMarcus Aldridge,14.3,SA,PF/C,6200,32.5,35.3,5.685,33.0,37.4,34.76515151515151,0.8524640963595007,0.8650681670664863,0.7888751138188855,1.058461831545189,0.8339313987837023,-0.5276767171278982,0.6599334041441216
10,6,Zion Williamson,36.3,NO,PF/C,7100,32.0,41.55,5.835,28.333333333333332,35.089999999999996,46.92705882352941,1.2805705566084493,0.821252257167157,1.575464960911564,0.8867998307251448,0.931678373720335,0.7784776016864822,0.9632267576292763
10,7,James Harden,79.3,HOU,PG/SG,12000,38.0,69.2,5.785,37.333333333333336,61.21999999999999,70.43571428571428,3.174513536749798,1.3470431759591075,3.095922997342759,2.828586878962266,0.8990960487414575,3.331415588460044,2.4883765487995544
11,0,James Harden,79.3,HOU,PG/SG,12000,38.0,69.2,5.785,37.333333333333336,61.21999999999999,70.43571428571428,3.174513536749798,1.3470431759591075,3.095922997342759,2.828586878962266,0.8990960487414575,3.331415588460044,2.4883765487995544
11,1,Malik Beasley,23.0,DEN,PG/SG,3300,18.0,15.65,4.725,22.333333333333332,15.569999999999999,12.613432835820898,-0.49350261466319334,-0.40559322001406106,-0.643820972987475,-0.563781232481461,0.20835075918925441,-0.01115205468766591,-0.4385393876075834
11,2,LeBron James,62.3,LAL,PG/SF,10100,35.5,56.95,5.635,35.333333333333336,55.010000000000005,57.218632075471696,2.335424874661859,1.1279636264624615,2.2410881091008172,2.367105915718772,0.8013490738048249,2.322114523921659,1.8518335328391204
11,3,LaMarcus Aldridge,14.3,SA,PF/C,6200,32.5,35.3,5.685,33.0,37.4,34.76515151515151,0.8524640963595007,0.8650681670664863,0.7888751138188855,1.058461831545189,0.8339313987837023,-0.5276767171278982,0.6599334041441216
11,4,Lonnie Walker IV,17.3,SA,SG/SF,3200,17.5,13.850000000000001,4.3,16.666666666666668,11.15,14.5425,-0.6167972752148905,-0.44940912991339027,-0.519055621038289,-0.8922427232280387,-0.06859900313120415,-0.34956476456230084,-0.523943267894371
11,5,P.J. Tucker,38.5,HOU,PF/C,4400,37.0,26.2,5.949999999999999,36.666666666666664,23.22,26.43818181818182,0.22914109023703175,1.2594113561604492,0.25031568768572005,0.004709809195308281,1.0066177211717529,0.9090930335679204,0.09495636045312542
11,6,Zion Williamson,36.3,NO,PF/C,7100,32.0,41.55,5.835,28.333333333333332,35.089999999999996,46.92705882352941,1.2805705566084493,0.821252257167157,1.575464960911564,0.8867998307251448,0.931678373720335,0.7784776016864822,0.9632267576292763
11,7,Kentavious Caldwell-Pope,10.3,LAL,SG/SF,3400,26.5,18.85,5.555,26.0,18.169999999999998,19.212500000000002,-0.2743121070157316,0.33927724827453565,-0.2170162704018674,-0.370568590865827,0.7492173538386209,-0.7651593205486946,-0.28121427692217577
12,0,James Harden,79.3,HOU,PG/SG,12000,38.0,69.2,5.785,37.333333333333336,61.21999999999999,70.43571428571428,3.174513536749798,1.3470431759591075,3.095922997342759,2.828586878962266,0.8990960487414575,3.331415588460044,2.4883765487995544
12,1,Cody Martin,19.3,CHA,SG/SF,3500,27.5,18.4,5.245,21.666666666666668,14.339999999999998,23.353846153846153,-0.30513577215365606,0.42690906807319406,0.050831588927540014,-0.6551856744765494,0.5472069389695806,-0.23082346285190258,-0.29748708098401494
12,2,Ben McLemore,26.5,HOU,SG/SF,3400,25.5,20.8,6.1,21.666666666666668,18.86,24.48,-0.14074289141805968,0.25164542847587723,0.12366730122069132,-0.31929292828321637,1.1043646961083855,0.196645223305531,-0.18797316741604864
12,3,Brandon Ingram,48.3,NO,SF/PF,7000,34.5,39.2,5.615,34.666666666666664,40.760000000000005,39.01153846153847,1.119602527554845,1.0403318066638032,1.0635166461181778,1.3081520145561627,0.7883161438132742,1.4909254119488715,0.8800337931830594
12,4,Kentavious Caldwell-Pope,10.3,LAL,SG/SF,3400,26.5,18.85,5.555,26.0,18.169999999999998,19.212500000000002,-0.2743121070157316,0.33927724827453565,-0.2170162704018674,-0.370568590865827,0.7492173538386209,-0.7651593205486946,-0.28121427692217577
12,5,P.J. Tucker,38.5,HOU,PF/C,4400,37.0,26.2,5.949999999999999,36.666666666666664,23.22,26.43818181818182,0.22914109023703175,1.2594113561604492,0.25031568768572005,0.004709809195308281,1.0066177211717529,0.9090930335679204,0.09495636045312542
12,6,Zion Williamson,36.3,NO,PF/C,7100,32.0,41.55,5.835,28.333333333333332,35.089999999999996,46.92705882352941,1.2805705566084493,0.821252257167157,1.575464960911564,0.8867998307251448,0.931678373720335,0.7784776016864822,0.9632267576292763
12,7,Jrue Holiday,22.8,NO,PG/SG,6900,34.5,38.9,5.640000000000001,34.666666666666664,39.540000000000006,38.71298076923077,1.0990534174628952,1.0403318066638032,1.0442069734175081,1.2174906981057498,0.8046073063027132,-0.02302618485870569,0.8539827541236255
13,0,James Harden,79.3,HOU,PG/SG,12000,38.0,69.2,5.785,37.333333333333336,61.21999999999999,70.43571428571428,3.174513536749798,1.3470431759591075,3.095922997342759,2.828586878962266,0.8990960487414575,3.331415588460044,2.4883765487995544
13,1,Donte DiVincenzo,24.8,MIL,PG/SG,4200,24.5,23.35,5.54,23.0,23.330000000000002,24.872826086956522,0.03392454436351137,0.16401360867721876,0.14907392567837743,0.012884190186739171,0.7394426563449578,0.09571511685169254,-0.014676321737126316
13,2,Brandon Ingram,48.3,NO,SF/PF,7000,34.5,39.2,5.615,34.666666666666664,40.760000000000005,39.01153846153847,1.119602527554845,1.0403318066638032,1.0635166461181778,1.3081520145561627,0.7883161438132742,1.4909254119488715,0.8800337931830594
13,3,Jerami Grant,30.5,DEN,PF/C,5700,34.5,29.6,5.2,33.666666666666664,24.9,30.332673267326737,0.46203100461245994,1.0403318066638032,0.5021978436512075,0.12955490070079484,0.517882846488591,0.43412782672632744,0.3071775527719325
13,4,Bryn Forbes,25.5,SA,PG/SG,3300,24.5,16.15,4.91,22.333333333333332,16.810000000000002,17.71679104477612,-0.45925409784327753,0.16401360867721876,-0.31375352127486567,-0.4716336649416968,0.32890536161110145,0.13727457245033187,-0.3868792132951471
13,5,Kyle Kuzma,40.5,LAL,SF/PF,4000,24.0,21.450000000000003,5.355,24.666666666666668,21.69,20.87027027027027,-0.09621981955216889,0.12019769877788955,-0.10979745756743549,-0.10898839914004539,0.6188880539231113,1.0278343352783186,-0.12293170230236897
13,6,Zion Williamson,36.3,NO,PF/C,7100,32.0,41.55,5.835,28.333333333333332,35.089999999999996,46.92705882352941,1.2805705566084493,0.821252257167157,1.575464960911564,0.8867998307251448,0.931678373720335,0.7784776016864822,0.9632267576292763
13,7,Eric Gordon,24.0,HOU,SG/SF,5300,33.0,29.200000000000003,5.515000000000001,32.333333333333336,26.78,29.802061855670104,0.4346321911565273,0.9088840769658154,0.4678797438188639,0.26926250309979194,0.7231514938555195,0.048218596167533205,0.29009630878157305
14,0,CJ McCollum,26.5,POR,PG/SG,6300,36.0,34.4,5.44,37.0,35.92,33.47027027027027,0.7908167660836523,1.1717795363617907,0.7051267004665921,0.948479250933213,0.674278006387203,0.196645223305531,0.6126209616100678
14,1,Jrue Holiday,22.8,NO,PG/SG,6900,34.5,38.9,5.640000000000001,34.666666666666664,39.540000000000006,38.71298076923077,1.0990534174628952,1.0403318066638032,1.0442069734175081,1.2174906981057498,0.8046073063027132,-0.02302618485870569,0.8539827541236255
14,2,JJ Redick,19.8,NO,SG/SF,3700,19.0,17.1,4.615,24.333333333333332,22.080000000000002,13.35205479452055,-0.39418191588543716,-0.3179614002154026,-0.5960494747494783,-0.08000650289770024,0.1366696442357243,-0.20113813742430303,-0.31160321366397825
14,3,Kyle Kuzma,40.5,LAL,SF/PF,4000,24.0,21.450000000000003,5.355,24.666666666666668,21.69,20.87027027027027,-0.09621981955216889,0.12019769877788955,-0.10979745756743549,-0.10898839914004539,0.6188880539231113,1.0278343352783186,-0.12293170230236897
14,4,James Harden,79.3,HOU,PG/SG,12000,38.0,69.2,5.785,37.333333333333336,61.21999999999999,70.43571428571428,3.174513536749798,1.3470431759591075,3.095922997342759,2.828586878962266,0.8990960487414575,3.331415588460044,2.4883765487995544
14,5,Zion Williamson,36.3,NO,PF/C,7100,32.0,41.55,5.835,28.333333333333332,35.089999999999996,46.92705882352941,1.2805705566084493,0.821252257167157,1.575464960911564,0.8867998307251448,0.931678373720335,0.7784776016864822,0.9632267576292763
14,6,P.J. Tucker,38.5,HOU,PF/C,4400,37.0,26.2,5.949999999999999,36.666666666666664,23.22,26.43818181818182,0.22914109023703175,1.2594113561604492,0.25031568768572005,0.004709809195308281,1.0066177211717529,0.9090930335679204,0.09495636045312542
14,7,Ben McLemore,26.5,HOU,SG/SF,3400,25.5,20.8,6.1,21.666666666666668,18.86,24.48,-0.14074289141805968,0.25164542847587723,0.12366730122069132,-0.31929292828321637,1.1043646961083855,0.196645223305531,-0.18797316741604864
15,0,Will Barton,25.8,DEN,PG/SF,6500,33.5,31.9,4.890000000000001,33.666666666666664,32.959999999999994,31.742079207920796,0.6195741819840728,0.9526999868651447,0.5933533158311098,0.7285140897092598,0.31587243161955075,0.15508576770689164,0.4959670787485485
15,1,Jrue Holiday,22.8,NO,PG/SG,6900,34.5,38.9,5.640000000000001,34.666666666666664,39.540000000000006,38.71298076923077,1.0990534174628952,1.0403318066638032,1.0442069734175081,1.2174906981057498,0.8046073063027132,-0.02302618485870569,0.8539827541236255
15,2,Jarred Vanderbilt,8.3,DEN,SF/PF,3000,0.0,2.25,0.75,4.333333333333333,2.5100000000000002,0.0,-1.411362865436939,-1.9829659763899128,-1.4596139201025626,-1.5343031938276839,-2.381944076631506,-0.8839006222590928,-1.012574191756048
15,3,Brandon Ingram,48.3,NO,SF/PF,7000,34.5,39.2,5.615,34.666666666666664,40.760000000000005,39.01153846153847,1.119602527554845,1.0403318066638032,1.0635166461181778,1.3081520145561627,0.7883161438132742,1.4909254119488715,0.8800337931830594
15,4,Kyle Korver,15.5,MIL,SG/SF,3000,17.5,13.75,4.585,17.666666666666668,13.61,13.620283018867925,-0.6236469785788737,-0.44940912991339027,-0.5787014065044588,-0.709433839237862,0.11712024924839766,-0.4564319361016593,-0.5241537066149069
15,5,Zion Williamson,36.3,NO,PF/C,7100,32.0,41.55,5.835,28.333333333333332,35.089999999999996,46.92705882352941,1.2805705566084493,0.821252257167157,1.575464960911564,0.8867998307251448,0.931678373720335,0.7784776016864822,0.9632267576292763
15,6,P.J. Tucker,38.5,HOU,PF/C,4400,37.0,26.2,5.949999999999999,36.666666666666664,23.22,26.43818181818182,0.22914109023703175,1.2594113561604492,0.25031568768572005,0.004709809195308281,1.0066177211717529,0.9090930335679204,0.09495636045312542
15,7,James Harden,79.3,HOU,PG/SG,12000,38.0,69.2,5.785,37.333333333333336,61.21999999999999,70.43571428571428,3.174513536749798,1.3470431759591075,3.095922997342759,2.828586878962266,0.8990960487414575,3.331415588460044,2.4883765487995544
16,0,CJ McCollum,26.5,POR,PG/SG,6300,36.0,34.4,5.44,37.0,35.92,33.47027027027027,0.7908167660836523,1.1717795363617907,0.7051267004665921,0.948479250933213,0.674278006387203,0.196645223305531,0.6126209616100678
16,1,Patty Mills,5.0,SA,PG/SG,4000,22.5,17.95,4.5,23.0,20.930000000000003,17.559782608695652,-0.33595943729158034,-0.011250030920098093,-0.32390828060638266,-0.1654659405353844,0.06173029678430594,-1.0798237700812499,-0.2578242535177674
16,2,Kentavious Caldwell-Pope,10.3,LAL,SG/SF,3400,26.5,18.85,5.555,26.0,18.169999999999998,19.212500000000002,-0.2743121070157316,0.33927724827453565,-0.2170162704018674,-0.370568590865827,0.7492173538386209,-0.7651593205486946,-0.28121427692217577
16,3,Juancho Hernangomez,25.3,DEN,SF/PF,3100,13.5,10.35,3.365,13.333333333333334,8.79,10.479375,-0.8565368929543017,-0.799936409108024,-0.7818444083090834,-1.0676203517714604,-0.6778884802362131,0.1254004422792921,-0.6734145331032559
16,4,LeBron James,62.3,LAL,PG/SF,10100,35.5,56.95,5.635,35.333333333333336,55.010000000000005,57.218632075471696,2.335424874661859,1.1279636264624615,2.2410881091008172,2.367105915718772,0.8013490738048249,2.322114523921659,1.8518335328391204
16,5,DeMar DeRozan,48.8,SA,SG/SF,7700,35.0,38.599999999999994,5.035,34.666666666666664,40.16,38.97115384615384,1.0785043073709453,1.0841477165631324,1.0609047097142215,1.263564481875631,0.4103611740582952,1.520610737376471,0.8746401894734377
16,6,LaMarcus Aldridge,14.3,SA,PF/C,6200,32.5,35.3,5.685,33.0,37.4,34.76515151515151,0.8524640963595007,0.8650681670664863,0.7888751138188855,1.058461831545189,0.8339313987837023,-0.5276767171278982,0.6599334041441216
16,7,Zion Williamson,36.3,NO,PF/C,7100,32.0,41.55,5.835,28.333333333333332,35.089999999999996,46.92705882352941,1.2805705566084493,0.821252257167157,1.575464960911564,0.8867998307251448,0.931678373720335,0.7784776016864822,0.9632267576292763
17,0,Terry Rozier,32.8,CHA,PG/SG,6400,35.5,34.65,5.425,35.333333333333336,32.95,34.81344339622641,0.8079410244936102,1.1279636264624615,0.7919984646541907,0.727770964164585,0.6645033088935395,0.5706803236932853,0.6051885311842392
17,1,Anfernee Simons,12.8,POR,PG/SG,3100,17.0,12.45,4.025,20.0,13.430000000000001,10.5825,-0.7126931223106551,-0.4932250398127195,-0.7751746421346977,-0.7228100990420211,-0.24780179051503,-0.6167326934106968,-0.5726471783013064
17,2,Danny Green,21.3,LAL,SF,3800,24.0,18.4,4.82,23.333333333333332,18.5,18.925714285714285,-0.30513577215365606,0.12019769877788955,-0.23556457252492097,-0.34604544789153485,0.2702571766491221,-0.11208216114150436,-0.26666571005986567
17,3,P.J. Tucker,38.5,HOU,PF/C,4400,37.0,26.2,5.949999999999999,36.666666666666664,23.22,26.43818181818182,0.22914109023703175,1.2594113561604492,0.25031568768572005,0.004709809195308281,1.0066177211717529,0.9090930335679204,0.09495636045312542
17,4,Ben McLemore,26.5,HOU,SG/SF,3400,25.5,20.8,6.1,21.666666666666668,18.86,24.48,-0.14074289141805968,0.25164542847587723,0.12366730122069132,-0.31929292828321637,1.1043646961083855,0.196645223305531,-0.18797316741604864
17,5,Will Barton,25.8,DEN,PG/SF,6500,33.5,31.9,4.890000000000001,33.666666666666664,32.959999999999994,31.742079207920796,0.6195741819840728,0.9526999868651447,0.5933533158311098,0.7285140897092598,0.31587243161955075,0.15508576770689164,0.4959670787485485
17,6,Jakob Poeltl,10.0,SA,C,4000,15.5,16.95,4.2299999999999995,18.333333333333332,20.49,14.330454545454545,-0.40445647093141207,-0.6246727695107072,-0.5327699832216538,-0.19816346450110744,-0.11421425810163283,-0.7829705158052543,-0.30958419421119726
17,7,James Harden,79.3,HOU,PG/SG,12000,38.0,69.2,5.785,37.333333333333336,61.21999999999999,70.43571428571428,3.174513536749798,1.3470431759591075,3.095922997342759,2.828586878962266,0.8990960487414575,3.331415588460044,2.4883765487995544
18,0,Jrue Holiday,22.8,NO,PG/SG,6900,34.5,38.9,5.640000000000001,34.666666666666664,39.540000000000006,38.71298076923077,1.0990534174628952,1.0403318066638032,1.0442069734175081,1.2174906981057498,0.8046073063027132,-0.02302618485870569,0.8539827541236255
18,1,Derrick White,18.5,SA,PG/SG,4300,24.0,21.0,4.865,24.666666666666668,21.339999999999996,20.43243243243243,-0.12704348469009338,0.12019769877788955,-0.13811528545278795,-0.1349977932036888,0.2995812691301118,-0.2783199835360619,-0.12591930529985107
18,2,Brandon Ingram,48.3,NO,SF/PF,7000,34.5,39.2,5.615,34.666666666666664,40.760000000000005,39.01153846153847,1.119602527554845,1.0403318066638032,1.0635166461181778,1.3081520145561627,0.7883161438132742,1.4909254119488715,0.8800337931830594
18,3,Thabo Sefolosha,16.0,HOU,SF/PF,3200,19.5,15.15,4.73,14.333333333333334,10.09,20.611046511627908,-0.5277511314831093,-0.2741454903160734,-0.12656314830188345,-0.9710140309636432,0.21160899168714267,-0.4267466106740597,-0.4640495165057672
18,4,CJ McCollum,26.5,POR,PG/SG,6300,36.0,34.4,5.44,37.0,35.92,33.47027027027027,0.7908167660836523,1.1717795363617907,0.7051267004665921,0.948479250933213,0.674278006387203,0.196645223305531,0.6126209616100678
18,5,Nassir Little,16.3,POR,SF/PF,3000,13.0,8.55,2.835,13.0,9.030000000000001,8.55,-0.9798315535059988,-0.8437523190073531,-0.9066296700080437,-1.0497853386992477,-1.0232611250123147,-0.40893541541749995,-0.7345622503541477
18,6,Hassan Whiteside,15.8,POR,C,8500,33.5,44.0,5.1899999999999995,32.666666666666664,44.0,45.122448979591844,1.4483882890260373,0.9526999868651447,1.4587490753837278,1.5489246910310293,0.511366381492815,-0.4386207408450995,1.162813922560911
18,7,Danny Green,21.3,LAL,SF,3800,24.0,18.4,4.82,23.333333333333332,18.5,18.925714285714285,-0.30513577215365606,0.12019769877788955,-0.23556457252492097,-0.34604544789153485,0.2702571766491221,-0.11208216114150436,-0.26666571005986567
19,0,Dejounte Murray,20.5,SA,PG,5000,25.5,26.15,5.25,25.333333333333332,25.57,26.322039473684214,0.2257162385550401,0.25164542847587723,0.2428040049633541,0.1793443121940545,0.5504651714674683,-0.1595786818256637,0.14358329027514313
19,1,Derrick White,18.5,SA,PG/SG,4300,24.0,21.0,4.865,24.666666666666668,21.339999999999996,20.43243243243243,-0.12704348469009338,0.12019769877788955,-0.13811528545278795,-0.1349977932036888,0.2995812691301118,-0.2783199835360619,-0.12591930529985107
19,2,Will Barton,25.8,DEN,PG/SF,6500,33.5,31.9,4.890000000000001,33.666666666666664,32.959999999999994,31.742079207920796,0.6195741819840728,0.9526999868651447,0.5933533158311098,0.7285140897092598,0.31587243161955075,0.15508576770689164,0.4959670787485485
19,3,Jarred Vanderbilt,8.3,DEN,SF/PF,3000,0.0,2.25,0.75,4.333333333333333,2.5100000000000002,0.0,-1.411362865436939,-1.9829659763899128,-1.4596139201025626,-1.5343031938276839,-2.381944076631506,-0.8839006222590928,-1.012574191756048
19,4,Cody Martin,19.3,CHA,SG/SF,3500,27.5,18.4,5.245,21.666666666666668,14.339999999999998,23.353846153846153,-0.30513577215365606,0.42690906807319406,0.050831588927540014,-0.6551856744765494,0.5472069389695806,-0.23082346285190258,-0.29748708098401494
19,5,Kyle Kuzma,40.5,LAL,SF/PF,4000,24.0,21.450000000000003,5.355,24.666666666666668,21.69,20.87027027027027,-0.09621981955216889,0.12019769877788955,-0.10979745756743549,-0.10898839914004539,0.6188880539231113,1.0278343352783186,-0.12293170230236897
19,6,Brook Lopez,28.3,MIL,C,5300,27.0,25.6,4.8100000000000005,28.0,25.48,24.685714285714287,0.18804287005313283,0.38309315817386486,0.13697218543349182,0.17265618229197485,0.2637407116533467,0.30351239484488945,0.129885578355022
19,7,DeMar DeRozan,48.8,SA,SG/SF,7700,35.0,38.599999999999994,5.035,34.666666666666664,40.16,38.97115384615384,1.0785043073709453,1.0841477165631324,1.0609047097142215,1.263564481875631,0.4103611740582952,1.520610737376471,0.8746401894734377
20,0,Damian Lillard,39.5,POR,PG,10300,38.0,50.5,4.89,38.333333333333336,56.94,50.06086956521739,1.8936190076849437,1.3470431759591075,1.7781489355233155,2.510529145841146,0.3158724316195502,0.9684636844231195,1.5901725251963617
20,1,Pat Connaughton,15.3,MIL,SG/SF,3200,18.5,16.2,5.055,19.666666666666668,15.26,15.238983050847455,-0.4558292461612859,-0.3617773101147318,-0.47400952073695296,-0.5868181243664019,0.4233941040498459,-0.46830606627269905,-0.41814532331629867
20,2,Gary Trent Jr.,20.5,POR,SG/SF,3300,23.5,15.2,4.609999999999999,22.0,13.12,16.236363636363638,-0.5243262798011177,0.07638178887856034,-0.40950241487256717,-0.7458469909269622,0.13341141173783605,-0.1595786818256637,-0.45417643343858055
20,3,Jarred Vanderbilt,8.3,DEN,SF/PF,3000,0.0,2.25,0.75,4.333333333333333,2.5100000000000002,0.0,-1.411362865436939,-1.9829659763899128,-1.4596139201025626,-1.5343031938276839,-2.381944076631506,-0.8839006222590928,-1.012574191756048
20,4,JJ Redick,19.8,NO,SG/SF,3700,19.0,17.1,4.615,24.333333333333332,22.080000000000002,13.35205479452055,-0.39418191588543716,-0.3179614002154026,-0.5960494747494783,-0.08000650289770024,0.1366696442357243,-0.20113813742430303,-0.31160321366397825
20,5,LaMarcus Aldridge,14.3,SA,PF/C,6200,32.5,35.3,5.685,33.0,37.4,34.76515151515151,0.8524640963595007,0.8650681670664863,0.7888751138188855,1.058461831545189,0.8339313987837023,-0.5276767171278982,0.6599334041441216
20,6,Jakob Poeltl,10.0,SA,C,4000,15.5,16.95,4.2299999999999995,18.333333333333332,20.49,14.330454545454545,-0.40445647093141207,-0.6246727695107072,-0.5327699832216538,-0.19816346450110744,-0.11421425810163283,-0.7829705158052543,-0.30958419421119726
20,7,Carmelo Anthony,4.5,POR,PF,5500,33.5,27.950000000000003,5.075,34.0,29.589999999999996,27.538970588235298,0.3490108991067376,0.9526999868651447,0.3215108751150171,0.47808078115361136,0.4364270340413972,-1.1095090955088496,0.26884475694096616
21,0,CJ McCollum,26.5,POR,PG/SG,6300,36.0,34.4,5.44,37.0,35.92,33.47027027027027,0.7908167660836523,1.1717795363617907,0.7051267004665921,0.948479250933213,0.674278006387203,0.196645223305531,0.6126209616100678
21,1,Troy Daniels,3.5,LAL,SG,3000,0.0,1.25,0.415,9.666666666666666,5.7299999999999995,0.0,-1.4798598990767708,-1.9829659763899128,-1.4596139201025626,-1.2950167684421678,-2.6002456539899854,-1.1688797463640486,-1.0119021260931285
21,2,Dwayne Bacon,3.3,CHA,SG/SF,3000,0.0,3.25,1.085,16.0,9.85,0.0,-1.3428658317971072,-1.9829659763899128,-1.4596139201025626,-0.9888490440358557,-2.1636424992730268,-1.1807538765350885,-0.9208494749672231
21,3,P.J. Tucker,38.5,HOU,PF/C,4400,37.0,26.2,5.949999999999999,36.666666666666664,23.22,26.43818181818182,0.22914109023703175,1.2594113561604492,0.25031568768572005,0.004709809195308281,1.0066177211717529,0.9090930335679204,0.09495636045312542
21,4,Torrey Craig,15.3,DEN,SG/SF,3300,19.5,14.75,4.46,20.666666666666668,13.330000000000002,13.917338709677418,-0.5551499449390419,-0.2741454903160734,-0.5594888780344474,-0.7302413544887761,0.03566443680120392,-0.46830606627269905,-0.47737596314057557
21,5,Kyle Korver,15.5,MIL,SG/SF,3000,17.5,13.75,4.585,17.666666666666668,13.61,13.620283018867925,-0.6236469785788737,-0.44940912991339027,-0.5787014065044588,-0.709433839237862,0.11712024924839766,-0.4564319361016593,-0.5241537066149069
21,6,Derrick Favors,10.8,NO,C,4900,25.0,28.4,5.785,23.666666666666668,28.660000000000004,30.0,0.3798345642446616,0.207829518576548,0.4806816942641701,0.408970105498789,0.8990960487414575,-0.735473995121095,0.26220481438705334
21,7,Josh Hart,31.3,NO,SG/SF,4700,27.5,22.9,4.875,28.333333333333332,25.52,22.226470588235294,0.0031008792255868747,0.42690906807319406,-0.022083139929092097,0.17562868447067687,0.30609773412588714,0.48162434741048676,8.858482078908004e-05
