Lineup Num,,Player Name,Actual FP,team,Pos,Salary,DFN_MinProj,Avg Proj,Avg Value Proj,Avg Skewed Min,Avg Skewed FP,Proj Min Enhanced,Avg Proj Stan,DFN_MinProj Stan,Proj Min Enhanced Stan,Avg Skewed FP Stan,Avg Value Proj Stan,Actual FP Stan,predictions
0,0,James Harden,59.5,HOU,PG/SG,11300,36.5,63.3,5.615,37.666666666666664,58.580000000000005,61.33938053097345,3.234183125029777,1.2286899414797754,2.764645214868994,3.245640141696713,0.8827170837731318,2.6173775994528583,2.526344608880407
0,1,Patty Mills,18.3,SA,PG/SG,3100,24.0,17.1,5.529999999999999,20.333333333333332,18.52,20.18360655737705,-0.389879409772788,0.13638079514883417,-0.149058465360412,-0.27141773842494415,0.8232859463852649,-0.21420830575329103,-0.3297449301666421
0,2,Robert Covington,25.8,HOU,SF/PF,6200,33.5,36.4,5.875,31.666666666666668,32.04,38.507368421052625,1.124068791995383,0.9665357463603496,1.1482081687719277,0.9155673474273971,1.0645064451948407,0.3012502934954013,0.8367710469221658
0,3,Domantas Sabonis,51.8,IND,PF/C,8900,36.0,46.1,5.155,37.333333333333336,45.019999999999996,44.45357142857143,1.8849650384799044,1.1849975756265378,1.5691812647344505,2.055143265649541,0.5610897520270313,2.0881734375575345,1.4916013792698828
0,4,Danny Green,19.5,LAL,SG/SF,3200,25.0,18.450000000000003,5.75,26.0,17.21,17.74038461538462,-0.2839814785610246,0.22376552685530948,-0.3220311512481244,-0.3864288673056073,0.977107713742096,-0.1317349298735003,-0.30091664044620364
0,5,DeMar DeRozan,41.3,SA,SF,7400,36.0,41.05,5.52,35.666666666666664,39.43000000000001,41.43364485981308,1.4888283328359007,1.1849975756265378,1.3553796445034985,1.5643705859221317,0.8162940478690454,1.3665313986093652,1.1642256466334624
0,6,Marquese Chriss,26.5,GS,C,6000,31.0,35.7,5.9350000000000005,26.666666666666668,28.3,41.501250000000006,1.0691587535892837,0.7480739170941613,1.360165882903278,0.5872149642108472,1.1064578362921587,0.3493597627586125,0.7832364380151221
0,7,Juan Toscano-Anderson,0.0,GS,SF/PF,3500,27.0,21.35,6.1,24.666666666666668,17.890000000000004,23.369594594594595,-0.05649703373575553,0.39853499026826006,0.0764998019962697,-0.32672843399350704,1.2218241618097812,-1.4719272879201004,-0.1307416317515864
1,0,James Harden,59.5,HOU,PG/SG,11300,36.5,63.3,5.615,37.666666666666664,58.580000000000005,61.33938053097345,3.234183125029777,1.2286899414797754,2.764645214868994,3.245640141696713,0.8827170837731318,2.6173775994528583,2.526344608880407
1,1,Coby White,30.3,CHI,PG/SG,6800,35.5,36.4,5.33,32.0,29.2,40.38125,1.124068791995383,1.1413052097733,1.280873287799841,0.6662302435945089,0.6834479760608737,0.6105254530446167,0.8530129282962
1,2,Robert Covington,25.8,HOU,SF/PF,6200,33.5,36.4,5.875,31.666666666666668,32.04,38.507368421052625,1.124068791995383,0.9665357463603496,1.1482081687719277,0.9155673474273971,1.0645064451948407,0.3012502934954013,0.8367710469221658
1,3,Juan Toscano-Anderson,0.0,GS,SF/PF,3500,27.0,21.35,6.1,24.666666666666668,17.890000000000004,23.369594594594595,-0.05649703373575553,0.39853499026826006,0.0764998019962697,-0.32672843399350704,1.2218241618097812,-1.4719272879201004,-0.1307416317515864
1,4,Jevon Carter,24.8,PHO,PG/SG,3100,25.0,18.8,6.0649999999999995,19.333333333333332,12.680000000000001,24.31034482758621,-0.2565264593579751,0.22376552685530948,0.14310205853025879,-0.7841391068700382,1.1973525170030124,0.23252248026224231,-0.29415302261570103
1,5,Troy Brown Jr.,17.5,WAS,SG/SF,3700,27.5,23.55,6.34,25.333333333333332,21.99,25.564144736842106,0.11607737268341418,0.4422273561214977,0.23186728044575286,0.03323006097650724,1.3896297261990511,-0.26919055633981825,0.015021915074813874
1,6,Larry Nance Jr.,36.5,CLE,PF/C,6400,35.0,32.1,4.99,33.0,28.26,34.04545454545455,0.786764270357915,1.0976128439200625,0.8323182309824598,0.5837031740160179,0.44572342650940816,1.0366378950902022,0.6111181535736016
1,7,Domantas Sabonis,51.8,IND,PF/C,8900,36.0,46.1,5.155,37.333333333333336,45.019999999999996,44.45357142857143,1.8849650384799044,1.1849975756265378,1.5691812647344505,2.055143265649541,0.5610897520270313,2.0881734375575345,1.4916013792698828
2,0,James Harden,59.5,HOU,PG/SG,11300,36.5,63.3,5.615,37.666666666666664,58.580000000000005,61.33938053097345,3.234183125029777,1.2286899414797754,2.764645214868994,3.245640141696713,0.8827170837731318,2.6173775994528583,2.526344608880407
2,1,Jevon Carter,24.8,PHO,PG/SG,3100,25.0,18.8,6.0649999999999995,19.333333333333332,12.680000000000001,24.31034482758621,-0.2565264593579751,0.22376552685530948,0.14310205853025879,-0.7841391068700382,1.1973525170030124,0.23252248026224231,-0.29415302261570103
2,2,Eric Paschall,25.5,GS,SF/PF,5700,31.5,29.1,5.095,30.666666666666668,27.54,29.890760869565216,0.5514355343317743,0.7917662829473989,0.5381785493564764,0.5204909505090882,0.5191383609297134,0.28063194952545356,0.42215598309711677
2,3,Robert Covington,25.8,HOU,SF/PF,6200,33.5,36.4,5.875,31.666666666666668,32.04,38.507368421052625,1.124068791995383,0.9665357463603496,1.1482081687719277,0.9155673474273971,1.0645064451948407,0.3012502934954013,0.8367710469221658
2,4,Troy Brown Jr.,17.5,WAS,SG/SF,3700,27.5,23.55,6.34,25.333333333333332,21.99,25.564144736842106,0.11607737268341418,0.4422273561214977,0.23186728044575286,0.03323006097650724,1.3896297261990511,-0.26919055633981825,0.015021915074813874
2,5,Juan Toscano-Anderson,0.0,GS,SF/PF,3500,27.0,21.35,6.1,24.666666666666668,17.890000000000004,23.369594594594595,-0.05649703373575553,0.39853499026826006,0.0764998019962697,-0.32672843399350704,1.2218241618097812,-1.4719272879201004,-0.1307416317515864
2,6,Nikola Vucevic,44.8,ORL,C,9100,34.0,48.0,5.29,34.0,45.059999999999995,48.0,2.03400657129646,1.0102281122135872,1.8202576261429728,2.0586550558443704,0.6554803819959955,1.6070787449254216,1.5967653486749407
2,7,Coby White,30.3,CHI,PG/SG,6800,35.5,36.4,5.33,32.0,29.2,40.38125,1.124068791995383,1.1413052097733,1.280873287799841,0.6662302435945089,0.6834479760608737,0.6105254530446167,0.8530129282962
3,0,Jordan McLaughlin,12.0,MIN,PG,4000,20.5,19.85,4.9399999999999995,21.333333333333332,19.490000000000002,19.074609375,-0.17416140174882583,-0.16946576582382938,-0.22757209442565793,-0.1862568262003307,0.4107639339283098,-0.6471935291221926,-0.17659570273804584
3,1,Mikal Bridges,21.8,PHO,SG/SF,5800,39.0,30.8,5.3100000000000005,35.666666666666664,24.599999999999998,33.6785046728972,0.6847884847465873,1.4471517707459638,0.8063392955646494,0.2623743711891263,0.6694641790284349,0.026339040562765384,0.5073685906247515
3,2,Troy Brown Jr.,17.5,WAS,SG/SF,3700,27.5,23.55,6.34,25.333333333333332,21.99,25.564144736842106,0.11607737268341418,0.4422273561214977,0.23186728044575286,0.03323006097650724,1.3896297261990511,-0.26919055633981825,0.015021915074813874
3,3,Larry Nance Jr.,36.5,CLE,PF/C,6400,35.0,32.1,4.99,33.0,28.26,34.04545454545455,0.786764270357915,1.0976128439200625,0.8323182309824598,0.5837031740160179,0.44572342650940816,1.0366378950902022,0.6111181535736016
3,4,James Harden,59.5,HOU,PG/SG,11300,36.5,63.3,5.615,37.666666666666664,58.580000000000005,61.33938053097345,3.234183125029777,1.2286899414797754,2.764645214868994,3.245640141696713,0.8827170837731318,2.6173775994528583,2.526344608880407
3,5,Juan Toscano-Anderson,0.0,GS,SF/PF,3500,27.0,21.35,6.1,24.666666666666668,17.890000000000004,23.369594594594595,-0.05649703373575553,0.39853499026826006,0.0764998019962697,-0.32672843399350704,1.2218241618097812,-1.4719272879201004,-0.1307416317515864
3,6,Nikola Vucevic,44.8,ORL,C,9100,34.0,48.0,5.29,34.0,45.059999999999995,48.0,2.03400657129646,1.0102281122135872,1.8202576261429728,2.0586550558443704,0.6554803819959955,1.6070787449254216,1.5967653486749407
3,7,Robert Covington,25.8,HOU,SF/PF,6200,33.5,36.4,5.875,31.666666666666668,32.04,38.507368421052625,1.124068791995383,0.9665357463603496,1.1482081687719277,0.9155673474273971,1.0645064451948407,0.3012502934954013,0.8367710469221658
4,0,James Harden,59.5,HOU,PG/SG,11300,36.5,63.3,5.615,37.666666666666664,58.580000000000005,61.33938053097345,3.234183125029777,1.2286899414797754,2.764645214868994,3.245640141696713,0.8827170837731318,2.6173775994528583,2.526344608880407
4,1,Mikal Bridges,21.8,PHO,SG/SF,5800,39.0,30.8,5.3100000000000005,35.666666666666664,24.599999999999998,33.6785046728972,0.6847884847465873,1.4471517707459638,0.8063392955646494,0.2623743711891263,0.6694641790284349,0.026339040562765384,0.5073685906247515
4,2,Danny Green,19.5,LAL,SG/SF,3200,25.0,18.450000000000003,5.75,26.0,17.21,17.74038461538462,-0.2839814785610246,0.22376552685530948,-0.3220311512481244,-0.3864288673056073,0.977107713742096,-0.1317349298735003,-0.30091664044620364
4,3,Robert Covington,25.8,HOU,SF/PF,6200,33.5,36.4,5.875,31.666666666666668,32.04,38.507368421052625,1.124068791995383,0.9665357463603496,1.1482081687719277,0.9155673474273971,1.0645064451948407,0.3012502934954013,0.8367710469221658
4,4,Edmond Sumner,12.0,IND,SG/SF,3200,18.0,13.4,4.199999999999999,16.666666666666668,11.02,14.472,-0.6801181842050281,-0.3879275950900177,-0.5534228458463335,-0.929878399955459,-0.10663655627193921,-0.6471935291221926,-0.5610705673553538
4,5,Troy Brown Jr.,17.5,WAS,SG/SF,3700,27.5,23.55,6.34,25.333333333333332,21.99,25.564144736842106,0.11607737268341418,0.4422273561214977,0.23186728044575286,0.03323006097650724,1.3896297261990511,-0.26919055633981825,0.015021915074813874
4,6,Nikola Vucevic,44.8,ORL,C,9100,34.0,48.0,5.29,34.0,45.059999999999995,48.0,2.03400657129646,1.0102281122135872,1.8202576261429728,2.0586550558443704,0.6554803819959955,1.6070787449254216,1.5967653486749407
4,7,DeMar DeRozan,41.3,SA,SF,7400,36.0,41.05,5.52,35.666666666666664,39.43000000000001,41.43364485981308,1.4888283328359007,1.1849975756265378,1.3553796445034985,1.5643705859221317,0.8162940478690454,1.3665313986093652,1.1642256466334624
5,0,Jevon Carter,24.8,PHO,PG/SG,3100,25.0,18.8,6.0649999999999995,19.333333333333332,12.680000000000001,24.31034482758621,-0.2565264593579751,0.22376552685530948,0.14310205853025879,-0.7841391068700382,1.1973525170030124,0.23252248026224231,-0.29415302261570103
5,1,James Harden,59.5,HOU,PG/SG,11300,36.5,63.3,5.615,37.666666666666664,58.580000000000005,61.33938053097345,3.234183125029777,1.2286899414797754,2.764645214868994,3.245640141696713,0.8827170837731318,2.6173775994528583,2.526344608880407
5,2,Troy Brown Jr.,17.5,WAS,SG/SF,3700,27.5,23.55,6.34,25.333333333333332,21.99,25.564144736842106,0.11607737268341418,0.4422273561214977,0.23186728044575286,0.03323006097650724,1.3896297261990511,-0.26919055633981825,0.015021915074813874
5,3,Marcus Morris Sr.,18.0,LAC,SF/PF,4500,28.0,23.0,5.085,28.0,25.54,23.0,0.07293377107862169,0.4859197219747354,0.05033362829840538,0.34490144076761764,0.512146462413494,-0.23482664972323877,0.0605159560923888
5,4,Mikal Bridges,21.8,PHO,SG/SF,5800,39.0,30.8,5.3100000000000005,35.666666666666664,24.599999999999998,33.6785046728972,0.6847884847465873,1.4471517707459638,0.8063392955646494,0.2623743711891263,0.6694641790284349,0.026339040562765384,0.5073685906247515
5,5,Juan Toscano-Anderson,0.0,GS,SF/PF,3500,27.0,21.35,6.1,24.666666666666668,17.890000000000004,23.369594594594595,-0.05649703373575553,0.39853499026826006,0.0764998019962697,-0.32672843399350704,1.2218241618097812,-1.4719272879201004,-0.1307416317515864
5,6,Domantas Sabonis,51.8,IND,PF/C,8900,36.0,46.1,5.155,37.333333333333336,45.019999999999996,44.45357142857143,1.8849650384799044,1.1849975756265378,1.5691812647344505,2.055143265649541,0.5610897520270313,2.0881734375575345,1.4916013792698828
5,7,Nikola Vucevic,44.8,ORL,C,9100,34.0,48.0,5.29,34.0,45.059999999999995,48.0,2.03400657129646,1.0102281122135872,1.8202576261429728,2.0586550558443704,0.6554803819959955,1.6070787449254216,1.5967653486749407
6,0,James Harden,59.5,HOU,PG/SG,11300,36.5,63.3,5.615,37.666666666666664,58.580000000000005,61.33938053097345,3.234183125029777,1.2286899414797754,2.764645214868994,3.245640141696713,0.8827170837731318,2.6173775994528583,2.526344608880407
6,1,Mikal Bridges,21.8,PHO,SG/SF,5800,39.0,30.8,5.3100000000000005,35.666666666666664,24.599999999999998,33.6785046728972,0.6847884847465873,1.4471517707459638,0.8063392955646494,0.2623743711891263,0.6694641790284349,0.026339040562765384,0.5073685906247515
6,2,Marcus Morris Sr.,18.0,LAC,SF/PF,4500,28.0,23.0,5.085,28.0,25.54,23.0,0.07293377107862169,0.4859197219747354,0.05033362829840538,0.34490144076761764,0.512146462413494,-0.23482664972323877,0.0605159560923888
6,3,Lauri Markkanen,22.5,CHI,PF/C,4700,26.5,25.05,5.3149999999999995,27.666666666666668,26.630000000000003,23.993674698795182,0.23374174069648448,0.35484262441502246,0.12068277611634799,0.44059772357671945,0.672960128286544,0.07444850982597662,0.16160702915876746
6,4,Coby White,30.3,CHI,PG/SG,6800,35.5,36.4,5.33,32.0,29.2,40.38125,1.124068791995383,1.1413052097733,1.280873287799841,0.6662302435945089,0.6834479760608737,0.6105254530446167,0.8530129282962
6,5,Danny Green,19.5,LAL,SG/SF,3200,25.0,18.450000000000003,5.75,26.0,17.21,17.74038461538462,-0.2839814785610246,0.22376552685530948,-0.3220311512481244,-0.3864288673056073,0.977107713742096,-0.1317349298735003,-0.30091664044620364
6,6,Marquese Chriss,26.5,GS,C,6000,31.0,35.7,5.9350000000000005,26.666666666666668,28.3,41.501250000000006,1.0691587535892837,0.7480739170941613,1.360165882903278,0.5872149642108472,1.1064578362921587,0.3493597627586125,0.7832364380151221
6,7,DeMar DeRozan,41.3,SA,SF,7400,36.0,41.05,5.52,35.666666666666664,39.43000000000001,41.43364485981308,1.4888283328359007,1.1849975756265378,1.3553796445034985,1.5643705859221317,0.8162940478690454,1.3665313986093652,1.1642256466334624
7,0,Jevon Carter,24.8,PHO,PG/SG,3100,25.0,18.8,6.0649999999999995,19.333333333333332,12.680000000000001,24.31034482758621,-0.2565264593579751,0.22376552685530948,0.14310205853025879,-0.7841391068700382,1.1973525170030124,0.23252248026224231,-0.29415302261570103
7,1,James Harden,59.5,HOU,PG/SG,11300,36.5,63.3,5.615,37.666666666666664,58.580000000000005,61.33938053097345,3.234183125029777,1.2286899414797754,2.764645214868994,3.245640141696713,0.8827170837731318,2.6173775994528583,2.526344608880407
7,2,Robert Covington,25.8,HOU,SF/PF,6200,33.5,36.4,5.875,31.666666666666668,32.04,38.507368421052625,1.124068791995383,0.9665357463603496,1.1482081687719277,0.9155673474273971,1.0645064451948407,0.3012502934954013,0.8367710469221658
7,3,Juan Toscano-Anderson,0.0,GS,SF/PF,3500,27.0,21.35,6.1,24.666666666666668,17.890000000000004,23.369594594594595,-0.05649703373575553,0.39853499026826006,0.0764998019962697,-0.32672843399350704,1.2218241618097812,-1.4719272879201004,-0.1307416317515864
7,4,Jarrett Culver,16.3,MIN,SG/SF,3500,21.5,18.2,5.195,23.666666666666668,18.740000000000002,16.533802816901407,-0.3035922065632033,-0.08208103411735408,-0.4074534744680403,-0.2521028923533822,0.5890573460919096,-0.351663932219609,-0.28885789206783796
7,5,Troy Brown Jr.,17.5,WAS,SG/SF,3700,27.5,23.55,6.34,25.333333333333332,21.99,25.564144736842106,0.11607737268341418,0.4422273561214977,0.23186728044575286,0.03323006097650724,1.3896297261990511,-0.26919055633981825,0.015021915074813874
7,6,Nikola Vucevic,44.8,ORL,C,9100,34.0,48.0,5.29,34.0,45.059999999999995,48.0,2.03400657129646,1.0102281122135872,1.8202576261429728,2.0586550558443704,0.6554803819959955,1.6070787449254216,1.5967653486749407
7,7,Domantas Sabonis,51.8,IND,PF/C,8900,36.0,46.1,5.155,37.333333333333336,45.019999999999996,44.45357142857143,1.8849650384799044,1.1849975756265378,1.5691812647344505,2.055143265649541,0.5610897520270313,2.0881734375575345,1.4916013792698828
8,0,Shabazz Napier,38.0,WAS,PG,5600,30.5,28.75,5.115,28.0,25.729999999999997,31.31696428571428,0.5239805151287245,0.7043815512409236,0.6391494154384817,0.36158244419305713,0.5331221579621529,1.1397296149399407,0.3963585759797318
8,1,Troy Brown Jr.,17.5,WAS,SG/SF,3700,27.5,23.55,6.34,25.333333333333332,21.99,25.564144736842106,0.11607737268341418,0.4422273561214977,0.23186728044575286,0.03323006097650724,1.3896297261990511,-0.26919055633981825,0.015021915074813874
8,2,Marcus Morris Sr.,18.0,LAC,SF/PF,4500,28.0,23.0,5.085,28.0,25.54,23.0,0.07293377107862169,0.4859197219747354,0.05033362829840538,0.34490144076761764,0.512146462413494,-0.23482664972323877,0.0605159560923888
8,3,Moritz Wagner,14.8,WAS,PF/C,3500,18.0,16.5,4.7,17.666666666666668,18.14,16.81132075471698,-0.4369451569780163,-0.3879275950900177,-0.3878060481491555,-0.3047797452758235,0.24295836953904035,-0.4547556520693475,-0.3576628028694253
8,4,James Harden,59.5,HOU,PG/SG,11300,36.5,63.3,5.615,37.666666666666664,58.580000000000005,61.33938053097345,3.234183125029777,1.2286899414797754,2.764645214868994,3.245640141696713,0.8827170837731318,2.6173775994528583,2.526344608880407
8,5,Domantas Sabonis,51.8,IND,PF/C,8900,36.0,46.1,5.155,37.333333333333336,45.019999999999996,44.45357142857143,1.8849650384799044,1.1849975756265378,1.5691812647344505,2.055143265649541,0.5610897520270313,2.0881734375575345,1.4916013792698828
8,6,Marquese Chriss,26.5,GS,C,6000,31.0,35.7,5.9350000000000005,26.666666666666668,28.3,41.501250000000006,1.0691587535892837,0.7480739170941613,1.360165882903278,0.5872149642108472,1.1064578362921587,0.3493597627586125,0.7832364380151221
8,7,Robert Covington,25.8,HOU,SF/PF,6200,33.5,36.4,5.875,31.666666666666668,32.04,38.507368421052625,1.124068791995383,0.9665357463603496,1.1482081687719277,0.9155673474273971,1.0645064451948407,0.3012502934954013,0.8367710469221658
9,0,De'Anthony Melton,29.3,MEM,PG/SG,4600,24.5,21.95,4.79,22.0,21.270000000000003,24.44431818181818,-0.009431286530527577,0.18007316100207182,0.15258696471933453,-0.02998216253042177,0.30588545618501645,0.5417976398114577,-0.010443323186189886
9,1,Troy Brown Jr.,17.5,WAS,SG/SF,3700,27.5,23.55,6.34,25.333333333333332,21.99,25.564144736842106,0.11607737268341418,0.4422273561214977,0.23186728044575286,0.03323006097650724,1.3896297261990511,-0.26919055633981825,0.015021915074813874
9,2,Marcus Morris Sr.,18.0,LAC,SF/PF,4500,28.0,23.0,5.085,28.0,25.54,23.0,0.07293377107862169,0.4859197219747354,0.05033362829840538,0.34490144076761764,0.512146462413494,-0.23482664972323877,0.0605159560923888
9,3,Domantas Sabonis,51.8,IND,PF/C,8900,36.0,46.1,5.155,37.333333333333336,45.019999999999996,44.45357142857143,1.8849650384799044,1.1849975756265378,1.5691812647344505,2.055143265649541,0.5610897520270313,2.0881734375575345,1.4916013792698828
9,4,James Harden,59.5,HOU,PG/SG,11300,36.5,63.3,5.615,37.666666666666664,58.580000000000005,61.33938053097345,3.234183125029777,1.2286899414797754,2.764645214868994,3.245640141696713,0.8827170837731318,2.6173775994528583,2.526344608880407
9,5,Robert Covington,25.8,HOU,SF/PF,6200,33.5,36.4,5.875,31.666666666666668,32.04,38.507368421052625,1.124068791995383,0.9665357463603496,1.1482081687719277,0.9155673474273971,1.0645064451948407,0.3012502934954013,0.8367710469221658
9,6,Marquese Chriss,26.5,GS,C,6000,31.0,35.7,5.9350000000000005,26.666666666666668,28.3,41.501250000000006,1.0691587535892837,0.7480739170941613,1.360165882903278,0.5872149642108472,1.1064578362921587,0.3493597627586125,0.7832364380151221
9,7,Kyle Anderson,13.0,MEM,SF/PF,4600,28.0,22.450000000000003,4.865,24.0,18.669999999999998,26.19166666666667,0.029790169473829467,0.4859197219747354,0.27629392535656205,-0.258248525194334,0.3583246950566634,-0.5784657158890336,0.0055867176166493
10,0,James Harden,59.5,HOU,PG/SG,11300,36.5,63.3,5.615,37.666666666666664,58.580000000000005,61.33938053097345,3.234183125029777,1.2286899414797754,2.764645214868994,3.245640141696713,0.8827170837731318,2.6173775994528583,2.526344608880407
10,1,Devin Booker,49.0,PHO,PG/SG,8800,38.5,46.1,5.234999999999999,38.0,43.64,46.70657894736843,1.8849650384799044,1.403459404892726,1.7286873477281728,1.933986503927927,0.6170249401567873,1.8957355605046895,1.4955944067184166
10,2,Robert Covington,25.8,HOU,SF/PF,6200,33.5,36.4,5.875,31.666666666666668,32.04,38.507368421052625,1.124068791995383,0.9665357463603496,1.1482081687719277,0.9155673474273971,1.0645064451948407,0.3012502934954013,0.8367710469221658
10,3,Danuel House Jr.,8.8,HOU,SF/PF,4300,29.0,21.8,5.0649999999999995,29.333333333333332,21.740000000000002,21.55227272727273,-0.021197723331834496,0.5733044536812106,-0.05216106139495714,0.011281372258823726,0.4981626653810545,-0.8671225314683013,-0.036969177045826376
10,4,Jevon Carter,24.8,PHO,PG/SG,3100,25.0,18.8,6.0649999999999995,19.333333333333332,12.680000000000001,24.31034482758621,-0.2565264593579751,0.22376552685530948,0.14310205853025879,-0.7841391068700382,1.1973525170030124,0.23252248026224231,-0.29415302261570103
10,5,Mikal Bridges,21.8,PHO,SG/SF,5800,39.0,30.8,5.3100000000000005,35.666666666666664,24.599999999999998,33.6785046728972,0.6847884847465873,1.4471517707459638,0.8063392955646494,0.2623743711891263,0.6694641790284349,0.026339040562765384,0.5073685906247515
10,6,Larry Nance Jr.,36.5,CLE,PF/C,6400,35.0,32.1,4.99,33.0,28.26,34.04545454545455,0.786764270357915,1.0976128439200625,0.8323182309824598,0.5837031740160179,0.44572342650940816,1.0366378950902022,0.6111181535736016
10,7,Troy Brown Jr.,17.5,WAS,SG/SF,3700,27.5,23.55,6.34,25.333333333333332,21.99,25.564144736842106,0.11607737268341418,0.4422273561214977,0.23186728044575286,0.03323006097650724,1.3896297261990511,-0.26919055633981825,0.015021915074813874
11,0,Jevon Carter,24.8,PHO,PG/SG,3100,25.0,18.8,6.0649999999999995,19.333333333333332,12.680000000000001,24.31034482758621,-0.2565264593579751,0.22376552685530948,0.14310205853025879,-0.7841391068700382,1.1973525170030124,0.23252248026224231,-0.29415302261570103
11,1,James Harden,59.5,HOU,PG/SG,11300,36.5,63.3,5.615,37.666666666666664,58.580000000000005,61.33938053097345,3.234183125029777,1.2286899414797754,2.764645214868994,3.245640141696713,0.8827170837731318,2.6173775994528583,2.526344608880407
11,2,Robert Covington,25.8,HOU,SF/PF,6200,33.5,36.4,5.875,31.666666666666668,32.04,38.507368421052625,1.124068791995383,0.9665357463603496,1.1482081687719277,0.9155673474273971,1.0645064451948407,0.3012502934954013,0.8367710469221658
11,3,Juan Toscano-Anderson,0.0,GS,SF/PF,3500,27.0,21.35,6.1,24.666666666666668,17.890000000000004,23.369594594594595,-0.05649703373575553,0.39853499026826006,0.0764998019962697,-0.32672843399350704,1.2218241618097812,-1.4719272879201004,-0.1307416317515864
11,4,Mikal Bridges,21.8,PHO,SG/SF,5800,39.0,30.8,5.3100000000000005,35.666666666666664,24.599999999999998,33.6785046728972,0.6847884847465873,1.4471517707459638,0.8063392955646494,0.2623743711891263,0.6694641790284349,0.026339040562765384,0.5073685906247515
11,5,Larry Nance Jr.,36.5,CLE,PF/C,6400,35.0,32.1,4.99,33.0,28.26,34.04545454545455,0.786764270357915,1.0976128439200625,0.8323182309824598,0.5837031740160179,0.44572342650940816,1.0366378950902022,0.6111181535736016
11,6,Marquese Chriss,26.5,GS,C,6000,31.0,35.7,5.9350000000000005,26.666666666666668,28.3,41.501250000000006,1.0691587535892837,0.7480739170941613,1.360165882903278,0.5872149642108472,1.1064578362921587,0.3493597627586125,0.7832364380151221
11,7,Gordon Hayward,55.0,BOS,SF/PF,7000,35.0,33.7,4.8149999999999995,36.666666666666664,33.779999999999994,32.16818181818182,0.9122729295718567,1.0976128439200625,0.6994130289624951,1.068330220902476,0.32336520247556505,2.308102439903643,0.7313146688716092
12,0,James Harden,59.5,HOU,PG/SG,11300,36.5,63.3,5.615,37.666666666666664,58.580000000000005,61.33938053097345,3.234183125029777,1.2286899414797754,2.764645214868994,3.245640141696713,0.8827170837731318,2.6173775994528583,2.526344608880407
12,1,Edmond Sumner,12.0,IND,SG/SF,3200,18.0,13.4,4.199999999999999,16.666666666666668,11.02,14.472,-0.6801181842050281,-0.3879275950900177,-0.5534228458463335,-0.929878399955459,-0.10663655627193921,-0.6471935291221926,-0.5610705673553538
12,2,Robert Covington,25.8,HOU,SF/PF,6200,33.5,36.4,5.875,31.666666666666668,32.04,38.507368421052625,1.124068791995383,0.9665357463603496,1.1482081687719277,0.9155673474273971,1.0645064451948407,0.3012502934954013,0.8367710469221658
12,3,Thaddeus Young,19.0,CHI,PF,5300,25.0,23.0,4.325,26.333333333333332,24.44,21.835443037974684,0.07293377107862169,0.22376552685530948,-0.03211346425941744,0.24832721040980898,-0.019237824819193863,-0.1660988364900798,0.07216781631704858
12,4,Jevon Carter,24.8,PHO,PG/SG,3100,25.0,18.8,6.0649999999999995,19.333333333333332,12.680000000000001,24.31034482758621,-0.2565264593579751,0.22376552685530948,0.14310205853025879,-0.7841391068700382,1.1973525170030124,0.23252248026224231,-0.29415302261570103
12,5,Juan Toscano-Anderson,0.0,GS,SF/PF,3500,27.0,21.35,6.1,24.666666666666668,17.890000000000004,23.369594594594595,-0.05649703373575553,0.39853499026826006,0.0764998019962697,-0.32672843399350704,1.2218241618097812,-1.4719272879201004,-0.1307416317515864
12,6,Nikola Vucevic,44.8,ORL,C,9100,34.0,48.0,5.29,34.0,45.059999999999995,48.0,2.03400657129646,1.0102281122135872,1.8202576261429728,2.0586550558443704,0.6554803819959955,1.6070787449254216,1.5967653486749407
12,7,Troy Brown Jr.,17.5,WAS,SG/SF,3700,27.5,23.55,6.34,25.333333333333332,21.99,25.564144736842106,0.11607737268341418,0.4422273561214977,0.23186728044575286,0.03323006097650724,1.3896297261990511,-0.26919055633981825,0.015021915074813874
13,0,Jevon Carter,24.8,PHO,PG/SG,3100,25.0,18.8,6.0649999999999995,19.333333333333332,12.680000000000001,24.31034482758621,-0.2565264593579751,0.22376552685530948,0.14310205853025879,-0.7841391068700382,1.1973525170030124,0.23252248026224231,-0.29415302261570103
13,1,James Harden,59.5,HOU,PG/SG,11300,36.5,63.3,5.615,37.666666666666664,58.580000000000005,61.33938053097345,3.234183125029777,1.2286899414797754,2.764645214868994,3.245640141696713,0.8827170837731318,2.6173775994528583,2.526344608880407
13,2,Juan Toscano-Anderson,0.0,GS,SF/PF,3500,27.0,21.35,6.1,24.666666666666668,17.890000000000004,23.369594594594595,-0.05649703373575553,0.39853499026826006,0.0764998019962697,-0.32672843399350704,1.2218241618097812,-1.4719272879201004,-0.1307416317515864
13,3,Robert Covington,25.8,HOU,SF/PF,6200,33.5,36.4,5.875,31.666666666666668,32.04,38.507368421052625,1.124068791995383,0.9665357463603496,1.1482081687719277,0.9155673474273971,1.0645064451948407,0.3012502934954013,0.8367710469221658
13,4,Rajon Rondo,6.8,LAL,PG,3300,16.0,16.2,4.925000000000001,19.0,17.520000000000003,13.642105263157895,-0.46047803058063036,-0.5626970585029683,-0.6121768702632032,-0.35921249329567917,0.40027608615398125,-1.0045781579346194,-0.41250491142883344
13,5,Thaddeus Young,19.0,CHI,PF,5300,25.0,23.0,4.325,26.333333333333332,24.44,21.835443037974684,0.07293377107862169,0.22376552685530948,-0.03211346425941744,0.24832721040980898,-0.019237824819193863,-0.1660988364900798,0.07216781631704858
13,6,Naz Reid,21.0,MIN,C,6000,26.0,30.9,5.154999999999999,23.333333333333332,24.18,34.43142857142857,0.6926327759474584,0.3111502585617848,0.8596440186271039,0.22550057414341768,0.5610897520270306,-0.02864321002376185,0.4964493445822191
13,7,Coby White,30.3,CHI,PG/SG,6800,35.5,36.4,5.33,32.0,29.2,40.38125,1.124068791995383,1.1413052097733,1.280873287799841,0.6662302435945089,0.6834479760608737,0.6105254530446167,0.8530129282962
14,0,Michael Carter-Williams,27.8,ORL,PG/SG,4300,22.5,22.55,5.234999999999999,21.666666666666668,19.529999999999998,23.41730769230769,0.03763446067470065,0.005303697589121217,0.07987774426242616,-0.18274503600550168,0.6170249401567873,0.43870591996171926,-0.027652552115789448
14,1,Troy Brown Jr.,17.5,WAS,SG/SF,3700,27.5,23.55,6.34,25.333333333333332,21.99,25.564144736842106,0.11607737268341418,0.4422273561214977,0.23186728044575286,0.03323006097650724,1.3896297261990511,-0.26919055633981825,0.015021915074813874
14,2,Robert Covington,25.8,HOU,SF/PF,6200,33.5,36.4,5.875,31.666666666666668,32.04,38.507368421052625,1.124068791995383,0.9665357463603496,1.1482081687719277,0.9155673474273971,1.0645064451948407,0.3012502934954013,0.8367710469221658
14,3,Juancho Hernangomez,36.0,MIN,PF,5200,30.0,27.0,5.18,25.333333333333332,18.68,31.97368421052632,0.3867054191134758,0.660689185387686,0.6856431896299818,-0.2573705776456265,0.5785694983175799,1.0022739884736227,0.251584462925941
14,4,James Harden,59.5,HOU,PG/SG,11300,36.5,63.3,5.615,37.666666666666664,58.580000000000005,61.33938053097345,3.234183125029777,1.2286899414797754,2.764645214868994,3.245640141696713,0.8827170837731318,2.6173775994528583,2.526344608880407
14,5,Moritz Wagner,14.8,WAS,PF/C,3500,18.0,16.5,4.7,17.666666666666668,18.14,16.81132075471698,-0.4369451569780163,-0.3879275950900177,-0.3878060481491555,-0.3047797452758235,0.24295836953904035,-0.4547556520693475,-0.3576628028694253
14,6,P.J. Tucker,27.8,HOU,C,4200,33.0,21.25,5.0600000000000005,33.333333333333336,21.009999999999998,21.037499999999998,-0.06434132493662699,0.9228433805071119,-0.08860540553239331,-0.0528087987968134,0.49466671612294544,0.43870591996171926,-0.06546238350464968
14,7,T.J. Warren,27.3,IND,SF/PF,6000,35.0,30.799999999999997,5.140000000000001,34.0,30.2,31.705882352941174,0.684788484746587,1.0976128439200625,0.6666836322536899,0.7540249984652442,0.5506019042527021,0.40434201334513975,0.5433234470839085
15,0,Anfernee Simons,5.5,POR,PG/SG,3100,15.0,11.05,3.575,17.666666666666668,13.91,9.382075471698114,-0.864459027425505,-0.6500817902094436,-0.9137740286407013,-0.6761515583790338,-0.5436302135356623,-1.093924315137726,-0.6595441457884567
15,1,Austin Rivers,13.5,HOU,PG/SG,3700,18.0,13.25,3.575,25.333333333333332,14.809999999999999,9.414473684210526,-0.6918846210063352,-0.3879275950900177,-0.9114803336881819,-0.5971362789953722,-0.5436302135356623,-0.5441018092724542,-0.5405205103213249
15,2,Gordon Hayward,55.0,BOS,SF/PF,7000,35.0,33.7,4.8149999999999995,36.666666666666664,33.779999999999994,32.16818181818182,0.9122729295718567,1.0976128439200625,0.6994130289624951,1.068330220902476,0.32336520247556505,2.308102439903643,0.7313146688716092
15,3,Carmelo Anthony,40.8,POR,PF,5600,32.5,26.8,4.795,30.333333333333332,26.620000000000005,28.714285714285715,0.37101683671173313,0.8791510146538742,0.4548876849485923,0.43971977602801227,0.3093814054431262,1.3321674919927857,0.31160629631012865
15,4,Jordan Poole,25.3,GS,PG/SG,4100,20.5,14.9,3.645,21.666666666666668,17.440000000000005,14.097692307692308,-0.5624538161919579,-0.16946576582382938,-0.5799226925340617,-0.36623607368533784,-0.4946869239221253,0.2668863868788218,-0.40588524059672515
15,5,Troy Brown Jr.,17.5,WAS,SG/SF,3700,27.5,23.55,6.34,25.333333333333332,21.99,25.564144736842106,0.11607737268341418,0.4422273561214977,0.23186728044575286,0.03323006097650724,1.3896297261990511,-0.26919055633981825,0.015021915074813874
15,6,Kristaps Porzingis,32.0,DAL,C,9300,36.0,48.25,5.2,34.666666666666664,45.25000000000001,50.10576923076923,2.0536172992986383,1.1849975756265378,1.9693396859614192,2.0753360592698114,0.5925532953500193,0.7273627355409868,1.6322374795966157
15,7,James Harden,59.5,HOU,PG/SG,11300,36.5,63.3,5.615,37.666666666666664,58.580000000000005,61.33938053097345,3.234183125029777,1.2286899414797754,2.764645214868994,3.245640141696713,0.8827170837731318,2.6173775994528583,2.526344608880407
16,0,James Harden,59.5,HOU,PG/SG,11300,36.5,63.3,5.615,37.666666666666664,58.580000000000005,61.33938053097345,3.234183125029777,1.2286899414797754,2.764645214868994,3.245640141696713,0.8827170837731318,2.6173775994528583,2.526344608880407
16,1,Mikal Bridges,21.8,PHO,SG/SF,5800,39.0,30.8,5.3100000000000005,35.666666666666664,24.599999999999998,33.6785046728972,0.6847884847465873,1.4471517707459638,0.8063392955646494,0.2623743711891263,0.6694641790284349,0.026339040562765384,0.5073685906247515
16,2,Juan Toscano-Anderson,0.0,GS,SF/PF,3500,27.0,21.35,6.1,24.666666666666668,17.890000000000004,23.369594594594595,-0.05649703373575553,0.39853499026826006,0.0764998019962697,-0.32672843399350704,1.2218241618097812,-1.4719272879201004,-0.1307416317515864
16,3,Robert Covington,25.8,HOU,SF/PF,6200,33.5,36.4,5.875,31.666666666666668,32.04,38.507368421052625,1.124068791995383,0.9665357463603496,1.1482081687719277,0.9155673474273971,1.0645064451948407,0.3012502934954013,0.8367710469221658
16,4,Brad Wanamaker,12.5,BOS,PG,3200,16.0,11.95,3.715,20.333333333333332,14.029999999999998,9.40327868852459,-0.7938604066176629,-0.5626970585029683,-0.9122729053489941,-0.6656161877945459,-0.44574363430858843,-0.6128296225056131,-0.6197508074747535
16,5,Danny Green,19.5,LAL,SG/SF,3200,25.0,18.450000000000003,5.75,26.0,17.21,17.74038461538462,-0.2839814785610246,0.22376552685530948,-0.3220311512481244,-0.3864288673056073,0.977107713742096,-0.1317349298735003,-0.30091664044620364
16,6,Marquese Chriss,26.5,GS,C,6000,31.0,35.7,5.9350000000000005,26.666666666666668,28.3,41.501250000000006,1.0691587535892837,0.7480739170941613,1.360165882903278,0.5872149642108472,1.1064578362921587,0.3493597627586125,0.7832364380151221
16,7,Patty Mills,18.3,SA,PG/SG,3100,24.0,17.1,5.529999999999999,20.333333333333332,18.52,20.18360655737705,-0.389879409772788,0.13638079514883417,-0.149058465360412,-0.27141773842494415,0.8232859463852649,-0.21420830575329103,-0.3297449301666421
17,0,CJ McCollum,40.5,POR,PG/SG,7900,36.5,38.75,4.925,36.333333333333336,39.95,38.92775229357798,1.3084096352158598,1.2286899414797754,1.1779700689435062,1.6100238584549138,0.40027608615398064,1.3115491480228383,1.069850321539643
17,1,Jevon Carter,24.8,PHO,PG/SG,3100,25.0,18.8,6.0649999999999995,19.333333333333332,12.680000000000001,24.31034482758621,-0.2565264593579751,0.22376552685530948,0.14310205853025879,-0.7841391068700382,1.1973525170030124,0.23252248026224231,-0.29415302261570103
17,2,Eric Paschall,25.5,GS,SF/PF,5700,31.5,29.1,5.095,30.666666666666668,27.54,29.890760869565216,0.5514355343317743,0.7917662829473989,0.5381785493564764,0.5204909505090882,0.5191383609297134,0.28063194952545356,0.42215598309711677
17,3,Domantas Sabonis,51.8,IND,PF/C,8900,36.0,46.1,5.155,37.333333333333336,45.019999999999996,44.45357142857143,1.8849650384799044,1.1849975756265378,1.5691812647344505,2.055143265649541,0.5610897520270313,2.0881734375575345,1.4916013792698828
17,4,Brad Wanamaker,12.5,BOS,PG,3200,16.0,11.95,3.715,20.333333333333332,14.029999999999998,9.40327868852459,-0.7938604066176629,-0.5626970585029683,-0.9122729053489941,-0.6656161877945459,-0.44574363430858843,-0.6128296225056131,-0.6197508074747535
17,5,Troy Brown Jr.,17.5,WAS,SG/SF,3700,27.5,23.55,6.34,25.333333333333332,21.99,25.564144736842106,0.11607737268341418,0.4422273561214977,0.23186728044575286,0.03323006097650724,1.3896297261990511,-0.26919055633981825,0.015021915074813874
17,6,Kristaps Porzingis,32.0,DAL,C,9300,36.0,48.25,5.2,34.666666666666664,45.25000000000001,50.10576923076923,2.0536172992986383,1.1849975756265378,1.9693396859614192,2.0753360592698114,0.5925532953500193,0.7273627355409868,1.6322374795966157
17,7,Jakarr Sampson,7.8,IND,SF/PF,3100,13.0,10.35,3.325,13.0,9.150000000000002,10.35,-0.9193690658316045,-0.8248512536223942,-0.8452479146109457,-1.0940545915637339,-0.7184276764411518,-0.9358503447014603,-0.720443568224832
18,0,Austin Rivers,13.5,HOU,PG/SG,3700,18.0,13.25,3.575,25.333333333333332,14.809999999999999,9.414473684210526,-0.6918846210063352,-0.3879275950900177,-0.9114803336881819,-0.5971362789953722,-0.5436302135356623,-0.5441018092724542,-0.5405205103213249
18,1,Jevon Carter,24.8,PHO,PG/SG,3100,25.0,18.8,6.0649999999999995,19.333333333333332,12.680000000000001,24.31034482758621,-0.2565264593579751,0.22376552685530948,0.14310205853025879,-0.7841391068700382,1.1973525170030124,0.23252248026224231,-0.29415302261570103
18,2,Juan Toscano-Anderson,0.0,GS,SF/PF,3500,27.0,21.35,6.1,24.666666666666668,17.890000000000004,23.369594594594595,-0.05649703373575553,0.39853499026826006,0.0764998019962697,-0.32672843399350704,1.2218241618097812,-1.4719272879201004,-0.1307416317515864
18,3,Marcus Morris Sr.,18.0,LAC,SF/PF,4500,28.0,23.0,5.085,28.0,25.54,23.0,0.07293377107862169,0.4859197219747354,0.05033362829840538,0.34490144076761764,0.512146462413494,-0.23482664972323877,0.0605159560923888
18,4,Troy Brown Jr.,17.5,WAS,SG/SF,3700,27.5,23.55,6.34,25.333333333333332,21.99,25.564144736842106,0.11607737268341418,0.4422273561214977,0.23186728044575286,0.03323006097650724,1.3896297261990511,-0.26919055633981825,0.015021915074813874
18,5,Paul George,27.3,LAC,SF,7700,32.0,40.8,5.295,31.0,39.3,42.11612903225806,1.4692176048337222,0.8354586488006366,1.4036974491018768,1.5529572677889354,0.6589763312541052,0.40434201334513975,1.1584763982863646
18,6,Daniel Theis,37.0,BOS,C,5000,27.5,25.4,5.1,26.666666666666668,24.619999999999997,26.193749999999998,0.26119675989953406,0.4422273561214977,0.2764414190230487,0.264130266286541,0.5226343101878231,1.0710018017067817,0.18715971887075147
18,7,James Harden,59.5,HOU,PG/SG,11300,36.5,63.3,5.615,37.666666666666664,58.580000000000005,61.33938053097345,3.234183125029777,1.2286899414797754,2.764645214868994,3.245640141696713,0.8827170837731318,2.6173775994528583,2.526344608880407
19,0,James Harden,59.5,HOU,PG/SG,11300,36.5,63.3,5.615,37.666666666666664,58.580000000000005,61.33938053097345,3.234183125029777,1.2286899414797754,2.764645214868994,3.245640141696713,0.8827170837731318,2.6173775994528583,2.526344608880407
19,1,Jevon Carter,24.8,PHO,PG/SG,3100,25.0,18.8,6.0649999999999995,19.333333333333332,12.680000000000001,24.31034482758621,-0.2565264593579751,0.22376552685530948,0.14310205853025879,-0.7841391068700382,1.1973525170030124,0.23252248026224231,-0.29415302261570103
19,2,Robert Covington,25.8,HOU,SF/PF,6200,33.5,36.4,5.875,31.666666666666668,32.04,38.507368421052625,1.124068791995383,0.9665357463603496,1.1482081687719277,0.9155673474273971,1.0645064451948407,0.3012502934954013,0.8367710469221658
19,3,Marcus Morris Sr.,18.0,LAC,SF/PF,4500,28.0,23.0,5.085,28.0,25.54,23.0,0.07293377107862169,0.4859197219747354,0.05033362829840538,0.34490144076761764,0.512146462413494,-0.23482664972323877,0.0605159560923888
19,4,Avery Bradley,16.5,LAL,PG/SG,3900,28.0,18.15,4.64,28.333333333333332,17.130000000000003,17.93647058823529,-0.30751435216363904,0.4859197219747354,-0.3081488604885604,-0.393452447695266,0.20100697844172252,-0.3379183695729772,-0.25863181063240925
19,5,Edmond Sumner,12.0,IND,SG/SF,3200,18.0,13.4,4.199999999999999,16.666666666666668,11.02,14.472,-0.6801181842050281,-0.3879275950900177,-0.5534228458463335,-0.929878399955459,-0.10663655627193921,-0.6471935291221926,-0.5610705673553538
19,6,Larry Nance Jr.,36.5,CLE,PF/C,6400,35.0,32.1,4.99,33.0,28.26,34.04545454545455,0.786764270357915,1.0976128439200625,0.8323182309824598,0.5837031740160179,0.44572342650940816,1.0366378950902022,0.6111181535736016
19,7,Danuel House Jr.,8.8,HOU,SF/PF,4300,29.0,21.8,5.0649999999999995,29.333333333333332,21.740000000000002,21.55227272727273,-0.021197723331834496,0.5733044536812106,-0.05216106139495714,0.011281372258823726,0.4981626653810545,-0.8671225314683013,-0.036969177045826376
20,0,James Harden,59.5,HOU,PG/SG,11300,36.5,63.3,5.615,37.666666666666664,58.580000000000005,61.33938053097345,3.234183125029777,1.2286899414797754,2.764645214868994,3.245640141696713,0.8827170837731318,2.6173775994528583,2.526344608880407
20,1,Patty Mills,18.3,SA,PG/SG,3100,24.0,17.1,5.529999999999999,20.333333333333332,18.52,20.18360655737705,-0.389879409772788,0.13638079514883417,-0.149058465360412,-0.27141773842494415,0.8232859463852649,-0.21420830575329103,-0.3297449301666421
20,2,Otto Porter Jr.,27.5,CHI,SF/PF,4600,25.5,25.75,5.615,21.333333333333332,23.33,30.779296875,0.2886517791025839,0.26745789270854714,0.6010841973151954,0.15087503250329254,0.8827170837731318,0.4180875759917715,0.19612021538419078
20,3,Larry Nance Jr.,36.5,CLE,PF/C,6400,35.0,32.1,4.99,33.0,28.26,34.04545454545455,0.786764270357915,1.0976128439200625,0.8323182309824598,0.5837031740160179,0.44572342650940816,1.0366378950902022,0.6111181535736016
20,4,Shabazz Napier,38.0,WAS,PG,5600,30.5,28.75,5.115,28.0,25.729999999999997,31.31696428571428,0.5239805151287245,0.7043815512409236,0.6391494154384817,0.36158244419305713,0.5331221579621529,1.1397296149399407,0.3963585759797318
20,5,Bruno Caboclo,0.0,HOU,PF/C,3000,0.0,3.4,1.125,7.0,6.779999999999999,0.0,-1.4645473042921635,-1.960852765806573,-1.5779964497185965,-1.3021281606073767,-2.2566453500094594,-1.4719272879201004,-1.0671130290570945
20,6,Marquese Chriss,26.5,GS,C,6000,31.0,35.7,5.9350000000000005,26.666666666666668,28.3,41.501250000000006,1.0691587535892837,0.7480739170941613,1.360165882903278,0.5872149642108472,1.1064578362921587,0.3493597627586125,0.7832364380151221
20,7,Danny Green,19.5,LAL,SG/SF,3200,25.0,18.450000000000003,5.75,26.0,17.21,17.74038461538462,-0.2839814785610246,0.22376552685530948,-0.3220311512481244,-0.3864288673056073,0.977107713742096,-0.1317349298735003,-0.30091664044620364
21,0,Jordan Poole,25.3,GS,PG/SG,4100,20.5,14.9,3.645,21.666666666666668,17.440000000000005,14.097692307692308,-0.5624538161919579,-0.16946576582382938,-0.5799226925340617,-0.36623607368533784,-0.4946869239221253,0.2668863868788218,-0.40588524059672515
21,1,Dillon Brooks,24.5,MEM,SG,5300,29.5,25.9,4.88,28.666666666666668,25.6,26.652906976744184,0.3004182159038908,0.6169968195344483,0.3089483370997405,0.35016912605986195,0.3688125428309926,0.21190413629229457,0.2364294262761829
21,2,Robert Covington,25.8,HOU,SF/PF,6200,33.5,36.4,5.875,31.666666666666668,32.04,38.507368421052625,1.124068791995383,0.9665357463603496,1.1482081687719277,0.9155673474273971,1.0645064451948407,0.3012502934954013,0.8367710469221658
21,3,Domantas Sabonis,51.8,IND,PF/C,8900,36.0,46.1,5.155,37.333333333333336,45.019999999999996,44.45357142857143,1.8849650384799044,1.1849975756265378,1.5691812647344505,2.055143265649541,0.5610897520270313,2.0881734375575345,1.4916013792698828
21,4,Brad Wanamaker,12.5,BOS,PG,3200,16.0,11.95,3.715,20.333333333333332,14.029999999999998,9.40327868852459,-0.7938604066176629,-0.5626970585029683,-0.9122729053489941,-0.6656161877945459,-0.44574363430858843,-0.6128296225056131,-0.6197508074747535
21,5,Terrence Ross,33.0,ORL,SG/SF,5800,32.0,30.8,5.33,30.333333333333332,27.26,32.4923076923077,0.6847884847465873,0.8354586488006366,0.7223601554800045,0.4959084191452826,0.6834479760608737,0.7960905487741459,0.5087422409082667
21,6,Nikola Vucevic,44.8,ORL,C,9100,34.0,48.0,5.29,34.0,45.059999999999995,48.0,2.03400657129646,1.0102281122135872,1.8202576261429728,2.0586550558443704,0.6554803819959955,1.6070787449254216,1.5967653486749407
21,7,Jaylen Nowell,4.0,MIN,PG/SG,3000,0.0,3.9,1.29,10.0,6.760000000000001,0.0,-1.4253258482878068,-1.960852765806573,-1.5779964497185965,-1.3038840557047913,-2.141279024491836,-1.1970160349874646,-1.0508367546105573
22,0,Anfernee Simons,5.5,POR,PG/SG,3100,15.0,11.05,3.575,17.666666666666668,13.91,9.382075471698114,-0.864459027425505,-0.6500817902094436,-0.9137740286407013,-0.6761515583790338,-0.5436302135356623,-1.093924315137726,-0.6595441457884567
22,1,Troy Brown Jr.,17.5,WAS,SG/SF,3700,27.5,23.55,6.34,25.333333333333332,21.99,25.564144736842106,0.11607737268341418,0.4422273561214977,0.23186728044575286,0.03323006097650724,1.3896297261990511,-0.26919055633981825,0.015021915074813874
22,2,Robert Covington,25.8,HOU,SF/PF,6200,33.5,36.4,5.875,31.666666666666668,32.04,38.507368421052625,1.124068791995383,0.9665357463603496,1.1482081687719277,0.9155673474273971,1.0645064451948407,0.3012502934954013,0.8367710469221658
22,3,Vic Law,0.0,ORL,PF,3000,0.0,2.5,0.835,2.0,0.72,0.0,-1.5351459251000057,-1.960852765806573,-1.5779964497185965,-1.8341643751240326,-2.4594104069798273,-1.4719272879201004,-1.1498430323459352
22,4,CJ McCollum,40.5,POR,PG/SG,7900,36.5,38.75,4.925,36.333333333333336,39.95,38.92775229357798,1.3084096352158598,1.2286899414797754,1.1779700689435062,1.6100238584549138,0.40027608615398064,1.3115491480228383,1.069850321539643
22,5,Domantas Sabonis,51.8,IND,PF/C,8900,36.0,46.1,5.155,37.333333333333336,45.019999999999996,44.45357142857143,1.8849650384799044,1.1849975756265378,1.5691812647344505,2.055143265649541,0.5610897520270313,2.0881734375575345,1.4916013792698828
22,6,Larry Nance Jr.,36.5,CLE,PF/C,6400,35.0,32.1,4.99,33.0,28.26,34.04545454545455,0.786764270357915,1.0976128439200625,0.8323182309824598,0.5837031740160179,0.44572342650940816,1.0366378950902022,0.6111181535736016
22,7,Dillon Brooks,24.5,MEM,SG,5300,29.5,25.9,4.88,28.666666666666668,25.6,26.652906976744184,0.3004182159038908,0.6169968195344483,0.3089483370997405,0.35016912605986195,0.3688125428309926,0.21190413629229457,0.2364294262761829
23,0,Austin Rivers,13.5,HOU,PG/SG,3700,18.0,13.25,3.575,25.333333333333332,14.809999999999999,9.414473684210526,-0.6918846210063352,-0.3879275950900177,-0.9114803336881819,-0.5971362789953722,-0.5436302135356623,-0.5441018092724542,-0.5405205103213249
23,1,Terrence Ross,33.0,ORL,SG/SF,5800,32.0,30.8,5.33,30.333333333333332,27.26,32.4923076923077,0.6847884847465873,0.8354586488006366,0.7223601554800045,0.4959084191452826,0.6834479760608737,0.7960905487741459,0.5087422409082667
23,2,Robert Covington,25.8,HOU,SF/PF,6200,33.5,36.4,5.875,31.666666666666668,32.04,38.507368421052625,1.124068791995383,0.9665357463603496,1.1482081687719277,0.9155673474273971,1.0645064451948407,0.3012502934954013,0.8367710469221658
23,3,Larry Nance Jr.,36.5,CLE,PF/C,6400,35.0,32.1,4.99,33.0,28.26,34.04545454545455,0.786764270357915,1.0976128439200625,0.8323182309824598,0.5837031740160179,0.44572342650940816,1.0366378950902022,0.6111181535736016
23,4,Brad Wanamaker,12.5,BOS,PG,3200,16.0,11.95,3.715,20.333333333333332,14.029999999999998,9.40327868852459,-0.7938604066176629,-0.5626970585029683,-0.9122729053489941,-0.6656161877945459,-0.44574363430858843,-0.6128296225056131,-0.6197508074747535
23,5,Wilson Chandler,15.3,BKN,PF,3100,22.0,14.3,4.609999999999999,20.0,13.52,15.730000000000002,-0.6095195633971859,-0.03838866826411644,-0.46436027027479465,-0.7103915127786207,0.1800312828930636,-0.420391745452768,-0.4990101901946786
23,6,Daniel Theis,37.0,BOS,C,5000,27.5,25.4,5.1,26.666666666666668,24.619999999999997,26.193749999999998,0.26119675989953406,0.4422273561214977,0.2764414190230487,0.264130266286541,0.5226343101878231,1.0710018017067817,0.18715971887075147
23,7,Marquese Chriss,26.5,GS,C,6000,31.0,35.7,5.9350000000000005,26.666666666666668,28.3,41.501250000000006,1.0691587535892837,0.7480739170941613,1.360165882903278,0.5872149642108472,1.1064578362921587,0.3493597627586125,0.7832364380151221
24,0,Russell Westbrook,50.0,HOU,PG,10100,36.5,58.15,5.76,34.0,53.33,62.42573529411764,2.8302021281849017,1.2286899414797754,2.8415558294874597,2.7847176786253516,0.9840996122583154,1.9644633737378485,2.234515626101638
24,1,Mikal Bridges,21.8,PHO,SG/SF,5800,39.0,30.8,5.3100000000000005,35.666666666666664,24.599999999999998,33.6785046728972,0.6847884847465873,1.4471517707459638,0.8063392955646494,0.2623743711891263,0.6694641790284349,0.026339040562765384,0.5073685906247515
24,2,Robert Covington,25.8,HOU,SF/PF,6200,33.5,36.4,5.875,31.666666666666668,32.04,38.507368421052625,1.124068791995383,0.9665357463603496,1.1482081687719277,0.9155673474273971,1.0645064451948407,0.3012502934954013,0.8367710469221658
24,3,Jakarr Sampson,7.8,IND,SF/PF,3100,13.0,10.35,3.325,13.0,9.150000000000002,10.35,-0.9193690658316045,-0.8248512536223942,-0.8452479146109457,-1.0940545915637339,-0.7184276764411518,-0.9358503447014603,-0.720443568224832
24,4,Denzel Valentine,21.8,CHI,SG/SF,5100,23.5,24.45,4.805,19.333333333333332,16.77,29.719396551724138,0.18667599349125624,0.09268842929559652,0.5260464766156289,-0.42505855944873094,0.3163733039593456,0.026339040562765384,0.10274404150125917
24,5,DeMarre Carroll,0.0,HOU,PF/C,3000,0.0,7.15,2.375,14.666666666666666,8.969999999999999,0.0,-1.1703863842594877,-1.960852765806573,-1.5779964497185965,-1.1098576474404664,-1.382658035482012,-1.4719272879201004,-0.9252210753999556
24,6,Anthony Tolliver,6.3,MEM,PF/C,3100,18.0,11.25,3.615,17.666666666666668,9.970000000000002,11.462264150943394,-0.8487704450237623,-0.3879275950900177,-0.7665029941030687,-1.0220628925697308,-0.515662619470784,-1.0389420645511989,-0.6666796237101227
24,7,Frank Ntilikina,43.5,NY,PG/SG,3100,17.5,13.350000000000001,4.305,17.666666666666668,14.45,13.224056603773585,-0.6840403298054638,-0.4316199609432553,-0.6417734444436448,-0.6287423907488369,-0.03322162185163334,1.5177325877223151,-0.5476014236307365
25,0,Brad Wanamaker,12.5,BOS,PG,3200,16.0,11.95,3.715,20.333333333333332,14.029999999999998,9.40327868852459,-0.7938604066176629,-0.5626970585029683,-0.9122729053489941,-0.6656161877945459,-0.44574363430858843,-0.6128296225056131,-0.6197508074747535
25,1,James Harden,59.5,HOU,PG/SG,11300,36.5,63.3,5.615,37.666666666666664,58.580000000000005,61.33938053097345,3.234183125029777,1.2286899414797754,2.764645214868994,3.245640141696713,0.8827170837731318,2.6173775994528583,2.526344608880407
25,2,Marcus Morris Sr.,18.0,LAC,SF/PF,4500,28.0,23.0,5.085,28.0,25.54,23.0,0.07293377107862169,0.4859197219747354,0.05033362829840538,0.34490144076761764,0.512146462413494,-0.23482664972323877,0.0605159560923888
25,3,Eric Paschall,25.5,GS,SF/PF,5700,31.5,29.1,5.095,30.666666666666668,27.54,29.890760869565216,0.5514355343317743,0.7917662829473989,0.5381785493564764,0.5204909505090882,0.5191383609297134,0.28063194952545356,0.42215598309711677
25,4,J.J. Barea,0.0,DAL,PG/SG,3300,0.0,7.25,2.195,12.333333333333334,12.830000000000002,0.0,-1.1625420930586163,-1.960852765806573,-1.5779964497185965,-0.7709698936394279,-1.5085122087739644,-1.4719272879201004,-0.8786117923662616
25,5,James Ennis III,14.5,ORL,SF/PF,3800,25.5,18.25,4.805,21.666666666666668,14.91,21.478846153846153,-0.2996700609627676,0.26745789270854714,-0.05735943957044492,-0.5883568035082986,0.3163733039593456,-0.4753739960392952,-0.26171473619196267
25,6,Moritz Wagner,14.8,WAS,PF/C,3500,18.0,16.5,4.7,17.666666666666668,18.14,16.81132075471698,-0.4369451569780163,-0.3879275950900177,-0.3878060481491555,-0.3047797452758235,0.24295836953904035,-0.4547556520693475,-0.3576628028694253
25,7,Gorgui Dieng,23.5,MEM,C,4500,19.0,21.4,4.76,19.0,20.52,21.4,-0.052574888135320075,-0.30054286338354236,-0.06294150756364703,-0.09582822868347356,0.28490976063635753,0.1431763230591356,-0.07245918944991216
26,0,Anfernee Simons,5.5,POR,PG/SG,3100,15.0,11.05,3.575,17.666666666666668,13.91,9.382075471698114,-0.864459027425505,-0.6500817902094436,-0.9137740286407013,-0.6761515583790338,-0.5436302135356623,-1.093924315137726,-0.6595441457884567
26,1,Jaylen Nowell,4.0,MIN,PG/SG,3000,0.0,3.9,1.29,10.0,6.760000000000001,0.0,-1.4253258482878068,-1.960852765806573,-1.5779964497185965,-1.3038840557047913,-2.141279024491836,-1.1970160349874646,-1.0508367546105573
26,2,Eric Paschall,25.5,GS,SF/PF,5700,31.5,29.1,5.095,30.666666666666668,27.54,29.890760869565216,0.5514355343317743,0.7917662829473989,0.5381785493564764,0.5204909505090882,0.5191383609297134,0.28063194952545356,0.42215598309711677
26,3,James Ennis III,14.5,ORL,SF/PF,3800,25.5,18.25,4.805,21.666666666666668,14.91,21.478846153846153,-0.2996700609627676,0.26745789270854714,-0.05735943957044492,-0.5883568035082986,0.3163733039593456,-0.4753739960392952,-0.26171473619196267
26,4,Chasson Randle,8.5,GS,SG,3000,13.5,9.15,3.06,13.0,6.05,9.501923076923077,-1.0135005602420606,-0.7811588877691565,-0.9052891825378268,-1.3662183316630134,-0.9037129871209707,-0.8877408754382491,-0.7976179733801957
26,5,Troy Brown Jr.,17.5,WAS,SG/SF,3700,27.5,23.55,6.34,25.333333333333332,21.99,25.564144736842106,0.11607737268341418,0.4422273561214977,0.23186728044575286,0.03323006097650724,1.3896297261990511,-0.26919055633981825,0.015021915074813874
26,6,Domantas Sabonis,51.8,IND,PF/C,8900,36.0,46.1,5.155,37.333333333333336,45.019999999999996,44.45357142857143,1.8849650384799044,1.1849975756265378,1.5691812647344505,2.055143265649541,0.5610897520270313,2.0881734375575345,1.4916013792698828
26,7,Nikola Vucevic,44.8,ORL,C,9100,34.0,48.0,5.29,34.0,45.059999999999995,48.0,2.03400657129646,1.0102281122135872,1.8202576261429728,2.0586550558443704,0.6554803819959955,1.6070787449254216,1.5967653486749407
27,0,Chris Chiozza,21.3,BKN,PG,3100,17.5,14.65,4.73,15.0,12.37,17.09166666666667,-0.5820645441941362,-0.4316199609432553,-0.3679584098588606,-0.8113554808799663,0.2639340650876993,-0.008024866053814106,-0.4969921123272713
27,1,Delon Wright,19.0,DAL,PG/SG,4400,23.0,20.9,4.744999999999999,25.0,21.380000000000003,19.227999999999998,-0.09179634413967684,0.04899606344235887,-0.2167125044963831,-0.020324739494640934,0.2744219128620278,-0.1660988364900798,-0.09529451648961093
27,2,Terrence Ross,33.0,ORL,SG/SF,5800,32.0,30.8,5.33,30.333333333333332,27.26,32.4923076923077,0.6847884847465873,0.8354586488006366,0.7223601554800045,0.4959084191452826,0.6834479760608737,0.7960905487741459,0.5087422409082667
27,3,Taurean Prince,19.0,BKN,PF,4100,27.5,22.65,5.505000000000001,28.333333333333332,24.23,21.983823529411765,0.04547875187557184,0.4422273561214977,-0.021608576555159055,0.2298903118869545,0.8058062000947169,-0.1660988364900798,0.005531681263715186
27,4,Jordan McLaughlin,12.0,MIN,PG,4000,20.5,19.85,4.9399999999999995,21.333333333333332,19.490000000000002,19.074609375,-0.17416140174882583,-0.16946576582382938,-0.22757209442565793,-0.1862568262003307,0.4107639339283098,-0.6471935291221926,-0.17659570273804584
27,5,JaMychal Green,31.0,LAC,PF,3200,17.0,14.4,4.515000000000001,18.666666666666668,16.640000000000004,13.114285714285714,-0.6016752721963147,-0.47531232679649293,-0.6495448897064179,-0.4364718775819261,0.11360824698897841,0.6586349223078279,-0.48942526041332574
27,6,Aron Baynes,12.5,PHO,C,5900,32.5,35.75,6.05,26.0,26.51,44.6875,1.0730808991897192,0.8791510146538742,1.5857426964285677,0.4300623529922311,1.1868646692286833,-0.6128296225056131,0.7888259604656904
27,7,Marco Belinelli,24.5,SA,SG/SF,3000,18.5,12.05,4.035,11.333333333333334,10.95,19.66985294117647,-0.7860161154167914,-0.34423522923678,-0.1854306595321255,-0.9360240327964104,-0.22200288178956168,0.21190413629229457,-0.5832806182143019
28,0,T.J. McConnell,9.3,IND,PG,4200,18.0,16.8,4.025,18.666666666666668,18.28,16.2,-0.41341228337540215,-0.3879275950900177,-0.431085699115317,-0.2924884795939205,-0.2289947803057811,-0.8327586248517218,-0.3154464903399822
28,1,Michael Carter-Williams,27.8,ORL,PG/SG,4300,22.5,22.55,5.234999999999999,21.666666666666668,19.529999999999998,23.41730769230769,0.03763446067470065,0.005303697589121217,0.07987774426242616,-0.18274503600550168,0.6170249401567873,0.43870591996171926,-0.027652552115789448
28,2,Gordon Hayward,55.0,BOS,SF/PF,7000,35.0,33.7,4.8149999999999995,36.666666666666664,33.779999999999994,32.16818181818182,0.9122729295718567,1.0976128439200625,0.6994130289624951,1.068330220902476,0.32336520247556505,2.308102439903643,0.7313146688716092
28,3,Bobby Portis,37.0,NY,PF/C,4200,20.5,20.6,4.890000000000001,22.333333333333332,21.040000000000003,18.9089552238806,-0.11532921774229067,-0.16946576582382938,-0.23929990472200988,-0.050174956150690925,0.37580444134721264,1.0710018017067817,-0.12598887826107438
28,4,Danny Green,19.5,LAL,SG/SF,3200,25.0,18.450000000000003,5.75,26.0,17.21,17.74038461538462,-0.2839814785610246,0.22376552685530948,-0.3220311512481244,-0.3864288673056073,0.977107713742096,-0.1317349298735003,-0.30091664044620364
28,5,John Konchar,5.0,MEM,SG/SF,3100,16.0,15.2,4.91,14.333333333333334,13.219999999999999,16.967441860465115,-0.5389209425893439,-0.5626970585029683,-0.37675314848380936,-0.7367299392398413,0.3897882383796515,-1.1282882217543055,-0.47503317417701724
28,6,DeMarre Carroll,0.0,HOU,PF/C,3000,0.0,7.15,2.375,14.666666666666666,8.969999999999999,0.0,-1.1703863842594877,-1.960852765806573,-1.5779964497185965,-1.1098576474404664,-1.382658035482012,-1.4719272879201004,-0.9252210753999556
28,7,Theo Pinson,0.0,BKN,SG,3000,0.0,2.25,0.75,6.666666666666667,6.890000000000001,0.0,-1.5547566531021841,-1.960852765806573,-1.5779964497185965,-1.2924707375715958,-2.5188415443676937,-1.4719272879201004,-1.1041954853451996
