Lineup Num,,Player Name,position,injury_status,game_date,team,opp,spread,over_under,implied_team_score,salary,L5_dvp_rank,L5_ppg_floor,L5_ppg_avg,L5_ppg_max,ppg_projection,value_projection,Pos,Salary,Rest,USG,PER,Opp Pace,Opp DEff,Opp DvP,L2 FGA,L5 FGA,S FGA,L2 Min,L5 Min,S Min,L5 FP,S FP,Floor FP,Ceil FP,Proj Min,Proj FP,Proj Val,Actual Min,Actual FP,Actual Val,FantasyFuelPPGProj,FantasyFuelValueProj,DFN_PPGProj,DFN_MinProj,DFN_ValueProj,Avg Proj,Avg Value Proj,Avg Skewed Min,Avg Skewed FGA,Avg Skewed FP,Avg L5 PPG,Proj Min Enhanced,Avg Proj Stan,DFN_MinProj Stan,Proj Min Enhanced Stan,Avg Skewed FP Stan,Avg Value Proj Stan
0,0,Terry Rozier,PG,,2019-11-22,CHA,WAS,6.0,234.5,114.3,6200,19,19.8,32.7,53.3,35.0,5.65,PG,6200,1,26.0,14.0,107,114,5%,13,16,15,29,33,33,32.4,30.6,19.3,41.9,33.0,35.4,5.7,34.1,29.0,4.7,35.0,5.65,35.4,33.0,5.7,35.2,5.675000000000001,31.666666666666668,14.666666666666666,31.880000000000003,35.266666666666666,36.682105263157894,1.017156961873191,0.9310676617981973,1.0070495636318324,0.7589839214956552,1.1984719416793643
0,1,Langston Galloway,PG,,2019-11-22,DET,ATL,-6.0,225.0,115.5,4500,18,17.8,26.4,39.5,25.8,5.72,PG/SG,4500,1,18.0,16.0,106,110,15%,14,12,9,39,33,27,26.4,21.1,13.4,28.8,35.0,26.4,5.9,27.4,14.8,3.3,25.8,5.72,26.4,35.0,5.9,26.1,5.8100000000000005,33.0,11.666666666666666,23.160000000000004,27.900000000000002,27.681818181818187,0.23590576143260816,1.1436850366301778,0.28930389349902663,0.008457270794696188,1.3261034230569222
0,2,Tobias Harris,SF,,2019-11-22,PHI,SA,-7.0,220.5,113.8,6200,17,19.8,32.0,47.3,35.5,5.73,SF/PF,6200,1,22.0,16.0,104,111,2%,14,15,14,31,33,34,32.0,35.7,27.4,43.9,33.5,34.8,5.6,34.3,46.0,7.4,35.5,5.73,34.8,33.5,5.6,35.15,5.665,32.666666666666664,14.333333333333334,34.83,33.03333333333333,36.04668367346939,1.0128643728597808,0.9842220055061924,0.9563766139152172,1.0128891530974702,1.1890177578736187
0,3,Paul George,SF,,2019-11-22,LAC,HOU,-5.0,225.5,115.3,8100,28,30.8,45.9,54.0,45.8,5.65,SF/PF,8100,1,38.0,32.0,108,105,11%,16,17,17,33,28,28,44.7,44.7,34.7,54.7,32.5,45.0,5.6,32.3,43.5,5.4,45.8,5.65,45.0,32.5,5.6,45.4,5.625,29.666666666666668,16.666666666666668,44.84,43.56666666666666,49.73595505617977,1.8928451206087888,0.8779133180902022,2.048054598563544,1.8744455491429524,1.1512010226506384
0,4,Malik Monk,PG,,2019-11-22,CHA,WAS,6.0,234.5,114.3,4600,19,13.3,25.6,39.5,25.0,5.43,PG/SG,4600,1,22.0,12.0,107,114,13%,11,12,9,25,26,21,25.6,18.3,7.7,28.8,24.5,24.8,5.4,21.9,27.5,6.0,25.0,5.43,24.8,24.5,5.4,24.9,5.415,24.0,10.666666666666666,21.060000000000002,26.133333333333336,25.418749999999996,0.13288362511077284,0.027443818762280046,0.10883105146235375,-0.17228882627778264,0.9526631627299929
0,5,Buddy Hield,SG,,2019-11-22,SAC,BKN,1.5,213.5,106.0,7400,7,26.0,36.0,57.5,38.3,5.17,SG/SF,7400,2,27.0,14.0,108,107,6%,19,18,18,34,34,33,36.0,33.4,23.8,42.9,37.0,40.6,5.5,32.2,23.3,3.1,38.3,5.17,40.6,37.0,5.5,39.45,5.335,33.666666666666664,18.333333333333332,35.11,39.833333333333336,43.35594059405941,1.3820270280130236,1.3563024114621585,1.5392677438569116,1.036988632707134,0.8770296922840325
0,6,Andre Drummond,C,,2019-11-22,DET,ATL,-6.0,225.0,115.5,8500,11,32.8,40.1,44.8,48.0,5.65,C,8500,1,25.0,23.0,106,110,0%,13,12,15,36,32,35,40.1,52.3,38.3,66.3,34.5,47.8,5.6,27.6,50.3,5.9,48.0,5.65,47.8,34.5,5.6,47.9,5.625,34.333333333333336,13.333333333333334,48.980000000000004,39.233333333333334,48.13252427184466,2.1074745712792784,1.0905306929221827,1.9201858436656873,2.230773569085839,1.1512010226506384
0,7,DeAndre' Bembry,PG,,2019-11-22,ATL,DET,6.0,225.0,109.5,4100,26,9.5,15.7,19.5,19.0,4.63,PG/SF,4100,1,15.0,11.0,102,109,1%,2,4,6,21,23,25,15.7,19.3,10.9,27.6,29.5,24.6,6.0,34.6,45.5,11.1,19.0,4.63,24.6,29.5,6.0,21.8,5.3149999999999995,23.0,4.0,19.06,14.9,27.960869565217394,-0.13325689372063426,0.5589872558422314,0.3115573972338805,-0.3444279663468103,0.858121324672542
1,0,Langston Galloway,PG,,2019-11-22,DET,ATL,-6.0,225.0,115.5,4500,18,17.8,26.4,39.5,25.8,5.72,PG/SG,4500,1,18.0,16.0,106,110,15%,14,12,9,39,33,27,26.4,21.1,13.4,28.8,35.0,26.4,5.9,27.4,14.8,3.3,25.8,5.72,26.4,35.0,5.9,26.1,5.8100000000000005,33.0,11.666666666666666,23.160000000000004,27.900000000000002,27.681818181818187,0.23590576143260816,1.1436850366301778,0.28930389349902663,0.008457270794696188,1.3261034230569222
1,1,Devonte' Graham,PG,,2019-11-22,CHA,WAS,6.0,234.5,114.3,6900,19,22.5,32.0,41.3,33.3,4.82,PG/SG,6900,1,27.0,18.0,107,114,5%,13,17,14,32,35,32,32.3,35.1,24.6,45.6,35.5,38.6,5.6,35.8,42.5,6.2,33.3,4.82,38.6,35.5,5.6,35.95,5.21,33.0,14.666666666666666,34.71,31.933333333333334,38.673484848484854,1.0815457970743378,1.196839380338173,1.1658560619181666,1.0025608046933288,0.7588523947122195
1,2,Tobias Harris,SF,,2019-11-22,PHI,SA,-7.0,220.5,113.8,6200,17,19.8,32.0,47.3,35.5,5.73,SF/PF,6200,1,22.0,16.0,104,111,2%,14,15,14,31,33,34,32.0,35.7,27.4,43.9,33.5,34.8,5.6,34.3,46.0,7.4,35.5,5.73,34.8,33.5,5.6,35.15,5.665,32.666666666666664,14.333333333333334,34.83,33.03333333333333,36.04668367346939,1.0128643728597808,0.9842220055061924,0.9563766139152172,1.0128891530974702,1.1890177578736187
1,3,Lauri Markkanen,PF,,2019-11-22,CHI,MIA,4.5,217.0,106.3,6000,27,20.0,28.9,38.5,31.5,5.25,PF/C,6000,1,22.0,13.0,104,98,12%,13,11,12,28,30,30,28.9,29.9,18.3,41.4,31.0,31.0,5.2,23.7,18.8,3.1,31.5,5.25,31.0,31.0,5.2,31.25,5.225,29.333333333333332,12.0,29.95,29.133333333333336,33.02556818181819,0.6780424298138169,0.7184502869662168,0.7154517919059815,0.5928696513290436,0.7730336704208368
1,4,Terry Rozier,PG,,2019-11-22,CHA,WAS,6.0,234.5,114.3,6200,19,19.8,32.7,53.3,35.0,5.65,PG,6200,1,26.0,14.0,107,114,5%,13,16,15,29,33,33,32.4,30.6,19.3,41.9,33.0,35.4,5.7,34.1,29.0,4.7,35.0,5.65,35.4,33.0,5.7,35.2,5.675000000000001,31.666666666666668,14.666666666666666,31.880000000000003,35.266666666666666,36.682105263157894,1.017156961873191,0.9310676617981973,1.0070495636318324,0.7589839214956552,1.1984719416793643
1,5,DeAndre' Bembry,PG,,2019-11-22,ATL,DET,6.0,225.0,109.5,4100,26,9.5,15.7,19.5,19.0,4.63,PG/SF,4100,1,15.0,11.0,102,109,1%,2,4,6,21,23,25,15.7,19.3,10.9,27.6,29.5,24.6,6.0,34.6,45.5,11.1,19.0,4.63,24.6,29.5,6.0,21.8,5.3149999999999995,23.0,4.0,19.06,14.9,27.960869565217394,-0.13325689372063426,0.5589872558422314,0.3115573972338805,-0.3444279663468103,0.858121324672542
1,6,Andre Drummond,C,,2019-11-22,DET,ATL,-6.0,225.0,115.5,8500,11,32.8,40.1,44.8,48.0,5.65,C,8500,1,25.0,23.0,106,110,0%,13,12,15,36,32,35,40.1,52.3,38.3,66.3,34.5,47.8,5.6,27.6,50.3,5.9,48.0,5.65,47.8,34.5,5.6,47.9,5.625,34.333333333333336,13.333333333333334,48.980000000000004,39.233333333333334,48.13252427184466,2.1074745712792784,1.0905306929221827,1.9201858436656873,2.230773569085839,1.1512010226506384
1,7,Buddy Hield,SG,,2019-11-22,SAC,BKN,1.5,213.5,106.0,7400,7,26.0,36.0,57.5,38.3,5.17,SG/SF,7400,2,27.0,14.0,108,107,6%,19,18,18,34,34,33,36.0,33.4,23.8,42.9,37.0,40.6,5.5,32.2,23.3,3.1,38.3,5.17,40.6,37.0,5.5,39.45,5.335,33.666666666666664,18.333333333333332,35.11,39.833333333333336,43.35594059405941,1.3820270280130236,1.3563024114621585,1.5392677438569116,1.036988632707134,0.8770296922840325
2,0,Terry Rozier,PG,,2019-11-22,CHA,WAS,6.0,234.5,114.3,6200,19,19.8,32.7,53.3,35.0,5.65,PG,6200,1,26.0,14.0,107,114,5%,13,16,15,29,33,33,32.4,30.6,19.3,41.9,33.0,35.4,5.7,34.1,29.0,4.7,35.0,5.65,35.4,33.0,5.7,35.2,5.675000000000001,31.666666666666668,14.666666666666666,31.880000000000003,35.266666666666666,36.682105263157894,1.017156961873191,0.9310676617981973,1.0070495636318324,0.7589839214956552,1.1984719416793643
2,1,Buddy Hield,SG,,2019-11-22,SAC,BKN,1.5,213.5,106.0,7400,7,26.0,36.0,57.5,38.3,5.17,SG/SF,7400,2,27.0,14.0,108,107,6%,19,18,18,34,34,33,36.0,33.4,23.8,42.9,37.0,40.6,5.5,32.2,23.3,3.1,38.3,5.17,40.6,37.0,5.5,39.45,5.335,33.666666666666664,18.333333333333332,35.11,39.833333333333336,43.35594059405941,1.3820270280130236,1.3563024114621585,1.5392677438569116,1.036988632707134,0.8770296922840325
2,2,Paul George,SF,,2019-11-22,LAC,HOU,-5.0,225.5,115.3,8100,28,30.8,45.9,54.0,45.8,5.65,SF/PF,8100,1,38.0,32.0,108,105,11%,16,17,17,33,28,28,44.7,44.7,34.7,54.7,32.5,45.0,5.6,32.3,43.5,5.4,45.8,5.65,45.0,32.5,5.6,45.4,5.625,29.666666666666668,16.666666666666668,44.84,43.56666666666666,49.73595505617977,1.8928451206087888,0.8779133180902022,2.048054598563544,1.8744455491429524,1.1512010226506384
2,3,Kelly Olynyk,PF,,2019-11-22,MIA,CHI,-4.5,217.0,110.8,4500,15,11.3,20.2,27.8,23.8,5.28,PF/C,4500,1,16.0,12.0,106,104,15%,7,7,7,26,25,22,20.2,20.0,11.2,28.7,24.0,22.5,5.0,23.5,19.0,4.2,23.8,5.28,22.5,24.0,5.0,23.15,5.140000000000001,24.333333333333332,7.0,20.65,19.766666666666666,22.83287671232877,-0.017356990358569968,-0.025710524945715088,-0.09738452132600203,-0.20757734999193356,0.6926731080720049
2,4,Langston Galloway,PG,,2019-11-22,DET,ATL,-6.0,225.0,115.5,4500,18,17.8,26.4,39.5,25.8,5.72,PG/SG,4500,1,18.0,16.0,106,110,15%,14,12,9,39,33,27,26.4,21.1,13.4,28.8,35.0,26.4,5.9,27.4,14.8,3.3,25.8,5.72,26.4,35.0,5.9,26.1,5.8100000000000005,33.0,11.666666666666666,23.160000000000004,27.900000000000002,27.681818181818187,0.23590576143260816,1.1436850366301778,0.28930389349902663,0.008457270794696188,1.3261034230569222
2,5,Tobias Harris,SF,,2019-11-22,PHI,SA,-7.0,220.5,113.8,6200,17,19.8,32.0,47.3,35.5,5.73,SF/PF,6200,1,22.0,16.0,104,111,2%,14,15,14,31,33,34,32.0,35.7,27.4,43.9,33.5,34.8,5.6,34.3,46.0,7.4,35.5,5.73,34.8,33.5,5.6,35.15,5.665,32.666666666666664,14.333333333333334,34.83,33.03333333333333,36.04668367346939,1.0128643728597808,0.9842220055061924,0.9563766139152172,1.0128891530974702,1.1890177578736187
2,6,Andre Drummond,C,,2019-11-22,DET,ATL,-6.0,225.0,115.5,8500,11,32.8,40.1,44.8,48.0,5.65,C,8500,1,25.0,23.0,106,110,0%,13,12,15,36,32,35,40.1,52.3,38.3,66.3,34.5,47.8,5.6,27.6,50.3,5.9,48.0,5.65,47.8,34.5,5.6,47.9,5.625,34.333333333333336,13.333333333333334,48.980000000000004,39.233333333333334,48.13252427184466,2.1074745712792784,1.0905306929221827,1.9201858436656873,2.230773569085839,1.1512010226506384
2,7,DeAndre' Bembry,PG,,2019-11-22,ATL,DET,6.0,225.0,109.5,4100,26,9.5,15.7,19.5,19.0,4.63,PG/SF,4100,1,15.0,11.0,102,109,1%,2,4,6,21,23,25,15.7,19.3,10.9,27.6,29.5,24.6,6.0,34.6,45.5,11.1,19.0,4.63,24.6,29.5,6.0,21.8,5.3149999999999995,23.0,4.0,19.06,14.9,27.960869565217394,-0.13325689372063426,0.5589872558422314,0.3115573972338805,-0.3444279663468103,0.858121324672542
3,0,Malik Monk,PG,,2019-11-22,CHA,WAS,6.0,234.5,114.3,4600,19,13.3,25.6,39.5,25.0,5.43,PG/SG,4600,1,22.0,12.0,107,114,13%,11,12,9,25,26,21,25.6,18.3,7.7,28.8,24.5,24.8,5.4,21.9,27.5,6.0,25.0,5.43,24.8,24.5,5.4,24.9,5.415,24.0,10.666666666666666,21.060000000000002,26.133333333333336,25.418749999999996,0.13288362511077284,0.027443818762280046,0.10883105146235375,-0.17228882627778264,0.9526631627299929
3,1,Langston Galloway,PG,,2019-11-22,DET,ATL,-6.0,225.0,115.5,4500,18,17.8,26.4,39.5,25.8,5.72,PG/SG,4500,1,18.0,16.0,106,110,15%,14,12,9,39,33,27,26.4,21.1,13.4,28.8,35.0,26.4,5.9,27.4,14.8,3.3,25.8,5.72,26.4,35.0,5.9,26.1,5.8100000000000005,33.0,11.666666666666666,23.160000000000004,27.900000000000002,27.681818181818187,0.23590576143260816,1.1436850366301778,0.28930389349902663,0.008457270794696188,1.3261034230569222
3,2,Tobias Harris,SF,,2019-11-22,PHI,SA,-7.0,220.5,113.8,6200,17,19.8,32.0,47.3,35.5,5.73,SF/PF,6200,1,22.0,16.0,104,111,2%,14,15,14,31,33,34,32.0,35.7,27.4,43.9,33.5,34.8,5.6,34.3,46.0,7.4,35.5,5.73,34.8,33.5,5.6,35.15,5.665,32.666666666666664,14.333333333333334,34.83,33.03333333333333,36.04668367346939,1.0128643728597808,0.9842220055061924,0.9563766139152172,1.0128891530974702,1.1890177578736187
3,3,Paul George,SF,,2019-11-22,LAC,HOU,-5.0,225.5,115.3,8100,28,30.8,45.9,54.0,45.8,5.65,SF/PF,8100,1,38.0,32.0,108,105,11%,16,17,17,33,28,28,44.7,44.7,34.7,54.7,32.5,45.0,5.6,32.3,43.5,5.4,45.8,5.65,45.0,32.5,5.6,45.4,5.625,29.666666666666668,16.666666666666668,44.84,43.56666666666666,49.73595505617977,1.8928451206087888,0.8779133180902022,2.048054598563544,1.8744455491429524,1.1512010226506384
3,4,Jordan Clarkson,SG,,2019-11-22,CLE,DAL,10.0,221.0,105.5,4400,23,15.8,22.4,28.0,20.0,4.55,SG/SF,4400,1,27.0,20.0,102,107,-5%,9,11,11,20,23,23,22.4,23.0,17.7,28.3,23.5,21.0,4.8,15.0,2.8,0.6,20.0,4.55,21.0,23.5,4.8,20.5,4.675,22.0,10.333333333333334,22.380000000000003,22.066666666666666,21.89772727272727,-0.244864208069289,-0.07886486865371022,-0.1719598604385392,-0.05867699383222457,0.25305356110486016
3,5,Buddy Hield,SG,,2019-11-22,SAC,BKN,1.5,213.5,106.0,7400,7,26.0,36.0,57.5,38.3,5.17,SG/SF,7400,2,27.0,14.0,108,107,6%,19,18,18,34,34,33,36.0,33.4,23.8,42.9,37.0,40.6,5.5,32.2,23.3,3.1,38.3,5.17,40.6,37.0,5.5,39.45,5.335,33.666666666666664,18.333333333333332,35.11,39.833333333333336,43.35594059405941,1.3820270280130236,1.3563024114621585,1.5392677438569116,1.036988632707134,0.8770296922840325
3,6,Andre Drummond,C,,2019-11-22,DET,ATL,-6.0,225.0,115.5,8500,11,32.8,40.1,44.8,48.0,5.65,C,8500,1,25.0,23.0,106,110,0%,13,12,15,36,32,35,40.1,52.3,38.3,66.3,34.5,47.8,5.6,27.6,50.3,5.9,48.0,5.65,47.8,34.5,5.6,47.9,5.625,34.333333333333336,13.333333333333334,48.980000000000004,39.233333333333334,48.13252427184466,2.1074745712792784,1.0905306929221827,1.9201858436656873,2.230773569085839,1.1512010226506384
3,7,Terry Rozier,PG,,2019-11-22,CHA,WAS,6.0,234.5,114.3,6200,19,19.8,32.7,53.3,35.0,5.65,PG,6200,1,26.0,14.0,107,114,5%,13,16,15,29,33,33,32.4,30.6,19.3,41.9,33.0,35.4,5.7,34.1,29.0,4.7,35.0,5.65,35.4,33.0,5.7,35.2,5.675000000000001,31.666666666666668,14.666666666666666,31.880000000000003,35.266666666666666,36.682105263157894,1.017156961873191,0.9310676617981973,1.0070495636318324,0.7589839214956552,1.1984719416793643
4,0,Langston Galloway,PG,,2019-11-22,DET,ATL,-6.0,225.0,115.5,4500,18,17.8,26.4,39.5,25.8,5.72,PG/SG,4500,1,18.0,16.0,106,110,15%,14,12,9,39,33,27,26.4,21.1,13.4,28.8,35.0,26.4,5.9,27.4,14.8,3.3,25.8,5.72,26.4,35.0,5.9,26.1,5.8100000000000005,33.0,11.666666666666666,23.160000000000004,27.900000000000002,27.681818181818187,0.23590576143260816,1.1436850366301778,0.28930389349902663,0.008457270794696188,1.3261034230569222
4,1,Delon Wright,PG,,2019-11-22,DAL,CLE,-10.0,221.0,115.5,4200,2,12.5,18.7,27.5,21.8,5.18,PG/SG,4200,1,15.0,18.0,102,108,1%,5,5,6,20,21,24,18.6,21.4,13.0,29.8,21.5,20.3,4.8,19.6,22.5,5.4,21.8,5.18,20.3,21.5,4.8,21.05,4.99,21.666666666666668,5.333333333333333,20.77,19.566666666666666,20.888076923076923,-0.19764572892178117,-0.29148224348569074,-0.25247642177268514,-0.19724900158779182,0.5508603509858291
4,2,Tobias Harris,SF,,2019-11-22,PHI,SA,-7.0,220.5,113.8,6200,17,19.8,32.0,47.3,35.5,5.73,SF/PF,6200,1,22.0,16.0,104,111,2%,14,15,14,31,33,34,32.0,35.7,27.4,43.9,33.5,34.8,5.6,34.3,46.0,7.4,35.5,5.73,34.8,33.5,5.6,35.15,5.665,32.666666666666664,14.333333333333334,34.83,33.03333333333333,36.04668367346939,1.0128643728597808,0.9842220055061924,0.9563766139152172,1.0128891530974702,1.1890177578736187
4,3,Paul George,SF,,2019-11-22,LAC,HOU,-5.0,225.5,115.3,8100,28,30.8,45.9,54.0,45.8,5.65,SF/PF,8100,1,38.0,32.0,108,105,11%,16,17,17,33,28,28,44.7,44.7,34.7,54.7,32.5,45.0,5.6,32.3,43.5,5.4,45.8,5.65,45.0,32.5,5.6,45.4,5.625,29.666666666666668,16.666666666666668,44.84,43.56666666666666,49.73595505617977,1.8928451206087888,0.8779133180902022,2.048054598563544,1.8744455491429524,1.1512010226506384
4,4,Malik Monk,PG,,2019-11-22,CHA,WAS,6.0,234.5,114.3,4600,19,13.3,25.6,39.5,25.0,5.43,PG/SG,4600,1,22.0,12.0,107,114,13%,11,12,9,25,26,21,25.6,18.3,7.7,28.8,24.5,24.8,5.4,21.9,27.5,6.0,25.0,5.43,24.8,24.5,5.4,24.9,5.415,24.0,10.666666666666666,21.060000000000002,26.133333333333336,25.418749999999996,0.13288362511077284,0.027443818762280046,0.10883105146235375,-0.17228882627778264,0.9526631627299929
4,5,Buddy Hield,SG,,2019-11-22,SAC,BKN,1.5,213.5,106.0,7400,7,26.0,36.0,57.5,38.3,5.17,SG/SF,7400,2,27.0,14.0,108,107,6%,19,18,18,34,34,33,36.0,33.4,23.8,42.9,37.0,40.6,5.5,32.2,23.3,3.1,38.3,5.17,40.6,37.0,5.5,39.45,5.335,33.666666666666664,18.333333333333332,35.11,39.833333333333336,43.35594059405941,1.3820270280130236,1.3563024114621585,1.5392677438569116,1.036988632707134,0.8770296922840325
4,6,Andre Drummond,C,,2019-11-22,DET,ATL,-6.0,225.0,115.5,8500,11,32.8,40.1,44.8,48.0,5.65,C,8500,1,25.0,23.0,106,110,0%,13,12,15,36,32,35,40.1,52.3,38.3,66.3,34.5,47.8,5.6,27.6,50.3,5.9,48.0,5.65,47.8,34.5,5.6,47.9,5.625,34.333333333333336,13.333333333333334,48.980000000000004,39.233333333333334,48.13252427184466,2.1074745712792784,1.0905306929221827,1.9201858436656873,2.230773569085839,1.1512010226506384
4,7,Terry Rozier,PG,,2019-11-22,CHA,WAS,6.0,234.5,114.3,6200,19,19.8,32.7,53.3,35.0,5.65,PG,6200,1,26.0,14.0,107,114,5%,13,16,15,29,33,33,32.4,30.6,19.3,41.9,33.0,35.4,5.7,34.1,29.0,4.7,35.0,5.65,35.4,33.0,5.7,35.2,5.675000000000001,31.666666666666668,14.666666666666666,31.880000000000003,35.266666666666666,36.682105263157894,1.017156961873191,0.9310676617981973,1.0070495636318324,0.7589839214956552,1.1984719416793643
5,0,Malik Monk,PG,,2019-11-22,CHA,WAS,6.0,234.5,114.3,4600,19,13.3,25.6,39.5,25.0,5.43,PG/SG,4600,1,22.0,12.0,107,114,13%,11,12,9,25,26,21,25.6,18.3,7.7,28.8,24.5,24.8,5.4,21.9,27.5,6.0,25.0,5.43,24.8,24.5,5.4,24.9,5.415,24.0,10.666666666666666,21.060000000000002,26.133333333333336,25.418749999999996,0.13288362511077284,0.027443818762280046,0.10883105146235375,-0.17228882627778264,0.9526631627299929
5,1,Buddy Hield,SG,,2019-11-22,SAC,BKN,1.5,213.5,106.0,7400,7,26.0,36.0,57.5,38.3,5.17,SG/SF,7400,2,27.0,14.0,108,107,6%,19,18,18,34,34,33,36.0,33.4,23.8,42.9,37.0,40.6,5.5,32.2,23.3,3.1,38.3,5.17,40.6,37.0,5.5,39.45,5.335,33.666666666666664,18.333333333333332,35.11,39.833333333333336,43.35594059405941,1.3820270280130236,1.3563024114621585,1.5392677438569116,1.036988632707134,0.8770296922840325
5,2,DeAndre' Bembry,PG,,2019-11-22,ATL,DET,6.0,225.0,109.5,4100,26,9.5,15.7,19.5,19.0,4.63,PG/SF,4100,1,15.0,11.0,102,109,1%,2,4,6,21,23,25,15.7,19.3,10.9,27.6,29.5,24.6,6.0,34.6,45.5,11.1,19.0,4.63,24.6,29.5,6.0,21.8,5.3149999999999995,23.0,4.0,19.06,14.9,27.960869565217394,-0.13325689372063426,0.5589872558422314,0.3115573972338805,-0.3444279663468103,0.858121324672542
5,3,Paul George,SF,,2019-11-22,LAC,HOU,-5.0,225.5,115.3,8100,28,30.8,45.9,54.0,45.8,5.65,SF/PF,8100,1,38.0,32.0,108,105,11%,16,17,17,33,28,28,44.7,44.7,34.7,54.7,32.5,45.0,5.6,32.3,43.5,5.4,45.8,5.65,45.0,32.5,5.6,45.4,5.625,29.666666666666668,16.666666666666668,44.84,43.56666666666666,49.73595505617977,1.8928451206087888,0.8779133180902022,2.048054598563544,1.8744455491429524,1.1512010226506384
5,4,Terry Rozier,PG,,2019-11-22,CHA,WAS,6.0,234.5,114.3,6200,19,19.8,32.7,53.3,35.0,5.65,PG,6200,1,26.0,14.0,107,114,5%,13,16,15,29,33,33,32.4,30.6,19.3,41.9,33.0,35.4,5.7,34.1,29.0,4.7,35.0,5.65,35.4,33.0,5.7,35.2,5.675000000000001,31.666666666666668,14.666666666666666,31.880000000000003,35.266666666666666,36.682105263157894,1.017156961873191,0.9310676617981973,1.0070495636318324,0.7589839214956552,1.1984719416793643
5,5,Richaun Holmes,PF,,2019-11-22,SAC,BKN,1.5,213.5,106.0,6300,23,16.8,29.5,45.3,33.3,5.28,PF/C,6300,2,15.0,20.0,108,107,3%,9,8,8,31,30,27,29.4,26.6,14.2,38.9,30.5,30.8,4.9,26.3,28.5,4.5,33.3,5.28,30.8,30.5,4.9,32.05,5.09,29.333333333333332,8.333333333333334,28.23,30.53333333333333,33.324715909090905,0.7467238540283734,0.6652959432582216,0.7393079182761308,0.44482999086968017,0.6454021890432791
5,6,Andre Drummond,C,,2019-11-22,DET,ATL,-6.0,225.0,115.5,8500,11,32.8,40.1,44.8,48.0,5.65,C,8500,1,25.0,23.0,106,110,0%,13,12,15,36,32,35,40.1,52.3,38.3,66.3,34.5,47.8,5.6,27.6,50.3,5.9,48.0,5.65,47.8,34.5,5.6,47.9,5.625,34.333333333333336,13.333333333333334,48.980000000000004,39.233333333333334,48.13252427184466,2.1074745712792784,1.0905306929221827,1.9201858436656873,2.230773569085839,1.1512010226506384
5,7,Langston Galloway,PG,,2019-11-22,DET,ATL,-6.0,225.0,115.5,4500,18,17.8,26.4,39.5,25.8,5.72,PG/SG,4500,1,18.0,16.0,106,110,15%,14,12,9,39,33,27,26.4,21.1,13.4,28.8,35.0,26.4,5.9,27.4,14.8,3.3,25.8,5.72,26.4,35.0,5.9,26.1,5.8100000000000005,33.0,11.666666666666666,23.160000000000004,27.900000000000002,27.681818181818187,0.23590576143260816,1.1436850366301778,0.28930389349902663,0.008457270794696188,1.3261034230569222
6,0,Malik Monk,PG,,2019-11-22,CHA,WAS,6.0,234.5,114.3,4600,19,13.3,25.6,39.5,25.0,5.43,PG/SG,4600,1,22.0,12.0,107,114,13%,11,12,9,25,26,21,25.6,18.3,7.7,28.8,24.5,24.8,5.4,21.9,27.5,6.0,25.0,5.43,24.8,24.5,5.4,24.9,5.415,24.0,10.666666666666666,21.060000000000002,26.133333333333336,25.418749999999996,0.13288362511077284,0.027443818762280046,0.10883105146235375,-0.17228882627778264,0.9526631627299929
6,1,Jimmy Butler,SG,,2019-11-22,MIA,CHI,-4.5,217.0,110.8,8300,21,33.5,43.4,50.5,44.8,5.39,SG/SF,8300,1,25.0,24.0,106,104,1%,14,13,13,35,37,34,43.4,43.1,35.8,50.5,36.0,45.0,5.4,34.4,50.8,6.1,44.8,5.39,45.0,36.0,5.4,44.9,5.395,35.333333333333336,13.333333333333334,43.540000000000006,42.46666666666667,45.74716981132075,1.8499192304746908,1.249993724046168,1.7299610408010477,1.7625551080980848,0.9337547951185023
6,2,Buddy Hield,SG,,2019-11-22,SAC,BKN,1.5,213.5,106.0,7400,7,26.0,36.0,57.5,38.3,5.17,SG/SF,7400,2,27.0,14.0,108,107,6%,19,18,18,34,34,33,36.0,33.4,23.8,42.9,37.0,40.6,5.5,32.2,23.3,3.1,38.3,5.17,40.6,37.0,5.5,39.45,5.335,33.666666666666664,18.333333333333332,35.11,39.833333333333336,43.35594059405941,1.3820270280130236,1.3563024114621585,1.5392677438569116,1.036988632707134,0.8770296922840325
6,3,Richaun Holmes,PF,,2019-11-22,SAC,BKN,1.5,213.5,106.0,6300,23,16.8,29.5,45.3,33.3,5.28,PF/C,6300,2,15.0,20.0,108,107,3%,9,8,8,31,30,27,29.4,26.6,14.2,38.9,30.5,30.8,4.9,26.3,28.5,4.5,33.3,5.28,30.8,30.5,4.9,32.05,5.09,29.333333333333332,8.333333333333334,28.23,30.53333333333333,33.324715909090905,0.7467238540283734,0.6652959432582216,0.7393079182761308,0.44482999086968017,0.6454021890432791
6,4,Langston Galloway,PG,,2019-11-22,DET,ATL,-6.0,225.0,115.5,4500,18,17.8,26.4,39.5,25.8,5.72,PG/SG,4500,1,18.0,16.0,106,110,15%,14,12,9,39,33,27,26.4,21.1,13.4,28.8,35.0,26.4,5.9,27.4,14.8,3.3,25.8,5.72,26.4,35.0,5.9,26.1,5.8100000000000005,33.0,11.666666666666666,23.160000000000004,27.900000000000002,27.681818181818187,0.23590576143260816,1.1436850366301778,0.28930389349902663,0.008457270794696188,1.3261034230569222
6,5,DeAndre' Bembry,PG,,2019-11-22,ATL,DET,6.0,225.0,109.5,4100,26,9.5,15.7,19.5,19.0,4.63,PG/SF,4100,1,15.0,11.0,102,109,1%,2,4,6,21,23,25,15.7,19.3,10.9,27.6,29.5,24.6,6.0,34.6,45.5,11.1,19.0,4.63,24.6,29.5,6.0,21.8,5.3149999999999995,23.0,4.0,19.06,14.9,27.960869565217394,-0.13325689372063426,0.5589872558422314,0.3115573972338805,-0.3444279663468103,0.858121324672542
6,6,Andre Drummond,C,,2019-11-22,DET,ATL,-6.0,225.0,115.5,8500,11,32.8,40.1,44.8,48.0,5.65,C,8500,1,25.0,23.0,106,110,0%,13,12,15,36,32,35,40.1,52.3,38.3,66.3,34.5,47.8,5.6,27.6,50.3,5.9,48.0,5.65,47.8,34.5,5.6,47.9,5.625,34.333333333333336,13.333333333333334,48.980000000000004,39.233333333333334,48.13252427184466,2.1074745712792784,1.0905306929221827,1.9201858436656873,2.230773569085839,1.1512010226506384
6,7,Tobias Harris,SF,,2019-11-22,PHI,SA,-7.0,220.5,113.8,6200,17,19.8,32.0,47.3,35.5,5.73,SF/PF,6200,1,22.0,16.0,104,111,2%,14,15,14,31,33,34,32.0,35.7,27.4,43.9,33.5,34.8,5.6,34.3,46.0,7.4,35.5,5.73,34.8,33.5,5.6,35.15,5.665,32.666666666666664,14.333333333333334,34.83,33.03333333333333,36.04668367346939,1.0128643728597808,0.9842220055061924,0.9563766139152172,1.0128891530974702,1.1890177578736187
7,0,Malik Monk,PG,,2019-11-22,CHA,WAS,6.0,234.5,114.3,4600,19,13.3,25.6,39.5,25.0,5.43,PG/SG,4600,1,22.0,12.0,107,114,13%,11,12,9,25,26,21,25.6,18.3,7.7,28.8,24.5,24.8,5.4,21.9,27.5,6.0,25.0,5.43,24.8,24.5,5.4,24.9,5.415,24.0,10.666666666666666,21.060000000000002,26.133333333333336,25.418749999999996,0.13288362511077284,0.027443818762280046,0.10883105146235375,-0.17228882627778264,0.9526631627299929
7,1,Buddy Hield,SG,,2019-11-22,SAC,BKN,1.5,213.5,106.0,7400,7,26.0,36.0,57.5,38.3,5.17,SG/SF,7400,2,27.0,14.0,108,107,6%,19,18,18,34,34,33,36.0,33.4,23.8,42.9,37.0,40.6,5.5,32.2,23.3,3.1,38.3,5.17,40.6,37.0,5.5,39.45,5.335,33.666666666666664,18.333333333333332,35.11,39.833333333333336,43.35594059405941,1.3820270280130236,1.3563024114621585,1.5392677438569116,1.036988632707134,0.8770296922840325
7,2,DeAndre' Bembry,PG,,2019-11-22,ATL,DET,6.0,225.0,109.5,4100,26,9.5,15.7,19.5,19.0,4.63,PG/SF,4100,1,15.0,11.0,102,109,1%,2,4,6,21,23,25,15.7,19.3,10.9,27.6,29.5,24.6,6.0,34.6,45.5,11.1,19.0,4.63,24.6,29.5,6.0,21.8,5.3149999999999995,23.0,4.0,19.06,14.9,27.960869565217394,-0.13325689372063426,0.5589872558422314,0.3115573972338805,-0.3444279663468103,0.858121324672542
7,3,Tobias Harris,SF,,2019-11-22,PHI,SA,-7.0,220.5,113.8,6200,17,19.8,32.0,47.3,35.5,5.73,SF/PF,6200,1,22.0,16.0,104,111,2%,14,15,14,31,33,34,32.0,35.7,27.4,43.9,33.5,34.8,5.6,34.3,46.0,7.4,35.5,5.73,34.8,33.5,5.6,35.15,5.665,32.666666666666664,14.333333333333334,34.83,33.03333333333333,36.04668367346939,1.0128643728597808,0.9842220055061924,0.9563766139152172,1.0128891530974702,1.1890177578736187
7,4,Langston Galloway,PG,,2019-11-22,DET,ATL,-6.0,225.0,115.5,4500,18,17.8,26.4,39.5,25.8,5.72,PG/SG,4500,1,18.0,16.0,106,110,15%,14,12,9,39,33,27,26.4,21.1,13.4,28.8,35.0,26.4,5.9,27.4,14.8,3.3,25.8,5.72,26.4,35.0,5.9,26.1,5.8100000000000005,33.0,11.666666666666666,23.160000000000004,27.900000000000002,27.681818181818187,0.23590576143260816,1.1436850366301778,0.28930389349902663,0.008457270794696188,1.3261034230569222
7,5,Thomas Bryant,PF,,2019-11-22,WAS,CHA,-6.0,234.5,120.3,6600,26,25.8,30.3,41.5,32.5,4.92,PF/C,6600,1,19.0,20.0,102,109,10%,9,11,11,25,27,29,30.3,32.6,23.5,41.8,27.5,34.2,5.2,34.4,38.3,5.8,32.5,4.92,34.2,27.5,5.2,33.35,5.0600000000000005,27.0,10.333333333333334,32.309999999999995,32.53333333333333,33.967592592592595,0.8583311683770285,0.34636988101025085,0.7905753891737362,0.7959938366104955,0.6170396376260446
7,6,Andre Drummond,C,,2019-11-22,DET,ATL,-6.0,225.0,115.5,8500,11,32.8,40.1,44.8,48.0,5.65,C,8500,1,25.0,23.0,106,110,0%,13,12,15,36,32,35,40.1,52.3,38.3,66.3,34.5,47.8,5.6,27.6,50.3,5.9,48.0,5.65,47.8,34.5,5.6,47.9,5.625,34.333333333333336,13.333333333333334,48.980000000000004,39.233333333333334,48.13252427184466,2.1074745712792784,1.0905306929221827,1.9201858436656873,2.230773569085839,1.1512010226506384
7,7,Ben Simmons,PG,,2019-11-22,PHI,SA,-7.0,220.5,113.8,8100,17,34.5,40.6,51.8,43.5,5.37,PG/SF,8100,1,21.0,19.0,104,111,13%,9,9,11,34,37,36,40.5,40.4,33.7,47.0,36.0,44.2,5.5,31.9,50.0,6.2,43.5,5.37,44.2,36.0,5.5,43.85,5.4350000000000005,35.666666666666664,9.666666666666666,41.09,42.3,44.25981308411215,1.7597748611930855,1.249993724046168,1.6113488408513137,1.5516846615135262,0.9715715303414834
8,0,Ben Simmons,PG,,2019-11-22,PHI,SA,-7.0,220.5,113.8,8100,17,34.5,40.6,51.8,43.5,5.37,PG/SF,8100,1,21.0,19.0,104,111,13%,9,9,11,34,37,36,40.5,40.4,33.7,47.0,36.0,44.2,5.5,31.9,50.0,6.2,43.5,5.37,44.2,36.0,5.5,43.85,5.4350000000000005,35.666666666666664,9.666666666666666,41.09,42.3,44.25981308411215,1.7597748611930855,1.249993724046168,1.6113488408513137,1.5516846615135262,0.9715715303414834
8,1,Malik Monk,PG,,2019-11-22,CHA,WAS,6.0,234.5,114.3,4600,19,13.3,25.6,39.5,25.0,5.43,PG/SG,4600,1,22.0,12.0,107,114,13%,11,12,9,25,26,21,25.6,18.3,7.7,28.8,24.5,24.8,5.4,21.9,27.5,6.0,25.0,5.43,24.8,24.5,5.4,24.9,5.415,24.0,10.666666666666666,21.060000000000002,26.133333333333336,25.418749999999996,0.13288362511077284,0.027443818762280046,0.10883105146235375,-0.17228882627778264,0.9526631627299929
8,2,Buddy Hield,SG,,2019-11-22,SAC,BKN,1.5,213.5,106.0,7400,7,26.0,36.0,57.5,38.3,5.17,SG/SF,7400,2,27.0,14.0,108,107,6%,19,18,18,34,34,33,36.0,33.4,23.8,42.9,37.0,40.6,5.5,32.2,23.3,3.1,38.3,5.17,40.6,37.0,5.5,39.45,5.335,33.666666666666664,18.333333333333332,35.11,39.833333333333336,43.35594059405941,1.3820270280130236,1.3563024114621585,1.5392677438569116,1.036988632707134,0.8770296922840325
8,3,Paul George,SF,,2019-11-22,LAC,HOU,-5.0,225.5,115.3,8100,28,30.8,45.9,54.0,45.8,5.65,SF/PF,8100,1,38.0,32.0,108,105,11%,16,17,17,33,28,28,44.7,44.7,34.7,54.7,32.5,45.0,5.6,32.3,43.5,5.4,45.8,5.65,45.0,32.5,5.6,45.4,5.625,29.666666666666668,16.666666666666668,44.84,43.56666666666666,49.73595505617977,1.8928451206087888,0.8779133180902022,2.048054598563544,1.8744455491429524,1.1512010226506384
8,4,Terry Rozier,PG,,2019-11-22,CHA,WAS,6.0,234.5,114.3,6200,19,19.8,32.7,53.3,35.0,5.65,PG,6200,1,26.0,14.0,107,114,5%,13,16,15,29,33,33,32.4,30.6,19.3,41.9,33.0,35.4,5.7,34.1,29.0,4.7,35.0,5.65,35.4,33.0,5.7,35.2,5.675000000000001,31.666666666666668,14.666666666666666,31.880000000000003,35.266666666666666,36.682105263157894,1.017156961873191,0.9310676617981973,1.0070495636318324,0.7589839214956552,1.1984719416793643
8,5,Tobias Harris,SF,,2019-11-22,PHI,SA,-7.0,220.5,113.8,6200,17,19.8,32.0,47.3,35.5,5.73,SF/PF,6200,1,22.0,16.0,104,111,2%,14,15,14,31,33,34,32.0,35.7,27.4,43.9,33.5,34.8,5.6,34.3,46.0,7.4,35.5,5.73,34.8,33.5,5.6,35.15,5.665,32.666666666666664,14.333333333333334,34.83,33.03333333333333,36.04668367346939,1.0128643728597808,0.9842220055061924,0.9563766139152172,1.0128891530974702,1.1890177578736187
8,6,Daniel Theis,PF,,2019-11-22,BOS,DEN,5.5,206.5,100.5,4900,6,15.3,26.4,40.0,23.8,4.85,PF/C,4900,1,13.0,14.0,101,101,-14%,5,5,6,29,25,24,26.4,24.0,16.9,31.0,24.5,22.4,4.6,17.9,16.3,3.3,23.8,4.85,22.4,24.5,4.6,23.1,4.725,26.0,5.333333333333333,24.28,27.233333333333334,21.767307692307693,-0.02164957937197952,0.027443818762280046,-0.1823604274760914,0.10485518923335127,0.30032448013358515
8,7,Langston Galloway,PG,,2019-11-22,DET,ATL,-6.0,225.0,115.5,4500,18,17.8,26.4,39.5,25.8,5.72,PG/SG,4500,1,18.0,16.0,106,110,15%,14,12,9,39,33,27,26.4,21.1,13.4,28.8,35.0,26.4,5.9,27.4,14.8,3.3,25.8,5.72,26.4,35.0,5.9,26.1,5.8100000000000005,33.0,11.666666666666666,23.160000000000004,27.900000000000002,27.681818181818187,0.23590576143260816,1.1436850366301778,0.28930389349902663,0.008457270794696188,1.3261034230569222
9,0,Langston Galloway,PG,,2019-11-22,DET,ATL,-6.0,225.0,115.5,4500,18,17.8,26.4,39.5,25.8,5.72,PG/SG,4500,1,18.0,16.0,106,110,15%,14,12,9,39,33,27,26.4,21.1,13.4,28.8,35.0,26.4,5.9,27.4,14.8,3.3,25.8,5.72,26.4,35.0,5.9,26.1,5.8100000000000005,33.0,11.666666666666666,23.160000000000004,27.900000000000002,27.681818181818187,0.23590576143260816,1.1436850366301778,0.28930389349902663,0.008457270794696188,1.3261034230569222
9,1,Jordan Clarkson,SG,,2019-11-22,CLE,DAL,10.0,221.0,105.5,4400,23,15.8,22.4,28.0,20.0,4.55,SG/SF,4400,1,27.0,20.0,102,107,-5%,9,11,11,20,23,23,22.4,23.0,17.7,28.3,23.5,21.0,4.8,15.0,2.8,0.6,20.0,4.55,21.0,23.5,4.8,20.5,4.675,22.0,10.333333333333334,22.380000000000003,22.066666666666666,21.89772727272727,-0.244864208069289,-0.07886486865371022,-0.1719598604385392,-0.05867699383222457,0.25305356110486016
9,2,Buddy Hield,SG,,2019-11-22,SAC,BKN,1.5,213.5,106.0,7400,7,26.0,36.0,57.5,38.3,5.17,SG/SF,7400,2,27.0,14.0,108,107,6%,19,18,18,34,34,33,36.0,33.4,23.8,42.9,37.0,40.6,5.5,32.2,23.3,3.1,38.3,5.17,40.6,37.0,5.5,39.45,5.335,33.666666666666664,18.333333333333332,35.11,39.833333333333336,43.35594059405941,1.3820270280130236,1.3563024114621585,1.5392677438569116,1.036988632707134,0.8770296922840325
9,3,Paul George,SF,,2019-11-22,LAC,HOU,-5.0,225.5,115.3,8100,28,30.8,45.9,54.0,45.8,5.65,SF/PF,8100,1,38.0,32.0,108,105,11%,16,17,17,33,28,28,44.7,44.7,34.7,54.7,32.5,45.0,5.6,32.3,43.5,5.4,45.8,5.65,45.0,32.5,5.6,45.4,5.625,29.666666666666668,16.666666666666668,44.84,43.56666666666666,49.73595505617977,1.8928451206087888,0.8779133180902022,2.048054598563544,1.8744455491429524,1.1512010226506384
9,4,Lou Williams,PG,,2019-11-22,LAC,HOU,-5.0,225.5,115.3,6600,5,27.3,37.3,50.5,32.8,4.96,PG/SG,6600,1,31.0,20.0,108,105,10%,17,18,17,35,34,33,37.3,36.6,26.9,46.3,31.5,34.2,5.2,33.5,41.8,6.3,32.8,4.96,34.2,31.5,5.2,33.5,5.08,34.0,17.333333333333332,36.12,38.36666666666667,31.036764705882355,0.8712089354172577,0.7716046306742119,0.5568507305512209,1.1239188984419928,0.6359480052375343
9,5,DeAndre' Bembry,PG,,2019-11-22,ATL,DET,6.0,225.0,109.5,4100,26,9.5,15.7,19.5,19.0,4.63,PG/SF,4100,1,15.0,11.0,102,109,1%,2,4,6,21,23,25,15.7,19.3,10.9,27.6,29.5,24.6,6.0,34.6,45.5,11.1,19.0,4.63,24.6,29.5,6.0,21.8,5.3149999999999995,23.0,4.0,19.06,14.9,27.960869565217394,-0.13325689372063426,0.5589872558422314,0.3115573972338805,-0.3444279663468103,0.858121324672542
9,6,Andre Drummond,C,,2019-11-22,DET,ATL,-6.0,225.0,115.5,8500,11,32.8,40.1,44.8,48.0,5.65,C,8500,1,25.0,23.0,106,110,0%,13,12,15,36,32,35,40.1,52.3,38.3,66.3,34.5,47.8,5.6,27.6,50.3,5.9,48.0,5.65,47.8,34.5,5.6,47.9,5.625,34.333333333333336,13.333333333333334,48.980000000000004,39.233333333333334,48.13252427184466,2.1074745712792784,1.0905306929221827,1.9201858436656873,2.230773569085839,1.1512010226506384
9,7,Terry Rozier,PG,,2019-11-22,CHA,WAS,6.0,234.5,114.3,6200,19,19.8,32.7,53.3,35.0,5.65,PG,6200,1,26.0,14.0,107,114,5%,13,16,15,29,33,33,32.4,30.6,19.3,41.9,33.0,35.4,5.7,34.1,29.0,4.7,35.0,5.65,35.4,33.0,5.7,35.2,5.675000000000001,31.666666666666668,14.666666666666666,31.880000000000003,35.266666666666666,36.682105263157894,1.017156961873191,0.9310676617981973,1.0070495636318324,0.7589839214956552,1.1984719416793643
10,0,Malik Monk,PG,,2019-11-22,CHA,WAS,6.0,234.5,114.3,4600,19,13.3,25.6,39.5,25.0,5.43,PG/SG,4600,1,22.0,12.0,107,114,13%,11,12,9,25,26,21,25.6,18.3,7.7,28.8,24.5,24.8,5.4,21.9,27.5,6.0,25.0,5.43,24.8,24.5,5.4,24.9,5.415,24.0,10.666666666666666,21.060000000000002,26.133333333333336,25.418749999999996,0.13288362511077284,0.027443818762280046,0.10883105146235375,-0.17228882627778264,0.9526631627299929
10,1,Langston Galloway,PG,,2019-11-22,DET,ATL,-6.0,225.0,115.5,4500,18,17.8,26.4,39.5,25.8,5.72,PG/SG,4500,1,18.0,16.0,106,110,15%,14,12,9,39,33,27,26.4,21.1,13.4,28.8,35.0,26.4,5.9,27.4,14.8,3.3,25.8,5.72,26.4,35.0,5.9,26.1,5.8100000000000005,33.0,11.666666666666666,23.160000000000004,27.900000000000002,27.681818181818187,0.23590576143260816,1.1436850366301778,0.28930389349902663,0.008457270794696188,1.3261034230569222
10,2,DeAndre' Bembry,PG,,2019-11-22,ATL,DET,6.0,225.0,109.5,4100,26,9.5,15.7,19.5,19.0,4.63,PG/SF,4100,1,15.0,11.0,102,109,1%,2,4,6,21,23,25,15.7,19.3,10.9,27.6,29.5,24.6,6.0,34.6,45.5,11.1,19.0,4.63,24.6,29.5,6.0,21.8,5.3149999999999995,23.0,4.0,19.06,14.9,27.960869565217394,-0.13325689372063426,0.5589872558422314,0.3115573972338805,-0.3444279663468103,0.858121324672542
10,3,Paul George,SF,,2019-11-22,LAC,HOU,-5.0,225.5,115.3,8100,28,30.8,45.9,54.0,45.8,5.65,SF/PF,8100,1,38.0,32.0,108,105,11%,16,17,17,33,28,28,44.7,44.7,34.7,54.7,32.5,45.0,5.6,32.3,43.5,5.4,45.8,5.65,45.0,32.5,5.6,45.4,5.625,29.666666666666668,16.666666666666668,44.84,43.56666666666666,49.73595505617977,1.8928451206087888,0.8779133180902022,2.048054598563544,1.8744455491429524,1.1512010226506384
10,4,Tim Hardaway Jr.,SG,,2019-11-22,DAL,CLE,-10.0,221.0,115.5,4500,30,2.5,15.6,27.5,20.8,4.61,SG/SF,4500,1,22.0,11.0,102,108,15%,9,11,10,21,22,23,19.9,18.1,12.1,24.1,25.0,20.6,4.6,18.0,27.3,6.1,20.8,4.61,20.6,25.0,4.6,20.700000000000003,4.605,22.0,10.0,18.98,15.200000000000001,23.522727272727277,-0.22769385201564957,0.08059816247027518,-0.04237102583525411,-0.3513135319495712,0.1868742744646455
10,5,Buddy Hield,SG,,2019-11-22,SAC,BKN,1.5,213.5,106.0,7400,7,26.0,36.0,57.5,38.3,5.17,SG/SF,7400,2,27.0,14.0,108,107,6%,19,18,18,34,34,33,36.0,33.4,23.8,42.9,37.0,40.6,5.5,32.2,23.3,3.1,38.3,5.17,40.6,37.0,5.5,39.45,5.335,33.666666666666664,18.333333333333332,35.11,39.833333333333336,43.35594059405941,1.3820270280130236,1.3563024114621585,1.5392677438569116,1.036988632707134,0.8770296922840325
10,6,Andre Drummond,C,,2019-11-22,DET,ATL,-6.0,225.0,115.5,8500,11,32.8,40.1,44.8,48.0,5.65,C,8500,1,25.0,23.0,106,110,0%,13,12,15,36,32,35,40.1,52.3,38.3,66.3,34.5,47.8,5.6,27.6,50.3,5.9,48.0,5.65,47.8,34.5,5.6,47.9,5.625,34.333333333333336,13.333333333333334,48.980000000000004,39.233333333333334,48.13252427184466,2.1074745712792784,1.0905306929221827,1.9201858436656873,2.230773569085839,1.1512010226506384
10,7,Jimmy Butler,SG,,2019-11-22,MIA,CHI,-4.5,217.0,110.8,8300,21,33.5,43.4,50.5,44.8,5.39,SG/SF,8300,1,25.0,24.0,106,104,1%,14,13,13,35,37,34,43.4,43.1,35.8,50.5,36.0,45.0,5.4,34.4,50.8,6.1,44.8,5.39,45.0,36.0,5.4,44.9,5.395,35.333333333333336,13.333333333333334,43.540000000000006,42.46666666666667,45.74716981132075,1.8499192304746908,1.249993724046168,1.7299610408010477,1.7625551080980848,0.9337547951185023
11,0,Terry Rozier,PG,,2019-11-22,CHA,WAS,6.0,234.5,114.3,6200,19,19.8,32.7,53.3,35.0,5.65,PG,6200,1,26.0,14.0,107,114,5%,13,16,15,29,33,33,32.4,30.6,19.3,41.9,33.0,35.4,5.7,34.1,29.0,4.7,35.0,5.65,35.4,33.0,5.7,35.2,5.675000000000001,31.666666666666668,14.666666666666666,31.880000000000003,35.266666666666666,36.682105263157894,1.017156961873191,0.9310676617981973,1.0070495636318324,0.7589839214956552,1.1984719416793643
11,1,Jamal Murray,PG,,2019-11-22,DEN,BOS,-5.5,206.5,106.0,7200,3,17.8,36.5,67.5,35.0,4.86,PG/SG,7200,1,27.0,18.0,103,101,-15%,20,17,16,32,32,33,36.5,35.4,22.3,48.6,33.0,34.6,4.8,38.1,40.5,5.6,35.0,4.86,34.6,33.0,4.8,34.8,4.83,32.333333333333336,17.666666666666668,35.52,40.6,35.51752577319587,0.9828162497659121,0.9310676617981973,0.914177871996715,1.072277156421285,0.3995934100939084
11,2,Buddy Hield,SG,,2019-11-22,SAC,BKN,1.5,213.5,106.0,7400,7,26.0,36.0,57.5,38.3,5.17,SG/SF,7400,2,27.0,14.0,108,107,6%,19,18,18,34,34,33,36.0,33.4,23.8,42.9,37.0,40.6,5.5,32.2,23.3,3.1,38.3,5.17,40.6,37.0,5.5,39.45,5.335,33.666666666666664,18.333333333333332,35.11,39.833333333333336,43.35594059405941,1.3820270280130236,1.3563024114621585,1.5392677438569116,1.036988632707134,0.8770296922840325
11,3,Thomas Bryant,PF,,2019-11-22,WAS,CHA,-6.0,234.5,120.3,6600,26,25.8,30.3,41.5,32.5,4.92,PF/C,6600,1,19.0,20.0,102,109,10%,9,11,11,25,27,29,30.3,32.6,23.5,41.8,27.5,34.2,5.2,34.4,38.3,5.8,32.5,4.92,34.2,27.5,5.2,33.35,5.0600000000000005,27.0,10.333333333333334,32.309999999999995,32.53333333333333,33.967592592592595,0.8583311683770285,0.34636988101025085,0.7905753891737362,0.7959938366104955,0.6170396376260446
11,4,Langston Galloway,PG,,2019-11-22,DET,ATL,-6.0,225.0,115.5,4500,18,17.8,26.4,39.5,25.8,5.72,PG/SG,4500,1,18.0,16.0,106,110,15%,14,12,9,39,33,27,26.4,21.1,13.4,28.8,35.0,26.4,5.9,27.4,14.8,3.3,25.8,5.72,26.4,35.0,5.9,26.1,5.8100000000000005,33.0,11.666666666666666,23.160000000000004,27.900000000000002,27.681818181818187,0.23590576143260816,1.1436850366301778,0.28930389349902663,0.008457270794696188,1.3261034230569222
11,5,Miles Bridges,SF,,2019-11-22,CHA,WAS,6.0,234.5,114.3,5000,8,6.0,20.9,34.5,25.8,5.15,SF/PF,5000,1,18.0,11.0,107,114,2%,12,10,11,31,31,33,23.4,24.8,17.6,31.9,30.0,25.2,5.0,34.9,47.5,9.5,25.8,5.15,25.2,30.0,5.0,25.5,5.075,31.666666666666668,11.0,24.639999999999997,20.466666666666665,24.157894736842103,0.1843946932716905,0.6121415995502265,0.008281658135554384,0.13584023444577584,0.6312209133346618
11,6,Andre Drummond,C,,2019-11-22,DET,ATL,-6.0,225.0,115.5,8500,11,32.8,40.1,44.8,48.0,5.65,C,8500,1,25.0,23.0,106,110,0%,13,12,15,36,32,35,40.1,52.3,38.3,66.3,34.5,47.8,5.6,27.6,50.3,5.9,48.0,5.65,47.8,34.5,5.6,47.9,5.625,34.333333333333336,13.333333333333334,48.980000000000004,39.233333333333334,48.13252427184466,2.1074745712792784,1.0905306929221827,1.9201858436656873,2.230773569085839,1.1512010226506384
11,7,Malik Monk,PG,,2019-11-22,CHA,WAS,6.0,234.5,114.3,4600,19,13.3,25.6,39.5,25.0,5.43,PG/SG,4600,1,22.0,12.0,107,114,13%,11,12,9,25,26,21,25.6,18.3,7.7,28.8,24.5,24.8,5.4,21.9,27.5,6.0,25.0,5.43,24.8,24.5,5.4,24.9,5.415,24.0,10.666666666666666,21.060000000000002,26.133333333333336,25.418749999999996,0.13288362511077284,0.027443818762280046,0.10883105146235375,-0.17228882627778264,0.9526631627299929
12,0,Jamal Murray,PG,,2019-11-22,DEN,BOS,-5.5,206.5,106.0,7200,3,17.8,36.5,67.5,35.0,4.86,PG/SG,7200,1,27.0,18.0,103,101,-15%,20,17,16,32,32,33,36.5,35.4,22.3,48.6,33.0,34.6,4.8,38.1,40.5,5.6,35.0,4.86,34.6,33.0,4.8,34.8,4.83,32.333333333333336,17.666666666666668,35.52,40.6,35.51752577319587,0.9828162497659121,0.9310676617981973,0.914177871996715,1.072277156421285,0.3995934100939084
12,1,Malik Monk,PG,,2019-11-22,CHA,WAS,6.0,234.5,114.3,4600,19,13.3,25.6,39.5,25.0,5.43,PG/SG,4600,1,22.0,12.0,107,114,13%,11,12,9,25,26,21,25.6,18.3,7.7,28.8,24.5,24.8,5.4,21.9,27.5,6.0,25.0,5.43,24.8,24.5,5.4,24.9,5.415,24.0,10.666666666666666,21.060000000000002,26.133333333333336,25.418749999999996,0.13288362511077284,0.027443818762280046,0.10883105146235375,-0.17228882627778264,0.9526631627299929
12,2,Buddy Hield,SG,,2019-11-22,SAC,BKN,1.5,213.5,106.0,7400,7,26.0,36.0,57.5,38.3,5.17,SG/SF,7400,2,27.0,14.0,108,107,6%,19,18,18,34,34,33,36.0,33.4,23.8,42.9,37.0,40.6,5.5,32.2,23.3,3.1,38.3,5.17,40.6,37.0,5.5,39.45,5.335,33.666666666666664,18.333333333333332,35.11,39.833333333333336,43.35594059405941,1.3820270280130236,1.3563024114621585,1.5392677438569116,1.036988632707134,0.8770296922840325
12,3,Grant Williams,SF,,2019-11-22,BOS,DEN,5.5,206.5,100.5,3100,10,5.5,8.0,10.8,13.3,4.27,SF/PF,3100,1,12.0,6.0,101,101,-14%,4,2,3,19,15,16,8.0,9.6,3.4,15.7,16.5,11.5,3.7,16.9,4.3,1.4,13.3,4.27,11.5,16.5,3.7,12.4,3.985,16.666666666666668,3.0,9.819999999999999,8.1,12.276,-0.9402636282416758,-0.8230256805656421,-0.939263506065226,-1.1397107934657165,-0.3992851214915471
12,4,Langston Galloway,PG,,2019-11-22,DET,ATL,-6.0,225.0,115.5,4500,18,17.8,26.4,39.5,25.8,5.72,PG/SG,4500,1,18.0,16.0,106,110,15%,14,12,9,39,33,27,26.4,21.1,13.4,28.8,35.0,26.4,5.9,27.4,14.8,3.3,25.8,5.72,26.4,35.0,5.9,26.1,5.8100000000000005,33.0,11.666666666666666,23.160000000000004,27.900000000000002,27.681818181818187,0.23590576143260816,1.1436850366301778,0.28930389349902663,0.008457270794696188,1.3261034230569222
12,5,Tobias Harris,SF,,2019-11-22,PHI,SA,-7.0,220.5,113.8,6200,17,19.8,32.0,47.3,35.5,5.73,SF/PF,6200,1,22.0,16.0,104,111,2%,14,15,14,31,33,34,32.0,35.7,27.4,43.9,33.5,34.8,5.6,34.3,46.0,7.4,35.5,5.73,34.8,33.5,5.6,35.15,5.665,32.666666666666664,14.333333333333334,34.83,33.03333333333333,36.04668367346939,1.0128643728597808,0.9842220055061924,0.9563766139152172,1.0128891530974702,1.1890177578736187
12,6,Andre Drummond,C,,2019-11-22,DET,ATL,-6.0,225.0,115.5,8500,11,32.8,40.1,44.8,48.0,5.65,C,8500,1,25.0,23.0,106,110,0%,13,12,15,36,32,35,40.1,52.3,38.3,66.3,34.5,47.8,5.6,27.6,50.3,5.9,48.0,5.65,47.8,34.5,5.6,47.9,5.625,34.333333333333336,13.333333333333334,48.980000000000004,39.233333333333334,48.13252427184466,2.1074745712792784,1.0905306929221827,1.9201858436656873,2.230773569085839,1.1512010226506384
12,7,Ben Simmons,PG,,2019-11-22,PHI,SA,-7.0,220.5,113.8,8100,17,34.5,40.6,51.8,43.5,5.37,PG/SF,8100,1,21.0,19.0,104,111,13%,9,9,11,34,37,36,40.5,40.4,33.7,47.0,36.0,44.2,5.5,31.9,50.0,6.2,43.5,5.37,44.2,36.0,5.5,43.85,5.4350000000000005,35.666666666666664,9.666666666666666,41.09,42.3,44.25981308411215,1.7597748611930855,1.249993724046168,1.6113488408513137,1.5516846615135262,0.9715715303414834
13,0,Devonte' Graham,PG,,2019-11-22,CHA,WAS,6.0,234.5,114.3,6900,19,22.5,32.0,41.3,33.3,4.82,PG/SG,6900,1,27.0,18.0,107,114,5%,13,17,14,32,35,32,32.3,35.1,24.6,45.6,35.5,38.6,5.6,35.8,42.5,6.2,33.3,4.82,38.6,35.5,5.6,35.95,5.21,33.0,14.666666666666666,34.71,31.933333333333334,38.673484848484854,1.0815457970743378,1.196839380338173,1.1658560619181666,1.0025608046933288,0.7588523947122195
13,1,Buddy Hield,SG,,2019-11-22,SAC,BKN,1.5,213.5,106.0,7400,7,26.0,36.0,57.5,38.3,5.17,SG/SF,7400,2,27.0,14.0,108,107,6%,19,18,18,34,34,33,36.0,33.4,23.8,42.9,37.0,40.6,5.5,32.2,23.3,3.1,38.3,5.17,40.6,37.0,5.5,39.45,5.335,33.666666666666664,18.333333333333332,35.11,39.833333333333336,43.35594059405941,1.3820270280130236,1.3563024114621585,1.5392677438569116,1.036988632707134,0.8770296922840325
13,2,DeAndre' Bembry,PG,,2019-11-22,ATL,DET,6.0,225.0,109.5,4100,26,9.5,15.7,19.5,19.0,4.63,PG/SF,4100,1,15.0,11.0,102,109,1%,2,4,6,21,23,25,15.7,19.3,10.9,27.6,29.5,24.6,6.0,34.6,45.5,11.1,19.0,4.63,24.6,29.5,6.0,21.8,5.3149999999999995,23.0,4.0,19.06,14.9,27.960869565217394,-0.13325689372063426,0.5589872558422314,0.3115573972338805,-0.3444279663468103,0.858121324672542
13,3,Tobias Harris,SF,,2019-11-22,PHI,SA,-7.0,220.5,113.8,6200,17,19.8,32.0,47.3,35.5,5.73,SF/PF,6200,1,22.0,16.0,104,111,2%,14,15,14,31,33,34,32.0,35.7,27.4,43.9,33.5,34.8,5.6,34.3,46.0,7.4,35.5,5.73,34.8,33.5,5.6,35.15,5.665,32.666666666666664,14.333333333333334,34.83,33.03333333333333,36.04668367346939,1.0128643728597808,0.9842220055061924,0.9563766139152172,1.0128891530974702,1.1890177578736187
13,4,Langston Galloway,PG,,2019-11-22,DET,ATL,-6.0,225.0,115.5,4500,18,17.8,26.4,39.5,25.8,5.72,PG/SG,4500,1,18.0,16.0,106,110,15%,14,12,9,39,33,27,26.4,21.1,13.4,28.8,35.0,26.4,5.9,27.4,14.8,3.3,25.8,5.72,26.4,35.0,5.9,26.1,5.8100000000000005,33.0,11.666666666666666,23.160000000000004,27.900000000000002,27.681818181818187,0.23590576143260816,1.1436850366301778,0.28930389349902663,0.008457270794696188,1.3261034230569222
13,5,Thaddeus Young,SF,,2019-11-22,CHI,MIA,4.5,217.0,106.3,4100,1,12.8,17.4,20.8,19.3,4.7,SF/PF,4100,1,21.0,12.0,104,98,12%,10,9,9,19,23,22,17.4,19.3,12.5,26.0,19.5,17.5,4.3,24.6,29.0,7.1,19.3,4.7,17.5,19.5,4.3,18.4,4.5,21.333333333333332,9.333333333333334,18.72,17.0,16.818749999999998,-0.4251529466325005,-0.5040996183176712,-0.5769929347457979,-0.3736916201585449,0.08760534450432224
13,6,Lauri Markkanen,PF,,2019-11-22,CHI,MIA,4.5,217.0,106.3,6000,27,20.0,28.9,38.5,31.5,5.25,PF/C,6000,1,22.0,13.0,104,98,12%,13,11,12,28,30,30,28.9,29.9,18.3,41.4,31.0,31.0,5.2,23.7,18.8,3.1,31.5,5.25,31.0,31.0,5.2,31.25,5.225,29.333333333333332,12.0,29.95,29.133333333333336,33.02556818181819,0.6780424298138169,0.7184502869662168,0.7154517919059815,0.5928696513290436,0.7730336704208368
13,7,Andre Drummond,C,,2019-11-22,DET,ATL,-6.0,225.0,115.5,8500,11,32.8,40.1,44.8,48.0,5.65,C,8500,1,25.0,23.0,106,110,0%,13,12,15,36,32,35,40.1,52.3,38.3,66.3,34.5,47.8,5.6,27.6,50.3,5.9,48.0,5.65,47.8,34.5,5.6,47.9,5.625,34.333333333333336,13.333333333333334,48.980000000000004,39.233333333333334,48.13252427184466,2.1074745712792784,1.0905306929221827,1.9201858436656873,2.230773569085839,1.1512010226506384
14,0,Devonte' Graham,PG,,2019-11-22,CHA,WAS,6.0,234.5,114.3,6900,19,22.5,32.0,41.3,33.3,4.82,PG/SG,6900,1,27.0,18.0,107,114,5%,13,17,14,32,35,32,32.3,35.1,24.6,45.6,35.5,38.6,5.6,35.8,42.5,6.2,33.3,4.82,38.6,35.5,5.6,35.95,5.21,33.0,14.666666666666666,34.71,31.933333333333334,38.673484848484854,1.0815457970743378,1.196839380338173,1.1658560619181666,1.0025608046933288,0.7588523947122195
14,1,Coby White,PG,,2019-11-22,CHI,MIA,4.5,217.0,106.3,4900,9,21.3,30.3,44.3,21.0,4.29,PG/SG,4900,1,25.0,11.0,104,98,-9%,11,14,13,24,28,25,30.3,23.4,12.4,34.3,25.0,23.0,4.7,20.8,15.5,3.2,21.0,4.29,23.0,25.0,4.7,22.0,4.495,25.666666666666668,12.666666666666666,24.48,31.96666666666667,21.428571428571427,-0.11608653766699513,0.08059816247027518,-0.2093736198794474,0.12206910324025394,0.08287825260144983
14,2,Buddy Hield,SG,,2019-11-22,SAC,BKN,1.5,213.5,106.0,7400,7,26.0,36.0,57.5,38.3,5.17,SG/SF,7400,2,27.0,14.0,108,107,6%,19,18,18,34,34,33,36.0,33.4,23.8,42.9,37.0,40.6,5.5,32.2,23.3,3.1,38.3,5.17,40.6,37.0,5.5,39.45,5.335,33.666666666666664,18.333333333333332,35.11,39.833333333333336,43.35594059405941,1.3820270280130236,1.3563024114621585,1.5392677438569116,1.036988632707134,0.8770296922840325
14,3,Paul George,SF,,2019-11-22,LAC,HOU,-5.0,225.5,115.3,8100,28,30.8,45.9,54.0,45.8,5.65,SF/PF,8100,1,38.0,32.0,108,105,11%,16,17,17,33,28,28,44.7,44.7,34.7,54.7,32.5,45.0,5.6,32.3,43.5,5.4,45.8,5.65,45.0,32.5,5.6,45.4,5.625,29.666666666666668,16.666666666666668,44.84,43.56666666666666,49.73595505617977,1.8928451206087888,0.8779133180902022,2.048054598563544,1.8744455491429524,1.1512010226506384
14,4,DeAndre' Bembry,PG,,2019-11-22,ATL,DET,6.0,225.0,109.5,4100,26,9.5,15.7,19.5,19.0,4.63,PG/SF,4100,1,15.0,11.0,102,109,1%,2,4,6,21,23,25,15.7,19.3,10.9,27.6,29.5,24.6,6.0,34.6,45.5,11.1,19.0,4.63,24.6,29.5,6.0,21.8,5.3149999999999995,23.0,4.0,19.06,14.9,27.960869565217394,-0.13325689372063426,0.5589872558422314,0.3115573972338805,-0.3444279663468103,0.858121324672542
14,5,Thaddeus Young,SF,,2019-11-22,CHI,MIA,4.5,217.0,106.3,4100,1,12.8,17.4,20.8,19.3,4.7,SF/PF,4100,1,21.0,12.0,104,98,12%,10,9,9,19,23,22,17.4,19.3,12.5,26.0,19.5,17.5,4.3,24.6,29.0,7.1,19.3,4.7,17.5,19.5,4.3,18.4,4.5,21.333333333333332,9.333333333333334,18.72,17.0,16.818749999999998,-0.4251529466325005,-0.5040996183176712,-0.5769929347457979,-0.3736916201585449,0.08760534450432224
14,6,Kelly Olynyk,PF,,2019-11-22,MIA,CHI,-4.5,217.0,110.8,4500,15,11.3,20.2,27.8,23.8,5.28,PF/C,4500,1,16.0,12.0,106,104,15%,7,7,7,26,25,22,20.2,20.0,11.2,28.7,24.0,22.5,5.0,23.5,19.0,4.2,23.8,5.28,22.5,24.0,5.0,23.15,5.140000000000001,24.333333333333332,7.0,20.65,19.766666666666666,22.83287671232877,-0.017356990358569968,-0.025710524945715088,-0.09738452132600203,-0.20757734999193356,0.6926731080720049
14,7,Andre Drummond,C,,2019-11-22,DET,ATL,-6.0,225.0,115.5,8500,11,32.8,40.1,44.8,48.0,5.65,C,8500,1,25.0,23.0,106,110,0%,13,12,15,36,32,35,40.1,52.3,38.3,66.3,34.5,47.8,5.6,27.6,50.3,5.9,48.0,5.65,47.8,34.5,5.6,47.9,5.625,34.333333333333336,13.333333333333334,48.980000000000004,39.233333333333334,48.13252427184466,2.1074745712792784,1.0905306929221827,1.9201858436656873,2.230773569085839,1.1512010226506384
15,0,Devonte' Graham,PG,,2019-11-22,CHA,WAS,6.0,234.5,114.3,6900,19,22.5,32.0,41.3,33.3,4.82,PG/SG,6900,1,27.0,18.0,107,114,5%,13,17,14,32,35,32,32.3,35.1,24.6,45.6,35.5,38.6,5.6,35.8,42.5,6.2,33.3,4.82,38.6,35.5,5.6,35.95,5.21,33.0,14.666666666666666,34.71,31.933333333333334,38.673484848484854,1.0815457970743378,1.196839380338173,1.1658560619181666,1.0025608046933288,0.7588523947122195
15,1,Malik Monk,PG,,2019-11-22,CHA,WAS,6.0,234.5,114.3,4600,19,13.3,25.6,39.5,25.0,5.43,PG/SG,4600,1,22.0,12.0,107,114,13%,11,12,9,25,26,21,25.6,18.3,7.7,28.8,24.5,24.8,5.4,21.9,27.5,6.0,25.0,5.43,24.8,24.5,5.4,24.9,5.415,24.0,10.666666666666666,21.060000000000002,26.133333333333336,25.418749999999996,0.13288362511077284,0.027443818762280046,0.10883105146235375,-0.17228882627778264,0.9526631627299929
15,2,Terrance Ferguson,SG,,2019-11-22,OKC,LAL,4.5,209.0,102.3,3500,4,8.3,15.6,27.8,16.3,4.64,SG/SF,3500,2,9.0,7.0,103,98,1%,6,6,5,33,30,27,15.6,12.5,5.6,19.4,25.5,11.7,3.3,32.1,18.5,5.3,16.3,4.64,11.7,25.5,3.3,14.0,3.9699999999999998,30.0,5.666666666666667,13.419999999999998,17.233333333333334,11.9,-0.8029007798125624,0.1337525061782703,-0.9692483687180474,-0.8298603413414674,-0.41346639720016476
15,3,Paul Millsap,PF,,2019-11-22,DEN,BOS,-5.5,206.5,106.0,5900,25,29.5,32.8,39.3,28.3,4.79,PF/C,5900,1,20.0,21.0,103,101,9%,9,10,9,24,28,27,32.8,27.3,18.5,36.2,28.0,30.1,5.1,31.6,34.0,5.8,28.3,4.79,30.1,28.0,5.1,29.200000000000003,4.945,26.333333333333332,9.333333333333334,28.8,33.86666666666667,31.048101265822787,0.5020462802640155,0.399524224718246,0.5577547869149692,0.493889645789353,0.5083165238599765
15,4,Langston Galloway,PG,,2019-11-22,DET,ATL,-6.0,225.0,115.5,4500,18,17.8,26.4,39.5,25.8,5.72,PG/SG,4500,1,18.0,16.0,106,110,15%,14,12,9,39,33,27,26.4,21.1,13.4,28.8,35.0,26.4,5.9,27.4,14.8,3.3,25.8,5.72,26.4,35.0,5.9,26.1,5.8100000000000005,33.0,11.666666666666666,23.160000000000004,27.900000000000002,27.681818181818187,0.23590576143260816,1.1436850366301778,0.28930389349902663,0.008457270794696188,1.3261034230569222
15,5,Buddy Hield,SG,,2019-11-22,SAC,BKN,1.5,213.5,106.0,7400,7,26.0,36.0,57.5,38.3,5.17,SG/SF,7400,2,27.0,14.0,108,107,6%,19,18,18,34,34,33,36.0,33.4,23.8,42.9,37.0,40.6,5.5,32.2,23.3,3.1,38.3,5.17,40.6,37.0,5.5,39.45,5.335,33.666666666666664,18.333333333333332,35.11,39.833333333333336,43.35594059405941,1.3820270280130236,1.3563024114621585,1.5392677438569116,1.036988632707134,0.8770296922840325
15,6,Andre Drummond,C,,2019-11-22,DET,ATL,-6.0,225.0,115.5,8500,11,32.8,40.1,44.8,48.0,5.65,C,8500,1,25.0,23.0,106,110,0%,13,12,15,36,32,35,40.1,52.3,38.3,66.3,34.5,47.8,5.6,27.6,50.3,5.9,48.0,5.65,47.8,34.5,5.6,47.9,5.625,34.333333333333336,13.333333333333334,48.980000000000004,39.233333333333334,48.13252427184466,2.1074745712792784,1.0905306929221827,1.9201858436656873,2.230773569085839,1.1512010226506384
15,7,Lou Williams,PG,,2019-11-22,LAC,HOU,-5.0,225.5,115.3,6600,5,27.3,37.3,50.5,32.8,4.96,PG/SG,6600,1,31.0,20.0,108,105,10%,17,18,17,35,34,33,37.3,36.6,26.9,46.3,31.5,34.2,5.2,33.5,41.8,6.3,32.8,4.96,34.2,31.5,5.2,33.5,5.08,34.0,17.333333333333332,36.12,38.36666666666667,31.036764705882355,0.8712089354172577,0.7716046306742119,0.5568507305512209,1.1239188984419928,0.6359480052375343
16,0,Coby White,PG,,2019-11-22,CHI,MIA,4.5,217.0,106.3,4900,9,21.3,30.3,44.3,21.0,4.29,PG/SG,4900,1,25.0,11.0,104,98,-9%,11,14,13,24,28,25,30.3,23.4,12.4,34.3,25.0,23.0,4.7,20.8,15.5,3.2,21.0,4.29,23.0,25.0,4.7,22.0,4.495,25.666666666666668,12.666666666666666,24.48,31.96666666666667,21.428571428571427,-0.11608653766699513,0.08059816247027518,-0.2093736198794474,0.12206910324025394,0.08287825260144983
16,1,Donovan Mitchell,PG,,2019-11-22,UTA,GS,-16.5,208.5,112.5,7900,25,30.8,42.1,53.3,40.0,5.06,PG/SG,7900,1,31.0,22.0,105,113,8%,24,22,21,36,36,36,42.0,42.3,34.3,50.2,33.5,39.5,5.0,35.0,44.5,5.6,40.0,5.06,39.5,33.5,5.0,39.75,5.029999999999999,36.0,22.333333333333332,41.71,42.06666666666667,36.989583333333336,1.407782562093482,0.9842220055061924,1.031570009650357,1.6050477949349244,0.5886770862088084
16,2,Buddy Hield,SG,,2019-11-22,SAC,BKN,1.5,213.5,106.0,7400,7,26.0,36.0,57.5,38.3,5.17,SG/SF,7400,2,27.0,14.0,108,107,6%,19,18,18,34,34,33,36.0,33.4,23.8,42.9,37.0,40.6,5.5,32.2,23.3,3.1,38.3,5.17,40.6,37.0,5.5,39.45,5.335,33.666666666666664,18.333333333333332,35.11,39.833333333333336,43.35594059405941,1.3820270280130236,1.3563024114621585,1.5392677438569116,1.036988632707134,0.8770296922840325
16,3,Tobias Harris,SF,,2019-11-22,PHI,SA,-7.0,220.5,113.8,6200,17,19.8,32.0,47.3,35.5,5.73,SF/PF,6200,1,22.0,16.0,104,111,2%,14,15,14,31,33,34,32.0,35.7,27.4,43.9,33.5,34.8,5.6,34.3,46.0,7.4,35.5,5.73,34.8,33.5,5.6,35.15,5.665,32.666666666666664,14.333333333333334,34.83,33.03333333333333,36.04668367346939,1.0128643728597808,0.9842220055061924,0.9563766139152172,1.0128891530974702,1.1890177578736187
16,4,Langston Galloway,PG,,2019-11-22,DET,ATL,-6.0,225.0,115.5,4500,18,17.8,26.4,39.5,25.8,5.72,PG/SG,4500,1,18.0,16.0,106,110,15%,14,12,9,39,33,27,26.4,21.1,13.4,28.8,35.0,26.4,5.9,27.4,14.8,3.3,25.8,5.72,26.4,35.0,5.9,26.1,5.8100000000000005,33.0,11.666666666666666,23.160000000000004,27.900000000000002,27.681818181818187,0.23590576143260816,1.1436850366301778,0.28930389349902663,0.008457270794696188,1.3261034230569222
16,5,Kelly Olynyk,PF,,2019-11-22,MIA,CHI,-4.5,217.0,110.8,4500,15,11.3,20.2,27.8,23.8,5.28,PF/C,4500,1,16.0,12.0,106,104,15%,7,7,7,26,25,22,20.2,20.0,11.2,28.7,24.0,22.5,5.0,23.5,19.0,4.2,23.8,5.28,22.5,24.0,5.0,23.15,5.140000000000001,24.333333333333332,7.0,20.65,19.766666666666666,22.83287671232877,-0.017356990358569968,-0.025710524945715088,-0.09738452132600203,-0.20757734999193356,0.6926731080720049
16,6,Lauri Markkanen,PF,,2019-11-22,CHI,MIA,4.5,217.0,106.3,6000,27,20.0,28.9,38.5,31.5,5.25,PF/C,6000,1,22.0,13.0,104,98,12%,13,11,12,28,30,30,28.9,29.9,18.3,41.4,31.0,31.0,5.2,23.7,18.8,3.1,31.5,5.25,31.0,31.0,5.2,31.25,5.225,29.333333333333332,12.0,29.95,29.133333333333336,33.02556818181819,0.6780424298138169,0.7184502869662168,0.7154517919059815,0.5928696513290436,0.7730336704208368
16,7,Maxi Kleber,PF,,2019-11-22,DAL,CLE,-10.0,221.0,115.5,4000,13,4.5,18.2,32.0,21.8,5.44,PF/C,4000,1,13.0,13.0,102,108,-2%,6,7,7,21,26,27,18.2,20.8,13.1,28.5,25.0,20.4,5.1,18.6,14.3,3.6,21.8,5.44,20.4,25.0,5.1,21.1,5.27,24.666666666666668,6.666666666666667,20.339999999999996,18.233333333333334,21.385135135135137,-0.19335313990837133,0.08059816247027518,-0.21283753289230595,-0.234258916702633,0.8155774975466894
17,0,Kemba Walker,PG,,2019-11-22,BOS,DEN,5.5,206.5,100.5,7600,12,27.8,34.2,45.8,36.3,4.77,PG,7600,1,29.0,21.0,101,101,0%,18,17,18,34,34,34,34.2,39.3,28.2,50.5,34.0,37.1,4.9,12.0,9.8,1.3,36.3,4.77,37.1,34.0,4.9,36.7,4.835,34.0,17.666666666666668,37.779999999999994,35.93333333333333,36.7,1.1459346322754849,1.0373763492141876,1.0084766147659256,1.266794384699285,0.4043205019967808
17,1,Iman Shumpert,SG,,2019-11-22,BKN,SAC,-1.5,213.5,107.5,3200,10,2.8,8.1,15.0,13.5,4.22,SG/SF,3200,1,,,100,109,2%,7,6,6,19,17,17,7.5,7.5,6.8,8.2,18.5,12.5,3.9,24.7,20.3,6.3,13.5,4.22,12.5,18.5,3.9,13.0,4.06,17.666666666666668,6.333333333333333,8.6,8.633333333333333,13.61320754716981,-0.8887525600807582,-0.6104083057336616,-0.8326252490434091,-1.2447156689078231,-0.3283787429484596
17,2,Ben McLemore,SG,,2019-11-22,HOU,LAC,5.0,225.5,110.3,3900,3,12.0,19.9,31.0,18.5,4.74,SG/SF,3900,1,16.0,8.0,105,102,-7%,8,11,7,21,27,19,19.9,12.4,3.4,21.4,30.5,18.8,4.8,31.8,24.0,6.2,18.5,4.74,18.8,30.5,4.8,18.65,4.77,22.333333333333332,8.666666666666666,15.15,20.966666666666665,25.469776119402983,-0.40369000156545154,0.6652959432582216,0.11290023013789909,-0.6809599851817586,0.34286830725943773
17,3,Tobias Harris,SF,,2019-11-22,PHI,SA,-7.0,220.5,113.8,6200,17,19.8,32.0,47.3,35.5,5.73,SF/PF,6200,1,22.0,16.0,104,111,2%,14,15,14,31,33,34,32.0,35.7,27.4,43.9,33.5,34.8,5.6,34.3,46.0,7.4,35.5,5.73,34.8,33.5,5.6,35.15,5.665,32.666666666666664,14.333333333333334,34.83,33.03333333333333,36.04668367346939,1.0128643728597808,0.9842220055061924,0.9563766139152172,1.0128891530974702,1.1890177578736187
17,4,DeAndre' Bembry,PG,,2019-11-22,ATL,DET,6.0,225.0,109.5,4100,26,9.5,15.7,19.5,19.0,4.63,PG/SF,4100,1,15.0,11.0,102,109,1%,2,4,6,21,23,25,15.7,19.3,10.9,27.6,29.5,24.6,6.0,34.6,45.5,11.1,19.0,4.63,24.6,29.5,6.0,21.8,5.3149999999999995,23.0,4.0,19.06,14.9,27.960869565217394,-0.13325689372063426,0.5589872558422314,0.3115573972338805,-0.3444279663468103,0.858121324672542
17,5,Buddy Hield,SG,,2019-11-22,SAC,BKN,1.5,213.5,106.0,7400,7,26.0,36.0,57.5,38.3,5.17,SG/SF,7400,2,27.0,14.0,108,107,6%,19,18,18,34,34,33,36.0,33.4,23.8,42.9,37.0,40.6,5.5,32.2,23.3,3.1,38.3,5.17,40.6,37.0,5.5,39.45,5.335,33.666666666666664,18.333333333333332,35.11,39.833333333333336,43.35594059405941,1.3820270280130236,1.3563024114621585,1.5392677438569116,1.036988632707134,0.8770296922840325
17,6,Thomas Bryant,PF,,2019-11-22,WAS,CHA,-6.0,234.5,120.3,6600,26,25.8,30.3,41.5,32.5,4.92,PF/C,6600,1,19.0,20.0,102,109,10%,9,11,11,25,27,29,30.3,32.6,23.5,41.8,27.5,34.2,5.2,34.4,38.3,5.8,32.5,4.92,34.2,27.5,5.2,33.35,5.0600000000000005,27.0,10.333333333333334,32.309999999999995,32.53333333333333,33.967592592592595,0.8583311683770285,0.34636988101025085,0.7905753891737362,0.7959938366104955,0.6170396376260446
17,7,Terry Rozier,PG,,2019-11-22,CHA,WAS,6.0,234.5,114.3,6200,19,19.8,32.7,53.3,35.0,5.65,PG,6200,1,26.0,14.0,107,114,5%,13,16,15,29,33,33,32.4,30.6,19.3,41.9,33.0,35.4,5.7,34.1,29.0,4.7,35.0,5.65,35.4,33.0,5.7,35.2,5.675000000000001,31.666666666666668,14.666666666666666,31.880000000000003,35.266666666666666,36.682105263157894,1.017156961873191,0.9310676617981973,1.0070495636318324,0.7589839214956552,1.1984719416793643
18,0,Shaquille Harrison,PG,,2019-11-22,CHI,MIA,4.5,217.0,106.3,5000,9,0.0,12.7,45.3,21.0,4.2,PG/SF,5000,1,,,104,98,-9%,6,3,3,14,7,6,10.8,8.8,-6.3,23.9,22.5,19.9,4.0,23.1,24.5,4.9,21.0,4.2,19.9,22.5,4.0,20.45,4.1,9.0,4.0,11.530000000000001,19.333333333333332,51.125,-0.24915679708269883,-0.18517355606970048,2.1588267311673897,-0.992531828706698,-0.2905620077254794
18,1,Jordan Clarkson,SG,,2019-11-22,CLE,DAL,10.0,221.0,105.5,4400,23,15.8,22.4,28.0,20.0,4.55,SG/SF,4400,1,27.0,20.0,102,107,-5%,9,11,11,20,23,23,22.4,23.0,17.7,28.3,23.5,21.0,4.8,15.0,2.8,0.6,20.0,4.55,21.0,23.5,4.8,20.5,4.675,22.0,10.333333333333334,22.380000000000003,22.066666666666666,21.89772727272727,-0.244864208069289,-0.07886486865371022,-0.1719598604385392,-0.05867699383222457,0.25305356110486016
18,2,Will Barton,PG,,2019-11-22,DEN,BOS,-5.5,206.5,106.0,6200,3,17.3,32.5,42.3,26.8,4.31,PG/SF,6200,1,20.0,18.0,103,101,-4%,9,13,12,25,32,32,32.5,32.2,23.2,41.3,31.0,28.6,4.6,33.8,24.3,3.9,26.8,4.31,28.6,31.0,4.6,27.700000000000003,4.455,29.666666666666668,11.333333333333334,31.379999999999995,30.7,28.944943820224722,0.3732686098617217,0.7184502869662168,0.39003434238433904,0.7159491364783978,0.04506151737846966
18,3,Moe Harkless,SF,,2019-11-22,LAC,HOU,-5.0,225.5,115.3,3800,28,9.8,16.5,24.8,17.8,4.67,SF/PF,3800,1,12.0,9.0,108,105,11%,3,5,5,22,25,23,16.4,14.7,8.0,21.5,24.5,17.1,4.5,22.9,13.5,3.6,17.8,4.67,17.1,24.5,4.5,17.450000000000003,4.585,23.333333333333332,4.333333333333333,15.61,17.033333333333335,18.322500000000005,-0.5067121378872862,0.027443818762280046,-0.45707342087829644,-0.6413679829658824,0.167965906853155
18,4,Luka Doncic,PG,,2019-11-22,DAL,CLE,-10.0,221.0,115.5,11400,2,56.0,67.8,76.8,64.3,5.64,PG/SG,11400,1,38.0,32.0,102,108,1%,21,20,20,35,34,35,65.1,61.2,46.6,75.7,34.5,61.0,5.4,28.5,62.3,5.5,64.3,5.64,61.0,34.5,5.4,62.65,5.52,34.666666666666664,20.333333333333332,62.25,66.86666666666666,62.34879807692308,3.373788330235168,1.0905306929221827,3.053890677389573,3.372916763443835,1.0519320926903153
18,5,Kevin Love,PF,,2019-11-22,CLE,DAL,10.0,221.0,105.5,7800,16,20.5,34.6,46.3,40.5,5.19,PF/C,7800,1,23.0,21.0,102,107,4%,15,13,13,36,33,33,38.0,43.1,34.5,51.7,32.5,39.1,5.0,25.4,16.8,2.2,40.5,5.19,39.1,32.5,5.0,39.8,5.095000000000001,34.0,13.666666666666666,41.42,33.800000000000004,38.04411764705882,1.4120751511068916,0.8779133180902022,1.1156659313518094,1.5800876196249156,0.6501292809461523
18,6,Wendell Carter Jr.,PF,,2019-11-22,CHI,MIA,4.5,217.0,106.3,6100,27,17.5,29.8,39.0,29.5,4.84,PF/C,6100,1,17.0,19.0,104,98,12%,7,8,9,30,31,29,29.8,30.9,22.7,39.2,30.0,28.2,4.6,25.8,16.5,2.7,29.5,4.84,28.2,30.0,4.6,28.85,4.72,30.0,8.0,30.290000000000003,28.766666666666666,28.85,0.47199815717014687,0.6121415995502265,0.3824628599131357,0.6221333051407785,0.29559738823071274
18,7,Daniel Gafford,C,,2019-11-22,CHI,MIA,4.5,217.0,106.3,3900,2,0.0,8.4,32.8,12.3,3.14,C,3900,1,,,104,98,12%,8,3,3,18,9,8,8.4,7.2,-5.8,20.2,15.0,12.3,3.2,14.9,13.8,3.5,12.3,3.14,12.3,15.0,3.2,12.3,3.17,11.666666666666666,4.666666666666667,8.459999999999999,13.733333333333333,15.814285714285717,-0.9488488062684953,-0.9824887116896275,-0.6570959231681576,-1.256765408712655,-1.1698011016597674
19,0,Malik Monk,PG,,2019-11-22,CHA,WAS,6.0,234.5,114.3,4600,19,13.3,25.6,39.5,25.0,5.43,PG/SG,4600,1,22.0,12.0,107,114,13%,11,12,9,25,26,21,25.6,18.3,7.7,28.8,24.5,24.8,5.4,21.9,27.5,6.0,25.0,5.43,24.8,24.5,5.4,24.9,5.415,24.0,10.666666666666666,21.060000000000002,26.133333333333336,25.418749999999996,0.13288362511077284,0.027443818762280046,0.10883105146235375,-0.17228882627778264,0.9526631627299929
19,1,Svi Mykhailiuk,SG,,2019-11-22,DET,ATL,-6.0,225.0,115.5,3100,28,-1.0,5.4,12.5,13.0,4.19,SG/SF,3100,1,13.0,6.0,106,110,27%,2,2,3,13,11,13,5.3,6.8,1.8,11.8,14.5,9.4,3.0,31.9,15.8,5.1,13.0,4.19,9.4,14.5,3.0,11.2,3.595,12.333333333333334,2.3333333333333335,7.38,5.633333333333333,13.167567567567566,-1.043285764563511,-1.0356430553976226,-0.8681636894183545,-1.3497205443499298,-0.7679982899156031
19,2,Tobias Harris,SF,,2019-11-22,PHI,SA,-7.0,220.5,113.8,6200,17,19.8,32.0,47.3,35.5,5.73,SF/PF,6200,1,22.0,16.0,104,111,2%,14,15,14,31,33,34,32.0,35.7,27.4,43.9,33.5,34.8,5.6,34.3,46.0,7.4,35.5,5.73,34.8,33.5,5.6,35.15,5.665,32.666666666666664,14.333333333333334,34.83,33.03333333333333,36.04668367346939,1.0128643728597808,0.9842220055061924,0.9563766139152172,1.0128891530974702,1.1890177578736187
19,3,Kelly Olynyk,PF,,2019-11-22,MIA,CHI,-4.5,217.0,110.8,4500,15,11.3,20.2,27.8,23.8,5.28,PF/C,4500,1,16.0,12.0,106,104,15%,7,7,7,26,25,22,20.2,20.0,11.2,28.7,24.0,22.5,5.0,23.5,19.0,4.2,23.8,5.28,22.5,24.0,5.0,23.15,5.140000000000001,24.333333333333332,7.0,20.65,19.766666666666666,22.83287671232877,-0.017356990358569968,-0.025710524945715088,-0.09738452132600203,-0.20757734999193356,0.6926731080720049
19,4,Coby White,PG,,2019-11-22,CHI,MIA,4.5,217.0,106.3,4900,9,21.3,30.3,44.3,21.0,4.29,PG/SG,4900,1,25.0,11.0,104,98,-9%,11,14,13,24,28,25,30.3,23.4,12.4,34.3,25.0,23.0,4.7,20.8,15.5,3.2,21.0,4.29,23.0,25.0,4.7,22.0,4.495,25.666666666666668,12.666666666666666,24.48,31.96666666666667,21.428571428571427,-0.11608653766699513,0.08059816247027518,-0.2093736198794474,0.12206910324025394,0.08287825260144983
19,5,Ben Simmons,PG,,2019-11-22,PHI,SA,-7.0,220.5,113.8,8100,17,34.5,40.6,51.8,43.5,5.37,PG/SF,8100,1,21.0,19.0,104,111,13%,9,9,11,34,37,36,40.5,40.4,33.7,47.0,36.0,44.2,5.5,31.9,50.0,6.2,43.5,5.37,44.2,36.0,5.5,43.85,5.4350000000000005,35.666666666666664,9.666666666666666,41.09,42.3,44.25981308411215,1.7597748611930855,1.249993724046168,1.6113488408513137,1.5516846615135262,0.9715715303414834
19,6,Andre Drummond,C,,2019-11-22,DET,ATL,-6.0,225.0,115.5,8500,11,32.8,40.1,44.8,48.0,5.65,C,8500,1,25.0,23.0,106,110,0%,13,12,15,36,32,35,40.1,52.3,38.3,66.3,34.5,47.8,5.6,27.6,50.3,5.9,48.0,5.65,47.8,34.5,5.6,47.9,5.625,34.333333333333336,13.333333333333334,48.980000000000004,39.233333333333334,48.13252427184466,2.1074745712792784,1.0905306929221827,1.9201858436656873,2.230773569085839,1.1512010226506384
19,7,DeAndre' Bembry,PG,,2019-11-22,ATL,DET,6.0,225.0,109.5,4100,26,9.5,15.7,19.5,19.0,4.63,PG/SF,4100,1,15.0,11.0,102,109,1%,2,4,6,21,23,25,15.7,19.3,10.9,27.6,29.5,24.6,6.0,34.6,45.5,11.1,19.0,4.63,24.6,29.5,6.0,21.8,5.3149999999999995,23.0,4.0,19.06,14.9,27.960869565217394,-0.13325689372063426,0.5589872558422314,0.3115573972338805,-0.3444279663468103,0.858121324672542
20,0,Malik Monk,PG,,2019-11-22,CHA,WAS,6.0,234.5,114.3,4600,19,13.3,25.6,39.5,25.0,5.43,PG/SG,4600,1,22.0,12.0,107,114,13%,11,12,9,25,26,21,25.6,18.3,7.7,28.8,24.5,24.8,5.4,21.9,27.5,6.0,25.0,5.43,24.8,24.5,5.4,24.9,5.415,24.0,10.666666666666666,21.060000000000002,26.133333333333336,25.418749999999996,0.13288362511077284,0.027443818762280046,0.10883105146235375,-0.17228882627778264,0.9526631627299929
20,1,Langston Galloway,PG,,2019-11-22,DET,ATL,-6.0,225.0,115.5,4500,18,17.8,26.4,39.5,25.8,5.72,PG/SG,4500,1,18.0,16.0,106,110,15%,14,12,9,39,33,27,26.4,21.1,13.4,28.8,35.0,26.4,5.9,27.4,14.8,3.3,25.8,5.72,26.4,35.0,5.9,26.1,5.8100000000000005,33.0,11.666666666666666,23.160000000000004,27.900000000000002,27.681818181818187,0.23590576143260816,1.1436850366301778,0.28930389349902663,0.008457270794696188,1.3261034230569222
20,2,DeAndre' Bembry,PG,,2019-11-22,ATL,DET,6.0,225.0,109.5,4100,26,9.5,15.7,19.5,19.0,4.63,PG/SF,4100,1,15.0,11.0,102,109,1%,2,4,6,21,23,25,15.7,19.3,10.9,27.6,29.5,24.6,6.0,34.6,45.5,11.1,19.0,4.63,24.6,29.5,6.0,21.8,5.3149999999999995,23.0,4.0,19.06,14.9,27.960869565217394,-0.13325689372063426,0.5589872558422314,0.3115573972338805,-0.3444279663468103,0.858121324672542
20,3,Miles Bridges,SF,,2019-11-22,CHA,WAS,6.0,234.5,114.3,5000,8,6.0,20.9,34.5,25.8,5.15,SF/PF,5000,1,18.0,11.0,107,114,2%,12,10,11,31,31,33,23.4,24.8,17.6,31.9,30.0,25.2,5.0,34.9,47.5,9.5,25.8,5.15,25.2,30.0,5.0,25.5,5.075,31.666666666666668,11.0,24.639999999999997,20.466666666666665,24.157894736842103,0.1843946932716905,0.6121415995502265,0.008281658135554384,0.13584023444577584,0.6312209133346618
20,4,Buddy Hield,SG,,2019-11-22,SAC,BKN,1.5,213.5,106.0,7400,7,26.0,36.0,57.5,38.3,5.17,SG/SF,7400,2,27.0,14.0,108,107,6%,19,18,18,34,34,33,36.0,33.4,23.8,42.9,37.0,40.6,5.5,32.2,23.3,3.1,38.3,5.17,40.6,37.0,5.5,39.45,5.335,33.666666666666664,18.333333333333332,35.11,39.833333333333336,43.35594059405941,1.3820270280130236,1.3563024114621585,1.5392677438569116,1.036988632707134,0.8770296922840325
20,5,Rudy Gay,SF,,2019-11-22,SA,PHI,7.0,220.5,106.8,5300,12,20.5,25.4,30.8,22.0,4.15,SF/PF,5300,1,21.0,20.0,104,103,-6%,11,10,9,23,22,23,25.4,24.7,18.0,31.4,24.0,23.2,4.4,27.0,29.5,5.6,22.0,4.15,23.2,24.0,4.4,22.6,4.275,22.666666666666668,10.0,24.419999999999998,25.566666666666666,23.929411764705883,-0.06457546950607747,-0.025710524945715088,-0.009939167763416376,0.11690492903818293,-0.12511379112494067
20,6,Jerami Grant,PF,,2019-11-22,DEN,BOS,-5.5,206.5,106.0,4200,25,13.3,19.5,26.5,15.5,3.69,PF/C,4200,1,19.0,12.0,103,101,1%,8,9,8,22,20,22,19.5,17.1,9.8,24.5,20.0,15.5,3.7,16.5,10.5,2.5,15.5,3.69,15.5,20.0,3.7,15.5,3.6950000000000003,21.333333333333332,8.333333333333334,17.28,19.766666666666666,14.53125,-0.6741231094102684,-0.45094527460967615,-0.7594141403796522,-0.4976318010082444,-0.6734564518581527
20,7,Andre Drummond,C,,2019-11-22,DET,ATL,-6.0,225.0,115.5,8500,11,32.8,40.1,44.8,48.0,5.65,C,8500,1,25.0,23.0,106,110,0%,13,12,15,36,32,35,40.1,52.3,38.3,66.3,34.5,47.8,5.6,27.6,50.3,5.9,48.0,5.65,47.8,34.5,5.6,47.9,5.625,34.333333333333336,13.333333333333334,48.980000000000004,39.233333333333334,48.13252427184466,2.1074745712792784,1.0905306929221827,1.9201858436656873,2.230773569085839,1.1512010226506384
21,0,Chris Paul,PG,,2019-11-22,OKC,LAL,4.5,209.0,102.3,7100,15,28.5,36.1,45.0,36.8,5.18,PG,7100,2,23.0,21.0,103,98,-4%,9,10,11,32,32,31,36.4,34.4,26.1,42.6,31.0,34.3,4.8,31.8,36.0,5.1,36.8,5.18,34.3,31.0,4.8,35.55,4.99,31.666666666666668,10.0,35.010000000000005,36.53333333333333,34.80157894736841,1.047205084967059,0.7184502869662168,0.8570832782755451,1.0283816757036832,0.5508603509858291
21,1,Langston Galloway,PG,,2019-11-22,DET,ATL,-6.0,225.0,115.5,4500,18,17.8,26.4,39.5,25.8,5.72,PG/SG,4500,1,18.0,16.0,106,110,15%,14,12,9,39,33,27,26.4,21.1,13.4,28.8,35.0,26.4,5.9,27.4,14.8,3.3,25.8,5.72,26.4,35.0,5.9,26.1,5.8100000000000005,33.0,11.666666666666666,23.160000000000004,27.900000000000002,27.681818181818187,0.23590576143260816,1.1436850366301778,0.28930389349902663,0.008457270794696188,1.3261034230569222
21,2,Will Barton,PG,,2019-11-22,DEN,BOS,-5.5,206.5,106.0,6200,3,17.3,32.5,42.3,26.8,4.31,PG/SF,6200,1,20.0,18.0,103,101,-4%,9,13,12,25,32,32,32.5,32.2,23.2,41.3,31.0,28.6,4.6,33.8,24.3,3.9,26.8,4.31,28.6,31.0,4.6,27.700000000000003,4.455,29.666666666666668,11.333333333333334,31.379999999999995,30.7,28.944943820224722,0.3732686098617217,0.7184502869662168,0.39003434238433904,0.7159491364783978,0.04506151737846966
21,3,Maxi Kleber,PF,,2019-11-22,DAL,CLE,-10.0,221.0,115.5,4000,13,4.5,18.2,32.0,21.8,5.44,PF/C,4000,1,13.0,13.0,102,108,-2%,6,7,7,21,26,27,18.2,20.8,13.1,28.5,25.0,20.4,5.1,18.6,14.3,3.6,21.8,5.44,20.4,25.0,5.1,21.1,5.27,24.666666666666668,6.666666666666667,20.339999999999996,18.233333333333334,21.385135135135137,-0.19335313990837133,0.08059816247027518,-0.21283753289230595,-0.234258916702633,0.8155774975466894
21,4,Allen Crabbe,SG,,2019-11-22,ATL,DET,6.0,225.0,109.5,3200,27,9.0,12.6,14.5,14.3,4.45,SG/SF,3200,1,,,102,109,-1%,7,5,5,17,16,16,12.7,12.7,10.2,15.2,22.0,15.5,4.8,22.8,6.5,2.0,14.3,4.45,15.5,22.0,4.8,14.9,4.625,16.333333333333332,5.666666666666667,13.14,12.033333333333333,20.069387755102042,-0.725634177571186,-0.2383278997776956,-0.3177644064989605,-0.853959820951131,0.20578264207613517
21,5,Duncan Robinson,SG,,2019-11-22,MIA,CHI,-4.5,217.0,110.8,5000,21,12.3,20.9,36.0,20.5,4.1,SG/SF,5000,1,15.0,13.0,106,104,-13%,13,10,9,32,29,26,20.9,19.4,8.2,30.5,28.5,19.9,4.0,31.3,17.8,3.6,20.5,4.1,19.9,28.5,4.0,20.2,4.05,29.0,10.666666666666666,19.84,23.066666666666666,19.851724137931033,-0.2706197421497478,0.4526785684262411,-0.33512242156648453,-0.2772937017198895,-0.33783292675420445
21,6,Marquese Chriss,PF,,2019-11-22,GS,UTA,16.5,208.5,96.0,4700,2,6.0,21.2,34.5,22.5,4.79,PF/C,4700,1,20.0,17.0,102,98,-8%,11,7,5,24,19,17,21.2,17.9,9.5,26.2,23.5,24.0,5.1,22.0,25.0,5.3,22.5,4.79,24.0,23.5,5.1,23.25,4.945,20.0,7.666666666666667,19.61,20.566666666666666,27.31875,-0.008771812331750256,-0.07886486865371022,0.26035030422927147,-0.2970897028278277,0.5083165238599765
21,7,Trae Young,PG,,2019-11-22,ATL,DET,6.0,225.0,109.5,9400,26,36.8,48.3,68.0,49.0,5.21,PG,9400,1,36.0,24.0,102,109,5%,22,20,21,36,36,36,48.4,50.8,35.3,66.3,35.5,51.5,5.5,31.7,28.5,3.0,49.0,5.21,51.5,35.5,5.5,50.25,5.355,36.0,21.0,50.21,51.03333333333333,49.55208333333333,2.309226254909539,1.196839380338173,2.0333913848526715,2.3366391402282907,0.895938059895523
22,0,Donovan Mitchell,PG,,2019-11-22,UTA,GS,-16.5,208.5,112.5,7900,25,30.8,42.1,53.3,40.0,5.06,PG/SG,7900,1,31.0,22.0,105,113,8%,24,22,21,36,36,36,42.0,42.3,34.3,50.2,33.5,39.5,5.0,35.0,44.5,5.6,40.0,5.06,39.5,33.5,5.0,39.75,5.029999999999999,36.0,22.333333333333332,41.71,42.06666666666667,36.989583333333336,1.407782562093482,0.9842220055061924,1.031570009650357,1.6050477949349244,0.5886770862088084
22,1,Langston Galloway,PG,,2019-11-22,DET,ATL,-6.0,225.0,115.5,4500,18,17.8,26.4,39.5,25.8,5.72,PG/SG,4500,1,18.0,16.0,106,110,15%,14,12,9,39,33,27,26.4,21.1,13.4,28.8,35.0,26.4,5.9,27.4,14.8,3.3,25.8,5.72,26.4,35.0,5.9,26.1,5.8100000000000005,33.0,11.666666666666666,23.160000000000004,27.900000000000002,27.681818181818187,0.23590576143260816,1.1436850366301778,0.28930389349902663,0.008457270794696188,1.3261034230569222
22,2,DeAndre' Bembry,PG,,2019-11-22,ATL,DET,6.0,225.0,109.5,4100,26,9.5,15.7,19.5,19.0,4.63,PG/SF,4100,1,15.0,11.0,102,109,1%,2,4,6,21,23,25,15.7,19.3,10.9,27.6,29.5,24.6,6.0,34.6,45.5,11.1,19.0,4.63,24.6,29.5,6.0,21.8,5.3149999999999995,23.0,4.0,19.06,14.9,27.960869565217394,-0.13325689372063426,0.5589872558422314,0.3115573972338805,-0.3444279663468103,0.858121324672542
22,3,Paul George,SF,,2019-11-22,LAC,HOU,-5.0,225.5,115.3,8100,28,30.8,45.9,54.0,45.8,5.65,SF/PF,8100,1,38.0,32.0,108,105,11%,16,17,17,33,28,28,44.7,44.7,34.7,54.7,32.5,45.0,5.6,32.3,43.5,5.4,45.8,5.65,45.0,32.5,5.6,45.4,5.625,29.666666666666668,16.666666666666668,44.84,43.56666666666666,49.73595505617977,1.8928451206087888,0.8779133180902022,2.048054598563544,1.8744455491429524,1.1512010226506384
22,4,Terry Rozier,PG,,2019-11-22,CHA,WAS,6.0,234.5,114.3,6200,19,19.8,32.7,53.3,35.0,5.65,PG,6200,1,26.0,14.0,107,114,5%,13,16,15,29,33,33,32.4,30.6,19.3,41.9,33.0,35.4,5.7,34.1,29.0,4.7,35.0,5.65,35.4,33.0,5.7,35.2,5.675000000000001,31.666666666666668,14.666666666666666,31.880000000000003,35.266666666666666,36.682105263157894,1.017156961873191,0.9310676617981973,1.0070495636318324,0.7589839214956552,1.1984719416793643
22,5,Terrance Ferguson,SG,,2019-11-22,OKC,LAL,4.5,209.0,102.3,3500,4,8.3,15.6,27.8,16.3,4.64,SG/SF,3500,2,9.0,7.0,103,98,1%,6,6,5,33,30,27,15.6,12.5,5.6,19.4,25.5,11.7,3.3,32.1,18.5,5.3,16.3,4.64,11.7,25.5,3.3,14.0,3.9699999999999998,30.0,5.666666666666667,13.419999999999998,17.233333333333334,11.9,-0.8029007798125624,0.1337525061782703,-0.9692483687180474,-0.8298603413414674,-0.41346639720016476
22,6,Kelly Olynyk,PF,,2019-11-22,MIA,CHI,-4.5,217.0,110.8,4500,15,11.3,20.2,27.8,23.8,5.28,PF/C,4500,1,16.0,12.0,106,104,15%,7,7,7,26,25,22,20.2,20.0,11.2,28.7,24.0,22.5,5.0,23.5,19.0,4.2,23.8,5.28,22.5,24.0,5.0,23.15,5.140000000000001,24.333333333333332,7.0,20.65,19.766666666666666,22.83287671232877,-0.017356990358569968,-0.025710524945715088,-0.09738452132600203,-0.20757734999193356,0.6926731080720049
22,7,Bruno Fernando,C,,2019-11-22,ATL,DET,6.0,225.0,109.5,3000,15,5.8,9.8,14.8,13.3,4.42,C,3000,1,17.0,13.0,102,109,6%,5,4,4,13,14,12,9.8,10.4,3.9,16.9,12.5,11.9,4.0,9.8,3.8,1.3,13.3,4.42,11.9,12.5,4.0,12.600000000000001,4.21,13.0,4.333333333333333,10.72,10.133333333333335,12.115384615384617,-0.9230932721880365,-1.2482604302296032,-0.952072097149328,-1.062248180434654,-0.18656598586228376
23,0,Coby White,PG,,2019-11-22,CHI,MIA,4.5,217.0,106.3,4900,9,21.3,30.3,44.3,21.0,4.29,PG/SG,4900,1,25.0,11.0,104,98,-9%,11,14,13,24,28,25,30.3,23.4,12.4,34.3,25.0,23.0,4.7,20.8,15.5,3.2,21.0,4.29,23.0,25.0,4.7,22.0,4.495,25.666666666666668,12.666666666666666,24.48,31.96666666666667,21.428571428571427,-0.11608653766699513,0.08059816247027518,-0.2093736198794474,0.12206910324025394,0.08287825260144983
23,1,Danny Green,SG,,2019-11-22,LAL,OKC,-4.5,209.0,106.8,4200,11,9.3,19.1,32.5,16.8,3.99,SG/SF,4200,2,14.0,12.0,102,103,-12%,5,6,7,22,23,25,18.9,18.7,8.3,29.0,24.5,16.2,3.9,28.8,23.0,5.5,16.8,3.99,16.2,24.5,3.9,16.5,3.9450000000000003,23.333333333333332,6.0,18.279999999999998,20.3,17.325,-0.5882713291420726,0.027443818762280046,-0.5366210285809284,-0.411562230973731,-0.43710185671452684
23,2,Jayson Tatum,SF,,2019-11-22,BOS,DEN,5.5,206.5,100.5,7500,10,26.5,39.8,51.0,33.8,4.5,SF/PF,7500,1,27.0,17.0,101,101,-8%,20,19,19,34,34,34,39.8,38.5,30.2,46.8,34.5,35.5,4.7,32.2,25.0,3.3,33.8,4.5,35.5,34.5,4.7,34.65,4.6,34.0,19.333333333333332,37.989999999999995,39.1,35.15955882352941,0.9699384827256828,1.0905306929221827,0.8856310905605491,1.284868994406533,0.18214718256177223
23,3,Paul Millsap,PF,,2019-11-22,DEN,BOS,-5.5,206.5,106.0,5900,25,29.5,32.8,39.3,28.3,4.79,PF/C,5900,1,20.0,21.0,103,101,9%,9,10,9,24,28,27,32.8,27.3,18.5,36.2,28.0,30.1,5.1,31.6,34.0,5.8,28.3,4.79,30.1,28.0,5.1,29.200000000000003,4.945,26.333333333333332,9.333333333333334,28.8,33.86666666666667,31.048101265822787,0.5020462802640155,0.399524224718246,0.5577547869149692,0.493889645789353,0.5083165238599765
23,4,Alec Burks,PG,,2019-11-22,GS,UTA,16.5,208.5,96.0,5700,8,16.8,26.4,44.5,27.0,4.74,PG/SG,5700,1,22.0,16.0,102,98,-21%,13,11,11,32,29,27,26.4,25.5,13.5,37.6,32.0,28.9,5.1,34.7,40.5,7.1,27.0,4.74,28.9,32.0,5.1,27.95,4.92,29.333333333333332,11.666666666666666,26.189999999999998,29.233333333333334,30.490909090909092,0.39473155492877043,0.824758974382207,0.5133203963936552,0.2692480679992721,0.4846810643456136
23,5,Duncan Robinson,SG,,2019-11-22,MIA,CHI,-4.5,217.0,110.8,5000,21,12.3,20.9,36.0,20.5,4.1,SG/SF,5000,1,15.0,13.0,106,104,-13%,13,10,9,32,29,26,20.9,19.4,8.2,30.5,28.5,19.9,4.0,31.3,17.8,3.6,20.5,4.1,19.9,28.5,4.0,20.2,4.05,29.0,10.666666666666666,19.84,23.066666666666666,19.851724137931033,-0.2706197421497478,0.4526785684262411,-0.33512242156648453,-0.2772937017198895,-0.33783292675420445
23,6,Moritz Wagner,PF,,2019-11-22,WAS,CHA,-6.0,234.5,120.3,4700,26,16.5,28.8,58.3,22.8,4.84,PF/C,4700,1,23.0,21.0,102,109,15%,8,9,8,23,21,19,28.8,23.8,12.4,35.3,20.5,22.5,4.8,13.6,12.5,2.7,22.8,4.84,22.5,20.5,4.8,22.65,4.82,21.0,8.333333333333334,24.590000000000003,34.53333333333333,22.110714285714284,-0.06028288049266792,-0.39779093090168105,-0.15497479040861808,0.1315367559440507,0.39013922628816355
23,7,Jaylen Brown,SG,,2019-11-22,BOS,DEN,5.5,206.5,100.5,6800,9,19.0,32.3,43.0,30.3,4.45,SG/SF,6800,1,24.0,17.0,101,101,-6%,15,16,16,34,35,34,32.3,35.0,24.9,45.2,35.0,31.4,4.6,36.3,45.5,6.7,30.3,4.45,31.4,35.0,4.6,30.85,4.525,34.333333333333336,15.666666666666666,33.65,31.433333333333334,31.449029126213592,0.6437017177065387,1.1436850366301778,0.5897275710306816,0.911327060456744,0.11124080401868516
24,0,Coby White,PG,,2019-11-22,CHI,MIA,4.5,217.0,106.3,4900,9,21.3,30.3,44.3,21.0,4.29,PG/SG,4900,1,25.0,11.0,104,98,-9%,11,14,13,24,28,25,30.3,23.4,12.4,34.3,25.0,23.0,4.7,20.8,15.5,3.2,21.0,4.29,23.0,25.0,4.7,22.0,4.495,25.666666666666668,12.666666666666666,24.48,31.96666666666667,21.428571428571427,-0.11608653766699513,0.08059816247027518,-0.2093736198794474,0.12206910324025394,0.08287825260144983
24,1,Langston Galloway,PG,,2019-11-22,DET,ATL,-6.0,225.0,115.5,4500,18,17.8,26.4,39.5,25.8,5.72,PG/SG,4500,1,18.0,16.0,106,110,15%,14,12,9,39,33,27,26.4,21.1,13.4,28.8,35.0,26.4,5.9,27.4,14.8,3.3,25.8,5.72,26.4,35.0,5.9,26.1,5.8100000000000005,33.0,11.666666666666666,23.160000000000004,27.900000000000002,27.681818181818187,0.23590576143260816,1.1436850366301778,0.28930389349902663,0.008457270794696188,1.3261034230569222
24,2,Paul George,SF,,2019-11-22,LAC,HOU,-5.0,225.5,115.3,8100,28,30.8,45.9,54.0,45.8,5.65,SF/PF,8100,1,38.0,32.0,108,105,11%,16,17,17,33,28,28,44.7,44.7,34.7,54.7,32.5,45.0,5.6,32.3,43.5,5.4,45.8,5.65,45.0,32.5,5.6,45.4,5.625,29.666666666666668,16.666666666666668,44.84,43.56666666666666,49.73595505617977,1.8928451206087888,0.8779133180902022,2.048054598563544,1.8744455491429524,1.1512010226506384
24,3,Cedi Osman,SF,,2019-11-22,CLE,DAL,10.0,221.0,105.5,3900,2,8.3,14.2,22.3,17.8,4.55,SF/PF,3900,1,14.0,8.0,102,107,1%,6,7,8,22,28,30,14.2,17.8,10.4,25.1,27.0,17.3,4.4,26.1,31.0,7.9,17.8,4.55,17.3,27.0,4.4,17.55,4.475,26.666666666666668,7.0,17.009999999999998,14.933333333333332,17.769375,-0.49812695986046684,0.29321553730225575,-0.5011834665028764,-0.5208705849175633,0.06396988498995933
24,4,Devonte' Graham,PG,,2019-11-22,CHA,WAS,6.0,234.5,114.3,6900,19,22.5,32.0,41.3,33.3,4.82,PG/SG,6900,1,27.0,18.0,107,114,5%,13,17,14,32,35,32,32.3,35.1,24.6,45.6,35.5,38.6,5.6,35.8,42.5,6.2,33.3,4.82,38.6,35.5,5.6,35.95,5.21,33.0,14.666666666666666,34.71,31.933333333333334,38.673484848484854,1.0815457970743378,1.196839380338173,1.1658560619181666,1.0025608046933288,0.7588523947122195
24,5,Rudy Gay,SF,,2019-11-22,SA,PHI,7.0,220.5,106.8,5300,12,20.5,25.4,30.8,22.0,4.15,SF/PF,5300,1,21.0,20.0,104,103,-6%,11,10,9,23,22,23,25.4,24.7,18.0,31.4,24.0,23.2,4.4,27.0,29.5,5.6,22.0,4.15,23.2,24.0,4.4,22.6,4.275,22.666666666666668,10.0,24.419999999999998,25.566666666666666,23.929411764705883,-0.06457546950607747,-0.025710524945715088,-0.009939167763416376,0.11690492903818293,-0.12511379112494067
24,6,Jerami Grant,PF,,2019-11-22,DEN,BOS,-5.5,206.5,106.0,4200,25,13.3,19.5,26.5,15.5,3.69,PF/C,4200,1,19.0,12.0,103,101,1%,8,9,8,22,20,22,19.5,17.1,9.8,24.5,20.0,15.5,3.7,16.5,10.5,2.5,15.5,3.69,15.5,20.0,3.7,15.5,3.6950000000000003,21.333333333333332,8.333333333333334,17.28,19.766666666666666,14.53125,-0.6741231094102684,-0.45094527460967615,-0.7594141403796522,-0.4976318010082444,-0.6734564518581527
24,7,Terrance Ferguson,SG,,2019-11-22,OKC,LAL,4.5,209.0,102.3,3500,4,8.3,15.6,27.8,16.3,4.64,SG/SF,3500,2,9.0,7.0,103,98,1%,6,6,5,33,30,27,15.6,12.5,5.6,19.4,25.5,11.7,3.3,32.1,18.5,5.3,16.3,4.64,11.7,25.5,3.3,14.0,3.9699999999999998,30.0,5.666666666666667,13.419999999999998,17.233333333333334,11.9,-0.8029007798125624,0.1337525061782703,-0.9692483687180474,-0.8298603413414674,-0.41346639720016476
25,0,Shaquille Harrison,PG,,2019-11-22,CHI,MIA,4.5,217.0,106.3,5000,9,0.0,12.7,45.3,21.0,4.2,PG/SF,5000,1,,,104,98,-9%,6,3,3,14,7,6,10.8,8.8,-6.3,23.9,22.5,19.9,4.0,23.1,24.5,4.9,21.0,4.2,19.9,22.5,4.0,20.45,4.1,9.0,4.0,11.530000000000001,19.333333333333332,51.125,-0.24915679708269883,-0.18517355606970048,2.1588267311673897,-0.992531828706698,-0.2905620077254794
25,1,Langston Galloway,PG,,2019-11-22,DET,ATL,-6.0,225.0,115.5,4500,18,17.8,26.4,39.5,25.8,5.72,PG/SG,4500,1,18.0,16.0,106,110,15%,14,12,9,39,33,27,26.4,21.1,13.4,28.8,35.0,26.4,5.9,27.4,14.8,3.3,25.8,5.72,26.4,35.0,5.9,26.1,5.8100000000000005,33.0,11.666666666666666,23.160000000000004,27.900000000000002,27.681818181818187,0.23590576143260816,1.1436850366301778,0.28930389349902663,0.008457270794696188,1.3261034230569222
25,2,Thaddeus Young,SF,,2019-11-22,CHI,MIA,4.5,217.0,106.3,4100,1,12.8,17.4,20.8,19.3,4.7,SF/PF,4100,1,21.0,12.0,104,98,12%,10,9,9,19,23,22,17.4,19.3,12.5,26.0,19.5,17.5,4.3,24.6,29.0,7.1,19.3,4.7,17.5,19.5,4.3,18.4,4.5,21.333333333333332,9.333333333333334,18.72,17.0,16.818749999999998,-0.4251529466325005,-0.5040996183176712,-0.5769929347457979,-0.3736916201585449,0.08760534450432224
25,3,Justin Jackson,SF,,2019-11-22,DAL,CLE,-10.0,221.0,115.5,3300,22,2.5,10.4,24.0,8.3,2.5,SF/PF,3300,1,17.0,13.0,102,108,15%,5,5,5,17,14,13,10.3,10.0,2.7,17.3,18.0,13.1,4.0,23.5,30.5,9.2,8.3,2.5,13.1,18.0,4.0,10.7,3.25,14.666666666666666,5.0,10.2,12.299999999999999,13.131818181818181,-1.0862116546976088,-0.6635626494416567,-0.8710145947949983,-1.1070043568526013,-1.094167631213807
25,4,Glenn Robinson III,SG,,2019-11-22,GS,UTA,16.5,208.5,96.0,4600,17,14.3,22.1,27.5,22.0,4.78,SG/SF,4600,1,15.0,13.0,102,98,-21%,11,10,10,31,32,32,22.1,22.9,15.7,30.1,34.0,23.2,5.0,35.8,32.0,7.0,22.0,4.78,23.2,34.0,5.0,22.6,4.890000000000001,31.666666666666668,10.333333333333334,22.68,21.3,24.265263157894736,-0.06457546950607747,1.0373763492141876,0.016843964940111658,-0.03285612282187071,0.4563185129283791
25,5,Ben McLemore,SG,,2019-11-22,HOU,LAC,5.0,225.5,110.3,3900,3,12.0,19.9,31.0,18.5,4.74,SG/SF,3900,1,16.0,8.0,105,102,-7%,8,11,7,21,27,19,19.9,12.4,3.4,21.4,30.5,18.8,4.8,31.8,24.0,6.2,18.5,4.74,18.8,30.5,4.8,18.65,4.77,22.333333333333332,8.666666666666666,15.15,20.966666666666665,25.469776119402983,-0.40369000156545154,0.6652959432582216,0.11290023013789909,-0.6809599851817586,0.34286830725943773
25,6,Maxi Kleber,PF,,2019-11-22,DAL,CLE,-10.0,221.0,115.5,4000,13,4.5,18.2,32.0,21.8,5.44,PF/C,4000,1,13.0,13.0,102,108,-2%,6,7,7,21,26,27,18.2,20.8,13.1,28.5,25.0,20.4,5.1,18.6,14.3,3.6,21.8,5.44,20.4,25.0,5.1,21.1,5.27,24.666666666666668,6.666666666666667,20.339999999999996,18.233333333333334,21.385135135135137,-0.19335313990837133,0.08059816247027518,-0.21283753289230595,-0.234258916702633,0.8155774975466894
25,7,Kris Dunn,PG,,2019-11-22,CHI,MIA,4.5,217.0,106.3,4500,9,18.3,24.6,35.0,19.3,4.28,PG/SG,4500,1,17.0,15.0,104,98,-9%,8,7,7,23,21,21,24.6,20.3,12.9,27.6,21.0,19.2,4.3,22.1,25.3,5.6,19.3,4.28,19.2,21.0,4.3,19.25,4.29,21.666666666666668,7.333333333333333,20.93,25.96666666666667,18.657692307692308,-0.3521789334045339,-0.3446365871936859,-0.43034284824947727,-0.18347787038226962,-0.11093251541632343
26,0,Langston Galloway,PG,,2019-11-22,DET,ATL,-6.0,225.0,115.5,4500,18,17.8,26.4,39.5,25.8,5.72,PG/SG,4500,1,18.0,16.0,106,110,15%,14,12,9,39,33,27,26.4,21.1,13.4,28.8,35.0,26.4,5.9,27.4,14.8,3.3,25.8,5.72,26.4,35.0,5.9,26.1,5.8100000000000005,33.0,11.666666666666666,23.160000000000004,27.900000000000002,27.681818181818187,0.23590576143260816,1.1436850366301778,0.28930389349902663,0.008457270794696188,1.3261034230569222
26,1,Jordan Poole,SG,,2019-11-22,GS,UTA,16.5,208.5,96.0,4100,17,9.8,15.5,22.3,18.8,4.57,SG/SF,4100,1,20.0,4.0,102,98,-8%,11,10,11,23,25,27,15.5,17.0,11.6,22.4,29.5,18.9,4.6,25.2,15.8,3.9,18.8,4.57,18.9,29.5,4.6,18.85,4.585,25.0,10.666666666666666,17.07,15.866666666666667,22.243,-0.3865196455118121,0.5589872558422314,-0.14442540484003422,-0.5157064107154923,0.167965906853155
26,2,Courtney Lee,SG,,2019-11-22,DAL,CLE,-10.0,221.0,115.5,3200,30,2.0,10.4,23.3,6.5,2.03,SG/SF,3200,1,,,102,108,0%,4,4,4,8,10,10,7.2,7.2,-1.2,15.5,0.0,0.0,0.0,8.5,8.3,2.6,6.5,2.03,0.0,0.0,0.0,3.25,1.015,9.333333333333334,4.0,6.39,11.9,0.0,-1.7258074176956681,-2.5771190229294816,-1.9182373728897926,-1.4349294186840982,-3.207177711797822
26,3,Grant Williams,SF,,2019-11-22,BOS,DEN,5.5,206.5,100.5,3100,10,5.5,8.0,10.8,13.3,4.27,SF/PF,3100,1,12.0,6.0,101,101,-14%,4,2,3,19,15,16,8.0,9.6,3.4,15.7,16.5,11.5,3.7,16.9,4.3,1.4,13.3,4.27,11.5,16.5,3.7,12.4,3.985,16.666666666666668,3.0,9.819999999999999,8.1,12.276,-0.9402636282416758,-0.8230256805656421,-0.939263506065226,-1.1397107934657165,-0.3992851214915471
26,4,Patrick Beverley,PG,,2019-11-22,LAC,HOU,-5.0,225.5,115.3,5400,5,10.0,26.4,57.0,25.5,4.72,PG/SG,5400,1,14.0,10.0,108,105,-11%,9,8,8,38,31,31,26.4,25.3,12.8,37.8,32.0,22.9,4.2,19.4,11.8,2.2,25.5,4.72,22.9,32.0,4.2,24.2,4.46,33.333333333333336,8.333333333333334,25.3,31.133333333333336,23.232,0.07278737892303579,0.824758974382207,-0.06555564642609668,0.19264615066855517,0.04978860928134208
26,5,LaMarcus Aldridge,PF,,2019-11-22,SA,PHI,7.0,220.5,106.8,7000,9,31.8,38.6,54.8,34.3,4.89,PF/C,7000,1,23.0,20.0,104,103,-13%,15,16,15,34,33,33,38.6,36.6,25.3,47.9,33.0,33.1,4.7,35.7,29.0,4.1,34.3,4.89,33.1,33.0,4.7,33.7,4.795,33.333333333333336,15.333333333333334,36.42,41.733333333333334,33.36300000000001,0.8883792914708971,0.9310676617981973,0.7423609587221349,1.1497397694523472,0.36650376677380064
26,6,Enes Kanter,C,,2019-11-22,BOS,DEN,5.5,206.5,100.5,3700,26,8.5,17.8,28.8,14.0,3.78,C,3700,1,18.0,22.0,101,101,2%,4,4,4,9,15,15,17.8,16.7,8.8,24.7,13.0,14.5,3.9,13.9,17.3,4.7,14.0,3.78,14.5,13.0,3.9,14.25,3.84,13.0,4.0,16.45,18.366666666666667,14.250000000000002,-0.7814378347455133,-1.195106086521608,-0.7818429771379128,-0.5690695441368909,-0.53637078667485
26,7,Wendell Carter Jr.,PF,,2019-11-22,CHI,MIA,4.5,217.0,106.3,6100,27,17.5,29.8,39.0,29.5,4.84,PF/C,6100,1,17.0,19.0,104,98,12%,7,8,9,30,31,29,29.8,30.9,22.7,39.2,30.0,28.2,4.6,25.8,16.5,2.7,29.5,4.84,28.2,30.0,4.6,28.85,4.72,30.0,8.0,30.290000000000003,28.766666666666666,28.85,0.47199815717014687,0.6121415995502265,0.3824628599131357,0.6221333051407785,0.29559738823071274
