Lineup Num,,Player Name,position,injury_status,game_date,team,opp,spread,over_under,implied_team_score,salary,L5_dvp_rank,L5_ppg_floor,L5_ppg_avg,L5_ppg_max,ppg_projection,value_projection,Pos,Salary,Rest,USG,PER,Opp Pace,Opp DEff,Opp DvP,L2 FGA,L5 FGA,S FGA,L2 Min,L5 Min,S Min,L5 FP,S FP,Floor FP,Ceil FP,Proj Min,Proj FP,Proj Val,Actual Min,Actual FP,Actual Val,FantasyFuelPPGProj,FantasyFuelValueProj,DFN_PPGProj,DFN_MinProj,DFN_ValueProj,Avg Proj,Avg Value Proj,Avg Skewed Min,Avg Skewed FGA,Avg Skewed FP,Avg L5 PPG,Proj Min Enhanced,Avg Proj Stan,DFN_MinProj Stan,Proj Min Enhanced Stan,Avg Skewed FP Stan,Avg Value Proj Stan
0,0,Terry Rozier,PG,,2019-11-30,CHA,MIL,14.0,226.0,106.0,6300,14,24.0,33.4,38.3,35.5,5.63,PG,6300,0,25.0,15.0,108,101,8%,13,14,15,35,34,33,33.4,31.3,21.2,41.5,33.0,32.5,5.2,30.3,36.0,5.7,35.5,5.63,32.5,33.0,5.2,34.0,5.415,34.0,14.0,32.28,31.899999999999995,33.0,0.8452532377537533,1.0059824826544814,0.6917274763012301,0.7610584288642087,0.8159892448057254
0,1,DeAndre' Bembry,PG,,2019-11-30,ATL,HOU,13.5,238.5,112.5,4000,18,12.5,27.7,45.5,22.5,5.63,PG/SG,4000,0,15.0,13.0,108,107,13%,9,8,6,31,29,26,27.7,21.5,10.9,32.0,29.0,25.8,6.5,23.2,15.8,4.0,22.5,5.63,25.8,29.0,6.5,24.15,6.0649999999999995,28.666666666666668,7.666666666666667,23.25,28.566666666666666,24.430813953488368,0.07263129008270361,0.5232965394200358,0.014328201455172534,0.049024724551554856,1.434107498378866
0,2,Ben McLemore,SG,,2019-11-30,HOU,ATL,-13.5,238.5,126.0,3500,29,10.3,14.5,24.0,21.3,6.07,SG/SF,3500,2,16.0,8.0,106,111,7%,6,7,7,20,23,20,14.5,13.0,4.4,21.6,30.5,23.1,6.6,33.9,47.8,13.7,21.3,6.07,23.1,30.5,6.6,22.200000000000003,6.335,21.0,6.666666666666667,15.14,16.266666666666666,32.24285714285715,-0.08032432392323988,0.7043037681329529,0.6318748812473244,-0.5904651250581486,1.6908643114015556
0,3,De'Andre Hunter,SF,,2019-11-30,ATL,HOU,13.5,238.5,112.5,4700,8,11.8,21.2,34.3,26.8,5.69,SF/PF,4700,0,18.0,8.0,108,107,-9%,10,13,11,38,37,32,21.2,21.1,11.5,30.8,34.0,26.9,5.7,29.1,25.3,5.4,26.8,5.69,26.9,34.0,5.7,26.85,5.695,35.666666666666664,11.333333333333334,22.29,22.433333333333334,25.595327102803743,0.28441598639862603,1.126653968463093,0.10638366140356022,-0.026673210790654257,1.0822555694218479
0,4,Russell Westbrook,PG,,2019-11-30,HOU,ATL,-13.5,238.5,126.0,9300,2,35.5,46.2,67.3,51.5,5.54,PG,9300,2,33.0,18.0,106,111,-4%,21,22,20,37,36,34,46.9,47.1,34.3,59.9,34.5,50.9,5.5,26.7,35.5,3.8,51.5,5.54,50.9,34.5,5.5,51.2,5.52,35.666666666666664,21.0,47.879999999999995,49.666666666666664,49.52523364485982,2.194400192062591,1.1869897113673986,1.9980570654746,1.9911498781751054,0.9158391165367709
0,5,Jabari Parker,SF,,2019-11-30,ATL,HOU,13.5,238.5,112.5,6700,8,24.5,37.4,64.5,33.5,5.0,SF/PF,6700,0,25.0,20.0,108,107,6%,16,15,14,34,30,28,37.4,32.4,19.4,45.5,32.0,38.9,5.8,20.1,19.3,2.9,33.5,5.0,38.9,32.0,5.8,36.2,5.4,30.666666666666668,15.0,34.17999999999999,42.13333333333333,37.77391304347826,1.0178185458630233,0.8853109968458701,1.0691081535648252,0.9108772592289969,0.8017249774155764
0,6,Robin Lopez,C,,2019-11-30,MIL,CHA,-14.0,226.0,120.0,3000,29,4.0,9.1,16.8,18.0,6.0,C,3000,0,15.0,7.0,102,110,9%,3,3,4,13,15,14,10.8,9.7,5.0,14.3,22.5,18.0,6.0,23.5,33.0,11.0,18.0,6.0,18.0,22.5,6.0,18.0,6.0,14.0,3.3333333333333335,11.559999999999999,9.966666666666667,28.92857142857143,-0.4097671848591191,-0.26106811833593835,0.3698786161056973,-0.8727553422718033,1.3722956730215523
0,7,James Harden,PG,,2019-11-30,HOU,ATL,-13.5,238.5,126.0,12000,2,50.3,58.8,71.0,68.8,5.73,PG/SG,12000,2,40.0,30.0,106,111,-4%,23,19,25,38,38,38,58.8,62.9,52.0,73.8,37.5,69.9,5.8,30.7,85.3,7.1,68.8,5.73,69.9,37.5,5.8,69.35,5.765000000000001,38.0,22.333333333333332,63.370000000000005,60.03333333333333,68.4375,3.6180639839640674,1.5490041687932328,3.493083016029455,3.212567605728041,1.1488221505758787
1,0,Trae Young,PG,,2019-11-30,ATL,HOU,13.5,238.5,112.5,8900,18,28.5,51.6,63.0,49.3,5.53,PG,8900,0,36.0,23.0,108,107,-9%,26,23,22,39,37,36,51.9,51.1,36.3,65.9,34.5,47.4,5.3,31.4,52.3,5.9,49.3,5.53,47.4,34.5,5.3,48.349999999999994,5.415,37.333333333333336,23.666666666666668,50.709999999999994,47.699999999999996,44.68058035714285,1.9708496792846728,1.1869897113673986,1.6150843296549604,2.214301083402659,0.8159892448057254
1,1,Ben McLemore,SG,,2019-11-30,HOU,ATL,-13.5,238.5,126.0,3500,29,10.3,14.5,24.0,21.3,6.07,SG/SF,3500,2,16.0,8.0,106,111,7%,6,7,7,20,23,20,14.5,13.0,4.4,21.6,30.5,23.1,6.6,33.9,47.8,13.7,21.3,6.07,23.1,30.5,6.6,22.200000000000003,6.335,21.0,6.666666666666667,15.14,16.266666666666666,32.24285714285715,-0.08032432392323988,0.7043037681329529,0.6318748812473244,-0.5904651250581486,1.6908643114015556
1,2,De'Andre Hunter,SF,,2019-11-30,ATL,HOU,13.5,238.5,112.5,4700,8,11.8,21.2,34.3,26.8,5.69,SF/PF,4700,0,18.0,8.0,108,107,-9%,10,13,11,38,37,32,21.2,21.1,11.5,30.8,34.0,26.9,5.7,29.1,25.3,5.4,26.8,5.69,26.9,34.0,5.7,26.85,5.695,35.666666666666664,11.333333333333334,22.29,22.433333333333334,25.595327102803743,0.28441598639862603,1.126653968463093,0.10638366140356022,-0.026673210790654257,1.0822555694218479
1,3,Gary Clark,PF,,2019-11-30,HOU,ATL,-13.5,238.5,126.0,3500,22,0.0,7.7,28.5,19.8,5.64,PF/C,3500,2,,,106,111,6%,6,3,3,16,8,8,7.7,7.7,-4.1,19.4,23.5,17.6,5.0,24.4,15.5,4.4,19.8,5.64,17.6,23.5,5.0,18.700000000000003,5.32,10.666666666666666,4.0,9.879999999999999,12.066666666666668,41.198437500000004,-0.3548600413698057,-0.14039663252732695,1.339818857119308,-1.0052267291206691,0.7256488846681127
1,4,James Harden,PG,,2019-11-30,HOU,ATL,-13.5,238.5,126.0,12000,2,50.3,58.8,71.0,68.8,5.73,PG/SG,12000,2,40.0,30.0,106,111,-4%,23,19,25,38,38,38,58.8,62.9,52.0,73.8,37.5,69.9,5.8,30.7,85.3,7.1,68.8,5.73,69.9,37.5,5.8,69.35,5.765000000000001,38.0,22.333333333333332,63.370000000000005,60.03333333333333,68.4375,3.6180639839640674,1.5490041687932328,3.493083016029455,3.212567605728041,1.1488221505758787
1,5,P.J. Tucker,SF,,2019-11-30,HOU,ATL,-13.5,238.5,126.0,5100,9,8.3,21.8,32.3,25.3,4.95,SF/PF,5100,2,9.0,12.0,106,111,21%,8,7,7,36,35,36,21.8,24.6,15.4,33.9,35.5,24.7,4.8,29.7,23.3,4.6,25.3,4.95,24.7,35.5,4.8,25.0,4.875,35.666666666666664,7.333333333333333,24.140000000000004,20.8,24.883177570093462,0.13930425003401256,1.30766119717601,0.05008781551790764,0.11920301877506148,0.3024756187603467
1,6,Robin Lopez,C,,2019-11-30,MIL,CHA,-14.0,226.0,120.0,3000,29,4.0,9.1,16.8,18.0,6.0,C,3000,0,15.0,7.0,102,110,9%,3,3,4,13,15,14,10.8,9.7,5.0,14.3,22.5,18.0,6.0,23.5,33.0,11.0,18.0,6.0,18.0,22.5,6.0,18.0,6.0,14.0,3.3333333333333335,11.559999999999999,9.966666666666667,28.92857142857143,-0.4097671848591191,-0.26106811833593835,0.3698786161056973,-0.8727553422718033,1.3722956730215523
1,7,Russell Westbrook,PG,,2019-11-30,HOU,ATL,-13.5,238.5,126.0,9300,2,35.5,46.2,67.3,51.5,5.54,PG,9300,2,33.0,18.0,106,111,-4%,21,22,20,37,36,34,46.9,47.1,34.3,59.9,34.5,50.9,5.5,26.7,35.5,3.8,51.5,5.54,50.9,34.5,5.5,51.2,5.52,35.666666666666664,21.0,47.879999999999995,49.666666666666664,49.52523364485982,2.194400192062591,1.1869897113673986,1.9980570654746,1.9911498781751054,0.9158391165367709
2,0,Russell Westbrook,PG,,2019-11-30,HOU,ATL,-13.5,238.5,126.0,9300,2,35.5,46.2,67.3,51.5,5.54,PG,9300,2,33.0,18.0,106,111,-4%,21,22,20,37,36,34,46.9,47.1,34.3,59.9,34.5,50.9,5.5,26.7,35.5,3.8,51.5,5.54,50.9,34.5,5.5,51.2,5.52,35.666666666666664,21.0,47.879999999999995,49.666666666666664,49.52523364485982,2.194400192062591,1.1869897113673986,1.9980570654746,1.9911498781751054,0.9158391165367709
2,1,Devonte' Graham,PG,,2019-11-30,CHA,MIL,14.0,226.0,106.0,6500,14,28.8,38.3,49.8,38.0,5.85,PG/SG,6500,0,27.0,17.0,108,101,8%,15,14,14,37,37,34,38.3,35.9,26.0,45.7,35.0,36.7,5.6,28.5,38.0,5.8,38.0,5.85,36.7,35.0,5.6,37.35,5.725,36.0,14.333333333333334,36.64999999999999,38.96666666666666,36.3125,1.1080231387383235,1.2473254542717043,0.9535825796620695,1.105641738703222,1.110784104202146
2,2,Jabari Parker,SF,,2019-11-30,ATL,HOU,13.5,238.5,112.5,6700,8,24.5,37.4,64.5,33.5,5.0,SF/PF,6700,0,25.0,20.0,108,107,6%,16,15,14,34,30,28,37.4,32.4,19.4,45.5,32.0,38.9,5.8,20.1,19.3,2.9,33.5,5.0,38.9,32.0,5.8,36.2,5.4,30.666666666666668,15.0,34.17999999999999,42.13333333333333,37.77391304347826,1.0178185458630233,0.8853109968458701,1.0691081535648252,0.9108772592289969,0.8017249774155764
2,3,Gary Clark,PF,,2019-11-30,HOU,ATL,-13.5,238.5,126.0,3500,22,0.0,7.7,28.5,19.8,5.64,PF/C,3500,2,,,106,111,6%,6,3,3,16,8,8,7.7,7.7,-4.1,19.4,23.5,17.6,5.0,24.4,15.5,4.4,19.8,5.64,17.6,23.5,5.0,18.700000000000003,5.32,10.666666666666666,4.0,9.879999999999999,12.066666666666668,41.198437500000004,-0.3548600413698057,-0.14039663252732695,1.339818857119308,-1.0052267291206691,0.7256488846681127
2,4,Ben McLemore,SG,,2019-11-30,HOU,ATL,-13.5,238.5,126.0,3500,29,10.3,14.5,24.0,21.3,6.07,SG/SF,3500,2,16.0,8.0,106,111,7%,6,7,7,20,23,20,14.5,13.0,4.4,21.6,30.5,23.1,6.6,33.9,47.8,13.7,21.3,6.07,23.1,30.5,6.6,22.200000000000003,6.335,21.0,6.666666666666667,15.14,16.266666666666666,32.24285714285715,-0.08032432392323988,0.7043037681329529,0.6318748812473244,-0.5904651250581486,1.6908643114015556
2,5,De'Andre Hunter,SF,,2019-11-30,ATL,HOU,13.5,238.5,112.5,4700,8,11.8,21.2,34.3,26.8,5.69,SF/PF,4700,0,18.0,8.0,108,107,-9%,10,13,11,38,37,32,21.2,21.1,11.5,30.8,34.0,26.9,5.7,29.1,25.3,5.4,26.8,5.69,26.9,34.0,5.7,26.85,5.695,35.666666666666664,11.333333333333334,22.29,22.433333333333334,25.595327102803743,0.28441598639862603,1.126653968463093,0.10638366140356022,-0.026673210790654257,1.0822555694218479
2,6,Robin Lopez,C,,2019-11-30,MIL,CHA,-14.0,226.0,120.0,3000,29,4.0,9.1,16.8,18.0,6.0,C,3000,0,15.0,7.0,102,110,9%,3,3,4,13,15,14,10.8,9.7,5.0,14.3,22.5,18.0,6.0,23.5,33.0,11.0,18.0,6.0,18.0,22.5,6.0,18.0,6.0,14.0,3.3333333333333335,11.559999999999999,9.966666666666667,28.92857142857143,-0.4097671848591191,-0.26106811833593835,0.3698786161056973,-0.8727553422718033,1.3722956730215523
2,7,James Harden,PG,,2019-11-30,HOU,ATL,-13.5,238.5,126.0,12000,2,50.3,58.8,71.0,68.8,5.73,PG/SG,12000,2,40.0,30.0,106,111,-4%,23,19,25,38,38,38,58.8,62.9,52.0,73.8,37.5,69.9,5.8,30.7,85.3,7.1,68.8,5.73,69.9,37.5,5.8,69.35,5.765000000000001,38.0,22.333333333333332,63.370000000000005,60.03333333333333,68.4375,3.6180639839640674,1.5490041687932328,3.493083016029455,3.212567605728041,1.1488221505758787
3,0,Russell Westbrook,PG,,2019-11-30,HOU,ATL,-13.5,238.5,126.0,9300,2,35.5,46.2,67.3,51.5,5.54,PG,9300,2,33.0,18.0,106,111,-4%,21,22,20,37,36,34,46.9,47.1,34.3,59.9,34.5,50.9,5.5,26.7,35.5,3.8,51.5,5.54,50.9,34.5,5.5,51.2,5.52,35.666666666666664,21.0,47.879999999999995,49.666666666666664,49.52523364485982,2.194400192062591,1.1869897113673986,1.9980570654746,1.9911498781751054,0.9158391165367709
3,1,Devonte' Graham,PG,,2019-11-30,CHA,MIL,14.0,226.0,106.0,6500,14,28.8,38.3,49.8,38.0,5.85,PG/SG,6500,0,27.0,17.0,108,101,8%,15,14,14,37,37,34,38.3,35.9,26.0,45.7,35.0,36.7,5.6,28.5,38.0,5.8,38.0,5.85,36.7,35.0,5.6,37.35,5.725,36.0,14.333333333333334,36.64999999999999,38.96666666666666,36.3125,1.1080231387383235,1.2473254542717043,0.9535825796620695,1.105641738703222,1.110784104202146
3,2,De'Andre Hunter,SF,,2019-11-30,ATL,HOU,13.5,238.5,112.5,4700,8,11.8,21.2,34.3,26.8,5.69,SF/PF,4700,0,18.0,8.0,108,107,-9%,10,13,11,38,37,32,21.2,21.1,11.5,30.8,34.0,26.9,5.7,29.1,25.3,5.4,26.8,5.69,26.9,34.0,5.7,26.85,5.695,35.666666666666664,11.333333333333334,22.29,22.433333333333334,25.595327102803743,0.28441598639862603,1.126653968463093,0.10638366140356022,-0.026673210790654257,1.0822555694218479
3,3,Jabari Parker,SF,,2019-11-30,ATL,HOU,13.5,238.5,112.5,6700,8,24.5,37.4,64.5,33.5,5.0,SF/PF,6700,0,25.0,20.0,108,107,6%,16,15,14,34,30,28,37.4,32.4,19.4,45.5,32.0,38.9,5.8,20.1,19.3,2.9,33.5,5.0,38.9,32.0,5.8,36.2,5.4,30.666666666666668,15.0,34.17999999999999,42.13333333333333,37.77391304347826,1.0178185458630233,0.8853109968458701,1.0691081535648252,0.9108772592289969,0.8017249774155764
3,4,Malcolm Brogdon,PG,,2019-11-30,IND,PHI,5.0,207.5,101.3,7300,1,8.8,30.7,39.5,35.3,4.83,PG/SG,7300,0,29.0,23.0,102,102,-6%,17,16,16,34,31,33,36.7,41.4,32.6,50.2,33.0,36.0,4.9,37.8,43.0,5.9,35.3,4.83,36.0,33.0,4.9,35.65,4.865,32.666666666666664,16.333333333333332,39.31,26.333333333333332,36.01377551020408,0.9746772188357056,1.0059824826544814,0.9299682303331863,1.3153881012139272,0.29296610716691396
3,5,Ben McLemore,SG,,2019-11-30,HOU,ATL,-13.5,238.5,126.0,3500,29,10.3,14.5,24.0,21.3,6.07,SG/SF,3500,2,16.0,8.0,106,111,7%,6,7,7,20,23,20,14.5,13.0,4.4,21.6,30.5,23.1,6.6,33.9,47.8,13.7,21.3,6.07,23.1,30.5,6.6,22.200000000000003,6.335,21.0,6.666666666666667,15.14,16.266666666666666,32.24285714285715,-0.08032432392323988,0.7043037681329529,0.6318748812473244,-0.5904651250581486,1.6908643114015556
3,6,Robin Lopez,C,,2019-11-30,MIL,CHA,-14.0,226.0,120.0,3000,29,4.0,9.1,16.8,18.0,6.0,C,3000,0,15.0,7.0,102,110,9%,3,3,4,13,15,14,10.8,9.7,5.0,14.3,22.5,18.0,6.0,23.5,33.0,11.0,18.0,6.0,18.0,22.5,6.0,18.0,6.0,14.0,3.3333333333333335,11.559999999999999,9.966666666666667,28.92857142857143,-0.4097671848591191,-0.26106811833593835,0.3698786161056973,-0.8727553422718033,1.3722956730215523
3,7,Trae Young,PG,,2019-11-30,ATL,HOU,13.5,238.5,112.5,8900,18,28.5,51.6,63.0,49.3,5.53,PG,8900,0,36.0,23.0,108,107,-9%,26,23,22,39,37,36,51.9,51.1,36.3,65.9,34.5,47.4,5.3,31.4,52.3,5.9,49.3,5.53,47.4,34.5,5.3,48.349999999999994,5.415,37.333333333333336,23.666666666666668,50.709999999999994,47.699999999999996,44.68058035714285,1.9708496792846728,1.1869897113673986,1.6150843296549604,2.214301083402659,0.8159892448057254
4,0,Malcolm Brogdon,PG,,2019-11-30,IND,PHI,5.0,207.5,101.3,7300,1,8.8,30.7,39.5,35.3,4.83,PG/SG,7300,0,29.0,23.0,102,102,-6%,17,16,16,34,31,33,36.7,41.4,32.6,50.2,33.0,36.0,4.9,37.8,43.0,5.9,35.3,4.83,36.0,33.0,4.9,35.65,4.865,32.666666666666664,16.333333333333332,39.31,26.333333333333332,36.01377551020408,0.9746772188357056,1.0059824826544814,0.9299682303331863,1.3153881012139272,0.29296610716691396
4,1,Ben McLemore,SG,,2019-11-30,HOU,ATL,-13.5,238.5,126.0,3500,29,10.3,14.5,24.0,21.3,6.07,SG/SF,3500,2,16.0,8.0,106,111,7%,6,7,7,20,23,20,14.5,13.0,4.4,21.6,30.5,23.1,6.6,33.9,47.8,13.7,21.3,6.07,23.1,30.5,6.6,22.200000000000003,6.335,21.0,6.666666666666667,15.14,16.266666666666666,32.24285714285715,-0.08032432392323988,0.7043037681329529,0.6318748812473244,-0.5904651250581486,1.6908643114015556
4,2,T.J. Warren,SF,,2019-11-30,IND,PHI,5.0,207.5,101.3,4800,17,6.5,24.7,30.5,23.8,4.95,SF/PF,4800,0,21.0,14.0,102,102,-8%,14,13,15,34,33,34,24.6,26.9,15.6,38.3,32.0,23.7,4.9,32.0,38.0,7.9,23.8,4.95,23.7,32.0,4.9,23.75,4.925000000000001,33.666666666666664,14.0,25.829999999999995,20.566666666666666,22.574257425742577,0.04125577951738191,0.8853109968458701,-0.1324337008748245,0.25246292578374124,0.35002317672751204
4,3,De'Andre Hunter,SF,,2019-11-30,ATL,HOU,13.5,238.5,112.5,4700,8,11.8,21.2,34.3,26.8,5.69,SF/PF,4700,0,18.0,8.0,108,107,-9%,10,13,11,38,37,32,21.2,21.1,11.5,30.8,34.0,26.9,5.7,29.1,25.3,5.4,26.8,5.69,26.9,34.0,5.7,26.85,5.695,35.666666666666664,11.333333333333334,22.29,22.433333333333334,25.595327102803743,0.28441598639862603,1.126653968463093,0.10638366140356022,-0.026673210790654257,1.0822555694218479
4,4,Devonte' Graham,PG,,2019-11-30,CHA,MIL,14.0,226.0,106.0,6500,14,28.8,38.3,49.8,38.0,5.85,PG/SG,6500,0,27.0,17.0,108,101,8%,15,14,14,37,37,34,38.3,35.9,26.0,45.7,35.0,36.7,5.6,28.5,38.0,5.8,38.0,5.85,36.7,35.0,5.6,37.35,5.725,36.0,14.333333333333334,36.64999999999999,38.96666666666666,36.3125,1.1080231387383235,1.2473254542717043,0.9535825796620695,1.105641738703222,1.110784104202146
4,5,Gary Clark,PF,,2019-11-30,HOU,ATL,-13.5,238.5,126.0,3500,22,0.0,7.7,28.5,19.8,5.64,PF/C,3500,2,,,106,111,6%,6,3,3,16,8,8,7.7,7.7,-4.1,19.4,23.5,17.6,5.0,24.4,15.5,4.4,19.8,5.64,17.6,23.5,5.0,18.700000000000003,5.32,10.666666666666666,4.0,9.879999999999999,12.066666666666668,41.198437500000004,-0.3548600413698057,-0.14039663252732695,1.339818857119308,-1.0052267291206691,0.7256488846681127
4,6,Domantas Sabonis,PF,,2019-11-30,IND,PHI,5.0,207.5,101.3,7700,12,38.3,42.2,47.5,38.5,5.0,PF/C,7700,0,25.0,22.0,102,102,-12%,13,13,14,37,34,35,42.4,43.1,35.9,50.4,34.0,38.1,4.9,32.3,32.0,4.2,38.5,5.0,38.1,34.0,4.9,38.3,4.95,35.333333333333336,13.333333333333334,42.02,42.666666666666664,36.85471698113207,1.1825399763309625,1.126653968463093,0.9964451558547761,1.5290770645237048,0.3737969557110939
4,7,James Harden,PG,,2019-11-30,HOU,ATL,-13.5,238.5,126.0,12000,2,50.3,58.8,71.0,68.8,5.73,PG/SG,12000,2,40.0,30.0,106,111,-4%,23,19,25,38,38,38,58.8,62.9,52.0,73.8,37.5,69.9,5.8,30.7,85.3,7.1,68.8,5.73,69.9,37.5,5.8,69.35,5.765000000000001,38.0,22.333333333333332,63.370000000000005,60.03333333333333,68.4375,3.6180639839640674,1.5490041687932328,3.493083016029455,3.212567605728041,1.1488221505758787
5,0,James Harden,PG,,2019-11-30,HOU,ATL,-13.5,238.5,126.0,12000,2,50.3,58.8,71.0,68.8,5.73,PG/SG,12000,2,40.0,30.0,106,111,-4%,23,19,25,38,38,38,58.8,62.9,52.0,73.8,37.5,69.9,5.8,30.7,85.3,7.1,68.8,5.73,69.9,37.5,5.8,69.35,5.765000000000001,38.0,22.333333333333332,63.370000000000005,60.03333333333333,68.4375,3.6180639839640674,1.5490041687932328,3.493083016029455,3.212567605728041,1.1488221505758787
5,1,Devonte' Graham,PG,,2019-11-30,CHA,MIL,14.0,226.0,106.0,6500,14,28.8,38.3,49.8,38.0,5.85,PG/SG,6500,0,27.0,17.0,108,101,8%,15,14,14,37,37,34,38.3,35.9,26.0,45.7,35.0,36.7,5.6,28.5,38.0,5.8,38.0,5.85,36.7,35.0,5.6,37.35,5.725,36.0,14.333333333333334,36.64999999999999,38.96666666666666,36.3125,1.1080231387383235,1.2473254542717043,0.9535825796620695,1.105641738703222,1.110784104202146
5,2,Ben McLemore,SG,,2019-11-30,HOU,ATL,-13.5,238.5,126.0,3500,29,10.3,14.5,24.0,21.3,6.07,SG/SF,3500,2,16.0,8.0,106,111,7%,6,7,7,20,23,20,14.5,13.0,4.4,21.6,30.5,23.1,6.6,33.9,47.8,13.7,21.3,6.07,23.1,30.5,6.6,22.200000000000003,6.335,21.0,6.666666666666667,15.14,16.266666666666666,32.24285714285715,-0.08032432392323988,0.7043037681329529,0.6318748812473244,-0.5904651250581486,1.6908643114015556
5,3,Gary Clark,PF,,2019-11-30,HOU,ATL,-13.5,238.5,126.0,3500,22,0.0,7.7,28.5,19.8,5.64,PF/C,3500,2,,,106,111,6%,6,3,3,16,8,8,7.7,7.7,-4.1,19.4,23.5,17.6,5.0,24.4,15.5,4.4,19.8,5.64,17.6,23.5,5.0,18.700000000000003,5.32,10.666666666666666,4.0,9.879999999999999,12.066666666666668,41.198437500000004,-0.3548600413698057,-0.14039663252732695,1.339818857119308,-1.0052267291206691,0.7256488846681127
5,4,Trae Young,PG,,2019-11-30,ATL,HOU,13.5,238.5,112.5,8900,18,28.5,51.6,63.0,49.3,5.53,PG,8900,0,36.0,23.0,108,107,-9%,26,23,22,39,37,36,51.9,51.1,36.3,65.9,34.5,47.4,5.3,31.4,52.3,5.9,49.3,5.53,47.4,34.5,5.3,48.349999999999994,5.415,37.333333333333336,23.666666666666668,50.709999999999994,47.699999999999996,44.68058035714285,1.9708496792846728,1.1869897113673986,1.6150843296549604,2.214301083402659,0.8159892448057254
5,5,Miles Bridges,SF,,2019-11-30,CHA,MIL,14.0,226.0,106.0,5300,28,17.0,31.0,47.5,26.0,4.91,SF/PF,5300,0,18.0,12.0,108,101,-10%,14,13,11,29,32,32,30.9,26.4,17.9,34.9,30.5,24.7,4.7,34.4,28.0,5.3,26.0,4.91,24.7,30.5,4.7,25.35,4.805,31.0,12.666666666666666,27.089999999999996,31.833333333333332,24.941129032258065,0.16675782177866927,0.7043037681329529,0.054668913213009165,0.35181646592039073,0.23590903760631587
5,6,Al Horford,PF,,2019-11-30,PHI,IND,-5.0,207.5,106.3,6800,1,23.5,31.3,37.8,32.5,4.78,PF/C,6800,0,21.0,19.0,102,101,-7%,8,9,13,32,31,32,32.9,34.0,25.3,42.8,32.0,33.5,4.9,32.0,30.3,4.5,32.5,4.78,33.5,32.0,4.9,33.0,4.84,31.666666666666668,10.0,33.6,30.866666666666664,33.34736842105263,0.7668144613404487,0.8853109968458701,0.7191871574481064,0.8651430899597462,0.2691923281833313
5,7,Robin Lopez,C,,2019-11-30,MIL,CHA,-14.0,226.0,120.0,3000,29,4.0,9.1,16.8,18.0,6.0,C,3000,0,15.0,7.0,102,110,9%,3,3,4,13,15,14,10.8,9.7,5.0,14.3,22.5,18.0,6.0,23.5,33.0,11.0,18.0,6.0,18.0,22.5,6.0,18.0,6.0,14.0,3.3333333333333335,11.559999999999999,9.966666666666667,28.92857142857143,-0.4097671848591191,-0.26106811833593835,0.3698786161056973,-0.8727553422718033,1.3722956730215523
6,0,Russell Westbrook,PG,,2019-11-30,HOU,ATL,-13.5,238.5,126.0,9300,2,35.5,46.2,67.3,51.5,5.54,PG,9300,2,33.0,18.0,106,111,-4%,21,22,20,37,36,34,46.9,47.1,34.3,59.9,34.5,50.9,5.5,26.7,35.5,3.8,51.5,5.54,50.9,34.5,5.5,51.2,5.52,35.666666666666664,21.0,47.879999999999995,49.666666666666664,49.52523364485982,2.194400192062591,1.1869897113673986,1.9980570654746,1.9911498781751054,0.9158391165367709
6,1,Devonte' Graham,PG,,2019-11-30,CHA,MIL,14.0,226.0,106.0,6500,14,28.8,38.3,49.8,38.0,5.85,PG/SG,6500,0,27.0,17.0,108,101,8%,15,14,14,37,37,34,38.3,35.9,26.0,45.7,35.0,36.7,5.6,28.5,38.0,5.8,38.0,5.85,36.7,35.0,5.6,37.35,5.725,36.0,14.333333333333334,36.64999999999999,38.96666666666666,36.3125,1.1080231387383235,1.2473254542717043,0.9535825796620695,1.105641738703222,1.110784104202146
6,2,Ben McLemore,SG,,2019-11-30,HOU,ATL,-13.5,238.5,126.0,3500,29,10.3,14.5,24.0,21.3,6.07,SG/SF,3500,2,16.0,8.0,106,111,7%,6,7,7,20,23,20,14.5,13.0,4.4,21.6,30.5,23.1,6.6,33.9,47.8,13.7,21.3,6.07,23.1,30.5,6.6,22.200000000000003,6.335,21.0,6.666666666666667,15.14,16.266666666666666,32.24285714285715,-0.08032432392323988,0.7043037681329529,0.6318748812473244,-0.5904651250581486,1.6908643114015556
6,3,De'Andre Hunter,SF,,2019-11-30,ATL,HOU,13.5,238.5,112.5,4700,8,11.8,21.2,34.3,26.8,5.69,SF/PF,4700,0,18.0,8.0,108,107,-9%,10,13,11,38,37,32,21.2,21.1,11.5,30.8,34.0,26.9,5.7,29.1,25.3,5.4,26.8,5.69,26.9,34.0,5.7,26.85,5.695,35.666666666666664,11.333333333333334,22.29,22.433333333333334,25.595327102803743,0.28441598639862603,1.126653968463093,0.10638366140356022,-0.026673210790654257,1.0822555694218479
6,4,Donte DiVincenzo,PG,,2019-11-30,MIL,CHA,-14.0,226.0,120.0,4400,15,18.3,23.2,28.0,21.5,4.89,PG/SF,4400,0,18.0,14.0,102,110,-5%,9,10,8,27,28,22,23.1,20.8,11.4,30.1,26.0,21.9,5.0,19.7,20.0,4.5,21.5,4.89,21.9,26.0,5.0,21.7,4.945,25.666666666666668,9.0,21.42,23.166666666666668,21.98181818181818,-0.11954371212989241,0.1612820819942016,-0.1792663769360593,-0.095274464694531,0.36904219991437753
6,5,Miles Bridges,SF,,2019-11-30,CHA,MIL,14.0,226.0,106.0,5300,28,17.0,31.0,47.5,26.0,4.91,SF/PF,5300,0,18.0,12.0,108,101,-10%,14,13,11,29,32,32,30.9,26.4,17.9,34.9,30.5,24.7,4.7,34.4,28.0,5.3,26.0,4.91,24.7,30.5,4.7,25.35,4.805,31.0,12.666666666666666,27.089999999999996,31.833333333333332,24.941129032258065,0.16675782177866927,0.7043037681329529,0.054668913213009165,0.35181646592039073,0.23590903760631587
6,6,Gary Clark,PF,,2019-11-30,HOU,ATL,-13.5,238.5,126.0,3500,22,0.0,7.7,28.5,19.8,5.64,PF/C,3500,2,,,106,111,6%,6,3,3,16,8,8,7.7,7.7,-4.1,19.4,23.5,17.6,5.0,24.4,15.5,4.4,19.8,5.64,17.6,23.5,5.0,18.700000000000003,5.32,10.666666666666666,4.0,9.879999999999999,12.066666666666668,41.198437500000004,-0.3548600413698057,-0.14039663252732695,1.339818857119308,-1.0052267291206691,0.7256488846681127
6,7,James Harden,PG,,2019-11-30,HOU,ATL,-13.5,238.5,126.0,12000,2,50.3,58.8,71.0,68.8,5.73,PG/SG,12000,2,40.0,30.0,106,111,-4%,23,19,25,38,38,38,58.8,62.9,52.0,73.8,37.5,69.9,5.8,30.7,85.3,7.1,68.8,5.73,69.9,37.5,5.8,69.35,5.765000000000001,38.0,22.333333333333332,63.370000000000005,60.03333333333333,68.4375,3.6180639839640674,1.5490041687932328,3.493083016029455,3.212567605728041,1.1488221505758787
7,0,Malcolm Brogdon,PG,,2019-11-30,IND,PHI,5.0,207.5,101.3,7300,1,8.8,30.7,39.5,35.3,4.83,PG/SG,7300,0,29.0,23.0,102,102,-6%,17,16,16,34,31,33,36.7,41.4,32.6,50.2,33.0,36.0,4.9,37.8,43.0,5.9,35.3,4.83,36.0,33.0,4.9,35.65,4.865,32.666666666666664,16.333333333333332,39.31,26.333333333333332,36.01377551020408,0.9746772188357056,1.0059824826544814,0.9299682303331863,1.3153881012139272,0.29296610716691396
7,1,James Harden,PG,,2019-11-30,HOU,ATL,-13.5,238.5,126.0,12000,2,50.3,58.8,71.0,68.8,5.73,PG/SG,12000,2,40.0,30.0,106,111,-4%,23,19,25,38,38,38,58.8,62.9,52.0,73.8,37.5,69.9,5.8,30.7,85.3,7.1,68.8,5.73,69.9,37.5,5.8,69.35,5.765000000000001,38.0,22.333333333333332,63.370000000000005,60.03333333333333,68.4375,3.6180639839640674,1.5490041687932328,3.493083016029455,3.212567605728041,1.1488221505758787
7,2,Ben McLemore,SG,,2019-11-30,HOU,ATL,-13.5,238.5,126.0,3500,29,10.3,14.5,24.0,21.3,6.07,SG/SF,3500,2,16.0,8.0,106,111,7%,6,7,7,20,23,20,14.5,13.0,4.4,21.6,30.5,23.1,6.6,33.9,47.8,13.7,21.3,6.07,23.1,30.5,6.6,22.200000000000003,6.335,21.0,6.666666666666667,15.14,16.266666666666666,32.24285714285715,-0.08032432392323988,0.7043037681329529,0.6318748812473244,-0.5904651250581486,1.6908643114015556
7,3,P.J. Tucker,SF,,2019-11-30,HOU,ATL,-13.5,238.5,126.0,5100,9,8.3,21.8,32.3,25.3,4.95,SF/PF,5100,2,9.0,12.0,106,111,21%,8,7,7,36,35,36,21.8,24.6,15.4,33.9,35.5,24.7,4.8,29.7,23.3,4.6,25.3,4.95,24.7,35.5,4.8,25.0,4.875,35.666666666666664,7.333333333333333,24.140000000000004,20.8,24.883177570093462,0.13930425003401256,1.30766119717601,0.05008781551790764,0.11920301877506148,0.3024756187603467
7,4,Russell Westbrook,PG,,2019-11-30,HOU,ATL,-13.5,238.5,126.0,9300,2,35.5,46.2,67.3,51.5,5.54,PG,9300,2,33.0,18.0,106,111,-4%,21,22,20,37,36,34,46.9,47.1,34.3,59.9,34.5,50.9,5.5,26.7,35.5,3.8,51.5,5.54,50.9,34.5,5.5,51.2,5.52,35.666666666666664,21.0,47.879999999999995,49.666666666666664,49.52523364485982,2.194400192062591,1.1869897113673986,1.9980570654746,1.9911498781751054,0.9158391165367709
7,5,PJ Washington,PF,,2019-11-30,CHA,MIL,14.0,226.0,106.0,4600,25,17.0,25.9,45.8,23.0,5.0,PF/C,4600,0,17.0,15.0,108,101,-4%,12,9,9,28,26,29,25.9,25.8,16.7,34.8,27.0,21.3,4.6,32.5,17.8,3.9,23.0,5.0,21.3,27.0,4.6,22.15,4.8,27.666666666666668,10.0,25.07,29.566666666666663,21.616265060240963,-0.08424626274390544,0.281953567802813,-0.20816356952005322,0.19253539363782618,0.2311542818095995
7,6,Gary Clark,PF,,2019-11-30,HOU,ATL,-13.5,238.5,126.0,3500,22,0.0,7.7,28.5,19.8,5.64,PF/C,3500,2,,,106,111,6%,6,3,3,16,8,8,7.7,7.7,-4.1,19.4,23.5,17.6,5.0,24.4,15.5,4.4,19.8,5.64,17.6,23.5,5.0,18.700000000000003,5.32,10.666666666666666,4.0,9.879999999999999,12.066666666666668,41.198437500000004,-0.3548600413698057,-0.14039663252732695,1.339818857119308,-1.0052267291206691,0.7256488846681127
7,7,De'Andre Hunter,SF,,2019-11-30,ATL,HOU,13.5,238.5,112.5,4700,8,11.8,21.2,34.3,26.8,5.69,SF/PF,4700,0,18.0,8.0,108,107,-9%,10,13,11,38,37,32,21.2,21.1,11.5,30.8,34.0,26.9,5.7,29.1,25.3,5.4,26.8,5.69,26.9,34.0,5.7,26.85,5.695,35.666666666666664,11.333333333333334,22.29,22.433333333333334,25.595327102803743,0.28441598639862603,1.126653968463093,0.10638366140356022,-0.026673210790654257,1.0822555694218479
8,0,Terry Rozier,PG,,2019-11-30,CHA,MIL,14.0,226.0,106.0,6300,14,24.0,33.4,38.3,35.5,5.63,PG,6300,0,25.0,15.0,108,101,8%,13,14,15,35,34,33,33.4,31.3,21.2,41.5,33.0,32.5,5.2,30.3,36.0,5.7,35.5,5.63,32.5,33.0,5.2,34.0,5.415,34.0,14.0,32.28,31.899999999999995,33.0,0.8452532377537533,1.0059824826544814,0.6917274763012301,0.7610584288642087,0.8159892448057254
8,1,Ben McLemore,SG,,2019-11-30,HOU,ATL,-13.5,238.5,126.0,3500,29,10.3,14.5,24.0,21.3,6.07,SG/SF,3500,2,16.0,8.0,106,111,7%,6,7,7,20,23,20,14.5,13.0,4.4,21.6,30.5,23.1,6.6,33.9,47.8,13.7,21.3,6.07,23.1,30.5,6.6,22.200000000000003,6.335,21.0,6.666666666666667,15.14,16.266666666666666,32.24285714285715,-0.08032432392323988,0.7043037681329529,0.6318748812473244,-0.5904651250581486,1.6908643114015556
8,2,Nicolas Batum,SG,,2019-11-30,CHA,MIL,14.0,226.0,106.0,4100,13,11.3,18.1,26.0,19.5,4.76,SG/SF,4100,0,12.0,11.0,108,101,3%,5,4,3,29,24,24,17.9,17.2,10.6,23.8,24.5,18.3,4.5,13.1,6.0,1.5,19.5,4.76,18.3,24.5,4.5,18.9,4.63,25.666666666666668,4.0,17.679999999999996,18.46666666666667,18.040909090909086,-0.3391722860871451,-0.019725146718715524,-0.49079759424494157,-0.39018100446522086,0.0694925847212396
8,3,P.J. Tucker,SF,,2019-11-30,HOU,ATL,-13.5,238.5,126.0,5100,9,8.3,21.8,32.3,25.3,4.95,SF/PF,5100,2,9.0,12.0,106,111,21%,8,7,7,36,35,36,21.8,24.6,15.4,33.9,35.5,24.7,4.8,29.7,23.3,4.6,25.3,4.95,24.7,35.5,4.8,25.0,4.875,35.666666666666664,7.333333333333333,24.140000000000004,20.8,24.883177570093462,0.13930425003401256,1.30766119717601,0.05008781551790764,0.11920301877506148,0.3024756187603467
8,4,James Harden,PG,,2019-11-30,HOU,ATL,-13.5,238.5,126.0,12000,2,50.3,58.8,71.0,68.8,5.73,PG/SG,12000,2,40.0,30.0,106,111,-4%,23,19,25,38,38,38,58.8,62.9,52.0,73.8,37.5,69.9,5.8,30.7,85.3,7.1,68.8,5.73,69.9,37.5,5.8,69.35,5.765000000000001,38.0,22.333333333333332,63.370000000000005,60.03333333333333,68.4375,3.6180639839640674,1.5490041687932328,3.493083016029455,3.212567605728041,1.1488221505758787
8,5,De'Andre Hunter,SF,,2019-11-30,ATL,HOU,13.5,238.5,112.5,4700,8,11.8,21.2,34.3,26.8,5.69,SF/PF,4700,0,18.0,8.0,108,107,-9%,10,13,11,38,37,32,21.2,21.1,11.5,30.8,34.0,26.9,5.7,29.1,25.3,5.4,26.8,5.69,26.9,34.0,5.7,26.85,5.695,35.666666666666664,11.333333333333334,22.29,22.433333333333334,25.595327102803743,0.28441598639862603,1.126653968463093,0.10638366140356022,-0.026673210790654257,1.0822555694218479
8,6,Domantas Sabonis,PF,,2019-11-30,IND,PHI,5.0,207.5,101.3,7700,12,38.3,42.2,47.5,38.5,5.0,PF/C,7700,0,25.0,22.0,102,102,-12%,13,13,14,37,34,35,42.4,43.1,35.9,50.4,34.0,38.1,4.9,32.3,32.0,4.2,38.5,5.0,38.1,34.0,4.9,38.3,4.95,35.333333333333336,13.333333333333334,42.02,42.666666666666664,36.85471698113207,1.1825399763309625,1.126653968463093,0.9964451558547761,1.5290770645237048,0.3737969557110939
8,7,Devonte' Graham,PG,,2019-11-30,CHA,MIL,14.0,226.0,106.0,6500,14,28.8,38.3,49.8,38.0,5.85,PG/SG,6500,0,27.0,17.0,108,101,8%,15,14,14,37,37,34,38.3,35.9,26.0,45.7,35.0,36.7,5.6,28.5,38.0,5.8,38.0,5.85,36.7,35.0,5.6,37.35,5.725,36.0,14.333333333333334,36.64999999999999,38.96666666666666,36.3125,1.1080231387383235,1.2473254542717043,0.9535825796620695,1.105641738703222,1.110784104202146
9,0,Trae Young,PG,,2019-11-30,ATL,HOU,13.5,238.5,112.5,8900,18,28.5,51.6,63.0,49.3,5.53,PG,8900,0,36.0,23.0,108,107,-9%,26,23,22,39,37,36,51.9,51.1,36.3,65.9,34.5,47.4,5.3,31.4,52.3,5.9,49.3,5.53,47.4,34.5,5.3,48.349999999999994,5.415,37.333333333333336,23.666666666666668,50.709999999999994,47.699999999999996,44.68058035714285,1.9708496792846728,1.1869897113673986,1.6150843296549604,2.214301083402659,0.8159892448057254
9,1,James Harden,PG,,2019-11-30,HOU,ATL,-13.5,238.5,126.0,12000,2,50.3,58.8,71.0,68.8,5.73,PG/SG,12000,2,40.0,30.0,106,111,-4%,23,19,25,38,38,38,58.8,62.9,52.0,73.8,37.5,69.9,5.8,30.7,85.3,7.1,68.8,5.73,69.9,37.5,5.8,69.35,5.765000000000001,38.0,22.333333333333332,63.370000000000005,60.03333333333333,68.4375,3.6180639839640674,1.5490041687932328,3.493083016029455,3.212567605728041,1.1488221505758787
9,2,Ben McLemore,SG,,2019-11-30,HOU,ATL,-13.5,238.5,126.0,3500,29,10.3,14.5,24.0,21.3,6.07,SG/SF,3500,2,16.0,8.0,106,111,7%,6,7,7,20,23,20,14.5,13.0,4.4,21.6,30.5,23.1,6.6,33.9,47.8,13.7,21.3,6.07,23.1,30.5,6.6,22.200000000000003,6.335,21.0,6.666666666666667,15.14,16.266666666666666,32.24285714285715,-0.08032432392323988,0.7043037681329529,0.6318748812473244,-0.5904651250581486,1.6908643114015556
9,3,Vince Carter,SF,,2019-11-30,ATL,HOU,13.5,238.5,112.5,3100,8,2.8,8.3,19.5,13.3,4.27,SF/PF,3100,0,17.0,6.0,108,107,11%,5,5,6,14,15,15,8.3,9.9,3.0,16.8,16.0,13.5,4.4,18.6,9.5,3.1,13.3,4.27,13.5,16.0,4.4,13.4,4.335,14.666666666666666,5.333333333333333,10.28,10.200000000000001,14.618181818181819,-0.7705855563603199,-1.0454327760919127,-0.7613662293471188,-0.973685922728082,-0.211038007285032
9,4,Russell Westbrook,PG,,2019-11-30,HOU,ATL,-13.5,238.5,126.0,9300,2,35.5,46.2,67.3,51.5,5.54,PG,9300,2,33.0,18.0,106,111,-4%,21,22,20,37,36,34,46.9,47.1,34.3,59.9,34.5,50.9,5.5,26.7,35.5,3.8,51.5,5.54,50.9,34.5,5.5,51.2,5.52,35.666666666666664,21.0,47.879999999999995,49.666666666666664,49.52523364485982,2.194400192062591,1.1869897113673986,1.9980570654746,1.9911498781751054,0.9158391165367709
9,5,Jabari Parker,SF,,2019-11-30,ATL,HOU,13.5,238.5,112.5,6700,8,24.5,37.4,64.5,33.5,5.0,SF/PF,6700,0,25.0,20.0,108,107,6%,16,15,14,34,30,28,37.4,32.4,19.4,45.5,32.0,38.9,5.8,20.1,19.3,2.9,33.5,5.0,38.9,32.0,5.8,36.2,5.4,30.666666666666668,15.0,34.17999999999999,42.13333333333333,37.77391304347826,1.0178185458630233,0.8853109968458701,1.0691081535648252,0.9108772592289969,0.8017249774155764
9,6,Robin Lopez,C,,2019-11-30,MIL,CHA,-14.0,226.0,120.0,3000,29,4.0,9.1,16.8,18.0,6.0,C,3000,0,15.0,7.0,102,110,9%,3,3,4,13,15,14,10.8,9.7,5.0,14.3,22.5,18.0,6.0,23.5,33.0,11.0,18.0,6.0,18.0,22.5,6.0,18.0,6.0,14.0,3.3333333333333335,11.559999999999999,9.966666666666667,28.92857142857143,-0.4097671848591191,-0.26106811833593835,0.3698786161056973,-0.8727553422718033,1.3722956730215523
9,7,Austin Rivers,PG,,2019-11-30,HOU,ATL,-13.5,238.5,126.0,3200,2,8.3,11.6,15.3,19.0,5.94,PG/SG,3200,2,14.0,8.0,106,111,-4%,5,6,7,21,24,24,11.6,13.8,7.6,20.0,27.0,18.3,5.7,31.8,30.5,9.5,19.0,5.94,18.3,27.0,5.7,18.65,5.82,23.0,6.0,14.330000000000002,11.733333333333334,21.893478260869564,-0.35878198019047125,0.281953567802813,-0.18624970044727088,-0.6543352580031374,1.2011244643397596
10,0,Devonte' Graham,PG,,2019-11-30,CHA,MIL,14.0,226.0,106.0,6500,14,28.8,38.3,49.8,38.0,5.85,PG/SG,6500,0,27.0,17.0,108,101,8%,15,14,14,37,37,34,38.3,35.9,26.0,45.7,35.0,36.7,5.6,28.5,38.0,5.8,38.0,5.85,36.7,35.0,5.6,37.35,5.725,36.0,14.333333333333334,36.64999999999999,38.96666666666666,36.3125,1.1080231387383235,1.2473254542717043,0.9535825796620695,1.105641738703222,1.110784104202146
10,1,James Harden,PG,,2019-11-30,HOU,ATL,-13.5,238.5,126.0,12000,2,50.3,58.8,71.0,68.8,5.73,PG/SG,12000,2,40.0,30.0,106,111,-4%,23,19,25,38,38,38,58.8,62.9,52.0,73.8,37.5,69.9,5.8,30.7,85.3,7.1,68.8,5.73,69.9,37.5,5.8,69.35,5.765000000000001,38.0,22.333333333333332,63.370000000000005,60.03333333333333,68.4375,3.6180639839640674,1.5490041687932328,3.493083016029455,3.212567605728041,1.1488221505758787
10,2,Ben McLemore,SG,,2019-11-30,HOU,ATL,-13.5,238.5,126.0,3500,29,10.3,14.5,24.0,21.3,6.07,SG/SF,3500,2,16.0,8.0,106,111,7%,6,7,7,20,23,20,14.5,13.0,4.4,21.6,30.5,23.1,6.6,33.9,47.8,13.7,21.3,6.07,23.1,30.5,6.6,22.200000000000003,6.335,21.0,6.666666666666667,15.14,16.266666666666666,32.24285714285715,-0.08032432392323988,0.7043037681329529,0.6318748812473244,-0.5904651250581486,1.6908643114015556
10,3,Jabari Parker,SF,,2019-11-30,ATL,HOU,13.5,238.5,112.5,6700,8,24.5,37.4,64.5,33.5,5.0,SF/PF,6700,0,25.0,20.0,108,107,6%,16,15,14,34,30,28,37.4,32.4,19.4,45.5,32.0,38.9,5.8,20.1,19.3,2.9,33.5,5.0,38.9,32.0,5.8,36.2,5.4,30.666666666666668,15.0,34.17999999999999,42.13333333333333,37.77391304347826,1.0178185458630233,0.8853109968458701,1.0691081535648252,0.9108772592289969,0.8017249774155764
10,4,Russell Westbrook,PG,,2019-11-30,HOU,ATL,-13.5,238.5,126.0,9300,2,35.5,46.2,67.3,51.5,5.54,PG,9300,2,33.0,18.0,106,111,-4%,21,22,20,37,36,34,46.9,47.1,34.3,59.9,34.5,50.9,5.5,26.7,35.5,3.8,51.5,5.54,50.9,34.5,5.5,51.2,5.52,35.666666666666664,21.0,47.879999999999995,49.666666666666664,49.52523364485982,2.194400192062591,1.1869897113673986,1.9980570654746,1.9911498781751054,0.9158391165367709
10,5,Evan Turner,PG,,2019-11-30,ATL,HOU,13.5,238.5,112.5,3400,18,0.5,8.3,15.0,12.8,3.75,PG/SF,3400,0,21.0,11.0,108,107,11%,4,4,4,14,12,13,8.3,11.0,4.2,17.7,15.5,13.9,4.1,15.6,10.8,3.2,12.8,3.75,13.9,15.5,4.1,13.350000000000001,3.925,13.0,4.0,10.91,7.933333333333334,15.917307692307695,-0.774507495180985,-1.1057685189962183,-0.6586695531062217,-0.9240091526597572,-0.6009279826157826
10,6,Damian Jones,C,,2019-11-30,ATL,HOU,13.5,238.5,112.5,3700,10,11.8,16.3,20.5,18.8,5.07,C,3700,0,12.0,17.0,108,107,3%,6,4,4,21,22,19,16.3,15.6,9.0,22.2,21.0,17.5,4.7,14.4,10.8,2.9,18.8,5.07,17.5,21.0,4.7,18.15,4.885,20.666666666666668,4.666666666666667,16.25,16.2,18.442741935483866,-0.3980013683971235,-0.4420753470488555,-0.459032467890252,-0.5029393873187195,0.31198513035377945
10,7,T.J. Warren,SF,,2019-11-30,IND,PHI,5.0,207.5,101.3,4800,17,6.5,24.7,30.5,23.8,4.95,SF/PF,4800,0,21.0,14.0,102,102,-8%,14,13,15,34,33,34,24.6,26.9,15.6,38.3,32.0,23.7,4.9,32.0,38.0,7.9,23.8,4.95,23.7,32.0,4.9,23.75,4.925000000000001,33.666666666666664,14.0,25.829999999999995,20.566666666666666,22.574257425742577,0.04125577951738191,0.8853109968458701,-0.1324337008748245,0.25246292578374124,0.35002317672751204
11,0,Trae Young,PG,,2019-11-30,ATL,HOU,13.5,238.5,112.5,8900,18,28.5,51.6,63.0,49.3,5.53,PG,8900,0,36.0,23.0,108,107,-9%,26,23,22,39,37,36,51.9,51.1,36.3,65.9,34.5,47.4,5.3,31.4,52.3,5.9,49.3,5.53,47.4,34.5,5.3,48.349999999999994,5.415,37.333333333333336,23.666666666666668,50.709999999999994,47.699999999999996,44.68058035714285,1.9708496792846728,1.1869897113673986,1.6150843296549604,2.214301083402659,0.8159892448057254
11,1,Devonte' Graham,PG,,2019-11-30,CHA,MIL,14.0,226.0,106.0,6500,14,28.8,38.3,49.8,38.0,5.85,PG/SG,6500,0,27.0,17.0,108,101,8%,15,14,14,37,37,34,38.3,35.9,26.0,45.7,35.0,36.7,5.6,28.5,38.0,5.8,38.0,5.85,36.7,35.0,5.6,37.35,5.725,36.0,14.333333333333334,36.64999999999999,38.96666666666666,36.3125,1.1080231387383235,1.2473254542717043,0.9535825796620695,1.105641738703222,1.110784104202146
11,2,Marvin Williams,SF,,2019-11-30,CHA,MIL,14.0,226.0,106.0,3400,28,7.5,17.3,28.8,18.8,5.51,SF/PF,3400,0,14.0,13.0,108,101,-4%,7,6,5,24,21,20,17.5,14.0,5.3,22.6,21.5,15.0,4.4,18.6,23.0,6.8,18.8,5.51,15.0,21.5,4.4,16.9,4.955,21.666666666666668,6.0,15.26,17.866666666666667,16.77,-0.4960498389137542,-0.38173960414454977,-0.5912637169203315,-0.5810028831403725,0.37855171150781025
11,3,De'Andre Hunter,SF,,2019-11-30,ATL,HOU,13.5,238.5,112.5,4700,8,11.8,21.2,34.3,26.8,5.69,SF/PF,4700,0,18.0,8.0,108,107,-9%,10,13,11,38,37,32,21.2,21.1,11.5,30.8,34.0,26.9,5.7,29.1,25.3,5.4,26.8,5.69,26.9,34.0,5.7,26.85,5.695,35.666666666666664,11.333333333333334,22.29,22.433333333333334,25.595327102803743,0.28441598639862603,1.126653968463093,0.10638366140356022,-0.026673210790654257,1.0822555694218479
11,4,James Harden,PG,,2019-11-30,HOU,ATL,-13.5,238.5,126.0,12000,2,50.3,58.8,71.0,68.8,5.73,PG/SG,12000,2,40.0,30.0,106,111,-4%,23,19,25,38,38,38,58.8,62.9,52.0,73.8,37.5,69.9,5.8,30.7,85.3,7.1,68.8,5.73,69.9,37.5,5.8,69.35,5.765000000000001,38.0,22.333333333333332,63.370000000000005,60.03333333333333,68.4375,3.6180639839640674,1.5490041687932328,3.493083016029455,3.212567605728041,1.1488221505758787
11,5,Domantas Sabonis,PF,,2019-11-30,IND,PHI,5.0,207.5,101.3,7700,12,38.3,42.2,47.5,38.5,5.0,PF/C,7700,0,25.0,22.0,102,102,-12%,13,13,14,37,34,35,42.4,43.1,35.9,50.4,34.0,38.1,4.9,32.3,32.0,4.2,38.5,5.0,38.1,34.0,4.9,38.3,4.95,35.333333333333336,13.333333333333334,42.02,42.666666666666664,36.85471698113207,1.1825399763309625,1.126653968463093,0.9964451558547761,1.5290770645237048,0.3737969557110939
11,6,Robin Lopez,C,,2019-11-30,MIL,CHA,-14.0,226.0,120.0,3000,29,4.0,9.1,16.8,18.0,6.0,C,3000,0,15.0,7.0,102,110,9%,3,3,4,13,15,14,10.8,9.7,5.0,14.3,22.5,18.0,6.0,23.5,33.0,11.0,18.0,6.0,18.0,22.5,6.0,18.0,6.0,14.0,3.3333333333333335,11.559999999999999,9.966666666666667,28.92857142857143,-0.4097671848591191,-0.26106811833593835,0.3698786161056973,-0.8727553422718033,1.3722956730215523
11,7,Evan Turner,PG,,2019-11-30,ATL,HOU,13.5,238.5,112.5,3400,18,0.5,8.3,15.0,12.8,3.75,PG/SF,3400,0,21.0,11.0,108,107,11%,4,4,4,14,12,13,8.3,11.0,4.2,17.7,15.5,13.9,4.1,15.6,10.8,3.2,12.8,3.75,13.9,15.5,4.1,13.350000000000001,3.925,13.0,4.0,10.91,7.933333333333334,15.917307692307695,-0.774507495180985,-1.1057685189962183,-0.6586695531062217,-0.9240091526597572,-0.6009279826157826
12,0,James Harden,PG,,2019-11-30,HOU,ATL,-13.5,238.5,126.0,12000,2,50.3,58.8,71.0,68.8,5.73,PG/SG,12000,2,40.0,30.0,106,111,-4%,23,19,25,38,38,38,58.8,62.9,52.0,73.8,37.5,69.9,5.8,30.7,85.3,7.1,68.8,5.73,69.9,37.5,5.8,69.35,5.765000000000001,38.0,22.333333333333332,63.370000000000005,60.03333333333333,68.4375,3.6180639839640674,1.5490041687932328,3.493083016029455,3.212567605728041,1.1488221505758787
12,1,Devonte' Graham,PG,,2019-11-30,CHA,MIL,14.0,226.0,106.0,6500,14,28.8,38.3,49.8,38.0,5.85,PG/SG,6500,0,27.0,17.0,108,101,8%,15,14,14,37,37,34,38.3,35.9,26.0,45.7,35.0,36.7,5.6,28.5,38.0,5.8,38.0,5.85,36.7,35.0,5.6,37.35,5.725,36.0,14.333333333333334,36.64999999999999,38.96666666666666,36.3125,1.1080231387383235,1.2473254542717043,0.9535825796620695,1.105641738703222,1.110784104202146
12,2,De'Andre Hunter,SF,,2019-11-30,ATL,HOU,13.5,238.5,112.5,4700,8,11.8,21.2,34.3,26.8,5.69,SF/PF,4700,0,18.0,8.0,108,107,-9%,10,13,11,38,37,32,21.2,21.1,11.5,30.8,34.0,26.9,5.7,29.1,25.3,5.4,26.8,5.69,26.9,34.0,5.7,26.85,5.695,35.666666666666664,11.333333333333334,22.29,22.433333333333334,25.595327102803743,0.28441598639862603,1.126653968463093,0.10638366140356022,-0.026673210790654257,1.0822555694218479
12,3,Mike Scott,SF,,2019-11-30,PHI,IND,-5.0,207.5,106.3,4000,21,7.3,10.0,18.0,13.0,3.25,SF/PF,4000,0,13.0,10.0,102,101,-7%,6,5,5,23,21,20,10.0,13.0,7.7,18.3,19.0,12.1,3.0,21.6,5.8,1.4,13.0,3.25,12.1,19.0,3.0,12.55,3.125,21.333333333333332,5.333333333333333,12.309999999999999,11.766666666666666,11.177343750000002,-0.8372585163116287,-0.6834183186660783,-1.0333665336464881,-0.8136163302857025,-1.3616889100904175
12,4,Ben McLemore,SG,,2019-11-30,HOU,ATL,-13.5,238.5,126.0,3500,29,10.3,14.5,24.0,21.3,6.07,SG/SF,3500,2,16.0,8.0,106,111,7%,6,7,7,20,23,20,14.5,13.0,4.4,21.6,30.5,23.1,6.6,33.9,47.8,13.7,21.3,6.07,23.1,30.5,6.6,22.200000000000003,6.335,21.0,6.666666666666667,15.14,16.266666666666666,32.24285714285715,-0.08032432392323988,0.7043037681329529,0.6318748812473244,-0.5904651250581486,1.6908643114015556
12,5,Donte DiVincenzo,PG,,2019-11-30,MIL,CHA,-14.0,226.0,120.0,4400,15,18.3,23.2,28.0,21.5,4.89,PG/SF,4400,0,18.0,14.0,102,110,-5%,9,10,8,27,28,22,23.1,20.8,11.4,30.1,26.0,21.9,5.0,19.7,20.0,4.5,21.5,4.89,21.9,26.0,5.0,21.7,4.945,25.666666666666668,9.0,21.42,23.166666666666668,21.98181818181818,-0.11954371212989241,0.1612820819942016,-0.1792663769360593,-0.095274464694531,0.36904219991437753
12,6,Robin Lopez,C,,2019-11-30,MIL,CHA,-14.0,226.0,120.0,3000,29,4.0,9.1,16.8,18.0,6.0,C,3000,0,15.0,7.0,102,110,9%,3,3,4,13,15,14,10.8,9.7,5.0,14.3,22.5,18.0,6.0,23.5,33.0,11.0,18.0,6.0,18.0,22.5,6.0,18.0,6.0,14.0,3.3333333333333335,11.559999999999999,9.966666666666667,28.92857142857143,-0.4097671848591191,-0.26106811833593835,0.3698786161056973,-0.8727553422718033,1.3722956730215523
12,7,Trae Young,PG,,2019-11-30,ATL,HOU,13.5,238.5,112.5,8900,18,28.5,51.6,63.0,49.3,5.53,PG,8900,0,36.0,23.0,108,107,-9%,26,23,22,39,37,36,51.9,51.1,36.3,65.9,34.5,47.4,5.3,31.4,52.3,5.9,49.3,5.53,47.4,34.5,5.3,48.349999999999994,5.415,37.333333333333336,23.666666666666668,50.709999999999994,47.699999999999996,44.68058035714285,1.9708496792846728,1.1869897113673986,1.6150843296549604,2.214301083402659,0.8159892448057254
13,0,Trae Young,PG,,2019-11-30,ATL,HOU,13.5,238.5,112.5,8900,18,28.5,51.6,63.0,49.3,5.53,PG,8900,0,36.0,23.0,108,107,-9%,26,23,22,39,37,36,51.9,51.1,36.3,65.9,34.5,47.4,5.3,31.4,52.3,5.9,49.3,5.53,47.4,34.5,5.3,48.349999999999994,5.415,37.333333333333336,23.666666666666668,50.709999999999994,47.699999999999996,44.68058035714285,1.9708496792846728,1.1869897113673986,1.6150843296549604,2.214301083402659,0.8159892448057254
13,1,Nicolas Batum,SG,,2019-11-30,CHA,MIL,14.0,226.0,106.0,4100,13,11.3,18.1,26.0,19.5,4.76,SG/SF,4100,0,12.0,11.0,108,101,3%,5,4,3,29,24,24,17.9,17.2,10.6,23.8,24.5,18.3,4.5,13.1,6.0,1.5,19.5,4.76,18.3,24.5,4.5,18.9,4.63,25.666666666666668,4.0,17.679999999999996,18.46666666666667,18.040909090909086,-0.3391722860871451,-0.019725146718715524,-0.49079759424494157,-0.39018100446522086,0.0694925847212396
13,2,Allen Crabbe,SG,,2019-11-30,ATL,HOU,13.5,238.5,112.5,3800,20,2.5,10.5,19.8,13.8,3.62,SG/SF,3800,0,14.0,9.0,108,107,11%,5,6,5,15,20,18,10.4,11.4,6.4,16.5,25.5,19.4,5.1,24.0,13.3,3.5,13.8,3.62,19.4,25.5,5.1,16.6,4.359999999999999,17.666666666666668,5.333333333333333,12.26,10.933333333333332,23.960377358490568,-0.5195814718377453,0.10094633908989589,-0.022860092343429787,-0.8175589310847757,-0.18726422830145018
13,3,Gary Clark,PF,,2019-11-30,HOU,ATL,-13.5,238.5,126.0,3500,22,0.0,7.7,28.5,19.8,5.64,PF/C,3500,2,,,106,111,6%,6,3,3,16,8,8,7.7,7.7,-4.1,19.4,23.5,17.6,5.0,24.4,15.5,4.4,19.8,5.64,17.6,23.5,5.0,18.700000000000003,5.32,10.666666666666666,4.0,9.879999999999999,12.066666666666668,41.198437500000004,-0.3548600413698057,-0.14039663252732695,1.339818857119308,-1.0052267291206691,0.7256488846681127
13,4,Terry Rozier,PG,,2019-11-30,CHA,MIL,14.0,226.0,106.0,6300,14,24.0,33.4,38.3,35.5,5.63,PG,6300,0,25.0,15.0,108,101,8%,13,14,15,35,34,33,33.4,31.3,21.2,41.5,33.0,32.5,5.2,30.3,36.0,5.7,35.5,5.63,32.5,33.0,5.2,34.0,5.415,34.0,14.0,32.28,31.899999999999995,33.0,0.8452532377537533,1.0059824826544814,0.6917274763012301,0.7610584288642087,0.8159892448057254
13,5,Ben McLemore,SG,,2019-11-30,HOU,ATL,-13.5,238.5,126.0,3500,29,10.3,14.5,24.0,21.3,6.07,SG/SF,3500,2,16.0,8.0,106,111,7%,6,7,7,20,23,20,14.5,13.0,4.4,21.6,30.5,23.1,6.6,33.9,47.8,13.7,21.3,6.07,23.1,30.5,6.6,22.200000000000003,6.335,21.0,6.666666666666667,15.14,16.266666666666666,32.24285714285715,-0.08032432392323988,0.7043037681329529,0.6318748812473244,-0.5904651250581486,1.6908643114015556
13,6,Domantas Sabonis,PF,,2019-11-30,IND,PHI,5.0,207.5,101.3,7700,12,38.3,42.2,47.5,38.5,5.0,PF/C,7700,0,25.0,22.0,102,102,-12%,13,13,14,37,34,35,42.4,43.1,35.9,50.4,34.0,38.1,4.9,32.3,32.0,4.2,38.5,5.0,38.1,34.0,4.9,38.3,4.95,35.333333333333336,13.333333333333334,42.02,42.666666666666664,36.85471698113207,1.1825399763309625,1.126653968463093,0.9964451558547761,1.5290770645237048,0.3737969557110939
13,7,Russell Westbrook,PG,,2019-11-30,HOU,ATL,-13.5,238.5,126.0,9300,2,35.5,46.2,67.3,51.5,5.54,PG,9300,2,33.0,18.0,106,111,-4%,21,22,20,37,36,34,46.9,47.1,34.3,59.9,34.5,50.9,5.5,26.7,35.5,3.8,51.5,5.54,50.9,34.5,5.5,51.2,5.52,35.666666666666664,21.0,47.879999999999995,49.666666666666664,49.52523364485982,2.194400192062591,1.1869897113673986,1.9980570654746,1.9911498781751054,0.9158391165367709
14,0,James Harden,PG,,2019-11-30,HOU,ATL,-13.5,238.5,126.0,12000,2,50.3,58.8,71.0,68.8,5.73,PG/SG,12000,2,40.0,30.0,106,111,-4%,23,19,25,38,38,38,58.8,62.9,52.0,73.8,37.5,69.9,5.8,30.7,85.3,7.1,68.8,5.73,69.9,37.5,5.8,69.35,5.765000000000001,38.0,22.333333333333332,63.370000000000005,60.03333333333333,68.4375,3.6180639839640674,1.5490041687932328,3.493083016029455,3.212567605728041,1.1488221505758787
14,1,Ben McLemore,SG,,2019-11-30,HOU,ATL,-13.5,238.5,126.0,3500,29,10.3,14.5,24.0,21.3,6.07,SG/SF,3500,2,16.0,8.0,106,111,7%,6,7,7,20,23,20,14.5,13.0,4.4,21.6,30.5,23.1,6.6,33.9,47.8,13.7,21.3,6.07,23.1,30.5,6.6,22.200000000000003,6.335,21.0,6.666666666666667,15.14,16.266666666666666,32.24285714285715,-0.08032432392323988,0.7043037681329529,0.6318748812473244,-0.5904651250581486,1.6908643114015556
14,2,De'Andre Hunter,SF,,2019-11-30,ATL,HOU,13.5,238.5,112.5,4700,8,11.8,21.2,34.3,26.8,5.69,SF/PF,4700,0,18.0,8.0,108,107,-9%,10,13,11,38,37,32,21.2,21.1,11.5,30.8,34.0,26.9,5.7,29.1,25.3,5.4,26.8,5.69,26.9,34.0,5.7,26.85,5.695,35.666666666666664,11.333333333333334,22.29,22.433333333333334,25.595327102803743,0.28441598639862603,1.126653968463093,0.10638366140356022,-0.026673210790654257,1.0822555694218479
14,3,Jabari Parker,SF,,2019-11-30,ATL,HOU,13.5,238.5,112.5,6700,8,24.5,37.4,64.5,33.5,5.0,SF/PF,6700,0,25.0,20.0,108,107,6%,16,15,14,34,30,28,37.4,32.4,19.4,45.5,32.0,38.9,5.8,20.1,19.3,2.9,33.5,5.0,38.9,32.0,5.8,36.2,5.4,30.666666666666668,15.0,34.17999999999999,42.13333333333333,37.77391304347826,1.0178185458630233,0.8853109968458701,1.0691081535648252,0.9108772592289969,0.8017249774155764
14,4,Devonte' Graham,PG,,2019-11-30,CHA,MIL,14.0,226.0,106.0,6500,14,28.8,38.3,49.8,38.0,5.85,PG/SG,6500,0,27.0,17.0,108,101,8%,15,14,14,37,37,34,38.3,35.9,26.0,45.7,35.0,36.7,5.6,28.5,38.0,5.8,38.0,5.85,36.7,35.0,5.6,37.35,5.725,36.0,14.333333333333334,36.64999999999999,38.96666666666666,36.3125,1.1080231387383235,1.2473254542717043,0.9535825796620695,1.105641738703222,1.110784104202146
14,5,P.J. Tucker,SF,,2019-11-30,HOU,ATL,-13.5,238.5,126.0,5100,9,8.3,21.8,32.3,25.3,4.95,SF/PF,5100,2,9.0,12.0,106,111,21%,8,7,7,36,35,36,21.8,24.6,15.4,33.9,35.5,24.7,4.8,29.7,23.3,4.6,25.3,4.95,24.7,35.5,4.8,25.0,4.875,35.666666666666664,7.333333333333333,24.140000000000004,20.8,24.883177570093462,0.13930425003401256,1.30766119717601,0.05008781551790764,0.11920301877506148,0.3024756187603467
14,6,Robin Lopez,C,,2019-11-30,MIL,CHA,-14.0,226.0,120.0,3000,29,4.0,9.1,16.8,18.0,6.0,C,3000,0,15.0,7.0,102,110,9%,3,3,4,13,15,14,10.8,9.7,5.0,14.3,22.5,18.0,6.0,23.5,33.0,11.0,18.0,6.0,18.0,22.5,6.0,18.0,6.0,14.0,3.3333333333333335,11.559999999999999,9.966666666666667,28.92857142857143,-0.4097671848591191,-0.26106811833593835,0.3698786161056973,-0.8727553422718033,1.3722956730215523
14,7,T.J. McConnell,PG,,2019-11-30,IND,PHI,5.0,207.5,101.3,4400,1,9.5,21.5,26.3,12.5,2.84,PG,4400,0,23.0,18.0,102,102,-6%,6,7,6,16,19,18,21.5,19.0,10.7,27.4,16.0,13.6,3.1,11.3,12.5,2.8,12.5,2.84,13.6,16.0,3.1,13.05,2.9699999999999998,17.666666666666668,6.333333333333333,18.330000000000002,19.099999999999998,11.818867924528302,-0.7980391281049765,-1.0454327760919127,-0.9826536645054812,-0.33892719407726635,-1.5090863397886283
15,0,James Harden,PG,,2019-11-30,HOU,ATL,-13.5,238.5,126.0,12000,2,50.3,58.8,71.0,68.8,5.73,PG/SG,12000,2,40.0,30.0,106,111,-4%,23,19,25,38,38,38,58.8,62.9,52.0,73.8,37.5,69.9,5.8,30.7,85.3,7.1,68.8,5.73,69.9,37.5,5.8,69.35,5.765000000000001,38.0,22.333333333333332,63.370000000000005,60.03333333333333,68.4375,3.6180639839640674,1.5490041687932328,3.493083016029455,3.212567605728041,1.1488221505758787
15,1,Ben McLemore,SG,,2019-11-30,HOU,ATL,-13.5,238.5,126.0,3500,29,10.3,14.5,24.0,21.3,6.07,SG/SF,3500,2,16.0,8.0,106,111,7%,6,7,7,20,23,20,14.5,13.0,4.4,21.6,30.5,23.1,6.6,33.9,47.8,13.7,21.3,6.07,23.1,30.5,6.6,22.200000000000003,6.335,21.0,6.666666666666667,15.14,16.266666666666666,32.24285714285715,-0.08032432392323988,0.7043037681329529,0.6318748812473244,-0.5904651250581486,1.6908643114015556
15,2,Mike Scott,SF,,2019-11-30,PHI,IND,-5.0,207.5,106.3,4000,21,7.3,10.0,18.0,13.0,3.25,SF/PF,4000,0,13.0,10.0,102,101,-7%,6,5,5,23,21,20,10.0,13.0,7.7,18.3,19.0,12.1,3.0,21.6,5.8,1.4,13.0,3.25,12.1,19.0,3.0,12.55,3.125,21.333333333333332,5.333333333333333,12.309999999999999,11.766666666666666,11.177343750000002,-0.8372585163116287,-0.6834183186660783,-1.0333665336464881,-0.8136163302857025,-1.3616889100904175
15,3,Domantas Sabonis,PF,,2019-11-30,IND,PHI,5.0,207.5,101.3,7700,12,38.3,42.2,47.5,38.5,5.0,PF/C,7700,0,25.0,22.0,102,102,-12%,13,13,14,37,34,35,42.4,43.1,35.9,50.4,34.0,38.1,4.9,32.3,32.0,4.2,38.5,5.0,38.1,34.0,4.9,38.3,4.95,35.333333333333336,13.333333333333334,42.02,42.666666666666664,36.85471698113207,1.1825399763309625,1.126653968463093,0.9964451558547761,1.5290770645237048,0.3737969557110939
15,4,Trae Young,PG,,2019-11-30,ATL,HOU,13.5,238.5,112.5,8900,18,28.5,51.6,63.0,49.3,5.53,PG,8900,0,36.0,23.0,108,107,-9%,26,23,22,39,37,36,51.9,51.1,36.3,65.9,34.5,47.4,5.3,31.4,52.3,5.9,49.3,5.53,47.4,34.5,5.3,48.349999999999994,5.415,37.333333333333336,23.666666666666668,50.709999999999994,47.699999999999996,44.68058035714285,1.9708496792846728,1.1869897113673986,1.6150843296549604,2.214301083402659,0.8159892448057254
15,5,Pat Connaughton,SG,,2019-11-30,MIL,CHA,-14.0,226.0,120.0,4100,30,8.0,18.5,26.5,17.8,4.33,SG/SF,4100,0,13.0,13.0,102,110,-5%,3,5,5,22,23,18,18.5,14.3,6.2,22.4,20.5,17.7,4.3,19.5,27.5,6.7,17.8,4.33,17.7,20.5,4.3,17.75,4.3149999999999995,21.0,4.333333333333333,15.830000000000002,17.666666666666668,17.327380952380953,-0.4293768789624452,-0.5024110899531612,-0.5472024197438553,-0.5360572340309357,-0.23005703047189832
15,6,Ersan Ilyasova,PF,,2019-11-30,MIL,CHA,-14.0,226.0,120.0,3700,26,10.5,17.5,29.5,18.8,5.07,PF/C,3700,0,14.0,16.0,102,110,17%,7,6,5,19,17,17,17.4,16.1,9.1,23.0,21.0,19.4,5.2,15.6,17.3,4.7,18.8,5.07,19.4,21.0,5.2,19.1,5.135,17.666666666666668,6.0,16.939999999999998,19.166666666666668,22.70377358490566,-0.323484530804484,-0.4420753470488555,-0.12219537114062118,-0.44853149629150685,0.5497229201896029
15,7,PJ Washington,PF,,2019-11-30,CHA,MIL,14.0,226.0,106.0,4600,25,17.0,25.9,45.8,23.0,5.0,PF/C,4600,0,17.0,15.0,108,101,-4%,12,9,9,28,26,29,25.9,25.8,16.7,34.8,27.0,21.3,4.6,32.5,17.8,3.9,23.0,5.0,21.3,27.0,4.6,22.15,4.8,27.666666666666668,10.0,25.07,29.566666666666663,21.616265060240963,-0.08424626274390544,0.281953567802813,-0.20816356952005322,0.19253539363782618,0.2311542818095995
16,0,Malik Monk,PG,,2019-11-30,CHA,MIL,14.0,226.0,106.0,3600,14,5.5,15.5,27.5,20.3,5.63,PG/SG,3600,0,22.0,13.0,108,101,3%,7,8,9,19,20,21,15.5,17.6,7.6,27.6,21.5,19.6,5.4,24.0,9.0,2.5,20.3,5.63,19.6,21.5,5.4,19.950000000000003,5.515000000000001,20.0,8.0,17.65,16.166666666666668,21.446250000000003,-0.2568115708531751,-0.38173960414454977,-0.2216033615720671,-0.39254656494466467,0.9110843607400553
16,1,Nicolas Batum,SG,,2019-11-30,CHA,MIL,14.0,226.0,106.0,4100,13,11.3,18.1,26.0,19.5,4.76,SG/SF,4100,0,12.0,11.0,108,101,3%,5,4,3,29,24,24,17.9,17.2,10.6,23.8,24.5,18.3,4.5,13.1,6.0,1.5,19.5,4.76,18.3,24.5,4.5,18.9,4.63,25.666666666666668,4.0,17.679999999999996,18.46666666666667,18.040909090909086,-0.3391722860871451,-0.019725146718715524,-0.49079759424494157,-0.39018100446522086,0.0694925847212396
16,2,Ben McLemore,SG,,2019-11-30,HOU,ATL,-13.5,238.5,126.0,3500,29,10.3,14.5,24.0,21.3,6.07,SG/SF,3500,2,16.0,8.0,106,111,7%,6,7,7,20,23,20,14.5,13.0,4.4,21.6,30.5,23.1,6.6,33.9,47.8,13.7,21.3,6.07,23.1,30.5,6.6,22.200000000000003,6.335,21.0,6.666666666666667,15.14,16.266666666666666,32.24285714285715,-0.08032432392323988,0.7043037681329529,0.6318748812473244,-0.5904651250581486,1.6908643114015556
16,3,De'Andre Hunter,SF,,2019-11-30,ATL,HOU,13.5,238.5,112.5,4700,8,11.8,21.2,34.3,26.8,5.69,SF/PF,4700,0,18.0,8.0,108,107,-9%,10,13,11,38,37,32,21.2,21.1,11.5,30.8,34.0,26.9,5.7,29.1,25.3,5.4,26.8,5.69,26.9,34.0,5.7,26.85,5.695,35.666666666666664,11.333333333333334,22.29,22.433333333333334,25.595327102803743,0.28441598639862603,1.126653968463093,0.10638366140356022,-0.026673210790654257,1.0822555694218479
16,4,Ben Simmons,PG,,2019-11-30,PHI,IND,-5.0,207.5,106.3,8300,11,31.0,39.2,48.5,39.8,4.79,PG/SF,8300,0,21.0,17.0,102,101,-7%,11,9,11,37,35,36,39.7,40.2,33.5,46.9,35.0,39.9,4.8,37.8,52.0,6.3,39.8,4.79,39.9,35.0,4.8,39.849999999999994,4.795,36.0,10.333333333333334,40.03,39.56666666666667,38.74305555555555,1.3041200797715842,1.2473254542717043,1.145719447956186,1.372161552720584,0.22639952601288313
16,5,Miles Bridges,SF,,2019-11-30,CHA,MIL,14.0,226.0,106.0,5300,28,17.0,31.0,47.5,26.0,4.91,SF/PF,5300,0,18.0,12.0,108,101,-10%,14,13,11,29,32,32,30.9,26.4,17.9,34.9,30.5,24.7,4.7,34.4,28.0,5.3,26.0,4.91,24.7,30.5,4.7,25.35,4.805,31.0,12.666666666666666,27.089999999999996,31.833333333333332,24.941129032258065,0.16675782177866927,0.7043037681329529,0.054668913213009165,0.35181646592039073,0.23590903760631587
16,6,Joel Embiid,C,,2019-11-30,PHI,IND,-5.0,207.5,106.3,9500,21,17.3,45.9,59.0,50.3,5.29,C,9500,0,32.0,25.0,102,101,3%,19,15,16,34,31,30,45.9,46.7,32.9,60.4,32.0,51.0,5.4,33.3,58.8,6.2,50.3,5.29,51.0,32.0,5.4,50.65,5.345000000000001,31.666666666666668,16.666666666666668,47.31,40.733333333333334,51.18315789473684,2.1512588650352735,0.8853109968458701,2.129116967607729,1.9462042290656691,0.7494226636516954
16,7,Tobias Harris,SF,,2019-11-30,PHI,IND,-5.0,207.5,106.3,6400,21,27.5,34.5,46.0,31.5,4.92,SF/PF,6400,0,23.0,17.0,102,101,-27%,16,15,15,34,35,35,32.4,35.3,27.3,43.4,34.5,33.0,5.2,36.4,31.5,4.9,31.5,4.92,33.0,34.5,5.2,32.25,5.0600000000000005,34.666666666666664,15.333333333333334,34.13,36.0,32.09495192307693,0.7079853790304703,1.1869897113673986,0.6201828852886354,0.9069346584299243,0.4784015832388565
17,0,Devonte' Graham,PG,,2019-11-30,CHA,MIL,14.0,226.0,106.0,6500,14,28.8,38.3,49.8,38.0,5.85,PG/SG,6500,0,27.0,17.0,108,101,8%,15,14,14,37,37,34,38.3,35.9,26.0,45.7,35.0,36.7,5.6,28.5,38.0,5.8,38.0,5.85,36.7,35.0,5.6,37.35,5.725,36.0,14.333333333333334,36.64999999999999,38.96666666666666,36.3125,1.1080231387383235,1.2473254542717043,0.9535825796620695,1.105641738703222,1.110784104202146
17,1,James Harden,PG,,2019-11-30,HOU,ATL,-13.5,238.5,126.0,12000,2,50.3,58.8,71.0,68.8,5.73,PG/SG,12000,2,40.0,30.0,106,111,-4%,23,19,25,38,38,38,58.8,62.9,52.0,73.8,37.5,69.9,5.8,30.7,85.3,7.1,68.8,5.73,69.9,37.5,5.8,69.35,5.765000000000001,38.0,22.333333333333332,63.370000000000005,60.03333333333333,68.4375,3.6180639839640674,1.5490041687932328,3.493083016029455,3.212567605728041,1.1488221505758787
17,2,Ben McLemore,SG,,2019-11-30,HOU,ATL,-13.5,238.5,126.0,3500,29,10.3,14.5,24.0,21.3,6.07,SG/SF,3500,2,16.0,8.0,106,111,7%,6,7,7,20,23,20,14.5,13.0,4.4,21.6,30.5,23.1,6.6,33.9,47.8,13.7,21.3,6.07,23.1,30.5,6.6,22.200000000000003,6.335,21.0,6.666666666666667,15.14,16.266666666666666,32.24285714285715,-0.08032432392323988,0.7043037681329529,0.6318748812473244,-0.5904651250581486,1.6908643114015556
17,3,Gary Clark,PF,,2019-11-30,HOU,ATL,-13.5,238.5,126.0,3500,22,0.0,7.7,28.5,19.8,5.64,PF/C,3500,2,,,106,111,6%,6,3,3,16,8,8,7.7,7.7,-4.1,19.4,23.5,17.6,5.0,24.4,15.5,4.4,19.8,5.64,17.6,23.5,5.0,18.700000000000003,5.32,10.666666666666666,4.0,9.879999999999999,12.066666666666668,41.198437500000004,-0.3548600413698057,-0.14039663252732695,1.339818857119308,-1.0052267291206691,0.7256488846681127
17,4,DeAndre' Bembry,PG,,2019-11-30,ATL,HOU,13.5,238.5,112.5,4000,18,12.5,27.7,45.5,22.5,5.63,PG/SG,4000,0,15.0,13.0,108,107,13%,9,8,6,31,29,26,27.7,21.5,10.9,32.0,29.0,25.8,6.5,23.2,15.8,4.0,22.5,5.63,25.8,29.0,6.5,24.15,6.0649999999999995,28.666666666666668,7.666666666666667,23.25,28.566666666666666,24.430813953488368,0.07263129008270361,0.5232965394200358,0.014328201455172534,0.049024724551554856,1.434107498378866
17,5,Justin Holiday,SG,,2019-11-30,IND,PHI,5.0,207.5,101.3,4400,23,10.0,23.9,33.5,11.5,2.61,SG/SF,4400,0,14.0,11.0,102,102,-10%,4,6,7,22,23,25,23.9,18.7,10.1,27.3,19.0,11.5,2.6,27.5,21.8,5.0,11.5,2.61,11.5,19.0,2.6,11.5,2.605,23.333333333333332,5.666666666666667,18.299999999999997,22.46666666666667,9.364285714285714,-0.9196192315455984,-0.6834183186660783,-1.1766898542023114,-0.34129275455671076,-1.8561835129489304
17,6,Robin Lopez,C,,2019-11-30,MIL,CHA,-14.0,226.0,120.0,3000,29,4.0,9.1,16.8,18.0,6.0,C,3000,0,15.0,7.0,102,110,9%,3,3,4,13,15,14,10.8,9.7,5.0,14.3,22.5,18.0,6.0,23.5,33.0,11.0,18.0,6.0,18.0,22.5,6.0,18.0,6.0,14.0,3.3333333333333335,11.559999999999999,9.966666666666667,28.92857142857143,-0.4097671848591191,-0.26106811833593835,0.3698786161056973,-0.8727553422718033,1.3722956730215523
17,7,Miles Bridges,SF,,2019-11-30,CHA,MIL,14.0,226.0,106.0,5300,28,17.0,31.0,47.5,26.0,4.91,SF/PF,5300,0,18.0,12.0,108,101,-10%,14,13,11,29,32,32,30.9,26.4,17.9,34.9,30.5,24.7,4.7,34.4,28.0,5.3,26.0,4.91,24.7,30.5,4.7,25.35,4.805,31.0,12.666666666666666,27.089999999999996,31.833333333333332,24.941129032258065,0.16675782177866927,0.7043037681329529,0.054668913213009165,0.35181646592039073,0.23590903760631587
18,0,Terry Rozier,PG,,2019-11-30,CHA,MIL,14.0,226.0,106.0,6300,14,24.0,33.4,38.3,35.5,5.63,PG,6300,0,25.0,15.0,108,101,8%,13,14,15,35,34,33,33.4,31.3,21.2,41.5,33.0,32.5,5.2,30.3,36.0,5.7,35.5,5.63,32.5,33.0,5.2,34.0,5.415,34.0,14.0,32.28,31.899999999999995,33.0,0.8452532377537533,1.0059824826544814,0.6917274763012301,0.7610584288642087,0.8159892448057254
18,1,Jeremy Lamb,SG,,2019-11-30,IND,PHI,5.0,207.5,101.3,6100,23,24.8,31.2,39.5,29.8,4.88,SG/SF,6100,0,22.0,18.0,102,102,-10%,15,15,14,36,34,33,31.1,32.1,24.9,39.2,31.5,27.8,4.6,33.8,30.0,4.9,29.8,4.88,27.8,31.5,4.6,28.8,4.74,34.333333333333336,14.666666666666666,31.220000000000006,31.833333333333332,26.423300970873782,0.4373716004045698,0.8249752539415643,0.17183549017444447,0.6774752919238534,0.17409721224900224
18,2,Furkan Korkmaz,SG,,2019-11-30,PHI,IND,-5.0,207.5,106.3,4200,8,3.0,13.6,27.5,18.5,4.4,SG/SF,4200,0,16.0,10.0,102,101,5%,6,8,8,26,24,24,13.6,15.5,7.1,23.9,29.5,18.9,4.5,22.2,17.5,4.2,18.5,4.4,18.9,29.5,4.5,18.7,4.45,24.666666666666668,7.333333333333333,15.76,14.700000000000001,22.364189189189187,-0.354860041369806,0.5836322823243415,-0.14903972043573535,-0.5415768751496386,-0.10167862396055301
18,3,Domantas Sabonis,PF,,2019-11-30,IND,PHI,5.0,207.5,101.3,7700,12,38.3,42.2,47.5,38.5,5.0,PF/C,7700,0,25.0,22.0,102,102,-12%,13,13,14,37,34,35,42.4,43.1,35.9,50.4,34.0,38.1,4.9,32.3,32.0,4.2,38.5,5.0,38.1,34.0,4.9,38.3,4.95,35.333333333333336,13.333333333333334,42.02,42.666666666666664,36.85471698113207,1.1825399763309625,1.126653968463093,0.9964451558547761,1.5290770645237048,0.3737969557110939
18,4,Ben Simmons,PG,,2019-11-30,PHI,IND,-5.0,207.5,106.3,8300,11,31.0,39.2,48.5,39.8,4.79,PG/SF,8300,0,21.0,17.0,102,101,-7%,11,9,11,37,35,36,39.7,40.2,33.5,46.9,35.0,39.9,4.8,37.8,52.0,6.3,39.8,4.79,39.9,35.0,4.8,39.849999999999994,4.795,36.0,10.333333333333334,40.03,39.56666666666667,38.74305555555555,1.3041200797715842,1.2473254542717043,1.145719447956186,1.372161552720584,0.22639952601288313
18,5,Doug McDermott,SF,,2019-11-30,IND,PHI,5.0,207.5,101.3,3300,17,6.5,12.8,18.8,10.3,3.11,SF/PF,3300,0,18.0,10.0,102,102,-8%,6,6,8,15,19,21,13.2,14.9,6.7,23.2,16.5,10.0,3.0,18.7,10.3,3.1,10.3,3.11,10.0,16.5,3.0,10.15,3.0549999999999997,18.333333333333332,6.666666666666667,13.63,12.700000000000001,9.135000000000002,-1.0255115797035597,-0.9850970331876069,-1.1948150268554283,-0.7095316691901649,-1.4282554912444483
18,6,PJ Washington,PF,,2019-11-30,CHA,MIL,14.0,226.0,106.0,4600,25,17.0,25.9,45.8,23.0,5.0,PF/C,4600,0,17.0,15.0,108,101,-4%,12,9,9,28,26,29,25.9,25.8,16.7,34.8,27.0,21.3,4.6,32.5,17.8,3.9,23.0,5.0,21.3,27.0,4.6,22.15,4.8,27.666666666666668,10.0,25.07,29.566666666666663,21.616265060240963,-0.08424626274390544,0.281953567802813,-0.20816356952005322,0.19253539363782618,0.2311542818095995
18,7,Jabari Parker,SF,,2019-11-30,ATL,HOU,13.5,238.5,112.5,6700,8,24.5,37.4,64.5,33.5,5.0,SF/PF,6700,0,25.0,20.0,108,107,6%,16,15,14,34,30,28,37.4,32.4,19.4,45.5,32.0,38.9,5.8,20.1,19.3,2.9,33.5,5.0,38.9,32.0,5.8,36.2,5.4,30.666666666666668,15.0,34.17999999999999,42.13333333333333,37.77391304347826,1.0178185458630233,0.8853109968458701,1.0691081535648252,0.9108772592289969,0.8017249774155764
19,0,Malcolm Brogdon,PG,,2019-11-30,IND,PHI,5.0,207.5,101.3,7300,1,8.8,30.7,39.5,35.3,4.83,PG/SG,7300,0,29.0,23.0,102,102,-6%,17,16,16,34,31,33,36.7,41.4,32.6,50.2,33.0,36.0,4.9,37.8,43.0,5.9,35.3,4.83,36.0,33.0,4.9,35.65,4.865,32.666666666666664,16.333333333333332,39.31,26.333333333333332,36.01377551020408,0.9746772188357056,1.0059824826544814,0.9299682303331863,1.3153881012139272,0.29296610716691396
19,1,Jeremy Lamb,SG,,2019-11-30,IND,PHI,5.0,207.5,101.3,6100,23,24.8,31.2,39.5,29.8,4.88,SG/SF,6100,0,22.0,18.0,102,102,-10%,15,15,14,36,34,33,31.1,32.1,24.9,39.2,31.5,27.8,4.6,33.8,30.0,4.9,29.8,4.88,27.8,31.5,4.6,28.8,4.74,34.333333333333336,14.666666666666666,31.220000000000006,31.833333333333332,26.423300970873782,0.4373716004045698,0.8249752539415643,0.17183549017444447,0.6774752919238534,0.17409721224900224
19,2,Donte DiVincenzo,PG,,2019-11-30,MIL,CHA,-14.0,226.0,120.0,4400,15,18.3,23.2,28.0,21.5,4.89,PG/SF,4400,0,18.0,14.0,102,110,-5%,9,10,8,27,28,22,23.1,20.8,11.4,30.1,26.0,21.9,5.0,19.7,20.0,4.5,21.5,4.89,21.9,26.0,5.0,21.7,4.945,25.666666666666668,9.0,21.42,23.166666666666668,21.98181818181818,-0.11954371212989241,0.1612820819942016,-0.1792663769360593,-0.095274464694531,0.36904219991437753
19,3,P.J. Tucker,SF,,2019-11-30,HOU,ATL,-13.5,238.5,126.0,5100,9,8.3,21.8,32.3,25.3,4.95,SF/PF,5100,2,9.0,12.0,106,111,21%,8,7,7,36,35,36,21.8,24.6,15.4,33.9,35.5,24.7,4.8,29.7,23.3,4.6,25.3,4.95,24.7,35.5,4.8,25.0,4.875,35.666666666666664,7.333333333333333,24.140000000000004,20.8,24.883177570093462,0.13930425003401256,1.30766119717601,0.05008781551790764,0.11920301877506148,0.3024756187603467
19,4,Nicolas Batum,SG,,2019-11-30,CHA,MIL,14.0,226.0,106.0,4100,13,11.3,18.1,26.0,19.5,4.76,SG/SF,4100,0,12.0,11.0,108,101,3%,5,4,3,29,24,24,17.9,17.2,10.6,23.8,24.5,18.3,4.5,13.1,6.0,1.5,19.5,4.76,18.3,24.5,4.5,18.9,4.63,25.666666666666668,4.0,17.679999999999996,18.46666666666667,18.040909090909086,-0.3391722860871451,-0.019725146718715524,-0.49079759424494157,-0.39018100446522086,0.0694925847212396
19,5,Ben McLemore,SG,,2019-11-30,HOU,ATL,-13.5,238.5,126.0,3500,29,10.3,14.5,24.0,21.3,6.07,SG/SF,3500,2,16.0,8.0,106,111,7%,6,7,7,20,23,20,14.5,13.0,4.4,21.6,30.5,23.1,6.6,33.9,47.8,13.7,21.3,6.07,23.1,30.5,6.6,22.200000000000003,6.335,21.0,6.666666666666667,15.14,16.266666666666666,32.24285714285715,-0.08032432392323988,0.7043037681329529,0.6318748812473244,-0.5904651250581486,1.6908643114015556
19,6,Tyson Chandler,C,,2019-11-30,HOU,ATL,-13.5,238.5,126.0,3500,26,0.0,5.2,13.0,10.3,2.93,C,3500,2,7.0,13.0,106,111,6%,0,1,1,5,9,9,5.2,7.0,0.4,13.7,15.5,13.0,3.7,9.6,5.3,1.5,10.3,2.93,13.0,15.5,3.7,11.65,3.3150000000000004,7.666666666666667,0.6666666666666666,7.589999999999999,6.066666666666666,23.553260869565218,-0.9078534150836027,-1.1057685189962183,-0.055042893939640986,-1.18579784571823,-1.1810081898151914
19,7,Terry Rozier,PG,,2019-11-30,CHA,MIL,14.0,226.0,106.0,6300,14,24.0,33.4,38.3,35.5,5.63,PG,6300,0,25.0,15.0,108,101,8%,13,14,15,35,34,33,33.4,31.3,21.2,41.5,33.0,32.5,5.2,30.3,36.0,5.7,35.5,5.63,32.5,33.0,5.2,34.0,5.415,34.0,14.0,32.28,31.899999999999995,33.0,0.8452532377537533,1.0059824826544814,0.6917274763012301,0.7610584288642087,0.8159892448057254
20,0,Evan Turner,PG,,2019-11-30,ATL,HOU,13.5,238.5,112.5,3400,18,0.5,8.3,15.0,12.8,3.75,PG/SF,3400,0,21.0,11.0,108,107,11%,4,4,4,14,12,13,8.3,11.0,4.2,17.7,15.5,13.9,4.1,15.6,10.8,3.2,12.8,3.75,13.9,15.5,4.1,13.350000000000001,3.925,13.0,4.0,10.91,7.933333333333334,15.917307692307695,-0.774507495180985,-1.1057685189962183,-0.6586695531062217,-0.9240091526597572,-0.6009279826157826
20,1,Austin Rivers,PG,,2019-11-30,HOU,ATL,-13.5,238.5,126.0,3200,2,8.3,11.6,15.3,19.0,5.94,PG/SG,3200,2,14.0,8.0,106,111,-4%,5,6,7,21,24,24,11.6,13.8,7.6,20.0,27.0,18.3,5.7,31.8,30.5,9.5,19.0,5.94,18.3,27.0,5.7,18.65,5.82,23.0,6.0,14.330000000000002,11.733333333333334,21.893478260869564,-0.35878198019047125,0.281953567802813,-0.18624970044727088,-0.6543352580031374,1.2011244643397596
20,2,Furkan Korkmaz,SG,,2019-11-30,PHI,IND,-5.0,207.5,106.3,4200,8,3.0,13.6,27.5,18.5,4.4,SG/SF,4200,0,16.0,10.0,102,101,5%,6,8,8,26,24,24,13.6,15.5,7.1,23.9,29.5,18.9,4.5,22.2,17.5,4.2,18.5,4.4,18.9,29.5,4.5,18.7,4.45,24.666666666666668,7.333333333333333,15.76,14.700000000000001,22.364189189189187,-0.354860041369806,0.5836322823243415,-0.14903972043573535,-0.5415768751496386,-0.10167862396055301
20,3,Thabo Sefolosha,SF,,2019-11-30,HOU,ATL,-13.5,238.5,126.0,3000,9,0.0,5.4,12.3,15.0,5.0,SF/PF,3000,2,11.0,8.0,106,111,21%,4,3,3,11,13,12,7.1,8.3,4.7,11.9,14.0,11.8,3.9,17.1,16.8,5.6,15.0,5.0,11.8,14.0,3.9,13.4,4.45,12.0,3.3333333333333335,9.08,5.900000000000001,15.633333333333333,-0.7705855563603199,-1.2867757477091353,-0.6811178957842774,-1.0683083419058432,-0.10167862396055301
20,4,Malcolm Brogdon,PG,,2019-11-30,IND,PHI,5.0,207.5,101.3,7300,1,8.8,30.7,39.5,35.3,4.83,PG/SG,7300,0,29.0,23.0,102,102,-6%,17,16,16,34,31,33,36.7,41.4,32.6,50.2,33.0,36.0,4.9,37.8,43.0,5.9,35.3,4.83,36.0,33.0,4.9,35.65,4.865,32.666666666666664,16.333333333333332,39.31,26.333333333333332,36.01377551020408,0.9746772188357056,1.0059824826544814,0.9299682303331863,1.3153881012139272,0.29296610716691396
20,5,Khris Middleton,SG,,2019-11-30,MIL,CHA,-14.0,226.0,120.0,6000,30,22.8,28.3,42.3,28.5,4.75,SG/SF,6000,0,24.0,17.0,102,110,5%,12,13,14,21,27,29,28.3,31.0,23.5,38.5,24.0,27.1,4.5,16.1,25.5,4.3,28.5,4.75,27.1,24.0,4.5,27.8,4.625,25.666666666666668,13.0,29.82,31.133333333333336,25.994805194805195,0.3589328239912653,-0.08006088962302123,0.1379626431609734,0.567082469549798,0.06473782892452325
20,6,Bruno Fernando,C,,2019-11-30,ATL,HOU,13.5,238.5,112.5,3800,10,3.8,13.8,23.0,13.0,3.42,C,3800,0,16.0,14.0,108,107,6%,4,3,4,15,15,13,13.8,11.8,5.1,18.5,16.5,15.2,4.0,15.4,10.8,2.8,13.0,3.42,15.2,16.5,4.0,14.1,3.71,14.333333333333334,3.6666666666666665,12.66,13.533333333333333,16.231395348837207,-0.7156784128710068,-0.9850970331876069,-0.633840736271535,-0.7860181246921887,-0.8053824818745906
20,7,Bismack Biyombo,C,,2019-11-30,CHA,MIL,14.0,226.0,106.0,4500,16,10.3,25.8,35.8,17.5,3.89,C,4500,0,19.0,21.0,108,101,1%,12,8,5,34,24,17,25.8,16.6,5.8,27.3,23.5,22.3,5.0,10.0,5.0,1.1,17.5,3.89,22.3,23.5,5.0,19.9,4.445,25.0,8.333333333333334,19.080000000000002,23.96666666666667,18.706,-0.2607335096738406,-0.14039663252732695,-0.4382217606617398,-0.2797881820911655,-0.10643337975726938
21,0,Donte DiVincenzo,PG,,2019-11-30,MIL,CHA,-14.0,226.0,120.0,4400,15,18.3,23.2,28.0,21.5,4.89,PG/SF,4400,0,18.0,14.0,102,110,-5%,9,10,8,27,28,22,23.1,20.8,11.4,30.1,26.0,21.9,5.0,19.7,20.0,4.5,21.5,4.89,21.9,26.0,5.0,21.7,4.945,25.666666666666668,9.0,21.42,23.166666666666668,21.98181818181818,-0.11954371212989241,0.1612820819942016,-0.1792663769360593,-0.095274464694531,0.36904219991437753
21,1,Ben McLemore,SG,,2019-11-30,HOU,ATL,-13.5,238.5,126.0,3500,29,10.3,14.5,24.0,21.3,6.07,SG/SF,3500,2,16.0,8.0,106,111,7%,6,7,7,20,23,20,14.5,13.0,4.4,21.6,30.5,23.1,6.6,33.9,47.8,13.7,21.3,6.07,23.1,30.5,6.6,22.200000000000003,6.335,21.0,6.666666666666667,15.14,16.266666666666666,32.24285714285715,-0.08032432392323988,0.7043037681329529,0.6318748812473244,-0.5904651250581486,1.6908643114015556
21,2,Justin Holiday,SG,,2019-11-30,IND,PHI,5.0,207.5,101.3,4400,23,10.0,23.9,33.5,11.5,2.61,SG/SF,4400,0,14.0,11.0,102,102,-10%,4,6,7,22,23,25,23.9,18.7,10.1,27.3,19.0,11.5,2.6,27.5,21.8,5.0,11.5,2.61,11.5,19.0,2.6,11.5,2.605,23.333333333333332,5.666666666666667,18.299999999999997,22.46666666666667,9.364285714285714,-0.9196192315455984,-0.6834183186660783,-1.1766898542023114,-0.34129275455671076,-1.8561835129489304
21,3,Vince Carter,SF,,2019-11-30,ATL,HOU,13.5,238.5,112.5,3100,8,2.8,8.3,19.5,13.3,4.27,SF/PF,3100,0,17.0,6.0,108,107,11%,5,5,6,14,15,15,8.3,9.9,3.0,16.8,16.0,13.5,4.4,18.6,9.5,3.1,13.3,4.27,13.5,16.0,4.4,13.4,4.335,14.666666666666666,5.333333333333333,10.28,10.200000000000001,14.618181818181819,-0.7705855563603199,-1.0454327760919127,-0.7613662293471188,-0.973685922728082,-0.211038007285032
21,4,Aaron Holiday,PG,,2019-11-30,IND,PHI,5.0,207.5,101.3,3900,1,4.3,23.7,53.5,14.0,3.59,PG/SG,3900,0,22.0,14.0,102,102,-6%,7,11,9,16,21,22,23.6,20.4,7.7,33.0,16.0,13.4,3.4,12.3,3.0,0.8,14.0,3.59,13.4,16.0,3.4,13.7,3.495,19.666666666666668,9.0,19.68,27.166666666666668,11.145762711864405,-0.7470539234363286,-1.0454327760919127,-1.035863033572598,-0.23247697250228505,-1.0098369811333987
21,5,Nicolas Batum,SG,,2019-11-30,CHA,MIL,14.0,226.0,106.0,4100,13,11.3,18.1,26.0,19.5,4.76,SG/SF,4100,0,12.0,11.0,108,101,3%,5,4,3,29,24,24,17.9,17.2,10.6,23.8,24.5,18.3,4.5,13.1,6.0,1.5,19.5,4.76,18.3,24.5,4.5,18.9,4.63,25.666666666666668,4.0,17.679999999999996,18.46666666666667,18.040909090909086,-0.3391722860871451,-0.019725146718715524,-0.49079759424494157,-0.39018100446522086,0.0694925847212396
21,6,Myles Turner,C,,2019-11-30,IND,PHI,5.0,207.5,101.3,5700,3,19.0,25.9,34.0,29.8,5.22,C,5700,0,16.0,15.0,102,102,-12%,10,9,10,32,31,34,25.9,30.7,21.4,40.0,30.5,26.6,4.7,28.9,12.3,2.2,29.8,5.22,26.6,30.5,4.7,28.200000000000003,4.96,32.333333333333336,9.666666666666666,29.24,26.3,26.60103092783505,0.39030833455658726,0.7043037681329529,0.1858851494198514,0.5213483002805466,0.38330646730452667
21,7,Bismack Biyombo,C,,2019-11-30,CHA,MIL,14.0,226.0,106.0,4500,16,10.3,25.8,35.8,17.5,3.89,C,4500,0,19.0,21.0,108,101,1%,12,8,5,34,24,17,25.8,16.6,5.8,27.3,23.5,22.3,5.0,10.0,5.0,1.1,17.5,3.89,22.3,23.5,5.0,19.9,4.445,25.0,8.333333333333334,19.080000000000002,23.96666666666667,18.706,-0.2607335096738406,-0.14039663252732695,-0.4382217606617398,-0.2797881820911655,-0.10643337975726938
22,0,Aaron Holiday,PG,,2019-11-30,IND,PHI,5.0,207.5,101.3,3900,1,4.3,23.7,53.5,14.0,3.59,PG/SG,3900,0,22.0,14.0,102,102,-6%,7,11,9,16,21,22,23.6,20.4,7.7,33.0,16.0,13.4,3.4,12.3,3.0,0.8,14.0,3.59,13.4,16.0,3.4,13.7,3.495,19.666666666666668,9.0,19.68,27.166666666666668,11.145762711864405,-0.7470539234363286,-1.0454327760919127,-1.035863033572598,-0.23247697250228505,-1.0098369811333987
22,1,Justin Holiday,SG,,2019-11-30,IND,PHI,5.0,207.5,101.3,4400,23,10.0,23.9,33.5,11.5,2.61,SG/SF,4400,0,14.0,11.0,102,102,-10%,4,6,7,22,23,25,23.9,18.7,10.1,27.3,19.0,11.5,2.6,27.5,21.8,5.0,11.5,2.61,11.5,19.0,2.6,11.5,2.605,23.333333333333332,5.666666666666667,18.299999999999997,22.46666666666667,9.364285714285714,-0.9196192315455984,-0.6834183186660783,-1.1766898542023114,-0.34129275455671076,-1.8561835129489304
22,2,P.J. Tucker,SF,,2019-11-30,HOU,ATL,-13.5,238.5,126.0,5100,9,8.3,21.8,32.3,25.3,4.95,SF/PF,5100,2,9.0,12.0,106,111,21%,8,7,7,36,35,36,21.8,24.6,15.4,33.9,35.5,24.7,4.8,29.7,23.3,4.6,25.3,4.95,24.7,35.5,4.8,25.0,4.875,35.666666666666664,7.333333333333333,24.140000000000004,20.8,24.883177570093462,0.13930425003401256,1.30766119717601,0.05008781551790764,0.11920301877506148,0.3024756187603467
22,3,T.J. Warren,SF,,2019-11-30,IND,PHI,5.0,207.5,101.3,4800,17,6.5,24.7,30.5,23.8,4.95,SF/PF,4800,0,21.0,14.0,102,102,-8%,14,13,15,34,33,34,24.6,26.9,15.6,38.3,32.0,23.7,4.9,32.0,38.0,7.9,23.8,4.95,23.7,32.0,4.9,23.75,4.925000000000001,33.666666666666664,14.0,25.829999999999995,20.566666666666666,22.574257425742577,0.04125577951738191,0.8853109968458701,-0.1324337008748245,0.25246292578374124,0.35002317672751204
22,4,Matisse Thybulle,SG,,2019-11-30,PHI,IND,-5.0,207.5,106.3,3900,8,5.0,11.5,32.8,13.8,3.53,SG/SF,3900,0,15.0,10.0,102,101,-7%,4,3,3,21,17,15,11.4,10.8,1.7,19.9,16.5,11.8,3.0,19.9,6.8,1.7,13.8,3.53,11.8,16.5,3.0,12.8,3.2649999999999997,17.666666666666668,3.3333333333333335,11.320000000000002,16.433333333333334,11.954716981132075,-0.8176488222083026,-0.9850970331876069,-0.9719147154463255,-0.8916798261073553,-1.2285557477823568
22,5,Khris Middleton,SG,,2019-11-30,MIL,CHA,-14.0,226.0,120.0,6000,30,22.8,28.3,42.3,28.5,4.75,SG/SF,6000,0,24.0,17.0,102,110,5%,12,13,14,21,27,29,28.3,31.0,23.5,38.5,24.0,27.1,4.5,16.1,25.5,4.3,28.5,4.75,27.1,24.0,4.5,27.8,4.625,25.666666666666668,13.0,29.82,31.133333333333336,25.994805194805195,0.3589328239912653,-0.08006088962302123,0.1379626431609734,0.567082469549798,0.06473782892452325
22,6,Tyson Chandler,C,,2019-11-30,HOU,ATL,-13.5,238.5,126.0,3500,26,0.0,5.2,13.0,10.3,2.93,C,3500,2,7.0,13.0,106,111,6%,0,1,1,5,9,9,5.2,7.0,0.4,13.7,15.5,13.0,3.7,9.6,5.3,1.5,10.3,2.93,13.0,15.5,3.7,11.65,3.3150000000000004,7.666666666666667,0.6666666666666666,7.589999999999999,6.066666666666666,23.553260869565218,-0.9078534150836027,-1.1057685189962183,-0.055042893939640986,-1.18579784571823,-1.1810081898151914
22,7,PJ Washington,PF,,2019-11-30,CHA,MIL,14.0,226.0,106.0,4600,25,17.0,25.9,45.8,23.0,5.0,PF/C,4600,0,17.0,15.0,108,101,-4%,12,9,9,28,26,29,25.9,25.8,16.7,34.8,27.0,21.3,4.6,32.5,17.8,3.9,23.0,5.0,21.3,27.0,4.6,22.15,4.8,27.666666666666668,10.0,25.07,29.566666666666663,21.616265060240963,-0.08424626274390544,0.281953567802813,-0.20816356952005322,0.19253539363782618,0.2311542818095995
