Lineup Num,,Player Name,position,injury_status,game_date,team,opp,spread,over_under,implied_team_score,salary,L5_dvp_rank,L5_ppg_floor,L5_ppg_avg,L5_ppg_max,ppg_projection,value_projection,Pos,Salary,Rest,USG,PER,Opp Pace,Opp DEff,Opp DvP,L2 FGA,L5 FGA,S FGA,L2 Min,L5 Min,S Min,L5 FP,S FP,Floor FP,Ceil FP,Proj Min,Proj FP,Proj Val,Actual Min,Actual FP,Actual Val,FantasyFuelPPGProj,FantasyFuelValueProj,DFN_PPGProj,DFN_MinProj,DFN_ValueProj,Avg Proj,Avg Value Proj,Avg Skewed Min,Avg Skewed FGA,Avg Skewed FP,Avg L5 PPG,Proj Min Enhanced,Avg Proj Stan,DFN_MinProj Stan,Proj Min Enhanced Stan,Avg Skewed FP Stan,Avg Value Proj Stan
0,0,Kris Dunn,PG,,2019-12-09,CHI,TOR,6.0,214.5,104.3,5100,16,19.3,23.9,30.8,24.5,4.8,PG/SF,5100,0,17.0,12.0,104,101,-3%,10,8,7,31,29,22,23.9,20.2,12.7,27.7,28.5,25.1,4.9,15.4,8.3,1.6,24.5,4.8,25.1,28.5,4.9,24.8,4.85,27.333333333333332,8.333333333333334,21.86,24.666666666666668,25.858536585365854,0.1942359684529759,0.5260012637461663,0.2620788640758403,-0.07769743530734223,0.4848983328025595
0,1,Jrue Holiday,PG,,2019-12-09,NO,DET,1.0,227.5,113.3,7100,8,22.8,35.5,49.8,41.3,5.81,PG/SG,7100,1,26.0,17.0,101,107,3%,18,19,17,39,39,37,43.4,41.4,30.6,52.1,35.0,40.6,5.7,35.0,38.0,5.4,41.3,5.81,40.6,35.0,5.7,40.95,5.755,38.333333333333336,18.0,41.69,36.03333333333333,37.38913043478261,1.5128230608472797,1.1403685026883925,1.1351494546326573,1.6325494219828773,1.2049252795063223
0,2,JJ Redick,SG,,2019-12-09,NO,DET,1.0,227.5,113.3,4800,14,19.5,26.5,37.0,23.8,4.95,SG/SF,4800,1,19.0,15.0,101,107,-1%,10,12,11,29,31,29,26.5,24.9,15.0,34.9,30.0,25.2,5.2,21.4,11.5,2.4,23.8,4.95,25.2,30.0,5.2,24.5,5.075,29.666666666666668,11.0,25.16,27.666666666666668,24.775280898876407,0.16974209057568226,0.66777831888668,0.18005718381561575,0.2069124804293056,0.6639105571211749
0,3,Kenrich Williams,SF,,2019-12-09,NO,DET,1.0,227.5,113.3,3500,12,1.3,13.7,23.8,19.8,5.64,SF/PF,3500,1,10.0,11.0,101,107,11%,5,4,5,26,23,26,13.7,19.6,10.1,29.1,29.5,21.2,6.1,32.4,15.0,4.3,19.8,5.64,21.2,29.5,6.1,20.5,5.869999999999999,25.0,4.666666666666667,18.6,12.933333333333332,24.189999999999998,-0.15684294778823193,0.6205193005065087,0.13574103265315865,-0.35885753388354563,1.2964204163802804
0,4,Lonzo Ball,PG,,2019-12-09,NO,DET,1.0,227.5,113.3,5200,8,10.5,27.5,54.0,30.3,5.82,PG,5200,1,21.0,12.0,101,107,3%,9,11,11,35,31,29,27.5,28.0,16.2,39.7,26.0,26.0,5.0,29.5,20.3,3.9,30.3,5.82,26.0,26.0,5.0,28.15,5.41,31.666666666666668,10.333333333333334,27.910000000000004,30.666666666666668,23.11263157894737,0.46775093808275386,0.28970617184531006,0.05416512286918312,0.4440874102098457,0.9304398688844461
0,5,Brandon Ingram,SF,,2019-12-09,NO,DET,1.0,227.5,113.3,7500,12,22.0,37.2,47.3,41.8,5.57,SF/PF,7500,1,29.0,22.0,101,107,-1%,11,15,19,28,34,35,37.2,44.2,34.9,53.4,35.5,45.1,6.0,36.9,45.0,6.0,41.8,5.57,45.1,35.5,6.0,43.45,5.785,32.333333333333336,15.0,42.63000000000001,35.5,47.70541237113402,1.716938709824726,1.1876275210685636,1.9162750826918344,1.7136201252533176,1.2287935760821378
0,6,Karl-Anthony Towns,C,,2019-12-09,MIN,PHO,4.0,233.0,114.5,9300,14,37.5,49.0,58.8,57.3,6.16,C,9300,0,28.0,29.0,105,107,3%,16,17,18,36,35,34,49.0,55.0,43.7,66.2,34.5,55.4,6.0,34.7,60.3,6.5,57.3,6.16,55.4,34.5,6.0,56.349999999999994,6.08,35.0,17.0,54.05,48.43333333333334,55.544999999999995,2.770175458548349,1.0931094843082212,2.5098709971990605,2.6985429245601398,1.4634984924109884
0,7,Donovan Mitchell,PG,,2019-12-09,UTA,OKC,-8.5,206.0,107.3,7400,9,26.3,32.7,42.0,39.3,5.3,PG/SG,7400,1,31.0,19.0,101,107,-10%,21,20,21,33,34,35,32.7,39.7,30.7,48.7,35.5,41.1,5.6,35.3,37.0,5.0,39.3,5.3,41.1,35.5,5.6,40.2,5.449999999999999,34.0,20.666666666666668,38.4,33.666666666666664,41.97352941176471,1.4515883661540456,1.1876275210685636,1.4822698175950806,1.3488019605363408,0.9622642643188659
1,0,Jrue Holiday,PG,,2019-12-09,NO,DET,1.0,227.5,113.3,7100,8,22.8,35.5,49.8,41.3,5.81,PG/SG,7100,1,26.0,17.0,101,107,3%,18,19,17,39,39,37,43.4,41.4,30.6,52.1,35.0,40.6,5.7,35.0,38.0,5.4,41.3,5.81,40.6,35.0,5.7,40.95,5.755,38.333333333333336,18.0,41.69,36.03333333333333,37.38913043478261,1.5128230608472797,1.1403685026883925,1.1351494546326573,1.6325494219828773,1.2049252795063223
1,1,Derrick Rose,PG,,2019-12-09,DET,NO,-1.0,227.5,114.3,5600,30,25.5,29.5,32.5,27.5,4.91,PG/SG,5600,2,32.0,22.0,107,112,13%,16,13,13,26,23,24,29.5,28.5,20.7,36.3,25.5,28.4,5.1,28.4,36.8,6.6,27.5,4.91,28.4,25.5,5.1,27.95,5.005,24.333333333333332,14.0,28.589999999999996,29.166666666666668,29.290068493150688,0.4514216861645582,0.24244715346513881,0.5219067296975063,0.5027343019373968,0.6082178651109389
1,2,Cedi Osman,SF,,2019-12-09,CLE,BOS,14.0,216.0,101.0,3700,1,3.5,21.2,36.8,20.0,5.41,SF/PF,3700,1,15.0,10.0,102,101,-1%,9,10,9,29,32,30,25.4,20.8,12.0,29.5,30.5,19.1,5.2,24.3,8.8,2.4,20.0,5.41,19.1,30.5,5.2,19.55,5.305,30.333333333333332,9.333333333333334,21.45,20.5,19.657417582417583,-0.2344068943996615,0.7150373372668513,-0.20745589716206436,-0.11305806120189545,0.8469008308690921
1,3,Moe Harkless,SF,,2019-12-09,LAC,IND,2.0,217.0,107.5,3500,21,2.8,16.1,27.5,16.0,4.57,SF/PF,3500,0,11.0,9.0,101,102,-27%,6,5,5,29,26,23,16.1,14.6,7.9,21.4,30.5,18.4,5.3,34.8,27.5,7.9,16.0,4.57,18.4,30.5,5.3,17.2,4.9350000000000005,26.0,5.333333333333333,15.440000000000001,15.466666666666669,20.176923076923078,-0.42627560443846124,0.7150373372668513,-0.16812011144202826,-0.6313930895586386,0.5525251731007036
1,4,Collin Sexton,PG,,2019-12-09,CLE,BOS,14.0,216.0,101.0,5300,3,14.5,28.2,35.8,26.3,4.95,PG/SG,5300,1,27.0,15.0,102,101,-11%,15,15,16,28,31,30,28.1,26.7,20.4,33.1,31.0,26.0,4.9,29.6,17.0,3.2,26.3,4.95,26.0,31.0,4.9,26.15,4.925000000000001,29.666666666666668,15.333333333333334,26.890000000000004,26.166666666666668,27.325280898876404,0.3044584189007967,0.7622963556470225,0.37313743926425375,0.35611707261851827,0.5445690742420987
1,5,Domantas Sabonis,PF,,2019-12-09,IND,LAC,-2.0,217.0,109.5,7800,23,32.0,42.3,47.5,44.8,5.74,PF/C,7800,1,24.0,20.0,105,103,2%,14,13,14,36,34,34,42.3,42.9,36.0,49.8,34.5,46.1,5.9,35.8,56.5,7.2,44.8,5.74,46.1,34.5,5.9,45.45,5.82,34.666666666666664,13.666666666666666,43.29,40.6,45.23149038461539,1.8802312290066832,1.0931094843082212,1.7289552830381016,1.770542108400646,1.2566399220872557
1,6,Karl-Anthony Towns,C,,2019-12-09,MIN,PHO,4.0,233.0,114.5,9300,14,37.5,49.0,58.8,57.3,6.16,C,9300,0,28.0,29.0,105,107,3%,16,17,18,36,35,34,49.0,55.0,43.7,66.2,34.5,55.4,6.0,34.7,60.3,6.5,57.3,6.16,55.4,34.5,6.0,56.349999999999994,6.08,35.0,17.0,54.05,48.43333333333334,55.544999999999995,2.770175458548349,1.0931094843082212,2.5098709971990605,2.6985429245601398,1.4634984924109884
1,7,Brandon Ingram,SF,,2019-12-09,NO,DET,1.0,227.5,113.3,7500,12,22.0,37.2,47.3,41.8,5.57,SF/PF,7500,1,29.0,22.0,101,107,-1%,11,15,19,28,34,35,37.2,44.2,34.9,53.4,35.5,45.1,6.0,36.9,45.0,6.0,41.8,5.57,45.1,35.5,6.0,43.45,5.785,32.333333333333336,15.0,42.63000000000001,35.5,47.70541237113402,1.716938709824726,1.1876275210685636,1.9162750826918344,1.7136201252533176,1.2287935760821378
2,0,Jrue Holiday,PG,,2019-12-09,NO,DET,1.0,227.5,113.3,7100,8,22.8,35.5,49.8,41.3,5.81,PG/SG,7100,1,26.0,17.0,101,107,3%,18,19,17,39,39,37,43.4,41.4,30.6,52.1,35.0,40.6,5.7,35.0,38.0,5.4,41.3,5.81,40.6,35.0,5.7,40.95,5.755,38.333333333333336,18.0,41.69,36.03333333333333,37.38913043478261,1.5128230608472797,1.1403685026883925,1.1351494546326573,1.6325494219828773,1.2049252795063223
2,1,JJ Redick,SG,,2019-12-09,NO,DET,1.0,227.5,113.3,4800,14,19.5,26.5,37.0,23.8,4.95,SG/SF,4800,1,19.0,15.0,101,107,-1%,10,12,11,29,31,29,26.5,24.9,15.0,34.9,30.0,25.2,5.2,21.4,11.5,2.4,23.8,4.95,25.2,30.0,5.2,24.5,5.075,29.666666666666668,11.0,25.16,27.666666666666668,24.775280898876407,0.16974209057568226,0.66777831888668,0.18005718381561575,0.2069124804293056,0.6639105571211749
2,2,Kenrich Williams,SF,,2019-12-09,NO,DET,1.0,227.5,113.3,3500,12,1.3,13.7,23.8,19.8,5.64,SF/PF,3500,1,10.0,11.0,101,107,11%,5,4,5,26,23,26,13.7,19.6,10.1,29.1,29.5,21.2,6.1,32.4,15.0,4.3,19.8,5.64,21.2,29.5,6.1,20.5,5.869999999999999,25.0,4.666666666666667,18.6,12.933333333333332,24.189999999999998,-0.15684294778823193,0.6205193005065087,0.13574103265315865,-0.35885753388354563,1.2964204163802804
2,3,Brandon Ingram,SF,,2019-12-09,NO,DET,1.0,227.5,113.3,7500,12,22.0,37.2,47.3,41.8,5.57,SF/PF,7500,1,29.0,22.0,101,107,-1%,11,15,19,28,34,35,37.2,44.2,34.9,53.4,35.5,45.1,6.0,36.9,45.0,6.0,41.8,5.57,45.1,35.5,6.0,43.45,5.785,32.333333333333336,15.0,42.63000000000001,35.5,47.70541237113402,1.716938709824726,1.1876275210685636,1.9162750826918344,1.7136201252533176,1.2287935760821378
2,4,Donovan Mitchell,PG,,2019-12-09,UTA,OKC,-8.5,206.0,107.3,7400,9,26.3,32.7,42.0,39.3,5.3,PG/SG,7400,1,31.0,19.0,101,107,-10%,21,20,21,33,34,35,32.7,39.7,30.7,48.7,35.5,41.1,5.6,35.3,37.0,5.0,39.3,5.3,41.1,35.5,5.6,40.2,5.449999999999999,34.0,20.666666666666668,38.4,33.666666666666664,41.97352941176471,1.4515883661540456,1.1876275210685636,1.4822698175950806,1.3488019605363408,0.9622642643188659
2,5,Jeff Green,SF,,2019-12-09,UTA,OKC,-8.5,206.0,107.3,4300,19,8.0,17.7,26.8,18.0,4.19,SF/PF,4300,1,19.0,11.0,101,107,2%,8,8,7,24,19,19,17.7,14.8,8.4,21.2,25.5,19.0,4.4,13.5,5.3,1.2,18.0,4.19,19.0,25.5,4.4,18.5,4.295,20.666666666666668,7.666666666666667,16.119999999999997,17.5,22.826612903225804,-0.320135466970189,0.24244715346513881,0.032508433076476904,-0.5727461978310873,0.043334846149976056
2,6,Karl-Anthony Towns,C,,2019-12-09,MIN,PHO,4.0,233.0,114.5,9300,14,37.5,49.0,58.8,57.3,6.16,C,9300,0,28.0,29.0,105,107,3%,16,17,18,36,35,34,49.0,55.0,43.7,66.2,34.5,55.4,6.0,34.7,60.3,6.5,57.3,6.16,55.4,34.5,6.0,56.349999999999994,6.08,35.0,17.0,54.05,48.43333333333334,55.544999999999995,2.770175458548349,1.0931094843082212,2.5098709971990605,2.6985429245601398,1.4634984924109884
2,7,Tristan Thompson,C,,2019-12-09,CLE,BOS,14.0,216.0,101.0,6000,17,20.8,32.0,37.8,29.8,4.96,C,6000,1,20.0,20.0,102,101,-6%,10,9,11,31,31,31,32.9,34.6,24.0,45.2,30.5,30.8,5.1,35.5,33.3,5.5,29.8,4.96,30.8,30.5,5.1,30.3,5.029999999999999,31.0,10.0,33.4,30.2,29.811290322580646,0.6432903962033579,0.7150373372668513,0.5613724724315231,0.9175748154808139,0.6281081122574512
3,0,Donovan Mitchell,PG,,2019-12-09,UTA,OKC,-8.5,206.0,107.3,7400,9,26.3,32.7,42.0,39.3,5.3,PG/SG,7400,1,31.0,19.0,101,107,-10%,21,20,21,33,34,35,32.7,39.7,30.7,48.7,35.5,41.1,5.6,35.3,37.0,5.0,39.3,5.3,41.1,35.5,5.6,40.2,5.449999999999999,34.0,20.666666666666668,38.4,33.666666666666664,41.97352941176471,1.4515883661540456,1.1876275210685636,1.4822698175950806,1.3488019605363408,0.9622642643188659
3,1,Lou Williams,PG,,2019-12-09,LAC,IND,2.0,217.0,107.5,6500,14,14.8,24.8,34.3,35.5,5.46,PG/SG,6500,0,31.0,18.0,101,102,-2%,15,13,16,27,26,31,24.8,34.6,24.4,44.8,31.5,34.6,5.3,32.5,17.8,2.7,35.5,5.46,34.6,31.5,5.3,35.05,5.38,28.0,14.666666666666666,32.73,24.633333333333336,39.43125,1.0311101292605058,0.8095553740271938,1.2897741476949458,0.8597903780433731,0.9065715723086306
3,2,JJ Redick,SG,,2019-12-09,NO,DET,1.0,227.5,113.3,4800,14,19.5,26.5,37.0,23.8,4.95,SG/SF,4800,1,19.0,15.0,101,107,-1%,10,12,11,29,31,29,26.5,24.9,15.0,34.9,30.0,25.2,5.2,21.4,11.5,2.4,23.8,4.95,25.2,30.0,5.2,24.5,5.075,29.666666666666668,11.0,25.16,27.666666666666668,24.775280898876407,0.16974209057568226,0.66777831888668,0.18005718381561575,0.2069124804293056,0.6639105571211749
3,3,Domantas Sabonis,PF,,2019-12-09,IND,LAC,-2.0,217.0,109.5,7800,23,32.0,42.3,47.5,44.8,5.74,PF/C,7800,1,24.0,20.0,105,103,2%,14,13,14,36,34,34,42.3,42.9,36.0,49.8,34.5,46.1,5.9,35.8,56.5,7.2,44.8,5.74,46.1,34.5,5.9,45.45,5.82,34.666666666666664,13.666666666666666,43.29,40.6,45.23149038461539,1.8802312290066832,1.0931094843082212,1.7289552830381016,1.770542108400646,1.2566399220872557
3,4,Jrue Holiday,PG,,2019-12-09,NO,DET,1.0,227.5,113.3,7100,8,22.8,35.5,49.8,41.3,5.81,PG/SG,7100,1,26.0,17.0,101,107,3%,18,19,17,39,39,37,43.4,41.4,30.6,52.1,35.0,40.6,5.7,35.0,38.0,5.4,41.3,5.81,40.6,35.0,5.7,40.95,5.755,38.333333333333336,18.0,41.69,36.03333333333333,37.38913043478261,1.5128230608472797,1.1403685026883925,1.1351494546326573,1.6325494219828773,1.2049252795063223
3,5,Rondae Hollis-Jefferson,SF,,2019-12-09,TOR,CHI,-6.0,214.5,110.3,3600,5,7.8,16.4,26.5,13.0,3.61,SF/PF,3600,0,18.0,18.0,104,105,-1%,6,5,7,14,18,22,16.7,21.7,13.2,30.3,19.0,18.7,5.2,17.0,8.3,2.3,13.0,3.61,18.7,19.0,5.2,15.85,4.405,18.0,6.0,19.55,16.900000000000002,16.730555555555554,-0.5364980548862822,-0.3719200854770874,-0.42907129630302104,-0.27692437632299555,0.13085193359463254
3,6,Karl-Anthony Towns,C,,2019-12-09,MIN,PHO,4.0,233.0,114.5,9300,14,37.5,49.0,58.8,57.3,6.16,C,9300,0,28.0,29.0,105,107,3%,16,17,18,36,35,34,49.0,55.0,43.7,66.2,34.5,55.4,6.0,34.7,60.3,6.5,57.3,6.16,55.4,34.5,6.0,56.349999999999994,6.08,35.0,17.0,54.05,48.43333333333334,55.544999999999995,2.770175458548349,1.0931094843082212,2.5098709971990605,2.6985429245601398,1.4634984924109884
3,7,Moe Harkless,SF,,2019-12-09,LAC,IND,2.0,217.0,107.5,3500,21,2.8,16.1,27.5,16.0,4.57,SF/PF,3500,0,11.0,9.0,101,102,-27%,6,5,5,29,26,23,16.1,14.6,7.9,21.4,30.5,18.4,5.3,34.8,27.5,7.9,16.0,4.57,18.4,30.5,5.3,17.2,4.9350000000000005,26.0,5.333333333333333,15.440000000000001,15.466666666666669,20.176923076923078,-0.42627560443846124,0.7150373372668513,-0.16812011144202826,-0.6313930895586386,0.5525251731007036
4,0,Collin Sexton,PG,,2019-12-09,CLE,BOS,14.0,216.0,101.0,5300,3,14.5,28.2,35.8,26.3,4.95,PG/SG,5300,1,27.0,15.0,102,101,-11%,15,15,16,28,31,30,28.1,26.7,20.4,33.1,31.0,26.0,4.9,29.6,17.0,3.2,26.3,4.95,26.0,31.0,4.9,26.15,4.925000000000001,29.666666666666668,15.333333333333334,26.890000000000004,26.166666666666668,27.325280898876404,0.3044584189007967,0.7622963556470225,0.37313743926425375,0.35611707261851827,0.5445690742420987
4,1,Jrue Holiday,PG,,2019-12-09,NO,DET,1.0,227.5,113.3,7100,8,22.8,35.5,49.8,41.3,5.81,PG/SG,7100,1,26.0,17.0,101,107,3%,18,19,17,39,39,37,43.4,41.4,30.6,52.1,35.0,40.6,5.7,35.0,38.0,5.4,41.3,5.81,40.6,35.0,5.7,40.95,5.755,38.333333333333336,18.0,41.69,36.03333333333333,37.38913043478261,1.5128230608472797,1.1403685026883925,1.1351494546326573,1.6325494219828773,1.2049252795063223
4,2,Cameron Johnson,SF,,2019-12-09,PHO,MIN,-4.0,233.0,118.5,4200,8,7.5,16.8,32.5,19.3,4.58,SF/PF,4200,1,17.0,14.0,106,107,10%,10,7,7,26,20,20,16.8,16.5,7.2,25.8,23.0,18.6,4.4,26.3,20.3,4.8,19.3,4.58,18.6,23.0,4.4,18.950000000000003,4.49,22.0,8.0,17.05,18.933333333333334,19.811363636363637,-0.2833946501542485,0.006152061564282574,-0.19579944876158828,-0.492537948850759,0.19847877389277596
4,3,Domantas Sabonis,PF,,2019-12-09,IND,LAC,-2.0,217.0,109.5,7800,23,32.0,42.3,47.5,44.8,5.74,PF/C,7800,1,24.0,20.0,105,103,2%,14,13,14,36,34,34,42.3,42.9,36.0,49.8,34.5,46.1,5.9,35.8,56.5,7.2,44.8,5.74,46.1,34.5,5.9,45.45,5.82,34.666666666666664,13.666666666666666,43.29,40.6,45.23149038461539,1.8802312290066832,1.0931094843082212,1.7289552830381016,1.770542108400646,1.2566399220872557
4,4,Kris Dunn,PG,,2019-12-09,CHI,TOR,6.0,214.5,104.3,5100,16,19.3,23.9,30.8,24.5,4.8,PG/SF,5100,0,17.0,12.0,104,101,-3%,10,8,7,31,29,22,23.9,20.2,12.7,27.7,28.5,25.1,4.9,15.4,8.3,1.6,24.5,4.8,25.1,28.5,4.9,24.8,4.85,27.333333333333332,8.333333333333334,21.86,24.666666666666668,25.858536585365854,0.1942359684529759,0.5260012637461663,0.2620788640758403,-0.07769743530734223,0.4848983328025595
4,5,Brandon Ingram,SF,,2019-12-09,NO,DET,1.0,227.5,113.3,7500,12,22.0,37.2,47.3,41.8,5.57,SF/PF,7500,1,29.0,22.0,101,107,-1%,11,15,19,28,34,35,37.2,44.2,34.9,53.4,35.5,45.1,6.0,36.9,45.0,6.0,41.8,5.57,45.1,35.5,6.0,43.45,5.785,32.333333333333336,15.0,42.63000000000001,35.5,47.70541237113402,1.716938709824726,1.1876275210685636,1.9162750826918344,1.7136201252533176,1.2287935760821378
4,6,Karl-Anthony Towns,C,,2019-12-09,MIN,PHO,4.0,233.0,114.5,9300,14,37.5,49.0,58.8,57.3,6.16,C,9300,0,28.0,29.0,105,107,3%,16,17,18,36,35,34,49.0,55.0,43.7,66.2,34.5,55.4,6.0,34.7,60.3,6.5,57.3,6.16,55.4,34.5,6.0,56.349999999999994,6.08,35.0,17.0,54.05,48.43333333333334,55.544999999999995,2.770175458548349,1.0931094843082212,2.5098709971990605,2.6985429245601398,1.4634984924109884
4,7,Cedi Osman,SF,,2019-12-09,CLE,BOS,14.0,216.0,101.0,3700,1,3.5,21.2,36.8,20.0,5.41,SF/PF,3700,1,15.0,10.0,102,101,-1%,9,10,9,29,32,30,25.4,20.8,12.0,29.5,30.5,19.1,5.2,24.3,8.8,2.4,20.0,5.41,19.1,30.5,5.2,19.55,5.305,30.333333333333332,9.333333333333334,21.45,20.5,19.657417582417583,-0.2344068943996615,0.7150373372668513,-0.20745589716206436,-0.11305806120189545,0.8469008308690921
5,0,Kris Dunn,PG,,2019-12-09,CHI,TOR,6.0,214.5,104.3,5100,16,19.3,23.9,30.8,24.5,4.8,PG/SF,5100,0,17.0,12.0,104,101,-3%,10,8,7,31,29,22,23.9,20.2,12.7,27.7,28.5,25.1,4.9,15.4,8.3,1.6,24.5,4.8,25.1,28.5,4.9,24.8,4.85,27.333333333333332,8.333333333333334,21.86,24.666666666666668,25.858536585365854,0.1942359684529759,0.5260012637461663,0.2620788640758403,-0.07769743530734223,0.4848983328025595
5,1,Jrue Holiday,PG,,2019-12-09,NO,DET,1.0,227.5,113.3,7100,8,22.8,35.5,49.8,41.3,5.81,PG/SG,7100,1,26.0,17.0,101,107,3%,18,19,17,39,39,37,43.4,41.4,30.6,52.1,35.0,40.6,5.7,35.0,38.0,5.4,41.3,5.81,40.6,35.0,5.7,40.95,5.755,38.333333333333336,18.0,41.69,36.03333333333333,37.38913043478261,1.5128230608472797,1.1403685026883925,1.1351494546326573,1.6325494219828773,1.2049252795063223
5,2,Buddy Hield,SG,,2019-12-09,SAC,HOU,12.0,225.0,106.5,7100,7,34.3,41.0,47.3,38.5,5.42,SG/SF,7100,0,28.0,15.0,108,106,10%,21,21,19,37,39,35,41.0,35.7,25.8,45.6,35.5,39.9,5.6,33.3,40.5,5.7,38.5,5.42,39.9,35.5,5.6,39.2,5.51,37.0,20.333333333333332,37.46,40.86666666666667,37.61081081081081,1.3699421065630673,1.1876275210685636,1.1519345933116674,1.2677312572659019,1.0100008574704968
5,3,Kenrich Williams,SF,,2019-12-09,NO,DET,1.0,227.5,113.3,3500,12,1.3,13.7,23.8,19.8,5.64,SF/PF,3500,1,10.0,11.0,101,107,11%,5,4,5,26,23,26,13.7,19.6,10.1,29.1,29.5,21.2,6.1,32.4,15.0,4.3,19.8,5.64,21.2,29.5,6.1,20.5,5.869999999999999,25.0,4.666666666666667,18.6,12.933333333333332,24.189999999999998,-0.15684294778823193,0.6205193005065087,0.13574103265315865,-0.35885753388354563,1.2964204163802804
5,4,Donovan Mitchell,PG,,2019-12-09,UTA,OKC,-8.5,206.0,107.3,7400,9,26.3,32.7,42.0,39.3,5.3,PG/SG,7400,1,31.0,19.0,101,107,-10%,21,20,21,33,34,35,32.7,39.7,30.7,48.7,35.5,41.1,5.6,35.3,37.0,5.0,39.3,5.3,41.1,35.5,5.6,40.2,5.449999999999999,34.0,20.666666666666668,38.4,33.666666666666664,41.97352941176471,1.4515883661540456,1.1876275210685636,1.4822698175950806,1.3488019605363408,0.9622642643188659
5,5,JJ Redick,SG,,2019-12-09,NO,DET,1.0,227.5,113.3,4800,14,19.5,26.5,37.0,23.8,4.95,SG/SF,4800,1,19.0,15.0,101,107,-1%,10,12,11,29,31,29,26.5,24.9,15.0,34.9,30.0,25.2,5.2,21.4,11.5,2.4,23.8,4.95,25.2,30.0,5.2,24.5,5.075,29.666666666666668,11.0,25.16,27.666666666666668,24.775280898876407,0.16974209057568226,0.66777831888668,0.18005718381561575,0.2069124804293056,0.6639105571211749
5,6,Karl-Anthony Towns,C,,2019-12-09,MIN,PHO,4.0,233.0,114.5,9300,14,37.5,49.0,58.8,57.3,6.16,C,9300,0,28.0,29.0,105,107,3%,16,17,18,36,35,34,49.0,55.0,43.7,66.2,34.5,55.4,6.0,34.7,60.3,6.5,57.3,6.16,55.4,34.5,6.0,56.349999999999994,6.08,35.0,17.0,54.05,48.43333333333334,55.544999999999995,2.770175458548349,1.0931094843082212,2.5098709971990605,2.6985429245601398,1.4634984924109884
5,7,Luke Kennard,SG,,2019-12-09,DET,NO,-1.0,227.5,114.3,5500,1,20.8,26.2,32.8,27.5,5.0,SG/SF,5500,2,21.0,16.0,107,112,8%,10,12,13,31,33,34,29.4,29.3,20.5,38.1,32.0,27.2,4.9,25.0,22.8,4.1,27.5,5.0,27.2,32.0,4.9,27.35,4.95,32.666666666666664,11.666666666666666,28.93,26.599999999999998,26.79183673469388,0.4024339304099712,0.856814392407365,0.33274624887682364,0.5320577478011729,0.564459321388611
6,0,Draymond Green,PG,,2019-12-09,GS,MEM,-3.0,219.5,111.3,5800,18,13.5,25.7,33.3,28.8,4.96,PG/SF,5800,2,18.0,13.0,106,110,2%,6,5,8,28,24,28,25.7,28.4,17.1,39.7,28.0,30.5,5.3,33.4,33.8,5.8,28.8,4.96,30.5,28.0,5.3,29.65,5.13,26.666666666666668,6.333333333333333,28.110000000000003,24.166666666666668,31.1325,0.5902203274692217,0.478742245365995,0.6614114928304807,0.4613364960120667,0.7076691008435028
6,1,Jrue Holiday,PG,,2019-12-09,NO,DET,1.0,227.5,113.3,7100,8,22.8,35.5,49.8,41.3,5.81,PG/SG,7100,1,26.0,17.0,101,107,3%,18,19,17,39,39,37,43.4,41.4,30.6,52.1,35.0,40.6,5.7,35.0,38.0,5.4,41.3,5.81,40.6,35.0,5.7,40.95,5.755,38.333333333333336,18.0,41.69,36.03333333333333,37.38913043478261,1.5128230608472797,1.1403685026883925,1.1351494546326573,1.6325494219828773,1.2049252795063223
6,2,Moe Harkless,SF,,2019-12-09,LAC,IND,2.0,217.0,107.5,3500,21,2.8,16.1,27.5,16.0,4.57,SF/PF,3500,0,11.0,9.0,101,102,-27%,6,5,5,29,26,23,16.1,14.6,7.9,21.4,30.5,18.4,5.3,34.8,27.5,7.9,16.0,4.57,18.4,30.5,5.3,17.2,4.9350000000000005,26.0,5.333333333333333,15.440000000000001,15.466666666666669,20.176923076923078,-0.42627560443846124,0.7150373372668513,-0.16812011144202826,-0.6313930895586386,0.5525251731007036
6,3,Domantas Sabonis,PF,,2019-12-09,IND,LAC,-2.0,217.0,109.5,7800,23,32.0,42.3,47.5,44.8,5.74,PF/C,7800,1,24.0,20.0,105,103,2%,14,13,14,36,34,34,42.3,42.9,36.0,49.8,34.5,46.1,5.9,35.8,56.5,7.2,44.8,5.74,46.1,34.5,5.9,45.45,5.82,34.666666666666664,13.666666666666666,43.29,40.6,45.23149038461539,1.8802312290066832,1.0931094843082212,1.7289552830381016,1.770542108400646,1.2566399220872557
6,4,Donovan Mitchell,PG,,2019-12-09,UTA,OKC,-8.5,206.0,107.3,7400,9,26.3,32.7,42.0,39.3,5.3,PG/SG,7400,1,31.0,19.0,101,107,-10%,21,20,21,33,34,35,32.7,39.7,30.7,48.7,35.5,41.1,5.6,35.3,37.0,5.0,39.3,5.3,41.1,35.5,5.6,40.2,5.449999999999999,34.0,20.666666666666668,38.4,33.666666666666664,41.97352941176471,1.4515883661540456,1.1876275210685636,1.4822698175950806,1.3488019605363408,0.9622642643188659
6,5,Cedi Osman,SF,,2019-12-09,CLE,BOS,14.0,216.0,101.0,3700,1,3.5,21.2,36.8,20.0,5.41,SF/PF,3700,1,15.0,10.0,102,101,-1%,9,10,9,29,32,30,25.4,20.8,12.0,29.5,30.5,19.1,5.2,24.3,8.8,2.4,20.0,5.41,19.1,30.5,5.2,19.55,5.305,30.333333333333332,9.333333333333334,21.45,20.5,19.657417582417583,-0.2344068943996615,0.7150373372668513,-0.20745589716206436,-0.11305806120189545,0.8469008308690921
6,6,Karl-Anthony Towns,C,,2019-12-09,MIN,PHO,4.0,233.0,114.5,9300,14,37.5,49.0,58.8,57.3,6.16,C,9300,0,28.0,29.0,105,107,3%,16,17,18,36,35,34,49.0,55.0,43.7,66.2,34.5,55.4,6.0,34.7,60.3,6.5,57.3,6.16,55.4,34.5,6.0,56.349999999999994,6.08,35.0,17.0,54.05,48.43333333333334,55.544999999999995,2.770175458548349,1.0931094843082212,2.5098709971990605,2.6985429245601398,1.4634984924109884
6,7,Danuel House Jr.,SF,,2019-12-09,HOU,SAC,-12.0,225.0,118.5,4900,2,12.0,22.6,36.5,23.3,4.74,SF/PF,4900,1,14.0,15.0,100,108,-14%,9,9,9,29,29,31,22.3,25.3,17.2,33.3,32.0,24.0,4.9,33.7,17.8,3.6,23.3,4.74,24.0,32.0,4.9,23.65,4.82,29.666666666666668,9.0,24.35,23.7,25.510112359550558,0.10034276992335037,0.856814392407365,0.23569696661509068,0.13705368293031037,0.46103003622674466
7,0,Kris Dunn,PG,,2019-12-09,CHI,TOR,6.0,214.5,104.3,5100,16,19.3,23.9,30.8,24.5,4.8,PG/SF,5100,0,17.0,12.0,104,101,-3%,10,8,7,31,29,22,23.9,20.2,12.7,27.7,28.5,25.1,4.9,15.4,8.3,1.6,24.5,4.8,25.1,28.5,4.9,24.8,4.85,27.333333333333332,8.333333333333334,21.86,24.666666666666668,25.858536585365854,0.1942359684529759,0.5260012637461663,0.2620788640758403,-0.07769743530734223,0.4848983328025595
7,1,Jrue Holiday,PG,,2019-12-09,NO,DET,1.0,227.5,113.3,7100,8,22.8,35.5,49.8,41.3,5.81,PG/SG,7100,1,26.0,17.0,101,107,3%,18,19,17,39,39,37,43.4,41.4,30.6,52.1,35.0,40.6,5.7,35.0,38.0,5.4,41.3,5.81,40.6,35.0,5.7,40.95,5.755,38.333333333333336,18.0,41.69,36.03333333333333,37.38913043478261,1.5128230608472797,1.1403685026883925,1.1351494546326573,1.6325494219828773,1.2049252795063223
7,2,Cameron Johnson,SF,,2019-12-09,PHO,MIN,-4.0,233.0,118.5,4200,8,7.5,16.8,32.5,19.3,4.58,SF/PF,4200,1,17.0,14.0,106,107,10%,10,7,7,26,20,20,16.8,16.5,7.2,25.8,23.0,18.6,4.4,26.3,20.3,4.8,19.3,4.58,18.6,23.0,4.4,18.950000000000003,4.49,22.0,8.0,17.05,18.933333333333334,19.811363636363637,-0.2833946501542485,0.006152061564282574,-0.19579944876158828,-0.492537948850759,0.19847877389277596
7,3,Kenrich Williams,SF,,2019-12-09,NO,DET,1.0,227.5,113.3,3500,12,1.3,13.7,23.8,19.8,5.64,SF/PF,3500,1,10.0,11.0,101,107,11%,5,4,5,26,23,26,13.7,19.6,10.1,29.1,29.5,21.2,6.1,32.4,15.0,4.3,19.8,5.64,21.2,29.5,6.1,20.5,5.869999999999999,25.0,4.666666666666667,18.6,12.933333333333332,24.189999999999998,-0.15684294778823193,0.6205193005065087,0.13574103265315865,-0.35885753388354563,1.2964204163802804
7,4,JJ Redick,SG,,2019-12-09,NO,DET,1.0,227.5,113.3,4800,14,19.5,26.5,37.0,23.8,4.95,SG/SF,4800,1,19.0,15.0,101,107,-1%,10,12,11,29,31,29,26.5,24.9,15.0,34.9,30.0,25.2,5.2,21.4,11.5,2.4,23.8,4.95,25.2,30.0,5.2,24.5,5.075,29.666666666666668,11.0,25.16,27.666666666666668,24.775280898876407,0.16974209057568226,0.66777831888668,0.18005718381561575,0.2069124804293056,0.6639105571211749
7,5,Brandon Ingram,SF,,2019-12-09,NO,DET,1.0,227.5,113.3,7500,12,22.0,37.2,47.3,41.8,5.57,SF/PF,7500,1,29.0,22.0,101,107,-1%,11,15,19,28,34,35,37.2,44.2,34.9,53.4,35.5,45.1,6.0,36.9,45.0,6.0,41.8,5.57,45.1,35.5,6.0,43.45,5.785,32.333333333333336,15.0,42.63000000000001,35.5,47.70541237113402,1.716938709824726,1.1876275210685636,1.9162750826918344,1.7136201252533176,1.2287935760821378
7,6,Karl-Anthony Towns,C,,2019-12-09,MIN,PHO,4.0,233.0,114.5,9300,14,37.5,49.0,58.8,57.3,6.16,C,9300,0,28.0,29.0,105,107,3%,16,17,18,36,35,34,49.0,55.0,43.7,66.2,34.5,55.4,6.0,34.7,60.3,6.5,57.3,6.16,55.4,34.5,6.0,56.349999999999994,6.08,35.0,17.0,54.05,48.43333333333334,55.544999999999995,2.770175458548349,1.0931094843082212,2.5098709971990605,2.6985429245601398,1.4634984924109884
7,7,Paul George,SF,,2019-12-09,LAC,IND,2.0,217.0,107.5,7800,21,17.5,35.0,52.5,45.8,5.87,SF/PF,7800,0,31.0,21.0,101,102,-27%,17,16,17,28,30,30,35.0,38.4,27.6,49.2,33.5,44.2,5.7,35.8,62.8,8.1,45.8,5.87,44.2,33.5,5.7,45.0,5.785,29.333333333333332,16.666666666666668,39.040000000000006,35.0,51.39204545454546,1.8434904121907425,0.9985914475478788,2.1954186346488864,1.4039990351034488,1.2287935760821378
8,0,Kris Dunn,PG,,2019-12-09,CHI,TOR,6.0,214.5,104.3,5100,16,19.3,23.9,30.8,24.5,4.8,PG/SF,5100,0,17.0,12.0,104,101,-3%,10,8,7,31,29,22,23.9,20.2,12.7,27.7,28.5,25.1,4.9,15.4,8.3,1.6,24.5,4.8,25.1,28.5,4.9,24.8,4.85,27.333333333333332,8.333333333333334,21.86,24.666666666666668,25.858536585365854,0.1942359684529759,0.5260012637461663,0.2620788640758403,-0.07769743530734223,0.4848983328025595
8,1,JJ Redick,SG,,2019-12-09,NO,DET,1.0,227.5,113.3,4800,14,19.5,26.5,37.0,23.8,4.95,SG/SF,4800,1,19.0,15.0,101,107,-1%,10,12,11,29,31,29,26.5,24.9,15.0,34.9,30.0,25.2,5.2,21.4,11.5,2.4,23.8,4.95,25.2,30.0,5.2,24.5,5.075,29.666666666666668,11.0,25.16,27.666666666666668,24.775280898876407,0.16974209057568226,0.66777831888668,0.18005718381561575,0.2069124804293056,0.6639105571211749
8,2,Brandon Ingram,SF,,2019-12-09,NO,DET,1.0,227.5,113.3,7500,12,22.0,37.2,47.3,41.8,5.57,SF/PF,7500,1,29.0,22.0,101,107,-1%,11,15,19,28,34,35,37.2,44.2,34.9,53.4,35.5,45.1,6.0,36.9,45.0,6.0,41.8,5.57,45.1,35.5,6.0,43.45,5.785,32.333333333333336,15.0,42.63000000000001,35.5,47.70541237113402,1.716938709824726,1.1876275210685636,1.9162750826918344,1.7136201252533176,1.2287935760821378
8,3,Domantas Sabonis,PF,,2019-12-09,IND,LAC,-2.0,217.0,109.5,7800,23,32.0,42.3,47.5,44.8,5.74,PF/C,7800,1,24.0,20.0,105,103,2%,14,13,14,36,34,34,42.3,42.9,36.0,49.8,34.5,46.1,5.9,35.8,56.5,7.2,44.8,5.74,46.1,34.5,5.9,45.45,5.82,34.666666666666664,13.666666666666666,43.29,40.6,45.23149038461539,1.8802312290066832,1.0931094843082212,1.7289552830381016,1.770542108400646,1.2566399220872557
8,4,Lonzo Ball,PG,,2019-12-09,NO,DET,1.0,227.5,113.3,5200,8,10.5,27.5,54.0,30.3,5.82,PG,5200,1,21.0,12.0,101,107,3%,9,11,11,35,31,29,27.5,28.0,16.2,39.7,26.0,26.0,5.0,29.5,20.3,3.9,30.3,5.82,26.0,26.0,5.0,28.15,5.41,31.666666666666668,10.333333333333334,27.910000000000004,30.666666666666668,23.11263157894737,0.46775093808275386,0.28970617184531006,0.05416512286918312,0.4440874102098457,0.9304398688844461
8,5,Kenrich Williams,SF,,2019-12-09,NO,DET,1.0,227.5,113.3,3500,12,1.3,13.7,23.8,19.8,5.64,SF/PF,3500,1,10.0,11.0,101,107,11%,5,4,5,26,23,26,13.7,19.6,10.1,29.1,29.5,21.2,6.1,32.4,15.0,4.3,19.8,5.64,21.2,29.5,6.1,20.5,5.869999999999999,25.0,4.666666666666667,18.6,12.933333333333332,24.189999999999998,-0.15684294778823193,0.6205193005065087,0.13574103265315865,-0.35885753388354563,1.2964204163802804
8,6,Karl-Anthony Towns,C,,2019-12-09,MIN,PHO,4.0,233.0,114.5,9300,14,37.5,49.0,58.8,57.3,6.16,C,9300,0,28.0,29.0,105,107,3%,16,17,18,36,35,34,49.0,55.0,43.7,66.2,34.5,55.4,6.0,34.7,60.3,6.5,57.3,6.16,55.4,34.5,6.0,56.349999999999994,6.08,35.0,17.0,54.05,48.43333333333334,55.544999999999995,2.770175458548349,1.0931094843082212,2.5098709971990605,2.6985429245601398,1.4634984924109884
8,7,Aaron Gordon,SF,,2019-12-09,ORL,MIL,12.5,217.5,102.5,6700,4,21.8,32.5,49.8,32.0,4.78,SF/PF,6700,2,21.0,15.0,107,99,-3%,14,13,12,32,32,32,32.5,30.2,21.0,39.4,31.5,29.8,4.4,38.3,33.8,5.0,32.0,4.78,29.8,31.5,4.4,30.9,4.59,32.0,13.0,30.8,34.699999999999996,30.417187499999997,0.6922781519579448,0.8095553740271938,0.6072496417616161,0.69333670005194,0.2780397624788268
9,0,Jrue Holiday,PG,,2019-12-09,NO,DET,1.0,227.5,113.3,7100,8,22.8,35.5,49.8,41.3,5.81,PG/SG,7100,1,26.0,17.0,101,107,3%,18,19,17,39,39,37,43.4,41.4,30.6,52.1,35.0,40.6,5.7,35.0,38.0,5.4,41.3,5.81,40.6,35.0,5.7,40.95,5.755,38.333333333333336,18.0,41.69,36.03333333333333,37.38913043478261,1.5128230608472797,1.1403685026883925,1.1351494546326573,1.6325494219828773,1.2049252795063223
9,1,JJ Redick,SG,,2019-12-09,NO,DET,1.0,227.5,113.3,4800,14,19.5,26.5,37.0,23.8,4.95,SG/SF,4800,1,19.0,15.0,101,107,-1%,10,12,11,29,31,29,26.5,24.9,15.0,34.9,30.0,25.2,5.2,21.4,11.5,2.4,23.8,4.95,25.2,30.0,5.2,24.5,5.075,29.666666666666668,11.0,25.16,27.666666666666668,24.775280898876407,0.16974209057568226,0.66777831888668,0.18005718381561575,0.2069124804293056,0.6639105571211749
9,2,Jeremy Lamb,SG,,2019-12-09,IND,LAC,-2.0,217.0,109.5,6000,28,22.8,27.4,31.8,28.8,4.79,SG/SF,6000,1,20.0,16.0,105,103,0%,13,11,13,34,33,33,27.4,30.4,23.9,36.8,32.0,29.7,4.9,23.6,18.5,3.1,28.8,4.79,29.7,32.0,4.9,29.25,4.845000000000001,33.333333333333336,12.333333333333334,29.55,27.333333333333332,28.08,0.5575618236328304,0.856814392407365,0.4302830693963754,0.5855299137880583,0.4809202833732577
9,3,Cedi Osman,SF,,2019-12-09,CLE,BOS,14.0,216.0,101.0,3700,1,3.5,21.2,36.8,20.0,5.41,SF/PF,3700,1,15.0,10.0,102,101,-1%,9,10,9,29,32,30,25.4,20.8,12.0,29.5,30.5,19.1,5.2,24.3,8.8,2.4,20.0,5.41,19.1,30.5,5.2,19.55,5.305,30.333333333333332,9.333333333333334,21.45,20.5,19.657417582417583,-0.2344068943996615,0.7150373372668513,-0.20745589716206436,-0.11305806120189545,0.8469008308690921
9,4,Donovan Mitchell,PG,,2019-12-09,UTA,OKC,-8.5,206.0,107.3,7400,9,26.3,32.7,42.0,39.3,5.3,PG/SG,7400,1,31.0,19.0,101,107,-10%,21,20,21,33,34,35,32.7,39.7,30.7,48.7,35.5,41.1,5.6,35.3,37.0,5.0,39.3,5.3,41.1,35.5,5.6,40.2,5.449999999999999,34.0,20.666666666666668,38.4,33.666666666666664,41.97352941176471,1.4515883661540456,1.1876275210685636,1.4822698175950806,1.3488019605363408,0.9622642643188659
9,5,Domantas Sabonis,PF,,2019-12-09,IND,LAC,-2.0,217.0,109.5,7800,23,32.0,42.3,47.5,44.8,5.74,PF/C,7800,1,24.0,20.0,105,103,2%,14,13,14,36,34,34,42.3,42.9,36.0,49.8,34.5,46.1,5.9,35.8,56.5,7.2,44.8,5.74,46.1,34.5,5.9,45.45,5.82,34.666666666666664,13.666666666666666,43.29,40.6,45.23149038461539,1.8802312290066832,1.0931094843082212,1.7289552830381016,1.770542108400646,1.2566399220872557
9,6,Serge Ibaka,PF,,2019-12-09,TOR,CHI,-6.0,214.5,110.3,4700,8,15.0,21.7,26.3,26.0,5.53,PF/C,4700,0,26.0,17.0,104,105,13%,13,13,11,23,22,24,25.8,26.2,20.5,31.9,24.5,27.9,5.9,18.5,31.0,6.6,26.0,5.53,27.9,24.5,5.9,26.95,5.715,23.0,12.333333333333334,26.27,21.0,28.707608695652173,0.36977542657357965,0.1479291167047963,0.4778041859761042,0.3026449066316325,1.1731008840719017
9,7,Paul George,SF,,2019-12-09,LAC,IND,2.0,217.0,107.5,7800,21,17.5,35.0,52.5,45.8,5.87,SF/PF,7800,0,31.0,21.0,101,102,-27%,17,16,17,28,30,30,35.0,38.4,27.6,49.2,33.5,44.2,5.7,35.8,62.8,8.1,45.8,5.87,44.2,33.5,5.7,45.0,5.785,29.333333333333332,16.666666666666668,39.040000000000006,35.0,51.39204545454546,1.8434904121907425,0.9985914475478788,2.1954186346488864,1.4039990351034488,1.2287935760821378
10,0,Derrick Rose,PG,,2019-12-09,DET,NO,-1.0,227.5,114.3,5600,30,25.5,29.5,32.5,27.5,4.91,PG/SG,5600,2,32.0,22.0,107,112,13%,16,13,13,26,23,24,29.5,28.5,20.7,36.3,25.5,28.4,5.1,28.4,36.8,6.6,27.5,4.91,28.4,25.5,5.1,27.95,5.005,24.333333333333332,14.0,28.589999999999996,29.166666666666668,29.290068493150688,0.4514216861645582,0.24244715346513881,0.5219067296975063,0.5027343019373968,0.6082178651109389
10,1,Jrue Holiday,PG,,2019-12-09,NO,DET,1.0,227.5,113.3,7100,8,22.8,35.5,49.8,41.3,5.81,PG/SG,7100,1,26.0,17.0,101,107,3%,18,19,17,39,39,37,43.4,41.4,30.6,52.1,35.0,40.6,5.7,35.0,38.0,5.4,41.3,5.81,40.6,35.0,5.7,40.95,5.755,38.333333333333336,18.0,41.69,36.03333333333333,37.38913043478261,1.5128230608472797,1.1403685026883925,1.1351494546326573,1.6325494219828773,1.2049252795063223
10,2,Moe Harkless,SF,,2019-12-09,LAC,IND,2.0,217.0,107.5,3500,21,2.8,16.1,27.5,16.0,4.57,SF/PF,3500,0,11.0,9.0,101,102,-27%,6,5,5,29,26,23,16.1,14.6,7.9,21.4,30.5,18.4,5.3,34.8,27.5,7.9,16.0,4.57,18.4,30.5,5.3,17.2,4.9350000000000005,26.0,5.333333333333333,15.440000000000001,15.466666666666669,20.176923076923078,-0.42627560443846124,0.7150373372668513,-0.16812011144202826,-0.6313930895586386,0.5525251731007036
10,3,Jaren Jackson Jr.,PF,,2019-12-09,MEM,GS,3.0,219.5,108.3,6300,21,18.0,31.9,45.0,32.8,5.2,PF/C,6300,1,24.0,15.0,103,111,1%,19,16,13,29,28,27,31.9,27.8,16.6,38.9,30.0,30.9,4.9,29.4,30.3,4.8,32.8,5.2,30.9,30.0,4.9,31.849999999999998,5.050000000000001,28.0,16.0,29.409999999999997,31.633333333333336,34.125,0.7698420985693745,0.66777831888668,0.8879968514305002,0.5734555537265031,0.6440203099746625
10,4,Kyle Lowry,PG,,2019-12-09,TOR,CHI,-6.0,214.5,110.3,6800,7,18.5,36.5,45.0,33.8,4.96,PG,6800,0,24.0,19.0,104,105,-12%,11,15,15,40,40,39,43.0,42.6,37.8,47.4,37.5,37.8,5.6,38.5,31.8,4.7,33.8,4.96,37.8,37.5,5.6,35.8,5.279999999999999,39.666666666666664,13.666666666666666,41.32000000000001,33.333333333333336,33.84453781512605,1.0923448239537397,1.3766635945892487,0.8667608866073061,1.6006386132487693,0.8270105837225791
10,5,Brandon Ingram,SF,,2019-12-09,NO,DET,1.0,227.5,113.3,7500,12,22.0,37.2,47.3,41.8,5.57,SF/PF,7500,1,29.0,22.0,101,107,-1%,11,15,19,28,34,35,37.2,44.2,34.9,53.4,35.5,45.1,6.0,36.9,45.0,6.0,41.8,5.57,45.1,35.5,6.0,43.45,5.785,32.333333333333336,15.0,42.63000000000001,35.5,47.70541237113402,1.716938709824726,1.1876275210685636,1.9162750826918344,1.7136201252533176,1.2287935760821378
10,6,Domantas Sabonis,PF,,2019-12-09,IND,LAC,-2.0,217.0,109.5,7800,23,32.0,42.3,47.5,44.8,5.74,PF/C,7800,1,24.0,20.0,105,103,2%,14,13,14,36,34,34,42.3,42.9,36.0,49.8,34.5,46.1,5.9,35.8,56.5,7.2,44.8,5.74,46.1,34.5,5.9,45.45,5.82,34.666666666666664,13.666666666666666,43.29,40.6,45.23149038461539,1.8802312290066832,1.0931094843082212,1.7289552830381016,1.770542108400646,1.2566399220872557
10,7,JJ Redick,SG,,2019-12-09,NO,DET,1.0,227.5,113.3,4800,14,19.5,26.5,37.0,23.8,4.95,SG/SF,4800,1,19.0,15.0,101,107,-1%,10,12,11,29,31,29,26.5,24.9,15.0,34.9,30.0,25.2,5.2,21.4,11.5,2.4,23.8,4.95,25.2,30.0,5.2,24.5,5.075,29.666666666666668,11.0,25.16,27.666666666666668,24.775280898876407,0.16974209057568226,0.66777831888668,0.18005718381561575,0.2069124804293056,0.6639105571211749
11,0,Lou Williams,PG,,2019-12-09,LAC,IND,2.0,217.0,107.5,6500,14,14.8,24.8,34.3,35.5,5.46,PG/SG,6500,0,31.0,18.0,101,102,-2%,15,13,16,27,26,31,24.8,34.6,24.4,44.8,31.5,34.6,5.3,32.5,17.8,2.7,35.5,5.46,34.6,31.5,5.3,35.05,5.38,28.0,14.666666666666666,32.73,24.633333333333336,39.43125,1.0311101292605058,0.8095553740271938,1.2897741476949458,0.8597903780433731,0.9065715723086306
11,1,JJ Redick,SG,,2019-12-09,NO,DET,1.0,227.5,113.3,4800,14,19.5,26.5,37.0,23.8,4.95,SG/SF,4800,1,19.0,15.0,101,107,-1%,10,12,11,29,31,29,26.5,24.9,15.0,34.9,30.0,25.2,5.2,21.4,11.5,2.4,23.8,4.95,25.2,30.0,5.2,24.5,5.075,29.666666666666668,11.0,25.16,27.666666666666668,24.775280898876407,0.16974209057568226,0.66777831888668,0.18005718381561575,0.2069124804293056,0.6639105571211749
11,2,Kyle Korver,SG,,2019-12-09,MIL,ORL,-12.5,217.5,115.0,3000,11,3.5,11.5,16.5,13.8,4.58,SG/SF,3000,2,15.0,9.0,100,103,-3%,2,4,5,20,17,16,11.4,10.8,5.7,15.8,16.5,12.3,4.1,11.3,2.0,0.7,13.8,4.58,12.3,16.5,4.1,13.05,4.34,17.666666666666668,3.6666666666666665,11.35,10.5,12.188207547169812,-0.7651075817410221,-0.6082151773779436,-0.7730076546542886,-0.9841368942140598,0.079137291013699
11,3,Paul George,SF,,2019-12-09,LAC,IND,2.0,217.0,107.5,7800,21,17.5,35.0,52.5,45.8,5.87,SF/PF,7800,0,31.0,21.0,101,102,-27%,17,16,17,28,30,30,35.0,38.4,27.6,49.2,33.5,44.2,5.7,35.8,62.8,8.1,45.8,5.87,44.2,33.5,5.7,45.0,5.785,29.333333333333332,16.666666666666668,39.040000000000006,35.0,51.39204545454546,1.8434904121907425,0.9985914475478788,2.1954186346488864,1.4039990351034488,1.2287935760821378
11,4,Kyle Lowry,PG,,2019-12-09,TOR,CHI,-6.0,214.5,110.3,6800,7,18.5,36.5,45.0,33.8,4.96,PG,6800,0,24.0,19.0,104,105,-12%,11,15,15,40,40,39,43.0,42.6,37.8,47.4,37.5,37.8,5.6,38.5,31.8,4.7,33.8,4.96,37.8,37.5,5.6,35.8,5.279999999999999,39.666666666666664,13.666666666666666,41.32000000000001,33.333333333333336,33.84453781512605,1.0923448239537397,1.3766635945892487,0.8667608866073061,1.6006386132487693,0.8270105837225791
11,5,Brandon Ingram,SF,,2019-12-09,NO,DET,1.0,227.5,113.3,7500,12,22.0,37.2,47.3,41.8,5.57,SF/PF,7500,1,29.0,22.0,101,107,-1%,11,15,19,28,34,35,37.2,44.2,34.9,53.4,35.5,45.1,6.0,36.9,45.0,6.0,41.8,5.57,45.1,35.5,6.0,43.45,5.785,32.333333333333336,15.0,42.63000000000001,35.5,47.70541237113402,1.716938709824726,1.1876275210685636,1.9162750826918344,1.7136201252533176,1.2287935760821378
11,6,Domantas Sabonis,PF,,2019-12-09,IND,LAC,-2.0,217.0,109.5,7800,23,32.0,42.3,47.5,44.8,5.74,PF/C,7800,1,24.0,20.0,105,103,2%,14,13,14,36,34,34,42.3,42.9,36.0,49.8,34.5,46.1,5.9,35.8,56.5,7.2,44.8,5.74,46.1,34.5,5.9,45.45,5.82,34.666666666666664,13.666666666666666,43.29,40.6,45.23149038461539,1.8802312290066832,1.0931094843082212,1.7289552830381016,1.770542108400646,1.2566399220872557
11,7,Collin Sexton,PG,,2019-12-09,CLE,BOS,14.0,216.0,101.0,5300,3,14.5,28.2,35.8,26.3,4.95,PG/SG,5300,1,27.0,15.0,102,101,-11%,15,15,16,28,31,30,28.1,26.7,20.4,33.1,31.0,26.0,4.9,29.6,17.0,3.2,26.3,4.95,26.0,31.0,4.9,26.15,4.925000000000001,29.666666666666668,15.333333333333334,26.890000000000004,26.166666666666668,27.325280898876404,0.3044584189007967,0.7622963556470225,0.37313743926425375,0.35611707261851827,0.5445690742420987
12,0,Kris Dunn,PG,,2019-12-09,CHI,TOR,6.0,214.5,104.3,5100,16,19.3,23.9,30.8,24.5,4.8,PG/SF,5100,0,17.0,12.0,104,101,-3%,10,8,7,31,29,22,23.9,20.2,12.7,27.7,28.5,25.1,4.9,15.4,8.3,1.6,24.5,4.8,25.1,28.5,4.9,24.8,4.85,27.333333333333332,8.333333333333334,21.86,24.666666666666668,25.858536585365854,0.1942359684529759,0.5260012637461663,0.2620788640758403,-0.07769743530734223,0.4848983328025595
12,1,JJ Redick,SG,,2019-12-09,NO,DET,1.0,227.5,113.3,4800,14,19.5,26.5,37.0,23.8,4.95,SG/SF,4800,1,19.0,15.0,101,107,-1%,10,12,11,29,31,29,26.5,24.9,15.0,34.9,30.0,25.2,5.2,21.4,11.5,2.4,23.8,4.95,25.2,30.0,5.2,24.5,5.075,29.666666666666668,11.0,25.16,27.666666666666668,24.775280898876407,0.16974209057568226,0.66777831888668,0.18005718381561575,0.2069124804293056,0.6639105571211749
12,2,Brandon Ingram,SF,,2019-12-09,NO,DET,1.0,227.5,113.3,7500,12,22.0,37.2,47.3,41.8,5.57,SF/PF,7500,1,29.0,22.0,101,107,-1%,11,15,19,28,34,35,37.2,44.2,34.9,53.4,35.5,45.1,6.0,36.9,45.0,6.0,41.8,5.57,45.1,35.5,6.0,43.45,5.785,32.333333333333336,15.0,42.63000000000001,35.5,47.70541237113402,1.716938709824726,1.1876275210685636,1.9162750826918344,1.7136201252533176,1.2287935760821378
12,3,Lauri Markkanen,PF,,2019-12-09,CHI,TOR,6.0,214.5,104.3,6100,11,27.8,31.2,37.3,29.8,4.88,PF/C,6100,0,21.0,12.0,104,101,10%,16,13,12,37,33,30,31.2,28.1,17.8,38.5,32.0,30.0,4.9,32.5,25.0,4.1,29.8,4.88,30.0,32.0,4.9,29.9,4.890000000000001,33.333333333333336,13.666666666666666,29.1,32.1,28.703999999999997,0.6106318923669664,0.856814392407365,0.4775309436708656,0.5467194707330609,0.5167227282369806
12,4,Derrick Rose,PG,,2019-12-09,DET,NO,-1.0,227.5,114.3,5600,30,25.5,29.5,32.5,27.5,4.91,PG/SG,5600,2,32.0,22.0,107,112,13%,16,13,13,26,23,24,29.5,28.5,20.7,36.3,25.5,28.4,5.1,28.4,36.8,6.6,27.5,4.91,28.4,25.5,5.1,27.95,5.005,24.333333333333332,14.0,28.589999999999996,29.166666666666668,29.290068493150688,0.4514216861645582,0.24244715346513881,0.5219067296975063,0.5027343019373968,0.6082178651109389
12,5,Cameron Johnson,SF,,2019-12-09,PHO,MIN,-4.0,233.0,118.5,4200,8,7.5,16.8,32.5,19.3,4.58,SF/PF,4200,1,17.0,14.0,106,107,10%,10,7,7,26,20,20,16.8,16.5,7.2,25.8,23.0,18.6,4.4,26.3,20.3,4.8,19.3,4.58,18.6,23.0,4.4,18.950000000000003,4.49,22.0,8.0,17.05,18.933333333333334,19.811363636363637,-0.2833946501542485,0.006152061564282574,-0.19579944876158828,-0.492537948850759,0.19847877389277596
12,6,Karl-Anthony Towns,C,,2019-12-09,MIN,PHO,4.0,233.0,114.5,9300,14,37.5,49.0,58.8,57.3,6.16,C,9300,0,28.0,29.0,105,107,3%,16,17,18,36,35,34,49.0,55.0,43.7,66.2,34.5,55.4,6.0,34.7,60.3,6.5,57.3,6.16,55.4,34.5,6.0,56.349999999999994,6.08,35.0,17.0,54.05,48.43333333333334,55.544999999999995,2.770175458548349,1.0931094843082212,2.5098709971990605,2.6985429245601398,1.4634984924109884
12,7,Jrue Holiday,PG,,2019-12-09,NO,DET,1.0,227.5,113.3,7100,8,22.8,35.5,49.8,41.3,5.81,PG/SG,7100,1,26.0,17.0,101,107,3%,18,19,17,39,39,37,43.4,41.4,30.6,52.1,35.0,40.6,5.7,35.0,38.0,5.4,41.3,5.81,40.6,35.0,5.7,40.95,5.755,38.333333333333336,18.0,41.69,36.03333333333333,37.38913043478261,1.5128230608472797,1.1403685026883925,1.1351494546326573,1.6325494219828773,1.2049252795063223
13,0,Kyle Lowry,PG,,2019-12-09,TOR,CHI,-6.0,214.5,110.3,6800,7,18.5,36.5,45.0,33.8,4.96,PG,6800,0,24.0,19.0,104,105,-12%,11,15,15,40,40,39,43.0,42.6,37.8,47.4,37.5,37.8,5.6,38.5,31.8,4.7,33.8,4.96,37.8,37.5,5.6,35.8,5.279999999999999,39.666666666666664,13.666666666666666,41.32000000000001,33.333333333333336,33.84453781512605,1.0923448239537397,1.3766635945892487,0.8667608866073061,1.6006386132487693,0.8270105837225791
13,1,Jrue Holiday,PG,,2019-12-09,NO,DET,1.0,227.5,113.3,7100,8,22.8,35.5,49.8,41.3,5.81,PG/SG,7100,1,26.0,17.0,101,107,3%,18,19,17,39,39,37,43.4,41.4,30.6,52.1,35.0,40.6,5.7,35.0,38.0,5.4,41.3,5.81,40.6,35.0,5.7,40.95,5.755,38.333333333333336,18.0,41.69,36.03333333333333,37.38913043478261,1.5128230608472797,1.1403685026883925,1.1351494546326573,1.6325494219828773,1.2049252795063223
13,2,Bojan Bogdanovic,SF,,2019-12-09,UTA,OKC,-8.5,206.0,107.3,6300,19,10.5,29.4,49.0,30.5,4.84,SF/PF,6300,1,25.0,17.0,101,107,2%,14,15,15,33,33,34,29.4,31.9,21.7,42.0,34.0,32.9,5.2,31.9,22.3,3.5,30.5,4.84,32.9,34.0,5.2,31.7,5.02,33.333333333333336,14.666666666666666,31.339999999999996,29.633333333333336,32.333999999999996,0.7575951596307278,1.04585046592805,0.7523863661330447,0.7399092317179365,0.6201520133988463
13,3,Cameron Johnson,SF,,2019-12-09,PHO,MIN,-4.0,233.0,118.5,4200,8,7.5,16.8,32.5,19.3,4.58,SF/PF,4200,1,17.0,14.0,106,107,10%,10,7,7,26,20,20,16.8,16.5,7.2,25.8,23.0,18.6,4.4,26.3,20.3,4.8,19.3,4.58,18.6,23.0,4.4,18.950000000000003,4.49,22.0,8.0,17.05,18.933333333333334,19.811363636363637,-0.2833946501542485,0.006152061564282574,-0.19579944876158828,-0.492537948850759,0.19847877389277596
13,4,JJ Redick,SG,,2019-12-09,NO,DET,1.0,227.5,113.3,4800,14,19.5,26.5,37.0,23.8,4.95,SG/SF,4800,1,19.0,15.0,101,107,-1%,10,12,11,29,31,29,26.5,24.9,15.0,34.9,30.0,25.2,5.2,21.4,11.5,2.4,23.8,4.95,25.2,30.0,5.2,24.5,5.075,29.666666666666668,11.0,25.16,27.666666666666668,24.775280898876407,0.16974209057568226,0.66777831888668,0.18005718381561575,0.2069124804293056,0.6639105571211749
13,5,Brandon Ingram,SF,,2019-12-09,NO,DET,1.0,227.5,113.3,7500,12,22.0,37.2,47.3,41.8,5.57,SF/PF,7500,1,29.0,22.0,101,107,-1%,11,15,19,28,34,35,37.2,44.2,34.9,53.4,35.5,45.1,6.0,36.9,45.0,6.0,41.8,5.57,45.1,35.5,6.0,43.45,5.785,32.333333333333336,15.0,42.63000000000001,35.5,47.70541237113402,1.716938709824726,1.1876275210685636,1.9162750826918344,1.7136201252533176,1.2287935760821378
13,6,Domantas Sabonis,PF,,2019-12-09,IND,LAC,-2.0,217.0,109.5,7800,23,32.0,42.3,47.5,44.8,5.74,PF/C,7800,1,24.0,20.0,105,103,2%,14,13,14,36,34,34,42.3,42.9,36.0,49.8,34.5,46.1,5.9,35.8,56.5,7.2,44.8,5.74,46.1,34.5,5.9,45.45,5.82,34.666666666666664,13.666666666666666,43.29,40.6,45.23149038461539,1.8802312290066832,1.0931094843082212,1.7289552830381016,1.770542108400646,1.2566399220872557
13,7,Cedi Osman,SF,,2019-12-09,CLE,BOS,14.0,216.0,101.0,3700,1,3.5,21.2,36.8,20.0,5.41,SF/PF,3700,1,15.0,10.0,102,101,-1%,9,10,9,29,32,30,25.4,20.8,12.0,29.5,30.5,19.1,5.2,24.3,8.8,2.4,20.0,5.41,19.1,30.5,5.2,19.55,5.305,30.333333333333332,9.333333333333334,21.45,20.5,19.657417582417583,-0.2344068943996615,0.7150373372668513,-0.20745589716206436,-0.11305806120189545,0.8469008308690921
14,0,Lonzo Ball,PG,,2019-12-09,NO,DET,1.0,227.5,113.3,5200,8,10.5,27.5,54.0,30.3,5.82,PG,5200,1,21.0,12.0,101,107,3%,9,11,11,35,31,29,27.5,28.0,16.2,39.7,26.0,26.0,5.0,29.5,20.3,3.9,30.3,5.82,26.0,26.0,5.0,28.15,5.41,31.666666666666668,10.333333333333334,27.910000000000004,30.666666666666668,23.11263157894737,0.46775093808275386,0.28970617184531006,0.05416512286918312,0.4440874102098457,0.9304398688844461
14,1,Luke Kennard,SG,,2019-12-09,DET,NO,-1.0,227.5,114.3,5500,1,20.8,26.2,32.8,27.5,5.0,SG/SF,5500,2,21.0,16.0,107,112,8%,10,12,13,31,33,34,29.4,29.3,20.5,38.1,32.0,27.2,4.9,25.0,22.8,4.1,27.5,5.0,27.2,32.0,4.9,27.35,4.95,32.666666666666664,11.666666666666666,28.93,26.599999999999998,26.79183673469388,0.4024339304099712,0.856814392407365,0.33274624887682364,0.5320577478011729,0.564459321388611
14,2,Jeremy Lamb,SG,,2019-12-09,IND,LAC,-2.0,217.0,109.5,6000,28,22.8,27.4,31.8,28.8,4.79,SG/SF,6000,1,20.0,16.0,105,103,0%,13,11,13,34,33,33,27.4,30.4,23.9,36.8,32.0,29.7,4.9,23.6,18.5,3.1,28.8,4.79,29.7,32.0,4.9,29.25,4.845000000000001,33.333333333333336,12.333333333333334,29.55,27.333333333333332,28.08,0.5575618236328304,0.856814392407365,0.4302830693963754,0.5855299137880583,0.4809202833732577
14,3,Kenrich Williams,SF,,2019-12-09,NO,DET,1.0,227.5,113.3,3500,12,1.3,13.7,23.8,19.8,5.64,SF/PF,3500,1,10.0,11.0,101,107,11%,5,4,5,26,23,26,13.7,19.6,10.1,29.1,29.5,21.2,6.1,32.4,15.0,4.3,19.8,5.64,21.2,29.5,6.1,20.5,5.869999999999999,25.0,4.666666666666667,18.6,12.933333333333332,24.189999999999998,-0.15684294778823193,0.6205193005065087,0.13574103265315865,-0.35885753388354563,1.2964204163802804
14,4,Lou Williams,PG,,2019-12-09,LAC,IND,2.0,217.0,107.5,6500,14,14.8,24.8,34.3,35.5,5.46,PG/SG,6500,0,31.0,18.0,101,102,-2%,15,13,16,27,26,31,24.8,34.6,24.4,44.8,31.5,34.6,5.3,32.5,17.8,2.7,35.5,5.46,34.6,31.5,5.3,35.05,5.38,28.0,14.666666666666666,32.73,24.633333333333336,39.43125,1.0311101292605058,0.8095553740271938,1.2897741476949458,0.8597903780433731,0.9065715723086306
14,5,Moe Harkless,SF,,2019-12-09,LAC,IND,2.0,217.0,107.5,3500,21,2.8,16.1,27.5,16.0,4.57,SF/PF,3500,0,11.0,9.0,101,102,-27%,6,5,5,29,26,23,16.1,14.6,7.9,21.4,30.5,18.4,5.3,34.8,27.5,7.9,16.0,4.57,18.4,30.5,5.3,17.2,4.9350000000000005,26.0,5.333333333333333,15.440000000000001,15.466666666666669,20.176923076923078,-0.42627560443846124,0.7150373372668513,-0.16812011144202826,-0.6313930895586386,0.5525251731007036
14,6,Domantas Sabonis,PF,,2019-12-09,IND,LAC,-2.0,217.0,109.5,7800,23,32.0,42.3,47.5,44.8,5.74,PF/C,7800,1,24.0,20.0,105,103,2%,14,13,14,36,34,34,42.3,42.9,36.0,49.8,34.5,46.1,5.9,35.8,56.5,7.2,44.8,5.74,46.1,34.5,5.9,45.45,5.82,34.666666666666664,13.666666666666666,43.29,40.6,45.23149038461539,1.8802312290066832,1.0931094843082212,1.7289552830381016,1.770542108400646,1.2566399220872557
14,7,Russell Westbrook,PG,,2019-12-09,HOU,SAC,-12.0,225.0,118.5,9600,24,35.5,52.3,69.5,47.5,4.95,PG,9600,1,33.0,17.0,100,108,-6%,23,21,20,36,37,34,53.2,47.5,33.6,61.3,35.5,48.6,5.1,36.1,51.8,5.4,47.5,4.95,48.6,35.5,5.1,48.05,5.025,35.666666666666664,21.333333333333332,48.73,52.43333333333334,47.825467289719626,2.0925115039432267,1.1876275210685636,1.9253653706715892,2.2397172422210594,0.6241300628281495
15,0,Shai Gilgeous-Alexander,PG,,2019-12-09,OKC,UTA,8.5,206.0,98.8,6600,11,18.3,31.2,39.3,30.0,4.55,PG/SG,6600,0,24.0,15.0,103,103,-14%,14,15,16,40,37,35,31.1,32.1,22.0,42.2,36.5,32.7,5.0,33.5,36.5,5.5,30.0,4.55,32.7,36.5,5.0,31.35,4.775,37.333333333333336,15.0,31.75,29.599999999999998,30.650223214285713,0.7290189687738854,1.2821455578289063,0.6248945810725738,0.7752698576124901,0.42522759136302174
15,1,Dillon Brooks,SG,,2019-12-09,MEM,GS,3.0,219.5,108.3,4500,15,15.3,24.3,34.5,21.8,4.83,SG/SF,4500,1,22.0,11.0,103,111,4%,10,14,12,23,27,27,24.3,23.4,14.2,32.6,27.5,23.0,5.1,30.7,28.8,6.4,21.8,4.83,23.0,27.5,5.1,22.4,4.965,25.666666666666668,12.0,23.380000000000003,24.7,24.0,-0.0017150545653728155,0.4314832269858238,0.12135466067855441,0.053395616789538226,0.5763934696765184
15,2,Harrison Barnes,SF,,2019-12-09,SAC,HOU,12.0,225.0,106.5,6000,15,19.0,30.3,40.8,28.3,4.71,SF/PF,6000,0,19.0,16.0,108,106,11%,15,15,12,40,39,36,30.3,29.2,22.1,36.2,35.5,28.5,4.8,33.4,35.5,5.9,28.3,4.71,28.5,35.5,4.8,28.4,4.755,38.333333333333336,14.0,29.240000000000002,30.03333333333333,26.30086956521739,0.4881625029804985,1.1876275210685636,0.29557132083783705,0.5587938307946158,0.40931539364581115
15,3,Jae Crowder,SF,,2019-12-09,MEM,GS,3.0,219.5,108.3,5200,20,11.0,24.7,31.5,27.3,5.24,SF/PF,5200,1,16.0,11.0,103,111,1%,12,10,9,32,31,31,24.7,25.7,16.8,34.6,32.0,25.3,4.9,30.3,18.3,3.5,27.3,5.24,25.3,32.0,4.9,26.3,5.07,31.333333333333332,10.333333333333334,25.619999999999997,22.400000000000002,26.859574468085107,0.3167053578394437,0.856814392407365,0.33787519745199607,0.24658537777441386,0.6599325076918724
15,4,Jeff Teague,PG,,2019-12-09,MIN,PHO,4.0,233.0,114.5,6200,29,12.8,26.4,55.8,28.5,4.6,PG,6200,0,21.0,17.0,105,107,7%,14,9,10,32,30,30,26.4,29.4,18.1,40.6,26.0,24.9,4.0,27.8,28.8,4.6,28.5,4.6,24.9,26.0,4.0,26.7,4.3,30.666666666666668,11.0,28.24,31.666666666666668,22.63695652173913,0.349363861675835,0.28970617184531006,0.01814807912160965,0.47254840178351004,0.04731289557927853
15,5,Evan Fournier,SG,,2019-12-09,ORL,MIL,12.5,217.5,102.5,6500,5,25.5,34.7,41.0,30.8,4.73,SG/SF,6500,2,26.0,19.0,107,99,-14%,15,16,14,28,32,31,34.5,30.9,21.6,40.1,34.5,31.6,4.9,32.0,38.0,5.8,30.8,4.73,31.6,34.5,4.9,31.200000000000003,4.815,30.333333333333332,15.0,31.660000000000004,33.733333333333334,35.48571428571429,0.7167720298352388,1.0931094843082212,0.9910270717749418,0.7675077690014909,0.4570519867974422
15,6,Wendell Carter Jr.,PF,,2019-12-09,CHI,TOR,6.0,214.5,104.3,6200,11,21.5,29.3,39.3,32.8,5.28,PF/C,6200,0,16.0,17.0,104,101,10%,4,8,9,38,36,31,29.3,30.0,21.7,38.4,33.5,31.9,5.1,24.8,25.0,4.0,32.8,5.28,31.9,33.5,5.1,32.349999999999994,5.1899999999999995,35.0,7.0,30.35,30.03333333333333,30.963571428571424,0.8106652283648634,0.9985914475478788,0.6486206019583226,0.6545262569969427,0.7554056939951331
15,7,Derrick Rose,PG,,2019-12-09,DET,NO,-1.0,227.5,114.3,5600,30,25.5,29.5,32.5,27.5,4.91,PG/SG,5600,2,32.0,22.0,107,112,13%,16,13,13,26,23,24,29.5,28.5,20.7,36.3,25.5,28.4,5.1,28.4,36.8,6.6,27.5,4.91,28.4,25.5,5.1,27.95,5.005,24.333333333333332,14.0,28.589999999999996,29.166666666666668,29.290068493150688,0.4514216861645582,0.24244715346513881,0.5219067296975063,0.5027343019373968,0.6082178651109389
16,0,Patrick Beverley,PG,,2019-12-09,LAC,IND,2.0,217.0,107.5,5000,14,14.5,20.9,25.3,23.5,4.7,PG/SG,5000,0,14.0,10.0,101,102,-4%,6,6,7,27,28,30,20.9,23.9,13.1,34.7,31.5,24.2,4.8,39.3,40.0,8.0,23.5,4.7,24.2,31.5,4.8,23.85,4.75,28.333333333333332,6.333333333333333,23.29,20.233333333333334,26.51558823529412,0.11667202184154632,0.8095553740271938,0.31182933482529085,0.04563352817853845,0.4053373442165087
16,1,Kyle Korver,SG,,2019-12-09,MIL,ORL,-12.5,217.5,115.0,3000,11,3.5,11.5,16.5,13.8,4.58,SG/SF,3000,2,15.0,9.0,100,103,-3%,2,4,5,20,17,16,11.4,10.8,5.7,15.8,16.5,12.3,4.1,11.3,2.0,0.7,13.8,4.58,12.3,16.5,4.1,13.05,4.34,17.666666666666668,3.6666666666666665,11.35,10.5,12.188207547169812,-0.7651075817410221,-0.6082151773779436,-0.7730076546542886,-0.9841368942140598,0.079137291013699
16,2,Draymond Green,PG,,2019-12-09,GS,MEM,-3.0,219.5,111.3,5800,18,13.5,25.7,33.3,28.8,4.96,PG/SF,5800,2,18.0,13.0,106,110,2%,6,5,8,28,24,28,25.7,28.4,17.1,39.7,28.0,30.5,5.3,33.4,33.8,5.8,28.8,4.96,30.5,28.0,5.3,29.65,5.13,26.666666666666668,6.333333333333333,28.110000000000003,24.166666666666668,31.1325,0.5902203274692217,0.478742245365995,0.6614114928304807,0.4613364960120667,0.7076691008435028
16,3,Lauri Markkanen,PF,,2019-12-09,CHI,TOR,6.0,214.5,104.3,6100,11,27.8,31.2,37.3,29.8,4.88,PF/C,6100,0,21.0,12.0,104,101,10%,16,13,12,37,33,30,31.2,28.1,17.8,38.5,32.0,30.0,4.9,32.5,25.0,4.1,29.8,4.88,30.0,32.0,4.9,29.9,4.890000000000001,33.333333333333336,13.666666666666666,29.1,32.1,28.703999999999997,0.6106318923669664,0.856814392407365,0.4775309436708656,0.5467194707330609,0.5167227282369806
16,4,Russell Westbrook,PG,,2019-12-09,HOU,SAC,-12.0,225.0,118.5,9600,24,35.5,52.3,69.5,47.5,4.95,PG,9600,1,33.0,17.0,100,108,-6%,23,21,20,36,37,34,53.2,47.5,33.6,61.3,35.5,48.6,5.1,36.1,51.8,5.4,47.5,4.95,48.6,35.5,5.1,48.05,5.025,35.666666666666664,21.333333333333332,48.73,52.43333333333334,47.825467289719626,2.0925115039432267,1.1876275210685636,1.9253653706715892,2.2397172422210594,0.6241300628281495
16,5,Noah Vonleh,PF,,2019-12-09,MIN,PHO,4.0,233.0,114.5,3200,3,2.0,8.3,18.0,2.3,0.7,PF/C,3200,0,15.0,12.0,105,107,1%,3,2,3,10,12,13,9.1,10.8,5.3,16.4,0.0,0.0,0.0,1.1,1.3,0.4,2.3,0.7,0.0,0.0,0.0,1.15,0.35,11.666666666666666,2.6666666666666665,8.549999999999999,9.433333333333334,0.0,-1.736698070873667,-2.1677627839235947,-1.6958712729556875,-1.225624095445155,-3.09534615356974
16,6,Domantas Sabonis,PF,,2019-12-09,IND,LAC,-2.0,217.0,109.5,7800,23,32.0,42.3,47.5,44.8,5.74,PF/C,7800,1,24.0,20.0,105,103,2%,14,13,14,36,34,34,42.3,42.9,36.0,49.8,34.5,46.1,5.9,35.8,56.5,7.2,44.8,5.74,46.1,34.5,5.9,45.45,5.82,34.666666666666664,13.666666666666666,43.29,40.6,45.23149038461539,1.8802312290066832,1.0931094843082212,1.7289552830381016,1.770542108400646,1.2566399220872557
16,7,Alfonzo McKinnie,SF,,2019-12-09,CLE,BOS,14.0,216.0,101.0,3000,1,1.3,4.5,8.8,7.3,2.42,SF/PF,3000,1,15.0,7.0,102,101,-1%,5,3,3,9,9,11,4.5,7.1,0.2,13.9,0.0,0.0,0.0,2.5,3.3,1.1,7.3,2.42,0.0,0.0,0.0,3.65,1.21,9.666666666666666,3.6666666666666665,5.869999999999999,4.866666666666667,0.0,-1.5325824218962207,-2.1677627839235947,-1.6958712729556875,-1.4567618451949171,-2.4111216517297005
17,0,Lou Williams,PG,,2019-12-09,LAC,IND,2.0,217.0,107.5,6500,14,14.8,24.8,34.3,35.5,5.46,PG/SG,6500,0,31.0,18.0,101,102,-2%,15,13,16,27,26,31,24.8,34.6,24.4,44.8,31.5,34.6,5.3,32.5,17.8,2.7,35.5,5.46,34.6,31.5,5.3,35.05,5.38,28.0,14.666666666666666,32.73,24.633333333333336,39.43125,1.0311101292605058,0.8095553740271938,1.2897741476949458,0.8597903780433731,0.9065715723086306
17,1,Joe Ingles,SG,,2019-12-09,UTA,OKC,-8.5,206.0,107.3,5400,18,7.3,22.4,38.5,23.0,4.26,SG/SF,5400,1,15.0,9.0,101,107,2%,7,7,7,28,27,28,22.4,20.6,11.8,29.5,28.5,22.9,4.2,34.1,31.5,5.8,23.0,4.26,22.9,28.5,4.2,22.95,4.23,27.666666666666668,7.0,21.45,22.733333333333334,23.64126506024096,0.04319038820966545,0.5260012637461663,0.09419205918560264,-0.11305806120189545,-0.008379796430956767
17,2,Danuel House Jr.,SF,,2019-12-09,HOU,SAC,-12.0,225.0,118.5,4900,2,12.0,22.6,36.5,23.3,4.74,SF/PF,4900,1,14.0,15.0,100,108,-14%,9,9,9,29,29,31,22.3,25.3,17.2,33.3,32.0,24.0,4.9,33.7,17.8,3.6,23.3,4.74,24.0,32.0,4.9,23.65,4.82,29.666666666666668,9.0,24.35,23.7,25.510112359550558,0.10034276992335037,0.856814392407365,0.23569696661509068,0.13705368293031037,0.46103003622674466
17,3,Ed Davis,PF,,2019-12-09,UTA,OKC,-8.5,206.0,107.3,3000,1,9.0,10.7,12.0,13.5,4.5,PF/C,3000,1,,,101,107,-8%,3,2,2,13,12,12,10.7,9.9,5.5,14.3,13.5,13.8,4.6,12.3,4.5,1.5,13.5,4.5,13.8,13.5,4.6,13.65,4.55,12.333333333333334,2.3333333333333335,10.81,10.566666666666666,14.941216216216215,-0.716119825986435,-0.8917692876589711,-0.5645560401163296,-1.0307094258800567,0.2462153670444063
17,4,D'Angelo Russell,PG,,2019-12-09,GS,MEM,-3.0,219.5,111.3,7700,18,22.3,31.8,50.5,38.5,5.0,PG/SG,7700,2,33.0,20.0,106,110,7%,11,14,17,27,28,31,31.8,38.2,19.4,57.0,31.0,42.1,5.5,34.1,34.8,4.5,38.5,5.0,42.1,31.0,5.5,40.3,5.25,28.666666666666668,14.0,37.339999999999996,34.86666666666667,43.580232558139535,1.4597529921131431,0.7622963556470225,1.6039257603135835,1.257381805784569,0.8031422871467642
17,5,Ersan Ilyasova,PF,,2019-12-09,MIL,ORL,-12.5,217.5,115.0,3700,16,10.5,16.2,20.5,13.3,3.58,PF/C,3700,2,16.0,17.0,100,103,-4%,11,7,6,13,15,16,16.2,16.4,10.0,22.8,14.0,12.7,3.4,16.2,21.5,5.8,13.3,3.58,12.7,14.0,3.4,13.0,3.49,14.666666666666666,8.0,15.679999999999998,15.733333333333334,12.409090909090908,-0.7691898947205711,-0.8445102692787999,-0.756282864087983,-0.6106941865959736,-0.5971311119677352
17,6,Kevon Looney,PF,,2019-12-09,GS,MEM,-3.0,219.5,111.3,3200,12,3.3,11.7,19.3,11.8,3.67,PF/C,3200,2,,,106,110,12%,5,4,4,10,11,11,9.8,9.8,4.4,15.2,12.5,11.5,3.6,10.3,5.8,1.8,11.8,3.67,11.5,12.5,3.6,11.65,3.635,10.666666666666666,4.333333333333333,10.169999999999998,11.433333333333332,13.652343750000002,-0.8794123451683921,-0.9862873244193135,-0.6621465597311308,-1.0859065004471644,-0.4817676785179614
17,7,Christian Wood,PF,,2019-12-09,DET,NO,-1.0,227.5,114.3,4600,6,7.0,20.6,49.0,17.5,3.8,PF/C,4600,2,21.0,25.0,107,112,3%,7,7,6,16,17,15,21.0,17.9,4.7,31.1,12.5,14.0,3.0,15.3,16.0,3.5,17.5,3.8,14.0,12.5,3.0,15.75,3.4,16.0,6.666666666666667,18.09,25.53333333333333,12.3046875,-0.54466268084538,-0.9862873244193135,-0.7641880550279756,-0.4028427026792095,-0.6687360016951814
18,0,Lonzo Ball,PG,,2019-12-09,NO,DET,1.0,227.5,113.3,5200,8,10.5,27.5,54.0,30.3,5.82,PG,5200,1,21.0,12.0,101,107,3%,9,11,11,35,31,29,27.5,28.0,16.2,39.7,26.0,26.0,5.0,29.5,20.3,3.9,30.3,5.82,26.0,26.0,5.0,28.15,5.41,31.666666666666668,10.333333333333334,27.910000000000004,30.666666666666668,23.11263157894737,0.46775093808275386,0.28970617184531006,0.05416512286918312,0.4440874102098457,0.9304398688844461
18,1,Ty Jerome,PG,,2019-12-09,PHO,MIN,-4.0,233.0,118.5,3300,28,9.8,14.6,19.8,12.5,3.79,PG/SG,3300,1,,,106,107,10%,4,4,4,11,13,13,14.6,14.6,9.1,20.0,14.0,12.5,3.8,14.6,1.3,0.4,12.5,3.79,12.5,14.0,3.8,12.5,3.795,12.333333333333334,4.0,14.160000000000002,14.733333333333334,14.189189189189188,-0.8100130245160604,-0.8445102692787999,-0.6214978324624703,-0.7417872386928535,-0.35447009678027946
18,2,Luke Kennard,SG,,2019-12-09,DET,NO,-1.0,227.5,114.3,5500,1,20.8,26.2,32.8,27.5,5.0,SG/SF,5500,2,21.0,16.0,107,112,8%,10,12,13,31,33,34,29.4,29.3,20.5,38.1,32.0,27.2,4.9,25.0,22.8,4.1,27.5,5.0,27.2,32.0,4.9,27.35,4.95,32.666666666666664,11.666666666666666,28.93,26.599999999999998,26.79183673469388,0.4024339304099712,0.856814392407365,0.33274624887682364,0.5320577478011729,0.564459321388611
18,3,Darius Bazley,SF,,2019-12-09,OKC,UTA,8.5,206.0,98.8,3000,24,2.0,8.7,13.0,17.0,5.67,SF/PF,3000,0,12.0,8.0,103,103,1%,4,3,4,16,15,17,8.7,11.0,4.3,17.6,25.0,15.9,5.3,25.9,11.8,3.9,17.0,5.67,15.9,25.0,5.3,16.45,5.484999999999999,16.0,3.6666666666666665,11.61,7.8999999999999995,25.703125,-0.48751029913169514,0.19518813508496755,0.2503114489377552,-0.9617130826711724,0.9901106103239838
18,4,Zach LaVine,PG,,2019-12-09,CHI,TOR,6.0,214.5,104.3,7600,16,31.0,38.8,47.5,38.8,5.1,PG/SG,7600,0,30.0,18.0,104,101,-3%,20,18,18,37,36,33,38.8,36.7,24.1,49.3,34.0,38.5,5.1,34.3,48.8,6.4,38.8,5.1,38.5,34.0,5.1,38.65,5.1,35.333333333333336,18.666666666666668,37.510000000000005,39.1,37.19150943396226,1.3250366637880286,1.04585046592805,1.1201860376442618,1.2720435287164575,0.6838008042676873
18,5,Evan Fournier,SG,,2019-12-09,ORL,MIL,12.5,217.5,102.5,6500,5,25.5,34.7,41.0,30.8,4.73,SG/SF,6500,2,26.0,19.0,107,99,-14%,15,16,14,28,32,31,34.5,30.9,21.6,40.1,34.5,31.6,4.9,32.0,38.0,5.8,30.8,4.73,31.6,34.5,4.9,31.200000000000003,4.815,30.333333333333332,15.0,31.660000000000004,33.733333333333334,35.48571428571429,0.7167720298352388,1.0931094843082212,0.9910270717749418,0.7675077690014909,0.4570519867974422
18,6,Kevon Looney,PF,,2019-12-09,GS,MEM,-3.0,219.5,111.3,3200,12,3.3,11.7,19.3,11.8,3.67,PF/C,3200,2,,,106,110,12%,5,4,4,10,11,11,9.8,9.8,4.4,15.2,12.5,11.5,3.6,10.3,5.8,1.8,11.8,3.67,11.5,12.5,3.6,11.65,3.635,10.666666666666666,4.333333333333333,10.169999999999998,11.433333333333332,13.652343750000002,-0.8794123451683921,-0.9862873244193135,-0.6621465597311308,-1.0859065004471644,-0.4817676785179614
18,7,Cheick Diallo,PF,,2019-12-09,PHO,MIN,-4.0,233.0,118.5,3600,25,4.0,17.5,32.0,9.0,2.5,PF/C,3600,1,17.0,23.0,106,107,-5%,5,5,4,13,14,11,17.4,11.5,0.9,22.0,0.0,0.0,0.0,4.4,3.3,0.9,9.0,2.5,0.0,0.0,0.0,4.5,1.25,12.666666666666666,4.666666666666667,11.26,17.833333333333332,0.0,-1.4631831012438887,-2.1677627839235947,-1.6958712729556875,-0.9918989828250593,-2.3792972562952803
19,0,De'Anthony Melton,PG,,2019-12-09,MEM,GS,3.0,219.5,108.3,5100,25,2.5,23.6,35.8,9.0,1.76,PG/SG,5100,1,21.0,16.0,103,111,6%,6,6,5,25,21,14,23.6,15.7,2.1,29.2,0.0,0.0,0.0,17.0,18.5,3.6,9.0,1.76,0.0,0.0,0.0,4.5,0.88,20.0,5.666666666666667,15.02,20.633333333333333,0.0,-1.4631831012438887,-2.1677627839235947,-1.6958712729556875,-0.6676161697433031,-2.6736729140636695
19,1,Ty Jerome,PG,,2019-12-09,PHO,MIN,-4.0,233.0,118.5,3300,28,9.8,14.6,19.8,12.5,3.79,PG/SG,3300,1,,,106,107,10%,4,4,4,11,13,13,14.6,14.6,9.1,20.0,14.0,12.5,3.8,14.6,1.3,0.4,12.5,3.79,12.5,14.0,3.8,12.5,3.795,12.333333333333334,4.0,14.160000000000002,14.733333333333334,14.189189189189188,-0.8100130245160604,-0.8445102692787999,-0.6214978324624703,-0.7417872386928535,-0.35447009678027946
19,2,OG Anunoby,SF,,2019-12-09,TOR,CHI,-6.0,214.5,110.3,4700,5,14.8,26.9,47.0,23.0,4.89,SF/PF,4700,0,14.0,14.0,104,105,-1%,13,8,9,30,29,31,26.9,27.1,16.3,37.9,31.5,25.3,5.4,36.7,26.3,5.6,23.0,4.89,25.3,31.5,5.4,24.15,5.145,30.0,10.0,26.47,29.566666666666666,25.357499999999998,0.14116589971883964,0.8095553740271938,0.22414150254974108,0.3198939924338535,0.7196032491314102
19,3,Kevin Love,PF,,2019-12-09,CLE,BOS,14.0,216.0,101.0,6400,9,15.3,21.3,37.5,31.8,4.96,PF/C,6400,1,23.0,18.0,102,101,0%,9,10,11,26,27,31,27.4,37.0,24.1,49.8,28.0,31.8,5.0,26.8,21.0,3.3,31.8,4.96,31.8,28.0,5.0,31.8,4.98,28.0,10.0,34.02,24.7,31.799999999999997,0.7657597855898257,0.478742245365995,0.7119530891096828,0.9710469814676996,0.5883276179644266
19,4,Yogi Ferrell,PG,,2019-12-09,SAC,HOU,12.0,225.0,106.5,4400,27,8.8,17.0,23.0,13.3,3.01,PG/SG,4400,0,20.0,15.0,108,106,-7%,9,6,5,22,18,14,16.9,11.4,4.6,18.1,16.5,12.8,2.9,11.5,9.3,2.1,13.3,3.01,12.8,16.5,2.9,13.05,2.955,18.0,6.666666666666667,12.809999999999999,16.266666666666666,11.962500000000002,-0.7651075817410221,-0.6082151773779436,-0.7900977216598699,-0.858218567857846,-1.0227824009031088
19,5,Cameron Johnson,SF,,2019-12-09,PHO,MIN,-4.0,233.0,118.5,4200,8,7.5,16.8,32.5,19.3,4.58,SF/PF,4200,1,17.0,14.0,106,107,10%,10,7,7,26,20,20,16.8,16.5,7.2,25.8,23.0,18.6,4.4,26.3,20.3,4.8,19.3,4.58,18.6,23.0,4.4,18.950000000000003,4.49,22.0,8.0,17.05,18.933333333333334,19.811363636363637,-0.2833946501542485,0.006152061564282574,-0.19579944876158828,-0.492537948850759,0.19847877389277596
19,6,Enes Kanter,C,,2019-12-09,BOS,CLE,-14.0,216.0,115.0,3800,22,3.3,18.9,27.8,20.5,5.39,C,3800,2,18.0,24.0,102,112,2%,3,5,5,12,15,16,18.9,18.3,10.2,26.5,18.5,21.0,5.5,17.9,13.0,3.4,20.5,5.39,21.0,18.5,5.5,20.75,5.445,14.333333333333334,4.333333333333333,18.93,16.666666666666668,26.781976744186046,-0.1364313828904873,-0.41917910385725865,0.33199967260781427,-0.33039654230988097,0.9582862148895641
19,7,Solomon Hill,SF,,2019-12-09,MEM,GS,3.0,219.5,108.3,4000,20,12.3,21.7,39.5,14.0,3.5,SF/PF,4000,1,14.0,12.0,103,111,4%,7,8,5,28,26,20,21.7,15.4,7.7,23.2,22.0,16.1,4.0,30.3,20.0,5.0,14.0,3.5,16.1,22.0,4.0,15.05,3.75,24.666666666666668,6.666666666666667,16.61,24.5,13.422972972972975,-0.601815062559065,-0.08836597519605992,-0.6795139982491037,-0.5304859376156456,-0.39027254164400244
