Lineup Num,,Player Name,position,injury_status,game_date,team,opp,spread,over_under,implied_team_score,salary,L5_dvp_rank,L5_ppg_floor,L5_ppg_avg,L5_ppg_max,ppg_projection,value_projection,Pos,Salary,Rest,USG,PER,Opp Pace,Opp DEff,Opp DvP,L2 FGA,L5 FGA,S FGA,L2 Min,L5 Min,S Min,L5 FP,S FP,Floor FP,Ceil FP,Proj Min,Proj FP,Proj Val,Actual Min,Actual FP,Actual Val,FantasyFuelPPGProj,FantasyFuelValueProj,DFN_PPGProj,DFN_MinProj,DFN_ValueProj,Avg Proj,Avg Value Proj,Avg Skewed Min,Avg Skewed FGA,Avg Skewed FP,Avg L5 PPG,Proj Min Enhanced,Avg Proj Stan,DFN_MinProj Stan,Proj Min Enhanced Stan,Avg Skewed FP Stan,Avg Value Proj Stan
0,0,Ben Simmons,PG,,2019-12-13,PHI,NO,-8.0,222.5,115.3,8200,29,25.5,38.6,54.3,45.5,5.55,PG/SF,8200,0,22.0,18.0,107,112,16%,6,9,10,37,35,36,39.0,40.6,32.5,48.7,35.5,45.7,5.6,37.5,55.3,6.7,45.5,5.55,45.7,35.5,5.6,45.6,5.574999999999999,36.0,8.333333333333334,41.28,39.46666666666666,44.96666666666666,1.9455631692277127,1.2691567981469905,1.772720064845565,1.615915870901183,0.923104730150675
0,1,Bogdan Bogdanovic,SG,,2019-12-13,SAC,NY,-8.5,210.0,109.3,4700,8,16.0,18.7,22.3,26.8,5.69,SG/SF,4700,1,25.0,15.0,100,111,-6%,12,11,12,31,27,28,18.6,27.1,15.3,38.8,27.5,26.5,5.6,28.7,17.3,3.7,26.8,5.69,26.5,27.5,5.6,26.65,5.645,28.666666666666668,11.666666666666666,25.29,19.0,25.565406976744185,0.30482051428251145,0.39421041535026496,0.1734483540324851,0.2121665028706467,0.991791075114793
0,2,Matisse Thybulle,SG,,2019-12-13,PHI,NO,-8.0,222.5,115.3,3700,18,3.5,21.0,36.0,22.0,5.95,SG/SF,3700,0,13.0,12.0,107,112,16%,6,5,4,28,25,18,20.9,13.1,2.9,23.2,28.5,21.5,5.8,26.5,9.0,2.4,22.0,5.95,21.5,28.5,5.8,21.75,5.875,23.666666666666668,5.0,16.369999999999997,20.166666666666668,26.191901408450704,-0.11943484240516572,0.5035787131998557,0.2250911255650255,-0.5709131946173073,1.2174747799968948
0,3,Marquese Chriss,PF,,2019-12-13,GS,UTA,14.0,212.0,99.0,3800,6,6.5,16.9,36.5,26.8,7.04,PF/C,3800,1,19.0,17.0,103,103,0%,7,7,6,18,17,18,16.9,19.1,10.3,27.8,24.0,22.2,5.8,23.1,42.8,11.3,26.8,7.04,22.2,24.0,5.8,24.5,6.42,17.666666666666668,6.666666666666667,19.72,19.966666666666665,33.283018867924525,0.11866765369506134,0.01142137287669758,0.80962139484851,-0.2768193620405532,1.7522470372175265
0,4,LeBron James,PG,,2019-12-13,LAL,MIA,-5.5,212.0,108.8,10000,16,44.5,52.8,60.5,51.0,5.1,PG/SF,10000,1,35.0,27.0,102,103,-6%,22,21,20,33,33,35,53.1,55.5,43.9,67.1,35.5,53.9,5.4,37.4,58.8,5.9,51.0,5.1,53.9,35.5,5.4,52.45,5.25,33.666666666666664,21.0,54.410000000000004,52.6,55.30618811881189,2.5386548413319145,1.2691567981469905,2.6250206074927993,2.7685881161945503,0.6042038428172715
0,5,Kawhi Leonard,SG,,2019-12-13,LAC,MIN,-4.5,228.5,116.5,9000,3,34.3,43.6,58.3,48.5,5.39,SG/SF,9000,1,35.0,25.0,106,110,5%,16,16,20,32,30,32,43.6,47.8,38.8,56.7,32.5,48.8,5.4,37.2,57.8,6.4,48.5,5.39,48.8,32.5,5.4,48.65,5.395,31.333333333333332,17.333333333333332,47.11000000000001,45.4,50.461436170212764,2.209640483084328,0.9410519045982184,2.2256612431456646,2.1277269287884897,0.7464827002429437
0,6,Omari Spellman,PF,,2019-12-13,GS,UTA,14.0,212.0,99.0,3100,6,9.3,15.3,27.3,22.3,7.18,PF/C,3100,1,19.0,17.0,103,103,0%,4,5,7,15,17,19,15.3,18.9,11.0,26.9,23.5,19.7,6.4,20.8,7.3,2.4,22.3,7.18,19.7,23.5,6.4,21.0,6.79,17.0,5.333333333333333,18.619999999999997,17.3,29.029411764705884,-0.18437188679613672,-0.043262776048097765,0.4589908884889342,-0.3733874861702337,2.1153034320278636
0,7,Tobias Harris,SF,,2019-12-13,PHI,NO,-8.0,222.5,115.3,7200,26,24.0,41.1,50.0,39.8,5.52,SF/PF,7200,0,24.0,17.0,107,112,3%,19,22,16,34,37,35,44.8,37.1,28.9,45.4,35.0,41.0,5.7,37.5,40.8,5.7,39.8,5.52,41.0,35.0,5.7,40.4,5.609999999999999,35.333333333333336,19.0,39.32000000000001,38.36666666666667,40.0188679245283,1.4953329947836467,1.214472649222195,1.3648664158781953,1.4438490315428438,0.957447902632734
1,0,LeBron James,PG,,2019-12-13,LAL,MIA,-5.5,212.0,108.8,10000,16,44.5,52.8,60.5,51.0,5.1,PG/SF,10000,1,35.0,27.0,102,103,-6%,22,21,20,33,33,35,53.1,55.5,43.9,67.1,35.5,53.9,5.4,37.4,58.8,5.9,51.0,5.1,53.9,35.5,5.4,52.45,5.25,33.666666666666664,21.0,54.410000000000004,52.6,55.30618811881189,2.5386548413319145,1.2691567981469905,2.6250206074927993,2.7685881161945503,0.6042038428172715
1,1,De'Anthony Melton,PG,,2019-12-13,MEM,MIL,12.5,229.0,108.3,3900,3,18.3,24.3,32.8,22.8,5.83,PG/SG,3900,1,21.0,16.0,107,99,5%,5,6,5,18,22,15,24.3,16.5,3.9,29.0,23.5,24.0,6.2,23.2,23.8,6.1,22.8,5.83,24.0,23.5,6.2,23.4,6.015000000000001,18.333333333333332,5.333333333333333,19.419999999999998,25.133333333333336,29.994545454545456,0.023426655254970393,-0.043262776048097765,0.5385481456970738,-0.3031561231668297,1.3548474699251312
1,2,Bogdan Bogdanovic,SG,,2019-12-13,SAC,NY,-8.5,210.0,109.3,4700,8,16.0,18.7,22.3,26.8,5.69,SG/SF,4700,1,25.0,15.0,100,111,-6%,12,11,12,31,27,28,18.6,27.1,15.3,38.8,27.5,26.5,5.6,28.7,17.3,3.7,26.8,5.69,26.5,27.5,5.6,26.65,5.645,28.666666666666668,11.666666666666666,25.29,19.0,25.565406976744185,0.30482051428251145,0.39421041535026496,0.1734483540324851,0.2121665028706467,0.991791075114793
1,3,Tobias Harris,SF,,2019-12-13,PHI,NO,-8.0,222.5,115.3,7200,26,24.0,41.1,50.0,39.8,5.52,SF/PF,7200,0,24.0,17.0,107,112,3%,19,22,16,34,37,35,44.8,37.1,28.9,45.4,35.0,41.0,5.7,37.5,40.8,5.7,39.8,5.52,41.0,35.0,5.7,40.4,5.609999999999999,35.333333333333336,19.0,39.32000000000001,38.36666666666667,40.0188679245283,1.4953329947836467,1.214472649222195,1.3648664158781953,1.4438490315428438,0.957447902632734
1,4,Kawhi Leonard,SG,,2019-12-13,LAC,MIN,-4.5,228.5,116.5,9000,3,34.3,43.6,58.3,48.5,5.39,SG/SF,9000,1,35.0,25.0,106,110,5%,16,16,20,32,30,32,43.6,47.8,38.8,56.7,32.5,48.8,5.4,37.2,57.8,6.4,48.5,5.39,48.8,32.5,5.4,48.65,5.395,31.333333333333332,17.333333333333332,47.11000000000001,45.4,50.461436170212764,2.209640483084328,0.9410519045982184,2.2256612431456646,2.1277269287884897,0.7464827002429437
1,5,Ben Simmons,PG,,2019-12-13,PHI,NO,-8.0,222.5,115.3,8200,29,25.5,38.6,54.3,45.5,5.55,PG/SF,8200,0,22.0,18.0,107,112,16%,6,9,10,37,35,36,39.0,40.6,32.5,48.7,35.5,45.7,5.6,37.5,55.3,6.7,45.5,5.55,45.7,35.5,5.6,45.6,5.574999999999999,36.0,8.333333333333334,41.28,39.46666666666666,44.96666666666666,1.9455631692277127,1.2691567981469905,1.772720064845565,1.615915870901183,0.923104730150675
1,6,Omari Spellman,PF,,2019-12-13,GS,UTA,14.0,212.0,99.0,3100,6,9.3,15.3,27.3,22.3,7.18,PF/C,3100,1,19.0,17.0,103,103,0%,4,5,7,15,17,19,15.3,18.9,11.0,26.9,23.5,19.7,6.4,20.8,7.3,2.4,22.3,7.18,19.7,23.5,6.4,21.0,6.79,17.0,5.333333333333333,18.619999999999997,17.3,29.029411764705884,-0.18437188679613672,-0.043262776048097765,0.4589908884889342,-0.3733874861702337,2.1153034320278636
1,7,Tyus Jones,PG,,2019-12-13,MEM,MIL,12.5,229.0,108.3,3700,3,9.5,17.4,25.8,19.0,5.14,PG/SG,3700,1,19.0,11.0,107,99,5%,3,5,6,15,22,20,17.4,16.5,8.1,24.9,26.0,23.3,6.3,24.8,25.0,6.8,19.0,5.14,23.3,26.0,6.3,21.15,5.72,19.0,4.666666666666667,17.609999999999996,17.566666666666666,28.942105263157895,-0.17138447791794265,0.23015796857587895,0.4517940971296452,-0.4620545819620313,1.065383587576348
2,0,De'Anthony Melton,PG,,2019-12-13,MEM,MIL,12.5,229.0,108.3,3900,3,18.3,24.3,32.8,22.8,5.83,PG/SG,3900,1,21.0,16.0,107,99,5%,5,6,5,18,22,15,24.3,16.5,3.9,29.0,23.5,24.0,6.2,23.2,23.8,6.1,22.8,5.83,24.0,23.5,6.2,23.4,6.015000000000001,18.333333333333332,5.333333333333333,19.419999999999998,25.133333333333336,29.994545454545456,0.023426655254970393,-0.043262776048097765,0.5385481456970738,-0.3031561231668297,1.3548474699251312
2,1,Kawhi Leonard,SG,,2019-12-13,LAC,MIN,-4.5,228.5,116.5,9000,3,34.3,43.6,58.3,48.5,5.39,SG/SF,9000,1,35.0,25.0,106,110,5%,16,16,20,32,30,32,43.6,47.8,38.8,56.7,32.5,48.8,5.4,37.2,57.8,6.4,48.5,5.39,48.8,32.5,5.4,48.65,5.395,31.333333333333332,17.333333333333332,47.11000000000001,45.4,50.461436170212764,2.209640483084328,0.9410519045982184,2.2256612431456646,2.1277269287884897,0.7464827002429437
2,2,Tobias Harris,SF,,2019-12-13,PHI,NO,-8.0,222.5,115.3,7200,26,24.0,41.1,50.0,39.8,5.52,SF/PF,7200,0,24.0,17.0,107,112,3%,19,22,16,34,37,35,44.8,37.1,28.9,45.4,35.0,41.0,5.7,37.5,40.8,5.7,39.8,5.52,41.0,35.0,5.7,40.4,5.609999999999999,35.333333333333336,19.0,39.32000000000001,38.36666666666667,40.0188679245283,1.4953329947836467,1.214472649222195,1.3648664158781953,1.4438490315428438,0.957447902632734
2,3,Paul George,SF,,2019-12-13,LAC,MIN,-4.5,228.5,116.5,8800,23,22.8,40.5,62.8,46.3,5.26,SF/PF,8800,1,31.0,22.0,106,110,5%,20,17,17,35,31,31,40.5,39.4,27.1,51.7,33.5,47.0,5.3,39.1,66.8,7.6,46.3,5.26,47.0,33.5,5.3,46.65,5.279999999999999,32.333333333333336,18.0,41.07000000000001,42.03333333333333,48.3332474226804,2.0364750313750717,1.050420202447809,2.050231806418568,1.5974801381127899,0.6336408478018928
2,4,Matisse Thybulle,SG,,2019-12-13,PHI,NO,-8.0,222.5,115.3,3700,18,3.5,21.0,36.0,22.0,5.95,SG/SF,3700,0,13.0,12.0,107,112,16%,6,5,4,28,25,18,20.9,13.1,2.9,23.2,28.5,21.5,5.8,26.5,9.0,2.4,22.0,5.95,21.5,28.5,5.8,21.75,5.875,23.666666666666668,5.0,16.369999999999997,20.166666666666668,26.191901408450704,-0.11943484240516572,0.5035787131998557,0.2250911255650255,-0.5709131946173073,1.2174747799968948
2,5,LeBron James,PG,,2019-12-13,LAL,MIA,-5.5,212.0,108.8,10000,16,44.5,52.8,60.5,51.0,5.1,PG/SF,10000,1,35.0,27.0,102,103,-6%,22,21,20,33,33,35,53.1,55.5,43.9,67.1,35.5,53.9,5.4,37.4,58.8,5.9,51.0,5.1,53.9,35.5,5.4,52.45,5.25,33.666666666666664,21.0,54.410000000000004,52.6,55.30618811881189,2.5386548413319145,1.2691567981469905,2.6250206074927993,2.7685881161945503,0.6042038428172715
2,6,Omari Spellman,PF,,2019-12-13,GS,UTA,14.0,212.0,99.0,3100,6,9.3,15.3,27.3,22.3,7.18,PF/C,3100,1,19.0,17.0,103,103,0%,4,5,7,15,17,19,15.3,18.9,11.0,26.9,23.5,19.7,6.4,20.8,7.3,2.4,22.3,7.18,19.7,23.5,6.4,21.0,6.79,17.0,5.333333333333333,18.619999999999997,17.3,29.029411764705884,-0.18437188679613672,-0.043262776048097765,0.4589908884889342,-0.3733874861702337,2.1153034320278636
2,7,Marquese Chriss,PF,,2019-12-13,GS,UTA,14.0,212.0,99.0,3800,6,6.5,16.9,36.5,26.8,7.04,PF/C,3800,1,19.0,17.0,103,103,0%,7,7,6,18,17,18,16.9,19.1,10.3,27.8,24.0,22.2,5.8,23.1,42.8,11.3,26.8,7.04,22.2,24.0,5.8,24.5,6.42,17.666666666666668,6.666666666666667,19.72,19.966666666666665,33.283018867924525,0.11866765369506134,0.01142137287669758,0.80962139484851,-0.2768193620405532,1.7522470372175265
3,0,Tyus Jones,PG,,2019-12-13,MEM,MIL,12.5,229.0,108.3,3700,3,9.5,17.4,25.8,19.0,5.14,PG/SG,3700,1,19.0,11.0,107,99,5%,3,5,6,15,22,20,17.4,16.5,8.1,24.9,26.0,23.3,6.3,24.8,25.0,6.8,19.0,5.14,23.3,26.0,6.3,21.15,5.72,19.0,4.666666666666667,17.609999999999996,17.566666666666666,28.942105263157895,-0.17138447791794265,0.23015796857587895,0.4517940971296452,-0.4620545819620313,1.065383587576348
3,1,Matisse Thybulle,SG,,2019-12-13,PHI,NO,-8.0,222.5,115.3,3700,18,3.5,21.0,36.0,22.0,5.95,SG/SF,3700,0,13.0,12.0,107,112,16%,6,5,4,28,25,18,20.9,13.1,2.9,23.2,28.5,21.5,5.8,26.5,9.0,2.4,22.0,5.95,21.5,28.5,5.8,21.75,5.875,23.666666666666668,5.0,16.369999999999997,20.166666666666668,26.191901408450704,-0.11943484240516572,0.5035787131998557,0.2250911255650255,-0.5709131946173073,1.2174747799968948
3,2,Tobias Harris,SF,,2019-12-13,PHI,NO,-8.0,222.5,115.3,7200,26,24.0,41.1,50.0,39.8,5.52,SF/PF,7200,0,24.0,17.0,107,112,3%,19,22,16,34,37,35,44.8,37.1,28.9,45.4,35.0,41.0,5.7,37.5,40.8,5.7,39.8,5.52,41.0,35.0,5.7,40.4,5.609999999999999,35.333333333333336,19.0,39.32000000000001,38.36666666666667,40.0188679245283,1.4953329947836467,1.214472649222195,1.3648664158781953,1.4438490315428438,0.957447902632734
3,3,PJ Washington,PF,,2019-12-13,CHA,CHI,7.0,212.5,102.8,5600,25,23.0,28.4,41.0,32.3,5.76,PF/C,5600,1,17.0,15.0,104,104,8%,10,10,9,39,36,30,28.4,25.5,16.8,34.3,34.5,29.5,5.3,38.0,37.0,6.6,32.3,5.76,29.5,34.5,5.3,30.9,5.529999999999999,35.0,9.666666666666666,27.179999999999996,30.8,30.458571428571425,0.6727970991646806,1.1597885002973998,0.5767984255862546,0.37808809796618825,0.8789492226737422
3,4,Buddy Hield,SG,,2019-12-13,SAC,NY,-8.5,210.0,109.3,7100,8,34.3,41.5,47.3,37.8,5.32,SG/SF,7100,1,28.0,16.0,100,111,-6%,22,22,19,35,37,35,41.6,36.3,26.6,46.0,34.5,38.4,5.4,36.4,56.5,8.0,37.8,5.32,38.4,34.5,5.4,38.099999999999994,5.36,35.666666666666664,21.0,37.72,41.03333333333333,36.853738317757006,1.296192725318002,1.1597885002973998,1.103960561203432,1.3033863055360353,0.7121395277608855
3,5,Ben Simmons,PG,,2019-12-13,PHI,NO,-8.0,222.5,115.3,8200,29,25.5,38.6,54.3,45.5,5.55,PG/SF,8200,0,22.0,18.0,107,112,16%,6,9,10,37,35,36,39.0,40.6,32.5,48.7,35.5,45.7,5.6,37.5,55.3,6.7,45.5,5.55,45.7,35.5,5.6,45.6,5.574999999999999,36.0,8.333333333333334,41.28,39.46666666666666,44.96666666666666,1.9455631692277127,1.2691567981469905,1.772720064845565,1.615915870901183,0.923104730150675
3,6,Marquese Chriss,PF,,2019-12-13,GS,UTA,14.0,212.0,99.0,3800,6,6.5,16.9,36.5,26.8,7.04,PF/C,3800,1,19.0,17.0,103,103,0%,7,7,6,18,17,18,16.9,19.1,10.3,27.8,24.0,22.2,5.8,23.1,42.8,11.3,26.8,7.04,22.2,24.0,5.8,24.5,6.42,17.666666666666668,6.666666666666667,19.72,19.966666666666665,33.283018867924525,0.11866765369506134,0.01142137287669758,0.80962139484851,-0.2768193620405532,1.7522470372175265
3,7,Karl-Anthony Towns,C,,2019-12-13,MIN,LAC,4.5,228.5,112.0,9900,7,37.5,50.0,60.3,55.0,5.56,C,9900,1,28.0,28.0,106,103,4%,17,17,18,36,36,34,50.0,54.6,43.4,65.7,34.5,56.9,5.7,35.3,64.0,6.5,55.0,5.56,56.9,34.5,5.7,55.95,5.63,35.333333333333336,17.333333333333332,53.93000000000001,49.26666666666667,54.63042452830189,2.8416943818231126,1.1597885002973998,2.5693165134920637,2.726449298392508,0.9770725726224824
4,0,Ben Simmons,PG,,2019-12-13,PHI,NO,-8.0,222.5,115.3,8200,29,25.5,38.6,54.3,45.5,5.55,PG/SF,8200,0,22.0,18.0,107,112,16%,6,9,10,37,35,36,39.0,40.6,32.5,48.7,35.5,45.7,5.6,37.5,55.3,6.7,45.5,5.55,45.7,35.5,5.6,45.6,5.574999999999999,36.0,8.333333333333334,41.28,39.46666666666666,44.96666666666666,1.9455631692277127,1.2691567981469905,1.772720064845565,1.615915870901183,0.923104730150675
4,1,Tyus Jones,PG,,2019-12-13,MEM,MIL,12.5,229.0,108.3,3700,3,9.5,17.4,25.8,19.0,5.14,PG/SG,3700,1,19.0,11.0,107,99,5%,3,5,6,15,22,20,17.4,16.5,8.1,24.9,26.0,23.3,6.3,24.8,25.0,6.8,19.0,5.14,23.3,26.0,6.3,21.15,5.72,19.0,4.666666666666667,17.609999999999996,17.566666666666666,28.942105263157895,-0.17138447791794265,0.23015796857587895,0.4517940971296452,-0.4620545819620313,1.065383587576348
4,2,Tobias Harris,SF,,2019-12-13,PHI,NO,-8.0,222.5,115.3,7200,26,24.0,41.1,50.0,39.8,5.52,SF/PF,7200,0,24.0,17.0,107,112,3%,19,22,16,34,37,35,44.8,37.1,28.9,45.4,35.0,41.0,5.7,37.5,40.8,5.7,39.8,5.52,41.0,35.0,5.7,40.4,5.609999999999999,35.333333333333336,19.0,39.32000000000001,38.36666666666667,40.0188679245283,1.4953329947836467,1.214472649222195,1.3648664158781953,1.4438490315428438,0.957447902632734
4,3,Paul George,SF,,2019-12-13,LAC,MIN,-4.5,228.5,116.5,8800,23,22.8,40.5,62.8,46.3,5.26,SF/PF,8800,1,31.0,22.0,106,110,5%,20,17,17,35,31,31,40.5,39.4,27.1,51.7,33.5,47.0,5.3,39.1,66.8,7.6,46.3,5.26,47.0,33.5,5.3,46.65,5.279999999999999,32.333333333333336,18.0,41.07000000000001,42.03333333333333,48.3332474226804,2.0364750313750717,1.050420202447809,2.050231806418568,1.5974801381127899,0.6336408478018928
4,4,Coby White,PG,,2019-12-13,CHI,CHA,-7.0,212.5,109.8,4600,8,10.3,21.3,29.5,23.5,5.11,PG/SG,4600,1,24.0,11.0,101,111,-1%,10,9,12,28,26,25,21.6,22.3,12.1,32.5,26.0,22.7,4.9,20.4,14.8,3.2,23.5,5.11,22.7,26.0,4.9,23.1,5.005000000000001,26.333333333333332,10.333333333333334,22.32,20.366666666666667,22.807594936708863,-0.002548162501417767,0.23015796857587895,-0.053881770395421226,-0.048567432279490286,0.3638016354428599
4,5,Marquese Chriss,PF,,2019-12-13,GS,UTA,14.0,212.0,99.0,3800,6,6.5,16.9,36.5,26.8,7.04,PF/C,3800,1,19.0,17.0,103,103,0%,7,7,6,18,17,18,16.9,19.1,10.3,27.8,24.0,22.2,5.8,23.1,42.8,11.3,26.8,7.04,22.2,24.0,5.8,24.5,6.42,17.666666666666668,6.666666666666667,19.72,19.966666666666665,33.283018867924525,0.11866765369506134,0.01142137287669758,0.80962139484851,-0.2768193620405532,1.7522470372175265
4,6,Karl-Anthony Towns,C,,2019-12-13,MIN,LAC,4.5,228.5,112.0,9900,7,37.5,50.0,60.3,55.0,5.56,C,9900,1,28.0,28.0,106,103,4%,17,17,18,36,36,34,50.0,54.6,43.4,65.7,34.5,56.9,5.7,35.3,64.0,6.5,55.0,5.56,56.9,34.5,5.7,55.95,5.63,35.333333333333336,17.333333333333332,53.93000000000001,49.26666666666667,54.63042452830189,2.8416943818231126,1.1597885002973998,2.5693165134920637,2.726449298392508,0.9770725726224824
4,7,Omari Spellman,PF,,2019-12-13,GS,UTA,14.0,212.0,99.0,3100,6,9.3,15.3,27.3,22.3,7.18,PF/C,3100,1,19.0,17.0,103,103,0%,4,5,7,15,17,19,15.3,18.9,11.0,26.9,23.5,19.7,6.4,20.8,7.3,2.4,22.3,7.18,19.7,23.5,6.4,21.0,6.79,17.0,5.333333333333333,18.619999999999997,17.3,29.029411764705884,-0.18437188679613672,-0.043262776048097765,0.4589908884889342,-0.3733874861702337,2.1153034320278636
5,0,Ben Simmons,PG,,2019-12-13,PHI,NO,-8.0,222.5,115.3,8200,29,25.5,38.6,54.3,45.5,5.55,PG/SF,8200,0,22.0,18.0,107,112,16%,6,9,10,37,35,36,39.0,40.6,32.5,48.7,35.5,45.7,5.6,37.5,55.3,6.7,45.5,5.55,45.7,35.5,5.6,45.6,5.574999999999999,36.0,8.333333333333334,41.28,39.46666666666666,44.96666666666666,1.9455631692277127,1.2691567981469905,1.772720064845565,1.615915870901183,0.923104730150675
5,1,Tyus Jones,PG,,2019-12-13,MEM,MIL,12.5,229.0,108.3,3700,3,9.5,17.4,25.8,19.0,5.14,PG/SG,3700,1,19.0,11.0,107,99,5%,3,5,6,15,22,20,17.4,16.5,8.1,24.9,26.0,23.3,6.3,24.8,25.0,6.8,19.0,5.14,23.3,26.0,6.3,21.15,5.72,19.0,4.666666666666667,17.609999999999996,17.566666666666666,28.942105263157895,-0.17138447791794265,0.23015796857587895,0.4517940971296452,-0.4620545819620313,1.065383587576348
5,2,Kawhi Leonard,SG,,2019-12-13,LAC,MIN,-4.5,228.5,116.5,9000,3,34.3,43.6,58.3,48.5,5.39,SG/SF,9000,1,35.0,25.0,106,110,5%,16,16,20,32,30,32,43.6,47.8,38.8,56.7,32.5,48.8,5.4,37.2,57.8,6.4,48.5,5.39,48.8,32.5,5.4,48.65,5.395,31.333333333333332,17.333333333333332,47.11000000000001,45.4,50.461436170212764,2.209640483084328,0.9410519045982184,2.2256612431456646,2.1277269287884897,0.7464827002429437
5,3,Paul George,SF,,2019-12-13,LAC,MIN,-4.5,228.5,116.5,8800,23,22.8,40.5,62.8,46.3,5.26,SF/PF,8800,1,31.0,22.0,106,110,5%,20,17,17,35,31,31,40.5,39.4,27.1,51.7,33.5,47.0,5.3,39.1,66.8,7.6,46.3,5.26,47.0,33.5,5.3,46.65,5.279999999999999,32.333333333333336,18.0,41.07000000000001,42.03333333333333,48.3332474226804,2.0364750313750717,1.050420202447809,2.050231806418568,1.5974801381127899,0.6336408478018928
5,4,Matisse Thybulle,SG,,2019-12-13,PHI,NO,-8.0,222.5,115.3,3700,18,3.5,21.0,36.0,22.0,5.95,SG/SF,3700,0,13.0,12.0,107,112,16%,6,5,4,28,25,18,20.9,13.1,2.9,23.2,28.5,21.5,5.8,26.5,9.0,2.4,22.0,5.95,21.5,28.5,5.8,21.75,5.875,23.666666666666668,5.0,16.369999999999997,20.166666666666668,26.191901408450704,-0.11943484240516572,0.5035787131998557,0.2250911255650255,-0.5709131946173073,1.2174747799968948
5,5,Omari Spellman,PF,,2019-12-13,GS,UTA,14.0,212.0,99.0,3100,6,9.3,15.3,27.3,22.3,7.18,PF/C,3100,1,19.0,17.0,103,103,0%,4,5,7,15,17,19,15.3,18.9,11.0,26.9,23.5,19.7,6.4,20.8,7.3,2.4,22.3,7.18,19.7,23.5,6.4,21.0,6.79,17.0,5.333333333333333,18.619999999999997,17.3,29.029411764705884,-0.18437188679613672,-0.043262776048097765,0.4589908884889342,-0.3733874861702337,2.1153034320278636
5,6,Marquese Chriss,PF,,2019-12-13,GS,UTA,14.0,212.0,99.0,3800,6,6.5,16.9,36.5,26.8,7.04,PF/C,3800,1,19.0,17.0,103,103,0%,7,7,6,18,17,18,16.9,19.1,10.3,27.8,24.0,22.2,5.8,23.1,42.8,11.3,26.8,7.04,22.2,24.0,5.8,24.5,6.42,17.666666666666668,6.666666666666667,19.72,19.966666666666665,33.283018867924525,0.11866765369506134,0.01142137287669758,0.80962139484851,-0.2768193620405532,1.7522470372175265
5,7,Russell Westbrook,PG,,2019-12-13,HOU,ORL,-6.0,221.0,113.5,9700,15,48.3,55.6,69.5,47.5,4.9,PG,9700,1,33.0,18.0,100,103,-4%,19,22,20,36,39,35,56.5,47.7,34.5,60.9,35.5,48.4,5.0,34.5,40.3,4.2,47.5,4.9,48.4,35.5,5.0,47.95,4.95,36.666666666666664,20.333333333333332,49.510000000000005,57.800000000000004,46.42431818181819,2.1490325749860886,1.2691567981469905,1.8928762232426681,2.338421017798701,0.30983379297105246
6,0,Ben Simmons,PG,,2019-12-13,PHI,NO,-8.0,222.5,115.3,8200,29,25.5,38.6,54.3,45.5,5.55,PG/SF,8200,0,22.0,18.0,107,112,16%,6,9,10,37,35,36,39.0,40.6,32.5,48.7,35.5,45.7,5.6,37.5,55.3,6.7,45.5,5.55,45.7,35.5,5.6,45.6,5.574999999999999,36.0,8.333333333333334,41.28,39.46666666666666,44.96666666666666,1.9455631692277127,1.2691567981469905,1.772720064845565,1.615915870901183,0.923104730150675
6,1,De'Anthony Melton,PG,,2019-12-13,MEM,MIL,12.5,229.0,108.3,3900,3,18.3,24.3,32.8,22.8,5.83,PG/SG,3900,1,21.0,16.0,107,99,5%,5,6,5,18,22,15,24.3,16.5,3.9,29.0,23.5,24.0,6.2,23.2,23.8,6.1,22.8,5.83,24.0,23.5,6.2,23.4,6.015000000000001,18.333333333333332,5.333333333333333,19.419999999999998,25.133333333333336,29.994545454545456,0.023426655254970393,-0.043262776048097765,0.5385481456970738,-0.3031561231668297,1.3548474699251312
6,2,LeBron James,PG,,2019-12-13,LAL,MIA,-5.5,212.0,108.8,10000,16,44.5,52.8,60.5,51.0,5.1,PG/SF,10000,1,35.0,27.0,102,103,-6%,22,21,20,33,33,35,53.1,55.5,43.9,67.1,35.5,53.9,5.4,37.4,58.8,5.9,51.0,5.1,53.9,35.5,5.4,52.45,5.25,33.666666666666664,21.0,54.410000000000004,52.6,55.30618811881189,2.5386548413319145,1.2691567981469905,2.6250206074927993,2.7685881161945503,0.6042038428172715
6,3,Tobias Harris,SF,,2019-12-13,PHI,NO,-8.0,222.5,115.3,7200,26,24.0,41.1,50.0,39.8,5.52,SF/PF,7200,0,24.0,17.0,107,112,3%,19,22,16,34,37,35,44.8,37.1,28.9,45.4,35.0,41.0,5.7,37.5,40.8,5.7,39.8,5.52,41.0,35.0,5.7,40.4,5.609999999999999,35.333333333333336,19.0,39.32000000000001,38.36666666666667,40.0188679245283,1.4953329947836467,1.214472649222195,1.3648664158781953,1.4438490315428438,0.957447902632734
6,4,Tyus Jones,PG,,2019-12-13,MEM,MIL,12.5,229.0,108.3,3700,3,9.5,17.4,25.8,19.0,5.14,PG/SG,3700,1,19.0,11.0,107,99,5%,3,5,6,15,22,20,17.4,16.5,8.1,24.9,26.0,23.3,6.3,24.8,25.0,6.8,19.0,5.14,23.3,26.0,6.3,21.15,5.72,19.0,4.666666666666667,17.609999999999996,17.566666666666666,28.942105263157895,-0.17138447791794265,0.23015796857587895,0.4517940971296452,-0.4620545819620313,1.065383587576348
6,5,PJ Washington,PF,,2019-12-13,CHA,CHI,7.0,212.5,102.8,5600,25,23.0,28.4,41.0,32.3,5.76,PF/C,5600,1,17.0,15.0,104,104,8%,10,10,9,39,36,30,28.4,25.5,16.8,34.3,34.5,29.5,5.3,38.0,37.0,6.6,32.3,5.76,29.5,34.5,5.3,30.9,5.529999999999999,35.0,9.666666666666666,27.179999999999996,30.8,30.458571428571425,0.6727970991646806,1.1597885002973998,0.5767984255862546,0.37808809796618825,0.8789492226737422
6,6,Jonas Valanciunas,C,,2019-12-13,MEM,MIL,12.5,229.0,108.3,6500,13,18.3,36.6,57.8,36.5,5.62,C,6500,1,22.0,20.0,107,99,2%,8,11,10,26,27,25,36.5,32.3,19.5,45.2,27.0,37.2,5.7,19.4,18.5,2.8,36.5,5.62,37.2,27.0,5.7,36.85,5.66,26.0,9.666666666666666,34.07,37.56666666666667,38.267307692307696,1.1879643179997175,0.3395262664254696,1.2204829699604733,0.9829557118330049,1.0065095776071047
6,7,Bogdan Bogdanovic,SG,,2019-12-13,SAC,NY,-8.5,210.0,109.3,4700,8,16.0,18.7,22.3,26.8,5.69,SG/SF,4700,1,25.0,15.0,100,111,-6%,12,11,12,31,27,28,18.6,27.1,15.3,38.8,27.5,26.5,5.6,28.7,17.3,3.7,26.8,5.69,26.5,27.5,5.6,26.65,5.645,28.666666666666668,11.666666666666666,25.29,19.0,25.565406976744185,0.30482051428251145,0.39421041535026496,0.1734483540324851,0.2121665028706467,0.991791075114793
7,0,De'Anthony Melton,PG,,2019-12-13,MEM,MIL,12.5,229.0,108.3,3900,3,18.3,24.3,32.8,22.8,5.83,PG/SG,3900,1,21.0,16.0,107,99,5%,5,6,5,18,22,15,24.3,16.5,3.9,29.0,23.5,24.0,6.2,23.2,23.8,6.1,22.8,5.83,24.0,23.5,6.2,23.4,6.015000000000001,18.333333333333332,5.333333333333333,19.419999999999998,25.133333333333336,29.994545454545456,0.023426655254970393,-0.043262776048097765,0.5385481456970738,-0.3031561231668297,1.3548474699251312
7,1,Bogdan Bogdanovic,SG,,2019-12-13,SAC,NY,-8.5,210.0,109.3,4700,8,16.0,18.7,22.3,26.8,5.69,SG/SF,4700,1,25.0,15.0,100,111,-6%,12,11,12,31,27,28,18.6,27.1,15.3,38.8,27.5,26.5,5.6,28.7,17.3,3.7,26.8,5.69,26.5,27.5,5.6,26.65,5.645,28.666666666666668,11.666666666666666,25.29,19.0,25.565406976744185,0.30482051428251145,0.39421041535026496,0.1734483540324851,0.2121665028706467,0.991791075114793
7,2,Ben Simmons,PG,,2019-12-13,PHI,NO,-8.0,222.5,115.3,8200,29,25.5,38.6,54.3,45.5,5.55,PG/SF,8200,0,22.0,18.0,107,112,16%,6,9,10,37,35,36,39.0,40.6,32.5,48.7,35.5,45.7,5.6,37.5,55.3,6.7,45.5,5.55,45.7,35.5,5.6,45.6,5.574999999999999,36.0,8.333333333333334,41.28,39.46666666666666,44.96666666666666,1.9455631692277127,1.2691567981469905,1.772720064845565,1.615915870901183,0.923104730150675
7,3,Omari Spellman,PF,,2019-12-13,GS,UTA,14.0,212.0,99.0,3100,6,9.3,15.3,27.3,22.3,7.18,PF/C,3100,1,19.0,17.0,103,103,0%,4,5,7,15,17,19,15.3,18.9,11.0,26.9,23.5,19.7,6.4,20.8,7.3,2.4,22.3,7.18,19.7,23.5,6.4,21.0,6.79,17.0,5.333333333333333,18.619999999999997,17.3,29.029411764705884,-0.18437188679613672,-0.043262776048097765,0.4589908884889342,-0.3733874861702337,2.1153034320278636
7,4,LeBron James,PG,,2019-12-13,LAL,MIA,-5.5,212.0,108.8,10000,16,44.5,52.8,60.5,51.0,5.1,PG/SF,10000,1,35.0,27.0,102,103,-6%,22,21,20,33,33,35,53.1,55.5,43.9,67.1,35.5,53.9,5.4,37.4,58.8,5.9,51.0,5.1,53.9,35.5,5.4,52.45,5.25,33.666666666666664,21.0,54.410000000000004,52.6,55.30618811881189,2.5386548413319145,1.2691567981469905,2.6250206074927993,2.7685881161945503,0.6042038428172715
7,5,Danuel House Jr.,SF,,2019-12-13,HOU,ORL,-6.0,221.0,113.5,4200,14,12.3,21.5,36.5,20.5,4.88,SF/PF,4200,1,14.0,14.0,100,103,1%,10,9,9,30,30,31,21.5,24.1,15.8,32.4,30.0,20.6,4.9,34.0,9.3,2.2,20.5,4.88,20.6,30.0,4.9,20.55,4.890000000000001,30.333333333333332,9.333333333333334,22.869999999999997,23.433333333333334,20.324175824175825,-0.22333411343071927,0.6676311599742417,-0.25859331986401574,-0.0002833702146503302,0.250959783001809
7,6,Karl-Anthony Towns,C,,2019-12-13,MIN,LAC,4.5,228.5,112.0,9900,7,37.5,50.0,60.3,55.0,5.56,C,9900,1,28.0,28.0,106,103,4%,17,17,18,36,36,34,50.0,54.6,43.4,65.7,34.5,56.9,5.7,35.3,64.0,6.5,55.0,5.56,56.9,34.5,5.7,55.95,5.63,35.333333333333336,17.333333333333332,53.93000000000001,49.26666666666667,54.63042452830189,2.8416943818231126,1.1597885002973998,2.5693165134920637,2.726449298392508,0.9770725726224824
7,7,PJ Washington,PF,,2019-12-13,CHA,CHI,7.0,212.5,102.8,5600,25,23.0,28.4,41.0,32.3,5.76,PF/C,5600,1,17.0,15.0,104,104,8%,10,10,9,39,36,30,28.4,25.5,16.8,34.3,34.5,29.5,5.3,38.0,37.0,6.6,32.3,5.76,29.5,34.5,5.3,30.9,5.529999999999999,35.0,9.666666666666666,27.179999999999996,30.8,30.458571428571425,0.6727970991646806,1.1597885002973998,0.5767984255862546,0.37808809796618825,0.8789492226737422
8,0,Ben Simmons,PG,,2019-12-13,PHI,NO,-8.0,222.5,115.3,8200,29,25.5,38.6,54.3,45.5,5.55,PG/SF,8200,0,22.0,18.0,107,112,16%,6,9,10,37,35,36,39.0,40.6,32.5,48.7,35.5,45.7,5.6,37.5,55.3,6.7,45.5,5.55,45.7,35.5,5.6,45.6,5.574999999999999,36.0,8.333333333333334,41.28,39.46666666666666,44.96666666666666,1.9455631692277127,1.2691567981469905,1.772720064845565,1.615915870901183,0.923104730150675
8,1,Damion Lee,SG,,2019-12-13,GS,UTA,14.0,212.0,99.0,3100,16,7.3,14.8,25.5,15.3,4.92,SG/SF,3100,1,21.0,12.0,103,103,-13%,9,9,9,19,23,23,14.8,19.3,8.2,30.4,22.0,16.7,5.4,25.9,26.3,8.5,15.3,4.92,16.7,22.0,5.4,16.0,5.16,21.666666666666668,9.0,17.740000000000002,15.866666666666667,16.246153846153845,-0.6172855160692768,-0.2073152228224838,-0.5947501101837793,-0.45064198547397766,0.5158928278634058
8,2,Paul George,SF,,2019-12-13,LAC,MIN,-4.5,228.5,116.5,8800,23,22.8,40.5,62.8,46.3,5.26,SF/PF,8800,1,31.0,22.0,106,110,5%,20,17,17,35,31,31,40.5,39.4,27.1,51.7,33.5,47.0,5.3,39.1,66.8,7.6,46.3,5.26,47.0,33.5,5.3,46.65,5.279999999999999,32.333333333333336,18.0,41.07000000000001,42.03333333333333,48.3332474226804,2.0364750313750717,1.050420202447809,2.050231806418568,1.5974801381127899,0.6336408478018928
8,3,Tobias Harris,SF,,2019-12-13,PHI,NO,-8.0,222.5,115.3,7200,26,24.0,41.1,50.0,39.8,5.52,SF/PF,7200,0,24.0,17.0,107,112,3%,19,22,16,34,37,35,44.8,37.1,28.9,45.4,35.0,41.0,5.7,37.5,40.8,5.7,39.8,5.52,41.0,35.0,5.7,40.4,5.609999999999999,35.333333333333336,19.0,39.32000000000001,38.36666666666667,40.0188679245283,1.4953329947836467,1.214472649222195,1.3648664158781953,1.4438490315428438,0.957447902632734
8,4,LeBron James,PG,,2019-12-13,LAL,MIA,-5.5,212.0,108.8,10000,16,44.5,52.8,60.5,51.0,5.1,PG/SF,10000,1,35.0,27.0,102,103,-6%,22,21,20,33,33,35,53.1,55.5,43.9,67.1,35.5,53.9,5.4,37.4,58.8,5.9,51.0,5.1,53.9,35.5,5.4,52.45,5.25,33.666666666666664,21.0,54.410000000000004,52.6,55.30618811881189,2.5386548413319145,1.2691567981469905,2.6250206074927993,2.7685881161945503,0.6042038428172715
8,5,Omari Spellman,PF,,2019-12-13,GS,UTA,14.0,212.0,99.0,3100,6,9.3,15.3,27.3,22.3,7.18,PF/C,3100,1,19.0,17.0,103,103,0%,4,5,7,15,17,19,15.3,18.9,11.0,26.9,23.5,19.7,6.4,20.8,7.3,2.4,22.3,7.18,19.7,23.5,6.4,21.0,6.79,17.0,5.333333333333333,18.619999999999997,17.3,29.029411764705884,-0.18437188679613672,-0.043262776048097765,0.4589908884889342,-0.3733874861702337,2.1153034320278636
8,6,PJ Washington,PF,,2019-12-13,CHA,CHI,7.0,212.5,102.8,5600,25,23.0,28.4,41.0,32.3,5.76,PF/C,5600,1,17.0,15.0,104,104,8%,10,10,9,39,36,30,28.4,25.5,16.8,34.3,34.5,29.5,5.3,38.0,37.0,6.6,32.3,5.76,29.5,34.5,5.3,30.9,5.529999999999999,35.0,9.666666666666666,27.179999999999996,30.8,30.458571428571425,0.6727970991646806,1.1597885002973998,0.5767984255862546,0.37808809796618825,0.8789492226737422
8,7,De'Anthony Melton,PG,,2019-12-13,MEM,MIL,12.5,229.0,108.3,3900,3,18.3,24.3,32.8,22.8,5.83,PG/SG,3900,1,21.0,16.0,107,99,5%,5,6,5,18,22,15,24.3,16.5,3.9,29.0,23.5,24.0,6.2,23.2,23.8,6.1,22.8,5.83,24.0,23.5,6.2,23.4,6.015000000000001,18.333333333333332,5.333333333333333,19.419999999999998,25.133333333333336,29.994545454545456,0.023426655254970393,-0.043262776048097765,0.5385481456970738,-0.3031561231668297,1.3548474699251312
9,0,De'Anthony Melton,PG,,2019-12-13,MEM,MIL,12.5,229.0,108.3,3900,3,18.3,24.3,32.8,22.8,5.83,PG/SG,3900,1,21.0,16.0,107,99,5%,5,6,5,18,22,15,24.3,16.5,3.9,29.0,23.5,24.0,6.2,23.2,23.8,6.1,22.8,5.83,24.0,23.5,6.2,23.4,6.015000000000001,18.333333333333332,5.333333333333333,19.419999999999998,25.133333333333336,29.994545454545456,0.023426655254970393,-0.043262776048097765,0.5385481456970738,-0.3031561231668297,1.3548474699251312
9,1,Terry Rozier,PG,,2019-12-13,CHA,CHI,7.0,212.5,102.8,6700,6,21.3,35.6,51.8,33.5,5.0,PG/SG,6700,1,25.0,15.0,104,104,-13%,15,15,15,36,36,34,35.5,32.5,22.5,42.6,35.5,32.3,4.8,36.2,31.5,4.7,33.5,5.0,32.3,35.5,4.8,32.9,4.9,35.333333333333336,15.0,33.2,36.233333333333334,33.055188679245276,0.8459625508739366,1.2691567981469905,0.7908410485489763,0.9065791045668034,0.26077211799668276
9,2,Paul George,SF,,2019-12-13,LAC,MIN,-4.5,228.5,116.5,8800,23,22.8,40.5,62.8,46.3,5.26,SF/PF,8800,1,31.0,22.0,106,110,5%,20,17,17,35,31,31,40.5,39.4,27.1,51.7,33.5,47.0,5.3,39.1,66.8,7.6,46.3,5.26,47.0,33.5,5.3,46.65,5.279999999999999,32.333333333333336,18.0,41.07000000000001,42.03333333333333,48.3332474226804,2.0364750313750717,1.050420202447809,2.050231806418568,1.5974801381127899,0.6336408478018928
9,3,Tobias Harris,SF,,2019-12-13,PHI,NO,-8.0,222.5,115.3,7200,26,24.0,41.1,50.0,39.8,5.52,SF/PF,7200,0,24.0,17.0,107,112,3%,19,22,16,34,37,35,44.8,37.1,28.9,45.4,35.0,41.0,5.7,37.5,40.8,5.7,39.8,5.52,41.0,35.0,5.7,40.4,5.609999999999999,35.333333333333336,19.0,39.32000000000001,38.36666666666667,40.0188679245283,1.4953329947836467,1.214472649222195,1.3648664158781953,1.4438490315428438,0.957447902632734
9,4,LeBron James,PG,,2019-12-13,LAL,MIA,-5.5,212.0,108.8,10000,16,44.5,52.8,60.5,51.0,5.1,PG/SF,10000,1,35.0,27.0,102,103,-6%,22,21,20,33,33,35,53.1,55.5,43.9,67.1,35.5,53.9,5.4,37.4,58.8,5.9,51.0,5.1,53.9,35.5,5.4,52.45,5.25,33.666666666666664,21.0,54.410000000000004,52.6,55.30618811881189,2.5386548413319145,1.2691567981469905,2.6250206074927993,2.7685881161945503,0.6042038428172715
9,5,Lauri Markkanen,PF,,2019-12-13,CHI,CHA,-7.0,212.5,109.8,6300,18,23.8,30.6,37.3,34.5,5.48,PF/C,6300,1,21.0,13.0,101,111,16%,12,13,12,28,32,30,30.9,28.2,18.2,38.1,31.5,31.8,5.0,25.6,20.5,3.3,34.5,5.48,31.8,31.5,5.0,33.15,5.24,30.0,12.333333333333334,29.709999999999997,30.566666666666666,34.8075,0.8676082323375935,0.8316836067486277,0.9352864076962579,0.6001947834644532,0.5943915078223977
9,6,Marquese Chriss,PF,,2019-12-13,GS,UTA,14.0,212.0,99.0,3800,6,6.5,16.9,36.5,26.8,7.04,PF/C,3800,1,19.0,17.0,103,103,0%,7,7,6,18,17,18,16.9,19.1,10.3,27.8,24.0,22.2,5.8,23.1,42.8,11.3,26.8,7.04,22.2,24.0,5.8,24.5,6.42,17.666666666666668,6.666666666666667,19.72,19.966666666666665,33.283018867924525,0.11866765369506134,0.01142137287669758,0.80962139484851,-0.2768193620405532,1.7522470372175265
9,7,Omari Spellman,PF,,2019-12-13,GS,UTA,14.0,212.0,99.0,3100,6,9.3,15.3,27.3,22.3,7.18,PF/C,3100,1,19.0,17.0,103,103,0%,4,5,7,15,17,19,15.3,18.9,11.0,26.9,23.5,19.7,6.4,20.8,7.3,2.4,22.3,7.18,19.7,23.5,6.4,21.0,6.79,17.0,5.333333333333333,18.619999999999997,17.3,29.029411764705884,-0.18437188679613672,-0.043262776048097765,0.4589908884889342,-0.3733874861702337,2.1153034320278636
10,0,LeBron James,PG,,2019-12-13,LAL,MIA,-5.5,212.0,108.8,10000,16,44.5,52.8,60.5,51.0,5.1,PG/SF,10000,1,35.0,27.0,102,103,-6%,22,21,20,33,33,35,53.1,55.5,43.9,67.1,35.5,53.9,5.4,37.4,58.8,5.9,51.0,5.1,53.9,35.5,5.4,52.45,5.25,33.666666666666664,21.0,54.410000000000004,52.6,55.30618811881189,2.5386548413319145,1.2691567981469905,2.6250206074927993,2.7685881161945503,0.6042038428172715
10,1,De'Anthony Melton,PG,,2019-12-13,MEM,MIL,12.5,229.0,108.3,3900,3,18.3,24.3,32.8,22.8,5.83,PG/SG,3900,1,21.0,16.0,107,99,5%,5,6,5,18,22,15,24.3,16.5,3.9,29.0,23.5,24.0,6.2,23.2,23.8,6.1,22.8,5.83,24.0,23.5,6.2,23.4,6.015000000000001,18.333333333333332,5.333333333333333,19.419999999999998,25.133333333333336,29.994545454545456,0.023426655254970393,-0.043262776048097765,0.5385481456970738,-0.3031561231668297,1.3548474699251312
10,2,Tobias Harris,SF,,2019-12-13,PHI,NO,-8.0,222.5,115.3,7200,26,24.0,41.1,50.0,39.8,5.52,SF/PF,7200,0,24.0,17.0,107,112,3%,19,22,16,34,37,35,44.8,37.1,28.9,45.4,35.0,41.0,5.7,37.5,40.8,5.7,39.8,5.52,41.0,35.0,5.7,40.4,5.609999999999999,35.333333333333336,19.0,39.32000000000001,38.36666666666667,40.0188679245283,1.4953329947836467,1.214472649222195,1.3648664158781953,1.4438490315428438,0.957447902632734
10,3,Bojan Bogdanovic,SF,,2019-12-13,UTA,GS,-14.0,212.0,113.0,5900,29,10.5,23.4,35.3,30.8,5.21,SF/PF,5900,1,25.0,16.0,103,110,4%,16,14,15,33,33,34,23.4,30.9,20.8,41.0,33.0,32.1,5.4,37.1,40.5,6.9,30.8,5.21,32.1,33.0,5.4,31.450000000000003,5.305,33.333333333333336,15.0,29.51,23.066666666666663,31.1355,0.7204175983847263,0.9957360535230138,0.6325985505177899,0.5826369427136027,0.6581716852890781
10,4,Tyus Jones,PG,,2019-12-13,MEM,MIL,12.5,229.0,108.3,3700,3,9.5,17.4,25.8,19.0,5.14,PG/SG,3700,1,19.0,11.0,107,99,5%,3,5,6,15,22,20,17.4,16.5,8.1,24.9,26.0,23.3,6.3,24.8,25.0,6.8,19.0,5.14,23.3,26.0,6.3,21.15,5.72,19.0,4.666666666666667,17.609999999999996,17.566666666666666,28.942105263157895,-0.17138447791794265,0.23015796857587895,0.4517940971296452,-0.4620545819620313,1.065383587576348
10,5,Ben Simmons,PG,,2019-12-13,PHI,NO,-8.0,222.5,115.3,8200,29,25.5,38.6,54.3,45.5,5.55,PG/SF,8200,0,22.0,18.0,107,112,16%,6,9,10,37,35,36,39.0,40.6,32.5,48.7,35.5,45.7,5.6,37.5,55.3,6.7,45.5,5.55,45.7,35.5,5.6,45.6,5.574999999999999,36.0,8.333333333333334,41.28,39.46666666666666,44.96666666666666,1.9455631692277127,1.2691567981469905,1.772720064845565,1.615915870901183,0.923104730150675
10,6,Omari Spellman,PF,,2019-12-13,GS,UTA,14.0,212.0,99.0,3100,6,9.3,15.3,27.3,22.3,7.18,PF/C,3100,1,19.0,17.0,103,103,0%,4,5,7,15,17,19,15.3,18.9,11.0,26.9,23.5,19.7,6.4,20.8,7.3,2.4,22.3,7.18,19.7,23.5,6.4,21.0,6.79,17.0,5.333333333333333,18.619999999999997,17.3,29.029411764705884,-0.18437188679613672,-0.043262776048097765,0.4589908884889342,-0.3733874861702337,2.1153034320278636
10,7,Buddy Hield,SG,,2019-12-13,SAC,NY,-8.5,210.0,109.3,7100,8,34.3,41.5,47.3,37.8,5.32,SG/SF,7100,1,28.0,16.0,100,111,-6%,22,22,19,35,37,35,41.6,36.3,26.6,46.0,34.5,38.4,5.4,36.4,56.5,8.0,37.8,5.32,38.4,34.5,5.4,38.099999999999994,5.36,35.666666666666664,21.0,37.72,41.03333333333333,36.853738317757006,1.296192725318002,1.1597885002973998,1.103960561203432,1.3033863055360353,0.7121395277608855
11,0,De'Anthony Melton,PG,,2019-12-13,MEM,MIL,12.5,229.0,108.3,3900,3,18.3,24.3,32.8,22.8,5.83,PG/SG,3900,1,21.0,16.0,107,99,5%,5,6,5,18,22,15,24.3,16.5,3.9,29.0,23.5,24.0,6.2,23.2,23.8,6.1,22.8,5.83,24.0,23.5,6.2,23.4,6.015000000000001,18.333333333333332,5.333333333333333,19.419999999999998,25.133333333333336,29.994545454545456,0.023426655254970393,-0.043262776048097765,0.5385481456970738,-0.3031561231668297,1.3548474699251312
11,1,Terrence Ross,SG,,2019-12-13,ORL,HOU,6.0,221.0,107.5,4300,17,12.3,24.7,31.8,24.5,5.7,SG/SF,4300,1,23.0,13.0,107,107,11%,13,12,11,30,25,25,24.7,21.1,14.2,27.9,26.5,25.2,5.9,27.5,24.3,5.7,24.5,5.7,25.2,26.5,5.9,24.85,5.800000000000001,26.666666666666668,12.0,22.55,22.933333333333334,24.6946875,0.14897160774418128,0.2848421175006743,0.10167378632571644,-0.028375915416011616,1.1438822675353408
11,2,LeBron James,PG,,2019-12-13,LAL,MIA,-5.5,212.0,108.8,10000,16,44.5,52.8,60.5,51.0,5.1,PG/SF,10000,1,35.0,27.0,102,103,-6%,22,21,20,33,33,35,53.1,55.5,43.9,67.1,35.5,53.9,5.4,37.4,58.8,5.9,51.0,5.1,53.9,35.5,5.4,52.45,5.25,33.666666666666664,21.0,54.410000000000004,52.6,55.30618811881189,2.5386548413319145,1.2691567981469905,2.6250206074927993,2.7685881161945503,0.6042038428172715
11,3,Paul George,SF,,2019-12-13,LAC,MIN,-4.5,228.5,116.5,8800,23,22.8,40.5,62.8,46.3,5.26,SF/PF,8800,1,31.0,22.0,106,110,5%,20,17,17,35,31,31,40.5,39.4,27.1,51.7,33.5,47.0,5.3,39.1,66.8,7.6,46.3,5.26,47.0,33.5,5.3,46.65,5.279999999999999,32.333333333333336,18.0,41.07000000000001,42.03333333333333,48.3332474226804,2.0364750313750717,1.050420202447809,2.050231806418568,1.5974801381127899,0.6336408478018928
11,4,Bogdan Bogdanovic,SG,,2019-12-13,SAC,NY,-8.5,210.0,109.3,4700,8,16.0,18.7,22.3,26.8,5.69,SG/SF,4700,1,25.0,15.0,100,111,-6%,12,11,12,31,27,28,18.6,27.1,15.3,38.8,27.5,26.5,5.6,28.7,17.3,3.7,26.8,5.69,26.5,27.5,5.6,26.65,5.645,28.666666666666668,11.666666666666666,25.29,19.0,25.565406976744185,0.30482051428251145,0.39421041535026496,0.1734483540324851,0.2121665028706467,0.991791075114793
11,5,Kawhi Leonard,SG,,2019-12-13,LAC,MIN,-4.5,228.5,116.5,9000,3,34.3,43.6,58.3,48.5,5.39,SG/SF,9000,1,35.0,25.0,106,110,5%,16,16,20,32,30,32,43.6,47.8,38.8,56.7,32.5,48.8,5.4,37.2,57.8,6.4,48.5,5.39,48.8,32.5,5.4,48.65,5.395,31.333333333333332,17.333333333333332,47.11000000000001,45.4,50.461436170212764,2.209640483084328,0.9410519045982184,2.2256612431456646,2.1277269287884897,0.7464827002429437
11,6,PJ Washington,PF,,2019-12-13,CHA,CHI,7.0,212.5,102.8,5600,25,23.0,28.4,41.0,32.3,5.76,PF/C,5600,1,17.0,15.0,104,104,8%,10,10,9,39,36,30,28.4,25.5,16.8,34.3,34.5,29.5,5.3,38.0,37.0,6.6,32.3,5.76,29.5,34.5,5.3,30.9,5.529999999999999,35.0,9.666666666666666,27.179999999999996,30.8,30.458571428571425,0.6727970991646806,1.1597885002973998,0.5767984255862546,0.37808809796618825,0.8789492226737422
11,7,Mike Scott,SF,,2019-12-13,PHI,NO,-8.0,222.5,115.3,3000,26,6.8,17.9,33.0,17.5,5.83,SF/PF,3000,0,13.0,10.0,107,112,3%,7,7,6,22,20,20,16.1,13.3,6.4,20.3,26.5,19.3,6.4,23.0,18.8,6.3,17.5,5.83,19.3,26.5,6.4,18.4,6.115,20.666666666666668,6.666666666666667,14.9,19.233333333333334,23.59354838709677,-0.4094869740181697,0.2848421175006743,0.010905420710226751,-0.6999633241360618,1.4529708198738704
12,0,Malcolm Brogdon,PG,,2019-12-13,IND,ATL,-6.0,224.0,115.0,7500,13,26.5,35.6,48.0,37.3,4.97,PG/SG,7500,1,28.0,22.0,105,112,-4%,13,13,15,30,31,33,35.6,40.1,31.3,48.8,32.5,38.7,5.2,32.1,47.5,6.3,37.3,4.97,38.7,32.5,5.2,38.0,5.085,31.333333333333332,13.666666666666666,38.760000000000005,36.699999999999996,39.41489361702128,1.2875344527325396,0.9410519045982184,1.3150800082174792,1.394687077440461,0.4423003154018509
12,1,Tyus Jones,PG,,2019-12-13,MEM,MIL,12.5,229.0,108.3,3700,3,9.5,17.4,25.8,19.0,5.14,PG/SG,3700,1,19.0,11.0,107,99,5%,3,5,6,15,22,20,17.4,16.5,8.1,24.9,26.0,23.3,6.3,24.8,25.0,6.8,19.0,5.14,23.3,26.0,6.3,21.15,5.72,19.0,4.666666666666667,17.609999999999996,17.566666666666666,28.942105263157895,-0.17138447791794265,0.23015796857587895,0.4517940971296452,-0.4620545819620313,1.065383587576348
12,2,Danuel House Jr.,SF,,2019-12-13,HOU,ORL,-6.0,221.0,113.5,4200,14,12.3,21.5,36.5,20.5,4.88,SF/PF,4200,1,14.0,14.0,100,103,1%,10,9,9,30,30,31,21.5,24.1,15.8,32.4,30.0,20.6,4.9,34.0,9.3,2.2,20.5,4.88,20.6,30.0,4.9,20.55,4.890000000000001,30.333333333333332,9.333333333333334,22.869999999999997,23.433333333333334,20.324175824175825,-0.22333411343071927,0.6676311599742417,-0.25859331986401574,-0.0002833702146503302,0.250959783001809
12,3,Tobias Harris,SF,,2019-12-13,PHI,NO,-8.0,222.5,115.3,7200,26,24.0,41.1,50.0,39.8,5.52,SF/PF,7200,0,24.0,17.0,107,112,3%,19,22,16,34,37,35,44.8,37.1,28.9,45.4,35.0,41.0,5.7,37.5,40.8,5.7,39.8,5.52,41.0,35.0,5.7,40.4,5.609999999999999,35.333333333333336,19.0,39.32000000000001,38.36666666666667,40.0188679245283,1.4953329947836467,1.214472649222195,1.3648664158781953,1.4438490315428438,0.957447902632734
12,4,Ben Simmons,PG,,2019-12-13,PHI,NO,-8.0,222.5,115.3,8200,29,25.5,38.6,54.3,45.5,5.55,PG/SF,8200,0,22.0,18.0,107,112,16%,6,9,10,37,35,36,39.0,40.6,32.5,48.7,35.5,45.7,5.6,37.5,55.3,6.7,45.5,5.55,45.7,35.5,5.6,45.6,5.574999999999999,36.0,8.333333333333334,41.28,39.46666666666666,44.96666666666666,1.9455631692277127,1.2691567981469905,1.772720064845565,1.615915870901183,0.923104730150675
12,5,Bogdan Bogdanovic,SG,,2019-12-13,SAC,NY,-8.5,210.0,109.3,4700,8,16.0,18.7,22.3,26.8,5.69,SG/SF,4700,1,25.0,15.0,100,111,-6%,12,11,12,31,27,28,18.6,27.1,15.3,38.8,27.5,26.5,5.6,28.7,17.3,3.7,26.8,5.69,26.5,27.5,5.6,26.65,5.645,28.666666666666668,11.666666666666666,25.29,19.0,25.565406976744185,0.30482051428251145,0.39421041535026496,0.1734483540324851,0.2121665028706467,0.991791075114793
12,6,PJ Washington,PF,,2019-12-13,CHA,CHI,7.0,212.5,102.8,5600,25,23.0,28.4,41.0,32.3,5.76,PF/C,5600,1,17.0,15.0,104,104,8%,10,10,9,39,36,30,28.4,25.5,16.8,34.3,34.5,29.5,5.3,38.0,37.0,6.6,32.3,5.76,29.5,34.5,5.3,30.9,5.529999999999999,35.0,9.666666666666666,27.179999999999996,30.8,30.458571428571425,0.6727970991646806,1.1597885002973998,0.5767984255862546,0.37808809796618825,0.8789492226737422
12,7,Paul George,SF,,2019-12-13,LAC,MIN,-4.5,228.5,116.5,8800,23,22.8,40.5,62.8,46.3,5.26,SF/PF,8800,1,31.0,22.0,106,110,5%,20,17,17,35,31,31,40.5,39.4,27.1,51.7,33.5,47.0,5.3,39.1,66.8,7.6,46.3,5.26,47.0,33.5,5.3,46.65,5.279999999999999,32.333333333333336,18.0,41.07000000000001,42.03333333333333,48.3332474226804,2.0364750313750717,1.050420202447809,2.050231806418568,1.5974801381127899,0.6336408478018928
13,0,De'Anthony Melton,PG,,2019-12-13,MEM,MIL,12.5,229.0,108.3,3900,3,18.3,24.3,32.8,22.8,5.83,PG/SG,3900,1,21.0,16.0,107,99,5%,5,6,5,18,22,15,24.3,16.5,3.9,29.0,23.5,24.0,6.2,23.2,23.8,6.1,22.8,5.83,24.0,23.5,6.2,23.4,6.015000000000001,18.333333333333332,5.333333333333333,19.419999999999998,25.133333333333336,29.994545454545456,0.023426655254970393,-0.043262776048097765,0.5385481456970738,-0.3031561231668297,1.3548474699251312
13,1,Bogdan Bogdanovic,SG,,2019-12-13,SAC,NY,-8.5,210.0,109.3,4700,8,16.0,18.7,22.3,26.8,5.69,SG/SF,4700,1,25.0,15.0,100,111,-6%,12,11,12,31,27,28,18.6,27.1,15.3,38.8,27.5,26.5,5.6,28.7,17.3,3.7,26.8,5.69,26.5,27.5,5.6,26.65,5.645,28.666666666666668,11.666666666666666,25.29,19.0,25.565406976744185,0.30482051428251145,0.39421041535026496,0.1734483540324851,0.2121665028706467,0.991791075114793
13,2,LeBron James,PG,,2019-12-13,LAL,MIA,-5.5,212.0,108.8,10000,16,44.5,52.8,60.5,51.0,5.1,PG/SF,10000,1,35.0,27.0,102,103,-6%,22,21,20,33,33,35,53.1,55.5,43.9,67.1,35.5,53.9,5.4,37.4,58.8,5.9,51.0,5.1,53.9,35.5,5.4,52.45,5.25,33.666666666666664,21.0,54.410000000000004,52.6,55.30618811881189,2.5386548413319145,1.2691567981469905,2.6250206074927993,2.7685881161945503,0.6042038428172715
13,3,PJ Washington,PF,,2019-12-13,CHA,CHI,7.0,212.5,102.8,5600,25,23.0,28.4,41.0,32.3,5.76,PF/C,5600,1,17.0,15.0,104,104,8%,10,10,9,39,36,30,28.4,25.5,16.8,34.3,34.5,29.5,5.3,38.0,37.0,6.6,32.3,5.76,29.5,34.5,5.3,30.9,5.529999999999999,35.0,9.666666666666666,27.179999999999996,30.8,30.458571428571425,0.6727970991646806,1.1597885002973998,0.5767984255862546,0.37808809796618825,0.8789492226737422
13,4,Josh Okogie,SG,,2019-12-13,MIN,LAC,4.5,228.5,112.0,4000,27,14.5,19.6,25.5,21.3,5.31,SG/SF,4000,1,15.0,13.0,106,103,-4%,8,7,7,30,29,26,19.6,20.3,13.1,27.5,29.0,21.2,5.3,31.4,12.5,3.1,21.3,5.31,21.2,29.0,5.3,21.25,5.305,28.333333333333332,7.333333333333333,20.35,19.866666666666667,21.75,-0.16272620533247972,0.558262862124651,-0.1410607314943329,-0.22151216367537235,0.6581716852890781
13,5,Paul George,SF,,2019-12-13,LAC,MIN,-4.5,228.5,116.5,8800,23,22.8,40.5,62.8,46.3,5.26,SF/PF,8800,1,31.0,22.0,106,110,5%,20,17,17,35,31,31,40.5,39.4,27.1,51.7,33.5,47.0,5.3,39.1,66.8,7.6,46.3,5.26,47.0,33.5,5.3,46.65,5.279999999999999,32.333333333333336,18.0,41.07000000000001,42.03333333333333,48.3332474226804,2.0364750313750717,1.050420202447809,2.050231806418568,1.5974801381127899,0.6336408478018928
13,6,Willie Cauley-Stein,C,,2019-12-13,GS,UTA,14.0,212.0,99.0,4500,25,16.5,23.4,35.5,23.8,5.28,C,4500,1,15.0,17.0,103,103,3%,8,6,7,23,22,23,23.4,22.6,16.4,28.8,25.0,23.2,5.2,23.4,17.3,3.8,23.8,5.28,23.2,25.0,5.2,23.5,5.24,22.666666666666668,7.0,22.939999999999998,25.133333333333336,25.91911764705882,0.03208492784043332,0.12078967072628827,0.20260519631426507,0.0058618740481475385,0.5943915078223977
13,7,RJ Barrett,PG,,2019-12-13,NY,SAC,8.5,210.0,100.8,6100,26,5.5,23.7,44.5,27.0,4.43,PG/SG,6100,1,24.0,11.0,100,108,-13%,13,11,13,33,29,32,23.7,28.7,17.6,39.7,32.0,28.5,4.7,31.4,16.0,2.6,27.0,4.43,28.5,32.0,4.7,27.75,4.5649999999999995,31.333333333333332,12.333333333333334,27.49,24.566666666666666,28.340425531914896,0.4000615127226024,0.8863677556734231,0.4021968344505438,0.40530275113000747,-0.0679411043315962
14,0,LeBron James,PG,,2019-12-13,LAL,MIA,-5.5,212.0,108.8,10000,16,44.5,52.8,60.5,51.0,5.1,PG/SF,10000,1,35.0,27.0,102,103,-6%,22,21,20,33,33,35,53.1,55.5,43.9,67.1,35.5,53.9,5.4,37.4,58.8,5.9,51.0,5.1,53.9,35.5,5.4,52.45,5.25,33.666666666666664,21.0,54.410000000000004,52.6,55.30618811881189,2.5386548413319145,1.2691567981469905,2.6250206074927993,2.7685881161945503,0.6042038428172715
14,1,Malcolm Brogdon,PG,,2019-12-13,IND,ATL,-6.0,224.0,115.0,7500,13,26.5,35.6,48.0,37.3,4.97,PG/SG,7500,1,28.0,22.0,105,112,-4%,13,13,15,30,31,33,35.6,40.1,31.3,48.8,32.5,38.7,5.2,32.1,47.5,6.3,37.3,4.97,38.7,32.5,5.2,38.0,5.085,31.333333333333332,13.666666666666666,38.760000000000005,36.699999999999996,39.41489361702128,1.2875344527325396,0.9410519045982184,1.3150800082174792,1.394687077440461,0.4423003154018509
14,2,Joe Ingles,SG,,2019-12-13,UTA,GS,-14.0,212.0,113.0,5800,6,12.0,31.7,39.3,28.0,4.83,SG/SF,5800,1,15.0,10.0,103,110,4%,11,9,7,35,31,29,31.7,21.9,12.4,31.3,33.5,29.5,5.1,33.7,31.0,5.3,28.0,4.83,29.5,33.5,5.1,28.75,4.965,31.666666666666668,9.0,25.21,27.666666666666668,30.414473684210524,0.48664423857723044,1.050420202447809,0.5731633897074406,0.20514336657030646,0.3245522954633631
14,3,Richaun Holmes,PF,,2019-12-13,SAC,NY,-8.5,210.0,109.3,5600,27,23.3,36.4,49.5,29.3,5.22,PF/C,5600,1,15.0,21.0,100,111,7%,7,9,8,31,34,29,36.4,29.5,17.9,41.2,28.0,29.0,5.2,26.6,9.8,1.8,29.3,5.22,29.0,28.0,5.2,29.15,5.21,31.333333333333332,8.0,30.830000000000002,36.4,26.048936170212766,0.5212773289190815,0.4488945642750603,0.21330631031087227,0.6985186916692192,0.5649545028377756
14,4,T.J. McConnell,PG,,2019-12-13,IND,ATL,-6.0,224.0,115.0,3400,13,5.3,16.5,26.0,18.8,5.51,PG,3400,1,22.0,16.0,105,112,-4%,6,5,6,22,18,18,16.4,17.8,9.8,25.7,20.5,19.2,5.6,15.8,21.3,6.3,18.8,5.51,19.2,20.5,5.6,19.0,5.555,19.333333333333332,5.666666666666667,17.740000000000002,15.933333333333332,20.146551724137932,-0.35753733850539277,-0.3713676695968698,-0.27323511131927813,-0.45064198547397766,0.9034800601609274
14,5,Kyle Anderson,SF,,2019-12-13,MEM,MIL,12.5,229.0,108.3,3000,6,5.5,14.1,27.5,17.3,5.75,SF/PF,3000,1,15.0,14.0,107,99,-12%,3,4,5,13,18,20,14.1,18.2,10.7,25.6,18.5,16.1,5.4,18.5,15.5,5.2,17.3,5.75,16.1,18.5,5.4,16.700000000000003,5.575,17.0,4.0,17.06,15.700000000000001,18.173529411764708,-0.5566776079710369,-0.5901042652960512,-0.4358739718578287,-0.5103386440268712,0.9231047301506758
14,6,Damian Jones,C,,2019-12-13,ATL,IND,6.0,224.0,109.0,4000,19,5.5,20.8,33.0,19.3,4.81,C,4000,1,13.0,17.0,102,102,6%,4,5,5,14,21,19,20.8,16.5,8.8,24.2,20.0,18.0,4.5,18.4,18.5,4.6,19.3,4.81,18.0,20.0,4.5,18.65,4.654999999999999,18.0,4.666666666666667,17.79,19.766666666666666,20.72222222222222,-0.3878412925545127,-0.4260518185216652,-0.22578182441677402,-0.44625252528626513,0.020369910622269432
14,7,De'Anthony Melton,PG,,2019-12-13,MEM,MIL,12.5,229.0,108.3,3900,3,18.3,24.3,32.8,22.8,5.83,PG/SG,3900,1,21.0,16.0,107,99,5%,5,6,5,18,22,15,24.3,16.5,3.9,29.0,23.5,24.0,6.2,23.2,23.8,6.1,22.8,5.83,24.0,23.5,6.2,23.4,6.015000000000001,18.333333333333332,5.333333333333333,19.419999999999998,25.133333333333336,29.994545454545456,0.023426655254970393,-0.043262776048097765,0.5385481456970738,-0.3031561231668297,1.3548474699251312
15,0,Devonte' Graham,PG,,2019-12-13,CHA,CHI,7.0,212.5,102.8,8300,6,36.0,50.2,63.3,35.0,4.22,PG,8300,1,28.0,20.0,104,104,-13%,20,20,16,36,35,34,50.5,38.8,27.8,49.8,36.0,38.0,4.6,37.0,36.3,4.4,35.0,4.22,38.0,36.0,4.6,36.5,4.41,35.0,18.666666666666668,40.68,49.833333333333336,37.542857142857144,1.1576603639505976,1.3238409470717858,1.160765545002698,1.5632423486486298,-0.22003229675214217
15,1,Jrue Holiday,PG,,2019-12-13,NO,PHI,8.0,222.5,107.3,7400,9,22.8,36.4,49.8,37.3,5.03,PG/SG,7400,1,26.0,17.0,102,101,-8%,16,17,17,36,37,36,39.7,41.1,30.9,51.4,35.5,37.4,5.1,34.6,37.0,5.0,37.3,5.03,37.4,35.5,5.1,37.349999999999994,5.0649999999999995,36.333333333333336,16.666666666666668,40.09,36.333333333333336,36.4933486238532,1.231255680927031,1.2691567981469905,1.0742531580996881,1.5114467184336198,0.4226756454121025
15,2,Mike Scott,SF,,2019-12-13,PHI,NO,-8.0,222.5,115.3,3000,26,6.8,17.9,33.0,17.5,5.83,SF/PF,3000,0,13.0,10.0,107,112,3%,7,7,6,22,20,20,16.1,13.3,6.4,20.3,26.5,19.3,6.4,23.0,18.8,6.3,17.5,5.83,19.3,26.5,6.4,18.4,6.115,20.666666666666668,6.666666666666667,14.9,19.233333333333334,23.59354838709677,-0.4094869740181697,0.2848421175006743,0.010905420710226751,-0.6999633241360618,1.4529708198738704
15,3,Robert Covington,SF,,2019-12-13,MIN,LAC,4.5,228.5,112.0,5000,13,6.0,25.4,36.0,26.5,5.3,SF/PF,5000,1,17.0,14.0,106,103,-5%,9,10,9,28,30,28,25.6,25.6,17.1,34.2,29.0,26.7,5.3,32.9,24.3,4.9,26.5,5.3,26.7,29.0,5.3,26.6,5.3,28.666666666666668,9.333333333333334,25.82,22.46666666666667,26.909302325581397,0.3004913779897803,0.558262862124651,0.28422743992890276,0.25869478086040193,0.6532655177916412
15,4,Jordan Poole,SG,,2019-12-13,GS,UTA,14.0,212.0,99.0,3000,16,1.0,8.8,25.3,10.0,3.33,SG/SF,3000,1,21.0,4.0,103,103,-1%,4,6,10,15,19,25,10.8,16.0,9.1,23.0,13.0,8.0,2.7,9.6,9.0,3.0,10.0,3.33,8.0,13.0,2.7,9.0,3.015,19.666666666666668,6.666666666666667,13.580000000000002,11.700000000000001,5.949152542372881,-1.2233645970516729,-1.1916299034688,-1.4435456602941703,-0.8158450730916781,-1.5888530285370615
15,5,Ben Simmons,PG,,2019-12-13,PHI,NO,-8.0,222.5,115.3,8200,29,25.5,38.6,54.3,45.5,5.55,PG/SF,8200,0,22.0,18.0,107,112,16%,6,9,10,37,35,36,39.0,40.6,32.5,48.7,35.5,45.7,5.6,37.5,55.3,6.7,45.5,5.55,45.7,35.5,5.6,45.6,5.574999999999999,36.0,8.333333333333334,41.28,39.46666666666666,44.96666666666666,1.9455631692277127,1.2691567981469905,1.772720064845565,1.615915870901183,0.923104730150675
15,6,Kyle O'Quinn,PF,,2019-12-13,PHI,NO,-8.0,222.5,115.3,3700,21,3.3,13.6,36.3,12.5,3.38,PF/C,3700,0,,,107,112,-1%,7,3,3,20,12,11,13.6,12.4,2.7,22.0,14.5,15.6,4.2,5.0,5.8,1.6,12.5,3.38,15.6,14.5,4.2,14.05,3.79,14.333333333333334,4.333333333333333,12.95,17.73333333333333,14.213372093023256,-0.7861218314858014,-1.0275774566944138,-0.7623150211223927,-0.8711522714568589,-0.8283970664343286
15,7,Andrew Wiggins,SG,,2019-12-13,MIN,LAC,4.5,228.5,112.0,7200,27,25.0,37.7,44.5,35.5,4.93,SG/SF,7200,1,29.0,20.0,106,103,-5%,21,19,21,37,34,35,37.6,40.0,30.0,50.0,35.0,37.6,5.2,39.3,41.8,5.8,35.5,4.93,37.6,35.0,5.2,36.55,5.0649999999999995,35.333333333333336,20.333333333333332,38.83,35.733333333333334,36.205188679245275,1.1619895002433287,1.214472649222195,1.050499749559917,1.400832321703258,0.4226756454121025
16,0,D.J. Augustin,PG,,2019-12-13,ORL,HOU,6.0,221.0,107.5,4400,21,7.8,24.5,34.5,21.8,4.94,PG,4400,1,20.0,13.0,107,107,-7%,8,8,8,25,26,26,24.4,20.6,13.8,27.5,24.5,21.6,4.9,26.2,15.5,3.5,21.8,4.94,21.6,24.5,4.9,21.700000000000003,4.92,25.666666666666668,8.0,21.6,22.266666666666666,20.713636363636365,-0.12376397869789688,0.06610552180149291,-0.22648956819057314,-0.11177565898255372,0.2803967879864303
16,1,Damion Lee,SG,,2019-12-13,GS,UTA,14.0,212.0,99.0,3100,16,7.3,14.8,25.5,15.3,4.92,SG/SF,3100,1,21.0,12.0,103,103,-13%,9,9,9,19,23,23,14.8,19.3,8.2,30.4,22.0,16.7,5.4,25.9,26.3,8.5,15.3,4.92,16.7,22.0,5.4,16.0,5.16,21.666666666666668,9.0,17.740000000000002,15.866666666666667,16.246153846153845,-0.6172855160692768,-0.2073152228224838,-0.5947501101837793,-0.45064198547397766,0.5158928278634058
16,2,Pat Connaughton,SG,,2019-12-13,MIL,MEM,-12.5,229.0,120.8,3600,2,0.0,13.9,20.0,14.8,4.1,SG/SF,3600,1,13.0,14.0,106,109,7%,4,4,4,17,18,18,19.4,15.4,7.7,23.2,14.0,11.6,3.2,16.2,10.3,2.9,14.8,4.1,11.6,14.0,3.2,13.2,3.65,17.666666666666668,4.0,15.780000000000001,11.299999999999999,10.460377358490565,-0.8597171484622353,-1.0822616056192094,-1.071679382287364,-0.6227088248323174,-0.9657697563625645
16,3,Marvin Bagley III,PF,,2019-12-13,SAC,NY,-8.5,210.0,109.3,6200,27,20.0,31.6,40.5,30.5,4.92,PF/C,6200,1,,,100,111,7%,15,15,15,25,25,25,25.8,25.8,17.6,33.9,25.5,30.3,4.9,21.4,21.8,3.5,30.5,4.92,30.3,25.5,4.9,30.4,4.91,25.0,15.0,26.7,30.7,31.008,0.6295057362373665,0.1754738196510836,0.6220885554768707,0.33594928016414616,0.27058445299155653
16,4,Devonte' Graham,PG,,2019-12-13,CHA,CHI,7.0,212.5,102.8,8300,6,36.0,50.2,63.3,35.0,4.22,PG,8300,1,28.0,20.0,104,104,-13%,20,20,16,36,35,34,50.5,38.8,27.8,49.8,36.0,38.0,4.6,37.0,36.3,4.4,35.0,4.22,38.0,36.0,4.6,36.5,4.41,35.0,18.666666666666668,40.68,49.833333333333336,37.542857142857144,1.1576603639505976,1.3238409470717858,1.160765545002698,1.5632423486486298,-0.22003229675214217
16,5,Thabo Sefolosha,SF,,2019-12-13,HOU,ORL,-6.0,221.0,113.5,3000,14,0.8,6.1,16.8,5.8,1.92,SF/PF,3000,1,11.0,8.0,100,103,-8%,2,2,2,11,10,11,6.1,7.3,2.6,12.1,0.0,0.0,0.0,4.5,0.8,0.3,5.8,1.92,0.0,0.0,0.0,2.9,0.96,10.666666666666666,2.0,6.2,7.8999999999999995,0.0,-1.751519224764904,-2.613417775513479,-1.9339422384746396,-1.4637293967980796,-3.6052878699836635
16,6,Rudy Gobert,C,,2019-12-13,UTA,GS,-14.0,212.0,113.0,8300,6,31.0,43.6,52.5,41.5,5.0,C,8300,1,16.0,21.0,103,110,0%,11,11,9,35,33,34,43.6,39.9,30.4,49.4,34.0,43.1,5.2,36.4,42.3,5.1,41.5,5.0,43.1,34.0,5.2,42.3,5.1,34.0,10.333333333333334,41.120000000000005,42.36666666666667,42.3,1.6598401739074398,1.1051043513726044,1.5529031751008533,1.6018695983005025,0.45701881789416154
16,7,Domantas Sabonis,PF,,2019-12-13,IND,ATL,-6.0,224.0,115.0,8100,17,39.8,47.5,56.5,45.8,5.65,PF/C,8100,1,24.0,20.0,105,112,3%,15,14,14,35,36,35,47.0,43.7,36.5,50.9,34.5,45.0,5.6,32.0,33.0,4.1,45.8,5.65,45.0,34.5,5.6,45.4,5.625,35.333333333333336,14.333333333333334,44.7,47.93333333333334,44.329245283018864,1.9282466240567868,1.1597885002973998,1.7201765700917289,1.916154947740735,0.9721664051250455
17,0,LeBron James,PG,,2019-12-13,LAL,MIA,-5.5,212.0,108.8,10000,16,44.5,52.8,60.5,51.0,5.1,PG/SF,10000,1,35.0,27.0,102,103,-6%,22,21,20,33,33,35,53.1,55.5,43.9,67.1,35.5,53.9,5.4,37.4,58.8,5.9,51.0,5.1,53.9,35.5,5.4,52.45,5.25,33.666666666666664,21.0,54.410000000000004,52.6,55.30618811881189,2.5386548413319145,1.2691567981469905,2.6250206074927993,2.7685881161945503,0.6042038428172715
17,1,Justin Holiday,SG,,2019-12-13,IND,ATL,-6.0,224.0,115.0,3600,30,13.3,19.5,31.5,18.3,5.07,SG/SF,3600,1,13.0,12.0,105,112,10%,11,8,7,28,26,25,19.3,19.0,11.1,27.0,25.0,18.4,5.1,22.1,10.5,2.9,18.3,5.07,18.4,25.0,5.1,18.35,5.085,26.333333333333332,8.666666666666666,18.95,21.433333333333334,17.42088607594937,-0.4138161103109009,0.12078967072628827,-0.49791536579508344,-0.3444170489313294,0.4423003154018509
17,2,Jae Crowder,SF,,2019-12-13,MEM,MIL,12.5,229.0,108.3,5100,6,11.0,24.0,32.8,25.0,4.9,SF/PF,5100,1,16.0,11.0,107,99,-3%,9,10,9,31,31,31,24.0,25.7,16.9,34.5,31.5,26.5,5.2,33.0,40.8,8.0,25.0,4.9,26.5,31.5,5.2,25.75,5.050000000000001,31.0,9.333333333333334,25.369999999999997,22.599999999999998,26.165322580645164,0.22689606101334636,0.8316836067486277,0.22290019734204772,0.21918963917098694,0.40795714291979274
17,3,Marquese Chriss,PF,,2019-12-13,GS,UTA,14.0,212.0,99.0,3800,6,6.5,16.9,36.5,26.8,7.04,PF/C,3800,1,19.0,17.0,103,103,0%,7,7,6,18,17,18,16.9,19.1,10.3,27.8,24.0,22.2,5.8,23.1,42.8,11.3,26.8,7.04,22.2,24.0,5.8,24.5,6.42,17.666666666666668,6.666666666666667,19.72,19.966666666666665,33.283018867924525,0.11866765369506134,0.01142137287669758,0.80962139484851,-0.2768193620405532,1.7522470372175265
17,4,Glenn Robinson III,SG,,2019-12-13,GS,UTA,14.0,212.0,99.0,4500,16,10.5,21.0,32.8,22.0,4.89,SG/SF,4500,1,15.0,12.0,103,103,-13%,11,11,10,34,33,33,20.9,23.3,14.7,31.8,34.0,22.6,5.0,31.6,23.0,5.1,22.0,4.89,22.6,34.0,5.0,22.3,4.945,33.333333333333336,10.666666666666666,22.6,21.433333333333334,22.746,-0.07181434318512024,1.1051043513726044,-0.0589591231746831,-0.023986455228298807,0.30492762547361557
17,5,Jeff Green,SF,,2019-12-13,UTA,GS,-14.0,212.0,113.0,3400,29,5.3,13.5,24.3,16.8,4.93,SF/PF,3400,1,19.0,11.0,103,110,4%,6,7,7,15,19,19,13.4,14.4,8.0,20.8,19.0,14.3,4.2,16.2,6.3,1.9,16.8,4.93,14.3,19.0,4.2,15.55,4.5649999999999995,17.666666666666668,6.666666666666667,14.430000000000001,14.366666666666667,16.723584905660378,-0.6562477427038593,-0.5354201163712559,-0.5553948312206861,-0.7412242499005615,-0.0679411043315962
17,6,Gary Clark,PF,,2019-12-13,HOU,ORL,-6.0,221.0,113.5,3000,11,2.0,14.2,28.5,9.5,3.17,PF/C,3000,1,,,100,103,1%,4,5,3,16,19,12,14.2,9.0,-1.0,19.0,0.0,0.0,0.0,14.0,17.3,5.8,9.5,3.17,0.0,0.0,0.0,4.75,1.585,15.666666666666666,4.0,9.190000000000001,14.9,0.0,-1.591341181933842,-2.613417775513479,-1.9339422384746396,-1.201239677572857,-2.99201693280404
17,7,PJ Washington,PF,,2019-12-13,CHA,CHI,7.0,212.5,102.8,5600,25,23.0,28.4,41.0,32.3,5.76,PF/C,5600,1,17.0,15.0,104,104,8%,10,10,9,39,36,30,28.4,25.5,16.8,34.3,34.5,29.5,5.3,38.0,37.0,6.6,32.3,5.76,29.5,34.5,5.3,30.9,5.529999999999999,35.0,9.666666666666666,27.179999999999996,30.8,30.458571428571425,0.6727970991646806,1.1597885002973998,0.5767984255862546,0.37808809796618825,0.8789492226737422
18,0,D'Angelo Russell,PG,,2019-12-13,GS,UTA,14.0,212.0,99.0,7700,19,22.3,31.4,50.8,38.5,5.0,PG/SG,7700,1,33.0,20.0,103,103,-1%,25,16,18,35,30,31,31.4,38.8,21.2,56.5,34.0,41.4,5.4,30.4,32.8,4.3,38.5,5.0,41.4,34.0,5.4,39.95,5.2,32.0,19.666666666666668,37.56999999999999,34.833333333333336,42.446875000000006,1.4563707681490645,1.1051043513726044,1.5650102772313244,1.2902179249728964,0.5551421678429018
18,1,Wes Iwundu,SG,,2019-12-13,ORL,HOU,6.0,221.0,107.5,3200,17,5.3,11.1,17.3,7.8,2.42,SG/SF,3200,1,14.0,8.0,107,107,11%,4,5,3,18,19,15,11.1,8.8,4.0,13.7,0.0,0.0,0.0,4.3,4.8,1.5,7.8,2.42,0.0,0.0,0.0,3.9,1.21,17.333333333333332,4.0,8.299999999999999,11.233333333333334,0.0,-1.664936498910276,-2.613417775513479,-1.9339422384746396,-1.2793720689141443,-3.359979495111814
18,2,Doug McDermott,SF,,2019-12-13,IND,ATL,-6.0,224.0,115.0,3300,11,14.3,21.1,26.5,15.5,4.7,SF/PF,3300,1,18.0,12.0,105,112,21%,10,9,8,24,20,21,21.1,15.8,7.9,23.6,19.0,14.4,4.4,28.6,23.0,7.0,15.5,4.7,14.4,19.0,4.4,14.95,4.550000000000001,21.666666666666668,9.0,16.67,20.633333333333336,13.11,-0.7081973782166363,-0.5354201163712559,-0.8532674542671996,-0.5445764334910305,-0.08265960682390597
18,3,Taj Gibson,PF,,2019-12-13,NY,SAC,8.5,210.0,100.8,3100,9,8.5,13.4,24.5,14.3,4.6,PF/C,3100,1,14.0,14.0,100,108,-13%,2,3,5,15,17,17,13.3,14.2,7.2,21.1,15.0,12.6,4.1,22.7,21.3,6.9,14.3,4.6,12.6,15.0,4.1,13.45,4.35,16.333333333333332,3.3333333333333335,13.85,15.466666666666667,12.35204081632653,-0.8380714669985784,-0.9728933077696186,-0.9157470406329031,-0.7921419880780295,-0.2789063067213865
18,4,Buddy Hield,SG,,2019-12-13,SAC,NY,-8.5,210.0,109.3,7100,8,34.3,41.5,47.3,37.8,5.32,SG/SF,7100,1,28.0,16.0,100,111,-6%,22,22,19,35,37,35,41.6,36.3,26.6,46.0,34.5,38.4,5.4,36.4,56.5,8.0,37.8,5.32,38.4,34.5,5.4,38.099999999999994,5.36,35.666666666666664,21.0,37.72,41.03333333333333,36.853738317757006,1.296192725318002,1.1597885002973998,1.103960561203432,1.3033863055360353,0.7121395277608855
18,5,Andrew Wiggins,SG,,2019-12-13,MIN,LAC,4.5,228.5,112.0,7200,27,25.0,37.7,44.5,35.5,4.93,SG/SF,7200,1,29.0,20.0,106,103,-5%,21,19,21,37,34,35,37.6,40.0,30.0,50.0,35.0,37.6,5.2,39.3,41.8,5.8,35.5,4.93,37.6,35.0,5.2,36.55,5.0649999999999995,35.333333333333336,20.333333333333332,38.83,35.733333333333334,36.205188679245275,1.1619895002433287,1.214472649222195,1.050499749559917,1.400832321703258,0.4226756454121025
18,6,Jaxson Hayes,C,,2019-12-13,NO,PHI,8.0,222.5,107.3,4200,9,18.5,24.3,34.3,13.8,3.27,C,4200,1,15.0,18.0,102,101,-10%,6,6,6,23,26,22,24.9,20.5,13.6,27.4,19.5,15.8,3.8,18.4,14.8,3.5,13.8,3.27,15.8,19.5,3.8,14.8,3.535,23.666666666666668,6.0,20.24,25.7,12.194366197183097,-0.7211847870948304,-0.4807359674464605,-0.928744369772325,-0.23116897608834067,-1.0786116088036148
18,7,Ivica Zubac,C,,2019-12-13,LAC,MIN,-4.5,228.5,116.5,4500,21,11.3,22.8,33.0,22.0,4.89,C,4500,1,18.0,23.0,106,110,0%,7,6,6,18,19,17,22.8,20.8,12.5,29.1,19.0,19.7,4.4,16.5,15.8,3.5,22.0,4.89,19.7,19.0,4.4,20.85,4.645,18.0,6.333333333333333,21.21,22.366666666666664,22.008333333333336,-0.1973592956743308,-0.5354201163712559,-0.11976597030031368,-0.14601344844671318,0.010557575627395668
19,0,Eric Bledsoe,PG,,2019-12-13,MIL,MEM,-12.5,229.0,120.8,6700,23,22.0,30.6,46.8,32.5,4.85,PG,6700,1,25.0,19.0,106,109,6%,11,9,12,29,25,28,30.4,32.8,23.1,42.4,27.0,32.5,4.9,17.0,24.0,3.6,32.5,4.85,32.5,27.0,4.9,32.5,4.875,27.333333333333332,10.666666666666666,32.239999999999995,33.13333333333333,32.103658536585364,0.8113294605320854,0.3395262664254696,0.7124051498772848,0.8223014689627179,0.2362412805094975
19,1,Kawhi Leonard,SG,,2019-12-13,LAC,MIN,-4.5,228.5,116.5,9000,3,34.3,43.6,58.3,48.5,5.39,SG/SF,9000,1,35.0,25.0,106,110,5%,16,16,20,32,30,32,43.6,47.8,38.8,56.7,32.5,48.8,5.4,37.2,57.8,6.4,48.5,5.39,48.8,32.5,5.4,48.65,5.395,31.333333333333332,17.333333333333332,47.11000000000001,45.4,50.461436170212764,2.209640483084328,0.9410519045982184,2.2256612431456646,2.1277269287884897,0.7464827002429437
19,2,Jordan Poole,SG,,2019-12-13,GS,UTA,14.0,212.0,99.0,3000,16,1.0,8.8,25.3,10.0,3.33,SG/SF,3000,1,21.0,4.0,103,103,-1%,4,6,10,15,19,25,10.8,16.0,9.1,23.0,13.0,8.0,2.7,9.6,9.0,3.0,10.0,3.33,8.0,13.0,2.7,9.0,3.015,19.666666666666668,6.666666666666667,13.580000000000002,11.700000000000001,5.949152542372881,-1.2233645970516729,-1.1916299034688,-1.4435456602941703,-0.8158450730916781,-1.5888530285370615
19,3,Kevon Looney,PF,,2019-12-13,GS,UTA,14.0,212.0,99.0,3000,6,3.3,7.1,12.3,15.5,5.17,PF/C,3000,1,,,103,103,-7%,2,3,3,8,10,10,7.1,8.5,3.9,13.2,17.0,14.1,4.7,18.4,8.0,2.7,15.5,5.17,14.1,17.0,4.7,14.8,4.9350000000000005,9.333333333333334,2.6666666666666665,9.5,7.566666666666666,26.957142857142856,-0.7211847870948304,-0.7541567120704372,0.28817099874824287,-1.1740250244090382,0.2951152904787418
19,4,JJ Redick,SG,,2019-12-13,NO,PHI,8.0,222.5,107.3,4900,7,11.5,26.2,37.0,21.0,4.29,SG/SF,4900,1,19.0,16.0,102,101,-4%,13,12,11,27,29,29,26.1,24.9,14.6,35.1,28.5,22.7,4.6,34.2,29.8,6.1,21.0,4.29,22.7,28.5,4.6,21.85,4.445,28.333333333333332,12.0,24.509999999999998,24.900000000000002,21.978529411764708,-0.1107765698197028,0.5035787131998557,-0.12222274730334291,0.14369092394232777,-0.1856891242700831
19,5,Doug McDermott,SF,,2019-12-13,IND,ATL,-6.0,224.0,115.0,3300,11,14.3,21.1,26.5,15.5,4.7,SF/PF,3300,1,18.0,12.0,105,112,21%,10,9,8,24,20,21,21.1,15.8,7.9,23.6,19.0,14.4,4.4,28.6,23.0,7.0,15.5,4.7,14.4,19.0,4.4,14.95,4.550000000000001,21.666666666666668,9.0,16.67,20.633333333333336,13.11,-0.7081973782166363,-0.5354201163712559,-0.8532674542671996,-0.5445764334910305,-0.08265960682390597
19,6,Taj Gibson,PF,,2019-12-13,NY,SAC,8.5,210.0,100.8,3100,9,8.5,13.4,24.5,14.3,4.6,PF/C,3100,1,14.0,14.0,100,108,-13%,2,3,5,15,17,17,13.3,14.2,7.2,21.1,15.0,12.6,4.1,22.7,21.3,6.9,14.3,4.6,12.6,15.0,4.1,13.45,4.35,16.333333333333332,3.3333333333333335,13.85,15.466666666666667,12.35204081632653,-0.8380714669985784,-0.9728933077696186,-0.9157470406329031,-0.7921419880780295,-0.2789063067213865
19,7,Jarrett Culver,PG,,2019-12-13,MIN,LAC,4.5,228.5,112.0,3800,5,9.3,19.2,36.0,18.5,4.87,PG/SG,3800,1,21.0,9.0,106,103,2%,6,8,10,18,23,24,19.2,19.9,11.4,28.3,23.5,19.7,5.2,17.6,2.5,0.7,18.5,4.87,19.7,23.5,5.2,19.1,5.035,21.666666666666668,8.0,19.580000000000002,21.5,20.716153846153848,-0.34887906591992984,-0.043262776048097765,-0.2262820487492057,-0.28910985056614863,0.3932386404274812
20,0,Michael Carter-Williams,PG,,2019-12-13,ORL,HOU,6.0,221.0,107.5,3500,21,1.3,13.1,20.8,16.0,4.57,PG/SG,3500,1,19.0,12.0,107,107,-7%,5,4,5,19,15,16,13.1,14.0,5.5,22.5,17.0,15.9,4.5,21.4,20.8,5.9,16.0,4.57,15.9,17.0,4.5,15.95,4.535,16.666666666666668,4.666666666666667,14.209999999999999,11.733333333333334,16.269,-0.6216146523620083,-0.7541567120704372,-0.5928668712533703,-0.7605378747264977,-0.09737810931621749
20,1,Terance Mann,SG,,2019-12-13,LAC,MIN,-4.5,228.5,116.5,3000,3,1.5,6.4,13.8,11.3,3.75,SG/SF,3000,1,14.0,9.0,106,110,9%,1,2,2,7,10,9,6.3,6.0,-2.1,14.1,22.5,17.9,6.0,17.6,9.0,3.0,11.3,3.75,17.9,22.5,6.0,14.6,4.875,8.666666666666666,1.6666666666666667,7.779999999999999,7.233333333333334,37.90384615384615,-0.7385013322657561,-0.15263107389768846,1.1905223506130567,-1.3250224548663567,0.2362412805094975
20,2,Brandon Ingram,SF,,2019-12-13,NO,PHI,8.0,222.5,107.3,7600,7,22.0,37.4,47.3,38.3,5.03,SF/PF,7600,1,29.0,21.0,102,101,-4%,22,16,19,35,33,35,37.4,44.0,35.2,52.8,35.0,40.0,5.3,33.5,39.5,5.2,38.3,5.03,40.0,35.0,5.3,39.15,5.165,34.333333333333336,19.0,41.709999999999994,35.56666666666666,39.91019417475728,1.3871045874653616,1.214472649222195,1.35590829375136,1.653665228515512,0.5207989953608427
20,3,Kyle Anderson,SF,,2019-12-13,MEM,MIL,12.5,229.0,108.3,3000,6,5.5,14.1,27.5,17.3,5.75,SF/PF,3000,1,15.0,14.0,107,99,-12%,3,4,5,13,18,20,14.1,18.2,10.7,25.6,18.5,16.1,5.4,18.5,15.5,5.2,17.3,5.75,16.1,18.5,5.4,16.700000000000003,5.575,17.0,4.0,17.06,15.700000000000001,18.173529411764708,-0.5566776079710369,-0.5901042652960512,-0.4358739718578287,-0.5103386440268712,0.9231047301506758
20,4,George Hill,PG,,2019-12-13,MIL,MEM,-12.5,229.0,120.8,4100,23,11.5,19.9,28.3,15.8,3.84,PG/SG,4100,1,16.0,20.0,106,109,6%,6,5,6,20,17,21,19.9,20.2,13.1,27.3,17.5,15.5,3.8,28.9,23.5,5.7,15.8,3.84,15.5,17.5,3.8,15.65,3.82,19.333333333333332,5.666666666666667,19.229999999999997,19.900000000000002,14.165948275862071,-0.6475894701183966,-0.6994725631456419,-0.7662242296179652,-0.31983607188013824,-0.7989600614497069
20,5,Jordan Bell,PF,,2019-12-13,MIN,LAC,4.5,228.5,112.0,3000,20,4.8,10.8,21.3,7.3,2.42,PF/C,3000,1,,,106,103,-5%,2,3,3,9,13,10,11.1,9.5,2.1,17.0,0.0,0.0,0.0,11.0,9.8,3.3,7.3,2.42,0.0,0.0,0.0,3.65,1.21,10.666666666666666,2.6666666666666665,8.67,12.300000000000002,0.0,-1.686582180373933,-2.613417775513479,-1.9339422384746396,-1.24689006352507,-3.359979495111814
20,6,Rudy Gobert,C,,2019-12-13,UTA,GS,-14.0,212.0,113.0,8300,6,31.0,43.6,52.5,41.5,5.0,C,8300,1,16.0,21.0,103,110,0%,11,11,9,35,33,34,43.6,39.9,30.4,49.4,34.0,43.1,5.2,36.4,42.3,5.1,41.5,5.0,43.1,34.0,5.2,42.3,5.1,34.0,10.333333333333334,41.120000000000005,42.36666666666667,42.3,1.6598401739074398,1.1051043513726044,1.5529031751008533,1.6018695983005025,0.45701881789416154
20,7,Kevon Looney,PF,,2019-12-13,GS,UTA,14.0,212.0,99.0,3000,6,3.3,7.1,12.3,15.5,5.17,PF/C,3000,1,,,103,103,-7%,2,3,3,8,10,10,7.1,8.5,3.9,13.2,17.0,14.1,4.7,18.4,8.0,2.7,15.5,5.17,14.1,17.0,4.7,14.8,4.9350000000000005,9.333333333333334,2.6666666666666665,9.5,7.566666666666666,26.957142857142856,-0.7211847870948304,-0.7541567120704372,0.28817099874824287,-1.1740250244090382,0.2951152904787418
21,0,Raul Neto,PG,,2019-12-13,PHI,NO,-8.0,222.5,115.3,3000,29,2.3,10.3,22.0,13.5,4.5,PG,3000,0,17.0,12.0,107,112,16%,1,3,3,11,13,12,10.3,8.7,0.9,16.5,11.5,9.3,3.1,10.5,6.8,2.3,13.5,4.5,9.3,11.5,3.1,11.4,3.8,12.0,2.3333333333333335,9.559999999999999,11.533333333333333,10.925,-1.0155660550005656,-1.355682350243186,-1.033379918301773,-1.1687576721837831,-0.8185847314394549
21,1,Kentavious Caldwell-Pope,SG,,2019-12-13,LAL,MIA,-5.5,212.0,108.8,3600,14,15.0,18.2,22.0,18.5,5.14,SG/SF,3600,1,14.0,11.0,102,103,-3%,9,7,7,30,29,26,18.2,16.7,10.5,22.9,27.0,18.4,5.1,30.4,24.3,6.8,18.5,5.14,18.4,27.0,5.1,18.45,5.119999999999999,28.333333333333332,7.666666666666667,17.35,18.400000000000002,17.581764705882353,-0.40515783772543823,0.3395262664254696,-0.4846539257732363,-0.4848797749381371,0.4766434878839091
21,2,Terance Mann,SG,,2019-12-13,LAC,MIN,-4.5,228.5,116.5,3000,3,1.5,6.4,13.8,11.3,3.75,SG/SF,3000,1,14.0,9.0,106,110,9%,1,2,2,7,10,9,6.3,6.0,-2.1,14.1,22.5,17.9,6.0,17.6,9.0,3.0,11.3,3.75,17.9,22.5,6.0,14.6,4.875,8.666666666666666,1.6666666666666667,7.779999999999999,7.233333333333334,37.90384615384615,-0.7385013322657561,-0.15263107389768846,1.1905223506130567,-1.3250224548663567,0.2362412805094975
21,3,Marquese Chriss,PF,,2019-12-13,GS,UTA,14.0,212.0,99.0,3800,6,6.5,16.9,36.5,26.8,7.04,PF/C,3800,1,19.0,17.0,103,103,0%,7,7,6,18,17,18,16.9,19.1,10.3,27.8,24.0,22.2,5.8,23.1,42.8,11.3,26.8,7.04,22.2,24.0,5.8,24.5,6.42,17.666666666666668,6.666666666666667,19.72,19.966666666666665,33.283018867924525,0.11866765369506134,0.01142137287669758,0.80962139484851,-0.2768193620405532,1.7522470372175265
21,4,Eric Bledsoe,PG,,2019-12-13,MIL,MEM,-12.5,229.0,120.8,6700,23,22.0,30.6,46.8,32.5,4.85,PG,6700,1,25.0,19.0,106,109,6%,11,9,12,29,25,28,30.4,32.8,23.1,42.4,27.0,32.5,4.9,17.0,24.0,3.6,32.5,4.85,32.5,27.0,4.9,32.5,4.875,27.333333333333332,10.666666666666666,32.239999999999995,33.13333333333333,32.103658536585364,0.8113294605320854,0.3395262664254696,0.7124051498772848,0.8223014689627179,0.2362412805094975
21,5,D.J. Wilson,PF,,2019-12-13,MIL,MEM,-12.5,229.0,120.8,3000,13,2.3,13.3,26.3,9.8,3.25,PF/C,3000,1,,,106,109,0%,3,6,4,10,17,12,13.3,9.0,0.6,17.4,0.0,0.0,0.0,21.1,18.0,6.0,9.8,3.25,0.0,0.0,0.0,4.9,1.625,13.0,4.333333333333333,9.040000000000001,13.966666666666669,0.0,-1.578353773055648,-2.613417775513479,-1.9339422384746396,-1.2144080581359955,-2.9527675928245443
21,6,Robin Lopez,C,,2019-12-13,MIL,MEM,-12.5,229.0,120.8,3200,8,8.3,12.5,15.3,12.8,3.98,C,3200,1,16.0,9.0,106,109,4%,8,6,5,15,17,15,12.4,11.2,4.9,17.6,15.0,12.5,3.9,7.8,5.5,1.7,12.8,3.98,12.5,15.0,3.9,12.65,3.94,15.666666666666666,6.333333333333333,11.75,12.033333333333333,12.111702127659575,-0.9073376476822806,-0.9728933077696186,-0.935558479268438,-0.9764993159619647,-0.6812120415112192
21,7,Kyle O'Quinn,PF,,2019-12-13,PHI,NO,-8.0,222.5,115.3,3700,21,3.3,13.6,36.3,12.5,3.38,PF/C,3700,0,,,107,112,-1%,7,3,3,20,12,11,13.6,12.4,2.7,22.0,14.5,15.6,4.2,5.0,5.8,1.6,12.5,3.38,15.6,14.5,4.2,14.05,3.79,14.333333333333334,4.333333333333333,12.95,17.73333333333333,14.213372093023256,-0.7861218314858014,-1.0275774566944138,-0.7623150211223927,-0.8711522714568589,-0.8283970664343286
