Lineup Num,,Player Name,position,injury_status,game_date,team,opp,spread,over_under,implied_team_score,salary,L5_dvp_rank,L5_ppg_floor,L5_ppg_avg,L5_ppg_max,ppg_projection,value_projection,Pos,Salary,Rest,USG,PER,Opp Pace,Opp DEff,Opp DvP,L2 FGA,L5 FGA,S FGA,L2 Min,L5 Min,S Min,L5 FP,S FP,Floor FP,Ceil FP,Proj Min,Proj FP,Proj Val,Actual Min,Actual FP,Actual Val,FantasyFuelPPGProj,FantasyFuelValueProj,DFN_PPGProj,DFN_MinProj,DFN_ValueProj,Avg Proj,Avg Value Proj,Avg Skewed Min,Avg Skewed FGA,Avg Skewed FP,Avg L5 PPG,Proj Min Enhanced,Avg Proj Stan,DFN_MinProj Stan,Proj Min Enhanced Stan,Avg Skewed FP Stan,Avg Value Proj Stan
0,0,Devonte' Graham,PG,,2019-11-02,CHA,GS,-6.0,221.0,113.5,5800,22,20.3,32.9,42.5,30.8,5.3,PG/SG,5800,2,18.0,10.0,103,107,-3%,9,11,11,31,29,29,32.9,32.9,24.7,41.0,30.0,29.0,5.0,30.7,18.0,3.1,30.8,5.3,29.0,30.0,5.0,29.9,5.15,29.666666666666668,10.333333333333334,32.28,31.900000000000002,30.235955056179776,0.6491793110090707,0.6618421802852567,0.5061058027816554,0.9176923166044987,0.4677972684622962
0,1,Luke Kennard,SG,,2019-11-02,DET,BKN,2.0,223.0,110.5,5000,15,14.8,22.6,27.3,25.5,5.1,SG/SF,5000,0,18.0,12.0,103,107,-6%,9,10,11,30,31,30,22.6,25.4,17.2,33.5,33.0,30.3,6.1,37.4,34.3,6.9,25.5,5.1,30.3,33.0,6.1,27.9,5.6,30.333333333333332,10.0,25.32,21.566666666666666,30.35274725274725,0.4722875913528396,0.9660760857389633,0.5153297749723383,0.3066631395912402,0.8406768917887709
0,2,Giannis Antetokounmpo,SF,,2019-11-02,MIL,TOR,-6.5,227.0,116.8,10700,23,41.5,58.6,71.3,59.0,5.51,SF/PF,10700,0,32.0,31.0,103,104,-4%,15,16,16,33,32,32,58.9,58.9,46.3,71.5,33.5,61.5,5.7,36.4,77.3,7.2,59.0,5.51,61.5,33.5,5.7,60.25,5.605,32.333333333333336,15.666666666666666,59.17,57.133333333333326,62.423969072164944,3.333511156792378,1.0167817366479144,3.04823922335855,3.2784070536571592,0.8448199987146213
0,3,Markieff Morris,PF,,2019-11-02,DET,BKN,2.0,223.0,110.5,4100,8,9.8,20.5,31.0,25.3,6.16,PF/C,4100,0,18.0,12.0,103,107,1%,13,10,10,32,29,28,20.5,20.0,12.7,27.3,31.0,28.0,6.8,34.5,22.5,5.5,25.3,6.16,28.0,31.0,6.8,26.65,6.48,29.666666666666668,11.0,21.43,20.433333333333334,27.847752808988762,0.36173026656769514,0.7632534821031589,0.31749122268777064,-0.03484598376818158,1.5698637107383233
0,4,Damion Lee,SG,,2019-11-02,GS,CHA,6.0,221.0,107.5,3500,27,5.8,18.7,42.3,20.5,5.86,SG/SF,3500,0,,,101,110,6%,7,6,6,18,17,17,18.7,18.7,3.3,34.1,28.0,26.0,7.4,26.8,20.0,5.7,20.5,5.86,26.0,28.0,7.4,23.25,6.630000000000001,17.333333333333332,6.333333333333333,19.61,22.266666666666666,37.557692307692314,0.06101434315210239,0.4590195766494522,1.0843593400924494,-0.1946266018952118,1.6941569185138154
0,5,Marquese Chriss,PF,,2019-11-02,GS,CHA,6.0,221.0,107.5,3100,25,6.5,17.5,26.0,18.8,6.05,PF/C,3100,0,,,101,110,2%,4,4,4,14,16,16,16.7,16.7,8.8,24.6,20.5,21.9,7.1,7.5,4.8,1.5,18.8,6.05,21.9,20.5,7.1,20.35,6.574999999999999,15.333333333333334,4.0,17.43,16.666666666666668,27.207065217391307,-0.1954786503494326,-0.30156518698481444,0.2668912279835319,-0.38601217745396227,1.6485827423294672
0,6,Andre Drummond,C,,2019-11-02,DET,BKN,2.0,223.0,110.5,10100,23,34.0,49.6,67.0,52.5,5.2,C,10100,0,22.0,23.0,103,107,11%,17,14,15,35,34,35,49.6,54.4,38.4,70.4,35.5,59.4,5.9,38.9,74.5,7.4,52.5,5.2,59.4,35.5,5.9,55.95,5.550000000000001,34.666666666666664,15.333333333333334,53.75,50.199999999999996,57.29495192307693,2.9531939595314816,1.219604340283719,2.643161547459272,2.8025768612129265,0.7992458225302745
0,7,Khris Middleton,SG,,2019-11-02,MIL,TOR,-6.5,227.0,116.8,7100,20,23.5,33.1,39.0,36.3,5.11,SG/SF,7100,0,25.0,17.0,103,104,0%,12,14,14,27,31,31,33.1,33.1,26.7,39.5,32.5,36.9,5.2,33.7,25.0,3.5,36.3,5.11,36.9,32.5,5.2,36.599999999999994,5.155,29.666666666666668,13.333333333333334,33.8,31.866666666666664,40.09550561797752,1.2417665718574447,0.9153704348300122,1.2847898490408112,1.051135470205095,0.4719403753881458
1,0,Devonte' Graham,PG,,2019-11-02,CHA,GS,-6.0,221.0,113.5,5800,22,20.3,32.9,42.5,30.8,5.3,PG/SG,5800,2,18.0,10.0,103,107,-3%,9,11,11,31,29,29,32.9,32.9,24.7,41.0,30.0,29.0,5.0,30.7,18.0,3.1,30.8,5.3,29.0,30.0,5.0,29.9,5.15,29.666666666666668,10.333333333333334,32.28,31.900000000000002,30.235955056179776,0.6491793110090707,0.6618421802852567,0.5061058027816554,0.9176923166044987,0.4677972684622962
1,1,Damion Lee,SG,,2019-11-02,GS,CHA,6.0,221.0,107.5,3500,27,5.8,18.7,42.3,20.5,5.86,SG/SF,3500,0,,,101,110,6%,7,6,6,18,17,17,18.7,18.7,3.3,34.1,28.0,26.0,7.4,26.8,20.0,5.7,20.5,5.86,26.0,28.0,7.4,23.25,6.630000000000001,17.333333333333332,6.333333333333333,19.61,22.266666666666666,37.557692307692314,0.06101434315210239,0.4590195766494522,1.0843593400924494,-0.1946266018952118,1.6941569185138154
1,2,Giannis Antetokounmpo,SF,,2019-11-02,MIL,TOR,-6.5,227.0,116.8,10700,23,41.5,58.6,71.3,59.0,5.51,SF/PF,10700,0,32.0,31.0,103,104,-4%,15,16,16,33,32,32,58.9,58.9,46.3,71.5,33.5,61.5,5.7,36.4,77.3,7.2,59.0,5.51,61.5,33.5,5.7,60.25,5.605,32.333333333333336,15.666666666666666,59.17,57.133333333333326,62.423969072164944,3.333511156792378,1.0167817366479144,3.04823922335855,3.2784070536571592,0.8448199987146213
1,3,Skal Labissiere,PF,,2019-11-02,POR,PHI,1.0,223.0,111.0,3000,7,1.5,12.5,19.0,13.8,4.58,PF/C,3000,2,,,104,107,3%,5,4,4,17,11,11,12.4,12.4,4.9,20.0,27.5,25.2,8.4,22.7,24.5,8.2,13.8,4.58,25.2,27.5,8.4,19.5,6.49,13.0,4.333333333333333,13.839999999999998,11.0,41.25,-0.270657631203331,0.4083139257405011,1.3759690920643197,-0.7011838362869506,1.5781499245900226
1,4,Khris Middleton,SG,,2019-11-02,MIL,TOR,-6.5,227.0,116.8,7100,20,23.5,33.1,39.0,36.3,5.11,SG/SF,7100,0,25.0,17.0,103,104,0%,12,14,14,27,31,31,33.1,33.1,26.7,39.5,32.5,36.9,5.2,33.7,25.0,3.5,36.3,5.11,36.9,32.5,5.2,36.599999999999994,5.155,29.666666666666668,13.333333333333334,33.8,31.866666666666664,40.09550561797752,1.2417665718574447,0.9153704348300122,1.2847898490408112,1.051135470205095,0.4719403753881458
1,5,Ben Simmons,PG,,2019-11-02,PHI,POR,-1.0,223.0,112.0,8700,20,31.5,39.3,46.0,45.8,5.26,PG/SF,8700,2,24.0,20.0,102,108,-1%,12,13,13,35,35,35,40.1,40.1,33.1,47.0,35.0,46.2,5.3,36.4,47.8,5.5,45.8,5.26,46.2,35.0,5.3,46.0,5.279999999999999,35.0,12.666666666666666,41.260000000000005,38.93333333333333,46.0,2.073157654241731,1.1688986893747677,1.7511128875697992,1.7060604214290767,0.5755180485343883
1,6,Al Horford,PF,,2019-11-02,PHI,POR,-1.0,223.0,112.0,7000,23,25.0,33.5,44.8,36.0,5.14,PF/C,7000,2,20.0,20.0,102,108,-1%,8,12,12,33,33,33,34.6,34.6,25.5,43.7,33.5,36.4,5.2,30.5,47.8,6.8,36.0,5.14,36.4,33.5,5.2,36.2,5.17,33.0,10.666666666666666,34.92,34.43333333333333,36.74848484848486,1.206388227926199,1.0167817366479144,1.0204500437559376,1.149462004437114,0.48436969616569475
1,7,Markieff Morris,PF,,2019-11-02,DET,BKN,2.0,223.0,110.5,4100,8,9.8,20.5,31.0,25.3,6.16,PF/C,4100,0,18.0,12.0,103,107,1%,13,10,10,32,29,28,20.5,20.0,12.7,27.3,31.0,28.0,6.8,34.5,22.5,5.5,25.3,6.16,28.0,31.0,6.8,26.65,6.48,29.666666666666668,11.0,21.43,20.433333333333334,27.847752808988762,0.36173026656769514,0.7632534821031589,0.31749122268777064,-0.03484598376818158,1.5698637107383233
2,0,Devonte' Graham,PG,,2019-11-02,CHA,GS,-6.0,221.0,113.5,5800,22,20.3,32.9,42.5,30.8,5.3,PG/SG,5800,2,18.0,10.0,103,107,-3%,9,11,11,31,29,29,32.9,32.9,24.7,41.0,30.0,29.0,5.0,30.7,18.0,3.1,30.8,5.3,29.0,30.0,5.0,29.9,5.15,29.666666666666668,10.333333333333334,32.28,31.900000000000002,30.235955056179776,0.6491793110090707,0.6618421802852567,0.5061058027816554,0.9176923166044987,0.4677972684622962
2,1,Damion Lee,SG,,2019-11-02,GS,CHA,6.0,221.0,107.5,3500,27,5.8,18.7,42.3,20.5,5.86,SG/SF,3500,0,,,101,110,6%,7,6,6,18,17,17,18.7,18.7,3.3,34.1,28.0,26.0,7.4,26.8,20.0,5.7,20.5,5.86,26.0,28.0,7.4,23.25,6.630000000000001,17.333333333333332,6.333333333333333,19.61,22.266666666666666,37.557692307692314,0.06101434315210239,0.4590195766494522,1.0843593400924494,-0.1946266018952118,1.6941569185138154
2,2,Giannis Antetokounmpo,SF,,2019-11-02,MIL,TOR,-6.5,227.0,116.8,10700,23,41.5,58.6,71.3,59.0,5.51,SF/PF,10700,0,32.0,31.0,103,104,-4%,15,16,16,33,32,32,58.9,58.9,46.3,71.5,33.5,61.5,5.7,36.4,77.3,7.2,59.0,5.51,61.5,33.5,5.7,60.25,5.605,32.333333333333336,15.666666666666666,59.17,57.133333333333326,62.423969072164944,3.333511156792378,1.0167817366479144,3.04823922335855,3.2784070536571592,0.8448199987146213
2,3,Frank Kaminsky,PF,,2019-11-02,PHO,MEM,-3.0,221.5,112.3,4500,26,8.5,25.0,37.0,27.3,6.06,PF/C,4500,2,22.0,17.0,99,106,-4%,9,10,10,25,26,26,24.9,24.9,12.9,37.0,25.5,24.3,5.4,22.5,22.8,5.1,27.3,6.06,24.3,25.5,5.4,25.8,5.73,25.666666666666668,9.666666666666666,25.1,23.5,25.632467532467533,0.2865512857137971,0.20549132210469667,0.14253321705375385,0.28734899893852234,0.9483976718608644
2,4,Jeff Teague,PG,,2019-11-02,MIN,WAS,3.0,228.5,112.8,5900,30,17.5,29.4,45.8,31.0,5.25,PG,5900,2,22.0,15.0,104,111,5%,11,8,8,28,28,28,25.3,25.3,17.4,33.2,30.0,31.1,5.3,27.6,46.0,7.8,31.0,5.25,31.1,30.0,5.3,31.05,5.275,28.0,9.0,26.450000000000006,30.899999999999995,33.267857142857146,0.7508920498114038,0.6618421802852567,0.7455582778126305,0.40586758930747374,0.5713749416085393
2,5,Miles Bridges,SF,,2019-11-02,CHA,GS,-6.0,221.0,113.5,5600,29,21.3,25.7,34.5,32.8,5.85,SF/PF,5600,2,15.0,13.0,103,107,0%,11,11,11,35,33,33,26.1,26.1,20.8,31.4,34.5,29.3,5.2,29.5,13.0,2.3,32.8,5.85,29.3,34.5,5.2,31.049999999999997,5.525,33.666666666666664,11.0,27.089999999999996,27.166666666666668,31.81856435643564,0.7508920498114035,1.1181930384658167,0.6310965521922356,0.4620541802971978,0.7785302879010256
2,6,Andre Drummond,C,,2019-11-02,DET,BKN,2.0,223.0,110.5,10100,23,34.0,49.6,67.0,52.5,5.2,C,10100,0,22.0,23.0,103,107,11%,17,14,15,35,34,35,49.6,54.4,38.4,70.4,35.5,59.4,5.9,38.9,74.5,7.4,52.5,5.2,59.4,35.5,5.9,55.95,5.550000000000001,34.666666666666664,15.333333333333334,53.75,50.199999999999996,57.29495192307693,2.9531939595314816,1.219604340283719,2.643161547459272,2.8025768612129265,0.7992458225302745
2,7,Rodney Hood,SG,,2019-11-02,POR,PHI,1.0,223.0,111.0,3900,13,18.8,22.5,34.0,22.0,5.64,SG/SF,3900,2,19.0,12.0,104,107,-5%,9,9,9,34,32,32,22.4,22.4,16.0,28.9,32.5,22.3,5.7,31.4,32.5,8.3,22.0,5.64,22.3,32.5,5.7,22.15,5.67,32.666666666666664,9.0,22.369999999999997,25.099999999999998,22.036989795918366,-0.036276102658824846,0.9153704348300122,-0.1414291334187736,0.04767807174797668,0.8986803887506674
3,0,Jamal Murray,PG,,2019-11-02,DEN,ORL,-4.0,200.5,102.3,7000,7,25.0,31.6,43.8,33.3,4.75,PG/SG,7000,1,26.0,16.0,100,106,-2%,14,15,15,30,33,33,31.6,31.6,24.3,38.8,33.0,32.5,4.6,32.3,32.0,4.6,33.3,4.75,32.5,33.0,4.6,32.9,4.675,32.0,14.666666666666666,31.839999999999996,33.46666666666667,33.928125,0.9145168904934174,0.9660760857389633,0.7977046757029128,0.8790640352990623,0.0742021105065718
3,1,Damion Lee,SG,,2019-11-02,GS,CHA,6.0,221.0,107.5,3500,27,5.8,18.7,42.3,20.5,5.86,SG/SF,3500,0,,,101,110,6%,7,6,6,18,17,17,18.7,18.7,3.3,34.1,28.0,26.0,7.4,26.8,20.0,5.7,20.5,5.86,26.0,28.0,7.4,23.25,6.630000000000001,17.333333333333332,6.333333333333333,19.61,22.266666666666666,37.557692307692314,0.06101434315210239,0.4590195766494522,1.0843593400924494,-0.1946266018952118,1.6941569185138154
3,2,Giannis Antetokounmpo,SF,,2019-11-02,MIL,TOR,-6.5,227.0,116.8,10700,23,41.5,58.6,71.3,59.0,5.51,SF/PF,10700,0,32.0,31.0,103,104,-4%,15,16,16,33,32,32,58.9,58.9,46.3,71.5,33.5,61.5,5.7,36.4,77.3,7.2,59.0,5.51,61.5,33.5,5.7,60.25,5.605,32.333333333333336,15.666666666666666,59.17,57.133333333333326,62.423969072164944,3.333511156792378,1.0167817366479144,3.04823922335855,3.2784070536571592,0.8448199987146213
3,3,Al Horford,PF,,2019-11-02,PHI,POR,-1.0,223.0,112.0,7000,23,25.0,33.5,44.8,36.0,5.14,PF/C,7000,2,20.0,20.0,102,108,-1%,8,12,12,33,33,33,34.6,34.6,25.5,43.7,33.5,36.4,5.2,30.5,47.8,6.8,36.0,5.14,36.4,33.5,5.2,36.2,5.17,33.0,10.666666666666666,34.92,34.43333333333333,36.74848484848486,1.206388227926199,1.0167817366479144,1.0204500437559376,1.149462004437114,0.48436969616569475
3,4,Ben Simmons,PG,,2019-11-02,PHI,POR,-1.0,223.0,112.0,8700,20,31.5,39.3,46.0,45.8,5.26,PG/SF,8700,2,24.0,20.0,102,108,-1%,12,13,13,35,35,35,40.1,40.1,33.1,47.0,35.0,46.2,5.3,36.4,47.8,5.5,45.8,5.26,46.2,35.0,5.3,46.0,5.279999999999999,35.0,12.666666666666666,41.260000000000005,38.93333333333333,46.0,2.073157654241731,1.1688986893747677,1.7511128875697992,1.7060604214290767,0.5755180485343883
3,5,Markieff Morris,PF,,2019-11-02,DET,BKN,2.0,223.0,110.5,4100,8,9.8,20.5,31.0,25.3,6.16,PF/C,4100,0,18.0,12.0,103,107,1%,13,10,10,32,29,28,20.5,20.0,12.7,27.3,31.0,28.0,6.8,34.5,22.5,5.5,25.3,6.16,28.0,31.0,6.8,26.65,6.48,29.666666666666668,11.0,21.43,20.433333333333334,27.847752808988762,0.36173026656769514,0.7632534821031589,0.31749122268777064,-0.03484598376818158,1.5698637107383233
3,6,Skal Labissiere,PF,,2019-11-02,POR,PHI,1.0,223.0,111.0,3000,7,1.5,12.5,19.0,13.8,4.58,PF/C,3000,2,,,104,107,3%,5,4,4,17,11,11,12.4,12.4,4.9,20.0,27.5,25.2,8.4,22.7,24.5,8.2,13.8,4.58,25.2,27.5,8.4,19.5,6.49,13.0,4.333333333333333,13.839999999999998,11.0,41.25,-0.270657631203331,0.4083139257405011,1.3759690920643197,-0.7011838362869506,1.5781499245900226
3,7,Devonte' Graham,PG,,2019-11-02,CHA,GS,-6.0,221.0,113.5,5800,22,20.3,32.9,42.5,30.8,5.3,PG/SG,5800,2,18.0,10.0,103,107,-3%,9,11,11,31,29,29,32.9,32.9,24.7,41.0,30.0,29.0,5.0,30.7,18.0,3.1,30.8,5.3,29.0,30.0,5.0,29.9,5.15,29.666666666666668,10.333333333333334,32.28,31.900000000000002,30.235955056179776,0.6491793110090707,0.6618421802852567,0.5061058027816554,0.9176923166044987,0.4677972684622962
4,0,Ben Simmons,PG,,2019-11-02,PHI,POR,-1.0,223.0,112.0,8700,20,31.5,39.3,46.0,45.8,5.26,PG/SF,8700,2,24.0,20.0,102,108,-1%,12,13,13,35,35,35,40.1,40.1,33.1,47.0,35.0,46.2,5.3,36.4,47.8,5.5,45.8,5.26,46.2,35.0,5.3,46.0,5.279999999999999,35.0,12.666666666666666,41.260000000000005,38.93333333333333,46.0,2.073157654241731,1.1688986893747677,1.7511128875697992,1.7060604214290767,0.5755180485343883
4,1,Malik Beasley,PG,,2019-11-02,DEN,ORL,-4.0,200.5,102.3,3400,7,10.8,16.8,26.0,16.0,4.71,PG/SG,3400,1,19.0,14.0,100,106,-2%,11,9,9,21,21,21,16.8,16.8,10.5,23.0,23.5,17.8,5.2,13.4,2.5,0.7,16.0,4.71,17.8,23.5,5.2,16.9,4.955,21.0,9.666666666666666,16.8,17.866666666666667,18.91190476190476,-0.5006168667564315,0.0026687184688922393,-0.38824097782661243,-0.4413208529594726,0.30621609835415664
4,2,Giannis Antetokounmpo,SF,,2019-11-02,MIL,TOR,-6.5,227.0,116.8,10700,23,41.5,58.6,71.3,59.0,5.51,SF/PF,10700,0,32.0,31.0,103,104,-4%,15,16,16,33,32,32,58.9,58.9,46.3,71.5,33.5,61.5,5.7,36.4,77.3,7.2,59.0,5.51,61.5,33.5,5.7,60.25,5.605,32.333333333333336,15.666666666666666,59.17,57.133333333333326,62.423969072164944,3.333511156792378,1.0167817366479144,3.04823922335855,3.2784070536571592,0.8448199987146213
4,3,Frank Kaminsky,PF,,2019-11-02,PHO,MEM,-3.0,221.5,112.3,4500,26,8.5,25.0,37.0,27.3,6.06,PF/C,4500,2,22.0,17.0,99,106,-4%,9,10,10,25,26,26,24.9,24.9,12.9,37.0,25.5,24.3,5.4,22.5,22.8,5.1,27.3,6.06,24.3,25.5,5.4,25.8,5.73,25.666666666666668,9.666666666666666,25.1,23.5,25.632467532467533,0.2865512857137971,0.20549132210469667,0.14253321705375385,0.28734899893852234,0.9483976718608644
4,4,Damion Lee,SG,,2019-11-02,GS,CHA,6.0,221.0,107.5,3500,27,5.8,18.7,42.3,20.5,5.86,SG/SF,3500,0,,,101,110,6%,7,6,6,18,17,17,18.7,18.7,3.3,34.1,28.0,26.0,7.4,26.8,20.0,5.7,20.5,5.86,26.0,28.0,7.4,23.25,6.630000000000001,17.333333333333332,6.333333333333333,19.61,22.266666666666666,37.557692307692314,0.06101434315210239,0.4590195766494522,1.0843593400924494,-0.1946266018952118,1.6941569185138154
4,5,Davis Bertans,SF,,2019-11-02,WAS,MIN,-3.0,228.5,115.8,4100,8,7.0,21.2,31.5,22.3,5.43,SF/PF,4100,2,14.0,13.0,103,110,8%,9,9,9,30,29,29,24.8,24.8,16.7,32.8,26.0,21.5,5.2,27.1,15.3,3.7,22.3,5.43,21.5,26.0,5.2,21.9,5.3149999999999995,29.333333333333332,9.0,24.2,19.900000000000002,19.411363636363635,-0.05838756761585374,0.2561969730136478,-0.3487948940658973,0.2083366053592215,0.6045197970153364
4,6,Andre Drummond,C,,2019-11-02,DET,BKN,2.0,223.0,110.5,10100,23,34.0,49.6,67.0,52.5,5.2,C,10100,0,22.0,23.0,103,107,11%,17,14,15,35,34,35,49.6,54.4,38.4,70.4,35.5,59.4,5.9,38.9,74.5,7.4,52.5,5.2,59.4,35.5,5.9,55.95,5.550000000000001,34.666666666666664,15.333333333333334,53.75,50.199999999999996,57.29495192307693,2.9531939595314816,1.219604340283719,2.643161547459272,2.8025768612129265,0.7992458225302745
4,7,Luke Kennard,SG,,2019-11-02,DET,BKN,2.0,223.0,110.5,5000,15,14.8,22.6,27.3,25.5,5.1,SG/SF,5000,0,18.0,12.0,103,107,-6%,9,10,11,30,31,30,22.6,25.4,17.2,33.5,33.0,30.3,6.1,37.4,34.3,6.9,25.5,5.1,30.3,33.0,6.1,27.9,5.6,30.333333333333332,10.0,25.32,21.566666666666666,30.35274725274725,0.4722875913528396,0.9660760857389633,0.5153297749723383,0.3066631395912402,0.8406768917887709
5,0,Jeff Teague,PG,,2019-11-02,MIN,WAS,3.0,228.5,112.8,5900,30,17.5,29.4,45.8,31.0,5.25,PG,5900,2,22.0,15.0,104,111,5%,11,8,8,28,28,28,25.3,25.3,17.4,33.2,30.0,31.1,5.3,27.6,46.0,7.8,31.0,5.25,31.1,30.0,5.3,31.05,5.275,28.0,9.0,26.450000000000006,30.899999999999995,33.267857142857146,0.7508920498114038,0.6618421802852567,0.7455582778126305,0.40586758930747374,0.5713749416085393
5,1,Devonte' Graham,PG,,2019-11-02,CHA,GS,-6.0,221.0,113.5,5800,22,20.3,32.9,42.5,30.8,5.3,PG/SG,5800,2,18.0,10.0,103,107,-3%,9,11,11,31,29,29,32.9,32.9,24.7,41.0,30.0,29.0,5.0,30.7,18.0,3.1,30.8,5.3,29.0,30.0,5.0,29.9,5.15,29.666666666666668,10.333333333333334,32.28,31.900000000000002,30.235955056179776,0.6491793110090707,0.6618421802852567,0.5061058027816554,0.9176923166044987,0.4677972684622962
5,2,Damion Lee,SG,,2019-11-02,GS,CHA,6.0,221.0,107.5,3500,27,5.8,18.7,42.3,20.5,5.86,SG/SF,3500,0,,,101,110,6%,7,6,6,18,17,17,18.7,18.7,3.3,34.1,28.0,26.0,7.4,26.8,20.0,5.7,20.5,5.86,26.0,28.0,7.4,23.25,6.630000000000001,17.333333333333332,6.333333333333333,19.61,22.266666666666666,37.557692307692314,0.06101434315210239,0.4590195766494522,1.0843593400924494,-0.1946266018952118,1.6941569185138154
5,3,Giannis Antetokounmpo,SF,,2019-11-02,MIL,TOR,-6.5,227.0,116.8,10700,23,41.5,58.6,71.3,59.0,5.51,SF/PF,10700,0,32.0,31.0,103,104,-4%,15,16,16,33,32,32,58.9,58.9,46.3,71.5,33.5,61.5,5.7,36.4,77.3,7.2,59.0,5.51,61.5,33.5,5.7,60.25,5.605,32.333333333333336,15.666666666666666,59.17,57.133333333333326,62.423969072164944,3.333511156792378,1.0167817366479144,3.04823922335855,3.2784070536571592,0.8448199987146213
5,4,Langston Galloway,PG,,2019-11-02,DET,BKN,2.0,223.0,110.5,3600,17,10.5,17.7,22.8,17.0,4.72,PG/SG,3600,0,16.0,11.0,103,107,-6%,9,8,7,25,23,23,17.7,16.9,12.1,21.7,28.0,21.7,6.0,27.6,20.3,5.6,17.0,4.72,21.7,28.0,6.0,19.35,5.359999999999999,23.666666666666668,8.0,17.55,17.0,22.892957746478874,-0.28392451017754816,0.4590195766494522,-0.07382680377575976,-0.3754771916433888,0.641807759347984
5,5,Frank Kaminsky,PF,,2019-11-02,PHO,MEM,-3.0,221.5,112.3,4500,26,8.5,25.0,37.0,27.3,6.06,PF/C,4500,2,22.0,17.0,99,106,-4%,9,10,10,25,26,26,24.9,24.9,12.9,37.0,25.5,24.3,5.4,22.5,22.8,5.1,27.3,6.06,24.3,25.5,5.4,25.8,5.73,25.666666666666668,9.666666666666666,25.1,23.5,25.632467532467533,0.2865512857137971,0.20549132210469667,0.14253321705375385,0.28734899893852234,0.9483976718608644
5,6,Andre Drummond,C,,2019-11-02,DET,BKN,2.0,223.0,110.5,10100,23,34.0,49.6,67.0,52.5,5.2,C,10100,0,22.0,23.0,103,107,11%,17,14,15,35,34,35,49.6,54.4,38.4,70.4,35.5,59.4,5.9,38.9,74.5,7.4,52.5,5.2,59.4,35.5,5.9,55.95,5.550000000000001,34.666666666666664,15.333333333333334,53.75,50.199999999999996,57.29495192307693,2.9531939595314816,1.219604340283719,2.643161547459272,2.8025768612129265,0.7992458225302745
5,7,Miles Bridges,SF,,2019-11-02,CHA,GS,-6.0,221.0,113.5,5600,29,21.3,25.7,34.5,32.8,5.85,SF/PF,5600,2,15.0,13.0,103,107,0%,11,11,11,35,33,33,26.1,26.1,20.8,31.4,34.5,29.3,5.2,29.5,13.0,2.3,32.8,5.85,29.3,34.5,5.2,31.049999999999997,5.525,33.666666666666664,11.0,27.089999999999996,27.166666666666668,31.81856435643564,0.7508920498114035,1.1181930384658167,0.6310965521922356,0.4620541802971978,0.7785302879010256
6,0,George Hill,PG,,2019-11-02,MIL,TOR,-6.5,227.0,116.8,3800,12,17.0,23.6,38.0,18.3,4.8,PG/SG,3800,0,18.0,12.0,103,104,-1%,8,7,7,18,23,23,23.6,23.6,15.0,32.1,21.0,17.6,4.6,27.0,16.0,4.2,18.3,4.8,17.6,21.0,4.6,17.950000000000003,4.699999999999999,21.333333333333332,7.333333333333333,22.450000000000003,26.2,17.669531250000002,-0.4077487139369098,-0.2508595360758633,-0.4863607072353332,0.054701395621692774,0.09491764513581999
6,1,Damion Lee,SG,,2019-11-02,GS,CHA,6.0,221.0,107.5,3500,27,5.8,18.7,42.3,20.5,5.86,SG/SF,3500,0,,,101,110,6%,7,6,6,18,17,17,18.7,18.7,3.3,34.1,28.0,26.0,7.4,26.8,20.0,5.7,20.5,5.86,26.0,28.0,7.4,23.25,6.630000000000001,17.333333333333332,6.333333333333333,19.61,22.266666666666666,37.557692307692314,0.06101434315210239,0.4590195766494522,1.0843593400924494,-0.1946266018952118,1.6941569185138154
6,2,Khris Middleton,SG,,2019-11-02,MIL,TOR,-6.5,227.0,116.8,7100,20,23.5,33.1,39.0,36.3,5.11,SG/SF,7100,0,25.0,17.0,103,104,0%,12,14,14,27,31,31,33.1,33.1,26.7,39.5,32.5,36.9,5.2,33.7,25.0,3.5,36.3,5.11,36.9,32.5,5.2,36.599999999999994,5.155,29.666666666666668,13.333333333333334,33.8,31.866666666666664,40.09550561797752,1.2417665718574447,0.9153704348300122,1.2847898490408112,1.051135470205095,0.4719403753881458
6,3,Giannis Antetokounmpo,SF,,2019-11-02,MIL,TOR,-6.5,227.0,116.8,10700,23,41.5,58.6,71.3,59.0,5.51,SF/PF,10700,0,32.0,31.0,103,104,-4%,15,16,16,33,32,32,58.9,58.9,46.3,71.5,33.5,61.5,5.7,36.4,77.3,7.2,59.0,5.51,61.5,33.5,5.7,60.25,5.605,32.333333333333336,15.666666666666666,59.17,57.133333333333326,62.423969072164944,3.333511156792378,1.0167817366479144,3.04823922335855,3.2784070536571592,0.8448199987146213
6,4,Devonte' Graham,PG,,2019-11-02,CHA,GS,-6.0,221.0,113.5,5800,22,20.3,32.9,42.5,30.8,5.3,PG/SG,5800,2,18.0,10.0,103,107,-3%,9,11,11,31,29,29,32.9,32.9,24.7,41.0,30.0,29.0,5.0,30.7,18.0,3.1,30.8,5.3,29.0,30.0,5.0,29.9,5.15,29.666666666666668,10.333333333333334,32.28,31.900000000000002,30.235955056179776,0.6491793110090707,0.6618421802852567,0.5061058027816554,0.9176923166044987,0.4677972684622962
6,5,Frank Kaminsky,PF,,2019-11-02,PHO,MEM,-3.0,221.5,112.3,4500,26,8.5,25.0,37.0,27.3,6.06,PF/C,4500,2,22.0,17.0,99,106,-4%,9,10,10,25,26,26,24.9,24.9,12.9,37.0,25.5,24.3,5.4,22.5,22.8,5.1,27.3,6.06,24.3,25.5,5.4,25.8,5.73,25.666666666666668,9.666666666666666,25.1,23.5,25.632467532467533,0.2865512857137971,0.20549132210469667,0.14253321705375385,0.28734899893852234,0.9483976718608644
6,6,Markieff Morris,PF,,2019-11-02,DET,BKN,2.0,223.0,110.5,4100,8,9.8,20.5,31.0,25.3,6.16,PF/C,4100,0,18.0,12.0,103,107,1%,13,10,10,32,29,28,20.5,20.0,12.7,27.3,31.0,28.0,6.8,34.5,22.5,5.5,25.3,6.16,28.0,31.0,6.8,26.65,6.48,29.666666666666668,11.0,21.43,20.433333333333334,27.847752808988762,0.36173026656769514,0.7632534821031589,0.31749122268777064,-0.03484598376818158,1.5698637107383233
6,7,Andre Drummond,C,,2019-11-02,DET,BKN,2.0,223.0,110.5,10100,23,34.0,49.6,67.0,52.5,5.2,C,10100,0,22.0,23.0,103,107,11%,17,14,15,35,34,35,49.6,54.4,38.4,70.4,35.5,59.4,5.9,38.9,74.5,7.4,52.5,5.2,59.4,35.5,5.9,55.95,5.550000000000001,34.666666666666664,15.333333333333334,53.75,50.199999999999996,57.29495192307693,2.9531939595314816,1.219604340283719,2.643161547459272,2.8025768612129265,0.7992458225302745
7,0,Ben Simmons,PG,,2019-11-02,PHI,POR,-1.0,223.0,112.0,8700,20,31.5,39.3,46.0,45.8,5.26,PG/SF,8700,2,24.0,20.0,102,108,-1%,12,13,13,35,35,35,40.1,40.1,33.1,47.0,35.0,46.2,5.3,36.4,47.8,5.5,45.8,5.26,46.2,35.0,5.3,46.0,5.279999999999999,35.0,12.666666666666666,41.260000000000005,38.93333333333333,46.0,2.073157654241731,1.1688986893747677,1.7511128875697992,1.7060604214290767,0.5755180485343883
7,1,Damion Lee,SG,,2019-11-02,GS,CHA,6.0,221.0,107.5,3500,27,5.8,18.7,42.3,20.5,5.86,SG/SF,3500,0,,,101,110,6%,7,6,6,18,17,17,18.7,18.7,3.3,34.1,28.0,26.0,7.4,26.8,20.0,5.7,20.5,5.86,26.0,28.0,7.4,23.25,6.630000000000001,17.333333333333332,6.333333333333333,19.61,22.266666666666666,37.557692307692314,0.06101434315210239,0.4590195766494522,1.0843593400924494,-0.1946266018952118,1.6941569185138154
7,2,Miles Bridges,SF,,2019-11-02,CHA,GS,-6.0,221.0,113.5,5600,29,21.3,25.7,34.5,32.8,5.85,SF/PF,5600,2,15.0,13.0,103,107,0%,11,11,11,35,33,33,26.1,26.1,20.8,31.4,34.5,29.3,5.2,29.5,13.0,2.3,32.8,5.85,29.3,34.5,5.2,31.049999999999997,5.525,33.666666666666664,11.0,27.089999999999996,27.166666666666668,31.81856435643564,0.7508920498114035,1.1181930384658167,0.6310965521922356,0.4620541802971978,0.7785302879010256
7,3,Glenn Robinson III,SF,,2019-11-02,GS,CHA,6.0,221.0,107.5,4400,15,10.5,20.3,30.3,20.8,4.72,SF/PF,4400,0,15.0,9.0,101,110,6%,6,8,8,29,28,28,20.3,20.3,12.2,28.4,32.0,25.1,5.7,36.4,36.8,8.4,20.8,4.72,25.1,32.0,5.7,22.950000000000003,5.21,28.333333333333332,7.333333333333333,20.830000000000002,20.366666666666667,25.920000000000005,0.03448058520366797,0.864664783921061,0.16524185309610914,-0.08752091282104849,0.5175145515724926
7,4,Luke Kennard,SG,,2019-11-02,DET,BKN,2.0,223.0,110.5,5000,15,14.8,22.6,27.3,25.5,5.1,SG/SF,5000,0,18.0,12.0,103,107,-6%,9,10,11,30,31,30,22.6,25.4,17.2,33.5,33.0,30.3,6.1,37.4,34.3,6.9,25.5,5.1,30.3,33.0,6.1,27.9,5.6,30.333333333333332,10.0,25.32,21.566666666666666,30.35274725274725,0.4722875913528396,0.9660760857389633,0.5153297749723383,0.3066631395912402,0.8406768917887709
7,5,Khris Middleton,SG,,2019-11-02,MIL,TOR,-6.5,227.0,116.8,7100,20,23.5,33.1,39.0,36.3,5.11,SG/SF,7100,0,25.0,17.0,103,104,0%,12,14,14,27,31,31,33.1,33.1,26.7,39.5,32.5,36.9,5.2,33.7,25.0,3.5,36.3,5.11,36.9,32.5,5.2,36.599999999999994,5.155,29.666666666666668,13.333333333333334,33.8,31.866666666666664,40.09550561797752,1.2417665718574447,0.9153704348300122,1.2847898490408112,1.051135470205095,0.4719403753881458
7,6,Frank Kaminsky,PF,,2019-11-02,PHO,MEM,-3.0,221.5,112.3,4500,26,8.5,25.0,37.0,27.3,6.06,PF/C,4500,2,22.0,17.0,99,106,-4%,9,10,10,25,26,26,24.9,24.9,12.9,37.0,25.5,24.3,5.4,22.5,22.8,5.1,27.3,6.06,24.3,25.5,5.4,25.8,5.73,25.666666666666668,9.666666666666666,25.1,23.5,25.632467532467533,0.2865512857137971,0.20549132210469667,0.14253321705375385,0.28734899893852234,0.9483976718608644
7,7,Giannis Antetokounmpo,SF,,2019-11-02,MIL,TOR,-6.5,227.0,116.8,10700,23,41.5,58.6,71.3,59.0,5.51,SF/PF,10700,0,32.0,31.0,103,104,-4%,15,16,16,33,32,32,58.9,58.9,46.3,71.5,33.5,61.5,5.7,36.4,77.3,7.2,59.0,5.51,61.5,33.5,5.7,60.25,5.605,32.333333333333336,15.666666666666666,59.17,57.133333333333326,62.423969072164944,3.333511156792378,1.0167817366479144,3.04823922335855,3.2784070536571592,0.8448199987146213
8,0,Jeff Teague,PG,,2019-11-02,MIN,WAS,3.0,228.5,112.8,5900,30,17.5,29.4,45.8,31.0,5.25,PG,5900,2,22.0,15.0,104,111,5%,11,8,8,28,28,28,25.3,25.3,17.4,33.2,30.0,31.1,5.3,27.6,46.0,7.8,31.0,5.25,31.1,30.0,5.3,31.05,5.275,28.0,9.0,26.450000000000006,30.899999999999995,33.267857142857146,0.7508920498114038,0.6618421802852567,0.7455582778126305,0.40586758930747374,0.5713749416085393
8,1,Damion Lee,SG,,2019-11-02,GS,CHA,6.0,221.0,107.5,3500,27,5.8,18.7,42.3,20.5,5.86,SG/SF,3500,0,,,101,110,6%,7,6,6,18,17,17,18.7,18.7,3.3,34.1,28.0,26.0,7.4,26.8,20.0,5.7,20.5,5.86,26.0,28.0,7.4,23.25,6.630000000000001,17.333333333333332,6.333333333333333,19.61,22.266666666666666,37.557692307692314,0.06101434315210239,0.4590195766494522,1.0843593400924494,-0.1946266018952118,1.6941569185138154
8,2,Ben Simmons,PG,,2019-11-02,PHI,POR,-1.0,223.0,112.0,8700,20,31.5,39.3,46.0,45.8,5.26,PG/SF,8700,2,24.0,20.0,102,108,-1%,12,13,13,35,35,35,40.1,40.1,33.1,47.0,35.0,46.2,5.3,36.4,47.8,5.5,45.8,5.26,46.2,35.0,5.3,46.0,5.279999999999999,35.0,12.666666666666666,41.260000000000005,38.93333333333333,46.0,2.073157654241731,1.1688986893747677,1.7511128875697992,1.7060604214290767,0.5755180485343883
8,3,Giannis Antetokounmpo,SF,,2019-11-02,MIL,TOR,-6.5,227.0,116.8,10700,23,41.5,58.6,71.3,59.0,5.51,SF/PF,10700,0,32.0,31.0,103,104,-4%,15,16,16,33,32,32,58.9,58.9,46.3,71.5,33.5,61.5,5.7,36.4,77.3,7.2,59.0,5.51,61.5,33.5,5.7,60.25,5.605,32.333333333333336,15.666666666666666,59.17,57.133333333333326,62.423969072164944,3.333511156792378,1.0167817366479144,3.04823922335855,3.2784070536571592,0.8448199987146213
8,4,Rodney Hood,SG,,2019-11-02,POR,PHI,1.0,223.0,111.0,3900,13,18.8,22.5,34.0,22.0,5.64,SG/SF,3900,2,19.0,12.0,104,107,-5%,9,9,9,34,32,32,22.4,22.4,16.0,28.9,32.5,22.3,5.7,31.4,32.5,8.3,22.0,5.64,22.3,32.5,5.7,22.15,5.67,32.666666666666664,9.0,22.369999999999997,25.099999999999998,22.036989795918366,-0.036276102658824846,0.9153704348300122,-0.1414291334187736,0.04767807174797668,0.8986803887506674
8,5,Miles Bridges,SF,,2019-11-02,CHA,GS,-6.0,221.0,113.5,5600,29,21.3,25.7,34.5,32.8,5.85,SF/PF,5600,2,15.0,13.0,103,107,0%,11,11,11,35,33,33,26.1,26.1,20.8,31.4,34.5,29.3,5.2,29.5,13.0,2.3,32.8,5.85,29.3,34.5,5.2,31.049999999999997,5.525,33.666666666666664,11.0,27.089999999999996,27.166666666666668,31.81856435643564,0.7508920498114035,1.1181930384658167,0.6310965521922356,0.4620541802971978,0.7785302879010256
8,6,Jarrett Allen,PF,,2019-11-02,BKN,DET,-2.0,223.0,112.5,4500,28,21.8,26.3,32.3,24.8,5.5,PF/C,4500,0,16.0,19.0,100,107,-3%,4,5,5,26,28,28,26.3,26.3,21.4,31.1,24.0,22.9,5.1,18.0,15.8,3.5,24.8,5.5,22.9,24.0,5.1,23.85,5.3,27.333333333333332,4.666666666666667,25.79,26.8,20.94146341463415,0.11408185904897185,0.05337436937784335,-0.2279512228401092,0.34792516734931933,0.5920904762377875
8,7,Khris Middleton,SG,,2019-11-02,MIL,TOR,-6.5,227.0,116.8,7100,20,23.5,33.1,39.0,36.3,5.11,SG/SF,7100,0,25.0,17.0,103,104,0%,12,14,14,27,31,31,33.1,33.1,26.7,39.5,32.5,36.9,5.2,33.7,25.0,3.5,36.3,5.11,36.9,32.5,5.2,36.599999999999994,5.155,29.666666666666668,13.333333333333334,33.8,31.866666666666664,40.09550561797752,1.2417665718574447,0.9153704348300122,1.2847898490408112,1.051135470205095,0.4719403753881458
9,0,Jeff Teague,PG,,2019-11-02,MIN,WAS,3.0,228.5,112.8,5900,30,17.5,29.4,45.8,31.0,5.25,PG,5900,2,22.0,15.0,104,111,5%,11,8,8,28,28,28,25.3,25.3,17.4,33.2,30.0,31.1,5.3,27.6,46.0,7.8,31.0,5.25,31.1,30.0,5.3,31.05,5.275,28.0,9.0,26.450000000000006,30.899999999999995,33.267857142857146,0.7508920498114038,0.6618421802852567,0.7455582778126305,0.40586758930747374,0.5713749416085393
9,1,Damion Lee,SG,,2019-11-02,GS,CHA,6.0,221.0,107.5,3500,27,5.8,18.7,42.3,20.5,5.86,SG/SF,3500,0,,,101,110,6%,7,6,6,18,17,17,18.7,18.7,3.3,34.1,28.0,26.0,7.4,26.8,20.0,5.7,20.5,5.86,26.0,28.0,7.4,23.25,6.630000000000001,17.333333333333332,6.333333333333333,19.61,22.266666666666666,37.557692307692314,0.06101434315210239,0.4590195766494522,1.0843593400924494,-0.1946266018952118,1.6941569185138154
9,2,Miles Bridges,SF,,2019-11-02,CHA,GS,-6.0,221.0,113.5,5600,29,21.3,25.7,34.5,32.8,5.85,SF/PF,5600,2,15.0,13.0,103,107,0%,11,11,11,35,33,33,26.1,26.1,20.8,31.4,34.5,29.3,5.2,29.5,13.0,2.3,32.8,5.85,29.3,34.5,5.2,31.049999999999997,5.525,33.666666666666664,11.0,27.089999999999996,27.166666666666668,31.81856435643564,0.7508920498114035,1.1181930384658167,0.6310965521922356,0.4620541802971978,0.7785302879010256
9,3,Jerami Grant,PF,,2019-11-02,DEN,ORL,-4.0,200.5,102.3,3800,24,6.8,15.6,21.8,17.8,4.67,PF/C,3800,1,15.0,14.0,100,106,-5%,8,8,8,21,24,24,15.6,15.6,9.8,21.4,25.5,17.0,4.5,21.2,7.3,1.9,17.8,4.67,17.0,25.5,4.5,17.4,4.585,23.0,8.0,15.959999999999997,14.733333333333334,19.291304347826085,-0.4563939368423737,0.20549132210469667,-0.35827689347382663,-0.5150657536334868,-0.00037381415872314274
9,4,Devonte' Graham,PG,,2019-11-02,CHA,GS,-6.0,221.0,113.5,5800,22,20.3,32.9,42.5,30.8,5.3,PG/SG,5800,2,18.0,10.0,103,107,-3%,9,11,11,31,29,29,32.9,32.9,24.7,41.0,30.0,29.0,5.0,30.7,18.0,3.1,30.8,5.3,29.0,30.0,5.0,29.9,5.15,29.666666666666668,10.333333333333334,32.28,31.900000000000002,30.235955056179776,0.6491793110090707,0.6618421802852567,0.5061058027816554,0.9176923166044987,0.4677972684622962
9,5,Giannis Antetokounmpo,SF,,2019-11-02,MIL,TOR,-6.5,227.0,116.8,10700,23,41.5,58.6,71.3,59.0,5.51,SF/PF,10700,0,32.0,31.0,103,104,-4%,15,16,16,33,32,32,58.9,58.9,46.3,71.5,33.5,61.5,5.7,36.4,77.3,7.2,59.0,5.51,61.5,33.5,5.7,60.25,5.605,32.333333333333336,15.666666666666666,59.17,57.133333333333326,62.423969072164944,3.333511156792378,1.0167817366479144,3.04823922335855,3.2784070536571592,0.8448199987146213
9,6,Andre Drummond,C,,2019-11-02,DET,BKN,2.0,223.0,110.5,10100,23,34.0,49.6,67.0,52.5,5.2,C,10100,0,22.0,23.0,103,107,11%,17,14,15,35,34,35,49.6,54.4,38.4,70.4,35.5,59.4,5.9,38.9,74.5,7.4,52.5,5.2,59.4,35.5,5.9,55.95,5.550000000000001,34.666666666666664,15.333333333333334,53.75,50.199999999999996,57.29495192307693,2.9531939595314816,1.219604340283719,2.643161547459272,2.8025768612129265,0.7992458225302745
9,7,Frank Kaminsky,PF,,2019-11-02,PHO,MEM,-3.0,221.5,112.3,4500,26,8.5,25.0,37.0,27.3,6.06,PF/C,4500,2,22.0,17.0,99,106,-4%,9,10,10,25,26,26,24.9,24.9,12.9,37.0,25.5,24.3,5.4,22.5,22.8,5.1,27.3,6.06,24.3,25.5,5.4,25.8,5.73,25.666666666666668,9.666666666666666,25.1,23.5,25.632467532467533,0.2865512857137971,0.20549132210469667,0.14253321705375385,0.28734899893852234,0.9483976718608644
10,0,Kyle Lowry,PG,,2019-11-02,TOR,MIL,6.5,227.0,110.3,8100,23,36.3,42.1,49.5,38.0,4.69,PG,8100,2,22.0,17.0,105,103,-4%,16,15,15,38,39,39,42.1,42.1,37.3,46.9,36.5,39.5,4.9,38.0,51.5,6.4,38.0,4.69,39.5,36.5,4.9,38.75,4.795,38.666666666666664,15.333333333333334,41.42999999999999,42.63333333333333,36.57866379310345,1.4319251704878935,1.321015642101621,1.0070379773827742,1.7209849846607213,0.1736366767269653
10,1,Khris Middleton,SG,,2019-11-02,MIL,TOR,-6.5,227.0,116.8,7100,20,23.5,33.1,39.0,36.3,5.11,SG/SF,7100,0,25.0,17.0,103,104,0%,12,14,14,27,31,31,33.1,33.1,26.7,39.5,32.5,36.9,5.2,33.7,25.0,3.5,36.3,5.11,36.9,32.5,5.2,36.599999999999994,5.155,29.666666666666668,13.333333333333334,33.8,31.866666666666664,40.09550561797752,1.2417665718574447,0.9153704348300122,1.2847898490408112,1.051135470205095,0.4719403753881458
10,2,Ben Simmons,PG,,2019-11-02,PHI,POR,-1.0,223.0,112.0,8700,20,31.5,39.3,46.0,45.8,5.26,PG/SF,8700,2,24.0,20.0,102,108,-1%,12,13,13,35,35,35,40.1,40.1,33.1,47.0,35.0,46.2,5.3,36.4,47.8,5.5,45.8,5.26,46.2,35.0,5.3,46.0,5.279999999999999,35.0,12.666666666666666,41.260000000000005,38.93333333333333,46.0,2.073157654241731,1.1688986893747677,1.7511128875697992,1.7060604214290767,0.5755180485343883
10,3,Giannis Antetokounmpo,SF,,2019-11-02,MIL,TOR,-6.5,227.0,116.8,10700,23,41.5,58.6,71.3,59.0,5.51,SF/PF,10700,0,32.0,31.0,103,104,-4%,15,16,16,33,32,32,58.9,58.9,46.3,71.5,33.5,61.5,5.7,36.4,77.3,7.2,59.0,5.51,61.5,33.5,5.7,60.25,5.605,32.333333333333336,15.666666666666666,59.17,57.133333333333326,62.423969072164944,3.333511156792378,1.0167817366479144,3.04823922335855,3.2784070536571592,0.8448199987146213
10,4,Rodney Hood,SG,,2019-11-02,POR,PHI,1.0,223.0,111.0,3900,13,18.8,22.5,34.0,22.0,5.64,SG/SF,3900,2,19.0,12.0,104,107,-5%,9,9,9,34,32,32,22.4,22.4,16.0,28.9,32.5,22.3,5.7,31.4,32.5,8.3,22.0,5.64,22.3,32.5,5.7,22.15,5.67,32.666666666666664,9.0,22.369999999999997,25.099999999999998,22.036989795918366,-0.036276102658824846,0.9153704348300122,-0.1414291334187736,0.04767807174797668,0.8986803887506674
10,5,Marquese Chriss,PF,,2019-11-02,GS,CHA,6.0,221.0,107.5,3100,25,6.5,17.5,26.0,18.8,6.05,PF/C,3100,0,,,101,110,2%,4,4,4,14,16,16,16.7,16.7,8.8,24.6,20.5,21.9,7.1,7.5,4.8,1.5,18.8,6.05,21.9,20.5,7.1,20.35,6.574999999999999,15.333333333333334,4.0,17.43,16.666666666666668,27.207065217391307,-0.1954786503494326,-0.30156518698481444,0.2668912279835319,-0.38601217745396227,1.6485827423294672
10,6,Frank Kaminsky,PF,,2019-11-02,PHO,MEM,-3.0,221.5,112.3,4500,26,8.5,25.0,37.0,27.3,6.06,PF/C,4500,2,22.0,17.0,99,106,-4%,9,10,10,25,26,26,24.9,24.9,12.9,37.0,25.5,24.3,5.4,22.5,22.8,5.1,27.3,6.06,24.3,25.5,5.4,25.8,5.73,25.666666666666668,9.666666666666666,25.1,23.5,25.632467532467533,0.2865512857137971,0.20549132210469667,0.14253321705375385,0.28734899893852234,0.9483976718608644
10,7,Damion Lee,SG,,2019-11-02,GS,CHA,6.0,221.0,107.5,3500,27,5.8,18.7,42.3,20.5,5.86,SG/SF,3500,0,,,101,110,6%,7,6,6,18,17,17,18.7,18.7,3.3,34.1,28.0,26.0,7.4,26.8,20.0,5.7,20.5,5.86,26.0,28.0,7.4,23.25,6.630000000000001,17.333333333333332,6.333333333333333,19.61,22.266666666666666,37.557692307692314,0.06101434315210239,0.4590195766494522,1.0843593400924494,-0.1946266018952118,1.6941569185138154
11,0,Jeff Teague,PG,,2019-11-02,MIN,WAS,3.0,228.5,112.8,5900,30,17.5,29.4,45.8,31.0,5.25,PG,5900,2,22.0,15.0,104,111,5%,11,8,8,28,28,28,25.3,25.3,17.4,33.2,30.0,31.1,5.3,27.6,46.0,7.8,31.0,5.25,31.1,30.0,5.3,31.05,5.275,28.0,9.0,26.450000000000006,30.899999999999995,33.267857142857146,0.7508920498114038,0.6618421802852567,0.7455582778126305,0.40586758930747374,0.5713749416085393
11,1,Devonte' Graham,PG,,2019-11-02,CHA,GS,-6.0,221.0,113.5,5800,22,20.3,32.9,42.5,30.8,5.3,PG/SG,5800,2,18.0,10.0,103,107,-3%,9,11,11,31,29,29,32.9,32.9,24.7,41.0,30.0,29.0,5.0,30.7,18.0,3.1,30.8,5.3,29.0,30.0,5.0,29.9,5.15,29.666666666666668,10.333333333333334,32.28,31.900000000000002,30.235955056179776,0.6491793110090707,0.6618421802852567,0.5061058027816554,0.9176923166044987,0.4677972684622962
11,2,Miles Bridges,SF,,2019-11-02,CHA,GS,-6.0,221.0,113.5,5600,29,21.3,25.7,34.5,32.8,5.85,SF/PF,5600,2,15.0,13.0,103,107,0%,11,11,11,35,33,33,26.1,26.1,20.8,31.4,34.5,29.3,5.2,29.5,13.0,2.3,32.8,5.85,29.3,34.5,5.2,31.049999999999997,5.525,33.666666666666664,11.0,27.089999999999996,27.166666666666668,31.81856435643564,0.7508920498114035,1.1181930384658167,0.6310965521922356,0.4620541802971978,0.7785302879010256
11,3,Giannis Antetokounmpo,SF,,2019-11-02,MIL,TOR,-6.5,227.0,116.8,10700,23,41.5,58.6,71.3,59.0,5.51,SF/PF,10700,0,32.0,31.0,103,104,-4%,15,16,16,33,32,32,58.9,58.9,46.3,71.5,33.5,61.5,5.7,36.4,77.3,7.2,59.0,5.51,61.5,33.5,5.7,60.25,5.605,32.333333333333336,15.666666666666666,59.17,57.133333333333326,62.423969072164944,3.333511156792378,1.0167817366479144,3.04823922335855,3.2784070536571592,0.8448199987146213
11,4,Shabazz Napier,PG,,2019-11-02,MIN,WAS,3.0,228.5,112.8,3800,30,16.3,24.5,35.0,21.3,5.59,PG/SG,3800,2,25.0,15.0,104,111,5%,7,7,7,22,22,22,21.9,21.9,15.1,28.7,19.5,20.1,5.3,22.2,12.5,3.3,21.3,5.59,20.1,19.5,5.3,20.700000000000003,5.445,22.0,7.0,21.66,25.266666666666666,18.347727272727276,-0.16452259940959202,-0.40297648880271664,-0.43279838511688473,-0.01465392763124915,0.7122405770874299
11,5,Damion Lee,SG,,2019-11-02,GS,CHA,6.0,221.0,107.5,3500,27,5.8,18.7,42.3,20.5,5.86,SG/SF,3500,0,,,101,110,6%,7,6,6,18,17,17,18.7,18.7,3.3,34.1,28.0,26.0,7.4,26.8,20.0,5.7,20.5,5.86,26.0,28.0,7.4,23.25,6.630000000000001,17.333333333333332,6.333333333333333,19.61,22.266666666666666,37.557692307692314,0.06101434315210239,0.4590195766494522,1.0843593400924494,-0.1946266018952118,1.6941569185138154
11,6,Jarrett Allen,PF,,2019-11-02,BKN,DET,-2.0,223.0,112.5,4500,28,21.8,26.3,32.3,24.8,5.5,PF/C,4500,0,16.0,19.0,100,107,-3%,4,5,5,26,28,28,26.3,26.3,21.4,31.1,24.0,22.9,5.1,18.0,15.8,3.5,24.8,5.5,22.9,24.0,5.1,23.85,5.3,27.333333333333332,4.666666666666667,25.79,26.8,20.94146341463415,0.11408185904897185,0.05337436937784335,-0.2279512228401092,0.34792516734931933,0.5920904762377875
11,7,Andre Drummond,C,,2019-11-02,DET,BKN,2.0,223.0,110.5,10100,23,34.0,49.6,67.0,52.5,5.2,C,10100,0,22.0,23.0,103,107,11%,17,14,15,35,34,35,49.6,54.4,38.4,70.4,35.5,59.4,5.9,38.9,74.5,7.4,52.5,5.2,59.4,35.5,5.9,55.95,5.550000000000001,34.666666666666664,15.333333333333334,53.75,50.199999999999996,57.29495192307693,2.9531939595314816,1.219604340283719,2.643161547459272,2.8025768612129265,0.7992458225302745
12,0,Jeff Teague,PG,,2019-11-02,MIN,WAS,3.0,228.5,112.8,5900,30,17.5,29.4,45.8,31.0,5.25,PG,5900,2,22.0,15.0,104,111,5%,11,8,8,28,28,28,25.3,25.3,17.4,33.2,30.0,31.1,5.3,27.6,46.0,7.8,31.0,5.25,31.1,30.0,5.3,31.05,5.275,28.0,9.0,26.450000000000006,30.899999999999995,33.267857142857146,0.7508920498114038,0.6618421802852567,0.7455582778126305,0.40586758930747374,0.5713749416085393
12,1,Damion Lee,SG,,2019-11-02,GS,CHA,6.0,221.0,107.5,3500,27,5.8,18.7,42.3,20.5,5.86,SG/SF,3500,0,,,101,110,6%,7,6,6,18,17,17,18.7,18.7,3.3,34.1,28.0,26.0,7.4,26.8,20.0,5.7,20.5,5.86,26.0,28.0,7.4,23.25,6.630000000000001,17.333333333333332,6.333333333333333,19.61,22.266666666666666,37.557692307692314,0.06101434315210239,0.4590195766494522,1.0843593400924494,-0.1946266018952118,1.6941569185138154
12,2,Rodney Hood,SG,,2019-11-02,POR,PHI,1.0,223.0,111.0,3900,13,18.8,22.5,34.0,22.0,5.64,SG/SF,3900,2,19.0,12.0,104,107,-5%,9,9,9,34,32,32,22.4,22.4,16.0,28.9,32.5,22.3,5.7,31.4,32.5,8.3,22.0,5.64,22.3,32.5,5.7,22.15,5.67,32.666666666666664,9.0,22.369999999999997,25.099999999999998,22.036989795918366,-0.036276102658824846,0.9153704348300122,-0.1414291334187736,0.04767807174797668,0.8986803887506674
12,3,Miles Bridges,SF,,2019-11-02,CHA,GS,-6.0,221.0,113.5,5600,29,21.3,25.7,34.5,32.8,5.85,SF/PF,5600,2,15.0,13.0,103,107,0%,11,11,11,35,33,33,26.1,26.1,20.8,31.4,34.5,29.3,5.2,29.5,13.0,2.3,32.8,5.85,29.3,34.5,5.2,31.049999999999997,5.525,33.666666666666664,11.0,27.089999999999996,27.166666666666668,31.81856435643564,0.7508920498114035,1.1181930384658167,0.6310965521922356,0.4620541802971978,0.7785302879010256
12,4,Ben Simmons,PG,,2019-11-02,PHI,POR,-1.0,223.0,112.0,8700,20,31.5,39.3,46.0,45.8,5.26,PG/SF,8700,2,24.0,20.0,102,108,-1%,12,13,13,35,35,35,40.1,40.1,33.1,47.0,35.0,46.2,5.3,36.4,47.8,5.5,45.8,5.26,46.2,35.0,5.3,46.0,5.279999999999999,35.0,12.666666666666666,41.260000000000005,38.93333333333333,46.0,2.073157654241731,1.1688986893747677,1.7511128875697992,1.7060604214290767,0.5755180485343883
12,5,PJ Washington,PF,,2019-11-02,CHA,GS,-6.0,221.0,113.5,6700,14,20.0,29.7,39.0,33.0,4.93,PF/C,6700,2,,,103,107,-1%,11,11,11,33,34,34,29.6,29.6,21.0,38.3,34.0,32.1,4.8,32.8,24.3,3.6,33.0,4.93,32.1,34.0,4.8,32.55,4.865,33.666666666666664,11.0,30.21,29.566666666666666,32.87227722772277,0.8835608395535768,1.0674873875568656,0.7143163092254209,0.7359638113721071,0.23164017368886172
12,6,Markieff Morris,PF,,2019-11-02,DET,BKN,2.0,223.0,110.5,4100,8,9.8,20.5,31.0,25.3,6.16,PF/C,4100,0,18.0,12.0,103,107,1%,13,10,10,32,29,28,20.5,20.0,12.7,27.3,31.0,28.0,6.8,34.5,22.5,5.5,25.3,6.16,28.0,31.0,6.8,26.65,6.48,29.666666666666668,11.0,21.43,20.433333333333334,27.847752808988762,0.36173026656769514,0.7632534821031589,0.31749122268777064,-0.03484598376818158,1.5698637107383233
12,7,Andre Drummond,C,,2019-11-02,DET,BKN,2.0,223.0,110.5,10100,23,34.0,49.6,67.0,52.5,5.2,C,10100,0,22.0,23.0,103,107,11%,17,14,15,35,34,35,49.6,54.4,38.4,70.4,35.5,59.4,5.9,38.9,74.5,7.4,52.5,5.2,59.4,35.5,5.9,55.95,5.550000000000001,34.666666666666664,15.333333333333334,53.75,50.199999999999996,57.29495192307693,2.9531939595314816,1.219604340283719,2.643161547459272,2.8025768612129265,0.7992458225302745
13,0,Malik Monk,PG,,2019-11-02,CHA,GS,-6.0,221.0,113.5,3900,22,3.0,13.6,27.5,18.3,4.68,PG/SG,3900,2,24.0,12.0,103,107,-1%,12,7,7,21,18,18,13.6,13.6,3.2,23.9,19.5,18.8,4.8,20.1,15.8,4.1,18.3,4.68,18.8,19.5,4.8,18.55,4.74,19.0,8.666666666666666,14.569999999999999,14.700000000000001,19.03815789473684,-0.35468119804004067,-0.40297648880271664,-0.3782698032065948,-0.6370960059392955,0.12806250054261856
13,1,Khris Middleton,SG,,2019-11-02,MIL,TOR,-6.5,227.0,116.8,7100,20,23.5,33.1,39.0,36.3,5.11,SG/SF,7100,0,25.0,17.0,103,104,0%,12,14,14,27,31,31,33.1,33.1,26.7,39.5,32.5,36.9,5.2,33.7,25.0,3.5,36.3,5.11,36.9,32.5,5.2,36.599999999999994,5.155,29.666666666666668,13.333333333333334,33.8,31.866666666666664,40.09550561797752,1.2417665718574447,0.9153704348300122,1.2847898490408112,1.051135470205095,0.4719403753881458
13,2,Glenn Robinson III,SF,,2019-11-02,GS,CHA,6.0,221.0,107.5,4400,15,10.5,20.3,30.3,20.8,4.72,SF/PF,4400,0,15.0,9.0,101,110,6%,6,8,8,29,28,28,20.3,20.3,12.2,28.4,32.0,25.1,5.7,36.4,36.8,8.4,20.8,4.72,25.1,32.0,5.7,22.950000000000003,5.21,28.333333333333332,7.333333333333333,20.830000000000002,20.366666666666667,25.920000000000005,0.03448058520366797,0.864664783921061,0.16524185309610914,-0.08752091282104849,0.5175145515724926
13,3,Giannis Antetokounmpo,SF,,2019-11-02,MIL,TOR,-6.5,227.0,116.8,10700,23,41.5,58.6,71.3,59.0,5.51,SF/PF,10700,0,32.0,31.0,103,104,-4%,15,16,16,33,32,32,58.9,58.9,46.3,71.5,33.5,61.5,5.7,36.4,77.3,7.2,59.0,5.51,61.5,33.5,5.7,60.25,5.605,32.333333333333336,15.666666666666666,59.17,57.133333333333326,62.423969072164944,3.333511156792378,1.0167817366479144,3.04823922335855,3.2784070536571592,0.8448199987146213
13,4,Devonte' Graham,PG,,2019-11-02,CHA,GS,-6.0,221.0,113.5,5800,22,20.3,32.9,42.5,30.8,5.3,PG/SG,5800,2,18.0,10.0,103,107,-3%,9,11,11,31,29,29,32.9,32.9,24.7,41.0,30.0,29.0,5.0,30.7,18.0,3.1,30.8,5.3,29.0,30.0,5.0,29.9,5.15,29.666666666666668,10.333333333333334,32.28,31.900000000000002,30.235955056179776,0.6491793110090707,0.6618421802852567,0.5061058027816554,0.9176923166044987,0.4677972684622962
13,5,Skal Labissiere,PF,,2019-11-02,POR,PHI,1.0,223.0,111.0,3000,7,1.5,12.5,19.0,13.8,4.58,PF/C,3000,2,,,104,107,3%,5,4,4,17,11,11,12.4,12.4,4.9,20.0,27.5,25.2,8.4,22.7,24.5,8.2,13.8,4.58,25.2,27.5,8.4,19.5,6.49,13.0,4.333333333333333,13.839999999999998,11.0,41.25,-0.270657631203331,0.4083139257405011,1.3759690920643197,-0.7011838362869506,1.5781499245900226
13,6,Frank Kaminsky,PF,,2019-11-02,PHO,MEM,-3.0,221.5,112.3,4500,26,8.5,25.0,37.0,27.3,6.06,PF/C,4500,2,22.0,17.0,99,106,-4%,9,10,10,25,26,26,24.9,24.9,12.9,37.0,25.5,24.3,5.4,22.5,22.8,5.1,27.3,6.06,24.3,25.5,5.4,25.8,5.73,25.666666666666668,9.666666666666666,25.1,23.5,25.632467532467533,0.2865512857137971,0.20549132210469667,0.14253321705375385,0.28734899893852234,0.9483976718608644
13,7,Andre Drummond,C,,2019-11-02,DET,BKN,2.0,223.0,110.5,10100,23,34.0,49.6,67.0,52.5,5.2,C,10100,0,22.0,23.0,103,107,11%,17,14,15,35,34,35,49.6,54.4,38.4,70.4,35.5,59.4,5.9,38.9,74.5,7.4,52.5,5.2,59.4,35.5,5.9,55.95,5.550000000000001,34.666666666666664,15.333333333333334,53.75,50.199999999999996,57.29495192307693,2.9531939595314816,1.219604340283719,2.643161547459272,2.8025768612129265,0.7992458225302745
14,0,Ben Simmons,PG,,2019-11-02,PHI,POR,-1.0,223.0,112.0,8700,20,31.5,39.3,46.0,45.8,5.26,PG/SF,8700,2,24.0,20.0,102,108,-1%,12,13,13,35,35,35,40.1,40.1,33.1,47.0,35.0,46.2,5.3,36.4,47.8,5.5,45.8,5.26,46.2,35.0,5.3,46.0,5.279999999999999,35.0,12.666666666666666,41.260000000000005,38.93333333333333,46.0,2.073157654241731,1.1688986893747677,1.7511128875697992,1.7060604214290767,0.5755180485343883
14,1,Devonte' Graham,PG,,2019-11-02,CHA,GS,-6.0,221.0,113.5,5800,22,20.3,32.9,42.5,30.8,5.3,PG/SG,5800,2,18.0,10.0,103,107,-3%,9,11,11,31,29,29,32.9,32.9,24.7,41.0,30.0,29.0,5.0,30.7,18.0,3.1,30.8,5.3,29.0,30.0,5.0,29.9,5.15,29.666666666666668,10.333333333333334,32.28,31.900000000000002,30.235955056179776,0.6491793110090707,0.6618421802852567,0.5061058027816554,0.9176923166044987,0.4677972684622962
14,2,Giannis Antetokounmpo,SF,,2019-11-02,MIL,TOR,-6.5,227.0,116.8,10700,23,41.5,58.6,71.3,59.0,5.51,SF/PF,10700,0,32.0,31.0,103,104,-4%,15,16,16,33,32,32,58.9,58.9,46.3,71.5,33.5,61.5,5.7,36.4,77.3,7.2,59.0,5.51,61.5,33.5,5.7,60.25,5.605,32.333333333333336,15.666666666666666,59.17,57.133333333333326,62.423969072164944,3.333511156792378,1.0167817366479144,3.04823922335855,3.2784070536571592,0.8448199987146213
14,3,Jarrett Allen,PF,,2019-11-02,BKN,DET,-2.0,223.0,112.5,4500,28,21.8,26.3,32.3,24.8,5.5,PF/C,4500,0,16.0,19.0,100,107,-3%,4,5,5,26,28,28,26.3,26.3,21.4,31.1,24.0,22.9,5.1,18.0,15.8,3.5,24.8,5.5,22.9,24.0,5.1,23.85,5.3,27.333333333333332,4.666666666666667,25.79,26.8,20.94146341463415,0.11408185904897185,0.05337436937784335,-0.2279512228401092,0.34792516734931933,0.5920904762377875
14,4,Caris LeVert,SG,,2019-11-02,BKN,DET,-2.0,223.0,112.5,6100,10,22.0,32.1,40.0,33.0,5.41,SG/SF,6100,0,25.0,15.0,100,107,-3%,17,16,16,33,33,33,32.0,32.0,24.4,39.7,32.5,32.0,5.2,27.6,22.5,3.7,33.0,5.41,32.0,32.5,5.2,32.5,5.305,33.0,16.333333333333332,32.12,31.366666666666664,32.00757575757576,0.8791385465621713,0.9153704348300122,0.6460242268064488,0.9036456688570671,0.5962335831636372
14,5,Skal Labissiere,PF,,2019-11-02,POR,PHI,1.0,223.0,111.0,3000,7,1.5,12.5,19.0,13.8,4.58,PF/C,3000,2,,,104,107,3%,5,4,4,17,11,11,12.4,12.4,4.9,20.0,27.5,25.2,8.4,22.7,24.5,8.2,13.8,4.58,25.2,27.5,8.4,19.5,6.49,13.0,4.333333333333333,13.839999999999998,11.0,41.25,-0.270657631203331,0.4083139257405011,1.3759690920643197,-0.7011838362869506,1.5781499245900226
14,6,Markieff Morris,PF,,2019-11-02,DET,BKN,2.0,223.0,110.5,4100,8,9.8,20.5,31.0,25.3,6.16,PF/C,4100,0,18.0,12.0,103,107,1%,13,10,10,32,29,28,20.5,20.0,12.7,27.3,31.0,28.0,6.8,34.5,22.5,5.5,25.3,6.16,28.0,31.0,6.8,26.65,6.48,29.666666666666668,11.0,21.43,20.433333333333334,27.847752808988762,0.36173026656769514,0.7632534821031589,0.31749122268777064,-0.03484598376818158,1.5698637107383233
14,7,Rodney Hood,SG,,2019-11-02,POR,PHI,1.0,223.0,111.0,3900,13,18.8,22.5,34.0,22.0,5.64,SG/SF,3900,2,19.0,12.0,104,107,-5%,9,9,9,34,32,32,22.4,22.4,16.0,28.9,32.5,22.3,5.7,31.4,32.5,8.3,22.0,5.64,22.3,32.5,5.7,22.15,5.67,32.666666666666664,9.0,22.369999999999997,25.099999999999998,22.036989795918366,-0.036276102658824846,0.9153704348300122,-0.1414291334187736,0.04767807174797668,0.8986803887506674
15,0,Jamal Murray,PG,,2019-11-02,DEN,ORL,-4.0,200.5,102.3,7000,7,25.0,31.6,43.8,33.3,4.75,PG/SG,7000,1,26.0,16.0,100,106,-2%,14,15,15,30,33,33,31.6,31.6,24.3,38.8,33.0,32.5,4.6,32.3,32.0,4.6,33.3,4.75,32.5,33.0,4.6,32.9,4.675,32.0,14.666666666666666,31.839999999999996,33.46666666666667,33.928125,0.9145168904934174,0.9660760857389633,0.7977046757029128,0.8790640352990623,0.0742021105065718
15,1,Rodney Hood,SG,,2019-11-02,POR,PHI,1.0,223.0,111.0,3900,13,18.8,22.5,34.0,22.0,5.64,SG/SF,3900,2,19.0,12.0,104,107,-5%,9,9,9,34,32,32,22.4,22.4,16.0,28.9,32.5,22.3,5.7,31.4,32.5,8.3,22.0,5.64,22.3,32.5,5.7,22.15,5.67,32.666666666666664,9.0,22.369999999999997,25.099999999999998,22.036989795918366,-0.036276102658824846,0.9153704348300122,-0.1414291334187736,0.04767807174797668,0.8986803887506674
15,2,Davis Bertans,SF,,2019-11-02,WAS,MIN,-3.0,228.5,115.8,4100,8,7.0,21.2,31.5,22.3,5.43,SF/PF,4100,2,14.0,13.0,103,110,8%,9,9,9,30,29,29,24.8,24.8,16.7,32.8,26.0,21.5,5.2,27.1,15.3,3.7,22.3,5.43,21.5,26.0,5.2,21.9,5.3149999999999995,29.333333333333332,9.0,24.2,19.900000000000002,19.411363636363635,-0.05838756761585374,0.2561969730136478,-0.3487948940658973,0.2083366053592215,0.6045197970153364
15,3,Giannis Antetokounmpo,SF,,2019-11-02,MIL,TOR,-6.5,227.0,116.8,10700,23,41.5,58.6,71.3,59.0,5.51,SF/PF,10700,0,32.0,31.0,103,104,-4%,15,16,16,33,32,32,58.9,58.9,46.3,71.5,33.5,61.5,5.7,36.4,77.3,7.2,59.0,5.51,61.5,33.5,5.7,60.25,5.605,32.333333333333336,15.666666666666666,59.17,57.133333333333326,62.423969072164944,3.333511156792378,1.0167817366479144,3.04823922335855,3.2784070536571592,0.8448199987146213
15,4,Devonte' Graham,PG,,2019-11-02,CHA,GS,-6.0,221.0,113.5,5800,22,20.3,32.9,42.5,30.8,5.3,PG/SG,5800,2,18.0,10.0,103,107,-3%,9,11,11,31,29,29,32.9,32.9,24.7,41.0,30.0,29.0,5.0,30.7,18.0,3.1,30.8,5.3,29.0,30.0,5.0,29.9,5.15,29.666666666666668,10.333333333333334,32.28,31.900000000000002,30.235955056179776,0.6491793110090707,0.6618421802852567,0.5061058027816554,0.9176923166044987,0.4677972684622962
15,5,Frank Kaminsky,PF,,2019-11-02,PHO,MEM,-3.0,221.5,112.3,4500,26,8.5,25.0,37.0,27.3,6.06,PF/C,4500,2,22.0,17.0,99,106,-4%,9,10,10,25,26,26,24.9,24.9,12.9,37.0,25.5,24.3,5.4,22.5,22.8,5.1,27.3,6.06,24.3,25.5,5.4,25.8,5.73,25.666666666666668,9.666666666666666,25.1,23.5,25.632467532467533,0.2865512857137971,0.20549132210469667,0.14253321705375385,0.28734899893852234,0.9483976718608644
15,6,Pascal Siakam,PF,,2019-11-02,TOR,MIL,6.5,227.0,110.3,8500,6,33.0,46.5,66.5,41.8,4.91,PF/C,8500,2,21.0,19.0,105,103,-2%,19,20,20,33,34,34,46.5,46.5,33.8,59.2,35.5,42.7,5.0,32.4,26.3,3.1,41.8,4.91,42.7,35.5,5.0,42.25,4.955,33.666666666666664,19.666666666666668,45.65,48.666666666666664,44.55074257425743,1.7414856798862979,1.219604340283719,1.6366539546524161,2.0914653189992203,0.30621609835415664
15,7,Ish Smith,PG,,2019-11-02,WAS,MIN,-3.0,228.5,115.8,4600,27,7.5,17.4,33.8,21.0,4.57,PG,4600,2,21.0,12.0,103,110,-1%,10,9,9,26,27,27,19.8,19.8,10.1,29.6,23.5,19.8,4.3,31.3,21.3,4.6,21.0,4.57,19.8,23.5,4.3,20.4,4.4350000000000005,26.666666666666668,9.333333333333334,19.939999999999998,19.566666666666666,17.9775,-0.19105635735802706,0.0026687184688922393,-0.46203806180963275,-0.16565539091613504,-0.12466702193421447
16,0,Jamal Murray,PG,,2019-11-02,DEN,ORL,-4.0,200.5,102.3,7000,7,25.0,31.6,43.8,33.3,4.75,PG/SG,7000,1,26.0,16.0,100,106,-2%,14,15,15,30,33,33,31.6,31.6,24.3,38.8,33.0,32.5,4.6,32.3,32.0,4.6,33.3,4.75,32.5,33.0,4.6,32.9,4.675,32.0,14.666666666666666,31.839999999999996,33.46666666666667,33.928125,0.9145168904934174,0.9660760857389633,0.7977046757029128,0.8790640352990623,0.0742021105065718
16,1,Alec Burks,PG,,2019-11-02,GS,CHA,6.0,221.0,107.5,4100,14,4.0,8.6,16.3,18.3,4.45,PG/SG,4100,0,20.0,13.0,101,110,6%,8,8,8,17,17,17,13.8,13.8,10.2,17.3,24.0,22.5,5.5,24.8,11.0,2.7,18.3,4.45,22.5,24.0,5.5,20.4,4.975,17.0,8.0,15.1,9.633333333333333,28.799999999999997,-0.19105635735802706,0.05337436937784335,0.3926974596341677,-0.5905664852759295,0.3227885260575552
16,2,Luke Kennard,SG,,2019-11-02,DET,BKN,2.0,223.0,110.5,5000,15,14.8,22.6,27.3,25.5,5.1,SG/SF,5000,0,18.0,12.0,103,107,-6%,9,10,11,30,31,30,22.6,25.4,17.2,33.5,33.0,30.3,6.1,37.4,34.3,6.9,25.5,5.1,30.3,33.0,6.1,27.9,5.6,30.333333333333332,10.0,25.32,21.566666666666666,30.35274725274725,0.4722875913528396,0.9660760857389633,0.5153297749723383,0.3066631395912402,0.8406768917887709
16,3,Giannis Antetokounmpo,SF,,2019-11-02,MIL,TOR,-6.5,227.0,116.8,10700,23,41.5,58.6,71.3,59.0,5.51,SF/PF,10700,0,32.0,31.0,103,104,-4%,15,16,16,33,32,32,58.9,58.9,46.3,71.5,33.5,61.5,5.7,36.4,77.3,7.2,59.0,5.51,61.5,33.5,5.7,60.25,5.605,32.333333333333336,15.666666666666666,59.17,57.133333333333326,62.423969072164944,3.333511156792378,1.0167817366479144,3.04823922335855,3.2784070536571592,0.8448199987146213
16,4,Damion Lee,SG,,2019-11-02,GS,CHA,6.0,221.0,107.5,3500,27,5.8,18.7,42.3,20.5,5.86,SG/SF,3500,0,,,101,110,6%,7,6,6,18,17,17,18.7,18.7,3.3,34.1,28.0,26.0,7.4,26.8,20.0,5.7,20.5,5.86,26.0,28.0,7.4,23.25,6.630000000000001,17.333333333333332,6.333333333333333,19.61,22.266666666666666,37.557692307692314,0.06101434315210239,0.4590195766494522,1.0843593400924494,-0.1946266018952118,1.6941569185138154
16,5,Khris Middleton,SG,,2019-11-02,MIL,TOR,-6.5,227.0,116.8,7100,20,23.5,33.1,39.0,36.3,5.11,SG/SF,7100,0,25.0,17.0,103,104,0%,12,14,14,27,31,31,33.1,33.1,26.7,39.5,32.5,36.9,5.2,33.7,25.0,3.5,36.3,5.11,36.9,32.5,5.2,36.599999999999994,5.155,29.666666666666668,13.333333333333334,33.8,31.866666666666664,40.09550561797752,1.2417665718574447,0.9153704348300122,1.2847898490408112,1.051135470205095,0.4719403753881458
16,6,Marquese Chriss,PF,,2019-11-02,GS,CHA,6.0,221.0,107.5,3100,25,6.5,17.5,26.0,18.8,6.05,PF/C,3100,0,,,101,110,2%,4,4,4,14,16,16,16.7,16.7,8.8,24.6,20.5,21.9,7.1,7.5,4.8,1.5,18.8,6.05,21.9,20.5,7.1,20.35,6.574999999999999,15.333333333333334,4.0,17.43,16.666666666666668,27.207065217391307,-0.1954786503494326,-0.30156518698481444,0.2668912279835319,-0.38601217745396227,1.6485827423294672
16,7,Jeff Teague,PG,,2019-11-02,MIN,WAS,3.0,228.5,112.8,5900,30,17.5,29.4,45.8,31.0,5.25,PG,5900,2,22.0,15.0,104,111,5%,11,8,8,28,28,28,25.3,25.3,17.4,33.2,30.0,31.1,5.3,27.6,46.0,7.8,31.0,5.25,31.1,30.0,5.3,31.05,5.275,28.0,9.0,26.450000000000006,30.899999999999995,33.267857142857146,0.7508920498114038,0.6618421802852567,0.7455582778126305,0.40586758930747374,0.5713749416085393
17,0,Jamal Murray,PG,,2019-11-02,DEN,ORL,-4.0,200.5,102.3,7000,7,25.0,31.6,43.8,33.3,4.75,PG/SG,7000,1,26.0,16.0,100,106,-2%,14,15,15,30,33,33,31.6,31.6,24.3,38.8,33.0,32.5,4.6,32.3,32.0,4.6,33.3,4.75,32.5,33.0,4.6,32.9,4.675,32.0,14.666666666666666,31.839999999999996,33.46666666666667,33.928125,0.9145168904934174,0.9660760857389633,0.7977046757029128,0.8790640352990623,0.0742021105065718
17,1,Torrey Craig,SG,,2019-11-02,DEN,ORL,-4.0,200.5,102.3,3300,5,4.0,13.1,25.0,14.8,4.47,SG/SF,3300,1,13.0,10.0,100,106,-2%,3,5,5,15,18,18,13.1,13.1,4.4,21.8,21.5,15.2,4.6,28.0,14.0,4.2,14.8,4.47,15.2,21.5,4.6,15.0,4.535,17.0,4.333333333333333,13.48,14.033333333333333,18.970588235294116,-0.668664000429851,-0.2001538851669122,-0.38360629552330144,-0.7327887937186706,-0.04180488341722025
17,2,Damion Lee,SG,,2019-11-02,GS,CHA,6.0,221.0,107.5,3500,27,5.8,18.7,42.3,20.5,5.86,SG/SF,3500,0,,,101,110,6%,7,6,6,18,17,17,18.7,18.7,3.3,34.1,28.0,26.0,7.4,26.8,20.0,5.7,20.5,5.86,26.0,28.0,7.4,23.25,6.630000000000001,17.333333333333332,6.333333333333333,19.61,22.266666666666666,37.557692307692314,0.06101434315210239,0.4590195766494522,1.0843593400924494,-0.1946266018952118,1.6941569185138154
17,3,Giannis Antetokounmpo,SF,,2019-11-02,MIL,TOR,-6.5,227.0,116.8,10700,23,41.5,58.6,71.3,59.0,5.51,SF/PF,10700,0,32.0,31.0,103,104,-4%,15,16,16,33,32,32,58.9,58.9,46.3,71.5,33.5,61.5,5.7,36.4,77.3,7.2,59.0,5.51,61.5,33.5,5.7,60.25,5.605,32.333333333333336,15.666666666666666,59.17,57.133333333333326,62.423969072164944,3.333511156792378,1.0167817366479144,3.04823922335855,3.2784070536571592,0.8448199987146213
17,4,George Hill,PG,,2019-11-02,MIL,TOR,-6.5,227.0,116.8,3800,12,17.0,23.6,38.0,18.3,4.8,PG/SG,3800,0,18.0,12.0,103,104,-1%,8,7,7,18,23,23,23.6,23.6,15.0,32.1,21.0,17.6,4.6,27.0,16.0,4.2,18.3,4.8,17.6,21.0,4.6,17.950000000000003,4.699999999999999,21.333333333333332,7.333333333333333,22.450000000000003,26.2,17.669531250000002,-0.4077487139369098,-0.2508595360758633,-0.4863607072353332,0.054701395621692774,0.09491764513581999
17,5,Ben Simmons,PG,,2019-11-02,PHI,POR,-1.0,223.0,112.0,8700,20,31.5,39.3,46.0,45.8,5.26,PG/SF,8700,2,24.0,20.0,102,108,-1%,12,13,13,35,35,35,40.1,40.1,33.1,47.0,35.0,46.2,5.3,36.4,47.8,5.5,45.8,5.26,46.2,35.0,5.3,46.0,5.279999999999999,35.0,12.666666666666666,41.260000000000005,38.93333333333333,46.0,2.073157654241731,1.1688986893747677,1.7511128875697992,1.7060604214290767,0.5755180485343883
17,6,Frank Kaminsky,PF,,2019-11-02,PHO,MEM,-3.0,221.5,112.3,4500,26,8.5,25.0,37.0,27.3,6.06,PF/C,4500,2,22.0,17.0,99,106,-4%,9,10,10,25,26,26,24.9,24.9,12.9,37.0,25.5,24.3,5.4,22.5,22.8,5.1,27.3,6.06,24.3,25.5,5.4,25.8,5.73,25.666666666666668,9.666666666666666,25.1,23.5,25.632467532467533,0.2865512857137971,0.20549132210469667,0.14253321705375385,0.28734899893852234,0.9483976718608644
17,7,Jeff Teague,PG,,2019-11-02,MIN,WAS,3.0,228.5,112.8,5900,30,17.5,29.4,45.8,31.0,5.25,PG,5900,2,22.0,15.0,104,111,5%,11,8,8,28,28,28,25.3,25.3,17.4,33.2,30.0,31.1,5.3,27.6,46.0,7.8,31.0,5.25,31.1,30.0,5.3,31.05,5.275,28.0,9.0,26.450000000000006,30.899999999999995,33.267857142857146,0.7508920498114038,0.6618421802852567,0.7455582778126305,0.40586758930747374,0.5713749416085393
18,0,Spencer Dinwiddie,PG,,2019-11-02,BKN,DET,-2.0,223.0,112.5,5500,16,12.3,26.6,36.3,26.8,4.86,PG/SG,5500,0,26.0,16.0,100,107,-3%,12,12,12,23,24,24,26.6,26.6,16.1,37.0,25.0,26.5,4.8,25.4,27.3,5.0,26.8,4.86,26.5,25.0,4.8,26.65,4.83,23.666666666666668,12.0,26.590000000000003,25.066666666666666,28.151408450704224,0.36173026656769514,0.15478567119574557,0.3414732289950949,0.4181584060864758,0.2026384252079135
18,1,Torrey Craig,SG,,2019-11-02,DEN,ORL,-4.0,200.5,102.3,3300,5,4.0,13.1,25.0,14.8,4.47,SG/SF,3300,1,13.0,10.0,100,106,-2%,3,5,5,15,18,18,13.1,13.1,4.4,21.8,21.5,15.2,4.6,28.0,14.0,4.2,14.8,4.47,15.2,21.5,4.6,15.0,4.535,17.0,4.333333333333333,13.48,14.033333333333333,18.970588235294116,-0.668664000429851,-0.2001538851669122,-0.38360629552330144,-0.7327887937186706,-0.04180488341722025
18,2,Glenn Robinson III,SF,,2019-11-02,GS,CHA,6.0,221.0,107.5,4400,15,10.5,20.3,30.3,20.8,4.72,SF/PF,4400,0,15.0,9.0,101,110,6%,6,8,8,29,28,28,20.3,20.3,12.2,28.4,32.0,25.1,5.7,36.4,36.8,8.4,20.8,4.72,25.1,32.0,5.7,22.950000000000003,5.21,28.333333333333332,7.333333333333333,20.830000000000002,20.366666666666667,25.920000000000005,0.03448058520366797,0.864664783921061,0.16524185309610914,-0.08752091282104849,0.5175145515724926
18,3,Jonathan Isaac,SF,,2019-11-02,ORL,DEN,4.0,200.5,98.3,5600,5,21.0,28.9,44.8,27.0,4.82,SF/PF,5600,0,16.0,13.0,100,107,0%,9,8,8,30,29,29,28.9,28.9,19.3,38.4,31.0,28.4,5.1,35.7,25.8,4.6,27.0,4.82,28.4,31.0,5.1,27.7,4.96,29.333333333333332,8.333333333333334,28.639999999999997,31.566666666666663,29.273863636363636,0.45459841938721657,0.7632534821031589,0.43012209186521694,0.5981310803504378,0.31035920528000627
18,4,CJ McCollum,PG,,2019-11-02,POR,PHI,1.0,223.0,111.0,6700,2,20.8,34.8,52.0,32.8,4.89,PG/SG,6700,2,26.0,17.0,104,107,-5%,22,21,21,37,37,37,35.2,35.2,23.1,47.3,34.5,33.6,5.0,38.4,20.3,3.0,32.8,4.89,33.6,34.5,5.0,33.2,4.945,37.0,21.333333333333332,34.8,35.86666666666667,30.956756756756757,0.9410506484418525,1.1181930384658167,0.563033020836656,1.13892701862654,0.2979298845024574
18,5,Serge Ibaka,PF,,2019-11-02,TOR,MIL,6.5,227.0,110.3,5700,6,19.8,26.9,32.5,29.5,5.18,PF/C,5700,2,22.0,19.0,105,103,-2%,13,10,10,27,25,25,26.9,26.9,20.4,33.4,24.5,26.8,4.7,22.4,25.0,4.4,29.5,5.18,26.8,24.5,4.7,28.15,4.9399999999999995,25.666666666666668,11.0,27.15,26.400000000000002,26.870454545454542,0.4943990563098685,0.10408002028679446,0.24030651112500398,0.4673216732024847,0.293786777576607
18,6,Andre Drummond,C,,2019-11-02,DET,BKN,2.0,223.0,110.5,10100,23,34.0,49.6,67.0,52.5,5.2,C,10100,0,22.0,23.0,103,107,11%,17,14,15,35,34,35,49.6,54.4,38.4,70.4,35.5,59.4,5.9,38.9,74.5,7.4,52.5,5.2,59.4,35.5,5.9,55.95,5.550000000000001,34.666666666666664,15.333333333333334,53.75,50.199999999999996,57.29495192307693,2.9531939595314816,1.219604340283719,2.643161547459272,2.8025768612129265,0.7992458225302745
18,7,Noah Vonleh,PF,,2019-11-02,MIN,WAS,3.0,228.5,112.8,4200,4,5.0,10.1,14.3,18.3,4.35,PF/C,4200,2,15.0,14.0,104,111,9%,4,3,3,14,14,14,11.4,11.4,7.3,15.4,17.0,16.8,4.0,13.1,15.8,3.8,18.3,4.35,16.8,17.0,4.0,17.55,4.175,14.0,3.3333333333333335,12.61,9.799999999999999,21.310714285714287,-0.4431270578681562,-0.6565047433474722,-0.19878866004627613,-0.809167440845328,-0.3401085820784008
19,0,Monte Morris,PG,,2019-11-02,DEN,ORL,-4.0,200.5,102.3,3200,7,3.0,11.4,21.5,15.5,4.84,PG,3200,1,19.0,16.0,100,106,-2%,8,7,7,18,16,16,11.4,11.4,4.8,18.0,15.5,12.8,4.0,15.9,18.3,5.7,15.5,4.84,12.8,15.5,4.0,14.15,4.42,16.666666666666668,7.333333333333333,11.95,11.966666666666667,13.1595,-0.7438429812837491,-0.8086216960743255,-0.8425523369139276,-0.8671098628034818,-0.13709634271176413
19,1,Norman Powell,SG,,2019-11-02,TOR,MIL,6.5,227.0,110.3,4200,2,5.8,17.1,25.8,19.8,4.7,SG/SF,4200,2,19.0,13.0,105,103,1%,9,7,7,24,25,25,17.1,17.1,9.0,25.2,26.5,20.1,4.8,19.3,15.3,3.6,19.8,4.7,20.1,26.5,4.8,19.950000000000003,4.75,24.666666666666668,7.666666666666667,17.67,16.233333333333334,21.432770270270275,-0.23085699428067868,0.30690262392259887,-0.18914896629669894,-0.3649422058328152,0.13634871439431784
19,2,Mikal Bridges,SG,,2019-11-02,PHO,MEM,-3.0,221.5,112.3,3200,24,4.8,10.2,16.3,13.3,4.14,SG/SF,3200,2,12.0,11.0,99,106,-4%,2,3,3,16,19,19,10.2,10.2,5.7,14.6,16.5,11.4,3.6,19.4,27.5,8.6,13.3,4.14,11.4,16.5,3.6,12.350000000000001,3.87,18.0,2.6666666666666665,10.610000000000001,10.433333333333334,11.320833333333335,-0.9030455289743571,-0.7072103942564233,-0.987765893125031,-0.9847505376882182,-0.5928381045552338
19,3,Frank Kaminsky,PF,,2019-11-02,PHO,MEM,-3.0,221.5,112.3,4500,26,8.5,25.0,37.0,27.3,6.06,PF/C,4500,2,22.0,17.0,99,106,-4%,9,10,10,25,26,26,24.9,24.9,12.9,37.0,25.5,24.3,5.4,22.5,22.8,5.1,27.3,6.06,24.3,25.5,5.4,25.8,5.73,25.666666666666668,9.666666666666666,25.1,23.5,25.632467532467533,0.2865512857137971,0.20549132210469667,0.14253321705375385,0.28734899893852234,0.9483976718608644
19,4,Gary Harris,SG,,2019-11-02,DEN,ORL,-4.0,200.5,102.3,4700,5,13.8,22.0,31.3,24.8,5.27,SG,4700,1,20.0,12.0,100,106,-2%,13,11,11,31,32,32,21.7,21.7,14.1,29.3,32.0,23.6,5.0,34.5,26.0,5.5,24.8,5.27,23.6,32.0,5.0,24.200000000000003,5.135,31.666666666666668,11.666666666666666,22.2,22.366666666666664,24.454736842105266,0.1450379099888124,0.864664783921061,0.049518825208324437,0.032753508516331166,0.45536794768474653
19,5,Anthony Tolliver,SF,,2019-11-02,POR,PHI,1.0,223.0,111.0,3300,25,-0.5,9.7,24.5,14.3,4.32,SF/PF,3300,2,12.0,9.0,104,107,3%,5,3,3,27,17,17,9.7,9.7,-2.4,21.7,30.5,21.3,6.5,27.2,12.0,3.6,14.3,4.32,21.3,30.5,6.5,17.8,5.41,20.333333333333332,3.6666666666666665,11.3,11.233333333333334,26.700000000000003,-0.42101559291112733,0.7125478311942077,0.22684441320016666,-0.924174369277421,0.6832388286064818
19,6,Andre Drummond,C,,2019-11-02,DET,BKN,2.0,223.0,110.5,10100,23,34.0,49.6,67.0,52.5,5.2,C,10100,0,22.0,23.0,103,107,11%,17,14,15,35,34,35,49.6,54.4,38.4,70.4,35.5,59.4,5.9,38.9,74.5,7.4,52.5,5.2,59.4,35.5,5.9,55.95,5.550000000000001,34.666666666666664,15.333333333333334,53.75,50.199999999999996,57.29495192307693,2.9531939595314816,1.219604340283719,2.643161547459272,2.8025768612129265,0.7992458225302745
19,7,Robin Lopez,C,,2019-11-02,MIL,TOR,-6.5,227.0,116.8,3100,8,5.5,9.3,18.3,13.5,4.35,C,3100,0,18.0,16.0,103,104,-5%,3,3,3,16,16,16,9.3,9.3,4.1,14.4,15.5,12.5,4.0,11.2,10.0,3.2,13.5,4.35,12.5,15.5,4.0,13.0,4.175,16.0,3.0,10.02,11.033333333333333,12.59375,-0.845555720086082,-0.8086216960743255,-0.8872339373996592,-1.036547551256871,-0.3401085820784008
20,0,Tyus Jones,PG,,2019-11-02,MEM,PHO,3.0,221.5,109.3,3900,3,7.0,17.1,29.8,15.5,3.97,PG,3900,3,16.0,14.0,103,112,5%,7,8,8,19,20,20,16.0,16.0,6.1,25.9,19.0,16.0,4.1,22.2,19.0,4.9,15.5,3.97,16.0,19.0,4.1,15.75,4.035,19.666666666666668,7.666666666666667,15.95,17.96666666666667,15.216101694915254,-0.6023296055587642,-0.45368213971166776,-0.68012678624582,-0.5159436691177012,-0.4561155760021928
20,1,Troy Brown,SG,,2019-11-02,WAS,MIN,-3.0,228.5,115.8,3900,23,12.0,20.3,33.0,18.5,4.74,SG/SF,3900,2,17.0,11.0,103,110,8%,7,7,7,17,17,17,18.3,18.3,18.3,18.3,20.0,17.5,4.5,21.8,21.3,5.5,18.5,4.74,17.5,20.0,4.5,18.0,4.62,17.0,7.0,18.240000000000002,21.766666666666666,21.176470588235293,-0.4033264209455043,-0.3522708378937655,-0.2093909106136359,-0.31490102323259145,0.028627934322225056
20,2,Rodney Hood,SG,,2019-11-02,POR,PHI,1.0,223.0,111.0,3900,13,18.8,22.5,34.0,22.0,5.64,SG/SF,3900,2,19.0,12.0,104,107,-5%,9,9,9,34,32,32,22.4,22.4,16.0,28.9,32.5,22.3,5.7,31.4,32.5,8.3,22.0,5.64,22.3,32.5,5.7,22.15,5.67,32.666666666666664,9.0,22.369999999999997,25.099999999999998,22.036989795918366,-0.036276102658824846,0.9153704348300122,-0.1414291334187736,0.04767807174797668,0.8986803887506674
20,3,Markieff Morris,PF,,2019-11-02,DET,BKN,2.0,223.0,110.5,4100,8,9.8,20.5,31.0,25.3,6.16,PF/C,4100,0,18.0,12.0,103,107,1%,13,10,10,32,29,28,20.5,20.0,12.7,27.3,31.0,28.0,6.8,34.5,22.5,5.5,25.3,6.16,28.0,31.0,6.8,26.65,6.48,29.666666666666668,11.0,21.43,20.433333333333334,27.847752808988762,0.36173026656769514,0.7632534821031589,0.31749122268777064,-0.03484598376818158,1.5698637107383233
20,4,Terence Davis,SG,,2019-11-02,TOR,MIL,6.5,227.0,110.3,3000,2,0.0,9.3,18.8,7.0,2.33,SG/SF,3000,2,,,105,103,-2%,0,2,2,1,8,8,7.4,7.4,-0.7,15.5,0.0,0.0,0.0,8.7,6.5,2.2,7.0,2.33,0.0,0.0,0.0,3.5,1.165,5.666666666666667,1.3333333333333333,6.62,9.366666666666667,0.0,-1.6857913884531799,-2.38049687425181,-1.8818586057464242,-1.3350388158897843,-2.8342589514399354
20,5,Damion Lee,SG,,2019-11-02,GS,CHA,6.0,221.0,107.5,3500,27,5.8,18.7,42.3,20.5,5.86,SG/SF,3500,0,,,101,110,6%,7,6,6,18,17,17,18.7,18.7,3.3,34.1,28.0,26.0,7.4,26.8,20.0,5.7,20.5,5.86,26.0,28.0,7.4,23.25,6.630000000000001,17.333333333333332,6.333333333333333,19.61,22.266666666666666,37.557692307692314,0.06101434315210239,0.4590195766494522,1.0843593400924494,-0.1946266018952118,1.6941569185138154
20,6,Kyle O'Quinn,PF,,2019-11-02,PHI,POR,-1.0,223.0,112.0,3400,23,-0.5,5.6,12.5,14.0,4.12,PF/C,3400,2,,,102,108,-6%,2,2,2,5,7,7,7.1,7.1,2.4,11.7,11.5,13.5,4.0,17.5,25.3,7.4,14.0,4.12,13.5,11.5,4.0,13.75,4.0600000000000005,6.333333333333333,2.0,8.41,5.866666666666667,24.967105263157894,-0.7792213252149954,-1.2142669033459343,0.08998447450744707,-1.1778919442153977,-0.4354000413729439
20,7,Ben Simmons,PG,,2019-11-02,PHI,POR,-1.0,223.0,112.0,8700,20,31.5,39.3,46.0,45.8,5.26,PG/SF,8700,2,24.0,20.0,102,108,-1%,12,13,13,35,35,35,40.1,40.1,33.1,47.0,35.0,46.2,5.3,36.4,47.8,5.5,45.8,5.26,46.2,35.0,5.3,46.0,5.279999999999999,35.0,12.666666666666666,41.260000000000005,38.93333333333333,46.0,2.073157654241731,1.1688986893747677,1.7511128875697992,1.7060604214290767,0.5755180485343883
21,0,Markelle Fultz,PG,,2019-11-02,ORL,DEN,4.0,200.5,98.3,3700,19,10.8,18.3,23.5,17.5,4.73,PG/SG,3700,0,,,100,107,-8%,6,9,9,20,23,23,18.3,18.3,12.7,23.9,26.0,22.3,6.0,24.9,18.8,5.1,17.5,4.73,22.3,26.0,6.0,19.9,5.365,22.0,8.0,18.619999999999997,17.533333333333335,23.518181818181816,-0.23527928727208486,0.2561969730136478,-0.024448081396805738,-0.2815402348324427,0.6459508662738342
21,1,Furkan Korkmaz,SG,,2019-11-02,PHI,POR,-1.0,223.0,112.0,3100,25,1.0,10.2,21.0,13.5,4.35,SG/SF,3100,2,18.0,11.0,102,108,-8%,7,5,5,17,15,15,8.9,8.9,0.3,17.5,17.0,13.8,4.5,19.7,23.3,7.5,13.5,4.35,13.8,17.0,4.5,13.65,4.425,15.666666666666666,5.666666666666667,9.849999999999998,10.733333333333334,14.811702127659574,-0.7880659111978069,-0.6565047433474722,-0.7120653101534136,-1.0514721144885169,-0.13295323578591448
21,2,Jae Crowder,SF,,2019-11-02,MEM,PHO,3.0,221.5,109.3,5200,24,15.8,25.9,30.5,25.3,4.86,SF/PF,5200,3,19.0,12.0,103,112,1%,7,10,10,32,32,32,24.8,24.8,18.4,31.1,30.5,24.9,4.8,26.7,11.0,2.1,25.3,4.86,24.9,30.5,4.8,25.1,4.83,32.0,9.0,24.839999999999996,24.066666666666666,23.923437500000002,0.2246391838341163,0.7125478311942077,0.007558056419496446,0.26452319634894617,0.2026384252079135
21,3,Moritz Wagner,PF,,2019-11-02,WAS,MIN,-3.0,228.5,115.8,3300,12,11.5,17.2,21.0,15.8,4.77,PF/C,3300,2,,,103,110,1%,8,7,7,16,16,16,18.6,18.6,15.7,21.5,16.0,14.1,4.3,28.2,23.3,7.1,15.8,4.77,14.1,16.0,4.3,14.95,4.535,16.0,7.333333333333333,17.87,16.566666666666666,14.95,-0.6730862934212568,-0.7579160451653744,-0.7011428704186515,-0.34738389614852627,-0.04180488341722025
21,4,Anfernee Simons,PG,,2019-11-02,POR,PHI,1.0,223.0,111.0,3200,2,3.0,11.8,19.5,12.3,3.83,PG/SG,3200,2,,,104,107,-5%,8,7,7,18,17,17,11.8,11.8,5.5,18.0,19.0,15.0,4.7,14.3,19.8,6.2,12.3,3.83,15.0,19.0,4.7,13.65,4.265000000000001,17.333333333333332,7.333333333333333,12.15,11.433333333333332,14.962500000000002,-0.7880659111978069,-0.45368213971166776,-0.7001556499041632,-0.8495515531191927,-0.2655326574131051
21,5,Marvin Williams,SF,,2019-11-02,CHA,GS,-6.0,221.0,113.5,3100,29,0.3,11.4,23.5,13.8,4.44,SF/PF,3100,2,15.0,13.0,103,107,-1%,4,5,5,19,17,17,11.3,11.3,1.8,20.9,18.5,14.9,4.8,24.1,19.8,6.4,13.8,4.44,14.9,18.5,4.8,14.350000000000001,4.62,17.666666666666668,4.666666666666667,11.93,11.733333333333334,15.02688679245283,-0.7261538093181259,-0.5043877906206189,-0.6950705329144417,-0.8688656937719107,0.028627934322225056
21,6,Cody Zeller,C,,2019-11-02,CHA,GS,-6.0,221.0,113.5,6400,26,18.8,35.0,52.0,33.0,5.16,C,6400,2,16.0,17.0,103,107,-2%,12,12,12,31,31,31,39.0,39.0,30.0,48.0,31.0,34.6,5.4,19.6,19.5,3.0,33.0,5.16,34.6,31.0,5.4,33.8,5.28,31.0,12.0,37.96,35.266666666666666,33.8,0.9941181643387212,0.7632534821031589,0.7875856654294093,1.416348311638307,0.575518048534389
21,7,Frank Kaminsky,PF,,2019-11-02,PHO,MEM,-3.0,221.5,112.3,4500,26,8.5,25.0,37.0,27.3,6.06,PF/C,4500,2,22.0,17.0,99,106,-4%,9,10,10,25,26,26,24.9,24.9,12.9,37.0,25.5,24.3,5.4,22.5,22.8,5.1,27.3,6.06,24.3,25.5,5.4,25.8,5.73,25.666666666666668,9.666666666666666,25.1,23.5,25.632467532467533,0.2865512857137971,0.20549132210469667,0.14253321705375385,0.28734899893852234,0.9483976718608644
