Lineup Num,,Player Name,position,injury_status,game_date,team,opp,spread,over_under,implied_team_score,salary,L5_dvp_rank,L5_ppg_floor,L5_ppg_avg,L5_ppg_max,ppg_projection,value_projection,Pos,Salary,Rest,USG,PER,Opp Pace,Opp DEff,Opp DvP,L2 FGA,L5 FGA,S FGA,L2 Min,L5 Min,S Min,L5 FP,S FP,Floor FP,Ceil FP,Proj Min,Proj FP,Proj Val,Actual Min,Actual FP,Actual Val,FantasyFuelPPGProj,FantasyFuelValueProj,DFN_PPGProj,DFN_MinProj,DFN_ValueProj,Avg Proj,Avg Value Proj,Avg Skewed Min,Avg Skewed FGA,Avg Skewed FP,Avg L5 PPG,Proj Min Enhanced,Avg Proj Stan,DFN_MinProj Stan,Proj Min Enhanced Stan,Avg Skewed FP Stan,Avg Value Proj Stan
0,0,Bruce Brown,PG,,2020-01-25,DET,BKN,2.0,227.5,112.8,3900,13,8.8,18.0,27.3,17.5,4.49,PG/SF,3900,0,17.0,12.0,105,106,0%,3,6,8,23,25,28,17.9,23.1,12.8,33.4,28.0,23.4,6.0,36.2,31.8,8.2,17.5,4.49,23.4,28.0,6.0,20.45,5.245,25.333333333333332,5.666666666666667,21.53,18.033333333333335,22.602631578947367,-0.19725038598611436,0.4250959776476276,-0.06790722202698796,-0.02501657001852186,0.7095876518372098
0,1,Zach LaVine,SG,,2020-01-25,CHI,CLE,1.5,213.0,105.8,9200,21,33.0,41.7,68.5,46.3,5.03,SG,9200,0,31.0,20.0,101,114,6%,20,22,20,33,36,34,41.6,40.1,28.4,51.8,36.0,46.4,5.0,39.4,72.5,7.9,46.3,5.03,46.4,36.0,5.0,46.349999999999994,5.015000000000001,34.333333333333336,20.666666666666668,41.65,47.73333333333333,48.59999999999999,1.9973795605792397,1.2574517380765486,1.9325460397113807,1.7305059618242924,0.49323766235554983
0,2,Andrew Wiggins,SG,,2020-01-25,MIN,OKC,-1.0,225.0,113.0,7000,22,26.5,39.0,51.0,34.5,4.93,SG/SF,7000,0,28.0,17.0,101,106,-3%,19,17,20,34,34,35,39.3,38.1,28.3,48.0,34.0,36.4,5.2,33.8,29.8,4.3,34.5,4.93,36.4,34.0,5.2,35.45,5.0649999999999995,34.333333333333336,18.666666666666668,37.830000000000005,38.833333333333336,35.105825242718446,1.0737708185884156,1.0493627979693185,0.8941922544178141,1.3972009880847527,0.5402702687646055
0,3,Thaddeus Young,PF,,2020-01-25,CHI,CLE,1.5,213.0,105.8,4400,16,10.0,20.0,36.0,28.8,6.53,PF,4400,0,20.0,13.0,101,114,1%,7,7,9,24,25,23,20.0,20.1,12.1,28.1,32.0,28.6,6.5,34.7,24.8,5.6,28.8,6.53,28.6,32.0,6.5,28.700000000000003,6.515000000000001,24.0,7.666666666666667,21.8,22.0,38.26666666666667,0.5018112765298772,0.8412738578620882,1.1374136233643162,-0.0014583650683449615,1.9042158546272485
0,4,Kyrie Irving,PG,,2020-01-25,BKN,DET,-2.0,227.5,114.8,8700,2,32.0,41.0,63.3,46.5,5.34,PG,8700,1,33.0,25.0,101,109,2%,16,18,22,32,34,34,42.7,48.3,34.9,61.6,33.0,46.0,5.3,40.0,65.0,7.5,46.5,5.34,46.0,33.0,5.3,46.25,5.32,33.333333333333336,18.666666666666668,46.75,45.43333333333334,45.7875,1.9889060858820766,0.9453183279157032,1.7161289505846602,2.175494277549857,0.7801365614507949
0,5,Darius Bazley,PF,,2020-01-25,OKC,MIN,1.0,225.0,112.0,3100,12,8.5,16.8,28.8,20.0,6.45,PF,3100,0,13.0,7.0,105,108,1%,5,5,4,18,20,17,16.8,11.9,4.8,19.0,27.5,20.8,6.7,30.0,28.5,9.2,20.0,6.45,20.8,27.5,6.7,20.4,6.575,18.333333333333332,4.666666666666667,14.580000000000002,18.033333333333335,30.6,-0.20148712333469618,0.37307374262082,0.5474766693003638,-0.6314222159582614,1.960654982318116
0,6,Al Horford,PF,,2020-01-25,PHI,LAL,4.5,217.5,106.5,6500,13,18.3,32.6,39.5,35.0,5.38,PF/C,6500,2,19.0,16.0,103,103,-6%,13,13,12,31,32,31,32.6,30.9,22.2,39.7,32.5,35.2,5.4,34.9,27.0,4.2,35.0,5.38,35.2,32.5,5.4,35.1,5.390000000000001,31.333333333333332,12.666666666666666,32.1,30.133333333333336,36.40691489361702,1.0441136571483431,0.8932960928888958,0.9943088890632797,0.8972435274754419,0.8459822104234745
0,7,Chris Paul,PG,,2020-01-25,OKC,MIN,1.0,225.0,112.0,7000,26,26.8,38.7,50.0,39.3,5.61,PG,7000,0,23.0,21.0,105,108,2%,13,14,13,29,30,32,38.7,36.7,27.5,45.9,31.5,38.0,5.4,31.7,49.0,7.0,39.3,5.61,38.0,31.5,5.4,38.65,5.505000000000001,30.333333333333332,13.333333333333334,37.49,38.5,40.13653846153846,1.3449220088976481,0.7892516228352806,1.281297076123893,1.3675351003697147,0.9541572051643049
1,0,Kyrie Irving,PG,,2020-01-25,BKN,DET,-2.0,227.5,114.8,8700,2,32.0,41.0,63.3,46.5,5.34,PG,8700,1,33.0,25.0,101,109,2%,16,18,22,32,34,34,42.7,48.3,34.9,61.6,33.0,46.0,5.3,40.0,65.0,7.5,46.5,5.34,46.0,33.0,5.3,46.25,5.32,33.333333333333336,18.666666666666668,46.75,45.43333333333334,45.7875,1.9889060858820766,0.9453183279157032,1.7161289505846602,2.175494277549857,0.7801365614507949
1,1,Josh Okogie,SG,,2020-01-25,MIN,OKC,-1.0,225.0,113.0,3700,22,14.0,23.9,35.5,18.3,4.93,SG/SF,3700,0,16.0,11.0,101,106,-7%,6,8,6,26,26,24,23.5,18.8,10.5,27.1,24.0,18.3,4.9,18.4,10.3,2.8,18.3,4.93,18.3,24.0,4.9,18.3,4.915,25.333333333333332,6.666666666666667,19.64,24.46666666666667,17.33684210526316,-0.37943009197513017,0.008918097433166981,-0.47310076152880753,-0.18992400466976045,0.3991724495374361
1,2,Ben Simmons,PG,,2020-01-25,PHI,LAL,4.5,217.5,106.5,9400,14,43.0,53.1,82.5,47.5,5.05,PG/SF,9400,2,22.0,20.0,103,103,-1%,11,13,12,40,40,37,53.4,44.4,33.0,55.8,39.0,51.1,5.4,41.2,59.5,6.3,47.5,5.05,51.1,39.0,5.4,49.3,5.225,39.0,12.0,47.17999999999999,59.53333333333333,49.3,2.247347064145564,1.5695851482373941,1.986409848560699,2.213012900248286,0.6907746092735868
1,3,Darius Bazley,PF,,2020-01-25,OKC,MIN,1.0,225.0,112.0,3100,12,8.5,16.8,28.8,20.0,6.45,PF,3100,0,13.0,7.0,105,108,1%,5,5,4,18,20,17,16.8,11.9,4.8,19.0,27.5,20.8,6.7,30.0,28.5,9.2,20.0,6.45,20.8,27.5,6.7,20.4,6.575,18.333333333333332,4.666666666666667,14.580000000000002,18.033333333333335,30.6,-0.20148712333469618,0.37307374262082,0.5474766693003638,-0.6314222159582614,1.960654982318116
1,4,LeBron James,PG,,2020-01-25,LAL,PHI,-4.5,217.5,111.0,10400,9,42.8,52.3,61.8,51.8,4.98,PG/SF,10400,1,34.0,27.0,101,103,-5%,18,18,20,35,34,35,52.9,55.8,45.1,66.4,35.5,53.5,5.1,35.4,48.3,4.6,51.8,4.98,53.5,35.5,5.1,52.65,5.04,34.666666666666664,18.666666666666668,54.56999999999999,52.29999999999999,53.915625,2.5312084665005425,1.205429503049741,2.3415743381608856,2.857809694995721,0.5167539655600777
1,5,Al Horford,PF,,2020-01-25,PHI,LAL,4.5,217.5,106.5,6500,13,18.3,32.6,39.5,35.0,5.38,PF/C,6500,2,19.0,16.0,103,103,-6%,13,13,12,31,32,31,32.6,30.9,22.2,39.7,32.5,35.2,5.4,34.9,27.0,4.2,35.0,5.38,35.2,32.5,5.4,35.1,5.390000000000001,31.333333333333332,12.666666666666666,32.1,30.133333333333336,36.40691489361702,1.0441136571483431,0.8932960928888958,0.9943088890632797,0.8972435274754419,0.8459822104234745
1,6,Mike Muscala,PF,,2020-01-25,OKC,MIN,1.0,225.0,112.0,3500,12,5.0,13.0,22.8,21.3,6.07,PF/C,3500,0,16.0,10.0,105,108,1%,7,5,4,19,19,13,12.9,10.2,2.2,18.2,23.5,19.9,5.7,24.9,25.0,7.1,21.3,6.07,19.9,23.5,5.7,20.6,5.885,17.0,5.333333333333333,12.819999999999999,13.6,28.476470588235298,-0.18454017394036887,-0.04310413759364059,0.38407469455579607,-0.7849868111890447,1.3116050138731343
1,7,Thaddeus Young,PF,,2020-01-25,CHI,CLE,1.5,213.0,105.8,4400,16,10.0,20.0,36.0,28.8,6.53,PF,4400,0,20.0,13.0,101,114,1%,7,7,9,24,25,23,20.0,20.1,12.1,28.1,32.0,28.6,6.5,34.7,24.8,5.6,28.8,6.53,28.6,32.0,6.5,28.700000000000003,6.515000000000001,24.0,7.666666666666667,21.8,22.0,38.26666666666667,0.5018112765298772,0.8412738578620882,1.1374136233643162,-0.0014583650683449615,1.9042158546272485
2,0,Kyrie Irving,PG,,2020-01-25,BKN,DET,-2.0,227.5,114.8,8700,2,32.0,41.0,63.3,46.5,5.34,PG,8700,1,33.0,25.0,101,109,2%,16,18,22,32,34,34,42.7,48.3,34.9,61.6,33.0,46.0,5.3,40.0,65.0,7.5,46.5,5.34,46.0,33.0,5.3,46.25,5.32,33.333333333333336,18.666666666666668,46.75,45.43333333333334,45.7875,1.9889060858820766,0.9453183279157032,1.7161289505846602,2.175494277549857,0.7801365614507949
2,1,Derrick Rose,PG,,2020-01-25,DET,BKN,2.0,227.5,112.8,7500,13,32.5,39.4,47.0,39.0,5.2,PG/SG,7500,0,32.0,22.0,105,106,10%,19,18,16,32,31,27,39.4,32.7,24.6,40.8,31.5,41.3,5.5,37.0,45.5,6.1,39.0,5.2,41.3,31.5,5.5,40.15,5.35,30.0,17.666666666666668,35.53,39.63333333333333,42.1575,1.472024129355101,0.7892516228352806,1.4368066275517715,1.1965199829536155,0.8083561252962284
2,2,Ben Simmons,PG,,2020-01-25,PHI,LAL,4.5,217.5,106.5,9400,14,43.0,53.1,82.5,47.5,5.05,PG/SF,9400,2,22.0,20.0,103,103,-1%,11,13,12,40,40,37,53.4,44.4,33.0,55.8,39.0,51.1,5.4,41.2,59.5,6.3,47.5,5.05,51.1,39.0,5.4,49.3,5.225,39.0,12.0,47.17999999999999,59.53333333333333,49.3,2.247347064145564,1.5695851482373941,1.986409848560699,2.213012900248286,0.6907746092735868
2,3,Al Horford,PF,,2020-01-25,PHI,LAL,4.5,217.5,106.5,6500,13,18.3,32.6,39.5,35.0,5.38,PF/C,6500,2,19.0,16.0,103,103,-6%,13,13,12,31,32,31,32.6,30.9,22.2,39.7,32.5,35.2,5.4,34.9,27.0,4.2,35.0,5.38,35.2,32.5,5.4,35.1,5.390000000000001,31.333333333333332,12.666666666666666,32.1,30.133333333333336,36.40691489361702,1.0441136571483431,0.8932960928888958,0.9943088890632797,0.8972435274754419,0.8459822104234745
2,4,Joe Harris,SG,,2020-01-25,BKN,DET,-2.0,227.5,114.8,4200,19,15.0,17.2,21.8,22.3,5.3,SG/SF,4200,1,17.0,12.0,101,109,1%,8,9,11,30,31,32,17.9,24.9,16.8,33.0,29.5,22.4,5.3,36.5,28.0,6.7,22.3,5.3,22.4,29.5,5.3,22.35,5.3,31.0,9.333333333333334,22.99,18.0,21.26854838709678,-0.036254366740007093,0.5811626827280503,-0.17056265350545552,0.10237224193428651,0.7613235188871719
2,5,Darius Bazley,PF,,2020-01-25,OKC,MIN,1.0,225.0,112.0,3100,12,8.5,16.8,28.8,20.0,6.45,PF,3100,0,13.0,7.0,105,108,1%,5,5,4,18,20,17,16.8,11.9,4.8,19.0,27.5,20.8,6.7,30.0,28.5,9.2,20.0,6.45,20.8,27.5,6.7,20.4,6.575,18.333333333333332,4.666666666666667,14.580000000000002,18.033333333333335,30.6,-0.20148712333469618,0.37307374262082,0.5474766693003638,-0.6314222159582614,1.960654982318116
2,6,Mike Muscala,PF,,2020-01-25,OKC,MIN,1.0,225.0,112.0,3500,12,5.0,13.0,22.8,21.3,6.07,PF/C,3500,0,16.0,10.0,105,108,1%,7,5,4,19,19,13,12.9,10.2,2.2,18.2,23.5,19.9,5.7,24.9,25.0,7.1,21.3,6.07,19.9,23.5,5.7,20.6,5.885,17.0,5.333333333333333,12.819999999999999,13.6,28.476470588235298,-0.18454017394036887,-0.04310413759364059,0.38407469455579607,-0.7849868111890447,1.3116050138731343
2,7,Tobias Harris,SF,,2020-01-25,PHI,LAL,4.5,217.5,106.5,7100,15,26.3,36.9,56.5,37.5,5.28,SF/PF,7100,2,23.0,17.0,103,103,-5%,18,16,16,37,36,35,36.9,36.1,26.9,45.3,35.5,38.6,5.4,38.3,42.5,6.0,37.5,5.28,38.6,35.5,5.4,38.05,5.34,36.0,16.666666666666668,36.65,39.9,37.52152777777778,1.294081160714667,1.205429503049741,1.0800764538253103,1.2942429071913861,0.7989496040144172
3,0,Coby White,PG,,2020-01-25,CHI,CLE,1.5,213.0,105.8,4200,8,12.8,18.6,25.5,22.8,5.42,PG/SG,4200,0,23.0,10.0,101,114,6%,11,10,11,26,24,24,18.4,21.0,12.0,30.0,26.0,22.2,5.3,18.7,14.5,3.5,22.8,5.42,22.2,26.0,5.3,22.5,5.359999999999999,24.666666666666668,10.666666666666666,20.78,18.96666666666667,23.716216216216218,-0.023544154694261916,0.21700703754039727,0.0177812208864203,-0.09045602821345779,0.8177626465780394
3,1,Derrick Rose,PG,,2020-01-25,DET,BKN,2.0,227.5,112.8,7500,13,32.5,39.4,47.0,39.0,5.2,PG/SG,7500,0,32.0,22.0,105,106,10%,19,18,16,32,31,27,39.4,32.7,24.6,40.8,31.5,41.3,5.5,37.0,45.5,6.1,39.0,5.2,41.3,31.5,5.5,40.15,5.35,30.0,17.666666666666668,35.53,39.63333333333333,42.1575,1.472024129355101,0.7892516228352806,1.4368066275517715,1.1965199829536155,0.8083561252962284
3,2,Ben Simmons,PG,,2020-01-25,PHI,LAL,4.5,217.5,106.5,9400,14,43.0,53.1,82.5,47.5,5.05,PG/SF,9400,2,22.0,20.0,103,103,-1%,11,13,12,40,40,37,53.4,44.4,33.0,55.8,39.0,51.1,5.4,41.2,59.5,6.3,47.5,5.05,51.1,39.0,5.4,49.3,5.225,39.0,12.0,47.17999999999999,59.53333333333333,49.3,2.247347064145564,1.5695851482373941,1.986409848560699,2.213012900248286,0.6907746092735868
3,3,Al Horford,PF,,2020-01-25,PHI,LAL,4.5,217.5,106.5,6500,13,18.3,32.6,39.5,35.0,5.38,PF/C,6500,2,19.0,16.0,103,103,-6%,13,13,12,31,32,31,32.6,30.9,22.2,39.7,32.5,35.2,5.4,34.9,27.0,4.2,35.0,5.38,35.2,32.5,5.4,35.1,5.390000000000001,31.333333333333332,12.666666666666666,32.1,30.133333333333336,36.40691489361702,1.0441136571483431,0.8932960928888958,0.9943088890632797,0.8972435274754419,0.8459822104234745
3,4,Andrew Wiggins,SG,,2020-01-25,MIN,OKC,-1.0,225.0,113.0,7000,22,26.5,39.0,51.0,34.5,4.93,SG/SF,7000,0,28.0,17.0,101,106,-3%,19,17,20,34,34,35,39.3,38.1,28.3,48.0,34.0,36.4,5.2,33.8,29.8,4.3,34.5,4.93,36.4,34.0,5.2,35.45,5.0649999999999995,34.333333333333336,18.666666666666668,37.830000000000005,38.833333333333336,35.105825242718446,1.0737708185884156,1.0493627979693185,0.8941922544178141,1.3972009880847527,0.5402702687646055
3,5,Darius Bazley,PF,,2020-01-25,OKC,MIN,1.0,225.0,112.0,3100,12,8.5,16.8,28.8,20.0,6.45,PF,3100,0,13.0,7.0,105,108,1%,5,5,4,18,20,17,16.8,11.9,4.8,19.0,27.5,20.8,6.7,30.0,28.5,9.2,20.0,6.45,20.8,27.5,6.7,20.4,6.575,18.333333333333332,4.666666666666667,14.580000000000002,18.033333333333335,30.6,-0.20148712333469618,0.37307374262082,0.5474766693003638,-0.6314222159582614,1.960654982318116
3,6,Mike Muscala,PF,,2020-01-25,OKC,MIN,1.0,225.0,112.0,3500,12,5.0,13.0,22.8,21.3,6.07,PF/C,3500,0,16.0,10.0,105,108,1%,7,5,4,19,19,13,12.9,10.2,2.2,18.2,23.5,19.9,5.7,24.9,25.0,7.1,21.3,6.07,19.9,23.5,5.7,20.6,5.885,17.0,5.333333333333333,12.819999999999999,13.6,28.476470588235298,-0.18454017394036887,-0.04310413759364059,0.38407469455579607,-0.7849868111890447,1.3116050138731343
3,7,Kyrie Irving,PG,,2020-01-25,BKN,DET,-2.0,227.5,114.8,8700,2,32.0,41.0,63.3,46.5,5.34,PG,8700,1,33.0,25.0,101,109,2%,16,18,22,32,34,34,42.7,48.3,34.9,61.6,33.0,46.0,5.3,40.0,65.0,7.5,46.5,5.34,46.0,33.0,5.3,46.25,5.32,33.333333333333336,18.666666666666668,46.75,45.43333333333334,45.7875,1.9889060858820766,0.9453183279157032,1.7161289505846602,2.175494277549857,0.7801365614507949
4,0,LeBron James,PG,,2020-01-25,LAL,PHI,-4.5,217.5,111.0,10400,9,42.8,52.3,61.8,51.8,4.98,PG/SF,10400,1,34.0,27.0,101,103,-5%,18,18,20,35,34,35,52.9,55.8,45.1,66.4,35.5,53.5,5.1,35.4,48.3,4.6,51.8,4.98,53.5,35.5,5.1,52.65,5.04,34.666666666666664,18.666666666666668,54.56999999999999,52.29999999999999,53.915625,2.5312084665005425,1.205429503049741,2.3415743381608856,2.857809694995721,0.5167539655600777
4,1,Andrew Wiggins,SG,,2020-01-25,MIN,OKC,-1.0,225.0,113.0,7000,22,26.5,39.0,51.0,34.5,4.93,SG/SF,7000,0,28.0,17.0,101,106,-3%,19,17,20,34,34,35,39.3,38.1,28.3,48.0,34.0,36.4,5.2,33.8,29.8,4.3,34.5,4.93,36.4,34.0,5.2,35.45,5.0649999999999995,34.333333333333336,18.666666666666668,37.830000000000005,38.833333333333336,35.105825242718446,1.0737708185884156,1.0493627979693185,0.8941922544178141,1.3972009880847527,0.5402702687646055
4,2,Ben Simmons,PG,,2020-01-25,PHI,LAL,4.5,217.5,106.5,9400,14,43.0,53.1,82.5,47.5,5.05,PG/SF,9400,2,22.0,20.0,103,103,-1%,11,13,12,40,40,37,53.4,44.4,33.0,55.8,39.0,51.1,5.4,41.2,59.5,6.3,47.5,5.05,51.1,39.0,5.4,49.3,5.225,39.0,12.0,47.17999999999999,59.53333333333333,49.3,2.247347064145564,1.5695851482373941,1.986409848560699,2.213012900248286,0.6907746092735868
4,3,Darius Bazley,PF,,2020-01-25,OKC,MIN,1.0,225.0,112.0,3100,12,8.5,16.8,28.8,20.0,6.45,PF,3100,0,13.0,7.0,105,108,1%,5,5,4,18,20,17,16.8,11.9,4.8,19.0,27.5,20.8,6.7,30.0,28.5,9.2,20.0,6.45,20.8,27.5,6.7,20.4,6.575,18.333333333333332,4.666666666666667,14.580000000000002,18.033333333333335,30.6,-0.20148712333469618,0.37307374262082,0.5474766693003638,-0.6314222159582614,1.960654982318116
4,4,Chris Paul,PG,,2020-01-25,OKC,MIN,1.0,225.0,112.0,7000,26,26.8,38.7,50.0,39.3,5.61,PG,7000,0,23.0,21.0,105,108,2%,13,14,13,29,30,32,38.7,36.7,27.5,45.9,31.5,38.0,5.4,31.7,49.0,7.0,39.3,5.61,38.0,31.5,5.4,38.65,5.505000000000001,30.333333333333332,13.333333333333334,37.49,38.5,40.13653846153846,1.3449220088976481,0.7892516228352806,1.281297076123893,1.3675351003697147,0.9541572051643049
4,5,Hamidou Diallo,SG,,2020-01-25,OKC,MIN,1.0,225.0,112.0,3100,9,5.8,14.3,25.3,16.3,5.24,SG/SF,3100,0,18.0,9.0,105,108,2%,5,6,7,23,23,20,14.3,14.5,7.4,21.6,22.5,16.7,5.4,22.2,25.5,8.2,16.3,5.24,16.7,22.5,5.4,16.5,5.32,22.0,6.0,14.860000000000003,15.133333333333335,16.875,-0.5319526365240738,-0.14714860764725574,-0.5086387256380377,-0.6069914848988186,0.7801365614507949
4,6,Mike Muscala,PF,,2020-01-25,OKC,MIN,1.0,225.0,112.0,3500,12,5.0,13.0,22.8,21.3,6.07,PF/C,3500,0,16.0,10.0,105,108,1%,7,5,4,19,19,13,12.9,10.2,2.2,18.2,23.5,19.9,5.7,24.9,25.0,7.1,21.3,6.07,19.9,23.5,5.7,20.6,5.885,17.0,5.333333333333333,12.819999999999999,13.6,28.476470588235298,-0.18454017394036887,-0.04310413759364059,0.38407469455579607,-0.7849868111890447,1.3116050138731343
4,7,Al Horford,PF,,2020-01-25,PHI,LAL,4.5,217.5,106.5,6500,13,18.3,32.6,39.5,35.0,5.38,PF/C,6500,2,19.0,16.0,103,103,-6%,13,13,12,31,32,31,32.6,30.9,22.2,39.7,32.5,35.2,5.4,34.9,27.0,4.2,35.0,5.38,35.2,32.5,5.4,35.1,5.390000000000001,31.333333333333332,12.666666666666666,32.1,30.133333333333336,36.40691489361702,1.0441136571483431,0.8932960928888958,0.9943088890632797,0.8972435274754419,0.8459822104234745
5,0,Derrick Rose,PG,,2020-01-25,DET,BKN,2.0,227.5,112.8,7500,13,32.5,39.4,47.0,39.0,5.2,PG/SG,7500,0,32.0,22.0,105,106,10%,19,18,16,32,31,27,39.4,32.7,24.6,40.8,31.5,41.3,5.5,37.0,45.5,6.1,39.0,5.2,41.3,31.5,5.5,40.15,5.35,30.0,17.666666666666668,35.53,39.63333333333333,42.1575,1.472024129355101,0.7892516228352806,1.4368066275517715,1.1965199829536155,0.8083561252962284
5,1,Matisse Thybulle,SG,,2020-01-25,PHI,LAL,4.5,217.5,106.5,4600,13,15.3,20.9,25.0,21.8,4.73,SG/SF,4600,2,13.0,10.0,103,103,-1%,10,7,4,30,31,20,20.9,13.9,5.1,22.7,31.5,23.1,5.0,35.6,20.8,4.5,21.8,4.73,23.1,31.5,5.0,22.450000000000003,4.865,27.0,7.0,17.01,20.400000000000002,26.19166666666667,-0.02778089204284344,0.7892516228352806,0.20826292071359137,-0.419398371406669,0.35213984312837965
5,2,LeBron James,PG,,2020-01-25,LAL,PHI,-4.5,217.5,111.0,10400,9,42.8,52.3,61.8,51.8,4.98,PG/SF,10400,1,34.0,27.0,101,103,-5%,18,18,20,35,34,35,52.9,55.8,45.1,66.4,35.5,53.5,5.1,35.4,48.3,4.6,51.8,4.98,53.5,35.5,5.1,52.65,5.04,34.666666666666664,18.666666666666668,54.56999999999999,52.29999999999999,53.915625,2.5312084665005425,1.205429503049741,2.3415743381608856,2.857809694995721,0.5167539655600777
5,3,Darius Bazley,PF,,2020-01-25,OKC,MIN,1.0,225.0,112.0,3100,12,8.5,16.8,28.8,20.0,6.45,PF,3100,0,13.0,7.0,105,108,1%,5,5,4,18,20,17,16.8,11.9,4.8,19.0,27.5,20.8,6.7,30.0,28.5,9.2,20.0,6.45,20.8,27.5,6.7,20.4,6.575,18.333333333333332,4.666666666666667,14.580000000000002,18.033333333333335,30.6,-0.20148712333469618,0.37307374262082,0.5474766693003638,-0.6314222159582614,1.960654982318116
5,4,Bruce Brown,PG,,2020-01-25,DET,BKN,2.0,227.5,112.8,3900,13,8.8,18.0,27.3,17.5,4.49,PG/SF,3900,0,17.0,12.0,105,106,0%,3,6,8,23,25,28,17.9,23.1,12.8,33.4,28.0,23.4,6.0,36.2,31.8,8.2,17.5,4.49,23.4,28.0,6.0,20.45,5.245,25.333333333333332,5.666666666666667,21.53,18.033333333333335,22.602631578947367,-0.19725038598611436,0.4250959776476276,-0.06790722202698796,-0.02501657001852186,0.7095876518372098
5,5,Thaddeus Young,PF,,2020-01-25,CHI,CLE,1.5,213.0,105.8,4400,16,10.0,20.0,36.0,28.8,6.53,PF,4400,0,20.0,13.0,101,114,1%,7,7,9,24,25,23,20.0,20.1,12.1,28.1,32.0,28.6,6.5,34.7,24.8,5.6,28.8,6.53,28.6,32.0,6.5,28.700000000000003,6.515000000000001,24.0,7.666666666666667,21.8,22.0,38.26666666666667,0.5018112765298772,0.8412738578620882,1.1374136233643162,-0.0014583650683449615,1.9042158546272485
5,6,Al Horford,PF,,2020-01-25,PHI,LAL,4.5,217.5,106.5,6500,13,18.3,32.6,39.5,35.0,5.38,PF/C,6500,2,19.0,16.0,103,103,-6%,13,13,12,31,32,31,32.6,30.9,22.2,39.7,32.5,35.2,5.4,34.9,27.0,4.2,35.0,5.38,35.2,32.5,5.4,35.1,5.390000000000001,31.333333333333332,12.666666666666666,32.1,30.133333333333336,36.40691489361702,1.0441136571483431,0.8932960928888958,0.9943088890632797,0.8972435274754419,0.8459822104234745
5,7,Zach LaVine,SG,,2020-01-25,CHI,CLE,1.5,213.0,105.8,9200,21,33.0,41.7,68.5,46.3,5.03,SG,9200,0,31.0,20.0,101,114,6%,20,22,20,33,36,34,41.6,40.1,28.4,51.8,36.0,46.4,5.0,39.4,72.5,7.9,46.3,5.03,46.4,36.0,5.0,46.349999999999994,5.015000000000001,34.333333333333336,20.666666666666668,41.65,47.73333333333333,48.59999999999999,1.9973795605792397,1.2574517380765486,1.9325460397113807,1.7305059618242924,0.49323766235554983
6,0,Kyrie Irving,PG,,2020-01-25,BKN,DET,-2.0,227.5,114.8,8700,2,32.0,41.0,63.3,46.5,5.34,PG,8700,1,33.0,25.0,101,109,2%,16,18,22,32,34,34,42.7,48.3,34.9,61.6,33.0,46.0,5.3,40.0,65.0,7.5,46.5,5.34,46.0,33.0,5.3,46.25,5.32,33.333333333333336,18.666666666666668,46.75,45.43333333333334,45.7875,1.9889060858820766,0.9453183279157032,1.7161289505846602,2.175494277549857,0.7801365614507949
6,1,Joe Harris,SG,,2020-01-25,BKN,DET,-2.0,227.5,114.8,4200,19,15.0,17.2,21.8,22.3,5.3,SG/SF,4200,1,17.0,12.0,101,109,1%,8,9,11,30,31,32,17.9,24.9,16.8,33.0,29.5,22.4,5.3,36.5,28.0,6.7,22.3,5.3,22.4,29.5,5.3,22.35,5.3,31.0,9.333333333333334,22.99,18.0,21.26854838709678,-0.036254366740007093,0.5811626827280503,-0.17056265350545552,0.10237224193428651,0.7613235188871719
6,2,Ben Simmons,PG,,2020-01-25,PHI,LAL,4.5,217.5,106.5,9400,14,43.0,53.1,82.5,47.5,5.05,PG/SF,9400,2,22.0,20.0,103,103,-1%,11,13,12,40,40,37,53.4,44.4,33.0,55.8,39.0,51.1,5.4,41.2,59.5,6.3,47.5,5.05,51.1,39.0,5.4,49.3,5.225,39.0,12.0,47.17999999999999,59.53333333333333,49.3,2.247347064145564,1.5695851482373941,1.986409848560699,2.213012900248286,0.6907746092735868
6,3,Tobias Harris,SF,,2020-01-25,PHI,LAL,4.5,217.5,106.5,7100,15,26.3,36.9,56.5,37.5,5.28,SF/PF,7100,2,23.0,17.0,103,103,-5%,18,16,16,37,36,35,36.9,36.1,26.9,45.3,35.5,38.6,5.4,38.3,42.5,6.0,37.5,5.28,38.6,35.5,5.4,38.05,5.34,36.0,16.666666666666668,36.65,39.9,37.52152777777778,1.294081160714667,1.205429503049741,1.0800764538253103,1.2942429071913861,0.7989496040144172
6,4,Andrew Wiggins,SG,,2020-01-25,MIN,OKC,-1.0,225.0,113.0,7000,22,26.5,39.0,51.0,34.5,4.93,SG/SF,7000,0,28.0,17.0,101,106,-3%,19,17,20,34,34,35,39.3,38.1,28.3,48.0,34.0,36.4,5.2,33.8,29.8,4.3,34.5,4.93,36.4,34.0,5.2,35.45,5.0649999999999995,34.333333333333336,18.666666666666668,37.830000000000005,38.833333333333336,35.105825242718446,1.0737708185884156,1.0493627979693185,0.8941922544178141,1.3972009880847527,0.5402702687646055
6,5,Thaddeus Young,PF,,2020-01-25,CHI,CLE,1.5,213.0,105.8,4400,16,10.0,20.0,36.0,28.8,6.53,PF,4400,0,20.0,13.0,101,114,1%,7,7,9,24,25,23,20.0,20.1,12.1,28.1,32.0,28.6,6.5,34.7,24.8,5.6,28.8,6.53,28.6,32.0,6.5,28.700000000000003,6.515000000000001,24.0,7.666666666666667,21.8,22.0,38.26666666666667,0.5018112765298772,0.8412738578620882,1.1374136233643162,-0.0014583650683449615,1.9042158546272485
6,6,Larry Nance Jr.,PF,,2020-01-25,CLE,CHI,-1.5,213.0,107.3,5300,29,11.8,26.5,44.0,25.8,4.86,PF/C,5300,1,14.0,16.0,102,105,9%,12,7,6,28,25,24,26.5,22.4,12.9,31.8,25.5,25.5,4.8,24.1,35.8,6.8,25.8,4.86,25.5,25.5,4.8,25.65,4.83,25.666666666666668,8.333333333333334,23.85,27.433333333333334,25.483441558441555,0.24337029826638917,0.1649848025135897,0.1537662037825561,0.17740948733114664,0.3192170186420399
6,7,Bruce Brown,PG,,2020-01-25,DET,BKN,2.0,227.5,112.8,3900,13,8.8,18.0,27.3,17.5,4.49,PG/SF,3900,0,17.0,12.0,105,106,0%,3,6,8,23,25,28,17.9,23.1,12.8,33.4,28.0,23.4,6.0,36.2,31.8,8.2,17.5,4.49,23.4,28.0,6.0,20.45,5.245,25.333333333333332,5.666666666666667,21.53,18.033333333333335,22.602631578947367,-0.19725038598611436,0.4250959776476276,-0.06790722202698796,-0.02501657001852186,0.7095876518372098
7,0,Ben Simmons,PG,,2020-01-25,PHI,LAL,4.5,217.5,106.5,9400,14,43.0,53.1,82.5,47.5,5.05,PG/SF,9400,2,22.0,20.0,103,103,-1%,11,13,12,40,40,37,53.4,44.4,33.0,55.8,39.0,51.1,5.4,41.2,59.5,6.3,47.5,5.05,51.1,39.0,5.4,49.3,5.225,39.0,12.0,47.17999999999999,59.53333333333333,49.3,2.247347064145564,1.5695851482373941,1.986409848560699,2.213012900248286,0.6907746092735868
7,1,Shai Gilgeous-Alexander,PG,,2020-01-25,OKC,MIN,1.0,225.0,112.0,7600,26,36.0,41.4,46.5,38.8,5.1,PG/SG,7600,0,23.0,18.0,105,108,2%,13,13,16,37,37,36,41.4,36.1,25.5,46.6,37.0,40.4,5.3,34.1,27.3,3.6,38.8,5.1,40.4,37.0,5.3,39.599999999999994,5.199999999999999,36.666666666666664,14.0,37.839999999999996,41.300000000000004,39.959999999999994,1.4254200185207013,1.3614962081301638,1.2677127419140926,1.3980735141940177,0.6672583060690581
7,2,Andrew Wiggins,SG,,2020-01-25,MIN,OKC,-1.0,225.0,113.0,7000,22,26.5,39.0,51.0,34.5,4.93,SG/SF,7000,0,28.0,17.0,101,106,-3%,19,17,20,34,34,35,39.3,38.1,28.3,48.0,34.0,36.4,5.2,33.8,29.8,4.3,34.5,4.93,36.4,34.0,5.2,35.45,5.0649999999999995,34.333333333333336,18.666666666666668,37.830000000000005,38.833333333333336,35.105825242718446,1.0737708185884156,1.0493627979693185,0.8941922544178141,1.3972009880847527,0.5402702687646055
7,3,Thaddeus Young,PF,,2020-01-25,CHI,CLE,1.5,213.0,105.8,4400,16,10.0,20.0,36.0,28.8,6.53,PF,4400,0,20.0,13.0,101,114,1%,7,7,9,24,25,23,20.0,20.1,12.1,28.1,32.0,28.6,6.5,34.7,24.8,5.6,28.8,6.53,28.6,32.0,6.5,28.700000000000003,6.515000000000001,24.0,7.666666666666667,21.8,22.0,38.26666666666667,0.5018112765298772,0.8412738578620882,1.1374136233643162,-0.0014583650683449615,1.9042158546272485
7,4,Collin Sexton,PG,,2020-01-25,CLE,CHI,-1.5,213.0,107.3,6800,1,31.8,37.6,44.0,30.3,4.45,PG/SG,6800,1,27.0,16.0,102,105,-14%,18,19,16,36,34,32,37.5,28.8,21.7,36.0,34.5,31.5,4.6,33.7,27.0,4.0,30.3,4.45,31.5,34.5,4.6,30.9,4.525,34.0,17.666666666666668,30.98,37.800000000000004,31.354411764705883,0.6882277198674746,1.1013850329961261,0.6055273708543548,0.7995206032376707,0.032318119546794734
7,5,Tobias Harris,SF,,2020-01-25,PHI,LAL,4.5,217.5,106.5,7100,15,26.3,36.9,56.5,37.5,5.28,SF/PF,7100,2,23.0,17.0,103,103,-5%,18,16,16,37,36,35,36.9,36.1,26.9,45.3,35.5,38.6,5.4,38.3,42.5,6.0,37.5,5.28,38.6,35.5,5.4,38.05,5.34,36.0,16.666666666666668,36.65,39.9,37.52152777777778,1.294081160714667,1.205429503049741,1.0800764538253103,1.2942429071913861,0.7989496040144172
7,6,Mike Muscala,PF,,2020-01-25,OKC,MIN,1.0,225.0,112.0,3500,12,5.0,13.0,22.8,21.3,6.07,PF/C,3500,0,16.0,10.0,105,108,1%,7,5,4,19,19,13,12.9,10.2,2.2,18.2,23.5,19.9,5.7,24.9,25.0,7.1,21.3,6.07,19.9,23.5,5.7,20.6,5.885,17.0,5.333333333333333,12.819999999999999,13.6,28.476470588235298,-0.18454017394036887,-0.04310413759364059,0.38407469455579607,-0.7849868111890447,1.3116050138731343
7,7,Darius Bazley,PF,,2020-01-25,OKC,MIN,1.0,225.0,112.0,3100,12,8.5,16.8,28.8,20.0,6.45,PF,3100,0,13.0,7.0,105,108,1%,5,5,4,18,20,17,16.8,11.9,4.8,19.0,27.5,20.8,6.7,30.0,28.5,9.2,20.0,6.45,20.8,27.5,6.7,20.4,6.575,18.333333333333332,4.666666666666667,14.580000000000002,18.033333333333335,30.6,-0.20148712333469618,0.37307374262082,0.5474766693003638,-0.6314222159582614,1.960654982318116
8,0,Chris Paul,PG,,2020-01-25,OKC,MIN,1.0,225.0,112.0,7000,26,26.8,38.7,50.0,39.3,5.61,PG,7000,0,23.0,21.0,105,108,2%,13,14,13,29,30,32,38.7,36.7,27.5,45.9,31.5,38.0,5.4,31.7,49.0,7.0,39.3,5.61,38.0,31.5,5.4,38.65,5.505000000000001,30.333333333333332,13.333333333333334,37.49,38.5,40.13653846153846,1.3449220088976481,0.7892516228352806,1.281297076123893,1.3675351003697147,0.9541572051643049
8,1,Joe Harris,SG,,2020-01-25,BKN,DET,-2.0,227.5,114.8,4200,19,15.0,17.2,21.8,22.3,5.3,SG/SF,4200,1,17.0,12.0,101,109,1%,8,9,11,30,31,32,17.9,24.9,16.8,33.0,29.5,22.4,5.3,36.5,28.0,6.7,22.3,5.3,22.4,29.5,5.3,22.35,5.3,31.0,9.333333333333334,22.99,18.0,21.26854838709678,-0.036254366740007093,0.5811626827280503,-0.17056265350545552,0.10237224193428651,0.7613235188871719
8,2,LeBron James,PG,,2020-01-25,LAL,PHI,-4.5,217.5,111.0,10400,9,42.8,52.3,61.8,51.8,4.98,PG/SF,10400,1,34.0,27.0,101,103,-5%,18,18,20,35,34,35,52.9,55.8,45.1,66.4,35.5,53.5,5.1,35.4,48.3,4.6,51.8,4.98,53.5,35.5,5.1,52.65,5.04,34.666666666666664,18.666666666666668,54.56999999999999,52.29999999999999,53.915625,2.5312084665005425,1.205429503049741,2.3415743381608856,2.857809694995721,0.5167539655600777
8,3,Al Horford,PF,,2020-01-25,PHI,LAL,4.5,217.5,106.5,6500,13,18.3,32.6,39.5,35.0,5.38,PF/C,6500,2,19.0,16.0,103,103,-6%,13,13,12,31,32,31,32.6,30.9,22.2,39.7,32.5,35.2,5.4,34.9,27.0,4.2,35.0,5.38,35.2,32.5,5.4,35.1,5.390000000000001,31.333333333333332,12.666666666666666,32.1,30.133333333333336,36.40691489361702,1.0441136571483431,0.8932960928888958,0.9943088890632797,0.8972435274754419,0.8459822104234745
8,4,Ben Simmons,PG,,2020-01-25,PHI,LAL,4.5,217.5,106.5,9400,14,43.0,53.1,82.5,47.5,5.05,PG/SF,9400,2,22.0,20.0,103,103,-1%,11,13,12,40,40,37,53.4,44.4,33.0,55.8,39.0,51.1,5.4,41.2,59.5,6.3,47.5,5.05,51.1,39.0,5.4,49.3,5.225,39.0,12.0,47.17999999999999,59.53333333333333,49.3,2.247347064145564,1.5695851482373941,1.986409848560699,2.213012900248286,0.6907746092735868
8,5,Darius Bazley,PF,,2020-01-25,OKC,MIN,1.0,225.0,112.0,3100,12,8.5,16.8,28.8,20.0,6.45,PF,3100,0,13.0,7.0,105,108,1%,5,5,4,18,20,17,16.8,11.9,4.8,19.0,27.5,20.8,6.7,30.0,28.5,9.2,20.0,6.45,20.8,27.5,6.7,20.4,6.575,18.333333333333332,4.666666666666667,14.580000000000002,18.033333333333335,30.6,-0.20148712333469618,0.37307374262082,0.5474766693003638,-0.6314222159582614,1.960654982318116
8,6,Mike Muscala,PF,,2020-01-25,OKC,MIN,1.0,225.0,112.0,3500,12,5.0,13.0,22.8,21.3,6.07,PF/C,3500,0,16.0,10.0,105,108,1%,7,5,4,19,19,13,12.9,10.2,2.2,18.2,23.5,19.9,5.7,24.9,25.0,7.1,21.3,6.07,19.9,23.5,5.7,20.6,5.885,17.0,5.333333333333333,12.819999999999999,13.6,28.476470588235298,-0.18454017394036887,-0.04310413759364059,0.38407469455579607,-0.7849868111890447,1.3116050138731343
8,7,Darius Garland,PG,,2020-01-25,CLE,CHI,-1.5,213.0,107.3,5000,1,20.8,24.3,32.0,26.3,5.25,PG,5000,1,22.0,9.0,102,105,-14%,19,16,12,37,34,30,24.0,21.3,13.5,29.2,35.5,25.8,5.2,34.9,14.5,2.9,26.3,5.25,25.8,35.5,5.2,26.05,5.225,33.666666666666664,15.666666666666666,22.81,25.7,27.468564356435643,0.27726419705504346,1.205429503049741,0.3065180251162355,0.08666677196750192,0.6907746092735868
9,0,Ben Simmons,PG,,2020-01-25,PHI,LAL,4.5,217.5,106.5,9400,14,43.0,53.1,82.5,47.5,5.05,PG/SF,9400,2,22.0,20.0,103,103,-1%,11,13,12,40,40,37,53.4,44.4,33.0,55.8,39.0,51.1,5.4,41.2,59.5,6.3,47.5,5.05,51.1,39.0,5.4,49.3,5.225,39.0,12.0,47.17999999999999,59.53333333333333,49.3,2.247347064145564,1.5695851482373941,1.986409848560699,2.213012900248286,0.6907746092735868
9,1,Zach LaVine,SG,,2020-01-25,CHI,CLE,1.5,213.0,105.8,9200,21,33.0,41.7,68.5,46.3,5.03,SG,9200,0,31.0,20.0,101,114,6%,20,22,20,33,36,34,41.6,40.1,28.4,51.8,36.0,46.4,5.0,39.4,72.5,7.9,46.3,5.03,46.4,36.0,5.0,46.349999999999994,5.015000000000001,34.333333333333336,20.666666666666668,41.65,47.73333333333333,48.59999999999999,1.9973795605792397,1.2574517380765486,1.9325460397113807,1.7305059618242924,0.49323766235554983
9,2,Andrew Wiggins,SG,,2020-01-25,MIN,OKC,-1.0,225.0,113.0,7000,22,26.5,39.0,51.0,34.5,4.93,SG/SF,7000,0,28.0,17.0,101,106,-3%,19,17,20,34,34,35,39.3,38.1,28.3,48.0,34.0,36.4,5.2,33.8,29.8,4.3,34.5,4.93,36.4,34.0,5.2,35.45,5.0649999999999995,34.333333333333336,18.666666666666668,37.830000000000005,38.833333333333336,35.105825242718446,1.0737708185884156,1.0493627979693185,0.8941922544178141,1.3972009880847527,0.5402702687646055
9,3,Darius Bazley,PF,,2020-01-25,OKC,MIN,1.0,225.0,112.0,3100,12,8.5,16.8,28.8,20.0,6.45,PF,3100,0,13.0,7.0,105,108,1%,5,5,4,18,20,17,16.8,11.9,4.8,19.0,27.5,20.8,6.7,30.0,28.5,9.2,20.0,6.45,20.8,27.5,6.7,20.4,6.575,18.333333333333332,4.666666666666667,14.580000000000002,18.033333333333335,30.6,-0.20148712333469618,0.37307374262082,0.5474766693003638,-0.6314222159582614,1.960654982318116
9,4,Kyrie Irving,PG,,2020-01-25,BKN,DET,-2.0,227.5,114.8,8700,2,32.0,41.0,63.3,46.5,5.34,PG,8700,1,33.0,25.0,101,109,2%,16,18,22,32,34,34,42.7,48.3,34.9,61.6,33.0,46.0,5.3,40.0,65.0,7.5,46.5,5.34,46.0,33.0,5.3,46.25,5.32,33.333333333333336,18.666666666666668,46.75,45.43333333333334,45.7875,1.9889060858820766,0.9453183279157032,1.7161289505846602,2.175494277549857,0.7801365614507949
9,5,Christian Wood,PF,,2020-01-25,DET,BKN,2.0,227.5,112.8,4700,25,5.3,21.8,32.5,22.8,4.84,PF/C,4700,0,21.0,23.0,105,106,-3%,8,6,6,27,18,17,21.8,20.1,7.8,32.4,15.0,17.9,3.8,21.3,17.5,3.7,22.8,4.84,17.9,15.0,3.8,20.35,4.32,20.666666666666668,6.666666666666667,20.490000000000002,19.866666666666667,14.770161290322582,-0.2057238606832777,-0.9274821330493693,-0.6706024826619067,-0.11575928538216627,-0.16051556673033748
9,6,Mike Muscala,PF,,2020-01-25,OKC,MIN,1.0,225.0,112.0,3500,12,5.0,13.0,22.8,21.3,6.07,PF/C,3500,0,16.0,10.0,105,108,1%,7,5,4,19,19,13,12.9,10.2,2.2,18.2,23.5,19.9,5.7,24.9,25.0,7.1,21.3,6.07,19.9,23.5,5.7,20.6,5.885,17.0,5.333333333333333,12.819999999999999,13.6,28.476470588235298,-0.18454017394036887,-0.04310413759364059,0.38407469455579607,-0.7849868111890447,1.3116050138731343
9,7,Thaddeus Young,PF,,2020-01-25,CHI,CLE,1.5,213.0,105.8,4400,16,10.0,20.0,36.0,28.8,6.53,PF,4400,0,20.0,13.0,101,114,1%,7,7,9,24,25,23,20.0,20.1,12.1,28.1,32.0,28.6,6.5,34.7,24.8,5.6,28.8,6.53,28.6,32.0,6.5,28.700000000000003,6.515000000000001,24.0,7.666666666666667,21.8,22.0,38.26666666666667,0.5018112765298772,0.8412738578620882,1.1374136233643162,-0.0014583650683449615,1.9042158546272485
10,0,Kyrie Irving,PG,,2020-01-25,BKN,DET,-2.0,227.5,114.8,8700,2,32.0,41.0,63.3,46.5,5.34,PG,8700,1,33.0,25.0,101,109,2%,16,18,22,32,34,34,42.7,48.3,34.9,61.6,33.0,46.0,5.3,40.0,65.0,7.5,46.5,5.34,46.0,33.0,5.3,46.25,5.32,33.333333333333336,18.666666666666668,46.75,45.43333333333334,45.7875,1.9889060858820766,0.9453183279157032,1.7161289505846602,2.175494277549857,0.7801365614507949
10,1,Derrick Rose,PG,,2020-01-25,DET,BKN,2.0,227.5,112.8,7500,13,32.5,39.4,47.0,39.0,5.2,PG/SG,7500,0,32.0,22.0,105,106,10%,19,18,16,32,31,27,39.4,32.7,24.6,40.8,31.5,41.3,5.5,37.0,45.5,6.1,39.0,5.2,41.3,31.5,5.5,40.15,5.35,30.0,17.666666666666668,35.53,39.63333333333333,42.1575,1.472024129355101,0.7892516228352806,1.4368066275517715,1.1965199829536155,0.8083561252962284
10,2,Ben Simmons,PG,,2020-01-25,PHI,LAL,4.5,217.5,106.5,9400,14,43.0,53.1,82.5,47.5,5.05,PG/SF,9400,2,22.0,20.0,103,103,-1%,11,13,12,40,40,37,53.4,44.4,33.0,55.8,39.0,51.1,5.4,41.2,59.5,6.3,47.5,5.05,51.1,39.0,5.4,49.3,5.225,39.0,12.0,47.17999999999999,59.53333333333333,49.3,2.247347064145564,1.5695851482373941,1.986409848560699,2.213012900248286,0.6907746092735868
10,3,Thaddeus Young,PF,,2020-01-25,CHI,CLE,1.5,213.0,105.8,4400,16,10.0,20.0,36.0,28.8,6.53,PF,4400,0,20.0,13.0,101,114,1%,7,7,9,24,25,23,20.0,20.1,12.1,28.1,32.0,28.6,6.5,34.7,24.8,5.6,28.8,6.53,28.6,32.0,6.5,28.700000000000003,6.515000000000001,24.0,7.666666666666667,21.8,22.0,38.26666666666667,0.5018112765298772,0.8412738578620882,1.1374136233643162,-0.0014583650683449615,1.9042158546272485
10,4,Andrew Wiggins,SG,,2020-01-25,MIN,OKC,-1.0,225.0,113.0,7000,22,26.5,39.0,51.0,34.5,4.93,SG/SF,7000,0,28.0,17.0,101,106,-3%,19,17,20,34,34,35,39.3,38.1,28.3,48.0,34.0,36.4,5.2,33.8,29.8,4.3,34.5,4.93,36.4,34.0,5.2,35.45,5.0649999999999995,34.333333333333336,18.666666666666668,37.830000000000005,38.833333333333336,35.105825242718446,1.0737708185884156,1.0493627979693185,0.8941922544178141,1.3972009880847527,0.5402702687646055
10,5,Al Horford,PF,,2020-01-25,PHI,LAL,4.5,217.5,106.5,6500,13,18.3,32.6,39.5,35.0,5.38,PF/C,6500,2,19.0,16.0,103,103,-6%,13,13,12,31,32,31,32.6,30.9,22.2,39.7,32.5,35.2,5.4,34.9,27.0,4.2,35.0,5.38,35.2,32.5,5.4,35.1,5.390000000000001,31.333333333333332,12.666666666666666,32.1,30.133333333333336,36.40691489361702,1.0441136571483431,0.8932960928888958,0.9943088890632797,0.8972435274754419,0.8459822104234745
10,6,Mike Muscala,PF,,2020-01-25,OKC,MIN,1.0,225.0,112.0,3500,12,5.0,13.0,22.8,21.3,6.07,PF/C,3500,0,16.0,10.0,105,108,1%,7,5,4,19,19,13,12.9,10.2,2.2,18.2,23.5,19.9,5.7,24.9,25.0,7.1,21.3,6.07,19.9,23.5,5.7,20.6,5.885,17.0,5.333333333333333,12.819999999999999,13.6,28.476470588235298,-0.18454017394036887,-0.04310413759364059,0.38407469455579607,-0.7849868111890447,1.3116050138731343
10,7,Jordan McLaughlin,PG,,2020-01-25,MIN,OKC,-1.0,225.0,113.0,3000,10,10.5,14.4,20.0,12.8,4.25,PG,3000,0,,,101,106,1%,5,5,5,20,18,17,14.4,13.5,5.1,21.8,13.5,10.4,3.5,20.0,9.8,3.3,12.8,4.25,10.4,13.5,3.5,11.600000000000001,3.875,18.333333333333332,5.0,13.280000000000001,14.966666666666667,8.541818181818183,-0.9471528966850866,-1.083548838129792,-1.149862886439684,-0.7448506101628171,-0.5791057637709417
11,0,Kyrie Irving,PG,,2020-01-25,BKN,DET,-2.0,227.5,114.8,8700,2,32.0,41.0,63.3,46.5,5.34,PG,8700,1,33.0,25.0,101,109,2%,16,18,22,32,34,34,42.7,48.3,34.9,61.6,33.0,46.0,5.3,40.0,65.0,7.5,46.5,5.34,46.0,33.0,5.3,46.25,5.32,33.333333333333336,18.666666666666668,46.75,45.43333333333334,45.7875,1.9889060858820766,0.9453183279157032,1.7161289505846602,2.175494277549857,0.7801365614507949
11,1,Andrew Wiggins,SG,,2020-01-25,MIN,OKC,-1.0,225.0,113.0,7000,22,26.5,39.0,51.0,34.5,4.93,SG/SF,7000,0,28.0,17.0,101,106,-3%,19,17,20,34,34,35,39.3,38.1,28.3,48.0,34.0,36.4,5.2,33.8,29.8,4.3,34.5,4.93,36.4,34.0,5.2,35.45,5.0649999999999995,34.333333333333336,18.666666666666668,37.830000000000005,38.833333333333336,35.105825242718446,1.0737708185884156,1.0493627979693185,0.8941922544178141,1.3972009880847527,0.5402702687646055
11,2,LeBron James,PG,,2020-01-25,LAL,PHI,-4.5,217.5,111.0,10400,9,42.8,52.3,61.8,51.8,4.98,PG/SF,10400,1,34.0,27.0,101,103,-5%,18,18,20,35,34,35,52.9,55.8,45.1,66.4,35.5,53.5,5.1,35.4,48.3,4.6,51.8,4.98,53.5,35.5,5.1,52.65,5.04,34.666666666666664,18.666666666666668,54.56999999999999,52.29999999999999,53.915625,2.5312084665005425,1.205429503049741,2.3415743381608856,2.857809694995721,0.5167539655600777
11,3,Darius Bazley,PF,,2020-01-25,OKC,MIN,1.0,225.0,112.0,3100,12,8.5,16.8,28.8,20.0,6.45,PF,3100,0,13.0,7.0,105,108,1%,5,5,4,18,20,17,16.8,11.9,4.8,19.0,27.5,20.8,6.7,30.0,28.5,9.2,20.0,6.45,20.8,27.5,6.7,20.4,6.575,18.333333333333332,4.666666666666667,14.580000000000002,18.033333333333335,30.6,-0.20148712333469618,0.37307374262082,0.5474766693003638,-0.6314222159582614,1.960654982318116
11,4,Dennis Schroder,PG,,2020-01-25,OKC,MIN,1.0,225.0,112.0,6900,26,25.3,37.5,49.3,32.5,4.71,PG/SG,6900,0,27.0,16.0,105,108,2%,17,15,15,32,33,31,37.5,30.8,21.2,40.5,32.0,32.6,4.7,31.4,37.0,5.4,32.5,4.71,32.6,32.0,4.7,32.55,4.705,32.0,15.666666666666666,32.510000000000005,37.36666666666667,32.55,0.8280400523706727,0.8412738578620882,0.6975258510948903,0.9330170979553405,0.2016355026193983
11,5,Larry Nance Jr.,PF,,2020-01-25,CLE,CHI,-1.5,213.0,107.3,5300,29,11.8,26.5,44.0,25.8,4.86,PF/C,5300,1,14.0,16.0,102,105,9%,12,7,6,28,25,24,26.5,22.4,12.9,31.8,25.5,25.5,4.8,24.1,35.8,6.8,25.8,4.86,25.5,25.5,4.8,25.65,4.83,25.666666666666668,8.333333333333334,23.85,27.433333333333334,25.483441558441555,0.24337029826638917,0.1649848025135897,0.1537662037825561,0.17740948733114664,0.3192170186420399
11,6,Mike Muscala,PF,,2020-01-25,OKC,MIN,1.0,225.0,112.0,3500,12,5.0,13.0,22.8,21.3,6.07,PF/C,3500,0,16.0,10.0,105,108,1%,7,5,4,19,19,13,12.9,10.2,2.2,18.2,23.5,19.9,5.7,24.9,25.0,7.1,21.3,6.07,19.9,23.5,5.7,20.6,5.885,17.0,5.333333333333333,12.819999999999999,13.6,28.476470588235298,-0.18454017394036887,-0.04310413759364059,0.38407469455579607,-0.7849868111890447,1.3116050138731343
11,7,Thaddeus Young,PF,,2020-01-25,CHI,CLE,1.5,213.0,105.8,4400,16,10.0,20.0,36.0,28.8,6.53,PF,4400,0,20.0,13.0,101,114,1%,7,7,9,24,25,23,20.0,20.1,12.1,28.1,32.0,28.6,6.5,34.7,24.8,5.6,28.8,6.53,28.6,32.0,6.5,28.700000000000003,6.515000000000001,24.0,7.666666666666667,21.8,22.0,38.26666666666667,0.5018112765298772,0.8412738578620882,1.1374136233643162,-0.0014583650683449615,1.9042158546272485
12,0,Shai Gilgeous-Alexander,PG,,2020-01-25,OKC,MIN,1.0,225.0,112.0,7600,26,36.0,41.4,46.5,38.8,5.1,PG/SG,7600,0,23.0,18.0,105,108,2%,13,13,16,37,37,36,41.4,36.1,25.5,46.6,37.0,40.4,5.3,34.1,27.3,3.6,38.8,5.1,40.4,37.0,5.3,39.599999999999994,5.199999999999999,36.666666666666664,14.0,37.839999999999996,41.300000000000004,39.959999999999994,1.4254200185207013,1.3614962081301638,1.2677127419140926,1.3980735141940177,0.6672583060690581
12,1,Andrew Wiggins,SG,,2020-01-25,MIN,OKC,-1.0,225.0,113.0,7000,22,26.5,39.0,51.0,34.5,4.93,SG/SF,7000,0,28.0,17.0,101,106,-3%,19,17,20,34,34,35,39.3,38.1,28.3,48.0,34.0,36.4,5.2,33.8,29.8,4.3,34.5,4.93,36.4,34.0,5.2,35.45,5.0649999999999995,34.333333333333336,18.666666666666668,37.830000000000005,38.833333333333336,35.105825242718446,1.0737708185884156,1.0493627979693185,0.8941922544178141,1.3972009880847527,0.5402702687646055
12,2,Bruce Brown,PG,,2020-01-25,DET,BKN,2.0,227.5,112.8,3900,13,8.8,18.0,27.3,17.5,4.49,PG/SF,3900,0,17.0,12.0,105,106,0%,3,6,8,23,25,28,17.9,23.1,12.8,33.4,28.0,23.4,6.0,36.2,31.8,8.2,17.5,4.49,23.4,28.0,6.0,20.45,5.245,25.333333333333332,5.666666666666667,21.53,18.033333333333335,22.602631578947367,-0.19725038598611436,0.4250959776476276,-0.06790722202698796,-0.02501657001852186,0.7095876518372098
12,3,Tobias Harris,SF,,2020-01-25,PHI,LAL,4.5,217.5,106.5,7100,15,26.3,36.9,56.5,37.5,5.28,SF/PF,7100,2,23.0,17.0,103,103,-5%,18,16,16,37,36,35,36.9,36.1,26.9,45.3,35.5,38.6,5.4,38.3,42.5,6.0,37.5,5.28,38.6,35.5,5.4,38.05,5.34,36.0,16.666666666666668,36.65,39.9,37.52152777777778,1.294081160714667,1.205429503049741,1.0800764538253103,1.2942429071913861,0.7989496040144172
12,4,Kris Dunn,PG,,2020-01-25,CHI,CLE,1.5,213.0,105.8,5800,8,6.0,24.8,32.0,26.3,4.53,PG/SF,5800,0,16.0,12.0,101,114,6%,5,6,7,29,28,26,25.1,21.6,13.0,30.3,31.5,26.5,4.6,32.7,28.3,4.9,26.3,4.53,26.5,31.5,4.6,26.4,4.5649999999999995,27.666666666666668,6.0,23.28,20.933333333333334,30.0578313253012,0.30692135849511565,0.7892516228352806,0.5057577123602724,0.1276754991029953,0.06994420467403922
12,5,Al Horford,PF,,2020-01-25,PHI,LAL,4.5,217.5,106.5,6500,13,18.3,32.6,39.5,35.0,5.38,PF/C,6500,2,19.0,16.0,103,103,-6%,13,13,12,31,32,31,32.6,30.9,22.2,39.7,32.5,35.2,5.4,34.9,27.0,4.2,35.0,5.38,35.2,32.5,5.4,35.1,5.390000000000001,31.333333333333332,12.666666666666666,32.1,30.133333333333336,36.40691489361702,1.0441136571483431,0.8932960928888958,0.9943088890632797,0.8972435274754419,0.8459822104234745
12,6,Mike Muscala,PF,,2020-01-25,OKC,MIN,1.0,225.0,112.0,3500,12,5.0,13.0,22.8,21.3,6.07,PF/C,3500,0,16.0,10.0,105,108,1%,7,5,4,19,19,13,12.9,10.2,2.2,18.2,23.5,19.9,5.7,24.9,25.0,7.1,21.3,6.07,19.9,23.5,5.7,20.6,5.885,17.0,5.333333333333333,12.819999999999999,13.6,28.476470588235298,-0.18454017394036887,-0.04310413759364059,0.38407469455579607,-0.7849868111890447,1.3116050138731343
12,7,Derrick Rose,PG,,2020-01-25,DET,BKN,2.0,227.5,112.8,7500,13,32.5,39.4,47.0,39.0,5.2,PG/SG,7500,0,32.0,22.0,105,106,10%,19,18,16,32,31,27,39.4,32.7,24.6,40.8,31.5,41.3,5.5,37.0,45.5,6.1,39.0,5.2,41.3,31.5,5.5,40.15,5.35,30.0,17.666666666666668,35.53,39.63333333333333,42.1575,1.472024129355101,0.7892516228352806,1.4368066275517715,1.1965199829536155,0.8083561252962284
13,0,Kyrie Irving,PG,,2020-01-25,BKN,DET,-2.0,227.5,114.8,8700,2,32.0,41.0,63.3,46.5,5.34,PG,8700,1,33.0,25.0,101,109,2%,16,18,22,32,34,34,42.7,48.3,34.9,61.6,33.0,46.0,5.3,40.0,65.0,7.5,46.5,5.34,46.0,33.0,5.3,46.25,5.32,33.333333333333336,18.666666666666668,46.75,45.43333333333334,45.7875,1.9889060858820766,0.9453183279157032,1.7161289505846602,2.175494277549857,0.7801365614507949
13,1,Garrett Temple,SG,,2020-01-25,BKN,DET,-2.0,227.5,114.8,3800,19,8.8,17.5,23.3,10.8,2.83,SG,3800,1,17.0,10.0,101,109,-4%,6,8,10,19,23,29,17.5,21.4,12.6,30.2,24.0,17.4,4.6,22.2,10.8,2.8,10.8,2.83,17.4,24.0,4.6,14.1,3.715,23.666666666666668,8.0,19.159999999999997,16.533333333333335,14.298591549295775,-0.7353160292559985,0.008918097433166981,-0.7068889717901781,-0.23180525791451978,-0.729610104279923
13,2,Ben Simmons,PG,,2020-01-25,PHI,LAL,4.5,217.5,106.5,9400,14,43.0,53.1,82.5,47.5,5.05,PG/SF,9400,2,22.0,20.0,103,103,-1%,11,13,12,40,40,37,53.4,44.4,33.0,55.8,39.0,51.1,5.4,41.2,59.5,6.3,47.5,5.05,51.1,39.0,5.4,49.3,5.225,39.0,12.0,47.17999999999999,59.53333333333333,49.3,2.247347064145564,1.5695851482373941,1.986409848560699,2.213012900248286,0.6907746092735868
13,3,Mike Muscala,PF,,2020-01-25,OKC,MIN,1.0,225.0,112.0,3500,12,5.0,13.0,22.8,21.3,6.07,PF/C,3500,0,16.0,10.0,105,108,1%,7,5,4,19,19,13,12.9,10.2,2.2,18.2,23.5,19.9,5.7,24.9,25.0,7.1,21.3,6.07,19.9,23.5,5.7,20.6,5.885,17.0,5.333333333333333,12.819999999999999,13.6,28.476470588235298,-0.18454017394036887,-0.04310413759364059,0.38407469455579607,-0.7849868111890447,1.3116050138731343
13,4,Andrew Wiggins,SG,,2020-01-25,MIN,OKC,-1.0,225.0,113.0,7000,22,26.5,39.0,51.0,34.5,4.93,SG/SF,7000,0,28.0,17.0,101,106,-3%,19,17,20,34,34,35,39.3,38.1,28.3,48.0,34.0,36.4,5.2,33.8,29.8,4.3,34.5,4.93,36.4,34.0,5.2,35.45,5.0649999999999995,34.333333333333336,18.666666666666668,37.830000000000005,38.833333333333336,35.105825242718446,1.0737708185884156,1.0493627979693185,0.8941922544178141,1.3972009880847527,0.5402702687646055
13,5,Al Horford,PF,,2020-01-25,PHI,LAL,4.5,217.5,106.5,6500,13,18.3,32.6,39.5,35.0,5.38,PF/C,6500,2,19.0,16.0,103,103,-6%,13,13,12,31,32,31,32.6,30.9,22.2,39.7,32.5,35.2,5.4,34.9,27.0,4.2,35.0,5.38,35.2,32.5,5.4,35.1,5.390000000000001,31.333333333333332,12.666666666666666,32.1,30.133333333333336,36.40691489361702,1.0441136571483431,0.8932960928888958,0.9943088890632797,0.8972435274754419,0.8459822104234745
13,6,Larry Nance Jr.,PF,,2020-01-25,CLE,CHI,-1.5,213.0,107.3,5300,29,11.8,26.5,44.0,25.8,4.86,PF/C,5300,1,14.0,16.0,102,105,9%,12,7,6,28,25,24,26.5,22.4,12.9,31.8,25.5,25.5,4.8,24.1,35.8,6.8,25.8,4.86,25.5,25.5,4.8,25.65,4.83,25.666666666666668,8.333333333333334,23.85,27.433333333333334,25.483441558441555,0.24337029826638917,0.1649848025135897,0.1537662037825561,0.17740948733114664,0.3192170186420399
13,7,Joe Harris,SG,,2020-01-25,BKN,DET,-2.0,227.5,114.8,4200,19,15.0,17.2,21.8,22.3,5.3,SG/SF,4200,1,17.0,12.0,101,109,1%,8,9,11,30,31,32,17.9,24.9,16.8,33.0,29.5,22.4,5.3,36.5,28.0,6.7,22.3,5.3,22.4,29.5,5.3,22.35,5.3,31.0,9.333333333333334,22.99,18.0,21.26854838709678,-0.036254366740007093,0.5811626827280503,-0.17056265350545552,0.10237224193428651,0.7613235188871719
14,0,Ryan Arcidiacono,PG,,2020-01-25,CHI,CLE,1.5,213.0,105.8,3000,8,5.3,7.7,10.3,8.8,2.92,PG/SG,3000,0,13.0,8.0,101,114,6%,2,4,4,14,12,15,7.7,9.4,3.5,15.3,13.0,8.5,2.8,12.2,10.5,3.5,8.8,2.92,8.5,13.0,2.8,8.65,2.86,13.666666666666666,3.3333333333333335,8.91,7.766666666666667,8.228048780487805,-1.1971204002514109,-1.1355710731565996,-1.17400690794829,-1.126144519911977,-1.5338676738747912
14,1,Zach LaVine,SG,,2020-01-25,CHI,CLE,1.5,213.0,105.8,9200,21,33.0,41.7,68.5,46.3,5.03,SG,9200,0,31.0,20.0,101,114,6%,20,22,20,33,36,34,41.6,40.1,28.4,51.8,36.0,46.4,5.0,39.4,72.5,7.9,46.3,5.03,46.4,36.0,5.0,46.349999999999994,5.015000000000001,34.333333333333336,20.666666666666668,41.65,47.73333333333333,48.59999999999999,1.9973795605792397,1.2574517380765486,1.9325460397113807,1.7305059618242924,0.49323766235554983
14,2,Tobias Harris,SF,,2020-01-25,PHI,LAL,4.5,217.5,106.5,7100,15,26.3,36.9,56.5,37.5,5.28,SF/PF,7100,2,23.0,17.0,103,103,-5%,18,16,16,37,36,35,36.9,36.1,26.9,45.3,35.5,38.6,5.4,38.3,42.5,6.0,37.5,5.28,38.6,35.5,5.4,38.05,5.34,36.0,16.666666666666668,36.65,39.9,37.52152777777778,1.294081160714667,1.205429503049741,1.0800764538253103,1.2942429071913861,0.7989496040144172
14,3,Darius Bazley,PF,,2020-01-25,OKC,MIN,1.0,225.0,112.0,3100,12,8.5,16.8,28.8,20.0,6.45,PF,3100,0,13.0,7.0,105,108,1%,5,5,4,18,20,17,16.8,11.9,4.8,19.0,27.5,20.8,6.7,30.0,28.5,9.2,20.0,6.45,20.8,27.5,6.7,20.4,6.575,18.333333333333332,4.666666666666667,14.580000000000002,18.033333333333335,30.6,-0.20148712333469618,0.37307374262082,0.5474766693003638,-0.6314222159582614,1.960654982318116
14,4,Bruce Brown,PG,,2020-01-25,DET,BKN,2.0,227.5,112.8,3900,13,8.8,18.0,27.3,17.5,4.49,PG/SF,3900,0,17.0,12.0,105,106,0%,3,6,8,23,25,28,17.9,23.1,12.8,33.4,28.0,23.4,6.0,36.2,31.8,8.2,17.5,4.49,23.4,28.0,6.0,20.45,5.245,25.333333333333332,5.666666666666667,21.53,18.033333333333335,22.602631578947367,-0.19725038598611436,0.4250959776476276,-0.06790722202698796,-0.02501657001852186,0.7095876518372098
14,5,Ben Simmons,PG,,2020-01-25,PHI,LAL,4.5,217.5,106.5,9400,14,43.0,53.1,82.5,47.5,5.05,PG/SF,9400,2,22.0,20.0,103,103,-1%,11,13,12,40,40,37,53.4,44.4,33.0,55.8,39.0,51.1,5.4,41.2,59.5,6.3,47.5,5.05,51.1,39.0,5.4,49.3,5.225,39.0,12.0,47.17999999999999,59.53333333333333,49.3,2.247347064145564,1.5695851482373941,1.986409848560699,2.213012900248286,0.6907746092735868
14,6,Larry Nance Jr.,PF,,2020-01-25,CLE,CHI,-1.5,213.0,107.3,5300,29,11.8,26.5,44.0,25.8,4.86,PF/C,5300,1,14.0,16.0,102,105,9%,12,7,6,28,25,24,26.5,22.4,12.9,31.8,25.5,25.5,4.8,24.1,35.8,6.8,25.8,4.86,25.5,25.5,4.8,25.65,4.83,25.666666666666668,8.333333333333334,23.85,27.433333333333334,25.483441558441555,0.24337029826638917,0.1649848025135897,0.1537662037825561,0.17740948733114664,0.3192170186420399
14,7,Andrew Wiggins,SG,,2020-01-25,MIN,OKC,-1.0,225.0,113.0,7000,22,26.5,39.0,51.0,34.5,4.93,SG/SF,7000,0,28.0,17.0,101,106,-3%,19,17,20,34,34,35,39.3,38.1,28.3,48.0,34.0,36.4,5.2,33.8,29.8,4.3,34.5,4.93,36.4,34.0,5.2,35.45,5.0649999999999995,34.333333333333336,18.666666666666668,37.830000000000005,38.833333333333336,35.105825242718446,1.0737708185884156,1.0493627979693185,0.8941922544178141,1.3972009880847527,0.5402702687646055
15,0,Ben Simmons,PG,,2020-01-25,PHI,LAL,4.5,217.5,106.5,9400,14,43.0,53.1,82.5,47.5,5.05,PG/SF,9400,2,22.0,20.0,103,103,-1%,11,13,12,40,40,37,53.4,44.4,33.0,55.8,39.0,51.1,5.4,41.2,59.5,6.3,47.5,5.05,51.1,39.0,5.4,49.3,5.225,39.0,12.0,47.17999999999999,59.53333333333333,49.3,2.247347064145564,1.5695851482373941,1.986409848560699,2.213012900248286,0.6907746092735868
15,1,Denzel Valentine,SG,,2020-01-25,CHI,CLE,1.5,213.0,105.8,3000,21,0.0,4.2,7.3,4.5,1.5,SG/SF,3000,0,,,101,114,5%,2,2,5,7,5,11,4.2,11.1,2.2,19.9,0.0,0.0,0.0,10.9,10.5,3.5,4.5,1.5,0.0,0.0,0.0,2.25,0.75,7.666666666666667,3.0,7.9300000000000015,3.8333333333333335,0.0,-1.739422780869877,-2.4881491838535967,-1.8071412603983672,-1.2116520786200267,-3.5186436643369805
15,2,Andrew Wiggins,SG,,2020-01-25,MIN,OKC,-1.0,225.0,113.0,7000,22,26.5,39.0,51.0,34.5,4.93,SG/SF,7000,0,28.0,17.0,101,106,-3%,19,17,20,34,34,35,39.3,38.1,28.3,48.0,34.0,36.4,5.2,33.8,29.8,4.3,34.5,4.93,36.4,34.0,5.2,35.45,5.0649999999999995,34.333333333333336,18.666666666666668,37.830000000000005,38.833333333333336,35.105825242718446,1.0737708185884156,1.0493627979693185,0.8941922544178141,1.3972009880847527,0.5402702687646055
15,3,Darius Bazley,PF,,2020-01-25,OKC,MIN,1.0,225.0,112.0,3100,12,8.5,16.8,28.8,20.0,6.45,PF,3100,0,13.0,7.0,105,108,1%,5,5,4,18,20,17,16.8,11.9,4.8,19.0,27.5,20.8,6.7,30.0,28.5,9.2,20.0,6.45,20.8,27.5,6.7,20.4,6.575,18.333333333333332,4.666666666666667,14.580000000000002,18.033333333333335,30.6,-0.20148712333469618,0.37307374262082,0.5474766693003638,-0.6314222159582614,1.960654982318116
15,4,Kyrie Irving,PG,,2020-01-25,BKN,DET,-2.0,227.5,114.8,8700,2,32.0,41.0,63.3,46.5,5.34,PG,8700,1,33.0,25.0,101,109,2%,16,18,22,32,34,34,42.7,48.3,34.9,61.6,33.0,46.0,5.3,40.0,65.0,7.5,46.5,5.34,46.0,33.0,5.3,46.25,5.32,33.333333333333336,18.666666666666668,46.75,45.43333333333334,45.7875,1.9889060858820766,0.9453183279157032,1.7161289505846602,2.175494277549857,0.7801365614507949
15,5,Al Horford,PF,,2020-01-25,PHI,LAL,4.5,217.5,106.5,6500,13,18.3,32.6,39.5,35.0,5.38,PF/C,6500,2,19.0,16.0,103,103,-6%,13,13,12,31,32,31,32.6,30.9,22.2,39.7,32.5,35.2,5.4,34.9,27.0,4.2,35.0,5.38,35.2,32.5,5.4,35.1,5.390000000000001,31.333333333333332,12.666666666666666,32.1,30.133333333333336,36.40691489361702,1.0441136571483431,0.8932960928888958,0.9943088890632797,0.8972435274754419,0.8459822104234745
15,6,Mike Muscala,PF,,2020-01-25,OKC,MIN,1.0,225.0,112.0,3500,12,5.0,13.0,22.8,21.3,6.07,PF/C,3500,0,16.0,10.0,105,108,1%,7,5,4,19,19,13,12.9,10.2,2.2,18.2,23.5,19.9,5.7,24.9,25.0,7.1,21.3,6.07,19.9,23.5,5.7,20.6,5.885,17.0,5.333333333333333,12.819999999999999,13.6,28.476470588235298,-0.18454017394036887,-0.04310413759364059,0.38407469455579607,-0.7849868111890447,1.3116050138731343
15,7,Luke Kornet,PF,,2020-01-25,CHI,CLE,1.5,213.0,105.8,4300,16,7.5,18.8,26.3,19.5,4.53,PF/C,4300,0,16.0,12.0,101,114,1%,10,8,4,17,20,13,18.8,10.4,1.4,19.4,21.5,18.8,4.4,25.6,10.8,2.5,19.5,4.53,18.8,21.5,4.4,19.15,4.465,16.666666666666668,7.333333333333333,13.830000000000002,17.533333333333335,24.703499999999995,-0.30740555704924033,-0.2511930777008709,0.09375102804322051,-0.6968616741531973,-0.024121008144073683
16,0,Ben Simmons,PG,,2020-01-25,PHI,LAL,4.5,217.5,106.5,9400,14,43.0,53.1,82.5,47.5,5.05,PG/SF,9400,2,22.0,20.0,103,103,-1%,11,13,12,40,40,37,53.4,44.4,33.0,55.8,39.0,51.1,5.4,41.2,59.5,6.3,47.5,5.05,51.1,39.0,5.4,49.3,5.225,39.0,12.0,47.17999999999999,59.53333333333333,49.3,2.247347064145564,1.5695851482373941,1.986409848560699,2.213012900248286,0.6907746092735868
16,1,Andrew Wiggins,SG,,2020-01-25,MIN,OKC,-1.0,225.0,113.0,7000,22,26.5,39.0,51.0,34.5,4.93,SG/SF,7000,0,28.0,17.0,101,106,-3%,19,17,20,34,34,35,39.3,38.1,28.3,48.0,34.0,36.4,5.2,33.8,29.8,4.3,34.5,4.93,36.4,34.0,5.2,35.45,5.0649999999999995,34.333333333333336,18.666666666666668,37.830000000000005,38.833333333333336,35.105825242718446,1.0737708185884156,1.0493627979693185,0.8941922544178141,1.3972009880847527,0.5402702687646055
16,2,Josh Okogie,SG,,2020-01-25,MIN,OKC,-1.0,225.0,113.0,3700,22,14.0,23.9,35.5,18.3,4.93,SG/SF,3700,0,16.0,11.0,101,106,-7%,6,8,6,26,26,24,23.5,18.8,10.5,27.1,24.0,18.3,4.9,18.4,10.3,2.8,18.3,4.93,18.3,24.0,4.9,18.3,4.915,25.333333333333332,6.666666666666667,19.64,24.46666666666667,17.33684210526316,-0.37943009197513017,0.008918097433166981,-0.47310076152880753,-0.18992400466976045,0.3991724495374361
16,3,Jared Dudley,SF,,2020-01-25,LAL,PHI,-4.5,217.5,111.0,3400,3,-0.5,8.1,21.3,14.5,4.26,SF/PF,3400,1,,,101,103,-5%,3,2,1,11,12,9,8.1,5.0,-0.8,10.9,0.0,0.0,0.0,7.3,4.8,1.4,14.5,4.26,0.0,0.0,0.0,7.25,2.13,10.666666666666666,2.0,6.09,9.633333333333333,0.0,-1.3157490460117003,-2.4881491838535967,-1.8071412603983672,-1.3721968827249362,-2.220543727447018
16,4,Joe Harris,SG,,2020-01-25,BKN,DET,-2.0,227.5,114.8,4200,19,15.0,17.2,21.8,22.3,5.3,SG/SF,4200,1,17.0,12.0,101,109,1%,8,9,11,30,31,32,17.9,24.9,16.8,33.0,29.5,22.4,5.3,36.5,28.0,6.7,22.3,5.3,22.4,29.5,5.3,22.35,5.3,31.0,9.333333333333334,22.99,18.0,21.26854838709678,-0.036254366740007093,0.5811626827280503,-0.17056265350545552,0.10237224193428651,0.7613235188871719
16,5,Bruce Brown,PG,,2020-01-25,DET,BKN,2.0,227.5,112.8,3900,13,8.8,18.0,27.3,17.5,4.49,PG/SF,3900,0,17.0,12.0,105,106,0%,3,6,8,23,25,28,17.9,23.1,12.8,33.4,28.0,23.4,6.0,36.2,31.8,8.2,17.5,4.49,23.4,28.0,6.0,20.45,5.245,25.333333333333332,5.666666666666667,21.53,18.033333333333335,22.602631578947367,-0.19725038598611436,0.4250959776476276,-0.06790722202698796,-0.02501657001852186,0.7095876518372098
16,6,Al Horford,PF,,2020-01-25,PHI,LAL,4.5,217.5,106.5,6500,13,18.3,32.6,39.5,35.0,5.38,PF/C,6500,2,19.0,16.0,103,103,-6%,13,13,12,31,32,31,32.6,30.9,22.2,39.7,32.5,35.2,5.4,34.9,27.0,4.2,35.0,5.38,35.2,32.5,5.4,35.1,5.390000000000001,31.333333333333332,12.666666666666666,32.1,30.133333333333336,36.40691489361702,1.0441136571483431,0.8932960928888958,0.9943088890632797,0.8972435274754419,0.8459822104234745
16,7,Chris Paul,PG,,2020-01-25,OKC,MIN,1.0,225.0,112.0,7000,26,26.8,38.7,50.0,39.3,5.61,PG,7000,0,23.0,21.0,105,108,2%,13,14,13,29,30,32,38.7,36.7,27.5,45.9,31.5,38.0,5.4,31.7,49.0,7.0,39.3,5.61,38.0,31.5,5.4,38.65,5.505000000000001,30.333333333333332,13.333333333333334,37.49,38.5,40.13653846153846,1.3449220088976481,0.7892516228352806,1.281297076123893,1.3675351003697147,0.9541572051643049
17,0,Ben Simmons,PG,,2020-01-25,PHI,LAL,4.5,217.5,106.5,9400,14,43.0,53.1,82.5,47.5,5.05,PG/SF,9400,2,22.0,20.0,103,103,-1%,11,13,12,40,40,37,53.4,44.4,33.0,55.8,39.0,51.1,5.4,41.2,59.5,6.3,47.5,5.05,51.1,39.0,5.4,49.3,5.225,39.0,12.0,47.17999999999999,59.53333333333333,49.3,2.247347064145564,1.5695851482373941,1.986409848560699,2.213012900248286,0.6907746092735868
17,1,Joe Harris,SG,,2020-01-25,BKN,DET,-2.0,227.5,114.8,4200,19,15.0,17.2,21.8,22.3,5.3,SG/SF,4200,1,17.0,12.0,101,109,1%,8,9,11,30,31,32,17.9,24.9,16.8,33.0,29.5,22.4,5.3,36.5,28.0,6.7,22.3,5.3,22.4,29.5,5.3,22.35,5.3,31.0,9.333333333333334,22.99,18.0,21.26854838709678,-0.036254366740007093,0.5811626827280503,-0.17056265350545552,0.10237224193428651,0.7613235188871719
17,2,Andrew Wiggins,SG,,2020-01-25,MIN,OKC,-1.0,225.0,113.0,7000,22,26.5,39.0,51.0,34.5,4.93,SG/SF,7000,0,28.0,17.0,101,106,-3%,19,17,20,34,34,35,39.3,38.1,28.3,48.0,34.0,36.4,5.2,33.8,29.8,4.3,34.5,4.93,36.4,34.0,5.2,35.45,5.0649999999999995,34.333333333333336,18.666666666666668,37.830000000000005,38.833333333333336,35.105825242718446,1.0737708185884156,1.0493627979693185,0.8941922544178141,1.3972009880847527,0.5402702687646055
17,3,Darius Bazley,PF,,2020-01-25,OKC,MIN,1.0,225.0,112.0,3100,12,8.5,16.8,28.8,20.0,6.45,PF,3100,0,13.0,7.0,105,108,1%,5,5,4,18,20,17,16.8,11.9,4.8,19.0,27.5,20.8,6.7,30.0,28.5,9.2,20.0,6.45,20.8,27.5,6.7,20.4,6.575,18.333333333333332,4.666666666666667,14.580000000000002,18.033333333333335,30.6,-0.20148712333469618,0.37307374262082,0.5474766693003638,-0.6314222159582614,1.960654982318116
17,4,Josh Okogie,SG,,2020-01-25,MIN,OKC,-1.0,225.0,113.0,3700,22,14.0,23.9,35.5,18.3,4.93,SG/SF,3700,0,16.0,11.0,101,106,-7%,6,8,6,26,26,24,23.5,18.8,10.5,27.1,24.0,18.3,4.9,18.4,10.3,2.8,18.3,4.93,18.3,24.0,4.9,18.3,4.915,25.333333333333332,6.666666666666667,19.64,24.46666666666667,17.33684210526316,-0.37943009197513017,0.008918097433166981,-0.47310076152880753,-0.18992400466976045,0.3991724495374361
17,5,Mike Muscala,PF,,2020-01-25,OKC,MIN,1.0,225.0,112.0,3500,12,5.0,13.0,22.8,21.3,6.07,PF/C,3500,0,16.0,10.0,105,108,1%,7,5,4,19,19,13,12.9,10.2,2.2,18.2,23.5,19.9,5.7,24.9,25.0,7.1,21.3,6.07,19.9,23.5,5.7,20.6,5.885,17.0,5.333333333333333,12.819999999999999,13.6,28.476470588235298,-0.18454017394036887,-0.04310413759364059,0.38407469455579607,-0.7849868111890447,1.3116050138731343
17,6,Gorgui Dieng,C,,2020-01-25,MIN,OKC,-1.0,225.0,113.0,3800,20,9.5,17.5,24.3,15.3,4.01,C,3800,0,18.0,19.0,101,106,-1%,4,5,6,14,16,18,17.5,21.1,7.9,34.3,14.5,17.0,4.5,5.8,2.5,0.7,15.3,4.01,17.0,14.5,4.5,16.15,4.255,16.0,5.0,19.390000000000004,17.099999999999998,14.635937499999999,-0.5616097979641462,-0.9795043680761769,-0.6809307749261444,-0.21173715740140545,-0.22165795506211147
17,7,Tobias Harris,SF,,2020-01-25,PHI,LAL,4.5,217.5,106.5,7100,15,26.3,36.9,56.5,37.5,5.28,SF/PF,7100,2,23.0,17.0,103,103,-5%,18,16,16,37,36,35,36.9,36.1,26.9,45.3,35.5,38.6,5.4,38.3,42.5,6.0,37.5,5.28,38.6,35.5,5.4,38.05,5.34,36.0,16.666666666666668,36.65,39.9,37.52152777777778,1.294081160714667,1.205429503049741,1.0800764538253103,1.2942429071913861,0.7989496040144172
18,0,Shabazz Napier,PG,,2020-01-25,MIN,OKC,-1.0,225.0,113.0,5600,10,17.0,26.2,36.3,26.8,4.78,PG,5600,0,21.0,13.0,101,106,1%,5,6,8,28,28,23,26.4,22.3,11.8,32.8,27.5,27.3,4.9,32.0,50.0,8.9,26.8,4.78,27.3,27.5,4.9,27.05,4.84,26.333333333333332,6.333333333333333,24.07,26.5,28.24841772151899,0.3619989440266788,0.37307374262082,0.3665264145267303,0.1966050617349944,0.32862353992385096
18,1,Garrett Temple,SG,,2020-01-25,BKN,DET,-2.0,227.5,114.8,3800,19,8.8,17.5,23.3,10.8,2.83,SG,3800,1,17.0,10.0,101,109,-4%,6,8,10,19,23,29,17.5,21.4,12.6,30.2,24.0,17.4,4.6,22.2,10.8,2.8,10.8,2.83,17.4,24.0,4.6,14.1,3.715,23.666666666666668,8.0,19.159999999999997,16.533333333333335,14.298591549295775,-0.7353160292559985,0.008918097433166981,-0.7068889717901781,-0.23180525791451978,-0.729610104279923
18,2,Jared Dudley,SF,,2020-01-25,LAL,PHI,-4.5,217.5,111.0,3400,3,-0.5,8.1,21.3,14.5,4.26,SF/PF,3400,1,,,101,103,-5%,3,2,1,11,12,9,8.1,5.0,-0.8,10.9,0.0,0.0,0.0,7.3,4.8,1.4,14.5,4.26,0.0,0.0,0.0,7.25,2.13,10.666666666666666,2.0,6.09,9.633333333333333,0.0,-1.3157490460117003,-2.4881491838535967,-1.8071412603983672,-1.3721968827249362,-2.220543727447018
18,3,Sekou Doumbouya,SF,,2020-01-25,DET,BKN,2.0,227.5,112.8,4400,28,9.5,15.7,31.0,19.8,4.49,SF/PF,4400,0,17.0,10.0,105,106,-3%,4,7,6,22,25,19,15.7,14.0,1.9,26.0,25.0,18.8,4.3,17.4,2.0,0.5,19.8,4.49,18.8,25.0,4.3,19.3,4.395,22.0,5.666666666666667,15.38,18.733333333333334,21.931818181818183,-0.2946953450034948,0.11296256748678213,-0.11952517145059878,-0.5616201272169965,-0.08996665711675322
18,4,Ben Simmons,PG,,2020-01-25,PHI,LAL,4.5,217.5,106.5,9400,14,43.0,53.1,82.5,47.5,5.05,PG/SF,9400,2,22.0,20.0,103,103,-1%,11,13,12,40,40,37,53.4,44.4,33.0,55.8,39.0,51.1,5.4,41.2,59.5,6.3,47.5,5.05,51.1,39.0,5.4,49.3,5.225,39.0,12.0,47.17999999999999,59.53333333333333,49.3,2.247347064145564,1.5695851482373941,1.986409848560699,2.213012900248286,0.6907746092735868
18,5,Andrew Wiggins,SG,,2020-01-25,MIN,OKC,-1.0,225.0,113.0,7000,22,26.5,39.0,51.0,34.5,4.93,SG/SF,7000,0,28.0,17.0,101,106,-3%,19,17,20,34,34,35,39.3,38.1,28.3,48.0,34.0,36.4,5.2,33.8,29.8,4.3,34.5,4.93,36.4,34.0,5.2,35.45,5.0649999999999995,34.333333333333336,18.666666666666668,37.830000000000005,38.833333333333336,35.105825242718446,1.0737708185884156,1.0493627979693185,0.8941922544178141,1.3972009880847527,0.5402702687646055
18,6,Al Horford,PF,,2020-01-25,PHI,LAL,4.5,217.5,106.5,6500,13,18.3,32.6,39.5,35.0,5.38,PF/C,6500,2,19.0,16.0,103,103,-6%,13,13,12,31,32,31,32.6,30.9,22.2,39.7,32.5,35.2,5.4,34.9,27.0,4.2,35.0,5.38,35.2,32.5,5.4,35.1,5.390000000000001,31.333333333333332,12.666666666666666,32.1,30.133333333333336,36.40691489361702,1.0441136571483431,0.8932960928888958,0.9943088890632797,0.8972435274754419,0.8459822104234745
18,7,Cedi Osman,SF,,2020-01-25,CLE,CHI,-1.5,213.0,107.3,4600,13,8.5,22.0,28.3,22.5,4.89,SF/PF,4600,1,17.0,11.0,102,105,2%,12,10,9,31,27,29,22.0,20.9,12.9,29.0,29.5,23.3,5.1,30.3,33.3,7.2,22.5,4.89,23.3,29.5,5.1,22.9,4.994999999999999,29.0,10.333333333333334,21.540000000000003,19.599999999999998,23.294827586206893,0.010349744094392087,0.5811626827280503,-0.014643917139433993,-0.02414404390925591,0.4744246197919259
19,0,Jordan McLaughlin,PG,,2020-01-25,MIN,OKC,-1.0,225.0,113.0,3000,10,10.5,14.4,20.0,12.8,4.25,PG,3000,0,,,101,106,1%,5,5,5,20,18,17,14.4,13.5,5.1,21.8,13.5,10.4,3.5,20.0,9.8,3.3,12.8,4.25,10.4,13.5,3.5,11.600000000000001,3.875,18.333333333333332,5.0,13.280000000000001,14.966666666666667,8.541818181818183,-0.9471528966850866,-1.083548838129792,-1.149862886439684,-0.7448506101628171,-0.5791057637709417
19,1,Joe Harris,SG,,2020-01-25,BKN,DET,-2.0,227.5,114.8,4200,19,15.0,17.2,21.8,22.3,5.3,SG/SF,4200,1,17.0,12.0,101,109,1%,8,9,11,30,31,32,17.9,24.9,16.8,33.0,29.5,22.4,5.3,36.5,28.0,6.7,22.3,5.3,22.4,29.5,5.3,22.35,5.3,31.0,9.333333333333334,22.99,18.0,21.26854838709678,-0.036254366740007093,0.5811626827280503,-0.17056265350545552,0.10237224193428651,0.7613235188871719
19,2,Tobias Harris,SF,,2020-01-25,PHI,LAL,4.5,217.5,106.5,7100,15,26.3,36.9,56.5,37.5,5.28,SF/PF,7100,2,23.0,17.0,103,103,-5%,18,16,16,37,36,35,36.9,36.1,26.9,45.3,35.5,38.6,5.4,38.3,42.5,6.0,37.5,5.28,38.6,35.5,5.4,38.05,5.34,36.0,16.666666666666668,36.65,39.9,37.52152777777778,1.294081160714667,1.205429503049741,1.0800764538253103,1.2942429071913861,0.7989496040144172
19,3,Markieff Morris,PF,,2020-01-25,DET,BKN,2.0,227.5,112.8,5500,25,13.5,25.1,35.5,20.3,3.68,PF/C,5500,0,22.0,13.0,105,106,-3%,13,12,9,28,23,23,25.1,20.3,11.6,28.9,23.5,22.0,4.0,26.8,16.0,2.9,20.3,3.68,22.0,23.5,4.0,21.15,3.84,24.666666666666668,11.333333333333334,21.410000000000004,24.7,20.14966216216216,-0.1379360631059697,-0.04310413759364059,-0.2566590445683308,-0.03548688332971139,-0.6120285882572815
19,4,Caris LeVert,PG,,2020-01-25,BKN,DET,-2.0,227.5,114.8,4800,2,13.8,23.1,32.0,25.5,5.31,PG/SF,4800,1,28.0,11.0,101,109,-4%,15,13,14,26,25,27,23.1,26.1,17.9,34.4,26.0,26.0,5.4,22.9,15.5,3.2,25.5,5.31,26.0,26.0,5.4,25.75,5.355,26.0,14.0,25.45,22.96666666666667,25.75,0.2518437729635528,0.21700703754039727,0.1742774222729504,0.31701366481367643,0.8130593859371347
19,5,Christian Wood,PF,,2020-01-25,DET,BKN,2.0,227.5,112.8,4700,25,5.3,21.8,32.5,22.8,4.84,PF/C,4700,0,21.0,23.0,105,106,-3%,8,6,6,27,18,17,21.8,20.1,7.8,32.4,15.0,17.9,3.8,21.3,17.5,3.7,22.8,4.84,17.9,15.0,3.8,20.35,4.32,20.666666666666668,6.666666666666667,20.490000000000002,19.866666666666667,14.770161290322582,-0.2057238606832777,-0.9274821330493693,-0.6706024826619067,-0.11575928538216627,-0.16051556673033748
19,6,Tristan Thompson,C,,2020-01-25,CLE,CHI,-1.5,213.0,107.3,5900,22,10.0,22.9,47.0,27.5,4.66,C,5900,1,18.0,17.0,102,105,11%,9,8,10,36,31,32,27.9,32.2,20.9,43.6,30.0,30.3,5.1,27.6,23.3,3.9,27.5,4.66,30.3,30.0,5.1,28.9,4.88,33.0,9.0,30.7,26.633333333333336,26.272727272727273,0.518758225924204,0.6331849177548579,0.21450039641367447,0.7750898721782279,0.3662496250510963
19,7,Furkan Korkmaz,SG,,2020-01-25,PHI,LAL,4.5,217.5,106.5,4500,13,18.0,23.0,33.5,21.8,4.83,SG,4500,2,17.0,11.0,103,103,1%,12,12,8,26,24,21,23.0,15.4,7.6,23.3,27.0,22.0,4.9,23.0,10.5,2.3,21.8,4.83,22.0,27.0,4.9,21.9,4.865,23.666666666666668,10.666666666666666,18.24,24.833333333333332,24.98450704225352,-0.07438500287724321,0.3210515075940124,0.1153740417707289,-0.31207765996697434,0.35213984312837965
20,0,Bruce Brown,PG,,2020-01-25,DET,BKN,2.0,227.5,112.8,3900,13,8.8,18.0,27.3,17.5,4.49,PG/SF,3900,0,17.0,12.0,105,106,0%,3,6,8,23,25,28,17.9,23.1,12.8,33.4,28.0,23.4,6.0,36.2,31.8,8.2,17.5,4.49,23.4,28.0,6.0,20.45,5.245,25.333333333333332,5.666666666666667,21.53,18.033333333333335,22.602631578947367,-0.19725038598611436,0.4250959776476276,-0.06790722202698796,-0.02501657001852186,0.7095876518372098
20,1,Hamidou Diallo,SG,,2020-01-25,OKC,MIN,1.0,225.0,112.0,3100,9,5.8,14.3,25.3,16.3,5.24,SG/SF,3100,0,18.0,9.0,105,108,2%,5,6,7,23,23,20,14.3,14.5,7.4,21.6,22.5,16.7,5.4,22.2,25.5,8.2,16.3,5.24,16.7,22.5,5.4,16.5,5.32,22.0,6.0,14.860000000000003,15.133333333333335,16.875,-0.5319526365240738,-0.14714860764725574,-0.5086387256380377,-0.6069914848988186,0.7801365614507949
20,2,Deonte Burton,SG,,2020-01-25,OKC,MIN,1.0,225.0,112.0,3000,9,2.0,6.2,14.3,9.5,3.17,SG/SF,3000,0,,,105,108,2%,2,3,3,6,8,8,6.2,5.3,0.0,10.5,13.5,9.9,3.3,12.4,10.8,3.6,9.5,3.17,9.9,13.5,3.3,9.7,3.235,7.333333333333333,2.6666666666666665,6.34,7.5,17.85681818181818,-1.108148915931194,-1.083548838129792,-0.43308948725198226,-1.350383729993291,-1.1811231258068666
20,3,Mike Scott,PF,,2020-01-25,PHI,LAL,4.5,217.5,106.5,3100,13,2.8,10.4,18.5,13.8,4.44,PF,3100,2,13.0,10.0,103,103,-6%,6,4,5,15,15,18,12.2,12.2,5.8,18.7,15.0,11.5,3.7,9.7,6.5,2.1,13.8,4.44,11.5,15.0,3.7,12.65,4.07,16.0,5.0,12.309999999999999,10.566666666666666,11.859375,-0.8581814123648697,-0.9274821330493693,-0.8945825345806911,-0.8294856427616011,-0.3956785987756206
20,4,Zach LaVine,SG,,2020-01-25,CHI,CLE,1.5,213.0,105.8,9200,21,33.0,41.7,68.5,46.3,5.03,SG,9200,0,31.0,20.0,101,114,6%,20,22,20,33,36,34,41.6,40.1,28.4,51.8,36.0,46.4,5.0,39.4,72.5,7.9,46.3,5.03,46.4,36.0,5.0,46.349999999999994,5.015000000000001,34.333333333333336,20.666666666666668,41.65,47.73333333333333,48.59999999999999,1.9973795605792397,1.2574517380765486,1.9325460397113807,1.7305059618242924,0.49323766235554983
20,5,Taurean Prince,PF,,2020-01-25,BKN,DET,-2.0,227.5,114.8,5100,14,13.3,25.4,33.8,24.5,4.8,PF,5100,1,20.0,10.0,101,109,1%,11,11,12,30,29,31,25.4,27.3,18.1,36.4,29.5,26.9,5.3,22.0,15.0,2.9,24.5,4.8,26.9,29.5,5.3,25.7,5.05,30.0,11.333333333333334,26.579999999999995,24.166666666666668,25.27166666666667,0.24760703561497102,0.5811626827280503,0.13747048622591698,0.4156091151607128,0.5261604868418888
20,6,Gorgui Dieng,C,,2020-01-25,MIN,OKC,-1.0,225.0,113.0,3800,20,9.5,17.5,24.3,15.3,4.01,C,3800,0,18.0,19.0,101,106,-1%,4,5,6,14,16,18,17.5,21.1,7.9,34.3,14.5,17.0,4.5,5.8,2.5,0.7,15.3,4.01,17.0,14.5,4.5,16.15,4.255,16.0,5.0,19.390000000000004,17.099999999999998,14.635937499999999,-0.5616097979641462,-0.9795043680761769,-0.6809307749261444,-0.21173715740140545,-0.22165795506211147
20,7,Derrick Rose,PG,,2020-01-25,DET,BKN,2.0,227.5,112.8,7500,13,32.5,39.4,47.0,39.0,5.2,PG/SG,7500,0,32.0,22.0,105,106,10%,19,18,16,32,31,27,39.4,32.7,24.6,40.8,31.5,41.3,5.5,37.0,45.5,6.1,39.0,5.2,41.3,31.5,5.5,40.15,5.35,30.0,17.666666666666668,35.53,39.63333333333333,42.1575,1.472024129355101,0.7892516228352806,1.4368066275517715,1.1965199829536155,0.8083561252962284
21,0,Kyrie Irving,PG,,2020-01-25,BKN,DET,-2.0,227.5,114.8,8700,2,32.0,41.0,63.3,46.5,5.34,PG,8700,1,33.0,25.0,101,109,2%,16,18,22,32,34,34,42.7,48.3,34.9,61.6,33.0,46.0,5.3,40.0,65.0,7.5,46.5,5.34,46.0,33.0,5.3,46.25,5.32,33.333333333333336,18.666666666666668,46.75,45.43333333333334,45.7875,1.9889060858820766,0.9453183279157032,1.7161289505846602,2.175494277549857,0.7801365614507949
21,1,Dennis Schroder,PG,,2020-01-25,OKC,MIN,1.0,225.0,112.0,6900,26,25.3,37.5,49.3,32.5,4.71,PG/SG,6900,0,27.0,16.0,105,108,2%,17,15,15,32,33,31,37.5,30.8,21.2,40.5,32.0,32.6,4.7,31.4,37.0,5.4,32.5,4.71,32.6,32.0,4.7,32.55,4.705,32.0,15.666666666666666,32.510000000000005,37.36666666666667,32.55,0.8280400523706727,0.8412738578620882,0.6975258510948903,0.9330170979553405,0.2016355026193983
21,2,Tobias Harris,SF,,2020-01-25,PHI,LAL,4.5,217.5,106.5,7100,15,26.3,36.9,56.5,37.5,5.28,SF/PF,7100,2,23.0,17.0,103,103,-5%,18,16,16,37,36,35,36.9,36.1,26.9,45.3,35.5,38.6,5.4,38.3,42.5,6.0,37.5,5.28,38.6,35.5,5.4,38.05,5.34,36.0,16.666666666666668,36.65,39.9,37.52152777777778,1.294081160714667,1.205429503049741,1.0800764538253103,1.2942429071913861,0.7989496040144172
21,3,Jared Dudley,SF,,2020-01-25,LAL,PHI,-4.5,217.5,111.0,3400,3,-0.5,8.1,21.3,14.5,4.26,SF/PF,3400,1,,,101,103,-5%,3,2,1,11,12,9,8.1,5.0,-0.8,10.9,0.0,0.0,0.0,7.3,4.8,1.4,14.5,4.26,0.0,0.0,0.0,7.25,2.13,10.666666666666666,2.0,6.09,9.633333333333333,0.0,-1.3157490460117003,-2.4881491838535967,-1.8071412603983672,-1.3721968827249362,-2.220543727447018
21,4,Matthew Dellavedova,PG,,2020-01-25,CLE,CHI,-1.5,213.0,107.3,3000,1,3.8,7.0,17.5,8.3,2.75,PG/SG,3000,1,16.0,8.0,102,105,-14%,2,3,3,9,10,13,7.0,8.7,3.6,13.9,0.0,0.0,0.0,5.2,3.5,1.2,8.3,2.75,0.0,0.0,0.0,4.15,1.375,10.666666666666666,2.6666666666666665,7.470000000000001,9.433333333333334,0.0,-1.5784267616237697,-2.4881491838535967,-1.8071412603983672,-1.251788279646254,-2.930736084223773
21,5,Keita Bates-Diop,SF,,2020-01-25,MIN,OKC,-1.0,225.0,113.0,3000,18,0.8,13.2,29.5,9.5,3.17,SF/PF,3000,0,16.0,12.0,101,106,-3%,5,5,6,16,16,19,13.2,14.9,5.6,24.2,14.5,11.3,3.8,19.5,16.5,5.5,9.5,3.17,11.3,14.5,3.8,10.4,3.485,17.0,5.333333333333333,13.66,14.5,8.870588235294118,-1.0488345930510492,-0.9795043680761769,-1.1245645902742445,-0.7116946180107163,-0.9459600937615834
21,6,Tristan Thompson,C,,2020-01-25,CLE,CHI,-1.5,213.0,107.3,5900,22,10.0,22.9,47.0,27.5,4.66,C,5900,1,18.0,17.0,102,105,11%,9,8,10,36,31,32,27.9,32.2,20.9,43.6,30.0,30.3,5.1,27.6,23.3,3.9,27.5,4.66,30.3,30.0,5.1,28.9,4.88,33.0,9.0,30.7,26.633333333333336,26.272727272727273,0.518758225924204,0.6331849177548579,0.21450039641367447,0.7750898721782279,0.3662496250510963
21,7,Matisse Thybulle,SG,,2020-01-25,PHI,LAL,4.5,217.5,106.5,4600,13,15.3,20.9,25.0,21.8,4.73,SG/SF,4600,2,13.0,10.0,103,103,-1%,10,7,4,30,31,20,20.9,13.9,5.1,22.7,31.5,23.1,5.0,35.6,20.8,4.5,21.8,4.73,23.1,31.5,5.0,22.450000000000003,4.865,27.0,7.0,17.01,20.400000000000002,26.19166666666667,-0.02778089204284344,0.7892516228352806,0.20826292071359137,-0.419398371406669,0.35213984312837965
22,0,Darius Garland,PG,,2020-01-25,CLE,CHI,-1.5,213.0,107.3,5000,1,20.8,24.3,32.0,26.3,5.25,PG,5000,1,22.0,9.0,102,105,-14%,19,16,12,37,34,30,24.0,21.3,13.5,29.2,35.5,25.8,5.2,34.9,14.5,2.9,26.3,5.25,25.8,35.5,5.2,26.05,5.225,33.666666666666664,15.666666666666666,22.81,25.7,27.468564356435643,0.27726419705504346,1.205429503049741,0.3065180251162355,0.08666677196750192,0.6907746092735868
22,1,Dante Exum,PG,,2020-01-25,CLE,CHI,-1.5,213.0,107.3,3400,1,5.0,7.5,9.0,14.3,4.19,PG/SG,3400,1,16.0,10.0,102,105,-14%,3,3,3,20,18,13,7.5,8.5,0.9,16.1,16.5,12.0,3.5,22.2,14.8,4.4,14.3,4.19,12.0,16.5,3.5,13.15,3.845,17.0,3.0,9.23,7.166666666666667,12.763235294117647,-0.815814038879052,-0.7714154279689466,-0.8250320229966329,-1.0982236844154711,-0.6073253276163755
22,2,Kris Dunn,PG,,2020-01-25,CHI,CLE,1.5,213.0,105.8,5800,8,6.0,24.8,32.0,26.3,4.53,PG/SF,5800,0,16.0,12.0,101,114,6%,5,6,7,29,28,26,25.1,21.6,13.0,30.3,31.5,26.5,4.6,32.7,28.3,4.9,26.3,4.53,26.5,31.5,4.6,26.4,4.5649999999999995,27.666666666666668,6.0,23.28,20.933333333333334,30.0578313253012,0.30692135849511565,0.7892516228352806,0.5057577123602724,0.1276754991029953,0.06994420467403922
22,3,Alfonzo McKinnie,SF,,2020-01-25,CLE,CHI,-1.5,213.0,107.3,3000,13,9.8,16.6,31.5,14.5,4.83,SF/PF,3000,1,14.0,8.0,102,105,2%,6,6,4,19,22,13,16.6,8.8,0.9,16.7,17.5,12.5,4.2,17.7,12.0,4.0,14.5,4.83,12.5,17.5,4.2,13.5,4.515000000000001,18.0,5.333333333333333,11.3,19.3,13.125,-0.7861568774389797,-0.6673709579153315,-0.7971948444736665,-0.917610779797448,0.02291159826498361
22,4,Dennis Schroder,PG,,2020-01-25,OKC,MIN,1.0,225.0,112.0,6900,26,25.3,37.5,49.3,32.5,4.71,PG/SG,6900,0,27.0,16.0,105,108,2%,17,15,15,32,33,31,37.5,30.8,21.2,40.5,32.0,32.6,4.7,31.4,37.0,5.4,32.5,4.71,32.6,32.0,4.7,32.55,4.705,32.0,15.666666666666666,32.510000000000005,37.36666666666667,32.55,0.8280400523706727,0.8412738578620882,0.6975258510948903,0.9330170979553405,0.2016355026193983
22,5,Bruce Brown,PG,,2020-01-25,DET,BKN,2.0,227.5,112.8,3900,13,8.8,18.0,27.3,17.5,4.49,PG/SF,3900,0,17.0,12.0,105,106,0%,3,6,8,23,25,28,17.9,23.1,12.8,33.4,28.0,23.4,6.0,36.2,31.8,8.2,17.5,4.49,23.4,28.0,6.0,20.45,5.245,25.333333333333332,5.666666666666667,21.53,18.033333333333335,22.602631578947367,-0.19725038598611436,0.4250959776476276,-0.06790722202698796,-0.02501657001852186,0.7095876518372098
22,6,Markieff Morris,PF,,2020-01-25,DET,BKN,2.0,227.5,112.8,5500,25,13.5,25.1,35.5,20.3,3.68,PF/C,5500,0,22.0,13.0,105,106,-3%,13,12,9,28,23,23,25.1,20.3,11.6,28.9,23.5,22.0,4.0,26.8,16.0,2.9,20.3,3.68,22.0,23.5,4.0,21.15,3.84,24.666666666666668,11.333333333333334,21.410000000000004,24.7,20.14966216216216,-0.1379360631059697,-0.04310413759364059,-0.2566590445683308,-0.03548688332971139,-0.6120285882572815
22,7,Matthew Dellavedova,PG,,2020-01-25,CLE,CHI,-1.5,213.0,107.3,3000,1,3.8,7.0,17.5,8.3,2.75,PG/SG,3000,1,16.0,8.0,102,105,-14%,2,3,3,9,10,13,7.0,8.7,3.6,13.9,0.0,0.0,0.0,5.2,3.5,1.2,8.3,2.75,0.0,0.0,0.0,4.15,1.375,10.666666666666666,2.6666666666666665,7.470000000000001,9.433333333333334,0.0,-1.5784267616237697,-2.4881491838535967,-1.8071412603983672,-1.251788279646254,-2.930736084223773
23,0,Matthew Dellavedova,PG,,2020-01-25,CLE,CHI,-1.5,213.0,107.3,3000,1,3.8,7.0,17.5,8.3,2.75,PG/SG,3000,1,16.0,8.0,102,105,-14%,2,3,3,9,10,13,7.0,8.7,3.6,13.9,0.0,0.0,0.0,5.2,3.5,1.2,8.3,2.75,0.0,0.0,0.0,4.15,1.375,10.666666666666666,2.6666666666666665,7.470000000000001,9.433333333333334,0.0,-1.5784267616237697,-2.4881491838535967,-1.8071412603983672,-1.251788279646254,-2.930736084223773
23,1,Zach LaVine,SG,,2020-01-25,CHI,CLE,1.5,213.0,105.8,9200,21,33.0,41.7,68.5,46.3,5.03,SG,9200,0,31.0,20.0,101,114,6%,20,22,20,33,36,34,41.6,40.1,28.4,51.8,36.0,46.4,5.0,39.4,72.5,7.9,46.3,5.03,46.4,36.0,5.0,46.349999999999994,5.015000000000001,34.333333333333336,20.666666666666668,41.65,47.73333333333333,48.59999999999999,1.9973795605792397,1.2574517380765486,1.9325460397113807,1.7305059618242924,0.49323766235554983
23,2,Robert Covington,SF,,2020-01-25,MIN,OKC,-1.0,225.0,113.0,5700,18,20.3,26.5,39.0,27.3,4.78,SF/PF,5700,0,17.0,14.0,101,106,-3%,11,13,11,30,32,30,26.5,28.0,19.6,36.5,30.5,28.5,5.0,35.9,24.8,4.4,27.3,4.78,28.5,30.5,5.0,27.9,4.890000000000001,30.666666666666668,11.666666666666666,27.7,28.599999999999998,27.748369565217388,0.43402347895256865,0.6852071527816654,0.32804855980318304,0.5133320393984843,0.3756561463329083
23,3,Christian Wood,PF,,2020-01-25,DET,BKN,2.0,227.5,112.8,4700,25,5.3,21.8,32.5,22.8,4.84,PF/C,4700,0,21.0,23.0,105,106,-3%,8,6,6,27,18,17,21.8,20.1,7.8,32.4,15.0,17.9,3.8,21.3,17.5,3.7,22.8,4.84,17.9,15.0,3.8,20.35,4.32,20.666666666666668,6.666666666666667,20.490000000000002,19.866666666666667,14.770161290322582,-0.2057238606832777,-0.9274821330493693,-0.6706024826619067,-0.11575928538216627,-0.16051556673033748
23,4,Garrett Temple,SG,,2020-01-25,BKN,DET,-2.0,227.5,114.8,3800,19,8.8,17.5,23.3,10.8,2.83,SG,3800,1,17.0,10.0,101,109,-4%,6,8,10,19,23,29,17.5,21.4,12.6,30.2,24.0,17.4,4.6,22.2,10.8,2.8,10.8,2.83,17.4,24.0,4.6,14.1,3.715,23.666666666666668,8.0,19.159999999999997,16.533333333333335,14.298591549295775,-0.7353160292559985,0.008918097433166981,-0.7068889717901781,-0.23180525791451978,-0.729610104279923
23,5,Allen Crabbe,SG,,2020-01-25,MIN,OKC,-1.0,225.0,113.0,3000,22,6.0,8.8,10.5,13.0,4.33,SG/SF,3000,0,13.0,7.0,101,106,-7%,7,5,5,21,18,19,8.8,11.2,4.9,17.4,20.5,13.0,4.3,4.0,0.8,0.3,13.0,4.33,13.0,20.5,4.3,13.0,4.3149999999999995,19.333333333333332,5.666666666666667,11.059999999999999,8.433333333333334,13.78448275862069,-0.8285242509247973,-0.355237547754486,-0.746448768402573,-0.9385514064198276,-0.16521882737124388
23,6,John Henson,C,,2020-01-25,CLE,CHI,-1.5,213.0,107.3,3000,22,7.8,18.1,29.8,13.3,4.42,C,3000,1,18.0,18.0,102,105,9%,5,6,4,13,15,14,18.1,15.4,7.8,23.0,10.0,12.1,4.0,11.7,11.5,3.8,13.3,4.42,12.1,10.0,4.0,12.7,4.21,14.0,5.0,15.4,18.566666666666666,9.071428571428571,-0.853944675016288,-1.447704483317445,-1.1091102681674176,-0.5598750749984649,-0.26398730083026234
23,7,Keita Bates-Diop,SF,,2020-01-25,MIN,OKC,-1.0,225.0,113.0,3000,18,0.8,13.2,29.5,9.5,3.17,SF/PF,3000,0,16.0,12.0,101,106,-3%,5,5,6,16,16,19,13.2,14.9,5.6,24.2,14.5,11.3,3.8,19.5,16.5,5.5,9.5,3.17,11.3,14.5,3.8,10.4,3.485,17.0,5.333333333333333,13.66,14.5,8.870588235294118,-1.0488345930510492,-0.9795043680761769,-1.1245645902742445,-0.7116946180107163,-0.9459600937615834
