Lineup Num,,Player Name,position,injury_status,game_date,team,opp,spread,over_under,implied_team_score,salary,L5_dvp_rank,L5_ppg_floor,L5_ppg_avg,L5_ppg_max,ppg_projection,value_projection,Pos,Salary,Rest,USG,PER,Opp Pace,Opp DEff,Opp DvP,L2 FGA,L5 FGA,S FGA,L2 Min,L5 Min,S Min,L5 FP,S FP,Floor FP,Ceil FP,Proj Min,Proj FP,Proj Val,Actual Min,Actual FP,Actual Val,FantasyFuelPPGProj,FantasyFuelValueProj,DFN_PPGProj,DFN_MinProj,DFN_ValueProj,Avg Proj,Avg Value Proj,Avg Skewed Min,Avg Skewed FGA,Avg Skewed FP,Avg L5 PPG,Proj Min Enhanced,Avg Proj Stan,DFN_MinProj Stan,Proj Min Enhanced Stan,Avg Skewed FP Stan,Avg Value Proj Stan
0,0,Jrue Holiday,PG,,2020-01-03,NO,LAL,9.5,226.0,108.3,7400,22,39.0,41.7,47.5,39.3,5.3,PG/SG,7400,4,27.0,17.0,103,102,-3%,17,19,18,32,34,36,41.6,41.1,32.1,50.2,35.5,39.3,5.3,35.6,27.3,3.7,39.3,5.3,39.3,35.5,5.3,39.3,5.3,34.0,18.0,40.86,42.73333333333333,41.03382352941176,1.2323511393842939,1.133471307434736,1.2657204111474845,1.4031578710037618,0.6106294286428735
0,1,Troy Brown,SG,,2020-01-03,WAS,POR,6.5,235.5,114.5,5400,8,13.0,28.7,52.8,29.8,5.51,SG/SF,5400,1,17.0,14.0,104,109,8%,10,13,8,28,31,25,28.7,22.2,12.7,31.6,31.0,30.3,5.6,31.0,21.3,3.9,29.8,5.51,30.3,31.0,5.6,30.05,5.555,28.0,10.333333333333334,25.05,31.5,33.269642857142856,0.5261509510948947,0.7014187149537309,0.7161037863587956,0.11568191765779845,0.7963881215051815
0,2,Gordon Hayward,SF,,2020-01-03,BOS,ATL,-10.5,223.5,117.0,7000,7,26.8,34.8,44.5,39.3,5.61,SF/PF,7000,2,22.0,21.0,106,111,22%,14,12,13,35,32,32,34.8,34.8,22.9,46.7,33.5,39.4,5.6,37.0,30.0,4.3,39.3,5.61,39.4,33.5,5.6,39.349999999999994,5.605,33.0,13.0,35.709999999999994,35.36666666666667,39.94621212121211,1.2361684376993716,0.9414479329987337,1.1887297618454404,0.9837713333863223,0.8328113946154384
0,3,Julius Randle,PF,,2020-01-03,NY,PHO,7.0,223.5,108.3,7700,12,33.5,48.2,61.0,42.8,5.55,PF/C,7700,1,27.0,18.0,105,109,-1%,18,20,15,34,34,32,48.2,37.0,27.3,46.6,34.0,39.8,5.2,34.6,39.8,5.2,42.8,5.55,39.8,34.0,5.2,41.3,5.375,33.333333333333336,17.666666666666668,40.080000000000005,47.56666666666666,42.126,1.3850430719874074,0.9894537766077344,1.3430342154980615,1.3396391332675288,0.6652643383082584
0,4,Marcus Smart,PG,,2020-01-03,BOS,ATL,-10.5,223.5,117.0,5100,9,2.8,17.1,25.8,30.5,5.98,PG/SG,5100,2,18.0,13.0,106,111,-1%,11,9,11,27,30,32,21.1,27.5,20.0,34.9,34.0,30.2,5.9,35.5,46.5,9.1,30.5,5.98,30.2,34.0,5.9,30.35,5.94,29.666666666666668,10.333333333333334,26.77,15.233333333333334,34.78314606741573,0.5490547409853619,0.9894537766077344,0.8232427828801031,0.2557488777941081,1.0768473244541568
0,5,P.J. Tucker,SF,,2020-01-03,HOU,PHI,-4.0,226.5,115.3,3900,20,11.3,18.9,30.0,21.0,5.38,SF/PF,3900,2,9.0,10.0,102,103,1%,4,5,7,34,37,36,18.9,24.4,15.1,33.7,35.0,20.9,5.4,36.9,8.3,2.1,21.0,5.38,20.9,35.0,5.4,20.95,5.390000000000001,35.666666666666664,5.333333333333333,22.61,20.066666666666666,20.558411214953274,-0.1685973422492712,1.0854654638257355,-0.1837083801767151,-0.08301772346580384,0.6761913202413358
0,6,Bam Adebayo,C,,2020-01-03,MIA,ORL,-1.0,208.5,104.8,7600,12,21.8,39.8,55.8,40.5,5.33,C,7600,0,20.0,20.0,100,105,-7%,10,11,10,36,37,34,39.6,40.6,29.0,52.2,36.0,40.4,5.3,34.8,34.5,4.5,40.5,5.33,40.4,36.0,5.3,40.45,5.3149999999999995,35.666666666666664,10.333333333333334,40.370000000000005,39.13333333333333,40.82803738317757,1.3201490006310845,1.1814771510437367,1.251153067612387,1.3632550742207437,0.6215564105759502
0,7,Jordan McRae,PG,,2020-01-03,WAS,POR,6.5,235.5,114.5,5800,21,21.8,31.9,55.0,34.5,5.95,PG/SG,5800,1,22.0,18.0,104,109,-4%,13,12,9,33,27,21,31.9,23.0,11.2,34.9,32.0,35.6,6.1,33.1,50.3,8.7,34.5,5.95,35.6,32.0,6.1,35.05,6.025,27.0,11.333333333333334,27.21,36.233333333333334,41.54074074074074,0.907880782602678,0.797430402171732,1.3016044455998292,0.29157996061967584,1.1387668887415927
1,0,Jordan McRae,PG,,2020-01-03,WAS,POR,6.5,235.5,114.5,5800,21,21.8,31.9,55.0,34.5,5.95,PG/SG,5800,1,22.0,18.0,104,109,-4%,13,12,9,33,27,21,31.9,23.0,11.2,34.9,32.0,35.6,6.1,33.1,50.3,8.7,34.5,5.95,35.6,32.0,6.1,35.05,6.025,27.0,11.333333333333334,27.21,36.233333333333334,41.54074074074074,0.907880782602678,0.797430402171732,1.3016044455998292,0.29157996061967584,1.1387668887415927
1,1,Marcus Smart,PG,,2020-01-03,BOS,ATL,-10.5,223.5,117.0,5100,9,2.8,17.1,25.8,30.5,5.98,PG/SG,5100,2,18.0,13.0,106,111,-1%,11,9,11,27,30,32,21.1,27.5,20.0,34.9,34.0,30.2,5.9,35.5,46.5,9.1,30.5,5.98,30.2,34.0,5.9,30.35,5.94,29.666666666666668,10.333333333333334,26.77,15.233333333333334,34.78314606741573,0.5490547409853619,0.9894537766077344,0.8232427828801031,0.2557488777941081,1.0768473244541568
1,2,Troy Brown,SG,,2020-01-03,WAS,POR,6.5,235.5,114.5,5400,8,13.0,28.7,52.8,29.8,5.51,SG/SF,5400,1,17.0,14.0,104,109,8%,10,13,8,28,31,25,28.7,22.2,12.7,31.6,31.0,30.3,5.6,31.0,21.3,3.9,29.8,5.51,30.3,31.0,5.6,30.05,5.555,28.0,10.333333333333334,25.05,31.5,33.269642857142856,0.5261509510948947,0.7014187149537309,0.7161037863587956,0.11568191765779845,0.7963881215051815
1,3,P.J. Tucker,SF,,2020-01-03,HOU,PHI,-4.0,226.5,115.3,3900,20,11.3,18.9,30.0,21.0,5.38,SF/PF,3900,2,9.0,10.0,102,103,1%,4,5,7,34,37,36,18.9,24.4,15.1,33.7,35.0,20.9,5.4,36.9,8.3,2.1,21.0,5.38,20.9,35.0,5.4,20.95,5.390000000000001,35.666666666666664,5.333333333333333,22.61,20.066666666666666,20.558411214953274,-0.1685973422492712,1.0854654638257355,-0.1837083801767151,-0.08301772346580384,0.6761913202413358
1,4,Jrue Holiday,PG,,2020-01-03,NO,LAL,9.5,226.0,108.3,7400,22,39.0,41.7,47.5,39.3,5.3,PG/SG,7400,4,27.0,17.0,103,102,-3%,17,19,18,32,34,36,41.6,41.1,32.1,50.2,35.5,39.3,5.3,35.6,27.3,3.7,39.3,5.3,39.3,35.5,5.3,39.3,5.3,34.0,18.0,40.86,42.73333333333333,41.03382352941176,1.2323511393842939,1.133471307434736,1.2657204111474845,1.4031578710037618,0.6106294286428735
1,5,Ben Simmons,PG,,2020-01-03,PHI,HOU,4.0,226.5,111.3,8100,23,35.5,48.0,58.8,44.3,5.46,PG/SF,8100,2,22.0,19.0,106,107,-2%,12,12,11,38,38,36,48.3,42.0,33.4,50.6,36.5,42.5,5.2,42.2,78.8,9.7,44.3,5.46,42.5,36.5,5.2,43.4,5.33,37.333333333333336,11.666666666666666,43.540000000000006,47.43333333333334,42.43125,1.5453696012206763,1.2294829946527372,1.364642480658089,1.6214017391231286,0.6324833925090276
1,6,Bam Adebayo,C,,2020-01-03,MIA,ORL,-1.0,208.5,104.8,7600,12,21.8,39.8,55.8,40.5,5.33,C,7600,0,20.0,20.0,100,105,-7%,10,11,10,36,37,34,39.6,40.6,29.0,52.2,36.0,40.4,5.3,34.8,34.5,4.5,40.5,5.33,40.4,36.0,5.3,40.45,5.3149999999999995,35.666666666666664,10.333333333333334,40.370000000000005,39.13333333333333,40.82803738317757,1.3201490006310845,1.1814771510437367,1.251153067612387,1.3632550742207437,0.6215564105759502
1,7,Tobias Harris,SF,,2020-01-03,PHI,HOU,4.0,226.5,111.3,6600,9,15.0,33.9,54.3,35.0,5.3,SF/PF,6600,2,24.0,17.0,106,107,10%,17,16,16,36,34,35,37.9,36.1,26.8,45.5,34.5,36.1,5.5,41.5,32.5,4.9,35.0,5.3,36.1,34.5,5.5,35.55,5.4,35.0,16.333333333333332,36.370000000000005,34.4,35.04214285714285,0.9460537657534563,1.037459620216735,0.8415768412192334,1.0375179576246745,0.6834759748633868
2,0,Ben Simmons,PG,,2020-01-03,PHI,HOU,4.0,226.5,111.3,8100,23,35.5,48.0,58.8,44.3,5.46,PG/SF,8100,2,22.0,19.0,106,107,-2%,12,12,11,38,38,36,48.3,42.0,33.4,50.6,36.5,42.5,5.2,42.2,78.8,9.7,44.3,5.46,42.5,36.5,5.2,43.4,5.33,37.333333333333336,11.666666666666666,43.540000000000006,47.43333333333334,42.43125,1.5453696012206763,1.2294829946527372,1.364642480658089,1.6214017391231286,0.6324833925090276
2,1,Devin Booker,PG,,2020-01-03,PHO,NY,-7.0,223.5,115.3,7900,13,25.3,43.8,54.8,41.8,5.28,PG/SG,7900,1,29.0,20.0,101,110,-3%,21,20,18,38,38,36,43.8,41.1,29.3,53.0,36.5,41.6,5.3,38.5,51.3,6.5,41.8,5.28,41.6,36.5,5.3,41.7,5.29,37.333333333333336,19.666666666666668,41.78000000000001,41.3,40.769196428571426,1.4155814585080304,1.2294829946527372,1.246987790136879,1.4780774078208583,0.6033447740208224
2,2,Garrison Mathews,SG,,2020-01-03,WAS,POR,6.5,235.5,114.5,3000,8,1.3,14.6,34.5,21.5,7.17,SG/SF,3000,1,,,104,109,5%,7,4,3,23,16,12,14.6,9.3,0.1,18.5,23.0,19.9,6.6,24.7,24.5,8.2,21.5,7.17,19.9,23.0,6.6,20.7,6.885,17.0,4.666666666666667,12.64,16.8,28.005882352941175,-0.1876838338246604,-0.06667478279027843,0.3434887733737993,-0.8949174865815062,1.7652471862380035
2,3,P.J. Tucker,SF,,2020-01-03,HOU,PHI,-4.0,226.5,115.3,3900,20,11.3,18.9,30.0,21.0,5.38,SF/PF,3900,2,9.0,10.0,102,103,1%,4,5,7,34,37,36,18.9,24.4,15.1,33.7,35.0,20.9,5.4,36.9,8.3,2.1,21.0,5.38,20.9,35.0,5.4,20.95,5.390000000000001,35.666666666666664,5.333333333333333,22.61,20.066666666666666,20.558411214953274,-0.1685973422492712,1.0854654638257355,-0.1837083801767151,-0.08301772346580384,0.6761913202413358
2,4,Jordan McRae,PG,,2020-01-03,WAS,POR,6.5,235.5,114.5,5800,21,21.8,31.9,55.0,34.5,5.95,PG/SG,5800,1,22.0,18.0,104,109,-4%,13,12,9,33,27,21,31.9,23.0,11.2,34.9,32.0,35.6,6.1,33.1,50.3,8.7,34.5,5.95,35.6,32.0,6.1,35.05,6.025,27.0,11.333333333333334,27.21,36.233333333333334,41.54074074074074,0.907880782602678,0.797430402171732,1.3016044455998292,0.29157996061967584,1.1387668887415927
2,5,Tobias Harris,SF,,2020-01-03,PHI,HOU,4.0,226.5,111.3,6600,9,15.0,33.9,54.3,35.0,5.3,SF/PF,6600,2,24.0,17.0,106,107,10%,17,16,16,36,34,35,37.9,36.1,26.8,45.5,34.5,36.1,5.5,41.5,32.5,4.9,35.0,5.3,36.1,34.5,5.5,35.55,5.4,35.0,16.333333333333332,36.370000000000005,34.4,35.04214285714285,0.9460537657534563,1.037459620216735,0.8415768412192334,1.0375179576246745,0.6834759748633868
2,6,Julius Randle,PF,,2020-01-03,NY,PHO,7.0,223.5,108.3,7700,12,33.5,48.2,61.0,42.8,5.55,PF/C,7700,1,27.0,18.0,105,109,-1%,18,20,15,34,34,32,48.2,37.0,27.3,46.6,34.0,39.8,5.2,34.6,39.8,5.2,42.8,5.55,39.8,34.0,5.2,41.3,5.375,33.333333333333336,17.666666666666668,40.080000000000005,47.56666666666666,42.126,1.3850430719874074,0.9894537766077344,1.3430342154980615,1.3396391332675288,0.6652643383082584
2,7,Gordon Hayward,SF,,2020-01-03,BOS,ATL,-10.5,223.5,117.0,7000,7,26.8,34.8,44.5,39.3,5.61,SF/PF,7000,2,22.0,21.0,106,111,22%,14,12,13,35,32,32,34.8,34.8,22.9,46.7,33.5,39.4,5.6,37.0,30.0,4.3,39.3,5.61,39.4,33.5,5.6,39.349999999999994,5.605,33.0,13.0,35.709999999999994,35.36666666666667,39.94621212121211,1.2361684376993716,0.9414479329987337,1.1887297618454404,0.9837713333863223,0.8328113946154384
3,0,Jrue Holiday,PG,,2020-01-03,NO,LAL,9.5,226.0,108.3,7400,22,39.0,41.7,47.5,39.3,5.3,PG/SG,7400,4,27.0,17.0,103,102,-3%,17,19,18,32,34,36,41.6,41.1,32.1,50.2,35.5,39.3,5.3,35.6,27.3,3.7,39.3,5.3,39.3,35.5,5.3,39.3,5.3,34.0,18.0,40.86,42.73333333333333,41.03382352941176,1.2323511393842939,1.133471307434736,1.2657204111474845,1.4031578710037618,0.6106294286428735
3,1,Jordan McRae,PG,,2020-01-03,WAS,POR,6.5,235.5,114.5,5800,21,21.8,31.9,55.0,34.5,5.95,PG/SG,5800,1,22.0,18.0,104,109,-4%,13,12,9,33,27,21,31.9,23.0,11.2,34.9,32.0,35.6,6.1,33.1,50.3,8.7,34.5,5.95,35.6,32.0,6.1,35.05,6.025,27.0,11.333333333333334,27.21,36.233333333333334,41.54074074074074,0.907880782602678,0.797430402171732,1.3016044455998292,0.29157996061967584,1.1387668887415927
3,2,Derrick Jones Jr.,SF,,2020-01-03,MIA,ORL,-1.0,208.5,104.8,3900,4,17.0,21.5,25.5,22.3,5.71,SF/PF,3900,0,14.0,14.0,100,105,-6%,9,8,6,29,31,25,21.5,18.8,10.8,26.7,28.0,20.8,5.3,31.6,9.5,2.4,22.3,5.71,20.8,28.0,5.3,21.55,5.505,28.333333333333332,7.666666666666667,19.869999999999997,21.333333333333332,21.296470588235294,-0.12278976246833709,0.41338365329972737,-0.13146208159613645,-0.3061476483341114,0.7599648483949251
3,3,Tobias Harris,SF,,2020-01-03,PHI,HOU,4.0,226.5,111.3,6600,9,15.0,33.9,54.3,35.0,5.3,SF/PF,6600,2,24.0,17.0,106,107,10%,17,16,16,36,34,35,37.9,36.1,26.8,45.5,34.5,36.1,5.5,41.5,32.5,4.9,35.0,5.3,36.1,34.5,5.5,35.55,5.4,35.0,16.333333333333332,36.370000000000005,34.4,35.04214285714285,0.9460537657534563,1.037459620216735,0.8415768412192334,1.0375179576246745,0.6834759748633868
3,4,Ben Simmons,PG,,2020-01-03,PHI,HOU,4.0,226.5,111.3,8100,23,35.5,48.0,58.8,44.3,5.46,PG/SF,8100,2,22.0,19.0,106,107,-2%,12,12,11,38,38,36,48.3,42.0,33.4,50.6,36.5,42.5,5.2,42.2,78.8,9.7,44.3,5.46,42.5,36.5,5.2,43.4,5.33,37.333333333333336,11.666666666666666,43.540000000000006,47.43333333333334,42.43125,1.5453696012206763,1.2294829946527372,1.364642480658089,1.6214017391231286,0.6324833925090276
3,5,Troy Brown,SG,,2020-01-03,WAS,POR,6.5,235.5,114.5,5400,8,13.0,28.7,52.8,29.8,5.51,SG/SF,5400,1,17.0,14.0,104,109,8%,10,13,8,28,31,25,28.7,22.2,12.7,31.6,31.0,30.3,5.6,31.0,21.3,3.9,29.8,5.51,30.3,31.0,5.6,30.05,5.555,28.0,10.333333333333334,25.05,31.5,33.269642857142856,0.5261509510948947,0.7014187149537309,0.7161037863587956,0.11568191765779845,0.7963881215051815
3,6,Bam Adebayo,C,,2020-01-03,MIA,ORL,-1.0,208.5,104.8,7600,12,21.8,39.8,55.8,40.5,5.33,C,7600,0,20.0,20.0,100,105,-7%,10,11,10,36,37,34,39.6,40.6,29.0,52.2,36.0,40.4,5.3,34.8,34.5,4.5,40.5,5.33,40.4,36.0,5.3,40.45,5.3149999999999995,35.666666666666664,10.333333333333334,40.370000000000005,39.13333333333333,40.82803738317757,1.3201490006310845,1.1814771510437367,1.251153067612387,1.3632550742207437,0.6215564105759502
3,7,Marcus Smart,PG,,2020-01-03,BOS,ATL,-10.5,223.5,117.0,5100,9,2.8,17.1,25.8,30.5,5.98,PG/SG,5100,2,18.0,13.0,106,111,-1%,11,9,11,27,30,32,21.1,27.5,20.0,34.9,34.0,30.2,5.9,35.5,46.5,9.1,30.5,5.98,30.2,34.0,5.9,30.35,5.94,29.666666666666668,10.333333333333334,26.77,15.233333333333334,34.78314606741573,0.5490547409853619,0.9894537766077344,0.8232427828801031,0.2557488777941081,1.0768473244541568
4,0,Jrue Holiday,PG,,2020-01-03,NO,LAL,9.5,226.0,108.3,7400,22,39.0,41.7,47.5,39.3,5.3,PG/SG,7400,4,27.0,17.0,103,102,-3%,17,19,18,32,34,36,41.6,41.1,32.1,50.2,35.5,39.3,5.3,35.6,27.3,3.7,39.3,5.3,39.3,35.5,5.3,39.3,5.3,34.0,18.0,40.86,42.73333333333333,41.03382352941176,1.2323511393842939,1.133471307434736,1.2657204111474845,1.4031578710037618,0.6106294286428735
4,1,Jordan McRae,PG,,2020-01-03,WAS,POR,6.5,235.5,114.5,5800,21,21.8,31.9,55.0,34.5,5.95,PG/SG,5800,1,22.0,18.0,104,109,-4%,13,12,9,33,27,21,31.9,23.0,11.2,34.9,32.0,35.6,6.1,33.1,50.3,8.7,34.5,5.95,35.6,32.0,6.1,35.05,6.025,27.0,11.333333333333334,27.21,36.233333333333334,41.54074074074074,0.907880782602678,0.797430402171732,1.3016044455998292,0.29157996061967584,1.1387668887415927
4,2,Gordon Hayward,SF,,2020-01-03,BOS,ATL,-10.5,223.5,117.0,7000,7,26.8,34.8,44.5,39.3,5.61,SF/PF,7000,2,22.0,21.0,106,111,22%,14,12,13,35,32,32,34.8,34.8,22.9,46.7,33.5,39.4,5.6,37.0,30.0,4.3,39.3,5.61,39.4,33.5,5.6,39.349999999999994,5.605,33.0,13.0,35.709999999999994,35.36666666666667,39.94621212121211,1.2361684376993716,0.9414479329987337,1.1887297618454404,0.9837713333863223,0.8328113946154384
4,3,Julius Randle,PF,,2020-01-03,NY,PHO,7.0,223.5,108.3,7700,12,33.5,48.2,61.0,42.8,5.55,PF/C,7700,1,27.0,18.0,105,109,-1%,18,20,15,34,34,32,48.2,37.0,27.3,46.6,34.0,39.8,5.2,34.6,39.8,5.2,42.8,5.55,39.8,34.0,5.2,41.3,5.375,33.333333333333336,17.666666666666668,40.080000000000005,47.56666666666666,42.126,1.3850430719874074,0.9894537766077344,1.3430342154980615,1.3396391332675288,0.6652643383082584
4,4,Marcus Smart,PG,,2020-01-03,BOS,ATL,-10.5,223.5,117.0,5100,9,2.8,17.1,25.8,30.5,5.98,PG/SG,5100,2,18.0,13.0,106,111,-1%,11,9,11,27,30,32,21.1,27.5,20.0,34.9,34.0,30.2,5.9,35.5,46.5,9.1,30.5,5.98,30.2,34.0,5.9,30.35,5.94,29.666666666666668,10.333333333333334,26.77,15.233333333333334,34.78314606741573,0.5490547409853619,0.9894537766077344,0.8232427828801031,0.2557488777941081,1.0768473244541568
4,5,Derrick Jones Jr.,SF,,2020-01-03,MIA,ORL,-1.0,208.5,104.8,3900,4,17.0,21.5,25.5,22.3,5.71,SF/PF,3900,0,14.0,14.0,100,105,-6%,9,8,6,29,31,25,21.5,18.8,10.8,26.7,28.0,20.8,5.3,31.6,9.5,2.4,22.3,5.71,20.8,28.0,5.3,21.55,5.505,28.333333333333332,7.666666666666667,19.869999999999997,21.333333333333332,21.296470588235294,-0.12278976246833709,0.41338365329972737,-0.13146208159613645,-0.3061476483341114,0.7599648483949251
4,6,John Collins,PF,,2020-01-03,ATL,BOS,10.5,223.5,106.5,7500,22,29.8,40.5,55.0,36.8,4.9,PF/C,7500,3,22.0,21.0,101,102,-1%,18,16,14,33,32,32,40.5,39.6,29.7,49.5,32.5,40.3,5.4,22.1,28.5,3.8,36.8,4.9,40.3,32.5,5.4,38.55,5.15,32.333333333333336,16.0,39.56999999999999,41.766666666666666,38.74871134020618,1.1750916646581264,0.8454362457807326,1.1039601814840438,1.298107650901529,0.5013596093121045
4,7,Troy Brown,SG,,2020-01-03,WAS,POR,6.5,235.5,114.5,5400,8,13.0,28.7,52.8,29.8,5.51,SG/SF,5400,1,17.0,14.0,104,109,8%,10,13,8,28,31,25,28.7,22.2,12.7,31.6,31.0,30.3,5.6,31.0,21.3,3.9,29.8,5.51,30.3,31.0,5.6,30.05,5.555,28.0,10.333333333333334,25.05,31.5,33.269642857142856,0.5261509510948947,0.7014187149537309,0.7161037863587956,0.11568191765779845,0.7963881215051815
5,0,Ben Simmons,PG,,2020-01-03,PHI,HOU,4.0,226.5,111.3,8100,23,35.5,48.0,58.8,44.3,5.46,PG/SF,8100,2,22.0,19.0,106,107,-2%,12,12,11,38,38,36,48.3,42.0,33.4,50.6,36.5,42.5,5.2,42.2,78.8,9.7,44.3,5.46,42.5,36.5,5.2,43.4,5.33,37.333333333333336,11.666666666666666,43.540000000000006,47.43333333333334,42.43125,1.5453696012206763,1.2294829946527372,1.364642480658089,1.6214017391231286,0.6324833925090276
5,1,Marcus Smart,PG,,2020-01-03,BOS,ATL,-10.5,223.5,117.0,5100,9,2.8,17.1,25.8,30.5,5.98,PG/SG,5100,2,18.0,13.0,106,111,-1%,11,9,11,27,30,32,21.1,27.5,20.0,34.9,34.0,30.2,5.9,35.5,46.5,9.1,30.5,5.98,30.2,34.0,5.9,30.35,5.94,29.666666666666668,10.333333333333334,26.77,15.233333333333334,34.78314606741573,0.5490547409853619,0.9894537766077344,0.8232427828801031,0.2557488777941081,1.0768473244541568
5,2,Garrison Mathews,SG,,2020-01-03,WAS,POR,6.5,235.5,114.5,3000,8,1.3,14.6,34.5,21.5,7.17,SG/SF,3000,1,,,104,109,5%,7,4,3,23,16,12,14.6,9.3,0.1,18.5,23.0,19.9,6.6,24.7,24.5,8.2,21.5,7.17,19.9,23.0,6.6,20.7,6.885,17.0,4.666666666666667,12.64,16.8,28.005882352941175,-0.1876838338246604,-0.06667478279027843,0.3434887733737993,-0.8949174865815062,1.7652471862380035
5,3,Gordon Hayward,SF,,2020-01-03,BOS,ATL,-10.5,223.5,117.0,7000,7,26.8,34.8,44.5,39.3,5.61,SF/PF,7000,2,22.0,21.0,106,111,22%,14,12,13,35,32,32,34.8,34.8,22.9,46.7,33.5,39.4,5.6,37.0,30.0,4.3,39.3,5.61,39.4,33.5,5.6,39.349999999999994,5.605,33.0,13.0,35.709999999999994,35.36666666666667,39.94621212121211,1.2361684376993716,0.9414479329987337,1.1887297618454404,0.9837713333863223,0.8328113946154384
5,4,Markelle Fultz,PG,,2020-01-03,ORL,MIA,1.0,208.5,103.8,4900,10,15.8,25.1,37.0,25.8,5.26,PG/SG,4900,1,22.0,14.0,101,105,-10%,10,10,10,26,28,26,25.1,24.0,17.9,30.0,29.0,24.4,5.0,31.6,22.8,4.7,25.8,5.26,24.4,29.0,5.0,25.1,5.13,26.666666666666668,10.0,24.419999999999998,25.96666666666667,27.29625,0.14823841790218922,0.5093953405177285,0.29325478795697,0.06437832179391735,0.4867903000680016
5,5,Brandon Ingram,SF,,2020-01-03,NO,LAL,9.5,226.0,108.3,7800,25,37.8,45.1,51.3,39.3,5.03,SF/PF,7800,4,29.0,22.0,103,102,-3%,17,17,19,35,36,35,45.1,44.2,36.3,52.1,36.0,41.1,5.3,35.1,33.8,4.3,39.3,5.03,41.1,36.0,5.3,40.2,5.165,35.333333333333336,17.666666666666668,43.58,44.73333333333333,40.95849056603774,1.3010625090556953,1.1814771510437367,1.2603876850283149,1.6246591102890886,0.5122865912451813
5,6,Bam Adebayo,C,,2020-01-03,MIA,ORL,-1.0,208.5,104.8,7600,12,21.8,39.8,55.8,40.5,5.33,C,7600,0,20.0,20.0,100,105,-7%,10,11,10,36,37,34,39.6,40.6,29.0,52.2,36.0,40.4,5.3,34.8,34.5,4.5,40.5,5.33,40.4,36.0,5.3,40.45,5.3149999999999995,35.666666666666664,10.333333333333334,40.370000000000005,39.13333333333333,40.82803738317757,1.3201490006310845,1.1814771510437367,1.251153067612387,1.3632550742207437,0.6215564105759502
5,7,Jordan McRae,PG,,2020-01-03,WAS,POR,6.5,235.5,114.5,5800,21,21.8,31.9,55.0,34.5,5.95,PG/SG,5800,1,22.0,18.0,104,109,-4%,13,12,9,33,27,21,31.9,23.0,11.2,34.9,32.0,35.6,6.1,33.1,50.3,8.7,34.5,5.95,35.6,32.0,6.1,35.05,6.025,27.0,11.333333333333334,27.21,36.233333333333334,41.54074074074074,0.907880782602678,0.797430402171732,1.3016044455998292,0.29157996061967584,1.1387668887415927
6,0,Ben Simmons,PG,,2020-01-03,PHI,HOU,4.0,226.5,111.3,8100,23,35.5,48.0,58.8,44.3,5.46,PG/SF,8100,2,22.0,19.0,106,107,-2%,12,12,11,38,38,36,48.3,42.0,33.4,50.6,36.5,42.5,5.2,42.2,78.8,9.7,44.3,5.46,42.5,36.5,5.2,43.4,5.33,37.333333333333336,11.666666666666666,43.540000000000006,47.43333333333334,42.43125,1.5453696012206763,1.2294829946527372,1.364642480658089,1.6214017391231286,0.6324833925090276
6,1,Jordan McRae,PG,,2020-01-03,WAS,POR,6.5,235.5,114.5,5800,21,21.8,31.9,55.0,34.5,5.95,PG/SG,5800,1,22.0,18.0,104,109,-4%,13,12,9,33,27,21,31.9,23.0,11.2,34.9,32.0,35.6,6.1,33.1,50.3,8.7,34.5,5.95,35.6,32.0,6.1,35.05,6.025,27.0,11.333333333333334,27.21,36.233333333333334,41.54074074074074,0.907880782602678,0.797430402171732,1.3016044455998292,0.29157996061967584,1.1387668887415927
6,2,Josh Richardson,SG,,2020-01-03,PHI,HOU,4.0,226.5,111.3,5900,20,20.5,31.2,36.0,30.8,5.21,SG/SF,5900,2,22.0,13.0,106,107,10%,12,14,13,35,35,33,31.1,29.0,20.9,37.2,35.5,31.7,5.4,38.5,20.5,3.5,30.8,5.21,31.7,35.5,5.4,31.25,5.305,34.333333333333336,13.0,29.890000000000004,29.233333333333334,32.31189320388349,0.6177661106567628,1.133471307434736,0.6483058880310224,0.5098238287390424,0.6142717559538992
6,3,P.J. Tucker,SF,,2020-01-03,HOU,PHI,-4.0,226.5,115.3,3900,20,11.3,18.9,30.0,21.0,5.38,SF/PF,3900,2,9.0,10.0,102,103,1%,4,5,7,34,37,36,18.9,24.4,15.1,33.7,35.0,20.9,5.4,36.9,8.3,2.1,21.0,5.38,20.9,35.0,5.4,20.95,5.390000000000001,35.666666666666664,5.333333333333333,22.61,20.066666666666666,20.558411214953274,-0.1685973422492712,1.0854654638257355,-0.1837083801767151,-0.08301772346580384,0.6761913202413358
6,4,Jrue Holiday,PG,,2020-01-03,NO,LAL,9.5,226.0,108.3,7400,22,39.0,41.7,47.5,39.3,5.3,PG/SG,7400,4,27.0,17.0,103,102,-3%,17,19,18,32,34,36,41.6,41.1,32.1,50.2,35.5,39.3,5.3,35.6,27.3,3.7,39.3,5.3,39.3,35.5,5.3,39.3,5.3,34.0,18.0,40.86,42.73333333333333,41.03382352941176,1.2323511393842939,1.133471307434736,1.2657204111474845,1.4031578710037618,0.6106294286428735
6,5,Garrison Mathews,SG,,2020-01-03,WAS,POR,6.5,235.5,114.5,3000,8,1.3,14.6,34.5,21.5,7.17,SG/SF,3000,1,,,104,109,5%,7,4,3,23,16,12,14.6,9.3,0.1,18.5,23.0,19.9,6.6,24.7,24.5,8.2,21.5,7.17,19.9,23.0,6.6,20.7,6.885,17.0,4.666666666666667,12.64,16.8,28.005882352941175,-0.1876838338246604,-0.06667478279027843,0.3434887733737993,-0.8949174865815062,1.7652471862380035
6,6,Julius Randle,PF,,2020-01-03,NY,PHO,7.0,223.5,108.3,7700,12,33.5,48.2,61.0,42.8,5.55,PF/C,7700,1,27.0,18.0,105,109,-1%,18,20,15,34,34,32,48.2,37.0,27.3,46.6,34.0,39.8,5.2,34.6,39.8,5.2,42.8,5.55,39.8,34.0,5.2,41.3,5.375,33.333333333333336,17.666666666666668,40.080000000000005,47.56666666666666,42.126,1.3850430719874074,0.9894537766077344,1.3430342154980615,1.3396391332675288,0.6652643383082584
6,7,Brandon Ingram,SF,,2020-01-03,NO,LAL,9.5,226.0,108.3,7800,25,37.8,45.1,51.3,39.3,5.03,SF/PF,7800,4,29.0,22.0,103,102,-3%,17,17,19,35,36,35,45.1,44.2,36.3,52.1,36.0,41.1,5.3,35.1,33.8,4.3,39.3,5.03,41.1,36.0,5.3,40.2,5.165,35.333333333333336,17.666666666666668,43.58,44.73333333333333,40.95849056603774,1.3010625090556953,1.1814771510437367,1.2603876850283149,1.6246591102890886,0.5122865912451813
7,0,Ben Simmons,PG,,2020-01-03,PHI,HOU,4.0,226.5,111.3,8100,23,35.5,48.0,58.8,44.3,5.46,PG/SF,8100,2,22.0,19.0,106,107,-2%,12,12,11,38,38,36,48.3,42.0,33.4,50.6,36.5,42.5,5.2,42.2,78.8,9.7,44.3,5.46,42.5,36.5,5.2,43.4,5.33,37.333333333333336,11.666666666666666,43.540000000000006,47.43333333333334,42.43125,1.5453696012206763,1.2294829946527372,1.364642480658089,1.6214017391231286,0.6324833925090276
7,1,Marcus Smart,PG,,2020-01-03,BOS,ATL,-10.5,223.5,117.0,5100,9,2.8,17.1,25.8,30.5,5.98,PG/SG,5100,2,18.0,13.0,106,111,-1%,11,9,11,27,30,32,21.1,27.5,20.0,34.9,34.0,30.2,5.9,35.5,46.5,9.1,30.5,5.98,30.2,34.0,5.9,30.35,5.94,29.666666666666668,10.333333333333334,26.77,15.233333333333334,34.78314606741573,0.5490547409853619,0.9894537766077344,0.8232427828801031,0.2557488777941081,1.0768473244541568
7,2,Kent Bazemore,SG,,2020-01-03,POR,WAS,-6.5,235.5,121.0,3500,23,5.3,14.3,22.0,23.3,6.64,SG/SF,3500,1,16.0,8.0,106,114,9%,8,7,8,26,27,25,14.3,18.7,11.3,26.2,28.0,19.7,5.6,34.7,18.5,5.3,23.3,6.64,19.7,28.0,5.6,21.5,6.119999999999999,26.0,7.666666666666667,18.4,13.866666666666667,23.153846153846153,-0.12660706078341497,0.41338365329972737,1.9208243259269847e-05,-0.42585603868316674,1.207971107651079
7,3,Tobias Harris,SF,,2020-01-03,PHI,HOU,4.0,226.5,111.3,6600,9,15.0,33.9,54.3,35.0,5.3,SF/PF,6600,2,24.0,17.0,106,107,10%,17,16,16,36,34,35,37.9,36.1,26.8,45.5,34.5,36.1,5.5,41.5,32.5,4.9,35.0,5.3,36.1,34.5,5.5,35.55,5.4,35.0,16.333333333333332,36.370000000000005,34.4,35.04214285714285,0.9460537657534563,1.037459620216735,0.8415768412192334,1.0375179576246745,0.6834759748633868
7,4,Garrison Mathews,SG,,2020-01-03,WAS,POR,6.5,235.5,114.5,3000,8,1.3,14.6,34.5,21.5,7.17,SG/SF,3000,1,,,104,109,5%,7,4,3,23,16,12,14.6,9.3,0.1,18.5,23.0,19.9,6.6,24.7,24.5,8.2,21.5,7.17,19.9,23.0,6.6,20.7,6.885,17.0,4.666666666666667,12.64,16.8,28.005882352941175,-0.1876838338246604,-0.06667478279027843,0.3434887733737993,-0.8949174865815062,1.7652471862380035
7,5,Brandon Ingram,SF,,2020-01-03,NO,LAL,9.5,226.0,108.3,7800,25,37.8,45.1,51.3,39.3,5.03,SF/PF,7800,4,29.0,22.0,103,102,-3%,17,17,19,35,36,35,45.1,44.2,36.3,52.1,36.0,41.1,5.3,35.1,33.8,4.3,39.3,5.03,41.1,36.0,5.3,40.2,5.165,35.333333333333336,17.666666666666668,43.58,44.73333333333333,40.95849056603774,1.3010625090556953,1.1814771510437367,1.2603876850283149,1.6246591102890886,0.5122865912451813
7,6,Julius Randle,PF,,2020-01-03,NY,PHO,7.0,223.5,108.3,7700,12,33.5,48.2,61.0,42.8,5.55,PF/C,7700,1,27.0,18.0,105,109,-1%,18,20,15,34,34,32,48.2,37.0,27.3,46.6,34.0,39.8,5.2,34.6,39.8,5.2,42.8,5.55,39.8,34.0,5.2,41.3,5.375,33.333333333333336,17.666666666666668,40.080000000000005,47.56666666666666,42.126,1.3850430719874074,0.9894537766077344,1.3430342154980615,1.3396391332675288,0.6652643383082584
7,7,Bam Adebayo,C,,2020-01-03,MIA,ORL,-1.0,208.5,104.8,7600,12,21.8,39.8,55.8,40.5,5.33,C,7600,0,20.0,20.0,100,105,-7%,10,11,10,36,37,34,39.6,40.6,29.0,52.2,36.0,40.4,5.3,34.8,34.5,4.5,40.5,5.33,40.4,36.0,5.3,40.45,5.3149999999999995,35.666666666666664,10.333333333333334,40.370000000000005,39.13333333333333,40.82803738317757,1.3201490006310845,1.1814771510437367,1.251153067612387,1.3632550742207437,0.6215564105759502
8,0,Marcus Smart,PG,,2020-01-03,BOS,ATL,-10.5,223.5,117.0,5100,9,2.8,17.1,25.8,30.5,5.98,PG/SG,5100,2,18.0,13.0,106,111,-1%,11,9,11,27,30,32,21.1,27.5,20.0,34.9,34.0,30.2,5.9,35.5,46.5,9.1,30.5,5.98,30.2,34.0,5.9,30.35,5.94,29.666666666666668,10.333333333333334,26.77,15.233333333333334,34.78314606741573,0.5490547409853619,0.9894537766077344,0.8232427828801031,0.2557488777941081,1.0768473244541568
8,1,Jrue Holiday,PG,,2020-01-03,NO,LAL,9.5,226.0,108.3,7400,22,39.0,41.7,47.5,39.3,5.3,PG/SG,7400,4,27.0,17.0,103,102,-3%,17,19,18,32,34,36,41.6,41.1,32.1,50.2,35.5,39.3,5.3,35.6,27.3,3.7,39.3,5.3,39.3,35.5,5.3,39.3,5.3,34.0,18.0,40.86,42.73333333333333,41.03382352941176,1.2323511393842939,1.133471307434736,1.2657204111474845,1.4031578710037618,0.6106294286428735
8,2,Gordon Hayward,SF,,2020-01-03,BOS,ATL,-10.5,223.5,117.0,7000,7,26.8,34.8,44.5,39.3,5.61,SF/PF,7000,2,22.0,21.0,106,111,22%,14,12,13,35,32,32,34.8,34.8,22.9,46.7,33.5,39.4,5.6,37.0,30.0,4.3,39.3,5.61,39.4,33.5,5.6,39.349999999999994,5.605,33.0,13.0,35.709999999999994,35.36666666666667,39.94621212121211,1.2361684376993716,0.9414479329987337,1.1887297618454404,0.9837713333863223,0.8328113946154384
8,3,Al Horford,PF,,2020-01-03,PHI,HOU,4.0,226.5,111.3,5800,16,14.0,23.5,38.0,30.8,5.3,PF/C,5800,2,19.0,16.0,106,107,6%,9,9,12,28,31,31,23.4,30.6,21.6,39.6,30.5,29.8,5.1,34.1,20.5,3.5,30.8,5.3,29.8,30.5,5.1,30.3,5.199999999999999,30.0,10.0,29.1,25.166666666666668,30.805,0.545237442670284,0.6534128713447303,0.5416348055826754,0.44549074821131857,0.5377828824223603
8,4,Jordan McRae,PG,,2020-01-03,WAS,POR,6.5,235.5,114.5,5800,21,21.8,31.9,55.0,34.5,5.95,PG/SG,5800,1,22.0,18.0,104,109,-4%,13,12,9,33,27,21,31.9,23.0,11.2,34.9,32.0,35.6,6.1,33.1,50.3,8.7,34.5,5.95,35.6,32.0,6.1,35.05,6.025,27.0,11.333333333333334,27.21,36.233333333333334,41.54074074074074,0.907880782602678,0.797430402171732,1.3016044455998292,0.29157996061967584,1.1387668887415927
8,5,Garrison Mathews,SG,,2020-01-03,WAS,POR,6.5,235.5,114.5,3000,8,1.3,14.6,34.5,21.5,7.17,SG/SF,3000,1,,,104,109,5%,7,4,3,23,16,12,14.6,9.3,0.1,18.5,23.0,19.9,6.6,24.7,24.5,8.2,21.5,7.17,19.9,23.0,6.6,20.7,6.885,17.0,4.666666666666667,12.64,16.8,28.005882352941175,-0.1876838338246604,-0.06667478279027843,0.3434887733737993,-0.8949174865815062,1.7652471862380035
8,6,John Collins,PF,,2020-01-03,ATL,BOS,10.5,223.5,106.5,7500,22,29.8,40.5,55.0,36.8,4.9,PF/C,7500,3,22.0,21.0,101,102,-1%,18,16,14,33,32,32,40.5,39.6,29.7,49.5,32.5,40.3,5.4,22.1,28.5,3.8,36.8,4.9,40.3,32.5,5.4,38.55,5.15,32.333333333333336,16.0,39.56999999999999,41.766666666666666,38.74871134020618,1.1750916646581264,0.8454362457807326,1.1039601814840438,1.298107650901529,0.5013596093121045
8,7,Brandon Ingram,SF,,2020-01-03,NO,LAL,9.5,226.0,108.3,7800,25,37.8,45.1,51.3,39.3,5.03,SF/PF,7800,4,29.0,22.0,103,102,-3%,17,17,19,35,36,35,45.1,44.2,36.3,52.1,36.0,41.1,5.3,35.1,33.8,4.3,39.3,5.03,41.1,36.0,5.3,40.2,5.165,35.333333333333336,17.666666666666668,43.58,44.73333333333333,40.95849056603774,1.3010625090556953,1.1814771510437367,1.2603876850283149,1.6246591102890886,0.5122865912451813
9,0,Marcus Smart,PG,,2020-01-03,BOS,ATL,-10.5,223.5,117.0,5100,9,2.8,17.1,25.8,30.5,5.98,PG/SG,5100,2,18.0,13.0,106,111,-1%,11,9,11,27,30,32,21.1,27.5,20.0,34.9,34.0,30.2,5.9,35.5,46.5,9.1,30.5,5.98,30.2,34.0,5.9,30.35,5.94,29.666666666666668,10.333333333333334,26.77,15.233333333333334,34.78314606741573,0.5490547409853619,0.9894537766077344,0.8232427828801031,0.2557488777941081,1.0768473244541568
9,1,Garrison Mathews,SG,,2020-01-03,WAS,POR,6.5,235.5,114.5,3000,8,1.3,14.6,34.5,21.5,7.17,SG/SF,3000,1,,,104,109,5%,7,4,3,23,16,12,14.6,9.3,0.1,18.5,23.0,19.9,6.6,24.7,24.5,8.2,21.5,7.17,19.9,23.0,6.6,20.7,6.885,17.0,4.666666666666667,12.64,16.8,28.005882352941175,-0.1876838338246604,-0.06667478279027843,0.3434887733737993,-0.8949174865815062,1.7652471862380035
9,2,Derrick Jones Jr.,SF,,2020-01-03,MIA,ORL,-1.0,208.5,104.8,3900,4,17.0,21.5,25.5,22.3,5.71,SF/PF,3900,0,14.0,14.0,100,105,-6%,9,8,6,29,31,25,21.5,18.8,10.8,26.7,28.0,20.8,5.3,31.6,9.5,2.4,22.3,5.71,20.8,28.0,5.3,21.55,5.505,28.333333333333332,7.666666666666667,19.869999999999997,21.333333333333332,21.296470588235294,-0.12278976246833709,0.41338365329972737,-0.13146208159613645,-0.3061476483341114,0.7599648483949251
9,3,Gordon Hayward,SF,,2020-01-03,BOS,ATL,-10.5,223.5,117.0,7000,7,26.8,34.8,44.5,39.3,5.61,SF/PF,7000,2,22.0,21.0,106,111,22%,14,12,13,35,32,32,34.8,34.8,22.9,46.7,33.5,39.4,5.6,37.0,30.0,4.3,39.3,5.61,39.4,33.5,5.6,39.349999999999994,5.605,33.0,13.0,35.709999999999994,35.36666666666667,39.94621212121211,1.2361684376993716,0.9414479329987337,1.1887297618454404,0.9837713333863223,0.8328113946154384
9,4,James Harden,PG,,2020-01-03,HOU,PHI,-4.0,226.5,115.3,10900,2,54.3,62.5,76.5,59.0,5.41,PG/SG,10900,2,38.0,32.0,102,103,-9%,22,22,25,37,37,38,62.5,63.6,51.4,75.7,36.5,58.0,5.3,40.8,83.3,7.6,59.0,5.41,58.0,36.5,5.3,58.5,5.355,37.333333333333336,23.0,62.34000000000001,64.43333333333334,57.19419642857142,2.6981936923741827,1.2294829946527372,2.409692967052365,3.152366187124654,0.6506950290641561
9,5,Julius Randle,PF,,2020-01-03,NY,PHO,7.0,223.5,108.3,7700,12,33.5,48.2,61.0,42.8,5.55,PF/C,7700,1,27.0,18.0,105,109,-1%,18,20,15,34,34,32,48.2,37.0,27.3,46.6,34.0,39.8,5.2,34.6,39.8,5.2,42.8,5.55,39.8,34.0,5.2,41.3,5.375,33.333333333333336,17.666666666666668,40.080000000000005,47.56666666666666,42.126,1.3850430719874074,0.9894537766077344,1.3430342154980615,1.3396391332675288,0.6652643383082584
9,6,John Collins,PF,,2020-01-03,ATL,BOS,10.5,223.5,106.5,7500,22,29.8,40.5,55.0,36.8,4.9,PF/C,7500,3,22.0,21.0,101,102,-1%,18,16,14,33,32,32,40.5,39.6,29.7,49.5,32.5,40.3,5.4,22.1,28.5,3.8,36.8,4.9,40.3,32.5,5.4,38.55,5.15,32.333333333333336,16.0,39.56999999999999,41.766666666666666,38.74871134020618,1.1750916646581264,0.8454362457807326,1.1039601814840438,1.298107650901529,0.5013596093121045
9,7,Markelle Fultz,PG,,2020-01-03,ORL,MIA,1.0,208.5,103.8,4900,10,15.8,25.1,37.0,25.8,5.26,PG/SG,4900,1,22.0,14.0,101,105,-10%,10,10,10,26,28,26,25.1,24.0,17.9,30.0,29.0,24.4,5.0,31.6,22.8,4.7,25.8,5.26,24.4,29.0,5.0,25.1,5.13,26.666666666666668,10.0,24.419999999999998,25.96666666666667,27.29625,0.14823841790218922,0.5093953405177285,0.29325478795697,0.06437832179391735,0.4867903000680016
10,0,Russell Westbrook,PG,,2020-01-03,HOU,PHI,-4.0,226.5,115.3,9000,2,44.8,49.5,56.0,46.0,5.11,PG,9000,2,34.0,19.0,102,103,-9%,25,25,22,36,37,36,49.5,49.6,38.7,60.6,36.5,48.0,5.3,35.3,39.3,4.4,46.0,5.11,48.0,36.5,5.3,47.0,5.205,36.333333333333336,24.0,49.08,50.1,47.21559633027523,1.8202150799062806,1.2294829946527372,1.7033203647596185,2.072547645608684,0.5414252097333865
10,1,Jordan McRae,PG,,2020-01-03,WAS,POR,6.5,235.5,114.5,5800,21,21.8,31.9,55.0,34.5,5.95,PG/SG,5800,1,22.0,18.0,104,109,-4%,13,12,9,33,27,21,31.9,23.0,11.2,34.9,32.0,35.6,6.1,33.1,50.3,8.7,34.5,5.95,35.6,32.0,6.1,35.05,6.025,27.0,11.333333333333334,27.21,36.233333333333334,41.54074074074074,0.907880782602678,0.797430402171732,1.3016044455998292,0.29157996061967584,1.1387668887415927
10,2,Troy Brown,SG,,2020-01-03,WAS,POR,6.5,235.5,114.5,5400,8,13.0,28.7,52.8,29.8,5.51,SG/SF,5400,1,17.0,14.0,104,109,8%,10,13,8,28,31,25,28.7,22.2,12.7,31.6,31.0,30.3,5.6,31.0,21.3,3.9,29.8,5.51,30.3,31.0,5.6,30.05,5.555,28.0,10.333333333333334,25.05,31.5,33.269642857142856,0.5261509510948947,0.7014187149537309,0.7161037863587956,0.11568191765779845,0.7963881215051815
10,3,Gordon Hayward,SF,,2020-01-03,BOS,ATL,-10.5,223.5,117.0,7000,7,26.8,34.8,44.5,39.3,5.61,SF/PF,7000,2,22.0,21.0,106,111,22%,14,12,13,35,32,32,34.8,34.8,22.9,46.7,33.5,39.4,5.6,37.0,30.0,4.3,39.3,5.61,39.4,33.5,5.6,39.349999999999994,5.605,33.0,13.0,35.709999999999994,35.36666666666667,39.94621212121211,1.2361684376993716,0.9414479329987337,1.1887297618454404,0.9837713333863223,0.8328113946154384
10,4,Garrison Mathews,SG,,2020-01-03,WAS,POR,6.5,235.5,114.5,3000,8,1.3,14.6,34.5,21.5,7.17,SG/SF,3000,1,,,104,109,5%,7,4,3,23,16,12,14.6,9.3,0.1,18.5,23.0,19.9,6.6,24.7,24.5,8.2,21.5,7.17,19.9,23.0,6.6,20.7,6.885,17.0,4.666666666666667,12.64,16.8,28.005882352941175,-0.1876838338246604,-0.06667478279027843,0.3434887733737993,-0.8949174865815062,1.7652471862380035
10,5,Josh Richardson,SG,,2020-01-03,PHI,HOU,4.0,226.5,111.3,5900,20,20.5,31.2,36.0,30.8,5.21,SG/SF,5900,2,22.0,13.0,106,107,10%,12,14,13,35,35,33,31.1,29.0,20.9,37.2,35.5,31.7,5.4,38.5,20.5,3.5,30.8,5.21,31.7,35.5,5.4,31.25,5.305,34.333333333333336,13.0,29.890000000000004,29.233333333333334,32.31189320388349,0.6177661106567628,1.133471307434736,0.6483058880310224,0.5098238287390424,0.6142717559538992
10,6,Al Horford,PF,,2020-01-03,PHI,HOU,4.0,226.5,111.3,5800,16,14.0,23.5,38.0,30.8,5.3,PF/C,5800,2,19.0,16.0,106,107,6%,9,9,12,28,31,31,23.4,30.6,21.6,39.6,30.5,29.8,5.1,34.1,20.5,3.5,30.8,5.3,29.8,30.5,5.1,30.3,5.199999999999999,30.0,10.0,29.1,25.166666666666668,30.805,0.545237442670284,0.6534128713447303,0.5416348055826754,0.44549074821131857,0.5377828824223603
10,7,Brandon Ingram,SF,,2020-01-03,NO,LAL,9.5,226.0,108.3,7800,25,37.8,45.1,51.3,39.3,5.03,SF/PF,7800,4,29.0,22.0,103,102,-3%,17,17,19,35,36,35,45.1,44.2,36.3,52.1,36.0,41.1,5.3,35.1,33.8,4.3,39.3,5.03,41.1,36.0,5.3,40.2,5.165,35.333333333333336,17.666666666666668,43.58,44.73333333333333,40.95849056603774,1.3010625090556953,1.1814771510437367,1.2603876850283149,1.6246591102890886,0.5122865912451813
11,0,Jordan McRae,PG,,2020-01-03,WAS,POR,6.5,235.5,114.5,5800,21,21.8,31.9,55.0,34.5,5.95,PG/SG,5800,1,22.0,18.0,104,109,-4%,13,12,9,33,27,21,31.9,23.0,11.2,34.9,32.0,35.6,6.1,33.1,50.3,8.7,34.5,5.95,35.6,32.0,6.1,35.05,6.025,27.0,11.333333333333334,27.21,36.233333333333334,41.54074074074074,0.907880782602678,0.797430402171732,1.3016044455998292,0.29157996061967584,1.1387668887415927
11,1,Terrence Ross,SG,,2020-01-03,ORL,MIA,1.0,208.5,103.8,4000,17,13.5,22.9,36.0,23.0,5.75,SG/SF,4000,1,22.0,13.0,101,105,-2%,11,11,11,26,28,25,22.9,20.7,13.7,27.8,27.0,21.9,5.5,25.0,34.5,8.6,23.0,5.75,21.9,27.0,5.5,22.45,5.625,26.333333333333332,11.0,21.509999999999998,24.133333333333336,23.01835443037975,-0.05407839279693617,0.3173719660817262,-0.00957208115117547,-0.17259543052972298,0.8473807038595407
11,2,Ben Simmons,PG,,2020-01-03,PHI,HOU,4.0,226.5,111.3,8100,23,35.5,48.0,58.8,44.3,5.46,PG/SF,8100,2,22.0,19.0,106,107,-2%,12,12,11,38,38,36,48.3,42.0,33.4,50.6,36.5,42.5,5.2,42.2,78.8,9.7,44.3,5.46,42.5,36.5,5.2,43.4,5.33,37.333333333333336,11.666666666666666,43.540000000000006,47.43333333333334,42.43125,1.5453696012206763,1.2294829946527372,1.364642480658089,1.6214017391231286,0.6324833925090276
11,3,P.J. Tucker,SF,,2020-01-03,HOU,PHI,-4.0,226.5,115.3,3900,20,11.3,18.9,30.0,21.0,5.38,SF/PF,3900,2,9.0,10.0,102,103,1%,4,5,7,34,37,36,18.9,24.4,15.1,33.7,35.0,20.9,5.4,36.9,8.3,2.1,21.0,5.38,20.9,35.0,5.4,20.95,5.390000000000001,35.666666666666664,5.333333333333333,22.61,20.066666666666666,20.558411214953274,-0.1685973422492712,1.0854654638257355,-0.1837083801767151,-0.08301772346580384,0.6761913202413358
11,4,Troy Brown,SG,,2020-01-03,WAS,POR,6.5,235.5,114.5,5400,8,13.0,28.7,52.8,29.8,5.51,SG/SF,5400,1,17.0,14.0,104,109,8%,10,13,8,28,31,25,28.7,22.2,12.7,31.6,31.0,30.3,5.6,31.0,21.3,3.9,29.8,5.51,30.3,31.0,5.6,30.05,5.555,28.0,10.333333333333334,25.05,31.5,33.269642857142856,0.5261509510948947,0.7014187149537309,0.7161037863587956,0.11568191765779845,0.7963881215051815
11,5,Gordon Hayward,SF,,2020-01-03,BOS,ATL,-10.5,223.5,117.0,7000,7,26.8,34.8,44.5,39.3,5.61,SF/PF,7000,2,22.0,21.0,106,111,22%,14,12,13,35,32,32,34.8,34.8,22.9,46.7,33.5,39.4,5.6,37.0,30.0,4.3,39.3,5.61,39.4,33.5,5.6,39.349999999999994,5.605,33.0,13.0,35.709999999999994,35.36666666666667,39.94621212121211,1.2361684376993716,0.9414479329987337,1.1887297618454404,0.9837713333863223,0.8328113946154384
11,6,Julius Randle,PF,,2020-01-03,NY,PHO,7.0,223.5,108.3,7700,12,33.5,48.2,61.0,42.8,5.55,PF/C,7700,1,27.0,18.0,105,109,-1%,18,20,15,34,34,32,48.2,37.0,27.3,46.6,34.0,39.8,5.2,34.6,39.8,5.2,42.8,5.55,39.8,34.0,5.2,41.3,5.375,33.333333333333336,17.666666666666668,40.080000000000005,47.56666666666666,42.126,1.3850430719874074,0.9894537766077344,1.3430342154980615,1.3396391332675288,0.6652643383082584
11,7,Bam Adebayo,C,,2020-01-03,MIA,ORL,-1.0,208.5,104.8,7600,12,21.8,39.8,55.8,40.5,5.33,C,7600,0,20.0,20.0,100,105,-7%,10,11,10,36,37,34,39.6,40.6,29.0,52.2,36.0,40.4,5.3,34.8,34.5,4.5,40.5,5.33,40.4,36.0,5.3,40.45,5.3149999999999995,35.666666666666664,10.333333333333334,40.370000000000005,39.13333333333333,40.82803738317757,1.3201490006310845,1.1814771510437367,1.251153067612387,1.3632550742207437,0.6215564105759502
12,0,Ish Smith,PG,,2020-01-03,WAS,POR,6.5,235.5,114.5,4200,21,13.3,25.7,37.3,22.0,5.24,PG,4200,1,19.0,13.0,104,109,5%,14,13,10,30,26,26,25.7,22.9,13.1,32.6,27.0,26.6,6.3,33.3,28.0,6.7,22.0,5.24,26.6,27.0,6.3,24.3,5.77,27.333333333333332,12.333333333333334,23.719999999999995,25.433333333333334,24.003658536585366,0.08716164486094381,0.3173719660817262,0.06017636238741557,0.007374326389605016,0.9530081958792841
12,1,Devin Booker,PG,,2020-01-03,PHO,NY,-7.0,223.5,115.3,7900,13,25.3,43.8,54.8,41.8,5.28,PG/SG,7900,1,29.0,20.0,101,110,-3%,21,20,18,38,38,36,43.8,41.1,29.3,53.0,36.5,41.6,5.3,38.5,51.3,6.5,41.8,5.28,41.6,36.5,5.3,41.7,5.29,37.333333333333336,19.666666666666668,41.78000000000001,41.3,40.769196428571426,1.4155814585080304,1.2294829946527372,1.246987790136879,1.4780774078208583,0.6033447740208224
12,2,Gordon Hayward,SF,,2020-01-03,BOS,ATL,-10.5,223.5,117.0,7000,7,26.8,34.8,44.5,39.3,5.61,SF/PF,7000,2,22.0,21.0,106,111,22%,14,12,13,35,32,32,34.8,34.8,22.9,46.7,33.5,39.4,5.6,37.0,30.0,4.3,39.3,5.61,39.4,33.5,5.6,39.349999999999994,5.605,33.0,13.0,35.709999999999994,35.36666666666667,39.94621212121211,1.2361684376993716,0.9414479329987337,1.1887297618454404,0.9837713333863223,0.8328113946154384
12,3,Derrick Jones Jr.,SF,,2020-01-03,MIA,ORL,-1.0,208.5,104.8,3900,4,17.0,21.5,25.5,22.3,5.71,SF/PF,3900,0,14.0,14.0,100,105,-6%,9,8,6,29,31,25,21.5,18.8,10.8,26.7,28.0,20.8,5.3,31.6,9.5,2.4,22.3,5.71,20.8,28.0,5.3,21.55,5.505,28.333333333333332,7.666666666666667,19.869999999999997,21.333333333333332,21.296470588235294,-0.12278976246833709,0.41338365329972737,-0.13146208159613645,-0.3061476483341114,0.7599648483949251
12,4,Jordan McRae,PG,,2020-01-03,WAS,POR,6.5,235.5,114.5,5800,21,21.8,31.9,55.0,34.5,5.95,PG/SG,5800,1,22.0,18.0,104,109,-4%,13,12,9,33,27,21,31.9,23.0,11.2,34.9,32.0,35.6,6.1,33.1,50.3,8.7,34.5,5.95,35.6,32.0,6.1,35.05,6.025,27.0,11.333333333333334,27.21,36.233333333333334,41.54074074074074,0.907880782602678,0.797430402171732,1.3016044455998292,0.29157996061967584,1.1387668887415927
12,5,Tobias Harris,SF,,2020-01-03,PHI,HOU,4.0,226.5,111.3,6600,9,15.0,33.9,54.3,35.0,5.3,SF/PF,6600,2,24.0,17.0,106,107,10%,17,16,16,36,34,35,37.9,36.1,26.8,45.5,34.5,36.1,5.5,41.5,32.5,4.9,35.0,5.3,36.1,34.5,5.5,35.55,5.4,35.0,16.333333333333332,36.370000000000005,34.4,35.04214285714285,0.9460537657534563,1.037459620216735,0.8415768412192334,1.0375179576246745,0.6834759748633868
12,6,Julius Randle,PF,,2020-01-03,NY,PHO,7.0,223.5,108.3,7700,12,33.5,48.2,61.0,42.8,5.55,PF/C,7700,1,27.0,18.0,105,109,-1%,18,20,15,34,34,32,48.2,37.0,27.3,46.6,34.0,39.8,5.2,34.6,39.8,5.2,42.8,5.55,39.8,34.0,5.2,41.3,5.375,33.333333333333336,17.666666666666668,40.080000000000005,47.56666666666666,42.126,1.3850430719874074,0.9894537766077344,1.3430342154980615,1.3396391332675288,0.6652643383082584
12,7,Marcus Smart,PG,,2020-01-03,BOS,ATL,-10.5,223.5,117.0,5100,9,2.8,17.1,25.8,30.5,5.98,PG/SG,5100,2,18.0,13.0,106,111,-1%,11,9,11,27,30,32,21.1,27.5,20.0,34.9,34.0,30.2,5.9,35.5,46.5,9.1,30.5,5.98,30.2,34.0,5.9,30.35,5.94,29.666666666666668,10.333333333333334,26.77,15.233333333333334,34.78314606741573,0.5490547409853619,0.9894537766077344,0.8232427828801031,0.2557488777941081,1.0768473244541568
13,0,Devin Booker,PG,,2020-01-03,PHO,NY,-7.0,223.5,115.3,7900,13,25.3,43.8,54.8,41.8,5.28,PG/SG,7900,1,29.0,20.0,101,110,-3%,21,20,18,38,38,36,43.8,41.1,29.3,53.0,36.5,41.6,5.3,38.5,51.3,6.5,41.8,5.28,41.6,36.5,5.3,41.7,5.29,37.333333333333336,19.666666666666668,41.78000000000001,41.3,40.769196428571426,1.4155814585080304,1.2294829946527372,1.246987790136879,1.4780774078208583,0.6033447740208224
13,1,Troy Brown,SG,,2020-01-03,WAS,POR,6.5,235.5,114.5,5400,8,13.0,28.7,52.8,29.8,5.51,SG/SF,5400,1,17.0,14.0,104,109,8%,10,13,8,28,31,25,28.7,22.2,12.7,31.6,31.0,30.3,5.6,31.0,21.3,3.9,29.8,5.51,30.3,31.0,5.6,30.05,5.555,28.0,10.333333333333334,25.05,31.5,33.269642857142856,0.5261509510948947,0.7014187149537309,0.7161037863587956,0.11568191765779845,0.7963881215051815
13,2,P.J. Tucker,SF,,2020-01-03,HOU,PHI,-4.0,226.5,115.3,3900,20,11.3,18.9,30.0,21.0,5.38,SF/PF,3900,2,9.0,10.0,102,103,1%,4,5,7,34,37,36,18.9,24.4,15.1,33.7,35.0,20.9,5.4,36.9,8.3,2.1,21.0,5.38,20.9,35.0,5.4,20.95,5.390000000000001,35.666666666666664,5.333333333333333,22.61,20.066666666666666,20.558411214953274,-0.1685973422492712,1.0854654638257355,-0.1837083801767151,-0.08301772346580384,0.6761913202413358
13,3,Julius Randle,PF,,2020-01-03,NY,PHO,7.0,223.5,108.3,7700,12,33.5,48.2,61.0,42.8,5.55,PF/C,7700,1,27.0,18.0,105,109,-1%,18,20,15,34,34,32,48.2,37.0,27.3,46.6,34.0,39.8,5.2,34.6,39.8,5.2,42.8,5.55,39.8,34.0,5.2,41.3,5.375,33.333333333333336,17.666666666666668,40.080000000000005,47.56666666666666,42.126,1.3850430719874074,0.9894537766077344,1.3430342154980615,1.3396391332675288,0.6652643383082584
13,4,Brad Wanamaker,PG,,2020-01-03,BOS,ATL,-10.5,223.5,117.0,3900,9,9.3,13.0,16.5,20.5,5.26,PG/SG,3900,2,17.0,13.0,106,111,-1%,5,4,5,18,21,20,13.0,16.5,10.7,22.3,23.0,19.7,5.1,22.8,13.5,3.5,20.5,5.26,19.7,23.0,5.1,20.1,5.18,19.666666666666668,4.666666666666667,16.52,12.933333333333332,23.50677966101695,-0.23349141360559422,-0.06667478279027843,0.02500292915007349,-0.5789524834833192,0.523213573178258
13,5,Gordon Hayward,SF,,2020-01-03,BOS,ATL,-10.5,223.5,117.0,7000,7,26.8,34.8,44.5,39.3,5.61,SF/PF,7000,2,22.0,21.0,106,111,22%,14,12,13,35,32,32,34.8,34.8,22.9,46.7,33.5,39.4,5.6,37.0,30.0,4.3,39.3,5.61,39.4,33.5,5.6,39.349999999999994,5.605,33.0,13.0,35.709999999999994,35.36666666666667,39.94621212121211,1.2361684376993716,0.9414479329987337,1.1887297618454404,0.9837713333863223,0.8328113946154384
13,6,Bam Adebayo,C,,2020-01-03,MIA,ORL,-1.0,208.5,104.8,7600,12,21.8,39.8,55.8,40.5,5.33,C,7600,0,20.0,20.0,100,105,-7%,10,11,10,36,37,34,39.6,40.6,29.0,52.2,36.0,40.4,5.3,34.8,34.5,4.5,40.5,5.33,40.4,36.0,5.3,40.45,5.3149999999999995,35.666666666666664,10.333333333333334,40.370000000000005,39.13333333333333,40.82803738317757,1.3201490006310845,1.1814771510437367,1.251153067612387,1.3632550742207437,0.6215564105759502
13,7,Marcus Smart,PG,,2020-01-03,BOS,ATL,-10.5,223.5,117.0,5100,9,2.8,17.1,25.8,30.5,5.98,PG/SG,5100,2,18.0,13.0,106,111,-1%,11,9,11,27,30,32,21.1,27.5,20.0,34.9,34.0,30.2,5.9,35.5,46.5,9.1,30.5,5.98,30.2,34.0,5.9,30.35,5.94,29.666666666666668,10.333333333333334,26.77,15.233333333333334,34.78314606741573,0.5490547409853619,0.9894537766077344,0.8232427828801031,0.2557488777941081,1.0768473244541568
14,0,Devin Booker,PG,,2020-01-03,PHO,NY,-7.0,223.5,115.3,7900,13,25.3,43.8,54.8,41.8,5.28,PG/SG,7900,1,29.0,20.0,101,110,-3%,21,20,18,38,38,36,43.8,41.1,29.3,53.0,36.5,41.6,5.3,38.5,51.3,6.5,41.8,5.28,41.6,36.5,5.3,41.7,5.29,37.333333333333336,19.666666666666668,41.78000000000001,41.3,40.769196428571426,1.4155814585080304,1.2294829946527372,1.246987790136879,1.4780774078208583,0.6033447740208224
14,1,Eric Gordon,SG,,2020-01-03,HOU,PHI,-4.0,226.5,115.3,3700,30,11.0,21.6,28.3,18.8,5.07,SG/SF,3700,2,20.0,6.0,102,103,-7%,10,11,12,24,26,29,21.6,17.6,10.5,24.7,28.0,19.7,5.3,29.9,18.0,4.9,18.8,5.07,19.7,28.0,5.3,19.25,5.1850000000000005,26.333333333333332,11.0,18.73,20.3,20.468354430379748,-0.2983854849619175,0.41338365329972737,-0.19008338715631948,-0.39898272656399086,0.5268559004892842
14,2,Gordon Hayward,SF,,2020-01-03,BOS,ATL,-10.5,223.5,117.0,7000,7,26.8,34.8,44.5,39.3,5.61,SF/PF,7000,2,22.0,21.0,106,111,22%,14,12,13,35,32,32,34.8,34.8,22.9,46.7,33.5,39.4,5.6,37.0,30.0,4.3,39.3,5.61,39.4,33.5,5.6,39.349999999999994,5.605,33.0,13.0,35.709999999999994,35.36666666666667,39.94621212121211,1.2361684376993716,0.9414479329987337,1.1887297618454404,0.9837713333863223,0.8328113946154384
14,3,Brandon Ingram,SF,,2020-01-03,NO,LAL,9.5,226.0,108.3,7800,25,37.8,45.1,51.3,39.3,5.03,SF/PF,7800,4,29.0,22.0,103,102,-3%,17,17,19,35,36,35,45.1,44.2,36.3,52.1,36.0,41.1,5.3,35.1,33.8,4.3,39.3,5.03,41.1,36.0,5.3,40.2,5.165,35.333333333333336,17.666666666666668,43.58,44.73333333333333,40.95849056603774,1.3010625090556953,1.1814771510437367,1.2603876850283149,1.6246591102890886,0.5122865912451813
14,4,Marcus Smart,PG,,2020-01-03,BOS,ATL,-10.5,223.5,117.0,5100,9,2.8,17.1,25.8,30.5,5.98,PG/SG,5100,2,18.0,13.0,106,111,-1%,11,9,11,27,30,32,21.1,27.5,20.0,34.9,34.0,30.2,5.9,35.5,46.5,9.1,30.5,5.98,30.2,34.0,5.9,30.35,5.94,29.666666666666668,10.333333333333334,26.77,15.233333333333334,34.78314606741573,0.5490547409853619,0.9894537766077344,0.8232427828801031,0.2557488777941081,1.0768473244541568
14,5,Garrison Mathews,SG,,2020-01-03,WAS,POR,6.5,235.5,114.5,3000,8,1.3,14.6,34.5,21.5,7.17,SG/SF,3000,1,,,104,109,5%,7,4,3,23,16,12,14.6,9.3,0.1,18.5,23.0,19.9,6.6,24.7,24.5,8.2,21.5,7.17,19.9,23.0,6.6,20.7,6.885,17.0,4.666666666666667,12.64,16.8,28.005882352941175,-0.1876838338246604,-0.06667478279027843,0.3434887733737993,-0.8949174865815062,1.7652471862380035
14,6,Bam Adebayo,C,,2020-01-03,MIA,ORL,-1.0,208.5,104.8,7600,12,21.8,39.8,55.8,40.5,5.33,C,7600,0,20.0,20.0,100,105,-7%,10,11,10,36,37,34,39.6,40.6,29.0,52.2,36.0,40.4,5.3,34.8,34.5,4.5,40.5,5.33,40.4,36.0,5.3,40.45,5.3149999999999995,35.666666666666664,10.333333333333334,40.370000000000005,39.13333333333333,40.82803738317757,1.3201490006310845,1.1814771510437367,1.251153067612387,1.3632550742207437,0.6215564105759502
14,7,Derrick Jones Jr.,SF,,2020-01-03,MIA,ORL,-1.0,208.5,104.8,3900,4,17.0,21.5,25.5,22.3,5.71,SF/PF,3900,0,14.0,14.0,100,105,-6%,9,8,6,29,31,25,21.5,18.8,10.8,26.7,28.0,20.8,5.3,31.6,9.5,2.4,22.3,5.71,20.8,28.0,5.3,21.55,5.505,28.333333333333332,7.666666666666667,19.869999999999997,21.333333333333332,21.296470588235294,-0.12278976246833709,0.41338365329972737,-0.13146208159613645,-0.3061476483341114,0.7599648483949251
15,0,Markelle Fultz,PG,,2020-01-03,ORL,MIA,1.0,208.5,103.8,4900,10,15.8,25.1,37.0,25.8,5.26,PG/SG,4900,1,22.0,14.0,101,105,-10%,10,10,10,26,28,26,25.1,24.0,17.9,30.0,29.0,24.4,5.0,31.6,22.8,4.7,25.8,5.26,24.4,29.0,5.0,25.1,5.13,26.666666666666668,10.0,24.419999999999998,25.96666666666667,27.29625,0.14823841790218922,0.5093953405177285,0.29325478795697,0.06437832179391735,0.4867903000680016
15,1,Terrence Ross,SG,,2020-01-03,ORL,MIA,1.0,208.5,103.8,4000,17,13.5,22.9,36.0,23.0,5.75,SG/SF,4000,1,22.0,13.0,101,105,-2%,11,11,11,26,28,25,22.9,20.7,13.7,27.8,27.0,21.9,5.5,25.0,34.5,8.6,23.0,5.75,21.9,27.0,5.5,22.45,5.625,26.333333333333332,11.0,21.509999999999998,24.133333333333336,23.01835443037975,-0.05407839279693617,0.3173719660817262,-0.00957208115117547,-0.17259543052972298,0.8473807038595407
15,2,Troy Brown,SG,,2020-01-03,WAS,POR,6.5,235.5,114.5,5400,8,13.0,28.7,52.8,29.8,5.51,SG/SF,5400,1,17.0,14.0,104,109,8%,10,13,8,28,31,25,28.7,22.2,12.7,31.6,31.0,30.3,5.6,31.0,21.3,3.9,29.8,5.51,30.3,31.0,5.6,30.05,5.555,28.0,10.333333333333334,25.05,31.5,33.269642857142856,0.5261509510948947,0.7014187149537309,0.7161037863587956,0.11568191765779845,0.7963881215051815
15,3,Julius Randle,PF,,2020-01-03,NY,PHO,7.0,223.5,108.3,7700,12,33.5,48.2,61.0,42.8,5.55,PF/C,7700,1,27.0,18.0,105,109,-1%,18,20,15,34,34,32,48.2,37.0,27.3,46.6,34.0,39.8,5.2,34.6,39.8,5.2,42.8,5.55,39.8,34.0,5.2,41.3,5.375,33.333333333333336,17.666666666666668,40.080000000000005,47.56666666666666,42.126,1.3850430719874074,0.9894537766077344,1.3430342154980615,1.3396391332675288,0.6652643383082584
15,4,Brad Wanamaker,PG,,2020-01-03,BOS,ATL,-10.5,223.5,117.0,3900,9,9.3,13.0,16.5,20.5,5.26,PG/SG,3900,2,17.0,13.0,106,111,-1%,5,4,5,18,21,20,13.0,16.5,10.7,22.3,23.0,19.7,5.1,22.8,13.5,3.5,20.5,5.26,19.7,23.0,5.1,20.1,5.18,19.666666666666668,4.666666666666667,16.52,12.933333333333332,23.50677966101695,-0.23349141360559422,-0.06667478279027843,0.02500292915007349,-0.5789524834833192,0.523213573178258
15,5,Josh Richardson,SG,,2020-01-03,PHI,HOU,4.0,226.5,111.3,5900,20,20.5,31.2,36.0,30.8,5.21,SG/SF,5900,2,22.0,13.0,106,107,10%,12,14,13,35,35,33,31.1,29.0,20.9,37.2,35.5,31.7,5.4,38.5,20.5,3.5,30.8,5.21,31.7,35.5,5.4,31.25,5.305,34.333333333333336,13.0,29.890000000000004,29.233333333333334,32.31189320388349,0.6177661106567628,1.133471307434736,0.6483058880310224,0.5098238287390424,0.6142717559538992
15,6,Nikola Vucevic,C,,2020-01-03,ORL,MIA,1.0,208.5,103.8,8000,29,37.3,42.8,49.0,41.8,5.22,C,8000,1,25.0,23.0,101,105,-7%,20,18,16,33,32,32,42.8,42.4,32.5,52.2,32.0,41.4,5.2,32.9,47.8,6.0,41.8,5.22,41.4,32.0,5.2,41.599999999999994,5.21,32.333333333333336,18.0,42.3,43.03333333333333,41.171134020618545,1.407946861877874,0.797430402171732,1.2754404488321687,1.5204232329783465,0.545067537044412
15,7,Marcus Smart,PG,,2020-01-03,BOS,ATL,-10.5,223.5,117.0,5100,9,2.8,17.1,25.8,30.5,5.98,PG/SG,5100,2,18.0,13.0,106,111,-1%,11,9,11,27,30,32,21.1,27.5,20.0,34.9,34.0,30.2,5.9,35.5,46.5,9.1,30.5,5.98,30.2,34.0,5.9,30.35,5.94,29.666666666666668,10.333333333333334,26.77,15.233333333333334,34.78314606741573,0.5490547409853619,0.9894537766077344,0.8232427828801031,0.2557488777941081,1.0768473244541568
16,0,Markelle Fultz,PG,,2020-01-03,ORL,MIA,1.0,208.5,103.8,4900,10,15.8,25.1,37.0,25.8,5.26,PG/SG,4900,1,22.0,14.0,101,105,-10%,10,10,10,26,28,26,25.1,24.0,17.9,30.0,29.0,24.4,5.0,31.6,22.8,4.7,25.8,5.26,24.4,29.0,5.0,25.1,5.13,26.666666666666668,10.0,24.419999999999998,25.96666666666667,27.29625,0.14823841790218922,0.5093953405177285,0.29325478795697,0.06437832179391735,0.4867903000680016
16,1,Devin Booker,PG,,2020-01-03,PHO,NY,-7.0,223.5,115.3,7900,13,25.3,43.8,54.8,41.8,5.28,PG/SG,7900,1,29.0,20.0,101,110,-3%,21,20,18,38,38,36,43.8,41.1,29.3,53.0,36.5,41.6,5.3,38.5,51.3,6.5,41.8,5.28,41.6,36.5,5.3,41.7,5.29,37.333333333333336,19.666666666666668,41.78000000000001,41.3,40.769196428571426,1.4155814585080304,1.2294829946527372,1.246987790136879,1.4780774078208583,0.6033447740208224
16,2,Brandon Ingram,SF,,2020-01-03,NO,LAL,9.5,226.0,108.3,7800,25,37.8,45.1,51.3,39.3,5.03,SF/PF,7800,4,29.0,22.0,103,102,-3%,17,17,19,35,36,35,45.1,44.2,36.3,52.1,36.0,41.1,5.3,35.1,33.8,4.3,39.3,5.03,41.1,36.0,5.3,40.2,5.165,35.333333333333336,17.666666666666668,43.58,44.73333333333333,40.95849056603774,1.3010625090556953,1.1814771510437367,1.2603876850283149,1.6246591102890886,0.5122865912451813
16,3,P.J. Tucker,SF,,2020-01-03,HOU,PHI,-4.0,226.5,115.3,3900,20,11.3,18.9,30.0,21.0,5.38,SF/PF,3900,2,9.0,10.0,102,103,1%,4,5,7,34,37,36,18.9,24.4,15.1,33.7,35.0,20.9,5.4,36.9,8.3,2.1,21.0,5.38,20.9,35.0,5.4,20.95,5.390000000000001,35.666666666666664,5.333333333333333,22.61,20.066666666666666,20.558411214953274,-0.1685973422492712,1.0854654638257355,-0.1837083801767151,-0.08301772346580384,0.6761913202413358
16,4,Russell Westbrook,PG,,2020-01-03,HOU,PHI,-4.0,226.5,115.3,9000,2,44.8,49.5,56.0,46.0,5.11,PG,9000,2,34.0,19.0,102,103,-9%,25,25,22,36,37,36,49.5,49.6,38.7,60.6,36.5,48.0,5.3,35.3,39.3,4.4,46.0,5.11,48.0,36.5,5.3,47.0,5.205,36.333333333333336,24.0,49.08,50.1,47.21559633027523,1.8202150799062806,1.2294829946527372,1.7033203647596185,2.072547645608684,0.5414252097333865
16,5,Mike Scott,SF,,2020-01-03,PHI,HOU,4.0,226.5,111.3,3000,9,2.0,6.5,8.8,12.5,4.17,SF/PF,3000,2,13.0,10.0,106,107,6%,7,5,5,18,17,19,6.5,12.3,5.6,19.0,17.5,11.9,4.0,12.0,6.5,2.2,12.5,4.17,11.9,17.5,4.0,12.2,4.085,18.0,5.666666666666667,11.12,5.766666666666667,11.861111111111109,-0.8366245473878923,-0.5947390624892848,-0.7993793607505282,-1.0186975908880125,-0.2744561079363584
16,6,John Collins,PF,,2020-01-03,ATL,BOS,10.5,223.5,106.5,7500,22,29.8,40.5,55.0,36.8,4.9,PF/C,7500,3,22.0,21.0,101,102,-1%,18,16,14,33,32,32,40.5,39.6,29.7,49.5,32.5,40.3,5.4,22.1,28.5,3.8,36.8,4.9,40.3,32.5,5.4,38.55,5.15,32.333333333333336,16.0,39.56999999999999,41.766666666666666,38.74871134020618,1.1750916646581264,0.8454362457807326,1.1039601814840438,1.298107650901529,0.5013596093121045
16,7,Ben McLemore,SG,,2020-01-03,HOU,PHI,-4.0,226.5,115.3,3600,30,10.3,14.8,23.5,12.8,3.54,SG/SF,3600,2,16.0,11.0,102,103,-7%,7,8,8,24,25,25,14.8,18.3,8.4,28.3,16.0,10.7,3.0,13.3,4.3,1.2,12.8,3.54,10.7,16.0,3.0,11.75,3.27,24.666666666666668,7.666666666666667,16.310000000000002,16.2,7.621621621621621,-0.8709802322235927,-0.7387565933162865,-1.0994875115516374,-0.5960536821046125,-0.8681554596335387
17,0,Jrue Holiday,PG,,2020-01-03,NO,LAL,9.5,226.0,108.3,7400,22,39.0,41.7,47.5,39.3,5.3,PG/SG,7400,4,27.0,17.0,103,102,-3%,17,19,18,32,34,36,41.6,41.1,32.1,50.2,35.5,39.3,5.3,35.6,27.3,3.7,39.3,5.3,39.3,35.5,5.3,39.3,5.3,34.0,18.0,40.86,42.73333333333333,41.03382352941176,1.2323511393842939,1.133471307434736,1.2657204111474845,1.4031578710037618,0.6106294286428735
17,1,Garrison Mathews,SG,,2020-01-03,WAS,POR,6.5,235.5,114.5,3000,8,1.3,14.6,34.5,21.5,7.17,SG/SF,3000,1,,,104,109,5%,7,4,3,23,16,12,14.6,9.3,0.1,18.5,23.0,19.9,6.6,24.7,24.5,8.2,21.5,7.17,19.9,23.0,6.6,20.7,6.885,17.0,4.666666666666667,12.64,16.8,28.005882352941175,-0.1876838338246604,-0.06667478279027843,0.3434887733737993,-0.8949174865815062,1.7652471862380035
17,2,Ben Simmons,PG,,2020-01-03,PHI,HOU,4.0,226.5,111.3,8100,23,35.5,48.0,58.8,44.3,5.46,PG/SF,8100,2,22.0,19.0,106,107,-2%,12,12,11,38,38,36,48.3,42.0,33.4,50.6,36.5,42.5,5.2,42.2,78.8,9.7,44.3,5.46,42.5,36.5,5.2,43.4,5.33,37.333333333333336,11.666666666666666,43.540000000000006,47.43333333333334,42.43125,1.5453696012206763,1.2294829946527372,1.364642480658089,1.6214017391231286,0.6324833925090276
17,3,Julius Randle,PF,,2020-01-03,NY,PHO,7.0,223.5,108.3,7700,12,33.5,48.2,61.0,42.8,5.55,PF/C,7700,1,27.0,18.0,105,109,-1%,18,20,15,34,34,32,48.2,37.0,27.3,46.6,34.0,39.8,5.2,34.6,39.8,5.2,42.8,5.55,39.8,34.0,5.2,41.3,5.375,33.333333333333336,17.666666666666668,40.080000000000005,47.56666666666666,42.126,1.3850430719874074,0.9894537766077344,1.3430342154980615,1.3396391332675288,0.6652643383082584
17,4,Troy Brown,SG,,2020-01-03,WAS,POR,6.5,235.5,114.5,5400,8,13.0,28.7,52.8,29.8,5.51,SG/SF,5400,1,17.0,14.0,104,109,8%,10,13,8,28,31,25,28.7,22.2,12.7,31.6,31.0,30.3,5.6,31.0,21.3,3.9,29.8,5.51,30.3,31.0,5.6,30.05,5.555,28.0,10.333333333333334,25.05,31.5,33.269642857142856,0.5261509510948947,0.7014187149537309,0.7161037863587956,0.11568191765779845,0.7963881215051815
17,5,Derrick Jones Jr.,SF,,2020-01-03,MIA,ORL,-1.0,208.5,104.8,3900,4,17.0,21.5,25.5,22.3,5.71,SF/PF,3900,0,14.0,14.0,100,105,-6%,9,8,6,29,31,25,21.5,18.8,10.8,26.7,28.0,20.8,5.3,31.6,9.5,2.4,22.3,5.71,20.8,28.0,5.3,21.55,5.505,28.333333333333332,7.666666666666667,19.869999999999997,21.333333333333332,21.296470588235294,-0.12278976246833709,0.41338365329972737,-0.13146208159613645,-0.3061476483341114,0.7599648483949251
17,6,Isaiah Hartenstein,PF,,2020-01-03,HOU,PHI,-4.0,226.5,115.3,4500,23,1.3,21.5,39.3,10.5,2.33,PF/C,4500,2,,,102,103,-10%,10,5,4,26,17,15,21.4,15.4,1.8,28.9,12.0,11.9,2.6,11.1,4.0,0.9,10.5,2.33,11.9,12.0,2.6,11.2,2.465,19.333333333333332,6.333333333333333,15.739999999999998,20.7,6.951724137931035,-0.9129705136894489,-1.1228033421882913,-1.146908715344009,-0.6424712212195527,-1.454570156708668
17,7,Marcus Smart,PG,,2020-01-03,BOS,ATL,-10.5,223.5,117.0,5100,9,2.8,17.1,25.8,30.5,5.98,PG/SG,5100,2,18.0,13.0,106,111,-1%,11,9,11,27,30,32,21.1,27.5,20.0,34.9,34.0,30.2,5.9,35.5,46.5,9.1,30.5,5.98,30.2,34.0,5.9,30.35,5.94,29.666666666666668,10.333333333333334,26.77,15.233333333333334,34.78314606741573,0.5490547409853619,0.9894537766077344,0.8232427828801031,0.2557488777941081,1.0768473244541568
18,0,Marcus Smart,PG,,2020-01-03,BOS,ATL,-10.5,223.5,117.0,5100,9,2.8,17.1,25.8,30.5,5.98,PG/SG,5100,2,18.0,13.0,106,111,-1%,11,9,11,27,30,32,21.1,27.5,20.0,34.9,34.0,30.2,5.9,35.5,46.5,9.1,30.5,5.98,30.2,34.0,5.9,30.35,5.94,29.666666666666668,10.333333333333334,26.77,15.233333333333334,34.78314606741573,0.5490547409853619,0.9894537766077344,0.8232427828801031,0.2557488777941081,1.0768473244541568
18,1,Frank Ntilikina,PG,,2020-01-03,NY,PHO,7.0,223.5,108.3,3200,28,6.5,17.2,34.3,12.8,3.98,PG/SG,3200,1,15.0,10.0,105,109,4%,4,4,6,20,15,23,17.1,16.7,5.5,27.8,17.5,12.3,3.8,16.4,10.0,3.1,12.8,3.98,12.3,17.5,3.8,12.55,3.8899999999999997,19.333333333333332,4.666666666666667,15.929999999999998,19.333333333333332,11.359913793103448,-0.8099034591823473,-0.5947390624892848,-0.8348584911190923,-0.6269987081812395,-0.4165068730663588
18,2,Tobias Harris,SF,,2020-01-03,PHI,HOU,4.0,226.5,111.3,6600,9,15.0,33.9,54.3,35.0,5.3,SF/PF,6600,2,24.0,17.0,106,107,10%,17,16,16,36,34,35,37.9,36.1,26.8,45.5,34.5,36.1,5.5,41.5,32.5,4.9,35.0,5.3,36.1,34.5,5.5,35.55,5.4,35.0,16.333333333333332,36.370000000000005,34.4,35.04214285714285,0.9460537657534563,1.037459620216735,0.8415768412192334,1.0375179576246745,0.6834759748633868
18,3,John Collins,PF,,2020-01-03,ATL,BOS,10.5,223.5,106.5,7500,22,29.8,40.5,55.0,36.8,4.9,PF/C,7500,3,22.0,21.0,101,102,-1%,18,16,14,33,32,32,40.5,39.6,29.7,49.5,32.5,40.3,5.4,22.1,28.5,3.8,36.8,4.9,40.3,32.5,5.4,38.55,5.15,32.333333333333336,16.0,39.56999999999999,41.766666666666666,38.74871134020618,1.1750916646581264,0.8454362457807326,1.1039601814840438,1.298107650901529,0.5013596093121045
18,4,Markelle Fultz,PG,,2020-01-03,ORL,MIA,1.0,208.5,103.8,4900,10,15.8,25.1,37.0,25.8,5.26,PG/SG,4900,1,22.0,14.0,101,105,-10%,10,10,10,26,28,26,25.1,24.0,17.9,30.0,29.0,24.4,5.0,31.6,22.8,4.7,25.8,5.26,24.4,29.0,5.0,25.1,5.13,26.666666666666668,10.0,24.419999999999998,25.96666666666667,27.29625,0.14823841790218922,0.5093953405177285,0.29325478795697,0.06437832179391735,0.4867903000680016
18,5,Admiral Schofield,SF,,2020-01-03,WAS,POR,6.5,235.5,114.5,3000,24,-0.5,3.2,12.5,3.3,1.08,SF/PF,3000,1,12.0,7.0,104,109,5%,1,2,3,3,9,11,3.1,6.6,-1.5,14.7,0.0,0.0,0.0,12.4,3.5,1.2,3.3,1.08,0.0,0.0,0.0,1.65,0.54,7.666666666666667,2.0,4.909999999999999,5.066666666666666,0.0,-1.6420744918693153,-2.2749435888043053,-1.6390125597069165,-1.5244044644034098,-2.8568661714535417
18,6,Bam Adebayo,C,,2020-01-03,MIA,ORL,-1.0,208.5,104.8,7600,12,21.8,39.8,55.8,40.5,5.33,C,7600,0,20.0,20.0,100,105,-7%,10,11,10,36,37,34,39.6,40.6,29.0,52.2,36.0,40.4,5.3,34.8,34.5,4.5,40.5,5.33,40.4,36.0,5.3,40.45,5.3149999999999995,35.666666666666664,10.333333333333334,40.370000000000005,39.13333333333333,40.82803738317757,1.3201490006310845,1.1814771510437367,1.251153067612387,1.3632550742207437,0.6215564105759502
18,7,Russell Westbrook,PG,,2020-01-03,HOU,PHI,-4.0,226.5,115.3,9000,2,44.8,49.5,56.0,46.0,5.11,PG,9000,2,34.0,19.0,102,103,-9%,25,25,22,36,37,36,49.5,49.6,38.7,60.6,36.5,48.0,5.3,35.3,39.3,4.4,46.0,5.11,48.0,36.5,5.3,47.0,5.205,36.333333333333336,24.0,49.08,50.1,47.21559633027523,1.8202150799062806,1.2294829946527372,1.7033203647596185,2.072547645608684,0.5414252097333865
19,0,Markelle Fultz,PG,,2020-01-03,ORL,MIA,1.0,208.5,103.8,4900,10,15.8,25.1,37.0,25.8,5.26,PG/SG,4900,1,22.0,14.0,101,105,-10%,10,10,10,26,28,26,25.1,24.0,17.9,30.0,29.0,24.4,5.0,31.6,22.8,4.7,25.8,5.26,24.4,29.0,5.0,25.1,5.13,26.666666666666668,10.0,24.419999999999998,25.96666666666667,27.29625,0.14823841790218922,0.5093953405177285,0.29325478795697,0.06437832179391735,0.4867903000680016
19,1,Jordan McRae,PG,,2020-01-03,WAS,POR,6.5,235.5,114.5,5800,21,21.8,31.9,55.0,34.5,5.95,PG/SG,5800,1,22.0,18.0,104,109,-4%,13,12,9,33,27,21,31.9,23.0,11.2,34.9,32.0,35.6,6.1,33.1,50.3,8.7,34.5,5.95,35.6,32.0,6.1,35.05,6.025,27.0,11.333333333333334,27.21,36.233333333333334,41.54074074074074,0.907880782602678,0.797430402171732,1.3016044455998292,0.29157996061967584,1.1387668887415927
19,2,Tobias Harris,SF,,2020-01-03,PHI,HOU,4.0,226.5,111.3,6600,9,15.0,33.9,54.3,35.0,5.3,SF/PF,6600,2,24.0,17.0,106,107,10%,17,16,16,36,34,35,37.9,36.1,26.8,45.5,34.5,36.1,5.5,41.5,32.5,4.9,35.0,5.3,36.1,34.5,5.5,35.55,5.4,35.0,16.333333333333332,36.370000000000005,34.4,35.04214285714285,0.9460537657534563,1.037459620216735,0.8415768412192334,1.0375179576246745,0.6834759748633868
19,3,Al Horford,PF,,2020-01-03,PHI,HOU,4.0,226.5,111.3,5800,16,14.0,23.5,38.0,30.8,5.3,PF/C,5800,2,19.0,16.0,106,107,6%,9,9,12,28,31,31,23.4,30.6,21.6,39.6,30.5,29.8,5.1,34.1,20.5,3.5,30.8,5.3,29.8,30.5,5.1,30.3,5.199999999999999,30.0,10.0,29.1,25.166666666666668,30.805,0.545237442670284,0.6534128713447303,0.5416348055826754,0.44549074821131857,0.5377828824223603
19,4,Ben Simmons,PG,,2020-01-03,PHI,HOU,4.0,226.5,111.3,8100,23,35.5,48.0,58.8,44.3,5.46,PG/SF,8100,2,22.0,19.0,106,107,-2%,12,12,11,38,38,36,48.3,42.0,33.4,50.6,36.5,42.5,5.2,42.2,78.8,9.7,44.3,5.46,42.5,36.5,5.2,43.4,5.33,37.333333333333336,11.666666666666666,43.540000000000006,47.43333333333334,42.43125,1.5453696012206763,1.2294829946527372,1.364642480658089,1.6214017391231286,0.6324833925090276
19,5,Gordon Hayward,SF,,2020-01-03,BOS,ATL,-10.5,223.5,117.0,7000,7,26.8,34.8,44.5,39.3,5.61,SF/PF,7000,2,22.0,21.0,106,111,22%,14,12,13,35,32,32,34.8,34.8,22.9,46.7,33.5,39.4,5.6,37.0,30.0,4.3,39.3,5.61,39.4,33.5,5.6,39.349999999999994,5.605,33.0,13.0,35.709999999999994,35.36666666666667,39.94621212121211,1.2361684376993716,0.9414479329987337,1.1887297618454404,0.9837713333863223,0.8328113946154384
19,6,Anthony Tolliver,PF,,2020-01-03,POR,WAS,-6.5,235.5,121.0,3000,29,5.0,10.9,17.8,13.5,4.5,PF/C,3000,1,11.0,7.0,106,114,5%,3,3,3,16,18,17,10.9,9.8,2.5,17.0,16.5,10.6,3.5,14.9,3.5,1.2,13.5,4.5,10.6,16.5,3.5,12.05,4.0,17.0,3.0,10.45,11.233333333333334,11.695588235294117,-0.8480764423331256,-0.690750749707286,-0.8110965178044311,-1.0732585579178542,-0.3363756722237944
19,7,Isaiah Hartenstein,PF,,2020-01-03,HOU,PHI,-4.0,226.5,115.3,4500,23,1.3,21.5,39.3,10.5,2.33,PF/C,4500,2,,,102,103,-10%,10,5,4,26,17,15,21.4,15.4,1.8,28.9,12.0,11.9,2.6,11.1,4.0,0.9,10.5,2.33,11.9,12.0,2.6,11.2,2.465,19.333333333333332,6.333333333333333,15.739999999999998,20.7,6.951724137931035,-0.9129705136894489,-1.1228033421882913,-1.146908715344009,-0.6424712212195527,-1.454570156708668
20,0,Devin Booker,PG,,2020-01-03,PHO,NY,-7.0,223.5,115.3,7900,13,25.3,43.8,54.8,41.8,5.28,PG/SG,7900,1,29.0,20.0,101,110,-3%,21,20,18,38,38,36,43.8,41.1,29.3,53.0,36.5,41.6,5.3,38.5,51.3,6.5,41.8,5.28,41.6,36.5,5.3,41.7,5.29,37.333333333333336,19.666666666666668,41.78000000000001,41.3,40.769196428571426,1.4155814585080304,1.2294829946527372,1.246987790136879,1.4780774078208583,0.6033447740208224
20,1,Reggie Bullock,SG,,2020-01-03,NY,PHO,7.0,223.5,108.3,3100,18,15.0,19.8,30.3,10.5,3.39,SG/SF,3100,1,,,105,109,5%,0,0,0,0,0,0,0.0,0.0,0.0,0.0,11.5,8.5,2.7,18.6,17.5,5.6,10.5,3.39,8.5,11.5,2.7,9.5,3.045,0.0,0.0,1.9,21.7,0.0,-1.0427586564020952,-1.1708091857972918,-1.6390125597069165,-1.769521644641952,-1.032060188629693
20,2,Gordon Hayward,SF,,2020-01-03,BOS,ATL,-10.5,223.5,117.0,7000,7,26.8,34.8,44.5,39.3,5.61,SF/PF,7000,2,22.0,21.0,106,111,22%,14,12,13,35,32,32,34.8,34.8,22.9,46.7,33.5,39.4,5.6,37.0,30.0,4.3,39.3,5.61,39.4,33.5,5.6,39.349999999999994,5.605,33.0,13.0,35.709999999999994,35.36666666666667,39.94621212121211,1.2361684376993716,0.9414479329987337,1.1887297618454404,0.9837713333863223,0.8328113946154384
20,3,Tobias Harris,SF,,2020-01-03,PHI,HOU,4.0,226.5,111.3,6600,9,15.0,33.9,54.3,35.0,5.3,SF/PF,6600,2,24.0,17.0,106,107,10%,17,16,16,36,34,35,37.9,36.1,26.8,45.5,34.5,36.1,5.5,41.5,32.5,4.9,35.0,5.3,36.1,34.5,5.5,35.55,5.4,35.0,16.333333333333332,36.370000000000005,34.4,35.04214285714285,0.9460537657534563,1.037459620216735,0.8415768412192334,1.0375179576246745,0.6834759748633868
20,4,Kevin Huerter,PG,,2020-01-03,ATL,BOS,10.5,223.5,106.5,5200,27,11.8,26.4,38.5,23.5,4.52,PG/SG,5200,3,19.0,11.0,101,102,-5%,13,12,9,31,31,26,26.4,22.0,14.3,29.6,32.0,25.3,4.9,38.8,38.3,7.4,23.5,4.52,25.3,32.0,4.9,24.4,4.71,29.333333333333332,11.333333333333334,23.339999999999996,25.566666666666666,26.618181818181817,0.09479624149109932,0.797430402171732,0.24525519067832935,-0.023570699687021475,0.1808348059418474
20,5,Admiral Schofield,SF,,2020-01-03,WAS,POR,6.5,235.5,114.5,3000,24,-0.5,3.2,12.5,3.3,1.08,SF/PF,3000,1,12.0,7.0,104,109,5%,1,2,3,3,9,11,3.1,6.6,-1.5,14.7,0.0,0.0,0.0,12.4,3.5,1.2,3.3,1.08,0.0,0.0,0.0,1.65,0.54,7.666666666666667,2.0,4.909999999999999,5.066666666666666,0.0,-1.6420744918693153,-2.2749435888043053,-1.6390125597069165,-1.5244044644034098,-2.8568661714535417
20,6,Julius Randle,PF,,2020-01-03,NY,PHO,7.0,223.5,108.3,7700,12,33.5,48.2,61.0,42.8,5.55,PF/C,7700,1,27.0,18.0,105,109,-1%,18,20,15,34,34,32,48.2,37.0,27.3,46.6,34.0,39.8,5.2,34.6,39.8,5.2,42.8,5.55,39.8,34.0,5.2,41.3,5.375,33.333333333333336,17.666666666666668,40.080000000000005,47.56666666666666,42.126,1.3850430719874074,0.9894537766077344,1.3430342154980615,1.3396391332675288,0.6652643383082584
20,7,Ben Simmons,PG,,2020-01-03,PHI,HOU,4.0,226.5,111.3,8100,23,35.5,48.0,58.8,44.3,5.46,PG/SF,8100,2,22.0,19.0,106,107,-2%,12,12,11,38,38,36,48.3,42.0,33.4,50.6,36.5,42.5,5.2,42.2,78.8,9.7,44.3,5.46,42.5,36.5,5.2,43.4,5.33,37.333333333333336,11.666666666666666,43.540000000000006,47.43333333333334,42.43125,1.5453696012206763,1.2294829946527372,1.364642480658089,1.6214017391231286,0.6324833925090276
21,0,Kevin Huerter,PG,,2020-01-03,ATL,BOS,10.5,223.5,106.5,5200,27,11.8,26.4,38.5,23.5,4.52,PG/SG,5200,3,19.0,11.0,101,102,-5%,13,12,9,31,31,26,26.4,22.0,14.3,29.6,32.0,25.3,4.9,38.8,38.3,7.4,23.5,4.52,25.3,32.0,4.9,24.4,4.71,29.333333333333332,11.333333333333334,23.339999999999996,25.566666666666666,26.618181818181817,0.09479624149109932,0.797430402171732,0.24525519067832935,-0.023570699687021475,0.1808348059418474
21,1,Josh Richardson,SG,,2020-01-03,PHI,HOU,4.0,226.5,111.3,5900,20,20.5,31.2,36.0,30.8,5.21,SG/SF,5900,2,22.0,13.0,106,107,10%,12,14,13,35,35,33,31.1,29.0,20.9,37.2,35.5,31.7,5.4,38.5,20.5,3.5,30.8,5.21,31.7,35.5,5.4,31.25,5.305,34.333333333333336,13.0,29.890000000000004,29.233333333333334,32.31189320388349,0.6177661106567628,1.133471307434736,0.6483058880310224,0.5098238287390424,0.6142717559538992
21,2,Garrison Mathews,SG,,2020-01-03,WAS,POR,6.5,235.5,114.5,3000,8,1.3,14.6,34.5,21.5,7.17,SG/SF,3000,1,,,104,109,5%,7,4,3,23,16,12,14.6,9.3,0.1,18.5,23.0,19.9,6.6,24.7,24.5,8.2,21.5,7.17,19.9,23.0,6.6,20.7,6.885,17.0,4.666666666666667,12.64,16.8,28.005882352941175,-0.1876838338246604,-0.06667478279027843,0.3434887733737993,-0.8949174865815062,1.7652471862380035
21,3,Julius Randle,PF,,2020-01-03,NY,PHO,7.0,223.5,108.3,7700,12,33.5,48.2,61.0,42.8,5.55,PF/C,7700,1,27.0,18.0,105,109,-1%,18,20,15,34,34,32,48.2,37.0,27.3,46.6,34.0,39.8,5.2,34.6,39.8,5.2,42.8,5.55,39.8,34.0,5.2,41.3,5.375,33.333333333333336,17.666666666666668,40.080000000000005,47.56666666666666,42.126,1.3850430719874074,0.9894537766077344,1.3430342154980615,1.3396391332675288,0.6652643383082584
21,4,Gary Payton II,PG,,2020-01-03,WAS,POR,6.5,235.5,114.5,4300,21,7.3,27.6,44.3,17.3,4.01,PG/SG,4300,1,,,104,109,5%,7,8,8,12,24,24,27.6,27.6,13.0,42.2,19.5,20.3,4.7,34.8,12.8,3.0,17.3,4.01,20.3,19.5,4.7,18.8,4.355,20.0,7.666666666666667,25.840000000000003,26.399999999999995,18.330000000000002,-0.332741169797618,-0.4027156880532825,-0.3414548188934699,0.18001499818552233,-0.07777043314097318
21,5,Gordon Hayward,SF,,2020-01-03,BOS,ATL,-10.5,223.5,117.0,7000,7,26.8,34.8,44.5,39.3,5.61,SF/PF,7000,2,22.0,21.0,106,111,22%,14,12,13,35,32,32,34.8,34.8,22.9,46.7,33.5,39.4,5.6,37.0,30.0,4.3,39.3,5.61,39.4,33.5,5.6,39.349999999999994,5.605,33.0,13.0,35.709999999999994,35.36666666666667,39.94621212121211,1.2361684376993716,0.9414479329987337,1.1887297618454404,0.9837713333863223,0.8328113946154384
21,6,Mohamed Bamba,C,,2020-01-03,ORL,MIA,1.0,208.5,103.8,3500,29,13.8,16.8,21.3,16.5,4.71,C,3500,1,,,101,105,-7%,5,5,5,14,15,16,16.8,16.4,8.7,24.0,15.5,15.5,4.4,15.1,20.8,5.9,16.5,4.71,15.5,15.5,4.4,16.0,4.555,15.0,5.0,16.380000000000003,17.3,16.53333333333333,-0.5465098754419768,-0.7867624369252871,-0.4686386018173559,-0.5903532825641813,0.06792265930005216
21,7,Jordan McRae,PG,,2020-01-03,WAS,POR,6.5,235.5,114.5,5800,21,21.8,31.9,55.0,34.5,5.95,PG/SG,5800,1,22.0,18.0,104,109,-4%,13,12,9,33,27,21,31.9,23.0,11.2,34.9,32.0,35.6,6.1,33.1,50.3,8.7,34.5,5.95,35.6,32.0,6.1,35.05,6.025,27.0,11.333333333333334,27.21,36.233333333333334,41.54074074074074,0.907880782602678,0.797430402171732,1.3016044455998292,0.29157996061967584,1.1387668887415927
22,0,Markelle Fultz,PG,,2020-01-03,ORL,MIA,1.0,208.5,103.8,4900,10,15.8,25.1,37.0,25.8,5.26,PG/SG,4900,1,22.0,14.0,101,105,-10%,10,10,10,26,28,26,25.1,24.0,17.9,30.0,29.0,24.4,5.0,31.6,22.8,4.7,25.8,5.26,24.4,29.0,5.0,25.1,5.13,26.666666666666668,10.0,24.419999999999998,25.96666666666667,27.29625,0.14823841790218922,0.5093953405177285,0.29325478795697,0.06437832179391735,0.4867903000680016
22,1,Jrue Holiday,PG,,2020-01-03,NO,LAL,9.5,226.0,108.3,7400,22,39.0,41.7,47.5,39.3,5.3,PG/SG,7400,4,27.0,17.0,103,102,-3%,17,19,18,32,34,36,41.6,41.1,32.1,50.2,35.5,39.3,5.3,35.6,27.3,3.7,39.3,5.3,39.3,35.5,5.3,39.3,5.3,34.0,18.0,40.86,42.73333333333333,41.03382352941176,1.2323511393842939,1.133471307434736,1.2657204111474845,1.4031578710037618,0.6106294286428735
22,2,Ben McLemore,SG,,2020-01-03,HOU,PHI,-4.0,226.5,115.3,3600,30,10.3,14.8,23.5,12.8,3.54,SG/SF,3600,2,16.0,11.0,102,103,-7%,7,8,8,24,25,25,14.8,18.3,8.4,28.3,16.0,10.7,3.0,13.3,4.3,1.2,12.8,3.54,10.7,16.0,3.0,11.75,3.27,24.666666666666668,7.666666666666667,16.310000000000002,16.2,7.621621621621621,-0.8709802322235927,-0.7387565933162865,-1.0994875115516374,-0.5960536821046125,-0.8681554596335387
22,3,P.J. Tucker,SF,,2020-01-03,HOU,PHI,-4.0,226.5,115.3,3900,20,11.3,18.9,30.0,21.0,5.38,SF/PF,3900,2,9.0,10.0,102,103,1%,4,5,7,34,37,36,18.9,24.4,15.1,33.7,35.0,20.9,5.4,36.9,8.3,2.1,21.0,5.38,20.9,35.0,5.4,20.95,5.390000000000001,35.666666666666664,5.333333333333333,22.61,20.066666666666666,20.558411214953274,-0.1685973422492712,1.0854654638257355,-0.1837083801767151,-0.08301772346580384,0.6761913202413358
22,4,Troy Brown,SG,,2020-01-03,WAS,POR,6.5,235.5,114.5,5400,8,13.0,28.7,52.8,29.8,5.51,SG/SF,5400,1,17.0,14.0,104,109,8%,10,13,8,28,31,25,28.7,22.2,12.7,31.6,31.0,30.3,5.6,31.0,21.3,3.9,29.8,5.51,30.3,31.0,5.6,30.05,5.555,28.0,10.333333333333334,25.05,31.5,33.269642857142856,0.5261509510948947,0.7014187149537309,0.7161037863587956,0.11568191765779845,0.7963881215051815
22,5,Ben Simmons,PG,,2020-01-03,PHI,HOU,4.0,226.5,111.3,8100,23,35.5,48.0,58.8,44.3,5.46,PG/SF,8100,2,22.0,19.0,106,107,-2%,12,12,11,38,38,36,48.3,42.0,33.4,50.6,36.5,42.5,5.2,42.2,78.8,9.7,44.3,5.46,42.5,36.5,5.2,43.4,5.33,37.333333333333336,11.666666666666666,43.540000000000006,47.43333333333334,42.43125,1.5453696012206763,1.2294829946527372,1.364642480658089,1.6214017391231286,0.6324833925090276
22,6,Julius Randle,PF,,2020-01-03,NY,PHO,7.0,223.5,108.3,7700,12,33.5,48.2,61.0,42.8,5.55,PF/C,7700,1,27.0,18.0,105,109,-1%,18,20,15,34,34,32,48.2,37.0,27.3,46.6,34.0,39.8,5.2,34.6,39.8,5.2,42.8,5.55,39.8,34.0,5.2,41.3,5.375,33.333333333333336,17.666666666666668,40.080000000000005,47.56666666666666,42.126,1.3850430719874074,0.9894537766077344,1.3430342154980615,1.3396391332675288,0.6652643383082584
22,7,Brandon Goodwin,PG,,2020-01-03,ATL,BOS,10.5,223.5,106.5,3900,27,-0.5,11.7,40.3,5.0,1.28,PG/SG,3900,3,,,101,102,-9%,8,5,5,17,11,11,11.7,11.7,-5.1,28.4,0.0,0.0,0.0,12.8,21.5,5.5,5.0,1.28,0.0,0.0,0.0,2.5,0.64,13.0,6.0,9.84,17.166666666666668,0.0,-1.577180420512992,-2.2749435888043053,-1.6390125597069165,-1.1229334681987546,-2.7840196252330287
