Lineup Num,,Player Name,position,injury_status,game_date,team,opp,spread,over_under,implied_team_score,salary,L5_dvp_rank,L5_ppg_floor,L5_ppg_avg,L5_ppg_max,ppg_projection,value_projection,Pos,Salary,Rest,USG,PER,Opp Pace,Opp DEff,Opp DvP,L2 FGA,L5 FGA,S FGA,L2 Min,L5 Min,S Min,L5 FP,S FP,Floor FP,Ceil FP,Proj Min,Proj FP,Proj Val,Actual Min,Actual FP,Actual Val,FantasyFuelPPGProj,FantasyFuelValueProj,DFN_PPGProj,DFN_MinProj,DFN_ValueProj,Avg Proj,Avg Value Proj,Avg Skewed Min,Avg Skewed FGA,Avg Skewed FP,Avg L5 PPG,Proj Min Enhanced,Avg Proj Stan,DFN_MinProj Stan,Proj Min Enhanced Stan,Avg Skewed FP Stan,Avg Value Proj Stan
0,0,Devin Booker,PG,,2020-03-03,PHO,TOR,4.0,225.5,110.8,8300,10,23.5,37.2,44.8,45.3,5.45,PG/SG,8300,2,30.0,20.0,103,102,0%,17,18,18,39,38,36,37.1,42.1,30.0,54.1,37.5,46.2,5.6,37.4,45.0,5.4,45.3,5.45,46.2,37.5,5.6,45.75,5.525,37.666666666666664,17.666666666666668,41.81,35.166666666666664,45.54756637168142,1.9640501420733059,1.3747713306298834,1.7379059651483941,1.8237829593097268,0.8322399563933758
0,1,Caleb Martin,SG,,2020-03-03,CHA,SA,4.0,212.0,104.0,3000,12,3.8,11.6,20.3,19.3,6.42,SG/SF,3000,1,,,102,111,3%,4,4,4,18,17,14,11.6,8.7,2.2,15.1,25.0,18.2,6.1,26.5,19.3,6.4,19.3,6.42,18.2,25.0,6.1,18.75,6.26,16.333333333333332,4.0,11.27,11.9,28.69897959183674,-0.24206626007687404,0.26586531869069596,0.5062708796656391,-0.9347498608651055,1.3324481938674553
0,2,DeMar DeRozan,SG,,2020-03-03,SA,CHA,-4.0,212.0,108.0,7400,13,20.8,34.2,51.5,41.5,5.61,SG/SF,7400,0,27.0,22.0,99,110,2%,12,13,16,36,34,35,35.0,39.6,31.1,48.0,35.0,43.3,5.9,35.5,36.3,4.9,41.5,5.61,43.3,35.0,5.9,42.4,5.755000000000001,35.0,13.666666666666666,39.22,35.5,42.4,1.6903282921768945,1.1529901282420458,1.5078182297256235,1.589840588509045,0.9887677041743808
0,3,Danilo Gallinari,SF,,2020-03-03,OKC,LAC,4.5,227.5,111.5,5900,10,18.0,29.7,37.5,33.5,5.68,SF/PF,5900,3,24.0,20.0,104,105,-1%,17,15,14,33,31,31,29.6,32.2,25.0,39.5,31.5,32.8,5.6,28.5,23.5,4.0,33.5,5.68,32.8,31.5,5.6,33.15,5.64,31.666666666666668,15.333333333333334,31.890000000000004,28.400000000000002,32.97552631578947,0.9345291544032218,0.8424964448990734,0.8188873061203139,0.9277565815712091,0.9105038302838777
0,4,Alec Burks,PG,,2020-03-03,PHI,LAL,12.5,218.5,103.0,4400,14,11.3,19.2,28.0,27.3,6.19,PG/SG,4400,1,24.0,16.0,103,103,-2%,12,11,12,22,20,28,19.1,28.7,17.6,39.9,27.0,26.5,6.0,22.1,18.5,4.2,27.3,6.19,26.5,27.0,6.0,26.9,6.095000000000001,23.333333333333332,11.666666666666666,26.439999999999998,19.5,31.127142857142857,0.4238540613129024,0.443290280600966,0.6837701031856165,0.4354840252531721,1.2201565487202135
0,5,Zion Williamson,PF,,2020-03-03,NO,MIN,-11.5,247.5,129.5,7700,15,32.8,38.7,41.8,45.8,5.94,PF/C,7700,1,30.0,26.0,106,110,0%,16,17,16,32,32,30,38.6,37.1,30.5,43.6,33.0,47.0,6.1,32.6,49.0,6.4,45.8,5.94,47.0,33.0,6.1,46.4,6.02,31.333333333333332,16.333333333333332,39.24,37.766666666666666,48.86808510638298,2.017160351754699,0.9755651663317759,1.980636553125871,1.5916470933028728,1.1691148918351026
0,6,Trey Lyles,PF,,2020-03-03,SA,CHA,-4.0,212.0,108.0,5200,30,14.5,26.1,44.8,32.5,6.25,PF/C,5200,0,13.0,12.0,99,110,7%,15,9,5,38,30,20,26.1,16.7,7.4,26.0,34.0,31.4,6.0,32.8,17.3,3.3,32.5,6.25,31.4,34.0,6.0,31.95,6.125,29.333333333333332,9.666666666666666,21.630000000000003,28.46666666666667,37.032954545454544,0.8364795365298805,1.0642776472869109,1.1154861265306837,0.0010196223376210416,1.2405732114742571
0,7,Jrue Holiday,PG,,2020-03-03,NO,MIN,-11.5,247.5,129.5,7900,17,28.3,40.5,57.3,43.8,5.54,PG/SG,7900,1,26.0,17.0,106,110,3%,13,14,17,36,36,35,40.4,40.6,30.4,50.7,36.0,43.1,5.5,37.8,61.5,7.8,43.8,5.54,43.1,36.0,5.5,43.45,5.52,35.666666666666664,14.666666666666666,41.11,42.03333333333333,43.85607476635514,1.7761217078160685,1.2417026091971808,1.6142575882761234,1.7605552915257585,0.8288371792677013
1,0,Alec Burks,PG,,2020-03-03,PHI,LAL,12.5,218.5,103.0,4400,14,11.3,19.2,28.0,27.3,6.19,PG/SG,4400,1,24.0,16.0,103,103,-2%,12,11,12,22,20,28,19.1,28.7,17.6,39.9,27.0,26.5,6.0,22.1,18.5,4.2,27.3,6.19,26.5,27.0,6.0,26.9,6.095000000000001,23.333333333333332,11.666666666666666,26.439999999999998,19.5,31.127142857142857,0.4238540613129024,0.443290280600966,0.6837701031856165,0.4354840252531721,1.2201565487202135
1,1,Jrue Holiday,PG,,2020-03-03,NO,MIN,-11.5,247.5,129.5,7900,17,28.3,40.5,57.3,43.8,5.54,PG/SG,7900,1,26.0,17.0,106,110,3%,13,14,17,36,36,35,40.4,40.6,30.4,50.7,36.0,43.1,5.5,37.8,61.5,7.8,43.8,5.54,43.1,36.0,5.5,43.45,5.52,35.666666666666664,14.666666666666666,41.11,42.03333333333333,43.85607476635514,1.7761217078160685,1.2417026091971808,1.6142575882761234,1.7605552915257585,0.8288371792677013
1,2,Norman Powell,SG,,2020-03-03,TOR,PHO,-4.0,225.5,114.8,5700,18,17.0,27.0,34.0,34.0,5.96,SG/SF,5700,1,20.0,17.0,104,108,2%,18,14,11,38,31,29,26.9,26.4,16.3,36.5,36.0,33.5,5.9,38.5,40.0,7.0,34.0,5.96,33.5,36.0,5.9,33.75,5.93,32.666666666666664,14.333333333333334,27.97,26.0,37.19387755102041,0.9835539633398926,1.2417026091971808,1.1272496306337905,0.5736816419809879,1.1078649035729704
1,3,Zion Williamson,PF,,2020-03-03,NO,MIN,-11.5,247.5,129.5,7700,15,32.8,38.7,41.8,45.8,5.94,PF/C,7700,1,30.0,26.0,106,110,0%,16,17,16,32,32,30,38.6,37.1,30.5,43.6,33.0,47.0,6.1,32.6,49.0,6.4,45.8,5.94,47.0,33.0,6.1,46.4,6.02,31.333333333333332,16.333333333333332,39.24,37.766666666666666,48.86808510638298,2.017160351754699,0.9755651663317759,1.980636553125871,1.5916470933028728,1.1691148918351026
1,4,DeMar DeRozan,SG,,2020-03-03,SA,CHA,-4.0,212.0,108.0,7400,13,20.8,34.2,51.5,41.5,5.61,SG/SF,7400,0,27.0,22.0,99,110,2%,12,13,16,36,34,35,35.0,39.6,31.1,48.0,35.0,43.3,5.9,35.5,36.3,4.9,41.5,5.61,43.3,35.0,5.9,42.4,5.755000000000001,35.0,13.666666666666666,39.22,35.5,42.4,1.6903282921768945,1.1529901282420458,1.5078182297256235,1.589840588509045,0.9887677041743808
1,5,Trey Lyles,PF,,2020-03-03,SA,CHA,-4.0,212.0,108.0,5200,30,14.5,26.1,44.8,32.5,6.25,PF/C,5200,0,13.0,12.0,99,110,7%,15,9,5,38,30,20,26.1,16.7,7.4,26.0,34.0,31.4,6.0,32.8,17.3,3.3,32.5,6.25,31.4,34.0,6.0,31.95,6.125,29.333333333333332,9.666666666666666,21.630000000000003,28.46666666666667,37.032954545454544,0.8364795365298805,1.0642776472869109,1.1154861265306837,0.0010196223376210416,1.2405732114742571
1,6,Deandre Ayton,PF,,2020-03-03,PHO,TOR,4.0,225.5,110.8,8400,16,24.8,42.7,57.3,43.5,5.18,PF/C,8400,2,24.0,21.0,103,102,-8%,14,17,16,34,35,34,44.1,43.0,32.6,53.4,35.0,44.6,5.3,38.7,39.0,4.6,43.5,5.18,44.6,35.0,5.3,44.05,5.24,34.333333333333336,15.666666666666666,43.42999999999999,41.6,44.905339805825236,1.8251465167527388,1.1529901282420458,1.690959073894357,1.970109847609766,0.638281660229957
1,7,Caleb Martin,SG,,2020-03-03,CHA,SA,4.0,212.0,104.0,3000,12,3.8,11.6,20.3,19.3,6.42,SG/SF,3000,1,,,102,111,3%,4,4,4,18,17,14,11.6,8.7,2.2,15.1,25.0,18.2,6.1,26.5,19.3,6.4,19.3,6.42,18.2,25.0,6.1,18.75,6.26,16.333333333333332,4.0,11.27,11.9,28.69897959183674,-0.24206626007687404,0.26586531869069596,0.5062708796656391,-0.9347498608651055,1.3324481938674553
2,0,Alec Burks,PG,,2020-03-03,PHI,LAL,12.5,218.5,103.0,4400,14,11.3,19.2,28.0,27.3,6.19,PG/SG,4400,1,24.0,16.0,103,103,-2%,12,11,12,22,20,28,19.1,28.7,17.6,39.9,27.0,26.5,6.0,22.1,18.5,4.2,27.3,6.19,26.5,27.0,6.0,26.9,6.095000000000001,23.333333333333332,11.666666666666666,26.439999999999998,19.5,31.127142857142857,0.4238540613129024,0.443290280600966,0.6837701031856165,0.4354840252531721,1.2201565487202135
2,1,Jrue Holiday,PG,,2020-03-03,NO,MIN,-11.5,247.5,129.5,7900,17,28.3,40.5,57.3,43.8,5.54,PG/SG,7900,1,26.0,17.0,106,110,3%,13,14,17,36,36,35,40.4,40.6,30.4,50.7,36.0,43.1,5.5,37.8,61.5,7.8,43.8,5.54,43.1,36.0,5.5,43.45,5.52,35.666666666666664,14.666666666666666,41.11,42.03333333333333,43.85607476635514,1.7761217078160685,1.2417026091971808,1.6142575882761234,1.7605552915257585,0.8288371792677013
2,2,DeMar DeRozan,SG,,2020-03-03,SA,CHA,-4.0,212.0,108.0,7400,13,20.8,34.2,51.5,41.5,5.61,SG/SF,7400,0,27.0,22.0,99,110,2%,12,13,16,36,34,35,35.0,39.6,31.1,48.0,35.0,43.3,5.9,35.5,36.3,4.9,41.5,5.61,43.3,35.0,5.9,42.4,5.755000000000001,35.0,13.666666666666666,39.22,35.5,42.4,1.6903282921768945,1.1529901282420458,1.5078182297256235,1.589840588509045,0.9887677041743808
2,3,Danilo Gallinari,SF,,2020-03-03,OKC,LAC,4.5,227.5,111.5,5900,10,18.0,29.7,37.5,33.5,5.68,SF/PF,5900,3,24.0,20.0,104,105,-1%,17,15,14,33,31,31,29.6,32.2,25.0,39.5,31.5,32.8,5.6,28.5,23.5,4.0,33.5,5.68,32.8,31.5,5.6,33.15,5.64,31.666666666666668,15.333333333333334,31.890000000000004,28.400000000000002,32.97552631578947,0.9345291544032218,0.8424964448990734,0.8188873061203139,0.9277565815712091,0.9105038302838777
2,4,Terry Rozier,PG,,2020-03-03,CHA,SA,4.0,212.0,104.0,6100,22,19.3,27.2,38.3,35.3,5.78,PG/SG,6100,1,24.0,14.0,102,111,3%,15,14,15,36,33,35,27.2,31.8,21.2,42.4,36.0,34.8,5.7,35.5,35.5,5.8,35.3,5.78,34.8,36.0,5.7,35.05,5.74,34.666666666666664,14.666666666666666,31.53,28.266666666666666,36.39807692307693,1.089774382702679,1.2417026091971808,1.0690764445243837,0.8952394952823111,0.9785593727973583
2,5,PJ Washington,PF,,2020-03-03,CHA,SA,4.0,212.0,104.0,5100,1,16.3,26.1,33.8,28.5,5.59,PF/C,5100,1,18.0,12.0,102,111,0%,15,13,10,32,33,31,26.1,26.0,17.4,34.5,32.5,27.6,5.4,35.0,32.0,6.3,28.5,5.59,27.6,32.5,5.4,28.05,5.495,32.0,12.666666666666666,26.410000000000004,25.400000000000002,28.48828125,0.5178182784415213,0.9312089258542084,0.490868788460601,0.43277426806243113,0.8118232936393316
2,6,Zion Williamson,PF,,2020-03-03,NO,MIN,-11.5,247.5,129.5,7700,15,32.8,38.7,41.8,45.8,5.94,PF/C,7700,1,30.0,26.0,106,110,0%,16,17,16,32,32,30,38.6,37.1,30.5,43.6,33.0,47.0,6.1,32.6,49.0,6.4,45.8,5.94,47.0,33.0,6.1,46.4,6.02,31.333333333333332,16.333333333333332,39.24,37.766666666666666,48.86808510638298,2.017160351754699,0.9755651663317759,1.980636553125871,1.5916470933028728,1.1691148918351026
2,7,Trey Lyles,PF,,2020-03-03,SA,CHA,-4.0,212.0,108.0,5200,30,14.5,26.1,44.8,32.5,6.25,PF/C,5200,0,13.0,12.0,99,110,7%,15,9,5,38,30,20,26.1,16.7,7.4,26.0,34.0,31.4,6.0,32.8,17.3,3.3,32.5,6.25,31.4,34.0,6.0,31.95,6.125,29.333333333333332,9.666666666666666,21.630000000000003,28.46666666666667,37.032954545454544,0.8364795365298805,1.0642776472869109,1.1154861265306837,0.0010196223376210416,1.2405732114742571
3,0,Jrue Holiday,PG,,2020-03-03,NO,MIN,-11.5,247.5,129.5,7900,17,28.3,40.5,57.3,43.8,5.54,PG/SG,7900,1,26.0,17.0,106,110,3%,13,14,17,36,36,35,40.4,40.6,30.4,50.7,36.0,43.1,5.5,37.8,61.5,7.8,43.8,5.54,43.1,36.0,5.5,43.45,5.52,35.666666666666664,14.666666666666666,41.11,42.03333333333333,43.85607476635514,1.7761217078160685,1.2417026091971808,1.6142575882761234,1.7605552915257585,0.8288371792677013
3,1,Terry Rozier,PG,,2020-03-03,CHA,SA,4.0,212.0,104.0,6100,22,19.3,27.2,38.3,35.3,5.78,PG/SG,6100,1,24.0,14.0,102,111,3%,15,14,15,36,33,35,27.2,31.8,21.2,42.4,36.0,34.8,5.7,35.5,35.5,5.8,35.3,5.78,34.8,36.0,5.7,35.05,5.74,34.666666666666664,14.666666666666666,31.53,28.266666666666666,36.39807692307693,1.089774382702679,1.2417026091971808,1.0690764445243837,0.8952394952823111,0.9785593727973583
3,2,Caleb Martin,SG,,2020-03-03,CHA,SA,4.0,212.0,104.0,3000,12,3.8,11.6,20.3,19.3,6.42,SG/SF,3000,1,,,102,111,3%,4,4,4,18,17,14,11.6,8.7,2.2,15.1,25.0,18.2,6.1,26.5,19.3,6.4,19.3,6.42,18.2,25.0,6.1,18.75,6.26,16.333333333333332,4.0,11.27,11.9,28.69897959183674,-0.24206626007687404,0.26586531869069596,0.5062708796656391,-0.9347498608651055,1.3324481938674553
3,3,Trey Lyles,PF,,2020-03-03,SA,CHA,-4.0,212.0,108.0,5200,30,14.5,26.1,44.8,32.5,6.25,PF/C,5200,0,13.0,12.0,99,110,7%,15,9,5,38,30,20,26.1,16.7,7.4,26.0,34.0,31.4,6.0,32.8,17.3,3.3,32.5,6.25,31.4,34.0,6.0,31.95,6.125,29.333333333333332,9.666666666666666,21.630000000000003,28.46666666666667,37.032954545454544,0.8364795365298805,1.0642776472869109,1.1154861265306837,0.0010196223376210416,1.2405732114742571
3,4,Devin Booker,PG,,2020-03-03,PHO,TOR,4.0,225.5,110.8,8300,10,23.5,37.2,44.8,45.3,5.45,PG/SG,8300,2,30.0,20.0,103,102,0%,17,18,18,39,38,36,37.1,42.1,30.0,54.1,37.5,46.2,5.6,37.4,45.0,5.4,45.3,5.45,46.2,37.5,5.6,45.75,5.525,37.666666666666664,17.666666666666668,41.81,35.166666666666664,45.54756637168142,1.9640501420733059,1.3747713306298834,1.7379059651483941,1.8237829593097268,0.8322399563933758
3,5,Gordon Hayward,SF,,2020-03-03,BOS,BKN,-6.0,219.0,112.5,7400,7,19.3,31.7,48.3,38.8,5.24,SF/PF,7400,2,21.0,18.0,104,106,-13%,14,13,14,38,37,34,31.6,34.5,23.6,45.5,35.5,37.8,5.1,16.8,11.8,1.6,38.8,5.24,37.8,35.5,5.1,38.3,5.17,36.333333333333336,13.666666666666666,34.7,33.1,37.42155963302752,1.355325431109645,1.1973463687196133,1.1438932366643675,1.1815705051039949,0.5906427804705207
3,6,Zion Williamson,PF,,2020-03-03,NO,MIN,-11.5,247.5,129.5,7700,15,32.8,38.7,41.8,45.8,5.94,PF/C,7700,1,30.0,26.0,106,110,0%,16,17,16,32,32,30,38.6,37.1,30.5,43.6,33.0,47.0,6.1,32.6,49.0,6.4,45.8,5.94,47.0,33.0,6.1,46.4,6.02,31.333333333333332,16.333333333333332,39.24,37.766666666666666,48.86808510638298,2.017160351754699,0.9755651663317759,1.980636553125871,1.5916470933028728,1.1691148918351026
3,7,Alec Burks,PG,,2020-03-03,PHI,LAL,12.5,218.5,103.0,4400,14,11.3,19.2,28.0,27.3,6.19,PG/SG,4400,1,24.0,16.0,103,103,-2%,12,11,12,22,20,28,19.1,28.7,17.6,39.9,27.0,26.5,6.0,22.1,18.5,4.2,27.3,6.19,26.5,27.0,6.0,26.9,6.095000000000001,23.333333333333332,11.666666666666666,26.439999999999998,19.5,31.127142857142857,0.4238540613129024,0.443290280600966,0.6837701031856165,0.4354840252531721,1.2201565487202135
4,0,Terry Rozier,PG,,2020-03-03,CHA,SA,4.0,212.0,104.0,6100,22,19.3,27.2,38.3,35.3,5.78,PG/SG,6100,1,24.0,14.0,102,111,3%,15,14,15,36,33,35,27.2,31.8,21.2,42.4,36.0,34.8,5.7,35.5,35.5,5.8,35.3,5.78,34.8,36.0,5.7,35.05,5.74,34.666666666666664,14.666666666666666,31.53,28.266666666666666,36.39807692307693,1.089774382702679,1.2417026091971808,1.0690764445243837,0.8952394952823111,0.9785593727973583
4,1,Alec Burks,PG,,2020-03-03,PHI,LAL,12.5,218.5,103.0,4400,14,11.3,19.2,28.0,27.3,6.19,PG/SG,4400,1,24.0,16.0,103,103,-2%,12,11,12,22,20,28,19.1,28.7,17.6,39.9,27.0,26.5,6.0,22.1,18.5,4.2,27.3,6.19,26.5,27.0,6.0,26.9,6.095000000000001,23.333333333333332,11.666666666666666,26.439999999999998,19.5,31.127142857142857,0.4238540613129024,0.443290280600966,0.6837701031856165,0.4354840252531721,1.2201565487202135
4,2,Buddy Hield,SG,,2020-03-03,SAC,WAS,-5.5,237.0,121.3,5500,21,12.5,25.3,34.0,29.5,5.36,SG/SF,5500,1,27.0,16.0,106,113,6%,15,13,17,24,25,33,30.1,34.9,24.9,45.0,25.5,30.2,5.5,23.3,31.3,5.7,29.5,5.36,30.2,25.5,5.5,29.85,5.43,27.333333333333332,15.0,32.95,23.933333333333334,27.84786585365854,0.6648927052515334,0.3102215591682635,0.444054294062706,1.0235013356440748,0.7675871910055692
4,3,PJ Washington,PF,,2020-03-03,CHA,SA,4.0,212.0,104.0,5100,1,16.3,26.1,33.8,28.5,5.59,PF/C,5100,1,18.0,12.0,102,111,0%,15,13,10,32,33,31,26.1,26.0,17.4,34.5,32.5,27.6,5.4,35.0,32.0,6.3,28.5,5.59,27.6,32.5,5.4,28.05,5.495,32.0,12.666666666666666,26.410000000000004,25.400000000000002,28.48828125,0.5178182784415213,0.9312089258542084,0.490868788460601,0.43277426806243113,0.8118232936393316
4,4,Devin Booker,PG,,2020-03-03,PHO,TOR,4.0,225.5,110.8,8300,10,23.5,37.2,44.8,45.3,5.45,PG/SG,8300,2,30.0,20.0,103,102,0%,17,18,18,39,38,36,37.1,42.1,30.0,54.1,37.5,46.2,5.6,37.4,45.0,5.4,45.3,5.45,46.2,37.5,5.6,45.75,5.525,37.666666666666664,17.666666666666668,41.81,35.166666666666664,45.54756637168142,1.9640501420733059,1.3747713306298834,1.7379059651483941,1.8237829593097268,0.8322399563933758
4,5,DeMar DeRozan,SG,,2020-03-03,SA,CHA,-4.0,212.0,108.0,7400,13,20.8,34.2,51.5,41.5,5.61,SG/SF,7400,0,27.0,22.0,99,110,2%,12,13,16,36,34,35,35.0,39.6,31.1,48.0,35.0,43.3,5.9,35.5,36.3,4.9,41.5,5.61,43.3,35.0,5.9,42.4,5.755000000000001,35.0,13.666666666666666,39.22,35.5,42.4,1.6903282921768945,1.1529901282420458,1.5078182297256235,1.589840588509045,0.9887677041743808
4,6,Zion Williamson,PF,,2020-03-03,NO,MIN,-11.5,247.5,129.5,7700,15,32.8,38.7,41.8,45.8,5.94,PF/C,7700,1,30.0,26.0,106,110,0%,16,17,16,32,32,30,38.6,37.1,30.5,43.6,33.0,47.0,6.1,32.6,49.0,6.4,45.8,5.94,47.0,33.0,6.1,46.4,6.02,31.333333333333332,16.333333333333332,39.24,37.766666666666666,48.86808510638298,2.017160351754699,0.9755651663317759,1.980636553125871,1.5916470933028728,1.1691148918351026
4,7,Trey Lyles,PF,,2020-03-03,SA,CHA,-4.0,212.0,108.0,5200,30,14.5,26.1,44.8,32.5,6.25,PF/C,5200,0,13.0,12.0,99,110,7%,15,9,5,38,30,20,26.1,16.7,7.4,26.0,34.0,31.4,6.0,32.8,17.3,3.3,32.5,6.25,31.4,34.0,6.0,31.95,6.125,29.333333333333332,9.666666666666666,21.630000000000003,28.46666666666667,37.032954545454544,0.8364795365298805,1.0642776472869109,1.1154861265306837,0.0010196223376210416,1.2405732114742571
5,0,Shabazz Napier,PG,,2020-03-03,WAS,SAC,5.5,237.0,115.8,4800,5,13.5,24.4,47.0,22.8,4.74,PG/SG,4800,1,21.0,14.0,101,108,-1%,7,9,8,25,25,24,24.4,23.8,12.8,34.7,25.0,25.0,5.2,27.5,19.0,4.0,22.8,4.74,25.0,25.0,5.2,23.9,4.970000000000001,24.666666666666668,8.0,23.919999999999998,28.3,24.22297297297297,0.17873001662954904,0.26586531869069596,0.17907389473866486,0.20786442123088736,0.4545316954435606
5,1,Devin Booker,PG,,2020-03-03,PHO,TOR,4.0,225.5,110.8,8300,10,23.5,37.2,44.8,45.3,5.45,PG/SG,8300,2,30.0,20.0,103,102,0%,17,18,18,39,38,36,37.1,42.1,30.0,54.1,37.5,46.2,5.6,37.4,45.0,5.4,45.3,5.45,46.2,37.5,5.6,45.75,5.525,37.666666666666664,17.666666666666668,41.81,35.166666666666664,45.54756637168142,1.9640501420733059,1.3747713306298834,1.7379059651483941,1.8237829593097268,0.8322399563933758
5,2,Norman Powell,SG,,2020-03-03,TOR,PHO,-4.0,225.5,114.8,5700,18,17.0,27.0,34.0,34.0,5.96,SG/SF,5700,1,20.0,17.0,104,108,2%,18,14,11,38,31,29,26.9,26.4,16.3,36.5,36.0,33.5,5.9,38.5,40.0,7.0,34.0,5.96,33.5,36.0,5.9,33.75,5.93,32.666666666666664,14.333333333333334,27.97,26.0,37.19387755102041,0.9835539633398926,1.2417026091971808,1.1272496306337905,0.5736816419809879,1.1078649035729704
5,3,Trey Lyles,PF,,2020-03-03,SA,CHA,-4.0,212.0,108.0,5200,30,14.5,26.1,44.8,32.5,6.25,PF/C,5200,0,13.0,12.0,99,110,7%,15,9,5,38,30,20,26.1,16.7,7.4,26.0,34.0,31.4,6.0,32.8,17.3,3.3,32.5,6.25,31.4,34.0,6.0,31.95,6.125,29.333333333333332,9.666666666666666,21.630000000000003,28.46666666666667,37.032954545454544,0.8364795365298805,1.0642776472869109,1.1154861265306837,0.0010196223376210416,1.2405732114742571
5,4,Jrue Holiday,PG,,2020-03-03,NO,MIN,-11.5,247.5,129.5,7900,17,28.3,40.5,57.3,43.8,5.54,PG/SG,7900,1,26.0,17.0,106,110,3%,13,14,17,36,36,35,40.4,40.6,30.4,50.7,36.0,43.1,5.5,37.8,61.5,7.8,43.8,5.54,43.1,36.0,5.5,43.45,5.52,35.666666666666664,14.666666666666666,41.11,42.03333333333333,43.85607476635514,1.7761217078160685,1.2417026091971808,1.6142575882761234,1.7605552915257585,0.8288371792677013
5,5,Caleb Martin,SG,,2020-03-03,CHA,SA,4.0,212.0,104.0,3000,12,3.8,11.6,20.3,19.3,6.42,SG/SF,3000,1,,,102,111,3%,4,4,4,18,17,14,11.6,8.7,2.2,15.1,25.0,18.2,6.1,26.5,19.3,6.4,19.3,6.42,18.2,25.0,6.1,18.75,6.26,16.333333333333332,4.0,11.27,11.9,28.69897959183674,-0.24206626007687404,0.26586531869069596,0.5062708796656391,-0.9347498608651055,1.3324481938674553
5,6,Zion Williamson,PF,,2020-03-03,NO,MIN,-11.5,247.5,129.5,7700,15,32.8,38.7,41.8,45.8,5.94,PF/C,7700,1,30.0,26.0,106,110,0%,16,17,16,32,32,30,38.6,37.1,30.5,43.6,33.0,47.0,6.1,32.6,49.0,6.4,45.8,5.94,47.0,33.0,6.1,46.4,6.02,31.333333333333332,16.333333333333332,39.24,37.766666666666666,48.86808510638298,2.017160351754699,0.9755651663317759,1.980636553125871,1.5916470933028728,1.1691148918351026
5,7,DeMar DeRozan,SG,,2020-03-03,SA,CHA,-4.0,212.0,108.0,7400,13,20.8,34.2,51.5,41.5,5.61,SG/SF,7400,0,27.0,22.0,99,110,2%,12,13,16,36,34,35,35.0,39.6,31.1,48.0,35.0,43.3,5.9,35.5,36.3,4.9,41.5,5.61,43.3,35.0,5.9,42.4,5.755000000000001,35.0,13.666666666666666,39.22,35.5,42.4,1.6903282921768945,1.1529901282420458,1.5078182297256235,1.589840588509045,0.9887677041743808
6,0,Alec Burks,PG,,2020-03-03,PHI,LAL,12.5,218.5,103.0,4400,14,11.3,19.2,28.0,27.3,6.19,PG/SG,4400,1,24.0,16.0,103,103,-2%,12,11,12,22,20,28,19.1,28.7,17.6,39.9,27.0,26.5,6.0,22.1,18.5,4.2,27.3,6.19,26.5,27.0,6.0,26.9,6.095000000000001,23.333333333333332,11.666666666666666,26.439999999999998,19.5,31.127142857142857,0.4238540613129024,0.443290280600966,0.6837701031856165,0.4354840252531721,1.2201565487202135
6,1,Norman Powell,SG,,2020-03-03,TOR,PHO,-4.0,225.5,114.8,5700,18,17.0,27.0,34.0,34.0,5.96,SG/SF,5700,1,20.0,17.0,104,108,2%,18,14,11,38,31,29,26.9,26.4,16.3,36.5,36.0,33.5,5.9,38.5,40.0,7.0,34.0,5.96,33.5,36.0,5.9,33.75,5.93,32.666666666666664,14.333333333333334,27.97,26.0,37.19387755102041,0.9835539633398926,1.2417026091971808,1.1272496306337905,0.5736816419809879,1.1078649035729704
6,2,DeMar DeRozan,SG,,2020-03-03,SA,CHA,-4.0,212.0,108.0,7400,13,20.8,34.2,51.5,41.5,5.61,SG/SF,7400,0,27.0,22.0,99,110,2%,12,13,16,36,34,35,35.0,39.6,31.1,48.0,35.0,43.3,5.9,35.5,36.3,4.9,41.5,5.61,43.3,35.0,5.9,42.4,5.755000000000001,35.0,13.666666666666666,39.22,35.5,42.4,1.6903282921768945,1.1529901282420458,1.5078182297256235,1.589840588509045,0.9887677041743808
6,3,Zion Williamson,PF,,2020-03-03,NO,MIN,-11.5,247.5,129.5,7700,15,32.8,38.7,41.8,45.8,5.94,PF/C,7700,1,30.0,26.0,106,110,0%,16,17,16,32,32,30,38.6,37.1,30.5,43.6,33.0,47.0,6.1,32.6,49.0,6.4,45.8,5.94,47.0,33.0,6.1,46.4,6.02,31.333333333333332,16.333333333333332,39.24,37.766666666666666,48.86808510638298,2.017160351754699,0.9755651663317759,1.980636553125871,1.5916470933028728,1.1691148918351026
6,4,Terry Rozier,PG,,2020-03-03,CHA,SA,4.0,212.0,104.0,6100,22,19.3,27.2,38.3,35.3,5.78,PG/SG,6100,1,24.0,14.0,102,111,3%,15,14,15,36,33,35,27.2,31.8,21.2,42.4,36.0,34.8,5.7,35.5,35.5,5.8,35.3,5.78,34.8,36.0,5.7,35.05,5.74,34.666666666666664,14.666666666666666,31.53,28.266666666666666,36.39807692307693,1.089774382702679,1.2417026091971808,1.0690764445243837,0.8952394952823111,0.9785593727973583
6,5,Trey Lyles,PF,,2020-03-03,SA,CHA,-4.0,212.0,108.0,5200,30,14.5,26.1,44.8,32.5,6.25,PF/C,5200,0,13.0,12.0,99,110,7%,15,9,5,38,30,20,26.1,16.7,7.4,26.0,34.0,31.4,6.0,32.8,17.3,3.3,32.5,6.25,31.4,34.0,6.0,31.95,6.125,29.333333333333332,9.666666666666666,21.630000000000003,28.46666666666667,37.032954545454544,0.8364795365298805,1.0642776472869109,1.1154861265306837,0.0010196223376210416,1.2405732114742571
6,6,Rondae Hollis-Jefferson,PF,,2020-03-03,TOR,PHO,-4.0,225.5,114.8,4600,23,16.3,20.3,23.0,26.5,5.76,PF/C,4600,1,17.0,16.0,104,108,2%,7,6,6,26,23,21,20.3,19.6,10.8,28.4,24.5,23.8,5.2,8.0,0.8,0.2,26.5,5.76,23.8,24.5,5.2,25.15,5.48,23.333333333333332,6.333333333333333,20.85,19.866666666666667,26.4075,0.2808650352476129,0.22150907821312849,0.3387632601927702,-0.06943406462165767,0.8016149622623098
6,7,Deandre Ayton,PF,,2020-03-03,PHO,TOR,4.0,225.5,110.8,8400,16,24.8,42.7,57.3,43.5,5.18,PF/C,8400,2,24.0,21.0,103,102,-8%,14,17,16,34,35,34,44.1,43.0,32.6,53.4,35.0,44.6,5.3,38.7,39.0,4.6,43.5,5.18,44.6,35.0,5.3,44.05,5.24,34.333333333333336,15.666666666666666,43.42999999999999,41.6,44.905339805825236,1.8251465167527388,1.1529901282420458,1.690959073894357,1.970109847609766,0.638281660229957
7,0,Jamal Murray,PG,,2020-03-03,DEN,GS,-16.0,218.5,117.3,6700,7,18.0,31.4,38.8,37.5,5.6,PG/SG,6700,1,26.0,18.0,103,111,6%,14,14,16,31,34,33,31.4,34.8,24.0,45.5,33.5,37.2,5.6,37.7,27.5,4.1,37.5,5.6,37.2,33.5,5.6,37.35,5.6,32.666666666666664,14.666666666666666,34.61,29.399999999999995,38.302806122448985,1.2777028169599167,1.0199214068093434,1.2083125324493633,1.17344123353177,0.8832816132784855
7,1,Devin Booker,PG,,2020-03-03,PHO,TOR,4.0,225.5,110.8,8300,10,23.5,37.2,44.8,45.3,5.45,PG/SG,8300,2,30.0,20.0,103,102,0%,17,18,18,39,38,36,37.1,42.1,30.0,54.1,37.5,46.2,5.6,37.4,45.0,5.4,45.3,5.45,46.2,37.5,5.6,45.75,5.525,37.666666666666664,17.666666666666668,41.81,35.166666666666664,45.54756637168142,1.9640501420733059,1.3747713306298834,1.7379059651483941,1.8237829593097268,0.8322399563933758
7,2,Caleb Martin,SG,,2020-03-03,CHA,SA,4.0,212.0,104.0,3000,12,3.8,11.6,20.3,19.3,6.42,SG/SF,3000,1,,,102,111,3%,4,4,4,18,17,14,11.6,8.7,2.2,15.1,25.0,18.2,6.1,26.5,19.3,6.4,19.3,6.42,18.2,25.0,6.1,18.75,6.26,16.333333333333332,4.0,11.27,11.9,28.69897959183674,-0.24206626007687404,0.26586531869069596,0.5062708796656391,-0.9347498608651055,1.3324481938674553
7,3,Trey Lyles,PF,,2020-03-03,SA,CHA,-4.0,212.0,108.0,5200,30,14.5,26.1,44.8,32.5,6.25,PF/C,5200,0,13.0,12.0,99,110,7%,15,9,5,38,30,20,26.1,16.7,7.4,26.0,34.0,31.4,6.0,32.8,17.3,3.3,32.5,6.25,31.4,34.0,6.0,31.95,6.125,29.333333333333332,9.666666666666666,21.630000000000003,28.46666666666667,37.032954545454544,0.8364795365298805,1.0642776472869109,1.1154861265306837,0.0010196223376210416,1.2405732114742571
7,4,DeMar DeRozan,SG,,2020-03-03,SA,CHA,-4.0,212.0,108.0,7400,13,20.8,34.2,51.5,41.5,5.61,SG/SF,7400,0,27.0,22.0,99,110,2%,12,13,16,36,34,35,35.0,39.6,31.1,48.0,35.0,43.3,5.9,35.5,36.3,4.9,41.5,5.61,43.3,35.0,5.9,42.4,5.755000000000001,35.0,13.666666666666666,39.22,35.5,42.4,1.6903282921768945,1.1529901282420458,1.5078182297256235,1.589840588509045,0.9887677041743808
7,5,Norman Powell,SG,,2020-03-03,TOR,PHO,-4.0,225.5,114.8,5700,18,17.0,27.0,34.0,34.0,5.96,SG/SF,5700,1,20.0,17.0,104,108,2%,18,14,11,38,31,29,26.9,26.4,16.3,36.5,36.0,33.5,5.9,38.5,40.0,7.0,34.0,5.96,33.5,36.0,5.9,33.75,5.93,32.666666666666664,14.333333333333334,27.97,26.0,37.19387755102041,0.9835539633398926,1.2417026091971808,1.1272496306337905,0.5736816419809879,1.1078649035729704
7,6,PJ Washington,PF,,2020-03-03,CHA,SA,4.0,212.0,104.0,5100,1,16.3,26.1,33.8,28.5,5.59,PF/C,5100,1,18.0,12.0,102,111,0%,15,13,10,32,33,31,26.1,26.0,17.4,34.5,32.5,27.6,5.4,35.0,32.0,6.3,28.5,5.59,27.6,32.5,5.4,28.05,5.495,32.0,12.666666666666666,26.410000000000004,25.400000000000002,28.48828125,0.5178182784415213,0.9312089258542084,0.490868788460601,0.43277426806243113,0.8118232936393316
7,7,Zion Williamson,PF,,2020-03-03,NO,MIN,-11.5,247.5,129.5,7700,15,32.8,38.7,41.8,45.8,5.94,PF/C,7700,1,30.0,26.0,106,110,0%,16,17,16,32,32,30,38.6,37.1,30.5,43.6,33.0,47.0,6.1,32.6,49.0,6.4,45.8,5.94,47.0,33.0,6.1,46.4,6.02,31.333333333333332,16.333333333333332,39.24,37.766666666666666,48.86808510638298,2.017160351754699,0.9755651663317759,1.980636553125871,1.5916470933028728,1.1691148918351026
8,0,Alec Burks,PG,,2020-03-03,PHI,LAL,12.5,218.5,103.0,4400,14,11.3,19.2,28.0,27.3,6.19,PG/SG,4400,1,24.0,16.0,103,103,-2%,12,11,12,22,20,28,19.1,28.7,17.6,39.9,27.0,26.5,6.0,22.1,18.5,4.2,27.3,6.19,26.5,27.0,6.0,26.9,6.095000000000001,23.333333333333332,11.666666666666666,26.439999999999998,19.5,31.127142857142857,0.4238540613129024,0.443290280600966,0.6837701031856165,0.4354840252531721,1.2201565487202135
8,1,Devin Booker,PG,,2020-03-03,PHO,TOR,4.0,225.5,110.8,8300,10,23.5,37.2,44.8,45.3,5.45,PG/SG,8300,2,30.0,20.0,103,102,0%,17,18,18,39,38,36,37.1,42.1,30.0,54.1,37.5,46.2,5.6,37.4,45.0,5.4,45.3,5.45,46.2,37.5,5.6,45.75,5.525,37.666666666666664,17.666666666666668,41.81,35.166666666666664,45.54756637168142,1.9640501420733059,1.3747713306298834,1.7379059651483941,1.8237829593097268,0.8322399563933758
8,2,Buddy Hield,SG,,2020-03-03,SAC,WAS,-5.5,237.0,121.3,5500,21,12.5,25.3,34.0,29.5,5.36,SG/SF,5500,1,27.0,16.0,106,113,6%,15,13,17,24,25,33,30.1,34.9,24.9,45.0,25.5,30.2,5.5,23.3,31.3,5.7,29.5,5.36,30.2,25.5,5.5,29.85,5.43,27.333333333333332,15.0,32.95,23.933333333333334,27.84786585365854,0.6648927052515334,0.3102215591682635,0.444054294062706,1.0235013356440748,0.7675871910055692
8,3,Zion Williamson,PF,,2020-03-03,NO,MIN,-11.5,247.5,129.5,7700,15,32.8,38.7,41.8,45.8,5.94,PF/C,7700,1,30.0,26.0,106,110,0%,16,17,16,32,32,30,38.6,37.1,30.5,43.6,33.0,47.0,6.1,32.6,49.0,6.4,45.8,5.94,47.0,33.0,6.1,46.4,6.02,31.333333333333332,16.333333333333332,39.24,37.766666666666666,48.86808510638298,2.017160351754699,0.9755651663317759,1.980636553125871,1.5916470933028728,1.1691148918351026
8,4,Patty Mills,PG,,2020-03-03,SA,CHA,-4.0,212.0,108.0,3300,11,11.8,19.4,34.5,19.0,5.76,PG/SG,3300,0,20.0,14.0,99,110,-5%,11,11,9,22,22,23,19.4,19.4,10.6,28.3,23.0,18.0,5.5,21.9,18.3,5.5,19.0,5.76,18.0,23.0,5.5,18.5,5.63,22.333333333333332,10.333333333333334,19.24,21.900000000000002,19.052238805970152,-0.2624932638004868,0.08844035678042601,-0.19890781381646797,-0.2148577005247843,0.9036982760325298
8,5,DeMar DeRozan,SG,,2020-03-03,SA,CHA,-4.0,212.0,108.0,7400,13,20.8,34.2,51.5,41.5,5.61,SG/SF,7400,0,27.0,22.0,99,110,2%,12,13,16,36,34,35,35.0,39.6,31.1,48.0,35.0,43.3,5.9,35.5,36.3,4.9,41.5,5.61,43.3,35.0,5.9,42.4,5.755000000000001,35.0,13.666666666666666,39.22,35.5,42.4,1.6903282921768945,1.1529901282420458,1.5078182297256235,1.589840588509045,0.9887677041743808
8,6,Trey Lyles,PF,,2020-03-03,SA,CHA,-4.0,212.0,108.0,5200,30,14.5,26.1,44.8,32.5,6.25,PF/C,5200,0,13.0,12.0,99,110,7%,15,9,5,38,30,20,26.1,16.7,7.4,26.0,34.0,31.4,6.0,32.8,17.3,3.3,32.5,6.25,31.4,34.0,6.0,31.95,6.125,29.333333333333332,9.666666666666666,21.630000000000003,28.46666666666667,37.032954545454544,0.8364795365298805,1.0642776472869109,1.1154861265306837,0.0010196223376210416,1.2405732114742571
8,7,Jrue Holiday,PG,,2020-03-03,NO,MIN,-11.5,247.5,129.5,7900,17,28.3,40.5,57.3,43.8,5.54,PG/SG,7900,1,26.0,17.0,106,110,3%,13,14,17,36,36,35,40.4,40.6,30.4,50.7,36.0,43.1,5.5,37.8,61.5,7.8,43.8,5.54,43.1,36.0,5.5,43.45,5.52,35.666666666666664,14.666666666666666,41.11,42.03333333333333,43.85607476635514,1.7761217078160685,1.2417026091971808,1.6142575882761234,1.7605552915257585,0.8288371792677013
9,0,Devin Booker,PG,,2020-03-03,PHO,TOR,4.0,225.5,110.8,8300,10,23.5,37.2,44.8,45.3,5.45,PG/SG,8300,2,30.0,20.0,103,102,0%,17,18,18,39,38,36,37.1,42.1,30.0,54.1,37.5,46.2,5.6,37.4,45.0,5.4,45.3,5.45,46.2,37.5,5.6,45.75,5.525,37.666666666666664,17.666666666666668,41.81,35.166666666666664,45.54756637168142,1.9640501420733059,1.3747713306298834,1.7379059651483941,1.8237829593097268,0.8322399563933758
9,1,Terry Rozier,PG,,2020-03-03,CHA,SA,4.0,212.0,104.0,6100,22,19.3,27.2,38.3,35.3,5.78,PG/SG,6100,1,24.0,14.0,102,111,3%,15,14,15,36,33,35,27.2,31.8,21.2,42.4,36.0,34.8,5.7,35.5,35.5,5.8,35.3,5.78,34.8,36.0,5.7,35.05,5.74,34.666666666666664,14.666666666666666,31.53,28.266666666666666,36.39807692307693,1.089774382702679,1.2417026091971808,1.0690764445243837,0.8952394952823111,0.9785593727973583
9,2,Caleb Martin,SG,,2020-03-03,CHA,SA,4.0,212.0,104.0,3000,12,3.8,11.6,20.3,19.3,6.42,SG/SF,3000,1,,,102,111,3%,4,4,4,18,17,14,11.6,8.7,2.2,15.1,25.0,18.2,6.1,26.5,19.3,6.4,19.3,6.42,18.2,25.0,6.1,18.75,6.26,16.333333333333332,4.0,11.27,11.9,28.69897959183674,-0.24206626007687404,0.26586531869069596,0.5062708796656391,-0.9347498608651055,1.3324481938674553
9,3,Miles Bridges,SF,,2020-03-03,CHA,SA,4.0,212.0,104.0,5500,27,16.3,25.2,29.3,30.0,5.45,SF/PF,5500,1,20.0,13.0,102,111,3%,12,12,12,35,31,32,25.4,26.4,16.9,35.9,35.0,31.9,5.8,32.2,25.8,4.7,30.0,5.45,31.9,35.0,5.8,30.95,5.625,32.666666666666664,12.0,27.109999999999996,23.599999999999998,33.16071428571429,0.7547715216354294,1.1529901282420458,0.8324245840029658,0.4960019358463984,0.9002954989068559
9,4,DeMar DeRozan,SG,,2020-03-03,SA,CHA,-4.0,212.0,108.0,7400,13,20.8,34.2,51.5,41.5,5.61,SG/SF,7400,0,27.0,22.0,99,110,2%,12,13,16,36,34,35,35.0,39.6,31.1,48.0,35.0,43.3,5.9,35.5,36.3,4.9,41.5,5.61,43.3,35.0,5.9,42.4,5.755000000000001,35.0,13.666666666666666,39.22,35.5,42.4,1.6903282921768945,1.1529901282420458,1.5078182297256235,1.589840588509045,0.9887677041743808
9,5,Norman Powell,SG,,2020-03-03,TOR,PHO,-4.0,225.5,114.8,5700,18,17.0,27.0,34.0,34.0,5.96,SG/SF,5700,1,20.0,17.0,104,108,2%,18,14,11,38,31,29,26.9,26.4,16.3,36.5,36.0,33.5,5.9,38.5,40.0,7.0,34.0,5.96,33.5,36.0,5.9,33.75,5.93,32.666666666666664,14.333333333333334,27.97,26.0,37.19387755102041,0.9835539633398926,1.2417026091971808,1.1272496306337905,0.5736816419809879,1.1078649035729704
9,6,Trey Lyles,PF,,2020-03-03,SA,CHA,-4.0,212.0,108.0,5200,30,14.5,26.1,44.8,32.5,6.25,PF/C,5200,0,13.0,12.0,99,110,7%,15,9,5,38,30,20,26.1,16.7,7.4,26.0,34.0,31.4,6.0,32.8,17.3,3.3,32.5,6.25,31.4,34.0,6.0,31.95,6.125,29.333333333333332,9.666666666666666,21.630000000000003,28.46666666666667,37.032954545454544,0.8364795365298805,1.0642776472869109,1.1154861265306837,0.0010196223376210416,1.2405732114742571
9,7,Jrue Holiday,PG,,2020-03-03,NO,MIN,-11.5,247.5,129.5,7900,17,28.3,40.5,57.3,43.8,5.54,PG/SG,7900,1,26.0,17.0,106,110,3%,13,14,17,36,36,35,40.4,40.6,30.4,50.7,36.0,43.1,5.5,37.8,61.5,7.8,43.8,5.54,43.1,36.0,5.5,43.45,5.52,35.666666666666664,14.666666666666666,41.11,42.03333333333333,43.85607476635514,1.7761217078160685,1.2417026091971808,1.6142575882761234,1.7605552915257585,0.8288371792677013
10,0,Terry Rozier,PG,,2020-03-03,CHA,SA,4.0,212.0,104.0,6100,22,19.3,27.2,38.3,35.3,5.78,PG/SG,6100,1,24.0,14.0,102,111,3%,15,14,15,36,33,35,27.2,31.8,21.2,42.4,36.0,34.8,5.7,35.5,35.5,5.8,35.3,5.78,34.8,36.0,5.7,35.05,5.74,34.666666666666664,14.666666666666666,31.53,28.266666666666666,36.39807692307693,1.089774382702679,1.2417026091971808,1.0690764445243837,0.8952394952823111,0.9785593727973583
10,1,Jordan Poole,PG,,2020-03-03,GS,DEN,16.0,218.5,101.3,4900,15,21.3,27.8,30.3,21.3,4.34,PG/SG,4900,1,21.0,7.0,100,107,-4%,11,13,9,30,31,22,27.8,16.2,7.4,25.0,28.0,20.5,4.2,22.4,31.8,6.5,21.3,4.34,20.5,28.0,4.2,20.9,4.27,27.666666666666668,11.0,19.46,26.46666666666667,21.151807228915658,-0.06639402805380429,0.5320027615561009,-0.045428939424177875,-0.19498614779267986,-0.02185710215080194
10,2,DeMar DeRozan,SG,,2020-03-03,SA,CHA,-4.0,212.0,108.0,7400,13,20.8,34.2,51.5,41.5,5.61,SG/SF,7400,0,27.0,22.0,99,110,2%,12,13,16,36,34,35,35.0,39.6,31.1,48.0,35.0,43.3,5.9,35.5,36.3,4.9,41.5,5.61,43.3,35.0,5.9,42.4,5.755000000000001,35.0,13.666666666666666,39.22,35.5,42.4,1.6903282921768945,1.1529901282420458,1.5078182297256235,1.589840588509045,0.9887677041743808
10,3,Trey Lyles,PF,,2020-03-03,SA,CHA,-4.0,212.0,108.0,5200,30,14.5,26.1,44.8,32.5,6.25,PF/C,5200,0,13.0,12.0,99,110,7%,15,9,5,38,30,20,26.1,16.7,7.4,26.0,34.0,31.4,6.0,32.8,17.3,3.3,32.5,6.25,31.4,34.0,6.0,31.95,6.125,29.333333333333332,9.666666666666666,21.630000000000003,28.46666666666667,37.032954545454544,0.8364795365298805,1.0642776472869109,1.1154861265306837,0.0010196223376210416,1.2405732114742571
10,4,Alec Burks,PG,,2020-03-03,PHI,LAL,12.5,218.5,103.0,4400,14,11.3,19.2,28.0,27.3,6.19,PG/SG,4400,1,24.0,16.0,103,103,-2%,12,11,12,22,20,28,19.1,28.7,17.6,39.9,27.0,26.5,6.0,22.1,18.5,4.2,27.3,6.19,26.5,27.0,6.0,26.9,6.095000000000001,23.333333333333332,11.666666666666666,26.439999999999998,19.5,31.127142857142857,0.4238540613129024,0.443290280600966,0.6837701031856165,0.4354840252531721,1.2201565487202135
10,5,Norman Powell,SG,,2020-03-03,TOR,PHO,-4.0,225.5,114.8,5700,18,17.0,27.0,34.0,34.0,5.96,SG/SF,5700,1,20.0,17.0,104,108,2%,18,14,11,38,31,29,26.9,26.4,16.3,36.5,36.0,33.5,5.9,38.5,40.0,7.0,34.0,5.96,33.5,36.0,5.9,33.75,5.93,32.666666666666664,14.333333333333334,27.97,26.0,37.19387755102041,0.9835539633398926,1.2417026091971808,1.1272496306337905,0.5736816419809879,1.1078649035729704
10,6,Zion Williamson,PF,,2020-03-03,NO,MIN,-11.5,247.5,129.5,7700,15,32.8,38.7,41.8,45.8,5.94,PF/C,7700,1,30.0,26.0,106,110,0%,16,17,16,32,32,30,38.6,37.1,30.5,43.6,33.0,47.0,6.1,32.6,49.0,6.4,45.8,5.94,47.0,33.0,6.1,46.4,6.02,31.333333333333332,16.333333333333332,39.24,37.766666666666666,48.86808510638298,2.017160351754699,0.9755651663317759,1.980636553125871,1.5916470933028728,1.1691148918351026
10,7,Devin Booker,PG,,2020-03-03,PHO,TOR,4.0,225.5,110.8,8300,10,23.5,37.2,44.8,45.3,5.45,PG/SG,8300,2,30.0,20.0,103,102,0%,17,18,18,39,38,36,37.1,42.1,30.0,54.1,37.5,46.2,5.6,37.4,45.0,5.4,45.3,5.45,46.2,37.5,5.6,45.75,5.525,37.666666666666664,17.666666666666668,41.81,35.166666666666664,45.54756637168142,1.9640501420733059,1.3747713306298834,1.7379059651483941,1.8237829593097268,0.8322399563933758
11,0,Alec Burks,PG,,2020-03-03,PHI,LAL,12.5,218.5,103.0,4400,14,11.3,19.2,28.0,27.3,6.19,PG/SG,4400,1,24.0,16.0,103,103,-2%,12,11,12,22,20,28,19.1,28.7,17.6,39.9,27.0,26.5,6.0,22.1,18.5,4.2,27.3,6.19,26.5,27.0,6.0,26.9,6.095000000000001,23.333333333333332,11.666666666666666,26.439999999999998,19.5,31.127142857142857,0.4238540613129024,0.443290280600966,0.6837701031856165,0.4354840252531721,1.2201565487202135
11,1,DeMar DeRozan,SG,,2020-03-03,SA,CHA,-4.0,212.0,108.0,7400,13,20.8,34.2,51.5,41.5,5.61,SG/SF,7400,0,27.0,22.0,99,110,2%,12,13,16,36,34,35,35.0,39.6,31.1,48.0,35.0,43.3,5.9,35.5,36.3,4.9,41.5,5.61,43.3,35.0,5.9,42.4,5.755000000000001,35.0,13.666666666666666,39.22,35.5,42.4,1.6903282921768945,1.1529901282420458,1.5078182297256235,1.589840588509045,0.9887677041743808
11,2,Harrison Barnes,SF,,2020-03-03,SAC,WAS,-5.5,237.0,121.3,5400,24,15.5,27.0,34.5,26.3,4.86,SF/PF,5400,1,18.0,13.0,106,113,7%,8,11,11,34,37,35,26.9,26.4,17.2,35.5,35.5,28.1,5.2,31.9,23.5,4.4,26.3,4.86,28.1,35.5,5.2,27.200000000000003,5.03,35.333333333333336,10.0,26.639999999999997,25.666666666666668,27.328301886792456,0.44836646578123807,1.1973463687196133,0.4060740634886871,0.45354907319144855,0.49536502095164847
11,3,PJ Washington,PF,,2020-03-03,CHA,SA,4.0,212.0,104.0,5100,1,16.3,26.1,33.8,28.5,5.59,PF/C,5100,1,18.0,12.0,102,111,0%,15,13,10,32,33,31,26.1,26.0,17.4,34.5,32.5,27.6,5.4,35.0,32.0,6.3,28.5,5.59,27.6,32.5,5.4,28.05,5.495,32.0,12.666666666666666,26.410000000000004,25.400000000000002,28.48828125,0.5178182784415213,0.9312089258542084,0.490868788460601,0.43277426806243113,0.8118232936393316
11,4,Jrue Holiday,PG,,2020-03-03,NO,MIN,-11.5,247.5,129.5,7900,17,28.3,40.5,57.3,43.8,5.54,PG/SG,7900,1,26.0,17.0,106,110,3%,13,14,17,36,36,35,40.4,40.6,30.4,50.7,36.0,43.1,5.5,37.8,61.5,7.8,43.8,5.54,43.1,36.0,5.5,43.45,5.52,35.666666666666664,14.666666666666666,41.11,42.03333333333333,43.85607476635514,1.7761217078160685,1.2417026091971808,1.6142575882761234,1.7605552915257585,0.8288371792677013
11,5,Miles Bridges,SF,,2020-03-03,CHA,SA,4.0,212.0,104.0,5500,27,16.3,25.2,29.3,30.0,5.45,SF/PF,5500,1,20.0,13.0,102,111,3%,12,12,12,35,31,32,25.4,26.4,16.9,35.9,35.0,31.9,5.8,32.2,25.8,4.7,30.0,5.45,31.9,35.0,5.8,30.95,5.625,32.666666666666664,12.0,27.109999999999996,23.599999999999998,33.16071428571429,0.7547715216354294,1.1529901282420458,0.8324245840029658,0.4960019358463984,0.9002954989068559
11,6,Zion Williamson,PF,,2020-03-03,NO,MIN,-11.5,247.5,129.5,7700,15,32.8,38.7,41.8,45.8,5.94,PF/C,7700,1,30.0,26.0,106,110,0%,16,17,16,32,32,30,38.6,37.1,30.5,43.6,33.0,47.0,6.1,32.6,49.0,6.4,45.8,5.94,47.0,33.0,6.1,46.4,6.02,31.333333333333332,16.333333333333332,39.24,37.766666666666666,48.86808510638298,2.017160351754699,0.9755651663317759,1.980636553125871,1.5916470933028728,1.1691148918351026
11,7,Danilo Gallinari,SF,,2020-03-03,OKC,LAC,4.5,227.5,111.5,5900,10,18.0,29.7,37.5,33.5,5.68,SF/PF,5900,3,24.0,20.0,104,105,-1%,17,15,14,33,31,31,29.6,32.2,25.0,39.5,31.5,32.8,5.6,28.5,23.5,4.0,33.5,5.68,32.8,31.5,5.6,33.15,5.64,31.666666666666668,15.333333333333334,31.890000000000004,28.400000000000002,32.97552631578947,0.9345291544032218,0.8424964448990734,0.8188873061203139,0.9277565815712091,0.9105038302838777
12,0,Alec Burks,PG,,2020-03-03,PHI,LAL,12.5,218.5,103.0,4400,14,11.3,19.2,28.0,27.3,6.19,PG/SG,4400,1,24.0,16.0,103,103,-2%,12,11,12,22,20,28,19.1,28.7,17.6,39.9,27.0,26.5,6.0,22.1,18.5,4.2,27.3,6.19,26.5,27.0,6.0,26.9,6.095000000000001,23.333333333333332,11.666666666666666,26.439999999999998,19.5,31.127142857142857,0.4238540613129024,0.443290280600966,0.6837701031856165,0.4354840252531721,1.2201565487202135
12,1,Terry Rozier,PG,,2020-03-03,CHA,SA,4.0,212.0,104.0,6100,22,19.3,27.2,38.3,35.3,5.78,PG/SG,6100,1,24.0,14.0,102,111,3%,15,14,15,36,33,35,27.2,31.8,21.2,42.4,36.0,34.8,5.7,35.5,35.5,5.8,35.3,5.78,34.8,36.0,5.7,35.05,5.74,34.666666666666664,14.666666666666666,31.53,28.266666666666666,36.39807692307693,1.089774382702679,1.2417026091971808,1.0690764445243837,0.8952394952823111,0.9785593727973583
12,2,DeMar DeRozan,SG,,2020-03-03,SA,CHA,-4.0,212.0,108.0,7400,13,20.8,34.2,51.5,41.5,5.61,SG/SF,7400,0,27.0,22.0,99,110,2%,12,13,16,36,34,35,35.0,39.6,31.1,48.0,35.0,43.3,5.9,35.5,36.3,4.9,41.5,5.61,43.3,35.0,5.9,42.4,5.755000000000001,35.0,13.666666666666666,39.22,35.5,42.4,1.6903282921768945,1.1529901282420458,1.5078182297256235,1.589840588509045,0.9887677041743808
12,3,Danilo Gallinari,SF,,2020-03-03,OKC,LAC,4.5,227.5,111.5,5900,10,18.0,29.7,37.5,33.5,5.68,SF/PF,5900,3,24.0,20.0,104,105,-1%,17,15,14,33,31,31,29.6,32.2,25.0,39.5,31.5,32.8,5.6,28.5,23.5,4.0,33.5,5.68,32.8,31.5,5.6,33.15,5.64,31.666666666666668,15.333333333333334,31.890000000000004,28.400000000000002,32.97552631578947,0.9345291544032218,0.8424964448990734,0.8188873061203139,0.9277565815712091,0.9105038302838777
12,4,Jamal Murray,PG,,2020-03-03,DEN,GS,-16.0,218.5,117.3,6700,7,18.0,31.4,38.8,37.5,5.6,PG/SG,6700,1,26.0,18.0,103,111,6%,14,14,16,31,34,33,31.4,34.8,24.0,45.5,33.5,37.2,5.6,37.7,27.5,4.1,37.5,5.6,37.2,33.5,5.6,37.35,5.6,32.666666666666664,14.666666666666666,34.61,29.399999999999995,38.302806122448985,1.2777028169599167,1.0199214068093434,1.2083125324493633,1.17344123353177,0.8832816132784855
12,5,Rui Hachimura,PF,,2020-03-03,WAS,SAC,5.5,237.0,115.8,5300,9,22.0,25.3,29.8,24.3,4.58,PF/C,5300,1,19.0,15.0,101,108,-11%,9,10,12,31,33,29,25.3,25.6,16.2,34.9,30.0,25.3,4.8,30.2,35.5,6.7,24.3,4.58,25.3,30.0,4.8,24.8,4.6899999999999995,31.0,10.333333333333334,25.360000000000003,25.7,24.0,0.2522672300345552,0.709427723466371,0.16277452552649893,0.33793276638647907,0.2639761764058151
12,6,Trey Lyles,PF,,2020-03-03,SA,CHA,-4.0,212.0,108.0,5200,30,14.5,26.1,44.8,32.5,6.25,PF/C,5200,0,13.0,12.0,99,110,7%,15,9,5,38,30,20,26.1,16.7,7.4,26.0,34.0,31.4,6.0,32.8,17.3,3.3,32.5,6.25,31.4,34.0,6.0,31.95,6.125,29.333333333333332,9.666666666666666,21.630000000000003,28.46666666666667,37.032954545454544,0.8364795365298805,1.0642776472869109,1.1154861265306837,0.0010196223376210416,1.2405732114742571
12,7,Devin Booker,PG,,2020-03-03,PHO,TOR,4.0,225.5,110.8,8300,10,23.5,37.2,44.8,45.3,5.45,PG/SG,8300,2,30.0,20.0,103,102,0%,17,18,18,39,38,36,37.1,42.1,30.0,54.1,37.5,46.2,5.6,37.4,45.0,5.4,45.3,5.45,46.2,37.5,5.6,45.75,5.525,37.666666666666664,17.666666666666668,41.81,35.166666666666664,45.54756637168142,1.9640501420733059,1.3747713306298834,1.7379059651483941,1.8237829593097268,0.8322399563933758
13,0,Devin Booker,PG,,2020-03-03,PHO,TOR,4.0,225.5,110.8,8300,10,23.5,37.2,44.8,45.3,5.45,PG/SG,8300,2,30.0,20.0,103,102,0%,17,18,18,39,38,36,37.1,42.1,30.0,54.1,37.5,46.2,5.6,37.4,45.0,5.4,45.3,5.45,46.2,37.5,5.6,45.75,5.525,37.666666666666664,17.666666666666668,41.81,35.166666666666664,45.54756637168142,1.9640501420733059,1.3747713306298834,1.7379059651483941,1.8237829593097268,0.8322399563933758
13,1,Alec Burks,PG,,2020-03-03,PHI,LAL,12.5,218.5,103.0,4400,14,11.3,19.2,28.0,27.3,6.19,PG/SG,4400,1,24.0,16.0,103,103,-2%,12,11,12,22,20,28,19.1,28.7,17.6,39.9,27.0,26.5,6.0,22.1,18.5,4.2,27.3,6.19,26.5,27.0,6.0,26.9,6.095000000000001,23.333333333333332,11.666666666666666,26.439999999999998,19.5,31.127142857142857,0.4238540613129024,0.443290280600966,0.6837701031856165,0.4354840252531721,1.2201565487202135
13,2,Caleb Martin,SG,,2020-03-03,CHA,SA,4.0,212.0,104.0,3000,12,3.8,11.6,20.3,19.3,6.42,SG/SF,3000,1,,,102,111,3%,4,4,4,18,17,14,11.6,8.7,2.2,15.1,25.0,18.2,6.1,26.5,19.3,6.4,19.3,6.42,18.2,25.0,6.1,18.75,6.26,16.333333333333332,4.0,11.27,11.9,28.69897959183674,-0.24206626007687404,0.26586531869069596,0.5062708796656391,-0.9347498608651055,1.3324481938674553
13,3,Danilo Gallinari,SF,,2020-03-03,OKC,LAC,4.5,227.5,111.5,5900,10,18.0,29.7,37.5,33.5,5.68,SF/PF,5900,3,24.0,20.0,104,105,-1%,17,15,14,33,31,31,29.6,32.2,25.0,39.5,31.5,32.8,5.6,28.5,23.5,4.0,33.5,5.68,32.8,31.5,5.6,33.15,5.64,31.666666666666668,15.333333333333334,31.890000000000004,28.400000000000002,32.97552631578947,0.9345291544032218,0.8424964448990734,0.8188873061203139,0.9277565815712091,0.9105038302838777
13,4,DeMar DeRozan,SG,,2020-03-03,SA,CHA,-4.0,212.0,108.0,7400,13,20.8,34.2,51.5,41.5,5.61,SG/SF,7400,0,27.0,22.0,99,110,2%,12,13,16,36,34,35,35.0,39.6,31.1,48.0,35.0,43.3,5.9,35.5,36.3,4.9,41.5,5.61,43.3,35.0,5.9,42.4,5.755000000000001,35.0,13.666666666666666,39.22,35.5,42.4,1.6903282921768945,1.1529901282420458,1.5078182297256235,1.589840588509045,0.9887677041743808
13,5,Zion Williamson,PF,,2020-03-03,NO,MIN,-11.5,247.5,129.5,7700,15,32.8,38.7,41.8,45.8,5.94,PF/C,7700,1,30.0,26.0,106,110,0%,16,17,16,32,32,30,38.6,37.1,30.5,43.6,33.0,47.0,6.1,32.6,49.0,6.4,45.8,5.94,47.0,33.0,6.1,46.4,6.02,31.333333333333332,16.333333333333332,39.24,37.766666666666666,48.86808510638298,2.017160351754699,0.9755651663317759,1.980636553125871,1.5916470933028728,1.1691148918351026
13,6,Steven Adams,C,,2020-03-03,OKC,LAC,4.5,227.5,111.5,6200,14,22.8,37.5,56.8,33.0,5.32,C,6200,3,17.0,21.0,104,105,5%,7,10,8,22,27,28,37.5,31.4,21.2,41.6,28.0,32.4,5.2,27.3,19.0,3.1,33.0,5.32,32.4,28.0,5.2,32.7,5.26,25.666666666666668,8.333333333333334,32.879999999999995,39.03333333333333,35.67272727272727,0.8977605477007191,0.5320027615561009,1.0160532390599357,1.0171785688656774,0.6518927687326528
13,7,Buddy Hield,SG,,2020-03-03,SAC,WAS,-5.5,237.0,121.3,5500,21,12.5,25.3,34.0,29.5,5.36,SG/SF,5500,1,27.0,16.0,106,113,6%,15,13,17,24,25,33,30.1,34.9,24.9,45.0,25.5,30.2,5.5,23.3,31.3,5.7,29.5,5.36,30.2,25.5,5.5,29.85,5.43,27.333333333333332,15.0,32.95,23.933333333333334,27.84786585365854,0.6648927052515334,0.3102215591682635,0.444054294062706,1.0235013356440748,0.7675871910055692
14,0,Devin Booker,PG,,2020-03-03,PHO,TOR,4.0,225.5,110.8,8300,10,23.5,37.2,44.8,45.3,5.45,PG/SG,8300,2,30.0,20.0,103,102,0%,17,18,18,39,38,36,37.1,42.1,30.0,54.1,37.5,46.2,5.6,37.4,45.0,5.4,45.3,5.45,46.2,37.5,5.6,45.75,5.525,37.666666666666664,17.666666666666668,41.81,35.166666666666664,45.54756637168142,1.9640501420733059,1.3747713306298834,1.7379059651483941,1.8237829593097268,0.8322399563933758
14,1,Terry Rozier,PG,,2020-03-03,CHA,SA,4.0,212.0,104.0,6100,22,19.3,27.2,38.3,35.3,5.78,PG/SG,6100,1,24.0,14.0,102,111,3%,15,14,15,36,33,35,27.2,31.8,21.2,42.4,36.0,34.8,5.7,35.5,35.5,5.8,35.3,5.78,34.8,36.0,5.7,35.05,5.74,34.666666666666664,14.666666666666666,31.53,28.266666666666666,36.39807692307693,1.089774382702679,1.2417026091971808,1.0690764445243837,0.8952394952823111,0.9785593727973583
14,2,Troy Brown Jr.,SG,,2020-03-03,WAS,SAC,5.5,237.0,115.8,3400,14,8.3,14.7,23.8,15.8,4.63,SG/SF,3400,1,17.0,14.0,101,108,3%,6,6,8,18,18,25,14.7,22.8,12.8,32.7,17.0,14.9,4.4,15.1,13.5,4.0,15.8,4.63,14.9,17.0,4.4,15.350000000000001,4.515000000000001,20.333333333333332,6.666666666666667,19.669999999999998,15.6,12.833606557377053,-0.5198735107180077,-0.44383452895038394,-0.6534910830936307,-0.17601784745748972,0.14487897700722538
14,3,Trey Lyles,PF,,2020-03-03,SA,CHA,-4.0,212.0,108.0,5200,30,14.5,26.1,44.8,32.5,6.25,PF/C,5200,0,13.0,12.0,99,110,7%,15,9,5,38,30,20,26.1,16.7,7.4,26.0,34.0,31.4,6.0,32.8,17.3,3.3,32.5,6.25,31.4,34.0,6.0,31.95,6.125,29.333333333333332,9.666666666666666,21.630000000000003,28.46666666666667,37.032954545454544,0.8364795365298805,1.0642776472869109,1.1154861265306837,0.0010196223376210416,1.2405732114742571
14,4,DeMar DeRozan,SG,,2020-03-03,SA,CHA,-4.0,212.0,108.0,7400,13,20.8,34.2,51.5,41.5,5.61,SG/SF,7400,0,27.0,22.0,99,110,2%,12,13,16,36,34,35,35.0,39.6,31.1,48.0,35.0,43.3,5.9,35.5,36.3,4.9,41.5,5.61,43.3,35.0,5.9,42.4,5.755000000000001,35.0,13.666666666666666,39.22,35.5,42.4,1.6903282921768945,1.1529901282420458,1.5078182297256235,1.589840588509045,0.9887677041743808
14,5,PJ Washington,PF,,2020-03-03,CHA,SA,4.0,212.0,104.0,5100,1,16.3,26.1,33.8,28.5,5.59,PF/C,5100,1,18.0,12.0,102,111,0%,15,13,10,32,33,31,26.1,26.0,17.4,34.5,32.5,27.6,5.4,35.0,32.0,6.3,28.5,5.59,27.6,32.5,5.4,28.05,5.495,32.0,12.666666666666666,26.410000000000004,25.400000000000002,28.48828125,0.5178182784415213,0.9312089258542084,0.490868788460601,0.43277426806243113,0.8118232936393316
14,6,Zion Williamson,PF,,2020-03-03,NO,MIN,-11.5,247.5,129.5,7700,15,32.8,38.7,41.8,45.8,5.94,PF/C,7700,1,30.0,26.0,106,110,0%,16,17,16,32,32,30,38.6,37.1,30.5,43.6,33.0,47.0,6.1,32.6,49.0,6.4,45.8,5.94,47.0,33.0,6.1,46.4,6.02,31.333333333333332,16.333333333333332,39.24,37.766666666666666,48.86808510638298,2.017160351754699,0.9755651663317759,1.980636553125871,1.5916470933028728,1.1691148918351026
14,7,Buddy Hield,SG,,2020-03-03,SAC,WAS,-5.5,237.0,121.3,5500,21,12.5,25.3,34.0,29.5,5.36,SG/SF,5500,1,27.0,16.0,106,113,6%,15,13,17,24,25,33,30.1,34.9,24.9,45.0,25.5,30.2,5.5,23.3,31.3,5.7,29.5,5.36,30.2,25.5,5.5,29.85,5.43,27.333333333333332,15.0,32.95,23.933333333333334,27.84786585365854,0.6648927052515334,0.3102215591682635,0.444054294062706,1.0235013356440748,0.7675871910055692
15,0,Devin Booker,PG,,2020-03-03,PHO,TOR,4.0,225.5,110.8,8300,10,23.5,37.2,44.8,45.3,5.45,PG/SG,8300,2,30.0,20.0,103,102,0%,17,18,18,39,38,36,37.1,42.1,30.0,54.1,37.5,46.2,5.6,37.4,45.0,5.4,45.3,5.45,46.2,37.5,5.6,45.75,5.525,37.666666666666664,17.666666666666668,41.81,35.166666666666664,45.54756637168142,1.9640501420733059,1.3747713306298834,1.7379059651483941,1.8237829593097268,0.8322399563933758
15,1,Troy Brown Jr.,SG,,2020-03-03,WAS,SAC,5.5,237.0,115.8,3400,14,8.3,14.7,23.8,15.8,4.63,SG/SF,3400,1,17.0,14.0,101,108,3%,6,6,8,18,18,25,14.7,22.8,12.8,32.7,17.0,14.9,4.4,15.1,13.5,4.0,15.8,4.63,14.9,17.0,4.4,15.350000000000001,4.515000000000001,20.333333333333332,6.666666666666667,19.669999999999998,15.6,12.833606557377053,-0.5198735107180077,-0.44383452895038394,-0.6534910830936307,-0.17601784745748972,0.14487897700722538
15,2,Norman Powell,SG,,2020-03-03,TOR,PHO,-4.0,225.5,114.8,5700,18,17.0,27.0,34.0,34.0,5.96,SG/SF,5700,1,20.0,17.0,104,108,2%,18,14,11,38,31,29,26.9,26.4,16.3,36.5,36.0,33.5,5.9,38.5,40.0,7.0,34.0,5.96,33.5,36.0,5.9,33.75,5.93,32.666666666666664,14.333333333333334,27.97,26.0,37.19387755102041,0.9835539633398926,1.2417026091971808,1.1272496306337905,0.5736816419809879,1.1078649035729704
15,3,Taurean Prince,PF,,2020-03-03,BKN,BOS,6.0,219.0,106.5,4700,12,14.0,21.5,28.3,22.5,4.79,PF,4700,2,20.0,10.0,102,104,-5%,9,10,12,25,27,30,21.4,25.9,17.0,34.9,27.5,23.2,4.9,18.8,11.0,2.3,22.5,4.79,23.2,27.5,4.9,22.85,4.845000000000001,27.333333333333332,10.333333333333334,24.409999999999997,21.266666666666666,22.989329268292686,0.09293660099037561,0.48764652107853346,0.08889429157534427,0.2521237886796648,0.3694622673017103
15,4,Alec Burks,PG,,2020-03-03,PHI,LAL,12.5,218.5,103.0,4400,14,11.3,19.2,28.0,27.3,6.19,PG/SG,4400,1,24.0,16.0,103,103,-2%,12,11,12,22,20,28,19.1,28.7,17.6,39.9,27.0,26.5,6.0,22.1,18.5,4.2,27.3,6.19,26.5,27.0,6.0,26.9,6.095000000000001,23.333333333333332,11.666666666666666,26.439999999999998,19.5,31.127142857142857,0.4238540613129024,0.443290280600966,0.6837701031856165,0.4354840252531721,1.2201565487202135
15,5,Zion Williamson,PF,,2020-03-03,NO,MIN,-11.5,247.5,129.5,7700,15,32.8,38.7,41.8,45.8,5.94,PF/C,7700,1,30.0,26.0,106,110,0%,16,17,16,32,32,30,38.6,37.1,30.5,43.6,33.0,47.0,6.1,32.6,49.0,6.4,45.8,5.94,47.0,33.0,6.1,46.4,6.02,31.333333333333332,16.333333333333332,39.24,37.766666666666666,48.86808510638298,2.017160351754699,0.9755651663317759,1.980636553125871,1.5916470933028728,1.1691148918351026
15,6,Trey Lyles,PF,,2020-03-03,SA,CHA,-4.0,212.0,108.0,5200,30,14.5,26.1,44.8,32.5,6.25,PF/C,5200,0,13.0,12.0,99,110,7%,15,9,5,38,30,20,26.1,16.7,7.4,26.0,34.0,31.4,6.0,32.8,17.3,3.3,32.5,6.25,31.4,34.0,6.0,31.95,6.125,29.333333333333332,9.666666666666666,21.630000000000003,28.46666666666667,37.032954545454544,0.8364795365298805,1.0642776472869109,1.1154861265306837,0.0010196223376210416,1.2405732114742571
15,7,D'Angelo Russell,PG,,2020-03-03,MIN,NO,11.5,247.5,118.0,9000,26,40.8,45.6,52.3,48.3,5.36,PG,9000,1,33.0,20.0,106,109,6%,20,19,19,36,34,33,45.6,42.0,30.0,54.0,35.0,49.6,5.5,31.0,39.8,4.4,48.3,5.36,49.6,35.0,5.5,48.95,5.43,34.333333333333336,19.333333333333332,44.11,46.23333333333333,49.900485436893206,2.2255157897355495,1.1529901282420458,2.0561052251240164,2.031531010599907,0.7675871910055692
16,0,Dejounte Murray,PG,,2020-03-03,SA,CHA,-4.0,212.0,108.0,5700,11,15.3,29.3,45.8,29.0,5.09,PG,5700,0,21.0,17.0,99,110,-5%,9,11,9,28,27,25,29.3,27.1,17.1,37.0,27.5,28.2,4.9,28.4,40.8,7.2,29.0,5.09,28.2,27.5,4.9,28.6,4.995,26.666666666666668,9.666666666666666,27.82,30.133333333333336,29.49375,0.5627576866334695,0.48764652107853346,0.564368756501713,0.5601328560272806,0.4715455810719303
16,1,DeMar DeRozan,SG,,2020-03-03,SA,CHA,-4.0,212.0,108.0,7400,13,20.8,34.2,51.5,41.5,5.61,SG/SF,7400,0,27.0,22.0,99,110,2%,12,13,16,36,34,35,35.0,39.6,31.1,48.0,35.0,43.3,5.9,35.5,36.3,4.9,41.5,5.61,43.3,35.0,5.9,42.4,5.755000000000001,35.0,13.666666666666666,39.22,35.5,42.4,1.6903282921768945,1.1529901282420458,1.5078182297256235,1.589840588509045,0.9887677041743808
16,2,Miles Bridges,SF,,2020-03-03,CHA,SA,4.0,212.0,104.0,5500,27,16.3,25.2,29.3,30.0,5.45,SF/PF,5500,1,20.0,13.0,102,111,3%,12,12,12,35,31,32,25.4,26.4,16.9,35.9,35.0,31.9,5.8,32.2,25.8,4.7,30.0,5.45,31.9,35.0,5.8,30.95,5.625,32.666666666666664,12.0,27.109999999999996,23.599999999999998,33.16071428571429,0.7547715216354294,1.1529901282420458,0.8324245840029658,0.4960019358463984,0.9002954989068559
16,3,Danilo Gallinari,SF,,2020-03-03,OKC,LAC,4.5,227.5,111.5,5900,10,18.0,29.7,37.5,33.5,5.68,SF/PF,5900,3,24.0,20.0,104,105,-1%,17,15,14,33,31,31,29.6,32.2,25.0,39.5,31.5,32.8,5.6,28.5,23.5,4.0,33.5,5.68,32.8,31.5,5.6,33.15,5.64,31.666666666666668,15.333333333333334,31.890000000000004,28.400000000000002,32.97552631578947,0.9345291544032218,0.8424964448990734,0.8188873061203139,0.9277565815712091,0.9105038302838777
16,4,Buddy Hield,SG,,2020-03-03,SAC,WAS,-5.5,237.0,121.3,5500,21,12.5,25.3,34.0,29.5,5.36,SG/SF,5500,1,27.0,16.0,106,113,6%,15,13,17,24,25,33,30.1,34.9,24.9,45.0,25.5,30.2,5.5,23.3,31.3,5.7,29.5,5.36,30.2,25.5,5.5,29.85,5.43,27.333333333333332,15.0,32.95,23.933333333333334,27.84786585365854,0.6648927052515334,0.3102215591682635,0.444054294062706,1.0235013356440748,0.7675871910055692
16,5,Troy Brown Jr.,SG,,2020-03-03,WAS,SAC,5.5,237.0,115.8,3400,14,8.3,14.7,23.8,15.8,4.63,SG/SF,3400,1,17.0,14.0,101,108,3%,6,6,8,18,18,25,14.7,22.8,12.8,32.7,17.0,14.9,4.4,15.1,13.5,4.0,15.8,4.63,14.9,17.0,4.4,15.350000000000001,4.515000000000001,20.333333333333332,6.666666666666667,19.669999999999998,15.6,12.833606557377053,-0.5198735107180077,-0.44383452895038394,-0.6534910830936307,-0.17601784745748972,0.14487897700722538
16,6,Trey Lyles,PF,,2020-03-03,SA,CHA,-4.0,212.0,108.0,5200,30,14.5,26.1,44.8,32.5,6.25,PF/C,5200,0,13.0,12.0,99,110,7%,15,9,5,38,30,20,26.1,16.7,7.4,26.0,34.0,31.4,6.0,32.8,17.3,3.3,32.5,6.25,31.4,34.0,6.0,31.95,6.125,29.333333333333332,9.666666666666666,21.630000000000003,28.46666666666667,37.032954545454544,0.8364795365298805,1.0642776472869109,1.1154861265306837,0.0010196223376210416,1.2405732114742571
16,7,Zion Williamson,PF,,2020-03-03,NO,MIN,-11.5,247.5,129.5,7700,15,32.8,38.7,41.8,45.8,5.94,PF/C,7700,1,30.0,26.0,106,110,0%,16,17,16,32,32,30,38.6,37.1,30.5,43.6,33.0,47.0,6.1,32.6,49.0,6.4,45.8,5.94,47.0,33.0,6.1,46.4,6.02,31.333333333333332,16.333333333333332,39.24,37.766666666666666,48.86808510638298,2.017160351754699,0.9755651663317759,1.980636553125871,1.5916470933028728,1.1691148918351026
17,0,Alec Burks,PG,,2020-03-03,PHI,LAL,12.5,218.5,103.0,4400,14,11.3,19.2,28.0,27.3,6.19,PG/SG,4400,1,24.0,16.0,103,103,-2%,12,11,12,22,20,28,19.1,28.7,17.6,39.9,27.0,26.5,6.0,22.1,18.5,4.2,27.3,6.19,26.5,27.0,6.0,26.9,6.095000000000001,23.333333333333332,11.666666666666666,26.439999999999998,19.5,31.127142857142857,0.4238540613129024,0.443290280600966,0.6837701031856165,0.4354840252531721,1.2201565487202135
17,1,Caleb Martin,SG,,2020-03-03,CHA,SA,4.0,212.0,104.0,3000,12,3.8,11.6,20.3,19.3,6.42,SG/SF,3000,1,,,102,111,3%,4,4,4,18,17,14,11.6,8.7,2.2,15.1,25.0,18.2,6.1,26.5,19.3,6.4,19.3,6.42,18.2,25.0,6.1,18.75,6.26,16.333333333333332,4.0,11.27,11.9,28.69897959183674,-0.24206626007687404,0.26586531869069596,0.5062708796656391,-0.9347498608651055,1.3324481938674553
17,2,DeMar DeRozan,SG,,2020-03-03,SA,CHA,-4.0,212.0,108.0,7400,13,20.8,34.2,51.5,41.5,5.61,SG/SF,7400,0,27.0,22.0,99,110,2%,12,13,16,36,34,35,35.0,39.6,31.1,48.0,35.0,43.3,5.9,35.5,36.3,4.9,41.5,5.61,43.3,35.0,5.9,42.4,5.755000000000001,35.0,13.666666666666666,39.22,35.5,42.4,1.6903282921768945,1.1529901282420458,1.5078182297256235,1.589840588509045,0.9887677041743808
17,3,Mike Muscala,PF,,2020-03-03,OKC,LAC,4.5,227.5,111.5,3000,13,0.0,9.4,17.5,8.0,2.67,PF/C,3000,3,16.0,13.0,104,105,-4%,6,4,4,9,7,12,9.3,10.4,2.4,18.4,0.0,0.0,0.0,5.4,4.3,1.4,8.0,2.67,0.0,0.0,0.0,4.0,1.335,9.333333333333334,4.666666666666667,8.9,8.966666666666667,0.0,-1.447259479770028,-1.9519467051876787,-1.591630306037577,-1.1488206789336828,-2.019287274921447
17,4,Jrue Holiday,PG,,2020-03-03,NO,MIN,-11.5,247.5,129.5,7900,17,28.3,40.5,57.3,43.8,5.54,PG/SG,7900,1,26.0,17.0,106,110,3%,13,14,17,36,36,35,40.4,40.6,30.4,50.7,36.0,43.1,5.5,37.8,61.5,7.8,43.8,5.54,43.1,36.0,5.5,43.45,5.52,35.666666666666664,14.666666666666666,41.11,42.03333333333333,43.85607476635514,1.7761217078160685,1.2417026091971808,1.6142575882761234,1.7605552915257585,0.8288371792677013
17,5,Troy Brown Jr.,SG,,2020-03-03,WAS,SAC,5.5,237.0,115.8,3400,14,8.3,14.7,23.8,15.8,4.63,SG/SF,3400,1,17.0,14.0,101,108,3%,6,6,8,18,18,25,14.7,22.8,12.8,32.7,17.0,14.9,4.4,15.1,13.5,4.0,15.8,4.63,14.9,17.0,4.4,15.350000000000001,4.515000000000001,20.333333333333332,6.666666666666667,19.669999999999998,15.6,12.833606557377053,-0.5198735107180077,-0.44383452895038394,-0.6534910830936307,-0.17601784745748972,0.14487897700722538
17,6,Trey Lyles,PF,,2020-03-03,SA,CHA,-4.0,212.0,108.0,5200,30,14.5,26.1,44.8,32.5,6.25,PF/C,5200,0,13.0,12.0,99,110,7%,15,9,5,38,30,20,26.1,16.7,7.4,26.0,34.0,31.4,6.0,32.8,17.3,3.3,32.5,6.25,31.4,34.0,6.0,31.95,6.125,29.333333333333332,9.666666666666666,21.630000000000003,28.46666666666667,37.032954545454544,0.8364795365298805,1.0642776472869109,1.1154861265306837,0.0010196223376210416,1.2405732114742571
17,7,Miles Bridges,SF,,2020-03-03,CHA,SA,4.0,212.0,104.0,5500,27,16.3,25.2,29.3,30.0,5.45,SF/PF,5500,1,20.0,13.0,102,111,3%,12,12,12,35,31,32,25.4,26.4,16.9,35.9,35.0,31.9,5.8,32.2,25.8,4.7,30.0,5.45,31.9,35.0,5.8,30.95,5.625,32.666666666666664,12.0,27.109999999999996,23.599999999999998,33.16071428571429,0.7547715216354294,1.1529901282420458,0.8324245840029658,0.4960019358463984,0.9002954989068559
18,0,Chris Paul,PG,,2020-03-03,OKC,LAC,4.5,227.5,111.5,7500,2,31.8,36.6,41.8,39.3,5.23,PG,7500,3,24.0,22.0,104,105,-1%,14,15,13,30,31,32,36.5,37.5,28.6,46.3,33.0,39.2,5.2,30.6,28.5,3.8,39.3,5.23,39.2,33.0,5.2,39.25,5.215,31.0,14.0,37.63,36.733333333333334,41.78225806451613,1.4329480452593737,0.9755651663317759,1.46266116988093,1.4462234573997466,0.6212677746015867
18,1,Shabazz Napier,PG,,2020-03-03,WAS,SAC,5.5,237.0,115.8,4800,5,13.5,24.4,47.0,22.8,4.74,PG/SG,4800,1,21.0,14.0,101,108,-1%,7,9,8,25,25,24,24.4,23.8,12.8,34.7,25.0,25.0,5.2,27.5,19.0,4.0,22.8,4.74,25.0,25.0,5.2,23.9,4.970000000000001,24.666666666666668,8.0,23.919999999999998,28.3,24.22297297297297,0.17873001662954904,0.26586531869069596,0.17907389473866486,0.20786442123088736,0.4545316954435606
18,2,Isaac Bonga,SF,,2020-03-03,WAS,SAC,5.5,237.0,115.8,3000,13,4.0,9.9,14.0,13.5,4.5,SF/PF,3000,1,10.0,11.0,101,108,-1%,3,3,3,17,18,18,9.9,12.6,5.2,20.0,18.0,11.7,3.9,9.6,2.0,0.7,13.5,4.5,11.7,18.0,3.9,12.6,4.2,17.666666666666668,3.0,12.06,9.299999999999999,12.837735849056603,-0.7445705516777484,-0.35512204799524894,-0.6531892310405666,-0.8633929215089129,-0.06949598191023772
18,3,Drew Eubanks,PF,,2020-03-03,SA,CHA,-4.0,212.0,108.0,3100,30,2.0,5.5,13.3,13.0,4.19,PF/C,3100,0,,,99,110,6%,3,1,2,17,8,8,5.5,6.8,0.2,13.3,18.5,16.5,5.3,11.2,7.5,2.4,13.0,4.19,16.5,18.5,5.3,14.75,4.745,11.0,2.0,8.11,6.933333333333334,24.80681818181818,-0.5688983196546785,-0.31076580751768146,0.22175309704214718,-1.2201776182898751,0.30140672478822966
18,4,Patrick Beverley,PG,,2020-03-03,LAC,OKC,-4.5,227.5,116.0,3700,9,9.8,14.5,21.8,21.0,5.68,PG,3700,1,14.0,13.0,101,107,0%,2,4,7,23,22,28,14.5,24.7,14.7,34.6,25.0,21.1,5.7,20.1,10.0,2.7,21.0,5.68,21.1,25.0,5.7,21.05,5.6899999999999995,24.333333333333332,4.333333333333333,21.910000000000004,15.366666666666667,21.626712328767127,-0.05413782581963644,0.26586531869069596,-0.010713281019434662,0.02631068945120834,0.9445316015406177
18,5,Harrison Barnes,SF,,2020-03-03,SAC,WAS,-5.5,237.0,121.3,5400,24,15.5,27.0,34.5,26.3,4.86,SF/PF,5400,1,18.0,13.0,106,113,7%,8,11,11,34,37,35,26.9,26.4,17.2,35.5,35.5,28.1,5.2,31.9,23.5,4.4,26.3,4.86,28.1,35.5,5.2,27.200000000000003,5.03,35.333333333333336,10.0,26.639999999999997,25.666666666666668,27.328301886792456,0.44836646578123807,1.1973463687196133,0.4060740634886871,0.45354907319144855,0.49536502095164847
18,6,Montrezl Harrell,C,,2020-03-03,LAC,OKC,-4.5,227.5,116.0,6200,16,17.0,33.6,44.0,27.5,4.44,C,6200,1,25.0,23.0,101,107,-10%,12,10,13,24,24,29,34.0,33.9,23.4,44.5,26.0,27.7,4.5,19.7,21.3,3.4,27.5,4.44,27.7,26.0,4.5,27.6,4.470000000000001,25.666666666666668,11.666666666666666,32.68,31.53333333333333,27.958441558441557,0.4810496717390184,0.35457779964583097,0.45213740034291133,0.9991135209274011,0.1142539828761593
18,7,Cody Zeller,PF,,2020-03-03,CHA,SA,4.0,212.0,104.0,3900,1,18.5,24.0,35.0,19.3,4.94,PF/C,3900,1,21.0,19.0,102,111,1%,11,8,9,23,23,23,23.9,24.2,14.5,33.9,25.0,26.8,6.9,19.3,20.3,5.2,19.3,4.94,26.8,25.0,6.9,23.05,5.92,23.0,9.333333333333334,23.91,25.833333333333332,25.05434782608696,0.10927820396926578,0.26586531869069596,0.23984756386966744,0.2069611688339737,1.1010593493216225
19,0,D'Angelo Russell,PG,,2020-03-03,MIN,NO,11.5,247.5,118.0,9000,26,40.8,45.6,52.3,48.3,5.36,PG,9000,1,33.0,20.0,106,109,6%,20,19,19,36,34,33,45.6,42.0,30.0,54.0,35.0,49.6,5.5,31.0,39.8,4.4,48.3,5.36,49.6,35.0,5.5,48.95,5.43,34.333333333333336,19.333333333333332,44.11,46.23333333333333,49.900485436893206,2.2255157897355495,1.1529901282420458,2.0561052251240164,2.031531010599907,0.7675871910055692
19,1,Deonte Burton,SG,,2020-03-03,OKC,LAC,4.5,227.5,111.5,3000,29,0.0,9.3,15.0,8.0,2.67,SG/SF,3000,3,,,104,105,-1%,5,5,3,11,12,9,9.3,5.9,0.4,11.3,0.0,0.0,0.0,3.6,4.8,1.6,8.0,2.67,0.0,0.0,0.0,4.0,1.335,10.666666666666666,4.333333333333333,6.18,8.1,0.0,-1.447259479770028,-1.9519467051876787,-1.591630306037577,-1.394505330894244,-2.019287274921447
19,2,Eric Paschall,SF,,2020-03-03,GS,DEN,16.0,218.5,101.3,5300,20,19.8,27.9,34.8,25.3,4.76,SF/PF,5300,1,21.0,14.0,100,107,-4%,15,12,11,33,32,28,27.9,24.0,13.5,34.5,31.5,26.6,5.0,35.1,37.8,7.1,25.3,4.76,26.6,31.5,5.0,25.950000000000003,4.88,31.0,12.666666666666666,25.17,27.5,26.368548387096777,0.34623144716317417,0.8424964448990734,0.3359158894479941,0.32077097084511624,0.39328170718142785
19,3,Jerami Grant,PF,,2020-03-03,DEN,GS,-16.0,218.5,117.3,5000,19,8.3,24.6,37.0,22.8,4.55,PF,5000,1,18.0,14.0,103,111,3%,13,11,9,32,27,26,24.6,21.2,12.0,30.4,28.0,23.3,4.7,22.9,11.5,2.3,22.8,4.55,23.3,28.0,4.7,23.05,4.625,28.333333333333332,11.0,22.249999999999996,23.3,22.778823529411767,0.10927820396926578,0.5320027615561009,0.07350627968515054,0.057021270946277854,0.21974007377205326
19,4,Jevon Carter,PG,,2020-03-03,PHO,TOR,4.0,225.5,110.8,3000,10,1.5,8.8,18.3,11.3,3.75,PG/SG,3000,2,14.0,10.0,103,102,-3%,4,4,4,17,14,14,8.4,10.6,3.1,18.1,14.5,10.3,3.4,21.8,14.3,4.8,11.3,3.75,10.3,14.5,3.4,10.8,3.575,15.0,4.0,10.2,9.533333333333333,10.440000000000001,-0.8916449784877604,-0.6656157313382214,-0.8284642043072038,-1.0313978673348851,-0.4948431226194893
19,5,Tobias Harris,SF,,2020-03-03,PHI,LAL,12.5,218.5,103.0,8200,25,20.3,38.0,58.3,39.3,4.79,SF/PF,8200,1,23.0,17.0,103,103,-5%,21,17,16,38,36,35,37.6,36.3,26.5,46.0,37.0,39.1,4.8,33.1,29.3,3.6,39.3,4.79,39.1,37.0,4.8,39.2,4.795,36.333333333333336,18.0,37.120000000000005,38.86666666666667,39.919266055045874,1.4288626445146513,1.3304150901523157,1.3264760789401018,1.4001575851571415,0.33543449604496967
19,6,Alex Len,C,,2020-03-03,SAC,WAS,-5.5,237.0,121.3,4300,12,10.0,22.1,34.3,22.5,5.23,C,4300,1,18.0,18.0,106,113,4%,6,4,7,22,19,19,22.1,21.1,10.9,31.2,22.0,25.0,5.8,14.4,21.5,5.0,22.5,5.23,25.0,22.0,5.8,23.75,5.515000000000001,20.0,5.666666666666667,21.810000000000002,22.133333333333336,26.125,0.1664738143953815,-0.00027212417470898176,0.31811245332123483,0.017278165482069927,0.8254344021420279
19,7,Danny Green,SG,,2020-03-03,LAL,PHI,-12.5,218.5,115.5,3500,1,1.5,16.6,36.8,15.8,4.5,SG/SF,3500,1,14.0,11.0,101,105,-5%,5,5,7,21,24,25,16.6,18.6,9.3,28.0,23.5,17.2,4.9,26.1,16.3,4.7,15.8,4.5,17.2,23.5,4.9,16.5,4.7,23.333333333333332,5.666666666666667,17.8,18.3,16.617857142857144,-0.42590929358938906,0.1327965972579935,-0.3768616034679868,-0.3449260456803754,0.2707817306571636
20,0,Dejounte Murray,PG,,2020-03-03,SA,CHA,-4.0,212.0,108.0,5700,11,15.3,29.3,45.8,29.0,5.09,PG,5700,0,21.0,17.0,99,110,-5%,9,11,9,28,27,25,29.3,27.1,17.1,37.0,27.5,28.2,4.9,28.4,40.8,7.2,29.0,5.09,28.2,27.5,4.9,28.6,4.995,26.666666666666668,9.666666666666666,27.82,30.133333333333336,29.49375,0.5627576866334695,0.48764652107853346,0.564368756501713,0.5601328560272806,0.4715455810719303
20,1,Torrey Craig,SG,,2020-03-03,DEN,GS,-16.0,218.5,117.3,3100,26,6.0,13.9,24.3,14.3,4.6,SG/SF,3100,1,12.0,10.0,103,111,8%,8,5,4,18,18,18,13.9,12.4,3.0,21.8,12.0,8.8,2.8,0.0,0.0,0.0,14.3,4.6,8.8,12.0,2.8,11.55,3.6999999999999997,18.0,5.666666666666667,12.530000000000001,14.733333333333334,7.700000000000001,-0.830363967316922,-0.8873969337260589,-1.0287587559107692,-0.8209400588539629,-0.4097736944776393
20,2,Kyle Kuzma,SF,,2020-03-03,LAL,PHI,-12.5,218.5,115.5,5100,21,12.3,21.8,29.5,19.5,3.82,SF/PF,5100,1,23.0,12.0,101,105,-6%,15,15,11,31,28,25,22.8,22.0,12.6,31.4,22.5,19.4,3.8,19.7,13.3,2.6,19.5,3.82,19.4,22.5,3.8,19.45,3.8099999999999996,28.0,13.666666666666666,21.65,21.2,15.629464285714285,-0.18487064965075833,0.044084116302858516,-0.4491133203036057,0.002826127131448339,-0.3349125977128111
20,3,Harry Giles III,PF,,2020-03-03,SAC,WAS,-5.5,237.0,121.3,5600,6,24.8,30.2,35.0,27.5,4.91,PF/C,5600,1,20.0,17.0,106,113,1%,12,11,5,25,26,15,30.1,15.5,6.1,24.9,23.5,25.5,4.6,26.6,25.0,4.5,27.5,4.91,25.5,23.5,4.6,26.5,4.755,22.0,9.333333333333334,20.619999999999997,30.0,28.306818181818183,0.391170855355122,0.1327965972579935,0.47760380164524185,-0.09020886975067609,0.30821227903957754
20,4,Jordan Poole,PG,,2020-03-03,GS,DEN,16.0,218.5,101.3,4900,15,21.3,27.8,30.3,21.3,4.34,PG/SG,4900,1,21.0,7.0,100,107,-4%,11,13,9,30,31,22,27.8,16.2,7.4,25.0,28.0,20.5,4.2,22.4,31.8,6.5,21.3,4.34,20.5,28.0,4.2,20.9,4.27,27.666666666666668,11.0,19.46,26.46666666666667,21.151807228915658,-0.06639402805380429,0.5320027615561009,-0.045428939424177875,-0.19498614779267986,-0.02185710215080194
20,5,Trey Lyles,PF,,2020-03-03,SA,CHA,-4.0,212.0,108.0,5200,30,14.5,26.1,44.8,32.5,6.25,PF/C,5200,0,13.0,12.0,99,110,7%,15,9,5,38,30,20,26.1,16.7,7.4,26.0,34.0,31.4,6.0,32.8,17.3,3.3,32.5,6.25,31.4,34.0,6.0,31.95,6.125,29.333333333333332,9.666666666666666,21.630000000000003,28.46666666666667,37.032954545454544,0.8364795365298805,1.0642776472869109,1.1154861265306837,0.0010196223376210416,1.2405732114742571
20,6,Rondae Hollis-Jefferson,PF,,2020-03-03,TOR,PHO,-4.0,225.5,114.8,4600,23,16.3,20.3,23.0,26.5,5.76,PF/C,4600,1,17.0,16.0,104,108,2%,7,6,6,26,23,21,20.3,19.6,10.8,28.4,24.5,23.8,5.2,8.0,0.8,0.2,26.5,5.76,23.8,24.5,5.2,25.15,5.48,23.333333333333332,6.333333333333333,20.85,19.866666666666667,26.4075,0.2808650352476129,0.22150907821312849,0.3387632601927702,-0.06943406462165767,0.8016149622623098
20,7,Glenn Robinson III,SF,,2020-03-03,PHI,LAL,12.5,218.5,103.0,3200,25,4.0,10.7,19.5,11.3,3.52,SF/PF,3200,1,16.0,13.0,103,103,-2%,6,9,10,18,23,31,23.4,23.5,14.9,32.0,18.5,14.1,4.4,31.5,35.0,10.9,11.3,3.52,14.1,18.5,4.4,12.7,3.96,24.0,8.333333333333334,21.300000000000004,11.4,9.789583333333333,-0.7363997501883033,-0.31076580751768146,-0.876009793579279,-0.02878770676053514,-0.23282928394259048
21,0,Patrick McCaw,PG,,2020-03-03,TOR,PHO,-4.0,225.5,114.8,3300,19,6.5,11.1,19.5,15.0,4.55,PG/SF,3300,1,10.0,8.0,104,108,-1%,5,4,5,22,21,25,11.1,13.5,4.4,22.7,25.0,14.1,4.3,33.7,13.8,4.2,15.0,4.55,14.1,25.0,4.3,14.55,4.425,22.666666666666668,4.666666666666667,13.25,12.366666666666667,16.04779411764706,-0.5852399226335686,0.26586531869069596,-0.41853332537317856,-0.7559058862761674,0.08362898874509263
21,1,Landry Shamet,SG,,2020-03-03,LAC,OKC,-4.5,227.5,116.0,3400,24,6.0,13.8,25.8,11.3,3.31,SG/SF,3400,1,13.0,10.0,101,107,-5%,6,5,8,19,23,29,13.8,18.0,10.3,25.7,19.0,10.8,3.2,13.9,2.8,0.8,11.3,3.31,10.8,19.0,3.2,11.05,3.255,23.666666666666668,6.333333333333333,15.77,15.200000000000001,8.87112676056338,-0.8712179747641475,-0.2664095670401139,-0.9431491539480035,-0.5282862822538826,-0.7126208586626264
21,2,Torrey Craig,SG,,2020-03-03,DEN,GS,-16.0,218.5,117.3,3100,26,6.0,13.9,24.3,14.3,4.6,SG/SF,3100,1,12.0,10.0,103,111,8%,8,5,4,18,18,18,13.9,12.4,3.0,21.8,12.0,8.8,2.8,0.0,0.0,0.0,14.3,4.6,8.8,12.0,2.8,11.55,3.6999999999999997,18.0,5.666666666666667,12.530000000000001,14.733333333333334,7.700000000000001,-0.830363967316922,-0.8873969337260589,-1.0287587559107692,-0.8209400588539629,-0.4097736944776393
21,3,Cody Zeller,PF,,2020-03-03,CHA,SA,4.0,212.0,104.0,3900,1,18.5,24.0,35.0,19.3,4.94,PF/C,3900,1,21.0,19.0,102,111,1%,11,8,9,23,23,23,23.9,24.2,14.5,33.9,25.0,26.8,6.9,19.3,20.3,5.2,19.3,4.94,26.8,25.0,6.9,23.05,5.92,23.0,9.333333333333334,23.91,25.833333333333332,25.05434782608696,0.10927820396926578,0.26586531869069596,0.23984756386966744,0.2069611688339737,1.1010593493216225
21,4,Damion Lee,SG,,2020-03-03,GS,DEN,16.0,218.5,101.3,5700,9,27.0,33.5,41.3,26.3,4.61,SG,5700,1,19.0,13.0,100,107,-3%,12,13,11,36,34,30,33.5,26.0,16.1,35.9,33.5,28.3,5.0,33.4,18.3,3.2,26.3,4.61,28.3,33.5,5.0,27.3,4.805,33.333333333333336,12.0,27.76,33.93333333333333,27.4365,0.456537267270683,1.0199214068093434,0.41398336734607993,0.5547133416457978,0.34224005029631754
21,5,Terrance Ferguson,SF,,2020-03-03,OKC,LAC,4.5,227.5,111.5,3000,10,0.0,6.9,19.0,7.5,2.5,SF,3000,3,9.0,4.0,104,105,0%,5,3,4,20,18,25,8.8,10.3,4.3,16.3,17.0,7.6,2.5,17.2,1.3,0.4,7.5,2.5,7.6,17.0,2.5,7.55,2.5,21.0,4.0,9.45,8.633333333333333,6.1119047619047615,-1.1571960268947263,-0.44383452895038394,-1.1448488375231938,-1.0991417971034223,-1.2264402046394023
21,6,Enes Kanter,C,,2020-03-03,BOS,BKN,-6.0,219.0,112.5,3600,7,2.0,13.7,22.3,16.8,4.65,C,3600,2,19.0,22.0,104,106,8%,4,4,7,19,15,19,13.8,23.4,13.0,33.8,13.0,17.2,4.8,16.3,13.8,3.8,16.8,4.65,17.2,13.0,4.8,17.0,4.725,17.666666666666668,5.0,20.2,12.666666666666666,12.509433962264149,-0.3850552861421635,-0.7986844527709239,-0.677188165057245,-0.12814547042105673,0.2877956162855333
21,7,Ivica Zubac,C,,2020-03-03,LAC,OKC,-4.5,227.5,116.0,4100,16,12.3,19.4,31.3,19.5,4.76,C,4100,1,16.0,21.0,101,107,0%,3,5,5,21,21,19,19.4,20.9,13.3,28.5,19.5,19.2,4.7,19.3,22.3,5.4,19.5,4.76,19.2,19.5,4.7,19.35,4.73,20.333333333333332,4.333333333333333,20.29,21.0,18.556967213114756,-0.19304145114020327,-0.22205332656254645,-0.23511226695988222,-0.12001619884883227,0.29119839341120785
