Lineup Num,,Player Name,position,injury_status,game_date,team,opp,spread,over_under,implied_team_score,salary,L5_dvp_rank,L5_ppg_floor,L5_ppg_avg,L5_ppg_max,ppg_projection,value_projection,Pos,Salary,Rest,USG,PER,Opp Pace,Opp DEff,Opp DvP,L2 FGA,L5 FGA,S FGA,L2 Min,L5 Min,S Min,L5 FP,S FP,Floor FP,Ceil FP,Proj Min,Proj FP,Proj Val,Actual Min,Actual FP,Actual Val,FantasyFuelPPGProj,FantasyFuelValueProj,DFN_PPGProj,DFN_MinProj,DFN_ValueProj,Avg Proj,Avg Value Proj,Avg Skewed Min,Avg Skewed FGA,Avg Skewed FP,Avg L5 PPG,Proj Min Enhanced,Avg Proj Stan,DFN_MinProj Stan,Proj Min Enhanced Stan,Avg Skewed FP Stan,Avg Value Proj Stan
0,0,Brad Wanamaker,PG,,2020-03-04,BOS,CLE,-4.0,217.0,110.5,3500,26,3.5,15.3,28.3,24.5,7.0,PG/SG,3500,0,17.0,12.0,101,114,7%,5,5,6,21,21,20,14.8,15.8,9.3,22.4,31.0,26.1,7.5,29.6,15.0,4.3,24.5,7.0,26.1,31.0,7.5,25.3,7.25,20.666666666666668,5.333333333333333,17.52,15.700000000000001,37.949999999999996,0.3254623134998155,0.8084171482062762,1.1492673188404001,-0.2920314590647707,1.991229657230025
0,1,Kevin Porter Jr.,SG,,2020-03-04,CLE,BOS,4.0,217.0,106.5,5300,2,21.3,33.0,51.5,31.8,5.99,SG/SF,5300,1,21.0,11.0,102,104,-5%,14,14,9,38,35,24,33.0,19.5,10.4,28.7,38.5,33.2,6.3,9.8,6.5,1.2,31.8,5.99,33.2,38.5,6.3,32.5,6.145,32.333333333333336,12.333333333333334,24.82,35.266666666666666,38.69845360824742,0.888665767590484,1.4499807571025363,1.201996322440023,0.3346835525061706,1.2783126150190631
0,2,Cedi Osman,SF,,2020-03-04,CLE,BOS,4.0,217.0,106.5,4100,18,8.0,14.4,25.3,23.8,5.79,SF/PF,4100,1,17.0,11.0,102,104,-5%,10,10,9,31,31,29,20.8,21.2,13.1,29.4,36.0,24.3,5.9,42.9,24.8,6.0,23.8,5.79,24.3,36.0,5.9,24.05,5.845000000000001,30.333333333333332,9.666666666666666,21.71,15.9,28.542857142857144,0.22768393605351891,1.2361262208037829,0.4865284875881194,0.06768578730266005,1.0847604768622414
0,3,Zion Williamson,PF,,2020-03-04,NO,DAL,6.0,241.0,117.5,8000,18,32.8,41.2,49.0,41.3,5.16,PF/C,8000,0,30.0,26.0,101,109,0%,18,18,16,33,33,30,41.1,37.9,30.9,44.9,32.5,41.8,5.2,34.9,32.0,4.0,41.3,5.16,41.8,32.5,5.2,41.55,5.18,32.0,17.333333333333332,39.27,41.0,42.19921875,1.5965812203016712,0.9367298699855282,1.4486273169690558,1.5752358699308422,0.6557199039479517
0,4,Collin Sexton,PG,,2020-03-04,CLE,BOS,4.0,217.0,106.5,6600,30,20.5,35.0,50.3,35.0,5.3,PG/SG,6600,1,27.0,16.0,102,104,-5%,17,16,17,38,35,33,35.0,30.6,23.1,38.2,38.5,35.8,5.4,44.8,55.3,8.4,35.0,5.3,35.8,38.5,5.4,35.4,5.35,35.333333333333336,16.666666666666668,32.46,35.266666666666666,38.57264150943396,1.115511603265892,1.4499807571025363,1.1931327849567244,0.9905880303694571,0.7653994489034842
0,5,Domantas Sabonis,PF,,2020-03-04,IND,MIL,10.5,222.0,105.8,8700,17,37.8,45.9,55.3,44.8,5.14,PF/C,8700,1,24.0,21.0,107,99,0%,12,13,14,39,33,35,45.8,44.3,35.2,53.4,35.5,46.3,5.3,36.7,37.0,4.3,44.8,5.14,46.3,35.5,5.3,45.55,5.22,35.666666666666664,13.0,44.85,46.333333333333336,45.337149532710285,1.9094720281298203,1.1933553135440322,1.6696964142566457,2.0542865226110956,0.6815268557021946
0,6,Nikola Vucevic,C,,2020-03-04,ORL,MIA,6.5,219.5,106.5,8500,16,26.3,41.5,51.3,44.5,5.24,C,8500,1,26.0,22.0,101,107,-5%,20,18,17,34,34,33,41.5,43.3,34.1,52.4,34.0,43.0,5.1,39.9,56.0,6.6,44.5,5.24,43.0,34.0,5.1,43.75,5.17,33.666666666666664,18.333333333333332,43.01,39.699999999999996,44.18316831683168,1.7686711646071536,1.0650425917647803,1.5883977485605287,1.896319999146639,0.6492681660093911
0,7,Shabazz Napier,PG,,2020-03-04,WAS,POR,8.0,243.0,117.5,5000,13,13.5,25.3,47.0,30.3,6.05,PG/SG,5000,0,21.0,14.0,103,111,6%,6,10,8,26,28,24,25.3,23.6,12.8,34.5,29.5,29.7,5.9,26.0,20.0,4.0,30.3,6.05,29.7,29.5,5.9,30.0,5.975,26.0,8.0,25.240000000000002,28.599999999999998,34.03846153846153,0.6931090126978907,0.6801044264270242,0.8736970986613808,0.37074112851436186,1.1686330700635306
1,0,Shabazz Napier,PG,,2020-03-04,WAS,POR,8.0,243.0,117.5,5000,13,13.5,25.3,47.0,30.3,6.05,PG/SG,5000,0,21.0,14.0,103,111,6%,6,10,8,26,28,24,25.3,23.6,12.8,34.5,29.5,29.7,5.9,26.0,20.0,4.0,30.3,6.05,29.7,29.5,5.9,30.0,5.975,26.0,8.0,25.240000000000002,28.599999999999998,34.03846153846153,0.6931090126978907,0.6801044264270242,0.8736970986613808,0.37074112851436186,1.1686330700635306
1,1,Brad Wanamaker,PG,,2020-03-04,BOS,CLE,-4.0,217.0,110.5,3500,26,3.5,15.3,28.3,24.5,7.0,PG/SG,3500,0,17.0,12.0,101,114,7%,5,5,6,21,21,20,14.8,15.8,9.3,22.4,31.0,26.1,7.5,29.6,15.0,4.3,24.5,7.0,26.1,31.0,7.5,25.3,7.25,20.666666666666668,5.333333333333333,17.52,15.700000000000001,37.949999999999996,0.3254623134998155,0.8084171482062762,1.1492673188404001,-0.2920314590647707,1.991229657230025
1,2,Kevin Porter Jr.,SG,,2020-03-04,CLE,BOS,4.0,217.0,106.5,5300,2,21.3,33.0,51.5,31.8,5.99,SG/SF,5300,1,21.0,11.0,102,104,-5%,14,14,9,38,35,24,33.0,19.5,10.4,28.7,38.5,33.2,6.3,9.8,6.5,1.2,31.8,5.99,33.2,38.5,6.3,32.5,6.145,32.333333333333336,12.333333333333334,24.82,35.266666666666666,38.69845360824742,0.888665767590484,1.4499807571025363,1.201996322440023,0.3346835525061706,1.2783126150190631
1,3,Domantas Sabonis,PF,,2020-03-04,IND,MIL,10.5,222.0,105.8,8700,17,37.8,45.9,55.3,44.8,5.14,PF/C,8700,1,24.0,21.0,107,99,0%,12,13,14,39,33,35,45.8,44.3,35.2,53.4,35.5,46.3,5.3,36.7,37.0,4.3,44.8,5.14,46.3,35.5,5.3,45.55,5.22,35.666666666666664,13.0,44.85,46.333333333333336,45.337149532710285,1.9094720281298203,1.1933553135440322,1.6696964142566457,2.0542865226110956,0.6815268557021946
1,4,Bradley Beal,SG,,2020-03-04,WAS,POR,8.0,243.0,117.5,10600,11,50.8,59.4,70.8,52.0,4.91,SG/SF,10600,0,34.0,23.0,103,111,-2%,24,28,23,37,39,36,59.4,49.2,37.6,60.7,37.5,53.4,5.0,37.5,48.5,4.6,52.0,4.91,53.4,37.5,5.0,52.7,4.955,37.333333333333336,25.0,51.92,60.333333333333336,52.935267857142854,2.4687643471226375,1.364438942583035,2.2049883870183296,2.66125571874898,0.5105558003303352
1,5,Duncan Robinson,SG,,2020-03-04,MIA,ORL,-6.5,219.5,113.0,4100,13,14.3,20.9,36.3,22.5,5.49,SG/SF,4100,1,15.0,12.0,100,106,0%,8,9,9,31,32,30,20.9,22.2,13.8,30.7,32.0,23.2,5.7,36.3,34.5,8.4,22.5,5.49,23.2,32.0,5.7,22.85,5.595000000000001,31.0,8.666666666666666,22.089999999999996,23.833333333333332,23.58709677419355,0.1338166937050742,0.8939589627257776,0.13739221055149994,0.10030930845292783,0.923467028398223
1,6,Nikola Vucevic,C,,2020-03-04,ORL,MIA,6.5,219.5,106.5,8500,16,26.3,41.5,51.3,44.5,5.24,C,8500,1,26.0,22.0,101,107,-5%,20,18,17,34,34,33,41.5,43.3,34.1,52.4,34.0,43.0,5.1,39.9,56.0,6.6,44.5,5.24,43.0,34.0,5.1,43.75,5.17,33.666666666666664,18.333333333333332,43.01,39.699999999999996,44.18316831683168,1.7686711646071536,1.0650425917647803,1.5883977485605287,1.896319999146639,0.6492681660093911
1,7,Cedi Osman,SF,,2020-03-04,CLE,BOS,4.0,217.0,106.5,4100,18,8.0,14.4,25.3,23.8,5.79,SF/PF,4100,1,17.0,11.0,102,104,-5%,10,10,9,31,31,29,20.8,21.2,13.1,29.4,36.0,24.3,5.9,42.9,24.8,6.0,23.8,5.79,24.3,36.0,5.9,24.05,5.845000000000001,30.333333333333332,9.666666666666666,21.71,15.9,28.542857142857144,0.22768393605351891,1.2361262208037829,0.4865284875881194,0.06768578730266005,1.0847604768622414
2,0,Brad Wanamaker,PG,,2020-03-04,BOS,CLE,-4.0,217.0,110.5,3500,26,3.5,15.3,28.3,24.5,7.0,PG/SG,3500,0,17.0,12.0,101,114,7%,5,5,6,21,21,20,14.8,15.8,9.3,22.4,31.0,26.1,7.5,29.6,15.0,4.3,24.5,7.0,26.1,31.0,7.5,25.3,7.25,20.666666666666668,5.333333333333333,17.52,15.700000000000001,37.949999999999996,0.3254623134998155,0.8084171482062762,1.1492673188404001,-0.2920314590647707,1.991229657230025
2,1,Collin Sexton,PG,,2020-03-04,CLE,BOS,4.0,217.0,106.5,6600,30,20.5,35.0,50.3,35.0,5.3,PG/SG,6600,1,27.0,16.0,102,104,-5%,17,16,17,38,35,33,35.0,30.6,23.1,38.2,38.5,35.8,5.4,44.8,55.3,8.4,35.0,5.3,35.8,38.5,5.4,35.4,5.35,35.333333333333336,16.666666666666668,32.46,35.266666666666666,38.57264150943396,1.115511603265892,1.4499807571025363,1.1931327849567244,0.9905880303694571,0.7653994489034842
2,2,T.J. Warren,SF,,2020-03-04,IND,MIL,10.5,222.0,105.8,6100,4,15.0,30.0,44.3,32.3,5.29,SF/PF,6100,1,22.0,18.0,107,99,-10%,17,14,14,38,34,33,30.0,29.3,17.9,40.6,36.0,32.2,5.3,32.9,25.0,4.1,32.3,5.29,32.2,36.0,5.3,32.25,5.295,35.0,15.0,30.01,29.766666666666666,33.17142857142857,0.8691100921012247,1.2361262208037829,0.8126141084320663,0.7802521703216755,0.7299148902414003
2,3,Domantas Sabonis,PF,,2020-03-04,IND,MIL,10.5,222.0,105.8,8700,17,37.8,45.9,55.3,44.8,5.14,PF/C,8700,1,24.0,21.0,107,99,0%,12,13,14,39,33,35,45.8,44.3,35.2,53.4,35.5,46.3,5.3,36.7,37.0,4.3,44.8,5.14,46.3,35.5,5.3,45.55,5.22,35.666666666666664,13.0,44.85,46.333333333333336,45.337149532710285,1.9094720281298203,1.1933553135440322,1.6696964142566457,2.0542865226110956,0.6815268557021946
2,4,Kevin Porter Jr.,SG,,2020-03-04,CLE,BOS,4.0,217.0,106.5,5300,2,21.3,33.0,51.5,31.8,5.99,SG/SF,5300,1,21.0,11.0,102,104,-5%,14,14,9,38,35,24,33.0,19.5,10.4,28.7,38.5,33.2,6.3,9.8,6.5,1.2,31.8,5.99,33.2,38.5,6.3,32.5,6.145,32.333333333333336,12.333333333333334,24.82,35.266666666666666,38.69845360824742,0.888665767590484,1.4499807571025363,1.201996322440023,0.3346835525061706,1.2783126150190631
2,5,Jimmy Butler,SG,,2020-03-04,MIA,ORL,-6.5,219.5,113.0,7800,13,36.5,39.3,45.5,38.0,4.87,SG/SF,7800,1,26.0,23.0,100,106,-2%,14,14,14,36,35,35,39.3,42.6,33.3,51.9,34.0,41.1,5.3,33.7,36.3,4.7,38.0,4.87,41.1,34.0,5.3,39.55,5.085,35.333333333333336,14.0,41.330000000000005,40.43333333333333,38.057547169811315,1.4401358163875966,1.0650425917647803,1.1568440811695833,1.7520896951138751,0.5944283935316248
2,6,Julius Randle,PF,,2020-03-04,NY,UTA,8.0,218.5,105.3,7700,13,37.8,42.5,52.0,38.0,4.94,PF/C,7700,1,28.0,17.0,101,107,-8%,15,15,16,31,31,33,42.5,38.6,29.5,47.8,33.0,41.1,5.3,32.2,46.8,6.1,38.0,4.94,41.1,33.0,5.3,39.55,5.12,31.666666666666668,15.333333333333334,39.589999999999996,44.1,41.21526315789473,1.4401358163875966,0.979500777245279,1.3793070579893756,1.6027083087942253,0.6170094763165875
2,7,Cedi Osman,SF,,2020-03-04,CLE,BOS,4.0,217.0,106.5,4100,18,8.0,14.4,25.3,23.8,5.79,SF/PF,4100,1,17.0,11.0,102,104,-5%,10,10,9,31,31,29,20.8,21.2,13.1,29.4,36.0,24.3,5.9,42.9,24.8,6.0,23.8,5.79,24.3,36.0,5.9,24.05,5.845000000000001,30.333333333333332,9.666666666666666,21.71,15.9,28.542857142857144,0.22768393605351891,1.2361262208037829,0.4865284875881194,0.06768578730266005,1.0847604768622414
3,0,Collin Sexton,PG,,2020-03-04,CLE,BOS,4.0,217.0,106.5,6600,30,20.5,35.0,50.3,35.0,5.3,PG/SG,6600,1,27.0,16.0,102,104,-5%,17,16,17,38,35,33,35.0,30.6,23.1,38.2,38.5,35.8,5.4,44.8,55.3,8.4,35.0,5.3,35.8,38.5,5.4,35.4,5.35,35.333333333333336,16.666666666666668,32.46,35.266666666666666,38.57264150943396,1.115511603265892,1.4499807571025363,1.1931327849567244,0.9905880303694571,0.7653994489034842
3,1,Jrue Holiday,PG,,2020-03-04,NO,DAL,6.0,241.0,117.5,8300,27,28.3,43.7,60.0,40.5,4.88,PG/SG,8300,0,26.0,17.0,101,109,-3%,13,16,17,38,37,36,43.9,41.0,30.5,51.5,36.5,40.4,4.9,37.3,39.5,4.8,40.5,4.88,40.4,36.5,4.9,40.45,4.890000000000001,37.0,15.333333333333334,41.470000000000006,44.0,39.90337837837838,1.5105362481489306,1.2788971280635335,1.2868839919514063,1.7641088871166055,0.46861950372969075
3,2,Kevin Porter Jr.,SG,,2020-03-04,CLE,BOS,4.0,217.0,106.5,5300,2,21.3,33.0,51.5,31.8,5.99,SG/SF,5300,1,21.0,11.0,102,104,-5%,14,14,9,38,35,24,33.0,19.5,10.4,28.7,38.5,33.2,6.3,9.8,6.5,1.2,31.8,5.99,33.2,38.5,6.3,32.5,6.145,32.333333333333336,12.333333333333334,24.82,35.266666666666666,38.69845360824742,0.888665767590484,1.4499807571025363,1.201996322440023,0.3346835525061706,1.2783126150190631
3,3,Domantas Sabonis,PF,,2020-03-04,IND,MIL,10.5,222.0,105.8,8700,17,37.8,45.9,55.3,44.8,5.14,PF/C,8700,1,24.0,21.0,107,99,0%,12,13,14,39,33,35,45.8,44.3,35.2,53.4,35.5,46.3,5.3,36.7,37.0,4.3,44.8,5.14,46.3,35.5,5.3,45.55,5.22,35.666666666666664,13.0,44.85,46.333333333333336,45.337149532710285,1.9094720281298203,1.1933553135440322,1.6696964142566457,2.0542865226110956,0.6815268557021946
3,4,Shabazz Napier,PG,,2020-03-04,WAS,POR,8.0,243.0,117.5,5000,13,13.5,25.3,47.0,30.3,6.05,PG/SG,5000,0,21.0,14.0,103,111,6%,6,10,8,26,28,24,25.3,23.6,12.8,34.5,29.5,29.7,5.9,26.0,20.0,4.0,30.3,6.05,29.7,29.5,5.9,30.0,5.975,26.0,8.0,25.240000000000002,28.599999999999998,34.03846153846153,0.6931090126978907,0.6801044264270242,0.8736970986613808,0.37074112851436186,1.1686330700635306
3,5,Duncan Robinson,SG,,2020-03-04,MIA,ORL,-6.5,219.5,113.0,4100,13,14.3,20.9,36.3,22.5,5.49,SG/SF,4100,1,15.0,12.0,100,106,0%,8,9,9,31,32,30,20.9,22.2,13.8,30.7,32.0,23.2,5.7,36.3,34.5,8.4,22.5,5.49,23.2,32.0,5.7,22.85,5.595000000000001,31.0,8.666666666666666,22.089999999999996,23.833333333333332,23.58709677419355,0.1338166937050742,0.8939589627257776,0.13739221055149994,0.10030930845292783,0.923467028398223
3,6,Nikola Vucevic,C,,2020-03-04,ORL,MIA,6.5,219.5,106.5,8500,16,26.3,41.5,51.3,44.5,5.24,C,8500,1,26.0,22.0,101,107,-5%,20,18,17,34,34,33,41.5,43.3,34.1,52.4,34.0,43.0,5.1,39.9,56.0,6.6,44.5,5.24,43.0,34.0,5.1,43.75,5.17,33.666666666666664,18.333333333333332,43.01,39.699999999999996,44.18316831683168,1.7686711646071536,1.0650425917647803,1.5883977485605287,1.896319999146639,0.6492681660093911
3,7,Brad Wanamaker,PG,,2020-03-04,BOS,CLE,-4.0,217.0,110.5,3500,26,3.5,15.3,28.3,24.5,7.0,PG/SG,3500,0,17.0,12.0,101,114,7%,5,5,6,21,21,20,14.8,15.8,9.3,22.4,31.0,26.1,7.5,29.6,15.0,4.3,24.5,7.0,26.1,31.0,7.5,25.3,7.25,20.666666666666668,5.333333333333333,17.52,15.700000000000001,37.949999999999996,0.3254623134998155,0.8084171482062762,1.1492673188404001,-0.2920314590647707,1.991229657230025
4,0,Collin Sexton,PG,,2020-03-04,CLE,BOS,4.0,217.0,106.5,6600,30,20.5,35.0,50.3,35.0,5.3,PG/SG,6600,1,27.0,16.0,102,104,-5%,17,16,17,38,35,33,35.0,30.6,23.1,38.2,38.5,35.8,5.4,44.8,55.3,8.4,35.0,5.3,35.8,38.5,5.4,35.4,5.35,35.333333333333336,16.666666666666668,32.46,35.266666666666666,38.57264150943396,1.115511603265892,1.4499807571025363,1.1931327849567244,0.9905880303694571,0.7653994489034842
4,1,Brad Wanamaker,PG,,2020-03-04,BOS,CLE,-4.0,217.0,110.5,3500,26,3.5,15.3,28.3,24.5,7.0,PG/SG,3500,0,17.0,12.0,101,114,7%,5,5,6,21,21,20,14.8,15.8,9.3,22.4,31.0,26.1,7.5,29.6,15.0,4.3,24.5,7.0,26.1,31.0,7.5,25.3,7.25,20.666666666666668,5.333333333333333,17.52,15.700000000000001,37.949999999999996,0.3254623134998155,0.8084171482062762,1.1492673188404001,-0.2920314590647707,1.991229657230025
4,2,Kevin Porter Jr.,SG,,2020-03-04,CLE,BOS,4.0,217.0,106.5,5300,2,21.3,33.0,51.5,31.8,5.99,SG/SF,5300,1,21.0,11.0,102,104,-5%,14,14,9,38,35,24,33.0,19.5,10.4,28.7,38.5,33.2,6.3,9.8,6.5,1.2,31.8,5.99,33.2,38.5,6.3,32.5,6.145,32.333333333333336,12.333333333333334,24.82,35.266666666666666,38.69845360824742,0.888665767590484,1.4499807571025363,1.201996322440023,0.3346835525061706,1.2783126150190631
4,3,Domantas Sabonis,PF,,2020-03-04,IND,MIL,10.5,222.0,105.8,8700,17,37.8,45.9,55.3,44.8,5.14,PF/C,8700,1,24.0,21.0,107,99,0%,12,13,14,39,33,35,45.8,44.3,35.2,53.4,35.5,46.3,5.3,36.7,37.0,4.3,44.8,5.14,46.3,35.5,5.3,45.55,5.22,35.666666666666664,13.0,44.85,46.333333333333336,45.337149532710285,1.9094720281298203,1.1933553135440322,1.6696964142566457,2.0542865226110956,0.6815268557021946
4,4,Shabazz Napier,PG,,2020-03-04,WAS,POR,8.0,243.0,117.5,5000,13,13.5,25.3,47.0,30.3,6.05,PG/SG,5000,0,21.0,14.0,103,111,6%,6,10,8,26,28,24,25.3,23.6,12.8,34.5,29.5,29.7,5.9,26.0,20.0,4.0,30.3,6.05,29.7,29.5,5.9,30.0,5.975,26.0,8.0,25.240000000000002,28.599999999999998,34.03846153846153,0.6931090126978907,0.6801044264270242,0.8736970986613808,0.37074112851436186,1.1686330700635306
4,5,Brandon Ingram,SF,,2020-03-04,NO,DAL,6.0,241.0,117.5,7900,5,24.0,38.8,50.8,40.0,5.06,SF/PF,7900,0,29.0,20.0,101,109,1%,20,19,18,37,36,35,38.8,42.7,32.6,52.8,35.5,40.7,5.2,41.4,43.3,5.5,40.0,5.06,40.7,35.5,5.2,40.35,5.13,36.0,19.0,41.45,37.86666666666667,39.78958333333333,1.5027139779532268,1.1933553135440322,1.2788670630814265,1.7623918596876438,0.6234612142551481
4,6,Zion Williamson,PF,,2020-03-04,NO,DAL,6.0,241.0,117.5,8000,18,32.8,41.2,49.0,41.3,5.16,PF/C,8000,0,30.0,26.0,101,109,0%,18,18,16,33,33,30,41.1,37.9,30.9,44.9,32.5,41.8,5.2,34.9,32.0,4.0,41.3,5.16,41.8,32.5,5.2,41.55,5.18,32.0,17.333333333333332,39.27,41.0,42.19921875,1.5965812203016712,0.9367298699855282,1.4486273169690558,1.5752358699308422,0.6557199039479517
4,7,Cedi Osman,SF,,2020-03-04,CLE,BOS,4.0,217.0,106.5,4100,18,8.0,14.4,25.3,23.8,5.79,SF/PF,4100,1,17.0,11.0,102,104,-5%,10,10,9,31,31,29,20.8,21.2,13.1,29.4,36.0,24.3,5.9,42.9,24.8,6.0,23.8,5.79,24.3,36.0,5.9,24.05,5.845000000000001,30.333333333333332,9.666666666666666,21.71,15.9,28.542857142857144,0.22768393605351891,1.2361262208037829,0.4865284875881194,0.06768578730266005,1.0847604768622414
5,0,Shabazz Napier,PG,,2020-03-04,WAS,POR,8.0,243.0,117.5,5000,13,13.5,25.3,47.0,30.3,6.05,PG/SG,5000,0,21.0,14.0,103,111,6%,6,10,8,26,28,24,25.3,23.6,12.8,34.5,29.5,29.7,5.9,26.0,20.0,4.0,30.3,6.05,29.7,29.5,5.9,30.0,5.975,26.0,8.0,25.240000000000002,28.599999999999998,34.03846153846153,0.6931090126978907,0.6801044264270242,0.8736970986613808,0.37074112851436186,1.1686330700635306
5,1,Brad Wanamaker,PG,,2020-03-04,BOS,CLE,-4.0,217.0,110.5,3500,26,3.5,15.3,28.3,24.5,7.0,PG/SG,3500,0,17.0,12.0,101,114,7%,5,5,6,21,21,20,14.8,15.8,9.3,22.4,31.0,26.1,7.5,29.6,15.0,4.3,24.5,7.0,26.1,31.0,7.5,25.3,7.25,20.666666666666668,5.333333333333333,17.52,15.700000000000001,37.949999999999996,0.3254623134998155,0.8084171482062762,1.1492673188404001,-0.2920314590647707,1.991229657230025
5,2,Danilo Gallinari,SF,,2020-03-04,OKC,DET,-7.5,210.5,109.0,6200,9,18.0,26.9,35.5,30.8,4.96,SF/PF,6200,0,24.0,20.0,100,110,-4%,15,14,14,31,30,31,26.9,32.1,24.8,39.3,31.5,32.0,5.2,33.2,38.8,6.3,30.8,4.96,32.0,31.5,5.2,31.4,5.08,30.666666666666668,14.333333333333334,30.9,26.8,32.25326086956522,0.8026207954377428,0.8511880554660269,0.7479286456016094,0.8566598909104612,0.5912025245623446
5,3,T.J. Warren,SF,,2020-03-04,IND,MIL,10.5,222.0,105.8,6100,4,15.0,30.0,44.3,32.3,5.29,SF/PF,6100,1,22.0,18.0,107,99,-10%,17,14,14,38,34,33,30.0,29.3,17.9,40.6,36.0,32.2,5.3,32.9,25.0,4.1,32.3,5.29,32.2,36.0,5.3,32.25,5.295,35.0,15.0,30.01,29.766666666666666,33.17142857142857,0.8691100921012247,1.2361262208037829,0.8126141084320663,0.7802521703216755,0.7299148902414003
5,4,Bradley Beal,SG,,2020-03-04,WAS,POR,8.0,243.0,117.5,10600,11,50.8,59.4,70.8,52.0,4.91,SG/SF,10600,0,34.0,23.0,103,111,-2%,24,28,23,37,39,36,59.4,49.2,37.6,60.7,37.5,53.4,5.0,37.5,48.5,4.6,52.0,4.91,53.4,37.5,5.0,52.7,4.955,37.333333333333336,25.0,51.92,60.333333333333336,52.935267857142854,2.4687643471226375,1.364438942583035,2.2049883870183296,2.66125571874898,0.5105558003303352
5,5,Kevin Porter Jr.,SG,,2020-03-04,CLE,BOS,4.0,217.0,106.5,5300,2,21.3,33.0,51.5,31.8,5.99,SG/SF,5300,1,21.0,11.0,102,104,-5%,14,14,9,38,35,24,33.0,19.5,10.4,28.7,38.5,33.2,6.3,9.8,6.5,1.2,31.8,5.99,33.2,38.5,6.3,32.5,6.145,32.333333333333336,12.333333333333334,24.82,35.266666666666666,38.69845360824742,0.888665767590484,1.4499807571025363,1.201996322440023,0.3346835525061706,1.2783126150190631
5,6,Domantas Sabonis,PF,,2020-03-04,IND,MIL,10.5,222.0,105.8,8700,17,37.8,45.9,55.3,44.8,5.14,PF/C,8700,1,24.0,21.0,107,99,0%,12,13,14,39,33,35,45.8,44.3,35.2,53.4,35.5,46.3,5.3,36.7,37.0,4.3,44.8,5.14,46.3,35.5,5.3,45.55,5.22,35.666666666666664,13.0,44.85,46.333333333333336,45.337149532710285,1.9094720281298203,1.1933553135440322,1.6696964142566457,2.0542865226110956,0.6815268557021946
5,7,Cedi Osman,SF,,2020-03-04,CLE,BOS,4.0,217.0,106.5,4100,18,8.0,14.4,25.3,23.8,5.79,SF/PF,4100,1,17.0,11.0,102,104,-5%,10,10,9,31,31,29,20.8,21.2,13.1,29.4,36.0,24.3,5.9,42.9,24.8,6.0,23.8,5.79,24.3,36.0,5.9,24.05,5.845000000000001,30.333333333333332,9.666666666666666,21.71,15.9,28.542857142857144,0.22768393605351891,1.2361262208037829,0.4865284875881194,0.06768578730266005,1.0847604768622414
6,0,Collin Sexton,PG,,2020-03-04,CLE,BOS,4.0,217.0,106.5,6600,30,20.5,35.0,50.3,35.0,5.3,PG/SG,6600,1,27.0,16.0,102,104,-5%,17,16,17,38,35,33,35.0,30.6,23.1,38.2,38.5,35.8,5.4,44.8,55.3,8.4,35.0,5.3,35.8,38.5,5.4,35.4,5.35,35.333333333333336,16.666666666666668,32.46,35.266666666666666,38.57264150943396,1.115511603265892,1.4499807571025363,1.1931327849567244,0.9905880303694571,0.7653994489034842
6,1,Brad Wanamaker,PG,,2020-03-04,BOS,CLE,-4.0,217.0,110.5,3500,26,3.5,15.3,28.3,24.5,7.0,PG/SG,3500,0,17.0,12.0,101,114,7%,5,5,6,21,21,20,14.8,15.8,9.3,22.4,31.0,26.1,7.5,29.6,15.0,4.3,24.5,7.0,26.1,31.0,7.5,25.3,7.25,20.666666666666668,5.333333333333333,17.52,15.700000000000001,37.949999999999996,0.3254623134998155,0.8084171482062762,1.1492673188404001,-0.2920314590647707,1.991229657230025
6,2,Kevin Porter Jr.,SG,,2020-03-04,CLE,BOS,4.0,217.0,106.5,5300,2,21.3,33.0,51.5,31.8,5.99,SG/SF,5300,1,21.0,11.0,102,104,-5%,14,14,9,38,35,24,33.0,19.5,10.4,28.7,38.5,33.2,6.3,9.8,6.5,1.2,31.8,5.99,33.2,38.5,6.3,32.5,6.145,32.333333333333336,12.333333333333334,24.82,35.266666666666666,38.69845360824742,0.888665767590484,1.4499807571025363,1.201996322440023,0.3346835525061706,1.2783126150190631
6,3,Zion Williamson,PF,,2020-03-04,NO,DAL,6.0,241.0,117.5,8000,18,32.8,41.2,49.0,41.3,5.16,PF/C,8000,0,30.0,26.0,101,109,0%,18,18,16,33,33,30,41.1,37.9,30.9,44.9,32.5,41.8,5.2,34.9,32.0,4.0,41.3,5.16,41.8,32.5,5.2,41.55,5.18,32.0,17.333333333333332,39.27,41.0,42.19921875,1.5965812203016712,0.9367298699855282,1.4486273169690558,1.5752358699308422,0.6557199039479517
6,4,Jrue Holiday,PG,,2020-03-04,NO,DAL,6.0,241.0,117.5,8300,27,28.3,43.7,60.0,40.5,4.88,PG/SG,8300,0,26.0,17.0,101,109,-3%,13,16,17,38,37,36,43.9,41.0,30.5,51.5,36.5,40.4,4.9,37.3,39.5,4.8,40.5,4.88,40.4,36.5,4.9,40.45,4.890000000000001,37.0,15.333333333333334,41.470000000000006,44.0,39.90337837837838,1.5105362481489306,1.2788971280635335,1.2868839919514063,1.7641088871166055,0.46861950372969075
6,5,Domantas Sabonis,PF,,2020-03-04,IND,MIL,10.5,222.0,105.8,8700,17,37.8,45.9,55.3,44.8,5.14,PF/C,8700,1,24.0,21.0,107,99,0%,12,13,14,39,33,35,45.8,44.3,35.2,53.4,35.5,46.3,5.3,36.7,37.0,4.3,44.8,5.14,46.3,35.5,5.3,45.55,5.22,35.666666666666664,13.0,44.85,46.333333333333336,45.337149532710285,1.9094720281298203,1.1933553135440322,1.6696964142566457,2.0542865226110956,0.6815268557021946
6,6,Myles Turner,C,,2020-03-04,IND,MIL,10.5,222.0,105.8,5500,7,23.8,33.2,42.0,30.0,5.45,C,5500,1,17.0,15.0,107,99,0%,10,10,9,33,31,30,33.2,27.9,18.7,37.2,31.5,29.7,5.4,30.5,16.8,3.1,30.0,5.45,29.7,31.5,5.4,29.85,5.425000000000001,31.333333333333332,9.666666666666666,29.370000000000005,33.0,30.00877659574468,0.6813756074043352,0.8511880554660269,0.5898033883385626,0.7253072925949082,0.8137874834426905
6,7,Duncan Robinson,SG,,2020-03-04,MIA,ORL,-6.5,219.5,113.0,4100,13,14.3,20.9,36.3,22.5,5.49,SG/SF,4100,1,15.0,12.0,100,106,0%,8,9,9,31,32,30,20.9,22.2,13.8,30.7,32.0,23.2,5.7,36.3,34.5,8.4,22.5,5.49,23.2,32.0,5.7,22.85,5.595000000000001,31.0,8.666666666666666,22.089999999999996,23.833333333333332,23.58709677419355,0.1338166937050742,0.8939589627257776,0.13739221055149994,0.10030930845292783,0.923467028398223
7,0,Collin Sexton,PG,,2020-03-04,CLE,BOS,4.0,217.0,106.5,6600,30,20.5,35.0,50.3,35.0,5.3,PG/SG,6600,1,27.0,16.0,102,104,-5%,17,16,17,38,35,33,35.0,30.6,23.1,38.2,38.5,35.8,5.4,44.8,55.3,8.4,35.0,5.3,35.8,38.5,5.4,35.4,5.35,35.333333333333336,16.666666666666668,32.46,35.266666666666666,38.57264150943396,1.115511603265892,1.4499807571025363,1.1931327849567244,0.9905880303694571,0.7653994489034842
7,1,Shabazz Napier,PG,,2020-03-04,WAS,POR,8.0,243.0,117.5,5000,13,13.5,25.3,47.0,30.3,6.05,PG/SG,5000,0,21.0,14.0,103,111,6%,6,10,8,26,28,24,25.3,23.6,12.8,34.5,29.5,29.7,5.9,26.0,20.0,4.0,30.3,6.05,29.7,29.5,5.9,30.0,5.975,26.0,8.0,25.240000000000002,28.599999999999998,34.03846153846153,0.6931090126978907,0.6801044264270242,0.8736970986613808,0.37074112851436186,1.1686330700635306
7,2,Bradley Beal,SG,,2020-03-04,WAS,POR,8.0,243.0,117.5,10600,11,50.8,59.4,70.8,52.0,4.91,SG/SF,10600,0,34.0,23.0,103,111,-2%,24,28,23,37,39,36,59.4,49.2,37.6,60.7,37.5,53.4,5.0,37.5,48.5,4.6,52.0,4.91,53.4,37.5,5.0,52.7,4.955,37.333333333333336,25.0,51.92,60.333333333333336,52.935267857142854,2.4687643471226375,1.364438942583035,2.2049883870183296,2.66125571874898,0.5105558003303352
7,3,T.J. Warren,SF,,2020-03-04,IND,MIL,10.5,222.0,105.8,6100,4,15.0,30.0,44.3,32.3,5.29,SF/PF,6100,1,22.0,18.0,107,99,-10%,17,14,14,38,34,33,30.0,29.3,17.9,40.6,36.0,32.2,5.3,32.9,25.0,4.1,32.3,5.29,32.2,36.0,5.3,32.25,5.295,35.0,15.0,30.01,29.766666666666666,33.17142857142857,0.8691100921012247,1.2361262208037829,0.8126141084320663,0.7802521703216755,0.7299148902414003
7,4,Kendrick Nunn,PG,,2020-03-04,MIA,ORL,-6.5,219.5,113.0,5400,28,23.3,30.2,36.0,28.0,5.19,PG/SG,5400,1,23.0,14.0,100,106,0%,13,15,14,34,31,30,30.2,27.1,17.7,36.5,31.5,27.8,5.1,22.8,16.3,3.0,28.0,5.19,27.8,31.5,5.1,27.9,5.145,31.666666666666668,14.0,27.880000000000003,29.833333333333332,27.75315789473684,0.5288413385881123,0.8511880554660269,0.4308937040318493,0.5973887491372777,0.633138821162989
7,5,Cedi Osman,SF,,2020-03-04,CLE,BOS,4.0,217.0,106.5,4100,18,8.0,14.4,25.3,23.8,5.79,SF/PF,4100,1,17.0,11.0,102,104,-5%,10,10,9,31,31,29,20.8,21.2,13.1,29.4,36.0,24.3,5.9,42.9,24.8,6.0,23.8,5.79,24.3,36.0,5.9,24.05,5.845000000000001,30.333333333333332,9.666666666666666,21.71,15.9,28.542857142857144,0.22768393605351891,1.2361262208037829,0.4865284875881194,0.06768578730266005,1.0847604768622414
7,6,Domantas Sabonis,PF,,2020-03-04,IND,MIL,10.5,222.0,105.8,8700,17,37.8,45.9,55.3,44.8,5.14,PF/C,8700,1,24.0,21.0,107,99,0%,12,13,14,39,33,35,45.8,44.3,35.2,53.4,35.5,46.3,5.3,36.7,37.0,4.3,44.8,5.14,46.3,35.5,5.3,45.55,5.22,35.666666666666664,13.0,44.85,46.333333333333336,45.337149532710285,1.9094720281298203,1.1933553135440322,1.6696964142566457,2.0542865226110956,0.6815268557021946
7,7,Brad Wanamaker,PG,,2020-03-04,BOS,CLE,-4.0,217.0,110.5,3500,26,3.5,15.3,28.3,24.5,7.0,PG/SG,3500,0,17.0,12.0,101,114,7%,5,5,6,21,21,20,14.8,15.8,9.3,22.4,31.0,26.1,7.5,29.6,15.0,4.3,24.5,7.0,26.1,31.0,7.5,25.3,7.25,20.666666666666668,5.333333333333333,17.52,15.700000000000001,37.949999999999996,0.3254623134998155,0.8084171482062762,1.1492673188404001,-0.2920314590647707,1.991229657230025
8,0,Collin Sexton,PG,,2020-03-04,CLE,BOS,4.0,217.0,106.5,6600,30,20.5,35.0,50.3,35.0,5.3,PG/SG,6600,1,27.0,16.0,102,104,-5%,17,16,17,38,35,33,35.0,30.6,23.1,38.2,38.5,35.8,5.4,44.8,55.3,8.4,35.0,5.3,35.8,38.5,5.4,35.4,5.35,35.333333333333336,16.666666666666668,32.46,35.266666666666666,38.57264150943396,1.115511603265892,1.4499807571025363,1.1931327849567244,0.9905880303694571,0.7653994489034842
8,1,Bradley Beal,SG,,2020-03-04,WAS,POR,8.0,243.0,117.5,10600,11,50.8,59.4,70.8,52.0,4.91,SG/SF,10600,0,34.0,23.0,103,111,-2%,24,28,23,37,39,36,59.4,49.2,37.6,60.7,37.5,53.4,5.0,37.5,48.5,4.6,52.0,4.91,53.4,37.5,5.0,52.7,4.955,37.333333333333336,25.0,51.92,60.333333333333336,52.935267857142854,2.4687643471226375,1.364438942583035,2.2049883870183296,2.66125571874898,0.5105558003303352
8,2,T.J. Warren,SF,,2020-03-04,IND,MIL,10.5,222.0,105.8,6100,4,15.0,30.0,44.3,32.3,5.29,SF/PF,6100,1,22.0,18.0,107,99,-10%,17,14,14,38,34,33,30.0,29.3,17.9,40.6,36.0,32.2,5.3,32.9,25.0,4.1,32.3,5.29,32.2,36.0,5.3,32.25,5.295,35.0,15.0,30.01,29.766666666666666,33.17142857142857,0.8691100921012247,1.2361262208037829,0.8126141084320663,0.7802521703216755,0.7299148902414003
8,3,Domantas Sabonis,PF,,2020-03-04,IND,MIL,10.5,222.0,105.8,8700,17,37.8,45.9,55.3,44.8,5.14,PF/C,8700,1,24.0,21.0,107,99,0%,12,13,14,39,33,35,45.8,44.3,35.2,53.4,35.5,46.3,5.3,36.7,37.0,4.3,44.8,5.14,46.3,35.5,5.3,45.55,5.22,35.666666666666664,13.0,44.85,46.333333333333336,45.337149532710285,1.9094720281298203,1.1933553135440322,1.6696964142566457,2.0542865226110956,0.6815268557021946
8,4,Brad Wanamaker,PG,,2020-03-04,BOS,CLE,-4.0,217.0,110.5,3500,26,3.5,15.3,28.3,24.5,7.0,PG/SG,3500,0,17.0,12.0,101,114,7%,5,5,6,21,21,20,14.8,15.8,9.3,22.4,31.0,26.1,7.5,29.6,15.0,4.3,24.5,7.0,26.1,31.0,7.5,25.3,7.25,20.666666666666668,5.333333333333333,17.52,15.700000000000001,37.949999999999996,0.3254623134998155,0.8084171482062762,1.1492673188404001,-0.2920314590647707,1.991229657230025
8,5,Kevin Porter Jr.,SG,,2020-03-04,CLE,BOS,4.0,217.0,106.5,5300,2,21.3,33.0,51.5,31.8,5.99,SG/SF,5300,1,21.0,11.0,102,104,-5%,14,14,9,38,35,24,33.0,19.5,10.4,28.7,38.5,33.2,6.3,9.8,6.5,1.2,31.8,5.99,33.2,38.5,6.3,32.5,6.145,32.333333333333336,12.333333333333334,24.82,35.266666666666666,38.69845360824742,0.888665767590484,1.4499807571025363,1.201996322440023,0.3346835525061706,1.2783126150190631
8,6,Myles Turner,C,,2020-03-04,IND,MIL,10.5,222.0,105.8,5500,7,23.8,33.2,42.0,30.0,5.45,C,5500,1,17.0,15.0,107,99,0%,10,10,9,33,31,30,33.2,27.9,18.7,37.2,31.5,29.7,5.4,30.5,16.8,3.1,30.0,5.45,29.7,31.5,5.4,29.85,5.425000000000001,31.333333333333332,9.666666666666666,29.370000000000005,33.0,30.00877659574468,0.6813756074043352,0.8511880554660269,0.5898033883385626,0.7253072925949082,0.8137874834426905
8,7,Jerome Robinson,SG,,2020-03-04,WAS,POR,8.0,243.0,117.5,3100,11,9.3,16.1,22.5,19.5,6.29,SG/SF,3100,0,15.0,5.0,103,111,-2%,7,6,4,26,22,13,16.1,8.6,0.9,16.4,28.0,19.8,6.4,25.9,14.0,4.5,19.5,6.29,19.8,28.0,6.4,19.65,6.345000000000001,20.333333333333332,5.666666666666667,12.33,15.966666666666669,27.059016393442622,-0.11649595255744535,0.5517917046477723,0.38199102079661706,-0.7376000768802754,1.4073473737902784
9,0,Brad Wanamaker,PG,,2020-03-04,BOS,CLE,-4.0,217.0,110.5,3500,26,3.5,15.3,28.3,24.5,7.0,PG/SG,3500,0,17.0,12.0,101,114,7%,5,5,6,21,21,20,14.8,15.8,9.3,22.4,31.0,26.1,7.5,29.6,15.0,4.3,24.5,7.0,26.1,31.0,7.5,25.3,7.25,20.666666666666668,5.333333333333333,17.52,15.700000000000001,37.949999999999996,0.3254623134998155,0.8084171482062762,1.1492673188404001,-0.2920314590647707,1.991229657230025
9,1,Coby White,PG,,2020-03-04,CHI,MIN,2.0,232.0,115.0,6200,29,34.5,42.6,50.8,31.8,5.12,PG/SG,6200,1,24.0,12.0,106,110,3%,19,20,12,30,32,25,42.6,22.9,12.3,33.6,32.0,36.1,5.8,34.6,37.3,6.0,31.8,5.12,36.1,32.0,5.8,33.95,5.46,29.0,17.0,29.07,42.63333333333333,37.46206896551725,1.0020886854281883,0.8939589627257776,1.1148922861194632,0.6995518811604856,0.8363685662276525
9,2,Duncan Robinson,SG,,2020-03-04,MIA,ORL,-6.5,219.5,113.0,4100,13,14.3,20.9,36.3,22.5,5.49,SG/SF,4100,1,15.0,12.0,100,106,0%,8,9,9,31,32,30,20.9,22.2,13.8,30.7,32.0,23.2,5.7,36.3,34.5,8.4,22.5,5.49,23.2,32.0,5.7,22.85,5.595000000000001,31.0,8.666666666666666,22.089999999999996,23.833333333333332,23.58709677419355,0.1338166937050742,0.8939589627257776,0.13739221055149994,0.10030930845292783,0.923467028398223
9,3,Julius Randle,PF,,2020-03-04,NY,UTA,8.0,218.5,105.3,7700,13,37.8,42.5,52.0,38.0,4.94,PF/C,7700,1,28.0,17.0,101,107,-8%,15,15,16,31,31,33,42.5,38.6,29.5,47.8,33.0,41.1,5.3,32.2,46.8,6.1,38.0,4.94,41.1,33.0,5.3,39.55,5.12,31.666666666666668,15.333333333333334,39.589999999999996,44.1,41.21526315789473,1.4401358163875966,0.979500777245279,1.3793070579893756,1.6027083087942253,0.6170094763165875
9,4,Shabazz Napier,PG,,2020-03-04,WAS,POR,8.0,243.0,117.5,5000,13,13.5,25.3,47.0,30.3,6.05,PG/SG,5000,0,21.0,14.0,103,111,6%,6,10,8,26,28,24,25.3,23.6,12.8,34.5,29.5,29.7,5.9,26.0,20.0,4.0,30.3,6.05,29.7,29.5,5.9,30.0,5.975,26.0,8.0,25.240000000000002,28.599999999999998,34.03846153846153,0.6931090126978907,0.6801044264270242,0.8736970986613808,0.37074112851436186,1.1686330700635306
9,5,Bradley Beal,SG,,2020-03-04,WAS,POR,8.0,243.0,117.5,10600,11,50.8,59.4,70.8,52.0,4.91,SG/SF,10600,0,34.0,23.0,103,111,-2%,24,28,23,37,39,36,59.4,49.2,37.6,60.7,37.5,53.4,5.0,37.5,48.5,4.6,52.0,4.91,53.4,37.5,5.0,52.7,4.955,37.333333333333336,25.0,51.92,60.333333333333336,52.935267857142854,2.4687643471226375,1.364438942583035,2.2049883870183296,2.66125571874898,0.5105558003303352
9,6,Domantas Sabonis,PF,,2020-03-04,IND,MIL,10.5,222.0,105.8,8700,17,37.8,45.9,55.3,44.8,5.14,PF/C,8700,1,24.0,21.0,107,99,0%,12,13,14,39,33,35,45.8,44.3,35.2,53.4,35.5,46.3,5.3,36.7,37.0,4.3,44.8,5.14,46.3,35.5,5.3,45.55,5.22,35.666666666666664,13.0,44.85,46.333333333333336,45.337149532710285,1.9094720281298203,1.1933553135440322,1.6696964142566457,2.0542865226110956,0.6815268557021946
9,7,Cedi Osman,SF,,2020-03-04,CLE,BOS,4.0,217.0,106.5,4100,18,8.0,14.4,25.3,23.8,5.79,SF/PF,4100,1,17.0,11.0,102,104,-5%,10,10,9,31,31,29,20.8,21.2,13.1,29.4,36.0,24.3,5.9,42.9,24.8,6.0,23.8,5.79,24.3,36.0,5.9,24.05,5.845000000000001,30.333333333333332,9.666666666666666,21.71,15.9,28.542857142857144,0.22768393605351891,1.2361262208037829,0.4865284875881194,0.06768578730266005,1.0847604768622414
10,0,Jrue Holiday,PG,,2020-03-04,NO,DAL,6.0,241.0,117.5,8300,27,28.3,43.7,60.0,40.5,4.88,PG/SG,8300,0,26.0,17.0,101,109,-3%,13,16,17,38,37,36,43.9,41.0,30.5,51.5,36.5,40.4,4.9,37.3,39.5,4.8,40.5,4.88,40.4,36.5,4.9,40.45,4.890000000000001,37.0,15.333333333333334,41.470000000000006,44.0,39.90337837837838,1.5105362481489306,1.2788971280635335,1.2868839919514063,1.7641088871166055,0.46861950372969075
10,1,Brad Wanamaker,PG,,2020-03-04,BOS,CLE,-4.0,217.0,110.5,3500,26,3.5,15.3,28.3,24.5,7.0,PG/SG,3500,0,17.0,12.0,101,114,7%,5,5,6,21,21,20,14.8,15.8,9.3,22.4,31.0,26.1,7.5,29.6,15.0,4.3,24.5,7.0,26.1,31.0,7.5,25.3,7.25,20.666666666666668,5.333333333333333,17.52,15.700000000000001,37.949999999999996,0.3254623134998155,0.8084171482062762,1.1492673188404001,-0.2920314590647707,1.991229657230025
10,2,Kevin Porter Jr.,SG,,2020-03-04,CLE,BOS,4.0,217.0,106.5,5300,2,21.3,33.0,51.5,31.8,5.99,SG/SF,5300,1,21.0,11.0,102,104,-5%,14,14,9,38,35,24,33.0,19.5,10.4,28.7,38.5,33.2,6.3,9.8,6.5,1.2,31.8,5.99,33.2,38.5,6.3,32.5,6.145,32.333333333333336,12.333333333333334,24.82,35.266666666666666,38.69845360824742,0.888665767590484,1.4499807571025363,1.201996322440023,0.3346835525061706,1.2783126150190631
10,3,Brandon Ingram,SF,,2020-03-04,NO,DAL,6.0,241.0,117.5,7900,5,24.0,38.8,50.8,40.0,5.06,SF/PF,7900,0,29.0,20.0,101,109,1%,20,19,18,37,36,35,38.8,42.7,32.6,52.8,35.5,40.7,5.2,41.4,43.3,5.5,40.0,5.06,40.7,35.5,5.2,40.35,5.13,36.0,19.0,41.45,37.86666666666667,39.78958333333333,1.5027139779532268,1.1933553135440322,1.2788670630814265,1.7623918596876438,0.6234612142551481
10,4,Markelle Fultz,PG,,2020-03-04,ORL,MIA,6.5,219.5,106.5,5200,11,17.3,24.4,28.8,26.5,5.1,PG/SG,5200,1,22.0,14.0,101,107,-7%,10,9,11,27,29,29,24.4,26.4,18.6,34.3,30.0,26.2,5.0,31.1,24.5,4.7,26.5,5.1,26.2,30.0,5.0,26.35,5.05,28.333333333333332,10.0,26.009999999999998,23.5,27.900000000000002,0.4075961505547047,0.7228753336867749,0.44123881802646014,0.4368466845293786,0.5718473107466622
10,5,Cedi Osman,SF,,2020-03-04,CLE,BOS,4.0,217.0,106.5,4100,18,8.0,14.4,25.3,23.8,5.79,SF/PF,4100,1,17.0,11.0,102,104,-5%,10,10,9,31,31,29,20.8,21.2,13.1,29.4,36.0,24.3,5.9,42.9,24.8,6.0,23.8,5.79,24.3,36.0,5.9,24.05,5.845000000000001,30.333333333333332,9.666666666666666,21.71,15.9,28.542857142857144,0.22768393605351891,1.2361262208037829,0.4865284875881194,0.06768578730266005,1.0847604768622414
10,6,Domantas Sabonis,PF,,2020-03-04,IND,MIL,10.5,222.0,105.8,8700,17,37.8,45.9,55.3,44.8,5.14,PF/C,8700,1,24.0,21.0,107,99,0%,12,13,14,39,33,35,45.8,44.3,35.2,53.4,35.5,46.3,5.3,36.7,37.0,4.3,44.8,5.14,46.3,35.5,5.3,45.55,5.22,35.666666666666664,13.0,44.85,46.333333333333336,45.337149532710285,1.9094720281298203,1.1933553135440322,1.6696964142566457,2.0542865226110956,0.6815268557021946
10,7,Collin Sexton,PG,,2020-03-04,CLE,BOS,4.0,217.0,106.5,6600,30,20.5,35.0,50.3,35.0,5.3,PG/SG,6600,1,27.0,16.0,102,104,-5%,17,16,17,38,35,33,35.0,30.6,23.1,38.2,38.5,35.8,5.4,44.8,55.3,8.4,35.0,5.3,35.8,38.5,5.4,35.4,5.35,35.333333333333336,16.666666666666668,32.46,35.266666666666666,38.57264150943396,1.115511603265892,1.4499807571025363,1.1931327849567244,0.9905880303694571,0.7653994489034842
11,0,Chris Paul,PG,,2020-03-04,OKC,DET,-7.5,210.5,109.0,7700,17,28.5,35.2,41.8,39.5,5.13,PG,7700,0,24.0,22.0,100,110,4%,14,13,13,29,31,32,35.1,37.3,28.5,46.2,33.0,37.2,4.8,34.3,33.5,4.4,39.5,5.13,37.2,33.0,4.8,38.35,4.965,30.666666666666668,13.333333333333334,37.09,35.166666666666664,41.26793478260869,1.3462685740391522,0.979500777245279,1.383017805400486,1.3880798801740406,0.5170075382688959
11,1,Shabazz Napier,PG,,2020-03-04,WAS,POR,8.0,243.0,117.5,5000,13,13.5,25.3,47.0,30.3,6.05,PG/SG,5000,0,21.0,14.0,103,111,6%,6,10,8,26,28,24,25.3,23.6,12.8,34.5,29.5,29.7,5.9,26.0,20.0,4.0,30.3,6.05,29.7,29.5,5.9,30.0,5.975,26.0,8.0,25.240000000000002,28.599999999999998,34.03846153846153,0.6931090126978907,0.6801044264270242,0.8736970986613808,0.37074112851436186,1.1686330700635306
11,2,Cedi Osman,SF,,2020-03-04,CLE,BOS,4.0,217.0,106.5,4100,18,8.0,14.4,25.3,23.8,5.79,SF/PF,4100,1,17.0,11.0,102,104,-5%,10,10,9,31,31,29,20.8,21.2,13.1,29.4,36.0,24.3,5.9,42.9,24.8,6.0,23.8,5.79,24.3,36.0,5.9,24.05,5.845000000000001,30.333333333333332,9.666666666666666,21.71,15.9,28.542857142857144,0.22768393605351891,1.2361262208037829,0.4865284875881194,0.06768578730266005,1.0847604768622414
11,3,T.J. Warren,SF,,2020-03-04,IND,MIL,10.5,222.0,105.8,6100,4,15.0,30.0,44.3,32.3,5.29,SF/PF,6100,1,22.0,18.0,107,99,-10%,17,14,14,38,34,33,30.0,29.3,17.9,40.6,36.0,32.2,5.3,32.9,25.0,4.1,32.3,5.29,32.2,36.0,5.3,32.25,5.295,35.0,15.0,30.01,29.766666666666666,33.17142857142857,0.8691100921012247,1.2361262208037829,0.8126141084320663,0.7802521703216755,0.7299148902414003
11,4,Brad Wanamaker,PG,,2020-03-04,BOS,CLE,-4.0,217.0,110.5,3500,26,3.5,15.3,28.3,24.5,7.0,PG/SG,3500,0,17.0,12.0,101,114,7%,5,5,6,21,21,20,14.8,15.8,9.3,22.4,31.0,26.1,7.5,29.6,15.0,4.3,24.5,7.0,26.1,31.0,7.5,25.3,7.25,20.666666666666668,5.333333333333333,17.52,15.700000000000001,37.949999999999996,0.3254623134998155,0.8084171482062762,1.1492673188404001,-0.2920314590647707,1.991229657230025
11,5,Duncan Robinson,SG,,2020-03-04,MIA,ORL,-6.5,219.5,113.0,4100,13,14.3,20.9,36.3,22.5,5.49,SG/SF,4100,1,15.0,12.0,100,106,0%,8,9,9,31,32,30,20.9,22.2,13.8,30.7,32.0,23.2,5.7,36.3,34.5,8.4,22.5,5.49,23.2,32.0,5.7,22.85,5.595000000000001,31.0,8.666666666666666,22.089999999999996,23.833333333333332,23.58709677419355,0.1338166937050742,0.8939589627257776,0.13739221055149994,0.10030930845292783,0.923467028398223
11,6,Nikola Vucevic,C,,2020-03-04,ORL,MIA,6.5,219.5,106.5,8500,16,26.3,41.5,51.3,44.5,5.24,C,8500,1,26.0,22.0,101,107,-5%,20,18,17,34,34,33,41.5,43.3,34.1,52.4,34.0,43.0,5.1,39.9,56.0,6.6,44.5,5.24,43.0,34.0,5.1,43.75,5.17,33.666666666666664,18.333333333333332,43.01,39.699999999999996,44.18316831683168,1.7686711646071536,1.0650425917647803,1.5883977485605287,1.896319999146639,0.6492681660093911
11,7,Bradley Beal,SG,,2020-03-04,WAS,POR,8.0,243.0,117.5,10600,11,50.8,59.4,70.8,52.0,4.91,SG/SF,10600,0,34.0,23.0,103,111,-2%,24,28,23,37,39,36,59.4,49.2,37.6,60.7,37.5,53.4,5.0,37.5,48.5,4.6,52.0,4.91,53.4,37.5,5.0,52.7,4.955,37.333333333333336,25.0,51.92,60.333333333333336,52.935267857142854,2.4687643471226375,1.364438942583035,2.2049883870183296,2.66125571874898,0.5105558003303352
12,0,Brad Wanamaker,PG,,2020-03-04,BOS,CLE,-4.0,217.0,110.5,3500,26,3.5,15.3,28.3,24.5,7.0,PG/SG,3500,0,17.0,12.0,101,114,7%,5,5,6,21,21,20,14.8,15.8,9.3,22.4,31.0,26.1,7.5,29.6,15.0,4.3,24.5,7.0,26.1,31.0,7.5,25.3,7.25,20.666666666666668,5.333333333333333,17.52,15.700000000000001,37.949999999999996,0.3254623134998155,0.8084171482062762,1.1492673188404001,-0.2920314590647707,1.991229657230025
12,1,Shabazz Napier,PG,,2020-03-04,WAS,POR,8.0,243.0,117.5,5000,13,13.5,25.3,47.0,30.3,6.05,PG/SG,5000,0,21.0,14.0,103,111,6%,6,10,8,26,28,24,25.3,23.6,12.8,34.5,29.5,29.7,5.9,26.0,20.0,4.0,30.3,6.05,29.7,29.5,5.9,30.0,5.975,26.0,8.0,25.240000000000002,28.599999999999998,34.03846153846153,0.6931090126978907,0.6801044264270242,0.8736970986613808,0.37074112851436186,1.1686330700635306
12,2,Cedi Osman,SF,,2020-03-04,CLE,BOS,4.0,217.0,106.5,4100,18,8.0,14.4,25.3,23.8,5.79,SF/PF,4100,1,17.0,11.0,102,104,-5%,10,10,9,31,31,29,20.8,21.2,13.1,29.4,36.0,24.3,5.9,42.9,24.8,6.0,23.8,5.79,24.3,36.0,5.9,24.05,5.845000000000001,30.333333333333332,9.666666666666666,21.71,15.9,28.542857142857144,0.22768393605351891,1.2361262208037829,0.4865284875881194,0.06768578730266005,1.0847604768622414
12,3,Domantas Sabonis,PF,,2020-03-04,IND,MIL,10.5,222.0,105.8,8700,17,37.8,45.9,55.3,44.8,5.14,PF/C,8700,1,24.0,21.0,107,99,0%,12,13,14,39,33,35,45.8,44.3,35.2,53.4,35.5,46.3,5.3,36.7,37.0,4.3,44.8,5.14,46.3,35.5,5.3,45.55,5.22,35.666666666666664,13.0,44.85,46.333333333333336,45.337149532710285,1.9094720281298203,1.1933553135440322,1.6696964142566457,2.0542865226110956,0.6815268557021946
12,4,Collin Sexton,PG,,2020-03-04,CLE,BOS,4.0,217.0,106.5,6600,30,20.5,35.0,50.3,35.0,5.3,PG/SG,6600,1,27.0,16.0,102,104,-5%,17,16,17,38,35,33,35.0,30.6,23.1,38.2,38.5,35.8,5.4,44.8,55.3,8.4,35.0,5.3,35.8,38.5,5.4,35.4,5.35,35.333333333333336,16.666666666666668,32.46,35.266666666666666,38.57264150943396,1.115511603265892,1.4499807571025363,1.1931327849567244,0.9905880303694571,0.7653994489034842
12,5,Zion Williamson,PF,,2020-03-04,NO,DAL,6.0,241.0,117.5,8000,18,32.8,41.2,49.0,41.3,5.16,PF/C,8000,0,30.0,26.0,101,109,0%,18,18,16,33,33,30,41.1,37.9,30.9,44.9,32.5,41.8,5.2,34.9,32.0,4.0,41.3,5.16,41.8,32.5,5.2,41.55,5.18,32.0,17.333333333333332,39.27,41.0,42.19921875,1.5965812203016712,0.9367298699855282,1.4486273169690558,1.5752358699308422,0.6557199039479517
12,6,Bobby Portis,PF,,2020-03-04,NY,UTA,8.0,218.5,105.3,4000,13,8.3,19.4,27.3,26.5,6.63,PF/C,4000,1,21.0,14.0,101,107,-8%,9,9,9,17,21,21,19.4,20.5,10.9,30.0,23.5,23.5,5.9,30.3,29.0,7.3,26.5,6.63,23.5,23.5,5.9,25.0,6.265000000000001,19.666666666666668,9.0,21.160000000000004,18.333333333333332,29.8728813559322,0.3019955029127043,0.1668535393100162,0.5802294875512809,0.02046753300621952,1.3557334702817925
12,7,Nikola Vucevic,C,,2020-03-04,ORL,MIA,6.5,219.5,106.5,8500,16,26.3,41.5,51.3,44.5,5.24,C,8500,1,26.0,22.0,101,107,-5%,20,18,17,34,34,33,41.5,43.3,34.1,52.4,34.0,43.0,5.1,39.9,56.0,6.6,44.5,5.24,43.0,34.0,5.1,43.75,5.17,33.666666666666664,18.333333333333332,43.01,39.699999999999996,44.18316831683168,1.7686711646071536,1.0650425917647803,1.5883977485605287,1.896319999146639,0.6492681660093911
13,0,Brad Wanamaker,PG,,2020-03-04,BOS,CLE,-4.0,217.0,110.5,3500,26,3.5,15.3,28.3,24.5,7.0,PG/SG,3500,0,17.0,12.0,101,114,7%,5,5,6,21,21,20,14.8,15.8,9.3,22.4,31.0,26.1,7.5,29.6,15.0,4.3,24.5,7.0,26.1,31.0,7.5,25.3,7.25,20.666666666666668,5.333333333333333,17.52,15.700000000000001,37.949999999999996,0.3254623134998155,0.8084171482062762,1.1492673188404001,-0.2920314590647707,1.991229657230025
13,1,Kevin Porter Jr.,SG,,2020-03-04,CLE,BOS,4.0,217.0,106.5,5300,2,21.3,33.0,51.5,31.8,5.99,SG/SF,5300,1,21.0,11.0,102,104,-5%,14,14,9,38,35,24,33.0,19.5,10.4,28.7,38.5,33.2,6.3,9.8,6.5,1.2,31.8,5.99,33.2,38.5,6.3,32.5,6.145,32.333333333333336,12.333333333333334,24.82,35.266666666666666,38.69845360824742,0.888665767590484,1.4499807571025363,1.201996322440023,0.3346835525061706,1.2783126150190631
13,2,Bradley Beal,SG,,2020-03-04,WAS,POR,8.0,243.0,117.5,10600,11,50.8,59.4,70.8,52.0,4.91,SG/SF,10600,0,34.0,23.0,103,111,-2%,24,28,23,37,39,36,59.4,49.2,37.6,60.7,37.5,53.4,5.0,37.5,48.5,4.6,52.0,4.91,53.4,37.5,5.0,52.7,4.955,37.333333333333336,25.0,51.92,60.333333333333336,52.935267857142854,2.4687643471226375,1.364438942583035,2.2049883870183296,2.66125571874898,0.5105558003303352
13,3,Domantas Sabonis,PF,,2020-03-04,IND,MIL,10.5,222.0,105.8,8700,17,37.8,45.9,55.3,44.8,5.14,PF/C,8700,1,24.0,21.0,107,99,0%,12,13,14,39,33,35,45.8,44.3,35.2,53.4,35.5,46.3,5.3,36.7,37.0,4.3,44.8,5.14,46.3,35.5,5.3,45.55,5.22,35.666666666666664,13.0,44.85,46.333333333333336,45.337149532710285,1.9094720281298203,1.1933553135440322,1.6696964142566457,2.0542865226110956,0.6815268557021946
13,4,Collin Sexton,PG,,2020-03-04,CLE,BOS,4.0,217.0,106.5,6600,30,20.5,35.0,50.3,35.0,5.3,PG/SG,6600,1,27.0,16.0,102,104,-5%,17,16,17,38,35,33,35.0,30.6,23.1,38.2,38.5,35.8,5.4,44.8,55.3,8.4,35.0,5.3,35.8,38.5,5.4,35.4,5.35,35.333333333333336,16.666666666666668,32.46,35.266666666666666,38.57264150943396,1.115511603265892,1.4499807571025363,1.1931327849567244,0.9905880303694571,0.7653994489034842
13,5,Duncan Robinson,SG,,2020-03-04,MIA,ORL,-6.5,219.5,113.0,4100,13,14.3,20.9,36.3,22.5,5.49,SG/SF,4100,1,15.0,12.0,100,106,0%,8,9,9,31,32,30,20.9,22.2,13.8,30.7,32.0,23.2,5.7,36.3,34.5,8.4,22.5,5.49,23.2,32.0,5.7,22.85,5.595000000000001,31.0,8.666666666666666,22.089999999999996,23.833333333333332,23.58709677419355,0.1338166937050742,0.8939589627257776,0.13739221055149994,0.10030930845292783,0.923467028398223
13,6,Julius Randle,PF,,2020-03-04,NY,UTA,8.0,218.5,105.3,7700,13,37.8,42.5,52.0,38.0,4.94,PF/C,7700,1,28.0,17.0,101,107,-8%,15,15,16,31,31,33,42.5,38.6,29.5,47.8,33.0,41.1,5.3,32.2,46.8,6.1,38.0,4.94,41.1,33.0,5.3,39.55,5.12,31.666666666666668,15.333333333333334,39.589999999999996,44.1,41.21526315789473,1.4401358163875966,0.979500777245279,1.3793070579893756,1.6027083087942253,0.6170094763165875
13,7,Ryan Arcidiacono,PG,,2020-03-04,CHI,MIN,2.0,232.0,115.0,3300,29,8.3,16.5,24.8,13.5,4.09,PG/SG,3300,1,13.0,9.0,106,110,3%,5,6,4,20,23,16,16.5,10.5,4.0,17.1,20.5,14.4,4.4,22.9,21.3,6.5,13.5,4.09,14.4,20.5,4.4,13.95,4.245,19.666666666666668,5.0,12.41,16.533333333333335,14.541101694915254,-0.5623653537125579,-0.0897719042484878,-0.49990354411036036,-0.7307319671644295,0.05248240669252273
14,0,Donte DiVincenzo,PG,,2020-03-04,MIL,IND,-10.5,222.0,116.3,4300,8,18.5,22.6,28.5,23.5,5.47,PG/SG,4300,1,17.0,14.0,101,105,-1%,6,6,8,27,25,24,22.6,22.4,15.3,29.5,26.5,23.8,5.5,23.3,40.8,9.5,23.5,5.47,23.8,26.5,5.5,23.65,5.484999999999999,25.333333333333332,6.666666666666667,22.689999999999998,23.2,24.739144736842103,0.19639485527070383,0.4234789828685202,0.21855467740322226,0.15182013132177244,0.852497911074054
14,1,Kevin Porter Jr.,SG,,2020-03-04,CLE,BOS,4.0,217.0,106.5,5300,2,21.3,33.0,51.5,31.8,5.99,SG/SF,5300,1,21.0,11.0,102,104,-5%,14,14,9,38,35,24,33.0,19.5,10.4,28.7,38.5,33.2,6.3,9.8,6.5,1.2,31.8,5.99,33.2,38.5,6.3,32.5,6.145,32.333333333333336,12.333333333333334,24.82,35.266666666666666,38.69845360824742,0.888665767590484,1.4499807571025363,1.201996322440023,0.3346835525061706,1.2783126150190631
14,2,Duncan Robinson,SG,,2020-03-04,MIA,ORL,-6.5,219.5,113.0,4100,13,14.3,20.9,36.3,22.5,5.49,SG/SF,4100,1,15.0,12.0,100,106,0%,8,9,9,31,32,30,20.9,22.2,13.8,30.7,32.0,23.2,5.7,36.3,34.5,8.4,22.5,5.49,23.2,32.0,5.7,22.85,5.595000000000001,31.0,8.666666666666666,22.089999999999996,23.833333333333332,23.58709677419355,0.1338166937050742,0.8939589627257776,0.13739221055149994,0.10030930845292783,0.923467028398223
14,3,T.J. Warren,SF,,2020-03-04,IND,MIL,10.5,222.0,105.8,6100,4,15.0,30.0,44.3,32.3,5.29,SF/PF,6100,1,22.0,18.0,107,99,-10%,17,14,14,38,34,33,30.0,29.3,17.9,40.6,36.0,32.2,5.3,32.9,25.0,4.1,32.3,5.29,32.2,36.0,5.3,32.25,5.295,35.0,15.0,30.01,29.766666666666666,33.17142857142857,0.8691100921012247,1.2361262208037829,0.8126141084320663,0.7802521703216755,0.7299148902414003
14,4,Shabazz Napier,PG,,2020-03-04,WAS,POR,8.0,243.0,117.5,5000,13,13.5,25.3,47.0,30.3,6.05,PG/SG,5000,0,21.0,14.0,103,111,6%,6,10,8,26,28,24,25.3,23.6,12.8,34.5,29.5,29.7,5.9,26.0,20.0,4.0,30.3,6.05,29.7,29.5,5.9,30.0,5.975,26.0,8.0,25.240000000000002,28.599999999999998,34.03846153846153,0.6931090126978907,0.6801044264270242,0.8736970986613808,0.37074112851436186,1.1686330700635306
14,5,Cedi Osman,SF,,2020-03-04,CLE,BOS,4.0,217.0,106.5,4100,18,8.0,14.4,25.3,23.8,5.79,SF/PF,4100,1,17.0,11.0,102,104,-5%,10,10,9,31,31,29,20.8,21.2,13.1,29.4,36.0,24.3,5.9,42.9,24.8,6.0,23.8,5.79,24.3,36.0,5.9,24.05,5.845000000000001,30.333333333333332,9.666666666666666,21.71,15.9,28.542857142857144,0.22768393605351891,1.2361262208037829,0.4865284875881194,0.06768578730266005,1.0847604768622414
14,6,Domantas Sabonis,PF,,2020-03-04,IND,MIL,10.5,222.0,105.8,8700,17,37.8,45.9,55.3,44.8,5.14,PF/C,8700,1,24.0,21.0,107,99,0%,12,13,14,39,33,35,45.8,44.3,35.2,53.4,35.5,46.3,5.3,36.7,37.0,4.3,44.8,5.14,46.3,35.5,5.3,45.55,5.22,35.666666666666664,13.0,44.85,46.333333333333336,45.337149532710285,1.9094720281298203,1.1933553135440322,1.6696964142566457,2.0542865226110956,0.6815268557021946
14,7,Bradley Beal,SG,,2020-03-04,WAS,POR,8.0,243.0,117.5,10600,11,50.8,59.4,70.8,52.0,4.91,SG/SF,10600,0,34.0,23.0,103,111,-2%,24,28,23,37,39,36,59.4,49.2,37.6,60.7,37.5,53.4,5.0,37.5,48.5,4.6,52.0,4.91,53.4,37.5,5.0,52.7,4.955,37.333333333333336,25.0,51.92,60.333333333333336,52.935267857142854,2.4687643471226375,1.364438942583035,2.2049883870183296,2.66125571874898,0.5105558003303352
15,0,Ja Morant,PG,,2020-03-04,MEM,BKN,1.5,223.5,111.0,7200,10,16.5,35.0,59.5,34.8,4.83,PG,7200,1,27.0,18.0,104,106,3%,13,14,14,29,30,30,35.0,34.1,22.6,45.7,32.5,36.0,5.0,28.9,33.8,4.7,34.8,4.83,36.0,32.5,5.0,35.4,4.915,29.666666666666668,13.666666666666666,34.56,37.0,38.78089887640449,1.115511603265892,0.9367298699855282,1.2078046408094214,1.170875910410413,0.4847488485760923
15,1,Kevin Porter Jr.,SG,,2020-03-04,CLE,BOS,4.0,217.0,106.5,5300,2,21.3,33.0,51.5,31.8,5.99,SG/SF,5300,1,21.0,11.0,102,104,-5%,14,14,9,38,35,24,33.0,19.5,10.4,28.7,38.5,33.2,6.3,9.8,6.5,1.2,31.8,5.99,33.2,38.5,6.3,32.5,6.145,32.333333333333336,12.333333333333334,24.82,35.266666666666666,38.69845360824742,0.888665767590484,1.4499807571025363,1.201996322440023,0.3346835525061706,1.2783126150190631
15,2,Duncan Robinson,SG,,2020-03-04,MIA,ORL,-6.5,219.5,113.0,4100,13,14.3,20.9,36.3,22.5,5.49,SG/SF,4100,1,15.0,12.0,100,106,0%,8,9,9,31,32,30,20.9,22.2,13.8,30.7,32.0,23.2,5.7,36.3,34.5,8.4,22.5,5.49,23.2,32.0,5.7,22.85,5.595000000000001,31.0,8.666666666666666,22.089999999999996,23.833333333333332,23.58709677419355,0.1338166937050742,0.8939589627257776,0.13739221055149994,0.10030930845292783,0.923467028398223
15,3,Cedi Osman,SF,,2020-03-04,CLE,BOS,4.0,217.0,106.5,4100,18,8.0,14.4,25.3,23.8,5.79,SF/PF,4100,1,17.0,11.0,102,104,-5%,10,10,9,31,31,29,20.8,21.2,13.1,29.4,36.0,24.3,5.9,42.9,24.8,6.0,23.8,5.79,24.3,36.0,5.9,24.05,5.845000000000001,30.333333333333332,9.666666666666666,21.71,15.9,28.542857142857144,0.22768393605351891,1.2361262208037829,0.4865284875881194,0.06768578730266005,1.0847604768622414
15,4,Brad Wanamaker,PG,,2020-03-04,BOS,CLE,-4.0,217.0,110.5,3500,26,3.5,15.3,28.3,24.5,7.0,PG/SG,3500,0,17.0,12.0,101,114,7%,5,5,6,21,21,20,14.8,15.8,9.3,22.4,31.0,26.1,7.5,29.6,15.0,4.3,24.5,7.0,26.1,31.0,7.5,25.3,7.25,20.666666666666668,5.333333333333333,17.52,15.700000000000001,37.949999999999996,0.3254623134998155,0.8084171482062762,1.1492673188404001,-0.2920314590647707,1.991229657230025
15,5,Domantas Sabonis,PF,,2020-03-04,IND,MIL,10.5,222.0,105.8,8700,17,37.8,45.9,55.3,44.8,5.14,PF/C,8700,1,24.0,21.0,107,99,0%,12,13,14,39,33,35,45.8,44.3,35.2,53.4,35.5,46.3,5.3,36.7,37.0,4.3,44.8,5.14,46.3,35.5,5.3,45.55,5.22,35.666666666666664,13.0,44.85,46.333333333333336,45.337149532710285,1.9094720281298203,1.1933553135440322,1.6696964142566457,2.0542865226110956,0.6815268557021946
15,6,Zion Williamson,PF,,2020-03-04,NO,DAL,6.0,241.0,117.5,8000,18,32.8,41.2,49.0,41.3,5.16,PF/C,8000,0,30.0,26.0,101,109,0%,18,18,16,33,33,30,41.1,37.9,30.9,44.9,32.5,41.8,5.2,34.9,32.0,4.0,41.3,5.16,41.8,32.5,5.2,41.55,5.18,32.0,17.333333333333332,39.27,41.0,42.19921875,1.5965812203016712,0.9367298699855282,1.4486273169690558,1.5752358699308422,0.6557199039479517
15,7,Shabazz Napier,PG,,2020-03-04,WAS,POR,8.0,243.0,117.5,5000,13,13.5,25.3,47.0,30.3,6.05,PG/SG,5000,0,21.0,14.0,103,111,6%,6,10,8,26,28,24,25.3,23.6,12.8,34.5,29.5,29.7,5.9,26.0,20.0,4.0,30.3,6.05,29.7,29.5,5.9,30.0,5.975,26.0,8.0,25.240000000000002,28.599999999999998,34.03846153846153,0.6931090126978907,0.6801044264270242,0.8736970986613808,0.37074112851436186,1.1686330700635306
16,0,Shabazz Napier,PG,,2020-03-04,WAS,POR,8.0,243.0,117.5,5000,13,13.5,25.3,47.0,30.3,6.05,PG/SG,5000,0,21.0,14.0,103,111,6%,6,10,8,26,28,24,25.3,23.6,12.8,34.5,29.5,29.7,5.9,26.0,20.0,4.0,30.3,6.05,29.7,29.5,5.9,30.0,5.975,26.0,8.0,25.240000000000002,28.599999999999998,34.03846153846153,0.6931090126978907,0.6801044264270242,0.8736970986613808,0.37074112851436186,1.1686330700635306
16,1,Collin Sexton,PG,,2020-03-04,CLE,BOS,4.0,217.0,106.5,6600,30,20.5,35.0,50.3,35.0,5.3,PG/SG,6600,1,27.0,16.0,102,104,-5%,17,16,17,38,35,33,35.0,30.6,23.1,38.2,38.5,35.8,5.4,44.8,55.3,8.4,35.0,5.3,35.8,38.5,5.4,35.4,5.35,35.333333333333336,16.666666666666668,32.46,35.266666666666666,38.57264150943396,1.115511603265892,1.4499807571025363,1.1931327849567244,0.9905880303694571,0.7653994489034842
16,2,T.J. Warren,SF,,2020-03-04,IND,MIL,10.5,222.0,105.8,6100,4,15.0,30.0,44.3,32.3,5.29,SF/PF,6100,1,22.0,18.0,107,99,-10%,17,14,14,38,34,33,30.0,29.3,17.9,40.6,36.0,32.2,5.3,32.9,25.0,4.1,32.3,5.29,32.2,36.0,5.3,32.25,5.295,35.0,15.0,30.01,29.766666666666666,33.17142857142857,0.8691100921012247,1.2361262208037829,0.8126141084320663,0.7802521703216755,0.7299148902414003
16,3,Domantas Sabonis,PF,,2020-03-04,IND,MIL,10.5,222.0,105.8,8700,17,37.8,45.9,55.3,44.8,5.14,PF/C,8700,1,24.0,21.0,107,99,0%,12,13,14,39,33,35,45.8,44.3,35.2,53.4,35.5,46.3,5.3,36.7,37.0,4.3,44.8,5.14,46.3,35.5,5.3,45.55,5.22,35.666666666666664,13.0,44.85,46.333333333333336,45.337149532710285,1.9094720281298203,1.1933553135440322,1.6696964142566457,2.0542865226110956,0.6815268557021946
16,4,Anfernee Simons,PG,,2020-03-04,POR,WAS,-8.0,243.0,125.5,3200,21,8.0,13.3,19.5,12.5,3.91,PG/SG,3200,1,19.0,9.0,106,113,6%,8,9,8,19,20,22,13.3,15.6,7.9,23.2,17.0,13.4,4.2,13.7,13.8,4.3,12.5,3.91,13.4,17.0,4.2,12.95,4.055,20.333333333333332,8.333333333333334,14.589999999999998,13.6,10.827049180327869,-0.6405880556695952,-0.38916825506674246,-0.7615607614086243,-0.5435759774076281,-0.07010061414013159
16,5,Kevin Porter Jr.,SG,,2020-03-04,CLE,BOS,4.0,217.0,106.5,5300,2,21.3,33.0,51.5,31.8,5.99,SG/SF,5300,1,21.0,11.0,102,104,-5%,14,14,9,38,35,24,33.0,19.5,10.4,28.7,38.5,33.2,6.3,9.8,6.5,1.2,31.8,5.99,33.2,38.5,6.3,32.5,6.145,32.333333333333336,12.333333333333334,24.82,35.266666666666666,38.69845360824742,0.888665767590484,1.4499807571025363,1.201996322440023,0.3346835525061706,1.2783126150190631
16,6,Nikola Vucevic,C,,2020-03-04,ORL,MIA,6.5,219.5,106.5,8500,16,26.3,41.5,51.3,44.5,5.24,C,8500,1,26.0,22.0,101,107,-5%,20,18,17,34,34,33,41.5,43.3,34.1,52.4,34.0,43.0,5.1,39.9,56.0,6.6,44.5,5.24,43.0,34.0,5.1,43.75,5.17,33.666666666666664,18.333333333333332,43.01,39.699999999999996,44.18316831683168,1.7686711646071536,1.0650425917647803,1.5883977485605287,1.896319999146639,0.6492681660093911
16,7,Brad Wanamaker,PG,,2020-03-04,BOS,CLE,-4.0,217.0,110.5,3500,26,3.5,15.3,28.3,24.5,7.0,PG/SG,3500,0,17.0,12.0,101,114,7%,5,5,6,21,21,20,14.8,15.8,9.3,22.4,31.0,26.1,7.5,29.6,15.0,4.3,24.5,7.0,26.1,31.0,7.5,25.3,7.25,20.666666666666668,5.333333333333333,17.52,15.700000000000001,37.949999999999996,0.3254623134998155,0.8084171482062762,1.1492673188404001,-0.2920314590647707,1.991229657230025
17,0,Brad Wanamaker,PG,,2020-03-04,BOS,CLE,-4.0,217.0,110.5,3500,26,3.5,15.3,28.3,24.5,7.0,PG/SG,3500,0,17.0,12.0,101,114,7%,5,5,6,21,21,20,14.8,15.8,9.3,22.4,31.0,26.1,7.5,29.6,15.0,4.3,24.5,7.0,26.1,31.0,7.5,25.3,7.25,20.666666666666668,5.333333333333333,17.52,15.700000000000001,37.949999999999996,0.3254623134998155,0.8084171482062762,1.1492673188404001,-0.2920314590647707,1.991229657230025
17,1,Kevin Porter Jr.,SG,,2020-03-04,CLE,BOS,4.0,217.0,106.5,5300,2,21.3,33.0,51.5,31.8,5.99,SG/SF,5300,1,21.0,11.0,102,104,-5%,14,14,9,38,35,24,33.0,19.5,10.4,28.7,38.5,33.2,6.3,9.8,6.5,1.2,31.8,5.99,33.2,38.5,6.3,32.5,6.145,32.333333333333336,12.333333333333334,24.82,35.266666666666666,38.69845360824742,0.888665767590484,1.4499807571025363,1.201996322440023,0.3346835525061706,1.2783126150190631
17,2,Cedi Osman,SF,,2020-03-04,CLE,BOS,4.0,217.0,106.5,4100,18,8.0,14.4,25.3,23.8,5.79,SF/PF,4100,1,17.0,11.0,102,104,-5%,10,10,9,31,31,29,20.8,21.2,13.1,29.4,36.0,24.3,5.9,42.9,24.8,6.0,23.8,5.79,24.3,36.0,5.9,24.05,5.845000000000001,30.333333333333332,9.666666666666666,21.71,15.9,28.542857142857144,0.22768393605351891,1.2361262208037829,0.4865284875881194,0.06768578730266005,1.0847604768622414
17,3,T.J. Warren,SF,,2020-03-04,IND,MIL,10.5,222.0,105.8,6100,4,15.0,30.0,44.3,32.3,5.29,SF/PF,6100,1,22.0,18.0,107,99,-10%,17,14,14,38,34,33,30.0,29.3,17.9,40.6,36.0,32.2,5.3,32.9,25.0,4.1,32.3,5.29,32.2,36.0,5.3,32.25,5.295,35.0,15.0,30.01,29.766666666666666,33.17142857142857,0.8691100921012247,1.2361262208037829,0.8126141084320663,0.7802521703216755,0.7299148902414003
17,4,Coby White,PG,,2020-03-04,CHI,MIN,2.0,232.0,115.0,6200,29,34.5,42.6,50.8,31.8,5.12,PG/SG,6200,1,24.0,12.0,106,110,3%,19,20,12,30,32,25,42.6,22.9,12.3,33.6,32.0,36.1,5.8,34.6,37.3,6.0,31.8,5.12,36.1,32.0,5.8,33.95,5.46,29.0,17.0,29.07,42.63333333333333,37.46206896551725,1.0020886854281883,0.8939589627257776,1.1148922861194632,0.6995518811604856,0.8363685662276525
17,5,Doug McDermott,SF,,2020-03-04,IND,MIL,10.5,222.0,105.8,3300,4,5.0,14.2,23.3,11.8,3.56,SF/PF,3300,1,19.0,14.0,107,99,-10%,6,7,8,14,15,20,14.2,16.2,8.6,23.8,16.0,12.9,3.9,18.9,24.3,7.4,11.8,3.56,12.9,16.0,3.9,12.350000000000001,3.73,16.333333333333332,7.0,15.030000000000001,14.166666666666666,12.097959183673472,-0.6875216768438174,-0.47471006958624384,-0.6720243928177558,-0.5058013739704752,-0.27978209714335545
17,6,Nikola Vucevic,C,,2020-03-04,ORL,MIA,6.5,219.5,106.5,8500,16,26.3,41.5,51.3,44.5,5.24,C,8500,1,26.0,22.0,101,107,-5%,20,18,17,34,34,33,41.5,43.3,34.1,52.4,34.0,43.0,5.1,39.9,56.0,6.6,44.5,5.24,43.0,34.0,5.1,43.75,5.17,33.666666666666664,18.333333333333332,43.01,39.699999999999996,44.18316831683168,1.7686711646071536,1.0650425917647803,1.5883977485605287,1.896319999146639,0.6492681660093911
17,7,Bradley Beal,SG,,2020-03-04,WAS,POR,8.0,243.0,117.5,10600,11,50.8,59.4,70.8,52.0,4.91,SG/SF,10600,0,34.0,23.0,103,111,-2%,24,28,23,37,39,36,59.4,49.2,37.6,60.7,37.5,53.4,5.0,37.5,48.5,4.6,52.0,4.91,53.4,37.5,5.0,52.7,4.955,37.333333333333336,25.0,51.92,60.333333333333336,52.935267857142854,2.4687643471226375,1.364438942583035,2.2049883870183296,2.66125571874898,0.5105558003303352
18,0,Markelle Fultz,PG,,2020-03-04,ORL,MIA,6.5,219.5,106.5,5200,11,17.3,24.4,28.8,26.5,5.1,PG/SG,5200,1,22.0,14.0,101,107,-7%,10,9,11,27,29,29,24.4,26.4,18.6,34.3,30.0,26.2,5.0,31.1,24.5,4.7,26.5,5.1,26.2,30.0,5.0,26.35,5.05,28.333333333333332,10.0,26.009999999999998,23.5,27.900000000000002,0.4075961505547047,0.7228753336867749,0.44123881802646014,0.4368466845293786,0.5718473107466622
18,1,Collin Sexton,PG,,2020-03-04,CLE,BOS,4.0,217.0,106.5,6600,30,20.5,35.0,50.3,35.0,5.3,PG/SG,6600,1,27.0,16.0,102,104,-5%,17,16,17,38,35,33,35.0,30.6,23.1,38.2,38.5,35.8,5.4,44.8,55.3,8.4,35.0,5.3,35.8,38.5,5.4,35.4,5.35,35.333333333333336,16.666666666666668,32.46,35.266666666666666,38.57264150943396,1.115511603265892,1.4499807571025363,1.1931327849567244,0.9905880303694571,0.7653994489034842
18,2,Kevin Porter Jr.,SG,,2020-03-04,CLE,BOS,4.0,217.0,106.5,5300,2,21.3,33.0,51.5,31.8,5.99,SG/SF,5300,1,21.0,11.0,102,104,-5%,14,14,9,38,35,24,33.0,19.5,10.4,28.7,38.5,33.2,6.3,9.8,6.5,1.2,31.8,5.99,33.2,38.5,6.3,32.5,6.145,32.333333333333336,12.333333333333334,24.82,35.266666666666666,38.69845360824742,0.888665767590484,1.4499807571025363,1.201996322440023,0.3346835525061706,1.2783126150190631
18,3,Robert Williams,PF,,2020-03-04,BOS,CLE,-4.0,217.0,110.5,3100,7,,,,6.5,2.1,PF/C,3100,0,,,101,114,4%,2,3,3,11,13,14,13.4,14.9,7.5,22.4,0.0,0.0,0.0,14.3,20.3,6.5,6.5,2.1,0.0,0.0,0.0,3.25,1.05,12.666666666666666,2.6666666666666665,12.290000000000001,,0.0,-1.3993482646528568,-1.8433791018982653,-1.524332840949554,-0.7410341317381983,-2.0088478646776338
18,4,Jrue Holiday,PG,,2020-03-04,NO,DAL,6.0,241.0,117.5,8300,27,28.3,43.7,60.0,40.5,4.88,PG/SG,8300,0,26.0,17.0,101,109,-3%,13,16,17,38,37,36,43.9,41.0,30.5,51.5,36.5,40.4,4.9,37.3,39.5,4.8,40.5,4.88,40.4,36.5,4.9,40.45,4.890000000000001,37.0,15.333333333333334,41.470000000000006,44.0,39.90337837837838,1.5105362481489306,1.2788971280635335,1.2868839919514063,1.7641088871166055,0.46861950372969075
18,5,Domantas Sabonis,PF,,2020-03-04,IND,MIL,10.5,222.0,105.8,8700,17,37.8,45.9,55.3,44.8,5.14,PF/C,8700,1,24.0,21.0,107,99,0%,12,13,14,39,33,35,45.8,44.3,35.2,53.4,35.5,46.3,5.3,36.7,37.0,4.3,44.8,5.14,46.3,35.5,5.3,45.55,5.22,35.666666666666664,13.0,44.85,46.333333333333336,45.337149532710285,1.9094720281298203,1.1933553135440322,1.6696964142566457,2.0542865226110956,0.6815268557021946
18,6,Zion Williamson,PF,,2020-03-04,NO,DAL,6.0,241.0,117.5,8000,18,32.8,41.2,49.0,41.3,5.16,PF/C,8000,0,30.0,26.0,101,109,0%,18,18,16,33,33,30,41.1,37.9,30.9,44.9,32.5,41.8,5.2,34.9,32.0,4.0,41.3,5.16,41.8,32.5,5.2,41.55,5.18,32.0,17.333333333333332,39.27,41.0,42.19921875,1.5965812203016712,0.9367298699855282,1.4486273169690558,1.5752358699308422,0.6557199039479517
18,7,Brad Wanamaker,PG,,2020-03-04,BOS,CLE,-4.0,217.0,110.5,3500,26,3.5,15.3,28.3,24.5,7.0,PG/SG,3500,0,17.0,12.0,101,114,7%,5,5,6,21,21,20,14.8,15.8,9.3,22.4,31.0,26.1,7.5,29.6,15.0,4.3,24.5,7.0,26.1,31.0,7.5,25.3,7.25,20.666666666666668,5.333333333333333,17.52,15.700000000000001,37.949999999999996,0.3254623134998155,0.8084171482062762,1.1492673188404001,-0.2920314590647707,1.991229657230025
19,0,Brad Wanamaker,PG,,2020-03-04,BOS,CLE,-4.0,217.0,110.5,3500,26,3.5,15.3,28.3,24.5,7.0,PG/SG,3500,0,17.0,12.0,101,114,7%,5,5,6,21,21,20,14.8,15.8,9.3,22.4,31.0,26.1,7.5,29.6,15.0,4.3,24.5,7.0,26.1,31.0,7.5,25.3,7.25,20.666666666666668,5.333333333333333,17.52,15.700000000000001,37.949999999999996,0.3254623134998155,0.8084171482062762,1.1492673188404001,-0.2920314590647707,1.991229657230025
19,1,Coby White,PG,,2020-03-04,CHI,MIN,2.0,232.0,115.0,6200,29,34.5,42.6,50.8,31.8,5.12,PG/SG,6200,1,24.0,12.0,106,110,3%,19,20,12,30,32,25,42.6,22.9,12.3,33.6,32.0,36.1,5.8,34.6,37.3,6.0,31.8,5.12,36.1,32.0,5.8,33.95,5.46,29.0,17.0,29.07,42.63333333333333,37.46206896551725,1.0020886854281883,0.8939589627257776,1.1148922861194632,0.6995518811604856,0.8363685662276525
19,2,T.J. Warren,SF,,2020-03-04,IND,MIL,10.5,222.0,105.8,6100,4,15.0,30.0,44.3,32.3,5.29,SF/PF,6100,1,22.0,18.0,107,99,-10%,17,14,14,38,34,33,30.0,29.3,17.9,40.6,36.0,32.2,5.3,32.9,25.0,4.1,32.3,5.29,32.2,36.0,5.3,32.25,5.295,35.0,15.0,30.01,29.766666666666666,33.17142857142857,0.8691100921012247,1.2361262208037829,0.8126141084320663,0.7802521703216755,0.7299148902414003
19,3,Cedi Osman,SF,,2020-03-04,CLE,BOS,4.0,217.0,106.5,4100,18,8.0,14.4,25.3,23.8,5.79,SF/PF,4100,1,17.0,11.0,102,104,-5%,10,10,9,31,31,29,20.8,21.2,13.1,29.4,36.0,24.3,5.9,42.9,24.8,6.0,23.8,5.79,24.3,36.0,5.9,24.05,5.845000000000001,30.333333333333332,9.666666666666666,21.71,15.9,28.542857142857144,0.22768393605351891,1.2361262208037829,0.4865284875881194,0.06768578730266005,1.0847604768622414
19,4,Jimmy Butler,SG,,2020-03-04,MIA,ORL,-6.5,219.5,113.0,7800,13,36.5,39.3,45.5,38.0,4.87,SG/SF,7800,1,26.0,23.0,100,106,-2%,14,14,14,36,35,35,39.3,42.6,33.3,51.9,34.0,41.1,5.3,33.7,36.3,4.7,38.0,4.87,41.1,34.0,5.3,39.55,5.085,35.333333333333336,14.0,41.330000000000005,40.43333333333333,38.057547169811315,1.4401358163875966,1.0650425917647803,1.1568440811695833,1.7520896951138751,0.5944283935316248
19,5,Bradley Beal,SG,,2020-03-04,WAS,POR,8.0,243.0,117.5,10600,11,50.8,59.4,70.8,52.0,4.91,SG/SF,10600,0,34.0,23.0,103,111,-2%,24,28,23,37,39,36,59.4,49.2,37.6,60.7,37.5,53.4,5.0,37.5,48.5,4.6,52.0,4.91,53.4,37.5,5.0,52.7,4.955,37.333333333333336,25.0,51.92,60.333333333333336,52.935267857142854,2.4687643471226375,1.364438942583035,2.2049883870183296,2.66125571874898,0.5105558003303352
19,6,Khem Birch,PF,,2020-03-04,ORL,MIA,6.5,219.5,106.5,3500,28,0.0,5.9,15.0,5.3,1.5,PF/C,3500,1,9.0,10.0,101,107,-5%,3,1,3,8,11,20,5.8,13.0,4.3,21.7,0.0,0.0,0.0,0.0,0.0,0.0,5.3,1.5,0.0,0.0,0.0,2.65,0.75,13.0,2.3333333333333335,9.489999999999998,6.966666666666666,0.0,-1.4462818858270794,-1.8433791018982653,-1.524332840949554,-0.9814179717928061,-2.202400002834456
19,7,Shabazz Napier,PG,,2020-03-04,WAS,POR,8.0,243.0,117.5,5000,13,13.5,25.3,47.0,30.3,6.05,PG/SG,5000,0,21.0,14.0,103,111,6%,6,10,8,26,28,24,25.3,23.6,12.8,34.5,29.5,29.7,5.9,26.0,20.0,4.0,30.3,6.05,29.7,29.5,5.9,30.0,5.975,26.0,8.0,25.240000000000002,28.599999999999998,34.03846153846153,0.6931090126978907,0.6801044264270242,0.8736970986613808,0.37074112851436186,1.1686330700635306
20,0,T.J. McConnell,PG,,2020-03-04,IND,MIL,10.5,222.0,105.8,3200,3,1.0,9.7,13.5,14.8,4.61,PG,3200,1,19.0,16.0,107,99,-1%,4,3,6,15,17,19,11.7,18.7,10.6,26.8,17.0,14.8,4.6,29.7,30.0,9.4,14.8,4.61,14.8,17.0,4.6,14.8,4.605,17.0,4.333333333333333,16.52,8.066666666666666,14.8,-0.49587605704907606,-0.38916825506674246,-0.4816640039300197,-0.3778828305128448,0.28474497248070957
20,1,Anfernee Simons,PG,,2020-03-04,POR,WAS,-8.0,243.0,125.5,3200,21,8.0,13.3,19.5,12.5,3.91,PG/SG,3200,1,19.0,9.0,106,113,6%,8,9,8,19,20,22,13.3,15.6,7.9,23.2,17.0,13.4,4.2,13.7,13.8,4.3,12.5,3.91,13.4,17.0,4.2,12.95,4.055,20.333333333333332,8.333333333333334,14.589999999999998,13.6,10.827049180327869,-0.6405880556695952,-0.38916825506674246,-0.7615607614086243,-0.5435759774076281,-0.07010061414013159
20,2,Doug McDermott,SF,,2020-03-04,IND,MIL,10.5,222.0,105.8,3300,4,5.0,14.2,23.3,11.8,3.56,SF/PF,3300,1,19.0,14.0,107,99,-10%,6,7,8,14,15,20,14.2,16.2,8.6,23.8,16.0,12.9,3.9,18.9,24.3,7.4,11.8,3.56,12.9,16.0,3.9,12.350000000000001,3.73,16.333333333333332,7.0,15.030000000000001,14.166666666666666,12.097959183673472,-0.6875216768438174,-0.47471006958624384,-0.6720243928177558,-0.5058013739704752,-0.27978209714335545
20,3,Cedi Osman,SF,,2020-03-04,CLE,BOS,4.0,217.0,106.5,4100,18,8.0,14.4,25.3,23.8,5.79,SF/PF,4100,1,17.0,11.0,102,104,-5%,10,10,9,31,31,29,20.8,21.2,13.1,29.4,36.0,24.3,5.9,42.9,24.8,6.0,23.8,5.79,24.3,36.0,5.9,24.05,5.845000000000001,30.333333333333332,9.666666666666666,21.71,15.9,28.542857142857144,0.22768393605351891,1.2361262208037829,0.4865284875881194,0.06768578730266005,1.0847604768622414
20,4,Bradley Beal,SG,,2020-03-04,WAS,POR,8.0,243.0,117.5,10600,11,50.8,59.4,70.8,52.0,4.91,SG/SF,10600,0,34.0,23.0,103,111,-2%,24,28,23,37,39,36,59.4,49.2,37.6,60.7,37.5,53.4,5.0,37.5,48.5,4.6,52.0,4.91,53.4,37.5,5.0,52.7,4.955,37.333333333333336,25.0,51.92,60.333333333333336,52.935267857142854,2.4687643471226375,1.364438942583035,2.2049883870183296,2.66125571874898,0.5105558003303352
20,5,Kevin Porter Jr.,SG,,2020-03-04,CLE,BOS,4.0,217.0,106.5,5300,2,21.3,33.0,51.5,31.8,5.99,SG/SF,5300,1,21.0,11.0,102,104,-5%,14,14,9,38,35,24,33.0,19.5,10.4,28.7,38.5,33.2,6.3,9.8,6.5,1.2,31.8,5.99,33.2,38.5,6.3,32.5,6.145,32.333333333333336,12.333333333333334,24.82,35.266666666666666,38.69845360824742,0.888665767590484,1.4499807571025363,1.201996322440023,0.3346835525061706,1.2783126150190631
20,6,Nikola Vucevic,C,,2020-03-04,ORL,MIA,6.5,219.5,106.5,8500,16,26.3,41.5,51.3,44.5,5.24,C,8500,1,26.0,22.0,101,107,-5%,20,18,17,34,34,33,41.5,43.3,34.1,52.4,34.0,43.0,5.1,39.9,56.0,6.6,44.5,5.24,43.0,34.0,5.1,43.75,5.17,33.666666666666664,18.333333333333332,43.01,39.699999999999996,44.18316831683168,1.7686711646071536,1.0650425917647803,1.5883977485605287,1.896319999146639,0.6492681660093911
20,7,Shabazz Napier,PG,,2020-03-04,WAS,POR,8.0,243.0,117.5,5000,13,13.5,25.3,47.0,30.3,6.05,PG/SG,5000,0,21.0,14.0,103,111,6%,6,10,8,26,28,24,25.3,23.6,12.8,34.5,29.5,29.7,5.9,26.0,20.0,4.0,30.3,6.05,29.7,29.5,5.9,30.0,5.975,26.0,8.0,25.240000000000002,28.599999999999998,34.03846153846153,0.6931090126978907,0.6801044264270242,0.8736970986613808,0.37074112851436186,1.1686330700635306
21,0,Jrue Holiday,PG,,2020-03-04,NO,DAL,6.0,241.0,117.5,8300,27,28.3,43.7,60.0,40.5,4.88,PG/SG,8300,0,26.0,17.0,101,109,-3%,13,16,17,38,37,36,43.9,41.0,30.5,51.5,36.5,40.4,4.9,37.3,39.5,4.8,40.5,4.88,40.4,36.5,4.9,40.45,4.890000000000001,37.0,15.333333333333334,41.470000000000006,44.0,39.90337837837838,1.5105362481489306,1.2788971280635335,1.2868839919514063,1.7641088871166055,0.46861950372969075
21,1,Pat Connaughton,SG,,2020-03-04,MIL,IND,-10.5,222.0,116.3,3100,10,6.0,14.4,25.5,16.8,5.4,SG/SF,3100,1,12.0,12.0,101,105,-1%,5,4,4,21,17,19,14.4,15.1,8.1,22.1,20.0,16.1,5.2,18.9,16.0,5.2,16.8,5.4,16.1,20.0,5.2,16.450000000000003,5.300000000000001,19.0,4.333333333333333,15.23,15.299999999999999,17.315789473684212,-0.36680859881996436,-0.13254281150823846,-0.3044251333413505,-0.4886310996808604,0.7331407592106812
21,2,Denzel Valentine,SG,,2020-03-04,CHI,MIN,2.0,232.0,115.0,3800,19,7.3,15.8,27.5,20.5,5.39,SG/SF,3800,1,23.0,13.0,106,110,6%,12,9,6,16,17,12,15.8,12.3,3.5,21.1,22.0,24.2,6.4,18.0,15.5,4.1,20.5,5.39,24.2,22.0,6.4,22.35,5.895,15.0,9.0,15.010000000000002,16.866666666666667,32.78,0.09470534272655556,0.0385408175307642,0.7850377318545227,-0.5075184013994366,1.1170191665550446
21,3,Jae Crowder,PF,,2020-03-04,MIA,ORL,-6.5,219.5,113.0,5100,27,19.3,25.9,33.8,24.8,4.85,PF,5100,1,16.0,12.0,100,106,-1%,10,10,9,29,32,30,25.9,26.4,16.0,36.9,29.0,24.6,4.8,32.1,21.8,4.3,24.8,4.85,24.6,29.0,4.8,24.700000000000003,4.824999999999999,30.333333333333332,9.666666666666666,25.979999999999997,26.333333333333332,23.614285714285717,0.2785286923255933,0.6373335191672735,0.13930768761539813,0.4342711433859363,0.4266832071290451
21,4,Shai Gilgeous-Alexander,SG,,2020-03-04,OKC,DET,-7.5,210.5,109.0,7400,6,17.3,34.2,46.3,35.8,4.83,SG/SF,7400,0,23.0,17.0,100,110,-7%,14,13,15,36,35,36,38.2,36.0,26.2,45.7,35.5,35.3,4.8,34.5,42.5,5.7,35.8,4.83,35.3,35.5,4.8,35.55,4.8149999999999995,35.666666666666664,14.0,36.33,32.6,35.38387850467289,1.1272450085594474,1.1933553135440322,0.9684825272739449,1.3228328378735037,0.42023146919048454
21,5,Dorian Finney-Smith,SF,,2020-03-04,DAL,NO,-6.0,241.0,123.5,4700,11,9.8,24.5,34.3,22.5,4.79,SF/PF,4700,1,13.0,12.0,106,109,4%,8,6,7,32,30,30,24.1,21.8,14.0,29.6,31.0,23.3,5.0,9.4,2.0,0.4,22.5,4.79,23.3,31.0,5.0,22.9,4.895,30.666666666666668,7.0,22.48,22.866666666666664,23.14891304347826,0.13772782880292586,0.8084171482062762,0.10652190508489227,0.1337913433176771,0.4718453726989705
21,6,Myles Turner,C,,2020-03-04,IND,MIL,10.5,222.0,105.8,5500,7,23.8,33.2,42.0,30.0,5.45,C,5500,1,17.0,15.0,107,99,0%,10,10,9,33,31,30,33.2,27.9,18.7,37.2,31.5,29.7,5.4,30.5,16.8,3.1,30.0,5.45,29.7,31.5,5.4,29.85,5.425000000000001,31.333333333333332,9.666666666666666,29.370000000000005,33.0,30.00877659574468,0.6813756074043352,0.8511880554660269,0.5898033883385626,0.7253072925949082,0.8137874834426905
21,7,D.J. Augustin,PG,,2020-03-04,ORL,MIA,6.5,219.5,106.5,3100,11,7.3,15.5,23.0,14.8,4.76,PG,3100,1,20.0,14.0,101,107,-7%,8,8,8,21,22,26,18.5,21.8,13.2,30.5,20.5,16.4,5.3,16.9,8.0,2.6,14.8,4.76,16.4,20.5,5.3,15.6,5.029999999999999,23.0,8.0,19.919999999999998,15.266666666666666,13.904347826086957,-0.4332978954834463,-0.0897719042484878,-0.5447632343724474,-0.08598816758939289,0.5589438348695404
22,0,CJ McCollum,PG,,2020-03-04,POR,WAS,-8.0,243.0,125.5,8600,21,43.3,57.3,76.3,41.0,4.77,PG/SG,8600,1,27.0,17.0,106,113,6%,25,26,20,37,39,37,57.3,38.0,26.1,50.0,36.0,41.6,4.8,33.3,39.5,4.6,41.0,4.77,41.6,36.0,4.8,41.3,4.785,37.666666666666664,23.666666666666668,42.54,58.96666666666666,39.47256637168142,1.577025544812412,1.2361262208037829,1.2565330288435164,1.8559698545660441,0.4008762553748027
22,1,Dennis Schroder,PG,,2020-03-04,OKC,DET,-7.5,210.5,109.0,5900,17,10.8,24.7,32.0,28.0,4.75,PG/SG,5900,0,27.0,17.0,100,110,4%,16,13,15,31,30,31,27.3,31.3,21.8,40.8,30.0,28.8,4.9,30.2,40.3,6.8,28.0,4.75,28.8,30.0,4.9,28.4,4.825,30.666666666666668,14.666666666666666,29.919999999999998,22.5,27.78260869565217,0.5679526895666309,0.7228753336867749,0.43296853054128703,0.7725255468913484,0.4266832071290457
22,2,Sterling Brown,SG,,2020-03-04,MIL,IND,-10.5,222.0,116.3,3000,10,0.0,5.7,16.5,12.8,4.25,SG/SF,3000,1,16.0,9.0,101,105,-1%,2,3,5,11,11,14,5.7,12.0,2.7,21.3,15.0,11.8,3.9,13.2,10.8,3.6,12.8,4.25,11.8,15.0,3.9,12.3,4.075,12.0,3.3333333333333335,10.8,7.3999999999999995,15.375000000000002,-0.6914328119416693,-0.5602518841057451,-0.4411549105998688,-0.8689526751958289,-0.05719713826300981
22,3,James Johnson,PF,,2020-03-04,MIN,CHI,-2.0,232.0,117.0,4700,21,11.0,27.9,38.0,23.5,5.0,PF/C,4700,0,17.0,13.0,102,108,8%,9,10,7,23,24,20,27.9,19.1,7.6,30.6,23.5,24.1,5.1,21.8,29.5,6.3,23.5,5.0,24.1,23.5,5.1,23.8,5.05,22.333333333333332,8.666666666666666,21.799999999999997,25.633333333333336,25.043283582089554,0.2081282605642596,0.1668535393100162,0.2399814406509671,0.0754124107329864,0.5718473107466622
22,4,Malcolm Brogdon,PG,,2020-03-04,IND,MIL,10.5,222.0,105.8,7000,3,24.8,35.1,43.5,37.0,5.29,PG,7000,1,27.0,18.0,107,99,-1%,14,14,15,35,33,33,35.1,36.8,27.8,45.7,35.0,36.5,5.2,10.8,11.5,1.6,37.0,5.29,36.5,35.0,5.2,36.75,5.245,33.666666666666664,14.333333333333334,36.43,34.46666666666667,38.20544554455446,1.2211122509078924,1.1505844062842816,1.167263609979753,1.3314179750183113,0.6976562005485968
22,5,Josh Jackson,SF,,2020-03-04,MEM,BKN,1.5,223.5,111.0,4700,7,5.5,21.6,37.8,20.3,4.31,SF/PF,4700,1,,,104,106,-13%,9,9,8,20,23,21,21.6,19.3,10.4,28.2,23.5,20.0,4.3,16.7,26.0,5.5,20.3,4.31,20.0,23.5,4.3,20.15,4.305,21.333333333333332,8.666666666666666,19.93,21.633333333333336,22.196484374999997,-0.07738460157892671,0.1668535393100162,0.039422736699331905,-0.08512965387491202,0.09119283432388692
22,6,Ian Mahinmi,C,,2020-03-04,WAS,POR,8.0,243.0,117.5,3000,14,4.5,13.4,19.8,6.8,2.25,C,3000,0,16.0,14.0,103,111,5%,5,5,6,17,21,22,17.9,20.5,11.6,29.4,0.0,0.0,0.0,0.0,0.0,0.0,6.8,2.25,0.0,0.0,0.0,3.4,1.125,20.0,5.333333333333333,16.56,12.566666666666668,0.0,-1.3876148593593014,-1.8433791018982653,-1.524332840949554,-0.37444877565492196,-1.9604598301384284
22,7,Pat Connaughton,SG,,2020-03-04,MIL,IND,-10.5,222.0,116.3,3100,10,6.0,14.4,25.5,16.8,5.4,SG/SF,3100,1,12.0,12.0,101,105,-1%,5,4,4,21,17,19,14.4,15.1,8.1,22.1,20.0,16.1,5.2,18.9,16.0,5.2,16.8,5.4,16.1,20.0,5.2,16.450000000000003,5.300000000000001,19.0,4.333333333333333,15.23,15.299999999999999,17.315789473684212,-0.36680859881996436,-0.13254281150823846,-0.3044251333413505,-0.4886310996808604,0.7331407592106812
23,0,Ryan Arcidiacono,PG,,2020-03-04,CHI,MIN,2.0,232.0,115.0,3300,29,8.3,16.5,24.8,13.5,4.09,PG/SG,3300,1,13.0,9.0,106,110,3%,5,6,4,20,23,16,16.5,10.5,4.0,17.1,20.5,14.4,4.4,22.9,21.3,6.5,13.5,4.09,14.4,20.5,4.4,13.95,4.245,19.666666666666668,5.0,12.41,16.533333333333335,14.541101694915254,-0.5623653537125579,-0.0897719042484878,-0.49990354411036036,-0.7307319671644295,0.05248240669252273
23,1,Melvin Frazier Jr.,SG,,2020-03-04,ORL,MIA,6.5,219.5,106.5,3000,25,-0.5,3.4,11.3,5.8,1.92,SG,3000,1,,,101,107,0%,0,1,1,2,3,3,2.5,2.5,-0.5,5.5,0.0,0.0,0.0,0.0,0.0,0.0,5.8,1.92,0.0,0.0,0.0,2.9,0.96,2.6666666666666665,0.6666666666666666,2.58,4.733333333333333,0.0,-1.42672621033782,-1.8433791018982653,-1.524332840949554,-1.5746509484989983,-2.0669135061246804
23,2,Svi Mykhailiuk,SG,,2020-03-04,DET,OKC,7.5,210.5,101.5,3900,20,9.3,17.4,26.0,21.3,5.45,SG/SF,3900,2,17.0,11.0,101,107,-2%,13,9,7,35,26,22,17.4,15.6,6.5,24.6,30.0,21.0,5.4,23.6,23.3,6.0,21.3,5.45,21.0,30.0,5.4,21.15,5.425000000000001,27.666666666666668,9.666666666666666,17.05,17.566666666666666,22.933734939759034,0.0008381003781105898,0.7228753336867749,0.09136247919590625,-0.33238160364536545,0.8137874834426905
23,3,Taurean Prince,PF,,2020-03-04,BKN,MEM,-1.5,223.5,112.5,4700,9,11.0,18.3,28.3,24.5,5.21,PF,4700,0,20.0,10.0,105,108,3%,9,10,12,25,27,30,21.4,25.9,17.0,34.9,25.0,22.6,4.8,24.8,21.3,4.5,24.5,5.21,22.6,25.0,4.8,23.55,5.005,27.333333333333332,10.333333333333334,24.549999999999997,19.2,21.539634146341466,0.18857258507500027,0.2951662610892682,-0.006852754112249539,0.3115036822151903,0.5428144900231389
23,4,Jimmy Butler,SG,,2020-03-04,MIA,ORL,-6.5,219.5,113.0,7800,13,36.5,39.3,45.5,38.0,4.87,SG/SF,7800,1,26.0,23.0,100,106,-2%,14,14,14,36,35,35,39.3,42.6,33.3,51.9,34.0,41.1,5.3,33.7,36.3,4.7,38.0,4.87,41.1,34.0,5.3,39.55,5.085,35.333333333333336,14.0,41.330000000000005,40.43333333333333,38.057547169811315,1.4401358163875966,1.0650425917647803,1.1568440811695833,1.7520896951138751,0.5944283935316248
23,5,Abdel Nader,PF,,2020-03-04,OKC,DET,-7.5,210.5,109.0,3100,20,11.0,17.4,21.5,12.0,3.87,PF,3100,0,16.0,11.0,100,110,-4%,7,6,4,23,20,15,17.4,10.6,3.4,17.8,16.5,11.5,3.7,14.8,12.3,4.0,12.0,3.87,11.5,16.5,3.7,11.75,3.785,19.333333333333332,5.666666666666667,12.19,16.633333333333333,10.028017241379311,-0.7344552980180399,-0.43193916232649315,-0.8178530386062564,-0.7496192688830059,-0.2442975384812713
23,6,D.J. Wilson,PF,,2020-03-04,MIL,IND,-10.5,222.0,116.3,3000,29,0.0,5.4,16.5,6.5,2.17,PF/C,3000,1,,,101,105,-6%,4,3,3,8,5,9,5.3,6.9,0.1,13.8,0.0,0.0,0.0,0.0,0.0,0.0,6.5,2.17,0.0,0.0,0.0,3.25,1.085,7.333333333333333,3.3333333333333335,5.87,7.3,0.0,-1.3993482646528568,-1.8433791018982653,-1.524332840949554,-1.2921999364348342,-1.9862667818926714
23,7,Kendrick Nunn,PG,,2020-03-04,MIA,ORL,-6.5,219.5,113.0,5400,28,23.3,30.2,36.0,28.0,5.19,PG/SG,5400,1,23.0,14.0,100,106,0%,13,15,14,34,31,30,30.2,27.1,17.7,36.5,31.5,27.8,5.1,22.8,16.3,3.0,28.0,5.19,27.8,31.5,5.1,27.9,5.145,31.666666666666668,14.0,27.880000000000003,29.833333333333332,27.75315789473684,0.5288413385881123,0.8511880554660269,0.4308937040318493,0.5973887491372777,0.633138821162989
24,0,Delon Wright,PG,,2020-03-04,DAL,NO,-6.0,241.0,123.5,4600,25,6.0,17.1,28.0,21.5,4.67,PG/SG,4600,1,16.0,16.0,106,109,6%,6,6,6,29,24,22,17.1,20.5,11.9,29.1,25.5,24.6,5.3,24.9,25.8,5.6,21.5,4.67,24.6,25.5,5.3,23.05,4.984999999999999,25.0,6.0,20.330000000000002,17.033333333333335,23.511000000000003,0.1494612340964816,0.3379371683490189,0.13203114737249153,-0.050789105295682174,0.529911014146017
24,1,Andre Iguodala,SG,,2020-03-04,MIA,ORL,-6.5,219.5,113.0,3200,13,9.3,12.9,20.3,13.5,4.22,SG/SF,3200,1,,,100,106,-4%,3,3,4,12,16,18,12.8,13.8,8.4,19.2,14.5,11.2,3.5,15.9,14.8,4.6,13.5,4.22,11.2,14.5,3.5,12.35,3.86,15.333333333333334,3.3333333333333335,13.309999999999999,14.166666666666666,11.678804347826086,-0.6875216768438175,-0.6030227913654959,-0.7015541012788442,-0.6534657328611629,-0.1959095039420659
24,2,Romeo Langford,SG,,2020-03-04,BOS,CLE,-4.0,217.0,110.5,3000,8,2.5,4.1,5.5,10.0,3.33,SG/SF,3000,0,,,101,114,7%,2,3,2,9,13,11,4.1,5.3,-1.5,12.0,15.0,9.4,3.1,13.4,6.5,2.2,10.0,3.33,9.4,15.0,3.1,9.7,3.215,11.0,2.3333333333333335,5.92,4.033333333333333,13.227272727272727,-0.8948118370299664,-0.5602518841057451,-0.5924635793626852,-1.2879073678624307,-0.6120466009792337
24,3,Abdel Nader,PF,,2020-03-04,OKC,DET,-7.5,210.5,109.0,3100,20,11.0,17.4,21.5,12.0,3.87,PF,3100,0,16.0,11.0,100,110,-4%,7,6,4,23,20,15,17.4,10.6,3.4,17.8,16.5,11.5,3.7,14.8,12.3,4.0,12.0,3.87,11.5,16.5,3.7,11.75,3.785,19.333333333333332,5.666666666666667,12.19,16.633333333333333,10.028017241379311,-0.7344552980180399,-0.43193916232649315,-0.8178530386062564,-0.7496192688830059,-0.2442975384812713
24,4,Michael Carter-Williams,PG,,2020-03-04,ORL,MIA,6.5,219.5,106.5,3300,11,8.0,15.1,24.3,18.0,5.45,PG/SG,3300,1,19.0,15.0,101,107,-7%,6,5,6,20,18,18,15.1,17.5,9.9,25.0,18.5,16.8,5.1,17.2,16.3,4.9,18.0,5.45,16.8,18.5,5.1,17.4,5.275,18.666666666666668,5.666666666666667,16.98,15.800000000000002,17.244642857142857,-0.29249703196077925,-0.26085553328749045,-0.3094374549580431,-0.33839119964673064,0.7170114143642792
24,5,Kelan Martin,SF,,2020-03-04,MIN,CHI,-2.0,232.0,117.0,3100,24,6.5,12.6,25.0,9.8,3.15,SF/PF,3100,0,17.0,9.0,102,108,8%,5,5,6,10,13,17,12.6,12.7,4.1,21.4,11.0,10.0,3.2,8.7,11.8,3.8,9.8,3.15,10.0,11.0,3.2,9.9,3.175,13.333333333333334,5.333333333333333,12.139999999999999,14.700000000000001,8.1675,-0.8791672966385589,-0.9024191421837505,-0.9489275891686725,-0.7539118374554097,-0.6378535527334767
24,6,James Johnson,PF,,2020-03-04,MIN,CHI,-2.0,232.0,117.0,4700,21,11.0,27.9,38.0,23.5,5.0,PF/C,4700,0,17.0,13.0,102,108,8%,9,10,7,23,24,20,27.9,19.1,7.6,30.6,23.5,24.1,5.1,21.8,29.5,6.3,23.5,5.0,24.1,23.5,5.1,23.8,5.05,22.333333333333332,8.666666666666666,21.799999999999997,25.633333333333336,25.043283582089554,0.2081282605642596,0.1668535393100162,0.2399814406509671,0.0754124107329864,0.5718473107466622
24,7,Myles Turner,C,,2020-03-04,IND,MIL,10.5,222.0,105.8,5500,7,23.8,33.2,42.0,30.0,5.45,C,5500,1,17.0,15.0,107,99,0%,10,10,9,33,31,30,33.2,27.9,18.7,37.2,31.5,29.7,5.4,30.5,16.8,3.1,30.0,5.45,29.7,31.5,5.4,29.85,5.425000000000001,31.333333333333332,9.666666666666666,29.370000000000005,33.0,30.00877659574468,0.6813756074043352,0.8511880554660269,0.5898033883385626,0.7253072925949082,0.8137874834426905
25,0,Donte DiVincenzo,PG,,2020-03-04,MIL,IND,-10.5,222.0,116.3,4300,8,18.5,22.6,28.5,23.5,5.47,PG/SG,4300,1,17.0,14.0,101,105,-1%,6,6,8,27,25,24,22.6,22.4,15.3,29.5,26.5,23.8,5.5,23.3,40.8,9.5,23.5,5.47,23.8,26.5,5.5,23.65,5.484999999999999,25.333333333333332,6.666666666666667,22.689999999999998,23.2,24.739144736842103,0.19639485527070383,0.4234789828685202,0.21855467740322226,0.15182013132177244,0.852497911074054
25,1,Shai Gilgeous-Alexander,SG,,2020-03-04,OKC,DET,-7.5,210.5,109.0,7400,6,17.3,34.2,46.3,35.8,4.83,SG/SF,7400,0,23.0,17.0,100,110,-7%,14,13,15,36,35,36,38.2,36.0,26.2,45.7,35.5,35.3,4.8,34.5,42.5,5.7,35.8,4.83,35.3,35.5,4.8,35.55,4.8149999999999995,35.666666666666664,14.0,36.33,32.6,35.38387850467289,1.1272450085594474,1.1933553135440322,0.9684825272739449,1.3228328378735037,0.42023146919048454
25,2,Wayne Ellington,SG,,2020-03-04,NY,UTA,8.0,218.5,105.3,3200,18,2.0,13.7,28.3,8.8,2.73,SG/SF,3200,1,16.0,9.0,101,107,-5%,7,6,5,17,18,15,13.7,10.3,2.1,18.4,13.0,9.1,2.8,25.1,13.3,4.2,8.8,2.73,9.1,13.0,2.8,8.95,2.7649999999999997,16.666666666666668,6.0,10.690000000000001,14.666666666666666,6.980999999999999,-0.9534788634977444,-0.7313355131447479,-1.0325172226229753,-0.878396326055117,-0.9023748082144671
25,3,D.J. Wilson,PF,,2020-03-04,MIL,IND,-10.5,222.0,116.3,3000,29,0.0,5.4,16.5,6.5,2.17,PF/C,3000,1,,,101,105,-6%,4,3,3,8,5,9,5.3,6.9,0.1,13.8,0.0,0.0,0.0,0.0,0.0,0.0,6.5,2.17,0.0,0.0,0.0,3.25,1.085,7.333333333333333,3.3333333333333335,5.87,7.3,0.0,-1.3993482646528568,-1.8433791018982653,-1.524332840949554,-1.2921999364348342,-1.9862667818926714
25,4,Frank Jackson,PG,,2020-03-04,NO,DAL,6.0,241.0,117.5,3000,27,0.0,4.7,8.5,6.5,2.17,PG,3000,0,20.0,8.0,101,109,-3%,3,3,5,9,7,13,4.7,9.1,0.3,17.8,10.5,7.6,2.5,21.0,17.5,5.8,6.5,2.17,7.6,10.5,2.5,7.05,2.335,9.666666666666666,3.6666666666666665,7.790000000000001,4.3999999999999995,7.6577586206896555,-1.102101997216115,-0.9451900494435012,-0.9848391737055813,-1.1273653032545319,-1.1797995395725787
25,5,Isaac Bonga,SF,,2020-03-04,WAS,POR,8.0,243.0,117.5,3100,15,2.0,9.5,14.0,11.5,3.71,SF/PF,3100,0,10.0,11.0,103,111,6%,3,2,3,16,17,18,9.5,12.4,5.0,19.8,16.0,10.7,3.5,28.0,18.8,6.1,11.5,3.71,10.7,16.0,3.5,11.1,3.605,17.0,2.6666666666666665,11.56,8.5,10.447058823529412,-0.7853000542901141,-0.47471006958624384,-0.7883313089357651,-0.8037056328952925,-0.36042882137536475
25,6,Maxi Kleber,PF,,2020-03-04,DAL,NO,-6.0,241.0,123.5,5200,16,16.0,24.6,35.5,24.8,4.76,PF/C,5200,1,14.0,14.0,106,109,7%,6,7,7,25,25,25,25.0,21.0,13.1,29.0,24.5,21.3,4.1,39.4,32.3,6.2,24.8,4.76,21.3,24.5,4.1,23.05,4.43,25.0,6.666666666666667,22.229999999999997,25.366666666666664,22.589000000000002,0.1494612340964816,0.25239535382951755,0.06707569685005832,0.11232850045565826,0.17183955855589617
25,7,Timothe Luwawu-Cabarrot,SF,,2020-03-04,BKN,MEM,-1.5,223.5,112.5,3200,19,6.8,13.9,30.5,17.0,5.31,SF/PF,3200,0,15.0,8.0,105,108,5%,8,7,5,25,21,17,13.9,11.3,3.4,19.1,22.0,15.9,5.0,26.9,12.8,4.0,17.0,5.31,15.9,22.0,5.0,16.45,5.154999999999999,21.0,6.666666666666667,12.830000000000002,17.066666666666666,17.233333333333334,-0.36680859881996464,0.0385408175307642,-0.3102342176632944,-0.6946743911562382,0.6395905591015496
