Lineup Num,,Player Name,position,injury_status,game_date,team,opp,spread,over_under,implied_team_score,salary,L5_dvp_rank,L5_ppg_floor,L5_ppg_avg,L5_ppg_max,ppg_projection,value_projection,Pos,Salary,Rest,USG,PER,Opp Pace,Opp DEff,Opp DvP,L2 FGA,L5 FGA,S FGA,L2 Min,L5 Min,S Min,L5 FP,S FP,Floor FP,Ceil FP,Proj Min,Proj FP,Proj Val,Actual Min,Actual FP,Actual Val,FantasyFuelPPGProj,FantasyFuelValueProj,DFN_PPGProj,DFN_MinProj,DFN_ValueProj,Avg Proj,Avg Value Proj,Avg Skewed Min,Avg Skewed FGA,Avg Skewed FP,Avg L5 PPG,Proj Min Enhanced,Avg Proj Stan,DFN_MinProj Stan,Proj Min Enhanced Stan,Avg Skewed FP Stan,Avg Value Proj Stan
0,0,Devin Booker,PG,,2020-02-08,PHO,DEN,3.5,218.0,107.3,8300,11,22.5,38.8,50.8,43.5,5.24,PG/SG,8300,0,30.0,21.0,100,106,-4%,17,16,18,36,35,36,38.8,42.9,30.7,55.2,37.0,42.1,5.1,36.8,40.8,4.9,43.5,5.24,42.1,37.0,5.1,42.8,5.17,35.666666666666664,17.0,42.08,37.36666666666667,44.4,1.7324844455242847,1.3203357725161553,1.5720657477098077,1.9174660564525159,0.497444571347946
0,1,Fred VanVleet,PG,,2020-02-08,TOR,BKN,-6.5,219.0,112.8,6900,5,30.5,36.1,44.0,39.0,5.65,PG/SG,6900,0,23.0,17.0,104,106,7%,12,12,15,39,36,37,36.0,38.5,29.1,47.9,37.5,42.1,6.1,33.0,41.0,5.9,39.0,5.65,42.1,37.5,6.1,40.55,5.875,37.333333333333336,13.0,38.410000000000004,36.86666666666667,40.73102678571428,1.547816582246973,1.3642157001924486,1.3084800271606105,1.5821295809034588,0.963072504084208
0,2,LeBron James,PG,,2020-02-08,LAL,GS,-14.5,225.0,119.8,10900,14,48.3,53.1,62.3,56.8,5.21,PG/SF,10900,1,34.0,26.0,103,110,4%,20,19,20,35,36,35,53.4,55.4,45.1,65.7,34.0,56.0,5.1,33.6,50.0,4.6,56.8,5.21,56.0,34.0,5.1,56.4,5.154999999999999,35.333333333333336,19.666666666666668,55.2,54.56666666666666,54.27169811320754,2.8486990857782586,1.0570562064583962,2.281266526304352,3.1162711134562318,0.48753759405568475
0,3,Christian Wood,PF,,2020-02-08,DET,NY,1.0,213.5,106.3,6700,25,15.3,30.9,52.0,40.0,5.97,PF/C,6700,0,21.0,22.0,101,110,8%,16,12,7,34,26,18,30.9,21.4,8.9,34.0,32.0,41.4,6.2,36.7,41.3,6.2,40.0,5.97,41.4,32.0,6.2,40.7,6.085,26.0,11.666666666666666,27.18,32.733333333333334,50.0923076923077,1.5601277731321275,0.8815364957532235,1.9810115036566156,0.5560182401906744,1.1017701861758604
0,4,Terence Davis,PG,,2020-02-08,TOR,BKN,-6.5,219.0,112.8,3800,5,4.8,22.4,39.5,26.5,6.97,PG/SG,3800,0,18.0,16.0,104,106,-5%,10,8,6,26,20,18,22.4,17.5,6.4,28.6,28.5,28.3,7.4,30.2,35.0,9.2,26.5,6.97,28.3,28.5,7.4,27.4,7.1850000000000005,21.333333333333332,8.0,20.46,22.233333333333334,36.604687500000004,0.46853551464846155,0.5743770020191712,1.012036294723278,-0.058003862177082345,1.8282818542749928
0,5,Kent Bazemore,SG,,2020-02-08,SAC,SA,2.0,223.5,110.8,3200,4,8.8,16.2,21.8,19.5,6.09,SG/SF,3200,0,16.0,8.0,102,110,-1%,7,7,8,24,20,25,16.2,18.4,11.4,25.5,24.0,17.1,5.3,26.8,25.3,7.9,19.5,6.09,17.1,24.0,5.3,18.3,5.695,23.0,7.333333333333333,17.96,15.6,19.095652173913045,-0.27834339905088845,0.17945765293253246,-0.24584470440155695,-0.2864347038317538,0.8441887765770775
0,6,Willie Cauley-Stein,C,,2020-02-08,DAL,CHA,-2.5,213.0,107.8,3500,13,5.5,14.6,26.5,29.8,8.5,C,3500,0,14.0,16.0,99,111,8%,5,4,6,19,15,22,15.4,21.6,14.3,29.0,24.5,27.5,7.9,25.1,34.5,9.9,29.8,8.5,27.5,24.5,7.9,28.65,8.2,18.666666666666668,5.0,21.79,15.533333333333333,37.60312499999999,0.5711287720247459,0.22333758060882566,1.083765863867072,0.0635213455832027,2.498653984384646
0,7,Jrue Holiday,PG,,2020-02-08,NO,IND,4.0,225.5,110.8,6700,15,22.8,34.2,57.5,39.5,5.9,PG/SG,6700,1,26.0,17.0,100,105,-2%,14,16,18,31,34,36,36.9,40.0,30.0,50.0,34.0,38.3,5.7,31.8,61.0,9.1,39.5,5.9,38.3,34.0,5.7,38.9,5.800000000000001,33.666666666666664,16.0,39.160000000000004,38.166666666666664,39.28514851485149,1.4123934825102777,1.0570562064583962,1.2046054978051297,1.6506588333998602,0.913537617622904
1,0,Devin Booker,PG,,2020-02-08,PHO,DEN,3.5,218.0,107.3,8300,11,22.5,38.8,50.8,43.5,5.24,PG/SG,8300,0,30.0,21.0,100,106,-4%,17,16,18,36,35,36,38.8,42.9,30.7,55.2,37.0,42.1,5.1,36.8,40.8,4.9,43.5,5.24,42.1,37.0,5.1,42.8,5.17,35.666666666666664,17.0,42.08,37.36666666666667,44.4,1.7324844455242847,1.3203357725161553,1.5720657477098077,1.9174660564525159,0.497444571347946
1,1,Terence Davis,PG,,2020-02-08,TOR,BKN,-6.5,219.0,112.8,3800,5,4.8,22.4,39.5,26.5,6.97,PG/SG,3800,0,18.0,16.0,104,106,-5%,10,8,6,26,20,18,22.4,17.5,6.4,28.6,28.5,28.3,7.4,30.2,35.0,9.2,26.5,6.97,28.3,28.5,7.4,27.4,7.1850000000000005,21.333333333333332,8.0,20.46,22.233333333333334,36.604687500000004,0.46853551464846155,0.5743770020191712,1.012036294723278,-0.058003862177082345,1.8282818542749928
1,2,LeBron James,PG,,2020-02-08,LAL,GS,-14.5,225.0,119.8,10900,14,48.3,53.1,62.3,56.8,5.21,PG/SF,10900,1,34.0,26.0,103,110,4%,20,19,20,35,36,35,53.4,55.4,45.1,65.7,34.0,56.0,5.1,33.6,50.0,4.6,56.8,5.21,56.0,34.0,5.1,56.4,5.154999999999999,35.333333333333336,19.666666666666668,55.2,54.56666666666666,54.27169811320754,2.8486990857782586,1.0570562064583962,2.281266526304352,3.1162711134562318,0.48753759405568475
1,3,PJ Washington,PF,,2020-02-08,CHA,DAL,2.5,213.0,105.3,4200,23,7.5,19.5,29.3,24.8,5.89,PF/C,4200,3,18.0,13.0,101,109,-1%,10,9,10,23,27,30,19.5,25.7,16.3,35.1,29.5,24.0,5.7,29.2,21.8,5.2,24.8,5.89,24.0,29.5,5.7,24.4,5.795,26.666666666666668,9.666666666666666,24.2,18.766666666666666,26.992499999999996,0.22231169694537908,0.6621368573717575,0.3214792314074752,0.28372867693830595,0.9102352918588165
1,4,Buddy Hield,SG,,2020-02-08,SAC,SA,2.0,223.5,110.8,5700,4,19.0,30.4,38.8,32.5,5.7,SG/SF,5700,0,27.0,16.0,102,110,-1%,16,16,18,33,31,34,36.6,35.1,24.9,45.3,30.0,32.8,5.8,31.9,53.5,9.4,32.5,5.7,32.8,30.0,5.8,32.65,5.75,32.666666666666664,16.666666666666668,34.910000000000004,29.399999999999995,29.98469387755102,0.8994271956288559,0.7060167850480508,0.5364438913200246,1.2623264025869187,0.8805143599820339
1,5,Christian Wood,PF,,2020-02-08,DET,NY,1.0,213.5,106.3,6700,25,15.3,30.9,52.0,40.0,5.97,PF/C,6700,0,21.0,22.0,101,110,8%,16,12,7,34,26,18,30.9,21.4,8.9,34.0,32.0,41.4,6.2,36.7,41.3,6.2,40.0,5.97,41.4,32.0,6.2,40.7,6.085,26.0,11.666666666666666,27.18,32.733333333333334,50.0923076923077,1.5601277731321275,0.8815364957532235,1.9810115036566156,0.5560182401906744,1.1017701861758604
1,6,Willie Cauley-Stein,C,,2020-02-08,DAL,CHA,-2.5,213.0,107.8,3500,13,5.5,14.6,26.5,29.8,8.5,C,3500,0,14.0,16.0,99,111,8%,5,4,6,19,15,22,15.4,21.6,14.3,29.0,24.5,27.5,7.9,25.1,34.5,9.9,29.8,8.5,27.5,24.5,7.9,28.65,8.2,18.666666666666668,5.0,21.79,15.533333333333333,37.60312499999999,0.5711287720247459,0.22333758060882566,1.083765863867072,0.0635213455832027,2.498653984384646
1,7,Jrue Holiday,PG,,2020-02-08,NO,IND,4.0,225.5,110.8,6700,15,22.8,34.2,57.5,39.5,5.9,PG/SG,6700,1,26.0,17.0,100,105,-2%,14,16,18,31,34,36,36.9,40.0,30.0,50.0,34.0,38.3,5.7,31.8,61.0,9.1,39.5,5.9,38.3,34.0,5.7,38.9,5.800000000000001,33.666666666666664,16.0,39.160000000000004,38.166666666666664,39.28514851485149,1.4123934825102777,1.0570562064583962,1.2046054978051297,1.6506588333998602,0.913537617622904
2,0,Devin Booker,PG,,2020-02-08,PHO,DEN,3.5,218.0,107.3,8300,11,22.5,38.8,50.8,43.5,5.24,PG/SG,8300,0,30.0,21.0,100,106,-4%,17,16,18,36,35,36,38.8,42.9,30.7,55.2,37.0,42.1,5.1,36.8,40.8,4.9,43.5,5.24,42.1,37.0,5.1,42.8,5.17,35.666666666666664,17.0,42.08,37.36666666666667,44.4,1.7324844455242847,1.3203357725161553,1.5720657477098077,1.9174660564525159,0.497444571347946
2,1,Jrue Holiday,PG,,2020-02-08,NO,IND,4.0,225.5,110.8,6700,15,22.8,34.2,57.5,39.5,5.9,PG/SG,6700,1,26.0,17.0,100,105,-2%,14,16,18,31,34,36,36.9,40.0,30.0,50.0,34.0,38.3,5.7,31.8,61.0,9.1,39.5,5.9,38.3,34.0,5.7,38.9,5.800000000000001,33.666666666666664,16.0,39.160000000000004,38.166666666666664,39.28514851485149,1.4123934825102777,1.0570562064583962,1.2046054978051297,1.6506588333998602,0.913537617622904
2,2,Bogdan Bogdanovic,SG,,2020-02-08,SAC,SA,2.0,223.5,110.8,5200,4,14.0,30.3,41.5,29.8,5.72,SG/SF,5200,0,23.0,14.0,102,110,-1%,12,11,12,34,29,28,30.3,26.5,16.1,37.0,33.0,30.0,5.8,23.6,11.0,2.1,29.8,5.72,30.0,33.0,5.8,29.9,5.76,30.333333333333332,11.666666666666666,27.96,28.599999999999998,32.528571428571425,0.6737220294010303,0.9692963511058099,0.7192006895064567,0.627288662786932,0.8871190115102077
2,3,PJ Washington,PF,,2020-02-08,CHA,DAL,2.5,213.0,105.3,4200,23,7.5,19.5,29.3,24.8,5.89,PF/C,4200,3,18.0,13.0,101,109,-1%,10,9,10,23,27,30,19.5,25.7,16.3,35.1,29.5,24.0,5.7,29.2,21.8,5.2,24.8,5.89,24.0,29.5,5.7,24.4,5.795,26.666666666666668,9.666666666666666,24.2,18.766666666666666,26.992499999999996,0.22231169694537908,0.6621368573717575,0.3214792314074752,0.28372867693830595,0.9102352918588165
2,4,Fred VanVleet,PG,,2020-02-08,TOR,BKN,-6.5,219.0,112.8,6900,5,30.5,36.1,44.0,39.0,5.65,PG/SG,6900,0,23.0,17.0,104,106,7%,12,12,15,39,36,37,36.0,38.5,29.1,47.9,37.5,42.1,6.1,33.0,41.0,5.9,39.0,5.65,42.1,37.5,6.1,40.55,5.875,37.333333333333336,13.0,38.410000000000004,36.86666666666667,40.73102678571428,1.547816582246973,1.3642157001924486,1.3084800271606105,1.5821295809034588,0.963072504084208
2,5,LeBron James,PG,,2020-02-08,LAL,GS,-14.5,225.0,119.8,10900,14,48.3,53.1,62.3,56.8,5.21,PG/SF,10900,1,34.0,26.0,103,110,4%,20,19,20,35,36,35,53.4,55.4,45.1,65.7,34.0,56.0,5.1,33.6,50.0,4.6,56.8,5.21,56.0,34.0,5.1,56.4,5.154999999999999,35.333333333333336,19.666666666666668,55.2,54.56666666666666,54.27169811320754,2.8486990857782586,1.0570562064583962,2.281266526304352,3.1162711134562318,0.48753759405568475
2,6,Willie Cauley-Stein,C,,2020-02-08,DAL,CHA,-2.5,213.0,107.8,3500,13,5.5,14.6,26.5,29.8,8.5,C,3500,0,14.0,16.0,99,111,8%,5,4,6,19,15,22,15.4,21.6,14.3,29.0,24.5,27.5,7.9,25.1,34.5,9.9,29.8,8.5,27.5,24.5,7.9,28.65,8.2,18.666666666666668,5.0,21.79,15.533333333333333,37.60312499999999,0.5711287720247459,0.22333758060882566,1.083765863867072,0.0635213455832027,2.498653984384646
2,7,Terence Davis,PG,,2020-02-08,TOR,BKN,-6.5,219.0,112.8,3800,5,4.8,22.4,39.5,26.5,6.97,PG/SG,3800,0,18.0,16.0,104,106,-5%,10,8,6,26,20,18,22.4,17.5,6.4,28.6,28.5,28.3,7.4,30.2,35.0,9.2,26.5,6.97,28.3,28.5,7.4,27.4,7.1850000000000005,21.333333333333332,8.0,20.46,22.233333333333334,36.604687500000004,0.46853551464846155,0.5743770020191712,1.012036294723278,-0.058003862177082345,1.8282818542749928
3,0,Malcolm Brogdon,PG,,2020-02-08,IND,NO,-4.0,225.5,114.8,6500,21,29.0,36.3,43.5,37.8,5.81,PG,6500,0,27.0,19.0,106,109,5%,15,14,15,35,34,32,36.3,37.6,28.8,46.5,32.5,38.3,5.9,30.6,36.0,5.5,37.8,5.81,38.3,32.5,5.9,38.05,5.855,33.666666666666664,14.666666666666666,37.45,36.266666666666666,36.73143564356435,1.3426300674944043,0.9254164234295167,1.021142112290874,1.4944121377080648,0.9498632010278604
3,1,Jrue Holiday,PG,,2020-02-08,NO,IND,4.0,225.5,110.8,6700,15,22.8,34.2,57.5,39.5,5.9,PG/SG,6700,1,26.0,17.0,100,105,-2%,14,16,18,31,34,36,36.9,40.0,30.0,50.0,34.0,38.3,5.7,31.8,61.0,9.1,39.5,5.9,38.3,34.0,5.7,38.9,5.800000000000001,33.666666666666664,16.0,39.160000000000004,38.166666666666664,39.28514851485149,1.4123934825102777,1.0570562064583962,1.2046054978051297,1.6506588333998602,0.913537617622904
3,2,DeMar DeRozan,SG,,2020-02-08,SA,SAC,-2.0,223.5,112.8,8100,17,37.8,44.3,51.3,40.3,4.97,SG/SF,8100,1,27.0,22.0,100,109,6%,19,19,16,35,35,35,44.1,40.2,32.0,48.4,35.0,42.1,5.2,29.7,25.3,3.1,40.3,4.97,42.1,35.0,5.2,41.2,5.085,35.0,18.0,41.18000000000001,44.46666666666666,41.2,1.6011650760826412,1.1448160618109826,1.342171917339711,1.835230953456835,0.44130503335846766
3,3,Thon Maker,PF,,2020-02-08,DET,NY,1.0,213.5,106.3,3300,25,5.0,12.0,33.3,20.8,6.29,PF/C,3300,0,15.0,13.0,101,110,-3%,7,4,3,22,16,12,12.0,9.8,1.5,18.1,27.0,23.9,7.2,29.0,19.3,5.8,20.8,6.29,23.9,27.0,7.2,22.35,6.745,16.666666666666668,4.666666666666667,12.750000000000002,16.766666666666666,36.207,0.05405875484827296,0.4427372189902916,0.9834657001403689,-0.7624845778400889,1.5376771870353396
3,4,LeBron James,PG,,2020-02-08,LAL,GS,-14.5,225.0,119.8,10900,14,48.3,53.1,62.3,56.8,5.21,PG/SF,10900,1,34.0,26.0,103,110,4%,20,19,20,35,36,35,53.4,55.4,45.1,65.7,34.0,56.0,5.1,33.6,50.0,4.6,56.8,5.21,56.0,34.0,5.1,56.4,5.154999999999999,35.333333333333336,19.666666666666668,55.2,54.56666666666666,54.27169811320754,2.8486990857782586,1.0570562064583962,2.281266526304352,3.1162711134562318,0.48753759405568475
3,5,Christian Wood,PF,,2020-02-08,DET,NY,1.0,213.5,106.3,6700,25,15.3,30.9,52.0,40.0,5.97,PF/C,6700,0,21.0,22.0,101,110,8%,16,12,7,34,26,18,30.9,21.4,8.9,34.0,32.0,41.4,6.2,36.7,41.3,6.2,40.0,5.97,41.4,32.0,6.2,40.7,6.085,26.0,11.666666666666666,27.18,32.733333333333334,50.0923076923077,1.5601277731321275,0.8815364957532235,1.9810115036566156,0.5560182401906744,1.1017701861758604
3,6,Willie Cauley-Stein,C,,2020-02-08,DAL,CHA,-2.5,213.0,107.8,3500,13,5.5,14.6,26.5,29.8,8.5,C,3500,0,14.0,16.0,99,111,8%,5,4,6,19,15,22,15.4,21.6,14.3,29.0,24.5,27.5,7.9,25.1,34.5,9.9,29.8,8.5,27.5,24.5,7.9,28.65,8.2,18.666666666666668,5.0,21.79,15.533333333333333,37.60312499999999,0.5711287720247459,0.22333758060882566,1.083765863867072,0.0635213455832027,2.498653984384646
3,7,JJ Redick,SG,,2020-02-08,NO,IND,4.0,225.5,110.8,4100,15,0.0,18.8,27.3,24.8,6.04,SG/SF,4100,1,20.0,15.0,100,105,-16%,12,10,11,22,23,28,23.9,23.8,14.7,33.0,29.0,24.5,6.0,27.5,39.5,9.6,24.8,6.04,24.5,29.0,6.0,24.65,6.02,24.333333333333332,11.0,24.01,15.366666666666667,29.377397260273973,0.24283034842063594,0.6182569296954643,0.4928145958460798,0.2663679329725511,1.0588399512427296
4,0,Ricky Rubio,PG,,2020-02-08,PHO,DEN,3.5,218.0,107.3,5600,11,14.3,23.0,27.5,32.5,5.8,PG,5600,0,22.0,15.0,100,106,-4%,5,6,11,30,29,32,24.4,34.8,23.4,46.3,31.5,30.7,5.5,31.7,29.8,5.3,32.5,5.8,30.7,31.5,5.5,31.6,5.65,30.333333333333332,7.333333333333333,32.1,21.599999999999998,32.815384615384616,0.8132488594327772,0.8376565680769303,0.7398058714180625,1.005570136567068,0.8144678447002948
4,1,Fred VanVleet,PG,,2020-02-08,TOR,BKN,-6.5,219.0,112.8,6900,5,30.5,36.1,44.0,39.0,5.65,PG/SG,6900,0,23.0,17.0,104,106,7%,12,12,15,39,36,37,36.0,38.5,29.1,47.9,37.5,42.1,6.1,33.0,41.0,5.9,39.0,5.65,42.1,37.5,6.1,40.55,5.875,37.333333333333336,13.0,38.410000000000004,36.86666666666667,40.73102678571428,1.547816582246973,1.3642157001924486,1.3084800271606105,1.5821295809034588,0.963072504084208
4,2,LeBron James,PG,,2020-02-08,LAL,GS,-14.5,225.0,119.8,10900,14,48.3,53.1,62.3,56.8,5.21,PG/SF,10900,1,34.0,26.0,103,110,4%,20,19,20,35,36,35,53.4,55.4,45.1,65.7,34.0,56.0,5.1,33.6,50.0,4.6,56.8,5.21,56.0,34.0,5.1,56.4,5.154999999999999,35.333333333333336,19.666666666666668,55.2,54.56666666666666,54.27169811320754,2.8486990857782586,1.0570562064583962,2.281266526304352,3.1162711134562318,0.48753759405568475
4,3,Christian Wood,PF,,2020-02-08,DET,NY,1.0,213.5,106.3,6700,25,15.3,30.9,52.0,40.0,5.97,PF/C,6700,0,21.0,22.0,101,110,8%,16,12,7,34,26,18,30.9,21.4,8.9,34.0,32.0,41.4,6.2,36.7,41.3,6.2,40.0,5.97,41.4,32.0,6.2,40.7,6.085,26.0,11.666666666666666,27.18,32.733333333333334,50.0923076923077,1.5601277731321275,0.8815364957532235,1.9810115036566156,0.5560182401906744,1.1017701861758604
4,4,Jrue Holiday,PG,,2020-02-08,NO,IND,4.0,225.5,110.8,6700,15,22.8,34.2,57.5,39.5,5.9,PG/SG,6700,1,26.0,17.0,100,105,-2%,14,16,18,31,34,36,36.9,40.0,30.0,50.0,34.0,38.3,5.7,31.8,61.0,9.1,39.5,5.9,38.3,34.0,5.7,38.9,5.800000000000001,33.666666666666664,16.0,39.160000000000004,38.166666666666664,39.28514851485149,1.4123934825102777,1.0570562064583962,1.2046054978051297,1.6506588333998602,0.913537617622904
4,5,Maxi Kleber,PF,,2020-02-08,DAL,CHA,-2.5,213.0,107.8,4900,11,18.0,23.9,39.0,29.5,6.02,PF/C,4900,0,14.0,14.0,99,111,7%,8,7,7,29,27,25,23.9,20.6,13.0,28.3,31.0,28.9,5.9,27.5,19.3,3.9,29.5,6.02,28.9,31.0,5.9,29.2,5.96,27.0,7.333333333333333,23.0,26.96666666666667,33.525925925925925,0.616269805270311,0.7937766404006371,0.7908524537669782,0.17408187294406374,1.0192120420736863
4,6,Willie Cauley-Stein,C,,2020-02-08,DAL,CHA,-2.5,213.0,107.8,3500,13,5.5,14.6,26.5,29.8,8.5,C,3500,0,14.0,16.0,99,111,8%,5,4,6,19,15,22,15.4,21.6,14.3,29.0,24.5,27.5,7.9,25.1,34.5,9.9,29.8,8.5,27.5,24.5,7.9,28.65,8.2,18.666666666666668,5.0,21.79,15.533333333333333,37.60312499999999,0.5711287720247459,0.22333758060882566,1.083765863867072,0.0635213455832027,2.498653984384646
4,7,PJ Washington,PF,,2020-02-08,CHA,DAL,2.5,213.0,105.3,4200,23,7.5,19.5,29.3,24.8,5.89,PF/C,4200,3,18.0,13.0,101,109,-1%,10,9,10,23,27,30,19.5,25.7,16.3,35.1,29.5,24.0,5.7,29.2,21.8,5.2,24.8,5.89,24.0,29.5,5.7,24.4,5.795,26.666666666666668,9.666666666666666,24.2,18.766666666666666,26.992499999999996,0.22231169694537908,0.6621368573717575,0.3214792314074752,0.28372867693830595,0.9102352918588165
5,0,De'Aaron Fox,PG,,2020-02-08,SAC,SA,2.0,223.5,110.8,8000,16,31.3,42.1,61.8,44.8,5.59,PG,8000,0,31.0,21.0,102,110,3%,16,17,16,35,33,33,42.0,40.1,29.0,51.2,34.0,45.0,5.6,26.0,22.0,2.8,44.8,5.59,45.0,34.0,5.6,44.9,5.595,33.666666666666664,16.333333333333332,41.440000000000005,45.06666666666666,45.34455445544555,1.9048411179164426,1.0570562064583962,1.6399242607584072,1.8589877609889207,0.7781422612953378
5,1,Terence Davis,PG,,2020-02-08,TOR,BKN,-6.5,219.0,112.8,3800,5,4.8,22.4,39.5,26.5,6.97,PG/SG,3800,0,18.0,16.0,104,106,-5%,10,8,6,26,20,18,22.4,17.5,6.4,28.6,28.5,28.3,7.4,30.2,35.0,9.2,26.5,6.97,28.3,28.5,7.4,27.4,7.1850000000000005,21.333333333333332,8.0,20.46,22.233333333333334,36.604687500000004,0.46853551464846155,0.5743770020191712,1.012036294723278,-0.058003862177082345,1.8282818542749928
5,2,LeBron James,PG,,2020-02-08,LAL,GS,-14.5,225.0,119.8,10900,14,48.3,53.1,62.3,56.8,5.21,PG/SF,10900,1,34.0,26.0,103,110,4%,20,19,20,35,36,35,53.4,55.4,45.1,65.7,34.0,56.0,5.1,33.6,50.0,4.6,56.8,5.21,56.0,34.0,5.1,56.4,5.154999999999999,35.333333333333336,19.666666666666668,55.2,54.56666666666666,54.27169811320754,2.8486990857782586,1.0570562064583962,2.281266526304352,3.1162711134562318,0.48753759405568475
5,3,Domantas Sabonis,PF,,2020-02-08,IND,NO,-4.0,225.5,114.8,9500,18,36.5,43.9,59.0,45.3,4.76,PF/C,9500,0,24.0,21.0,106,109,-1%,10,13,14,39,37,35,43.8,44.2,35.1,53.3,35.5,46.8,4.9,33.6,38.0,4.0,45.3,4.76,46.8,35.5,4.9,46.05,4.83,37.0,12.333333333333334,44.489999999999995,46.46666666666667,44.1831081081081,1.999226914702624,1.1886959894872757,1.5564838390212936,2.137673387807619,0.2728864193900326
5,4,JJ Redick,SG,,2020-02-08,NO,IND,4.0,225.5,110.8,4100,15,0.0,18.8,27.3,24.8,6.04,SG/SF,4100,1,20.0,15.0,100,105,-16%,12,10,11,22,23,28,23.9,23.8,14.7,33.0,29.0,24.5,6.0,27.5,39.5,9.6,24.8,6.04,24.5,29.0,6.0,24.65,6.02,24.333333333333332,11.0,24.01,15.366666666666667,29.377397260273973,0.24283034842063594,0.6182569296954643,0.4928145958460798,0.2663679329725511,1.0588399512427296
5,5,Christian Wood,PF,,2020-02-08,DET,NY,1.0,213.5,106.3,6700,25,15.3,30.9,52.0,40.0,5.97,PF/C,6700,0,21.0,22.0,101,110,8%,16,12,7,34,26,18,30.9,21.4,8.9,34.0,32.0,41.4,6.2,36.7,41.3,6.2,40.0,5.97,41.4,32.0,6.2,40.7,6.085,26.0,11.666666666666666,27.18,32.733333333333334,50.0923076923077,1.5601277731321275,0.8815364957532235,1.9810115036566156,0.5560182401906744,1.1017701861758604
5,6,Thon Maker,PF,,2020-02-08,DET,NY,1.0,213.5,106.3,3300,25,5.0,12.0,33.3,20.8,6.29,PF/C,3300,0,15.0,13.0,101,110,-3%,7,4,3,22,16,12,12.0,9.8,1.5,18.1,27.0,23.9,7.2,29.0,19.3,5.8,20.8,6.29,23.9,27.0,7.2,22.35,6.745,16.666666666666668,4.666666666666667,12.750000000000002,16.766666666666666,36.207,0.05405875484827296,0.4427372189902916,0.9834657001403689,-0.7624845778400889,1.5376771870353396
5,7,Willie Cauley-Stein,C,,2020-02-08,DAL,CHA,-2.5,213.0,107.8,3500,13,5.5,14.6,26.5,29.8,8.5,C,3500,0,14.0,16.0,99,111,8%,5,4,6,19,15,22,15.4,21.6,14.3,29.0,24.5,27.5,7.9,25.1,34.5,9.9,29.8,8.5,27.5,24.5,7.9,28.65,8.2,18.666666666666668,5.0,21.79,15.533333333333333,37.60312499999999,0.5711287720247459,0.22333758060882566,1.083765863867072,0.0635213455832027,2.498653984384646
6,0,Jrue Holiday,PG,,2020-02-08,NO,IND,4.0,225.5,110.8,6700,15,22.8,34.2,57.5,39.5,5.9,PG/SG,6700,1,26.0,17.0,100,105,-2%,14,16,18,31,34,36,36.9,40.0,30.0,50.0,34.0,38.3,5.7,31.8,61.0,9.1,39.5,5.9,38.3,34.0,5.7,38.9,5.800000000000001,33.666666666666664,16.0,39.160000000000004,38.166666666666664,39.28514851485149,1.4123934825102777,1.0570562064583962,1.2046054978051297,1.6506588333998602,0.913537617622904
6,1,Devin Booker,PG,,2020-02-08,PHO,DEN,3.5,218.0,107.3,8300,11,22.5,38.8,50.8,43.5,5.24,PG/SG,8300,0,30.0,21.0,100,106,-4%,17,16,18,36,35,36,38.8,42.9,30.7,55.2,37.0,42.1,5.1,36.8,40.8,4.9,43.5,5.24,42.1,37.0,5.1,42.8,5.17,35.666666666666664,17.0,42.08,37.36666666666667,44.4,1.7324844455242847,1.3203357725161553,1.5720657477098077,1.9174660564525159,0.497444571347946
6,2,Kawhi Leonard,SF,,2020-02-08,LAC,MIN,-8.5,233.5,121.0,9800,12,43.8,54.0,70.5,48.0,4.9,SF,9800,2,34.0,27.0,105,109,6%,15,19,20,31,32,32,54.3,49.7,39.4,60.1,33.5,50.5,5.2,27.6,41.5,4.2,48.0,4.9,50.5,33.5,5.2,49.25,5.050000000000001,31.666666666666668,18.0,50.55,56.1,52.10131578947368,2.2618656535859123,1.013176278782103,2.125342305750999,2.6913897479785427,0.4181887530098594
6,3,Maxi Kleber,PF,,2020-02-08,DAL,CHA,-2.5,213.0,107.8,4900,11,18.0,23.9,39.0,29.5,6.02,PF/C,4900,0,14.0,14.0,99,111,7%,8,7,7,29,27,25,23.9,20.6,13.0,28.3,31.0,28.9,5.9,27.5,19.3,3.9,29.5,6.02,28.9,31.0,5.9,29.2,5.96,27.0,7.333333333333333,23.0,26.96666666666667,33.525925925925925,0.616269805270311,0.7937766404006371,0.7908524537669782,0.17408187294406374,1.0192120420736863
6,4,Terence Davis,PG,,2020-02-08,TOR,BKN,-6.5,219.0,112.8,3800,5,4.8,22.4,39.5,26.5,6.97,PG/SG,3800,0,18.0,16.0,104,106,-5%,10,8,6,26,20,18,22.4,17.5,6.4,28.6,28.5,28.3,7.4,30.2,35.0,9.2,26.5,6.97,28.3,28.5,7.4,27.4,7.1850000000000005,21.333333333333332,8.0,20.46,22.233333333333334,36.604687500000004,0.46853551464846155,0.5743770020191712,1.012036294723278,-0.058003862177082345,1.8282818542749928
6,5,Bogdan Bogdanovic,SG,,2020-02-08,SAC,SA,2.0,223.5,110.8,5200,4,14.0,30.3,41.5,29.8,5.72,SG/SF,5200,0,23.0,14.0,102,110,-1%,12,11,12,34,29,28,30.3,26.5,16.1,37.0,33.0,30.0,5.8,23.6,11.0,2.1,29.8,5.72,30.0,33.0,5.8,29.9,5.76,30.333333333333332,11.666666666666666,27.96,28.599999999999998,32.528571428571425,0.6737220294010303,0.9692963511058099,0.7192006895064567,0.627288662786932,0.8871190115102077
6,6,Willie Cauley-Stein,C,,2020-02-08,DAL,CHA,-2.5,213.0,107.8,3500,13,5.5,14.6,26.5,29.8,8.5,C,3500,0,14.0,16.0,99,111,8%,5,4,6,19,15,22,15.4,21.6,14.3,29.0,24.5,27.5,7.9,25.1,34.5,9.9,29.8,8.5,27.5,24.5,7.9,28.65,8.2,18.666666666666668,5.0,21.79,15.533333333333333,37.60312499999999,0.5711287720247459,0.22333758060882566,1.083765863867072,0.0635213455832027,2.498653984384646
6,7,Christian Wood,PF,,2020-02-08,DET,NY,1.0,213.5,106.3,6700,25,15.3,30.9,52.0,40.0,5.97,PF/C,6700,0,21.0,22.0,101,110,8%,16,12,7,34,26,18,30.9,21.4,8.9,34.0,32.0,41.4,6.2,36.7,41.3,6.2,40.0,5.97,41.4,32.0,6.2,40.7,6.085,26.0,11.666666666666666,27.18,32.733333333333334,50.0923076923077,1.5601277731321275,0.8815364957532235,1.9810115036566156,0.5560182401906744,1.1017701861758604
7,0,LeBron James,PG,,2020-02-08,LAL,GS,-14.5,225.0,119.8,10900,14,48.3,53.1,62.3,56.8,5.21,PG/SF,10900,1,34.0,26.0,103,110,4%,20,19,20,35,36,35,53.4,55.4,45.1,65.7,34.0,56.0,5.1,33.6,50.0,4.6,56.8,5.21,56.0,34.0,5.1,56.4,5.154999999999999,35.333333333333336,19.666666666666668,55.2,54.56666666666666,54.27169811320754,2.8486990857782586,1.0570562064583962,2.281266526304352,3.1162711134562318,0.48753759405568475
7,1,Jrue Holiday,PG,,2020-02-08,NO,IND,4.0,225.5,110.8,6700,15,22.8,34.2,57.5,39.5,5.9,PG/SG,6700,1,26.0,17.0,100,105,-2%,14,16,18,31,34,36,36.9,40.0,30.0,50.0,34.0,38.3,5.7,31.8,61.0,9.1,39.5,5.9,38.3,34.0,5.7,38.9,5.800000000000001,33.666666666666664,16.0,39.160000000000004,38.166666666666664,39.28514851485149,1.4123934825102777,1.0570562064583962,1.2046054978051297,1.6506588333998602,0.913537617622904
7,2,JJ Redick,SG,,2020-02-08,NO,IND,4.0,225.5,110.8,4100,15,0.0,18.8,27.3,24.8,6.04,SG/SF,4100,1,20.0,15.0,100,105,-16%,12,10,11,22,23,28,23.9,23.8,14.7,33.0,29.0,24.5,6.0,27.5,39.5,9.6,24.8,6.04,24.5,29.0,6.0,24.65,6.02,24.333333333333332,11.0,24.01,15.366666666666667,29.377397260273973,0.24283034842063594,0.6182569296954643,0.4928145958460798,0.2663679329725511,1.0588399512427296
7,3,Kelly Oubre Jr.,SF,,2020-02-08,PHO,DEN,3.5,218.0,107.3,7300,25,29.3,42.2,58.8,35.8,4.9,SF/PF,7300,0,22.0,15.0,100,106,-8%,19,18,15,39,38,35,42.2,35.3,24.6,46.0,38.0,36.0,4.9,42.1,32.5,4.5,35.8,4.9,36.0,38.0,4.9,35.9,4.9,37.333333333333336,17.333333333333332,36.8,43.43333333333334,36.54107142857143,1.1661696648071953,1.4080956278687418,1.0074660002439613,1.4350201188778497,0.31911898008725026
7,4,Terence Davis,PG,,2020-02-08,TOR,BKN,-6.5,219.0,112.8,3800,5,4.8,22.4,39.5,26.5,6.97,PG/SG,3800,0,18.0,16.0,104,106,-5%,10,8,6,26,20,18,22.4,17.5,6.4,28.6,28.5,28.3,7.4,30.2,35.0,9.2,26.5,6.97,28.3,28.5,7.4,27.4,7.1850000000000005,21.333333333333332,8.0,20.46,22.233333333333334,36.604687500000004,0.46853551464846155,0.5743770020191712,1.012036294723278,-0.058003862177082345,1.8282818542749928
7,5,Bogdan Bogdanovic,SG,,2020-02-08,SAC,SA,2.0,223.5,110.8,5200,4,14.0,30.3,41.5,29.8,5.72,SG/SF,5200,0,23.0,14.0,102,110,-1%,12,11,12,34,29,28,30.3,26.5,16.1,37.0,33.0,30.0,5.8,23.6,11.0,2.1,29.8,5.72,30.0,33.0,5.8,29.9,5.76,30.333333333333332,11.666666666666666,27.96,28.599999999999998,32.528571428571425,0.6737220294010303,0.9692963511058099,0.7192006895064567,0.627288662786932,0.8871190115102077
7,6,Pascal Siakam,PF,,2020-02-08,TOR,BKN,-6.5,219.0,112.8,8200,21,21.0,38.2,49.8,42.3,5.15,PF/C,8200,0,29.0,19.0,104,106,-5%,19,16,20,37,34,35,37.8,42.8,32.5,53.1,35.5,43.3,5.3,33.6,36.8,4.5,42.3,5.15,43.3,35.5,5.3,42.8,5.225,35.333333333333336,18.333333333333332,41.8,36.333333333333336,43.00188679245282,1.7324844455242847,1.1886959894872757,1.4716227475304193,1.8918818021871926,0.5337701547529025
7,7,Willie Cauley-Stein,C,,2020-02-08,DAL,CHA,-2.5,213.0,107.8,3500,13,5.5,14.6,26.5,29.8,8.5,C,3500,0,14.0,16.0,99,111,8%,5,4,6,19,15,22,15.4,21.6,14.3,29.0,24.5,27.5,7.9,25.1,34.5,9.9,29.8,8.5,27.5,24.5,7.9,28.65,8.2,18.666666666666668,5.0,21.79,15.533333333333333,37.60312499999999,0.5711287720247459,0.22333758060882566,1.083765863867072,0.0635213455832027,2.498653984384646
8,0,Terence Davis,PG,,2020-02-08,TOR,BKN,-6.5,219.0,112.8,3800,5,4.8,22.4,39.5,26.5,6.97,PG/SG,3800,0,18.0,16.0,104,106,-5%,10,8,6,26,20,18,22.4,17.5,6.4,28.6,28.5,28.3,7.4,30.2,35.0,9.2,26.5,6.97,28.3,28.5,7.4,27.4,7.1850000000000005,21.333333333333332,8.0,20.46,22.233333333333334,36.604687500000004,0.46853551464846155,0.5743770020191712,1.012036294723278,-0.058003862177082345,1.8282818542749928
8,1,Andrew Wiggins,SG,,2020-02-08,GS,LAL,14.5,225.0,105.3,7900,14,23.3,37.4,63.8,37.8,4.78,SG/SF,7900,2,28.0,16.0,103,104,-7%,16,16,19,36,35,35,37.4,38.0,27.4,48.7,31.0,36.0,4.6,30.9,42.5,5.4,37.8,4.78,36.0,31.0,4.6,36.9,4.6899999999999995,35.333333333333336,17.0,37.68,41.5,32.37452830188679,1.2482442707082226,0.7937766404006371,0.7081339506202952,1.5154277751402943,0.18042129799559722
8,2,Bogdan Bogdanovic,SG,,2020-02-08,SAC,SA,2.0,223.5,110.8,5200,4,14.0,30.3,41.5,29.8,5.72,SG/SF,5200,0,23.0,14.0,102,110,-1%,12,11,12,34,29,28,30.3,26.5,16.1,37.0,33.0,30.0,5.8,23.6,11.0,2.1,29.8,5.72,30.0,33.0,5.8,29.9,5.76,30.333333333333332,11.666666666666666,27.96,28.599999999999998,32.528571428571425,0.6737220294010303,0.9692963511058099,0.7192006895064567,0.627288662786932,0.8871190115102077
8,3,Christian Wood,PF,,2020-02-08,DET,NY,1.0,213.5,106.3,6700,25,15.3,30.9,52.0,40.0,5.97,PF/C,6700,0,21.0,22.0,101,110,8%,16,12,7,34,26,18,30.9,21.4,8.9,34.0,32.0,41.4,6.2,36.7,41.3,6.2,40.0,5.97,41.4,32.0,6.2,40.7,6.085,26.0,11.666666666666666,27.18,32.733333333333334,50.0923076923077,1.5601277731321275,0.8815364957532235,1.9810115036566156,0.5560182401906744,1.1017701861758604
8,4,Jrue Holiday,PG,,2020-02-08,NO,IND,4.0,225.5,110.8,6700,15,22.8,34.2,57.5,39.5,5.9,PG/SG,6700,1,26.0,17.0,100,105,-2%,14,16,18,31,34,36,36.9,40.0,30.0,50.0,34.0,38.3,5.7,31.8,61.0,9.1,39.5,5.9,38.3,34.0,5.7,38.9,5.800000000000001,33.666666666666664,16.0,39.160000000000004,38.166666666666664,39.28514851485149,1.4123934825102777,1.0570562064583962,1.2046054978051297,1.6506588333998602,0.913537617622904
8,5,LeBron James,PG,,2020-02-08,LAL,GS,-14.5,225.0,119.8,10900,14,48.3,53.1,62.3,56.8,5.21,PG/SF,10900,1,34.0,26.0,103,110,4%,20,19,20,35,36,35,53.4,55.4,45.1,65.7,34.0,56.0,5.1,33.6,50.0,4.6,56.8,5.21,56.0,34.0,5.1,56.4,5.154999999999999,35.333333333333336,19.666666666666668,55.2,54.56666666666666,54.27169811320754,2.8486990857782586,1.0570562064583962,2.281266526304352,3.1162711134562318,0.48753759405568475
8,6,Willie Cauley-Stein,C,,2020-02-08,DAL,CHA,-2.5,213.0,107.8,3500,13,5.5,14.6,26.5,29.8,8.5,C,3500,0,14.0,16.0,99,111,8%,5,4,6,19,15,22,15.4,21.6,14.3,29.0,24.5,27.5,7.9,25.1,34.5,9.9,29.8,8.5,27.5,24.5,7.9,28.65,8.2,18.666666666666668,5.0,21.79,15.533333333333333,37.60312499999999,0.5711287720247459,0.22333758060882566,1.083765863867072,0.0635213455832027,2.498653984384646
8,7,Maxi Kleber,PF,,2020-02-08,DAL,CHA,-2.5,213.0,107.8,4900,11,18.0,23.9,39.0,29.5,6.02,PF/C,4900,0,14.0,14.0,99,111,7%,8,7,7,29,27,25,23.9,20.6,13.0,28.3,31.0,28.9,5.9,27.5,19.3,3.9,29.5,6.02,28.9,31.0,5.9,29.2,5.96,27.0,7.333333333333333,23.0,26.96666666666667,33.525925925925925,0.616269805270311,0.7937766404006371,0.7908524537669782,0.17408187294406374,1.0192120420736863
9,0,Malcolm Brogdon,PG,,2020-02-08,IND,NO,-4.0,225.5,114.8,6500,21,29.0,36.3,43.5,37.8,5.81,PG,6500,0,27.0,19.0,106,109,5%,15,14,15,35,34,32,36.3,37.6,28.8,46.5,32.5,38.3,5.9,30.6,36.0,5.5,37.8,5.81,38.3,32.5,5.9,38.05,5.855,33.666666666666664,14.666666666666666,37.45,36.266666666666666,36.73143564356435,1.3426300674944043,0.9254164234295167,1.021142112290874,1.4944121377080648,0.9498632010278604
9,1,Terence Davis,PG,,2020-02-08,TOR,BKN,-6.5,219.0,112.8,3800,5,4.8,22.4,39.5,26.5,6.97,PG/SG,3800,0,18.0,16.0,104,106,-5%,10,8,6,26,20,18,22.4,17.5,6.4,28.6,28.5,28.3,7.4,30.2,35.0,9.2,26.5,6.97,28.3,28.5,7.4,27.4,7.1850000000000005,21.333333333333332,8.0,20.46,22.233333333333334,36.604687500000004,0.46853551464846155,0.5743770020191712,1.012036294723278,-0.058003862177082345,1.8282818542749928
9,2,JJ Redick,SG,,2020-02-08,NO,IND,4.0,225.5,110.8,4100,15,0.0,18.8,27.3,24.8,6.04,SG/SF,4100,1,20.0,15.0,100,105,-16%,12,10,11,22,23,28,23.9,23.8,14.7,33.0,29.0,24.5,6.0,27.5,39.5,9.6,24.8,6.04,24.5,29.0,6.0,24.65,6.02,24.333333333333332,11.0,24.01,15.366666666666667,29.377397260273973,0.24283034842063594,0.6182569296954643,0.4928145958460798,0.2663679329725511,1.0588399512427296
9,3,Thon Maker,PF,,2020-02-08,DET,NY,1.0,213.5,106.3,3300,25,5.0,12.0,33.3,20.8,6.29,PF/C,3300,0,15.0,13.0,101,110,-3%,7,4,3,22,16,12,12.0,9.8,1.5,18.1,27.0,23.9,7.2,29.0,19.3,5.8,20.8,6.29,23.9,27.0,7.2,22.35,6.745,16.666666666666668,4.666666666666667,12.750000000000002,16.766666666666666,36.207,0.05405875484827296,0.4427372189902916,0.9834657001403689,-0.7624845778400889,1.5376771870353396
9,4,Jrue Holiday,PG,,2020-02-08,NO,IND,4.0,225.5,110.8,6700,15,22.8,34.2,57.5,39.5,5.9,PG/SG,6700,1,26.0,17.0,100,105,-2%,14,16,18,31,34,36,36.9,40.0,30.0,50.0,34.0,38.3,5.7,31.8,61.0,9.1,39.5,5.9,38.3,34.0,5.7,38.9,5.800000000000001,33.666666666666664,16.0,39.160000000000004,38.166666666666664,39.28514851485149,1.4123934825102777,1.0570562064583962,1.2046054978051297,1.6506588333998602,0.913537617622904
9,5,LeBron James,PG,,2020-02-08,LAL,GS,-14.5,225.0,119.8,10900,14,48.3,53.1,62.3,56.8,5.21,PG/SF,10900,1,34.0,26.0,103,110,4%,20,19,20,35,36,35,53.4,55.4,45.1,65.7,34.0,56.0,5.1,33.6,50.0,4.6,56.8,5.21,56.0,34.0,5.1,56.4,5.154999999999999,35.333333333333336,19.666666666666668,55.2,54.56666666666666,54.27169811320754,2.8486990857782586,1.0570562064583962,2.281266526304352,3.1162711134562318,0.48753759405568475
9,6,PJ Washington,PF,,2020-02-08,CHA,DAL,2.5,213.0,105.3,4200,23,7.5,19.5,29.3,24.8,5.89,PF/C,4200,3,18.0,13.0,101,109,-1%,10,9,10,23,27,30,19.5,25.7,16.3,35.1,29.5,24.0,5.7,29.2,21.8,5.2,24.8,5.89,24.0,29.5,5.7,24.4,5.795,26.666666666666668,9.666666666666666,24.2,18.766666666666666,26.992499999999996,0.22231169694537908,0.6621368573717575,0.3214792314074752,0.28372867693830595,0.9102352918588165
9,7,Nikola Jokic,C,,2020-02-08,DEN,PHO,-3.5,218.0,110.8,10200,24,43.5,65.2,80.5,52.5,5.15,C,10200,2,29.0,25.0,104,108,2%,21,20,16,35,36,33,65.8,48.5,34.8,62.1,34.5,53.0,5.2,33.9,48.3,4.7,52.5,5.15,53.0,34.5,5.2,52.75,5.175000000000001,34.666666666666664,19.0,52.79,63.06666666666666,52.49639423076923,2.5491267742395083,1.1009361341346895,2.1537254608029,2.8960637821011286,0.5007468971120335
10,0,Terence Davis,PG,,2020-02-08,TOR,BKN,-6.5,219.0,112.8,3800,5,4.8,22.4,39.5,26.5,6.97,PG/SG,3800,0,18.0,16.0,104,106,-5%,10,8,6,26,20,18,22.4,17.5,6.4,28.6,28.5,28.3,7.4,30.2,35.0,9.2,26.5,6.97,28.3,28.5,7.4,27.4,7.1850000000000005,21.333333333333332,8.0,20.46,22.233333333333334,36.604687500000004,0.46853551464846155,0.5743770020191712,1.012036294723278,-0.058003862177082345,1.8282818542749928
10,1,Jrue Holiday,PG,,2020-02-08,NO,IND,4.0,225.5,110.8,6700,15,22.8,34.2,57.5,39.5,5.9,PG/SG,6700,1,26.0,17.0,100,105,-2%,14,16,18,31,34,36,36.9,40.0,30.0,50.0,34.0,38.3,5.7,31.8,61.0,9.1,39.5,5.9,38.3,34.0,5.7,38.9,5.800000000000001,33.666666666666664,16.0,39.160000000000004,38.166666666666664,39.28514851485149,1.4123934825102777,1.0570562064583962,1.2046054978051297,1.6506588333998602,0.913537617622904
10,2,LeBron James,PG,,2020-02-08,LAL,GS,-14.5,225.0,119.8,10900,14,48.3,53.1,62.3,56.8,5.21,PG/SF,10900,1,34.0,26.0,103,110,4%,20,19,20,35,36,35,53.4,55.4,45.1,65.7,34.0,56.0,5.1,33.6,50.0,4.6,56.8,5.21,56.0,34.0,5.1,56.4,5.154999999999999,35.333333333333336,19.666666666666668,55.2,54.56666666666666,54.27169811320754,2.8486990857782586,1.0570562064583962,2.281266526304352,3.1162711134562318,0.48753759405568475
10,3,Sekou Doumbouya,SF,,2020-02-08,DET,NY,1.0,213.5,106.3,3700,8,1.5,13.9,23.3,18.5,5.0,SF/PF,3700,0,16.0,8.0,101,110,8%,7,9,7,21,22,20,13.9,13.5,2.5,24.6,26.5,19.0,5.1,12.7,9.8,2.6,18.5,5.0,19.0,26.5,5.1,18.75,5.05,21.0,7.666666666666667,14.65,12.9,23.66071428571429,-0.24140982639542613,0.3988572913139984,0.08211767521075299,-0.5888771381825388,0.4181887530098588
10,4,Fred VanVleet,PG,,2020-02-08,TOR,BKN,-6.5,219.0,112.8,6900,5,30.5,36.1,44.0,39.0,5.65,PG/SG,6900,0,23.0,17.0,104,106,7%,12,12,15,39,36,37,36.0,38.5,29.1,47.9,37.5,42.1,6.1,33.0,41.0,5.9,39.0,5.65,42.1,37.5,6.1,40.55,5.875,37.333333333333336,13.0,38.410000000000004,36.86666666666667,40.73102678571428,1.547816582246973,1.3642157001924486,1.3084800271606105,1.5821295809034588,0.963072504084208
10,5,Kawhi Leonard,SF,,2020-02-08,LAC,MIN,-8.5,233.5,121.0,9800,12,43.8,54.0,70.5,48.0,4.9,SF,9800,2,34.0,27.0,105,109,6%,15,19,20,31,32,32,54.3,49.7,39.4,60.1,33.5,50.5,5.2,27.6,41.5,4.2,48.0,4.9,50.5,33.5,5.2,49.25,5.050000000000001,31.666666666666668,18.0,50.55,56.1,52.10131578947368,2.2618656535859123,1.013176278782103,2.125342305750999,2.6913897479785427,0.4181887530098594
10,6,Willie Cauley-Stein,C,,2020-02-08,DAL,CHA,-2.5,213.0,107.8,3500,13,5.5,14.6,26.5,29.8,8.5,C,3500,0,14.0,16.0,99,111,8%,5,4,6,19,15,22,15.4,21.6,14.3,29.0,24.5,27.5,7.9,25.1,34.5,9.9,29.8,8.5,27.5,24.5,7.9,28.65,8.2,18.666666666666668,5.0,21.79,15.533333333333333,37.60312499999999,0.5711287720247459,0.22333758060882566,1.083765863867072,0.0635213455832027,2.498653984384646
10,7,JJ Redick,SG,,2020-02-08,NO,IND,4.0,225.5,110.8,4100,15,0.0,18.8,27.3,24.8,6.04,SG/SF,4100,1,20.0,15.0,100,105,-16%,12,10,11,22,23,28,23.9,23.8,14.7,33.0,29.0,24.5,6.0,27.5,39.5,9.6,24.8,6.04,24.5,29.0,6.0,24.65,6.02,24.333333333333332,11.0,24.01,15.366666666666667,29.377397260273973,0.24283034842063594,0.6182569296954643,0.4928145958460798,0.2663679329725511,1.0588399512427296
11,0,LeBron James,PG,,2020-02-08,LAL,GS,-14.5,225.0,119.8,10900,14,48.3,53.1,62.3,56.8,5.21,PG/SF,10900,1,34.0,26.0,103,110,4%,20,19,20,35,36,35,53.4,55.4,45.1,65.7,34.0,56.0,5.1,33.6,50.0,4.6,56.8,5.21,56.0,34.0,5.1,56.4,5.154999999999999,35.333333333333336,19.666666666666668,55.2,54.56666666666666,54.27169811320754,2.8486990857782586,1.0570562064583962,2.281266526304352,3.1162711134562318,0.48753759405568475
11,1,Terence Davis,PG,,2020-02-08,TOR,BKN,-6.5,219.0,112.8,3800,5,4.8,22.4,39.5,26.5,6.97,PG/SG,3800,0,18.0,16.0,104,106,-5%,10,8,6,26,20,18,22.4,17.5,6.4,28.6,28.5,28.3,7.4,30.2,35.0,9.2,26.5,6.97,28.3,28.5,7.4,27.4,7.1850000000000005,21.333333333333332,8.0,20.46,22.233333333333334,36.604687500000004,0.46853551464846155,0.5743770020191712,1.012036294723278,-0.058003862177082345,1.8282818542749928
11,2,Josh Okogie,SG,,2020-02-08,MIN,LAC,8.5,233.5,112.5,4900,28,10.3,20.4,31.5,25.0,5.1,SG/SF,4900,2,16.0,11.0,105,105,0%,10,9,7,32,27,24,20.4,19.0,10.7,27.2,30.5,26.0,5.3,23.9,21.5,4.4,25.0,5.1,26.0,30.5,5.3,25.5,5.199999999999999,27.666666666666668,8.666666666666666,20.56,20.733333333333334,28.111445783132528,0.3125937634365094,0.7498967127243439,0.4018663351764769,-0.04886662851089568,0.5172585259324674
11,3,Christian Wood,PF,,2020-02-08,DET,NY,1.0,213.5,106.3,6700,25,15.3,30.9,52.0,40.0,5.97,PF/C,6700,0,21.0,22.0,101,110,8%,16,12,7,34,26,18,30.9,21.4,8.9,34.0,32.0,41.4,6.2,36.7,41.3,6.2,40.0,5.97,41.4,32.0,6.2,40.7,6.085,26.0,11.666666666666666,27.18,32.733333333333334,50.0923076923077,1.5601277731321275,0.8815364957532235,1.9810115036566156,0.5560182401906744,1.1017701861758604
11,4,Jrue Holiday,PG,,2020-02-08,NO,IND,4.0,225.5,110.8,6700,15,22.8,34.2,57.5,39.5,5.9,PG/SG,6700,1,26.0,17.0,100,105,-2%,14,16,18,31,34,36,36.9,40.0,30.0,50.0,34.0,38.3,5.7,31.8,61.0,9.1,39.5,5.9,38.3,34.0,5.7,38.9,5.800000000000001,33.666666666666664,16.0,39.160000000000004,38.166666666666664,39.28514851485149,1.4123934825102777,1.0570562064583962,1.2046054978051297,1.6506588333998602,0.913537617622904
11,5,PJ Washington,PF,,2020-02-08,CHA,DAL,2.5,213.0,105.3,4200,23,7.5,19.5,29.3,24.8,5.89,PF/C,4200,3,18.0,13.0,101,109,-1%,10,9,10,23,27,30,19.5,25.7,16.3,35.1,29.5,24.0,5.7,29.2,21.8,5.2,24.8,5.89,24.0,29.5,5.7,24.4,5.795,26.666666666666668,9.666666666666666,24.2,18.766666666666666,26.992499999999996,0.22231169694537908,0.6621368573717575,0.3214792314074752,0.28372867693830595,0.9102352918588165
11,6,Willie Cauley-Stein,C,,2020-02-08,DAL,CHA,-2.5,213.0,107.8,3500,13,5.5,14.6,26.5,29.8,8.5,C,3500,0,14.0,16.0,99,111,8%,5,4,6,19,15,22,15.4,21.6,14.3,29.0,24.5,27.5,7.9,25.1,34.5,9.9,29.8,8.5,27.5,24.5,7.9,28.65,8.2,18.666666666666668,5.0,21.79,15.533333333333333,37.60312499999999,0.5711287720247459,0.22333758060882566,1.083765863867072,0.0635213455832027,2.498653984384646
11,7,De'Aaron Fox,PG,,2020-02-08,SAC,SA,2.0,223.5,110.8,8000,16,31.3,42.1,61.8,44.8,5.59,PG,8000,0,31.0,21.0,102,110,3%,16,17,16,35,33,33,42.0,40.1,29.0,51.2,34.0,45.0,5.6,26.0,22.0,2.8,44.8,5.59,45.0,34.0,5.6,44.9,5.595,33.666666666666664,16.333333333333332,41.440000000000005,45.06666666666666,45.34455445544555,1.9048411179164426,1.0570562064583962,1.6399242607584072,1.8589877609889207,0.7781422612953378
12,0,Terence Davis,PG,,2020-02-08,TOR,BKN,-6.5,219.0,112.8,3800,5,4.8,22.4,39.5,26.5,6.97,PG/SG,3800,0,18.0,16.0,104,106,-5%,10,8,6,26,20,18,22.4,17.5,6.4,28.6,28.5,28.3,7.4,30.2,35.0,9.2,26.5,6.97,28.3,28.5,7.4,27.4,7.1850000000000005,21.333333333333332,8.0,20.46,22.233333333333334,36.604687500000004,0.46853551464846155,0.5743770020191712,1.012036294723278,-0.058003862177082345,1.8282818542749928
12,1,Bogdan Bogdanovic,SG,,2020-02-08,SAC,SA,2.0,223.5,110.8,5200,4,14.0,30.3,41.5,29.8,5.72,SG/SF,5200,0,23.0,14.0,102,110,-1%,12,11,12,34,29,28,30.3,26.5,16.1,37.0,33.0,30.0,5.8,23.6,11.0,2.1,29.8,5.72,30.0,33.0,5.8,29.9,5.76,30.333333333333332,11.666666666666666,27.96,28.599999999999998,32.528571428571425,0.6737220294010303,0.9692963511058099,0.7192006895064567,0.627288662786932,0.8871190115102077
12,2,LeBron James,PG,,2020-02-08,LAL,GS,-14.5,225.0,119.8,10900,14,48.3,53.1,62.3,56.8,5.21,PG/SF,10900,1,34.0,26.0,103,110,4%,20,19,20,35,36,35,53.4,55.4,45.1,65.7,34.0,56.0,5.1,33.6,50.0,4.6,56.8,5.21,56.0,34.0,5.1,56.4,5.154999999999999,35.333333333333336,19.666666666666668,55.2,54.56666666666666,54.27169811320754,2.8486990857782586,1.0570562064583962,2.281266526304352,3.1162711134562318,0.48753759405568475
12,3,Nicolo Melli,PF,,2020-02-08,NO,IND,4.0,225.5,110.8,3400,30,,,,14.8,4.34,PF/C,3400,1,15.0,12.0,100,105,-6%,7,6,5,19,17,15,19.1,12.6,2.6,22.5,26.0,21.7,6.4,23.9,21.5,6.3,14.8,4.34,21.7,26.0,6.4,18.25,5.37,17.0,6.0,15.010000000000002,,27.91176470588235,-0.28244712934593985,0.3549773636377052,0.3875208827697675,-0.555983096984266,0.6295376019114247
12,4,Ricky Rubio,PG,,2020-02-08,PHO,DEN,3.5,218.0,107.3,5600,11,14.3,23.0,27.5,32.5,5.8,PG,5600,0,22.0,15.0,100,106,-4%,5,6,11,30,29,32,24.4,34.8,23.4,46.3,31.5,30.7,5.5,31.7,29.8,5.3,32.5,5.8,30.7,31.5,5.5,31.6,5.65,30.333333333333332,7.333333333333333,32.1,21.599999999999998,32.815384615384616,0.8132488594327772,0.8376565680769303,0.7398058714180625,1.005570136567068,0.8144678447002948
12,5,Christian Wood,PF,,2020-02-08,DET,NY,1.0,213.5,106.3,6700,25,15.3,30.9,52.0,40.0,5.97,PF/C,6700,0,21.0,22.0,101,110,8%,16,12,7,34,26,18,30.9,21.4,8.9,34.0,32.0,41.4,6.2,36.7,41.3,6.2,40.0,5.97,41.4,32.0,6.2,40.7,6.085,26.0,11.666666666666666,27.18,32.733333333333334,50.0923076923077,1.5601277731321275,0.8815364957532235,1.9810115036566156,0.5560182401906744,1.1017701861758604
12,6,Derrick Favors,C,,2020-02-08,NO,IND,4.0,225.5,110.8,5000,5,10.8,22.0,29.8,32.5,6.5,C,5000,1,15.0,20.0,100,105,-6%,4,5,7,22,22,25,21.7,29.1,18.1,40.2,27.5,30.5,6.1,24.5,31.8,6.4,32.5,6.5,30.5,27.5,6.1,31.5,6.3,23.0,5.333333333333333,28.119999999999997,20.866666666666664,37.663043478260875,0.8050413988426743,0.4866171466665848,1.0880705165162412,0.6419082366528306,1.2437701940315997
12,7,Devin Booker,PG,,2020-02-08,PHO,DEN,3.5,218.0,107.3,8300,11,22.5,38.8,50.8,43.5,5.24,PG/SG,8300,0,30.0,21.0,100,106,-4%,17,16,18,36,35,36,38.8,42.9,30.7,55.2,37.0,42.1,5.1,36.8,40.8,4.9,43.5,5.24,42.1,37.0,5.1,42.8,5.17,35.666666666666664,17.0,42.08,37.36666666666667,44.4,1.7324844455242847,1.3203357725161553,1.5720657477098077,1.9174660564525159,0.497444571347946
13,0,LeBron James,PG,,2020-02-08,LAL,GS,-14.5,225.0,119.8,10900,14,48.3,53.1,62.3,56.8,5.21,PG/SF,10900,1,34.0,26.0,103,110,4%,20,19,20,35,36,35,53.4,55.4,45.1,65.7,34.0,56.0,5.1,33.6,50.0,4.6,56.8,5.21,56.0,34.0,5.1,56.4,5.154999999999999,35.333333333333336,19.666666666666668,55.2,54.56666666666666,54.27169811320754,2.8486990857782586,1.0570562064583962,2.281266526304352,3.1162711134562318,0.48753759405568475
13,1,Jrue Holiday,PG,,2020-02-08,NO,IND,4.0,225.5,110.8,6700,15,22.8,34.2,57.5,39.5,5.9,PG/SG,6700,1,26.0,17.0,100,105,-2%,14,16,18,31,34,36,36.9,40.0,30.0,50.0,34.0,38.3,5.7,31.8,61.0,9.1,39.5,5.9,38.3,34.0,5.7,38.9,5.800000000000001,33.666666666666664,16.0,39.160000000000004,38.166666666666664,39.28514851485149,1.4123934825102777,1.0570562064583962,1.2046054978051297,1.6506588333998602,0.913537617622904
13,2,Rodions Kurucs,SF,,2020-02-08,BKN,TOR,6.5,219.0,106.3,3200,21,1.0,12.3,22.8,12.8,3.98,SF/PF,3200,2,16.0,10.0,103,102,5%,6,5,4,15,13,13,12.3,10.0,3.1,16.8,13.0,10.5,3.3,0.0,0.0,0.0,12.8,3.98,10.5,13.0,3.3,11.65,3.6399999999999997,13.666666666666666,5.0,10.77,12.033333333333333,11.081707317073171,-0.8241395282927213,-0.7859007559459177,-0.8215811042495749,-0.943401804430589,-0.513067112462665
13,3,Christian Wood,PF,,2020-02-08,DET,NY,1.0,213.5,106.3,6700,25,15.3,30.9,52.0,40.0,5.97,PF/C,6700,0,21.0,22.0,101,110,8%,16,12,7,34,26,18,30.9,21.4,8.9,34.0,32.0,41.4,6.2,36.7,41.3,6.2,40.0,5.97,41.4,32.0,6.2,40.7,6.085,26.0,11.666666666666666,27.18,32.733333333333334,50.0923076923077,1.5601277731321275,0.8815364957532235,1.9810115036566156,0.5560182401906744,1.1017701861758604
13,4,De'Aaron Fox,PG,,2020-02-08,SAC,SA,2.0,223.5,110.8,8000,16,31.3,42.1,61.8,44.8,5.59,PG,8000,0,31.0,21.0,102,110,3%,16,17,16,35,33,33,42.0,40.1,29.0,51.2,34.0,45.0,5.6,26.0,22.0,2.8,44.8,5.59,45.0,34.0,5.6,44.9,5.595,33.666666666666664,16.333333333333332,41.440000000000005,45.06666666666666,45.34455445544555,1.9048411179164426,1.0570562064583962,1.6399242607584072,1.8589877609889207,0.7781422612953378
13,5,JJ Redick,SG,,2020-02-08,NO,IND,4.0,225.5,110.8,4100,15,0.0,18.8,27.3,24.8,6.04,SG/SF,4100,1,20.0,15.0,100,105,-16%,12,10,11,22,23,28,23.9,23.8,14.7,33.0,29.0,24.5,6.0,27.5,39.5,9.6,24.8,6.04,24.5,29.0,6.0,24.65,6.02,24.333333333333332,11.0,24.01,15.366666666666667,29.377397260273973,0.24283034842063594,0.6182569296954643,0.4928145958460798,0.2663679329725511,1.0588399512427296
13,6,Thon Maker,PF,,2020-02-08,DET,NY,1.0,213.5,106.3,3300,25,5.0,12.0,33.3,20.8,6.29,PF/C,3300,0,15.0,13.0,101,110,-3%,7,4,3,22,16,12,12.0,9.8,1.5,18.1,27.0,23.9,7.2,29.0,19.3,5.8,20.8,6.29,23.9,27.0,7.2,22.35,6.745,16.666666666666668,4.666666666666667,12.750000000000002,16.766666666666666,36.207,0.05405875484827296,0.4427372189902916,0.9834657001403689,-0.7624845778400889,1.5376771870353396
13,7,Malcolm Brogdon,PG,,2020-02-08,IND,NO,-4.0,225.5,114.8,6500,21,29.0,36.3,43.5,37.8,5.81,PG,6500,0,27.0,19.0,106,109,5%,15,14,15,35,34,32,36.3,37.6,28.8,46.5,32.5,38.3,5.9,30.6,36.0,5.5,37.8,5.81,38.3,32.5,5.9,38.05,5.855,33.666666666666664,14.666666666666666,37.45,36.266666666666666,36.73143564356435,1.3426300674944043,0.9254164234295167,1.021142112290874,1.4944121377080648,0.9498632010278604
14,0,Jrue Holiday,PG,,2020-02-08,NO,IND,4.0,225.5,110.8,6700,15,22.8,34.2,57.5,39.5,5.9,PG/SG,6700,1,26.0,17.0,100,105,-2%,14,16,18,31,34,36,36.9,40.0,30.0,50.0,34.0,38.3,5.7,31.8,61.0,9.1,39.5,5.9,38.3,34.0,5.7,38.9,5.800000000000001,33.666666666666664,16.0,39.160000000000004,38.166666666666664,39.28514851485149,1.4123934825102777,1.0570562064583962,1.2046054978051297,1.6506588333998602,0.913537617622904
14,1,JJ Redick,SG,,2020-02-08,NO,IND,4.0,225.5,110.8,4100,15,0.0,18.8,27.3,24.8,6.04,SG/SF,4100,1,20.0,15.0,100,105,-16%,12,10,11,22,23,28,23.9,23.8,14.7,33.0,29.0,24.5,6.0,27.5,39.5,9.6,24.8,6.04,24.5,29.0,6.0,24.65,6.02,24.333333333333332,11.0,24.01,15.366666666666667,29.377397260273973,0.24283034842063594,0.6182569296954643,0.4928145958460798,0.2663679329725511,1.0588399512427296
14,2,Damion Lee,SG,,2020-02-08,GS,LAL,14.5,225.0,105.3,5500,14,9.3,21.9,32.8,28.3,5.14,SG/SF,5500,2,19.0,12.0,103,104,2%,13,10,10,32,30,29,21.9,24.8,14.4,35.2,32.5,29.0,5.3,22.4,20.8,3.8,28.3,5.14,29.0,32.5,5.3,28.65,5.22,30.333333333333332,11.0,24.990000000000002,21.333333333333332,30.69642857142857,0.5711287720247459,0.9254164234295167,0.587576208502149,0.35591282290118237,0.5304678289888155
14,3,Thon Maker,PF,,2020-02-08,DET,NY,1.0,213.5,106.3,3300,25,5.0,12.0,33.3,20.8,6.29,PF/C,3300,0,15.0,13.0,101,110,-3%,7,4,3,22,16,12,12.0,9.8,1.5,18.1,27.0,23.9,7.2,29.0,19.3,5.8,20.8,6.29,23.9,27.0,7.2,22.35,6.745,16.666666666666668,4.666666666666667,12.750000000000002,16.766666666666666,36.207,0.05405875484827296,0.4427372189902916,0.9834657001403689,-0.7624845778400889,1.5376771870353396
14,4,Buddy Hield,SG,,2020-02-08,SAC,SA,2.0,223.5,110.8,5700,4,19.0,30.4,38.8,32.5,5.7,SG/SF,5700,0,27.0,16.0,102,110,-1%,16,16,18,33,31,34,36.6,35.1,24.9,45.3,30.0,32.8,5.8,31.9,53.5,9.4,32.5,5.7,32.8,30.0,5.8,32.65,5.75,32.666666666666664,16.666666666666668,34.910000000000004,29.399999999999995,29.98469387755102,0.8994271956288559,0.7060167850480508,0.5364438913200246,1.2623264025869187,0.8805143599820339
14,5,LeBron James,PG,,2020-02-08,LAL,GS,-14.5,225.0,119.8,10900,14,48.3,53.1,62.3,56.8,5.21,PG/SF,10900,1,34.0,26.0,103,110,4%,20,19,20,35,36,35,53.4,55.4,45.1,65.7,34.0,56.0,5.1,33.6,50.0,4.6,56.8,5.21,56.0,34.0,5.1,56.4,5.154999999999999,35.333333333333336,19.666666666666668,55.2,54.56666666666666,54.27169811320754,2.8486990857782586,1.0570562064583962,2.281266526304352,3.1162711134562318,0.48753759405568475
14,6,Marquese Chriss,PF,,2020-02-08,GS,LAL,14.5,225.0,105.3,5500,5,20.3,24.9,32.8,26.3,4.77,PF/C,5500,2,19.0,18.0,103,104,-8%,8,8,6,27,27,19,24.9,20.0,11.2,28.9,28.5,29.9,5.4,27.3,45.3,8.2,26.3,4.77,29.9,28.5,5.4,28.1,5.085,24.333333333333332,7.333333333333333,22.619999999999997,26.0,32.91164383561644,0.525987738779181,0.5743770020191712,0.7467213091829163,0.13936038501255346,0.44130503335846766
14,7,Christian Wood,PF,,2020-02-08,DET,NY,1.0,213.5,106.3,6700,25,15.3,30.9,52.0,40.0,5.97,PF/C,6700,0,21.0,22.0,101,110,8%,16,12,7,34,26,18,30.9,21.4,8.9,34.0,32.0,41.4,6.2,36.7,41.3,6.2,40.0,5.97,41.4,32.0,6.2,40.7,6.085,26.0,11.666666666666666,27.18,32.733333333333334,50.0923076923077,1.5601277731321275,0.8815364957532235,1.9810115036566156,0.5560182401906744,1.1017701861758604
15,0,Jrue Holiday,PG,,2020-02-08,NO,IND,4.0,225.5,110.8,6700,15,22.8,34.2,57.5,39.5,5.9,PG/SG,6700,1,26.0,17.0,100,105,-2%,14,16,18,31,34,36,36.9,40.0,30.0,50.0,34.0,38.3,5.7,31.8,61.0,9.1,39.5,5.9,38.3,34.0,5.7,38.9,5.800000000000001,33.666666666666664,16.0,39.160000000000004,38.166666666666664,39.28514851485149,1.4123934825102777,1.0570562064583962,1.2046054978051297,1.6506588333998602,0.913537617622904
15,1,Allen Crabbe,SG,,2020-02-08,MIN,LAC,8.5,233.5,112.5,3000,28,0.8,6.2,10.5,11.5,3.83,SG/SF,3000,2,13.0,6.0,105,105,0%,4,4,5,17,18,19,8.1,10.7,4.4,17.0,15.0,10.0,3.3,17.0,6.5,2.2,11.5,3.83,10.0,15.0,3.3,10.75,3.565,18.0,4.333333333333333,10.19,5.833333333333333,8.958333333333334,-0.898006673603646,-0.6103810452407449,-0.9741281600090009,-0.9963977596944726,-0.5626019989239693
15,2,LeBron James,PG,,2020-02-08,LAL,GS,-14.5,225.0,119.8,10900,14,48.3,53.1,62.3,56.8,5.21,PG/SF,10900,1,34.0,26.0,103,110,4%,20,19,20,35,36,35,53.4,55.4,45.1,65.7,34.0,56.0,5.1,33.6,50.0,4.6,56.8,5.21,56.0,34.0,5.1,56.4,5.154999999999999,35.333333333333336,19.666666666666668,55.2,54.56666666666666,54.27169811320754,2.8486990857782586,1.0570562064583962,2.281266526304352,3.1162711134562318,0.48753759405568475
15,3,Christian Wood,PF,,2020-02-08,DET,NY,1.0,213.5,106.3,6700,25,15.3,30.9,52.0,40.0,5.97,PF/C,6700,0,21.0,22.0,101,110,8%,16,12,7,34,26,18,30.9,21.4,8.9,34.0,32.0,41.4,6.2,36.7,41.3,6.2,40.0,5.97,41.4,32.0,6.2,40.7,6.085,26.0,11.666666666666666,27.18,32.733333333333334,50.0923076923077,1.5601277731321275,0.8815364957532235,1.9810115036566156,0.5560182401906744,1.1017701861758604
15,4,Bogdan Bogdanovic,SG,,2020-02-08,SAC,SA,2.0,223.5,110.8,5200,4,14.0,30.3,41.5,29.8,5.72,SG/SF,5200,0,23.0,14.0,102,110,-1%,12,11,12,34,29,28,30.3,26.5,16.1,37.0,33.0,30.0,5.8,23.6,11.0,2.1,29.8,5.72,30.0,33.0,5.8,29.9,5.76,30.333333333333332,11.666666666666666,27.96,28.599999999999998,32.528571428571425,0.6737220294010303,0.9692963511058099,0.7192006895064567,0.627288662786932,0.8871190115102077
15,5,Josh Okogie,SG,,2020-02-08,MIN,LAC,8.5,233.5,112.5,4900,28,10.3,20.4,31.5,25.0,5.1,SG/SF,4900,2,16.0,11.0,105,105,0%,10,9,7,32,27,24,20.4,19.0,10.7,27.2,30.5,26.0,5.3,23.9,21.5,4.4,25.0,5.1,26.0,30.5,5.3,25.5,5.199999999999999,27.666666666666668,8.666666666666666,20.56,20.733333333333334,28.111445783132528,0.3125937634365094,0.7498967127243439,0.4018663351764769,-0.04886662851089568,0.5172585259324674
15,6,Willie Cauley-Stein,C,,2020-02-08,DAL,CHA,-2.5,213.0,107.8,3500,13,5.5,14.6,26.5,29.8,8.5,C,3500,0,14.0,16.0,99,111,8%,5,4,6,19,15,22,15.4,21.6,14.3,29.0,24.5,27.5,7.9,25.1,34.5,9.9,29.8,8.5,27.5,24.5,7.9,28.65,8.2,18.666666666666668,5.0,21.79,15.533333333333333,37.60312499999999,0.5711287720247459,0.22333758060882566,1.083765863867072,0.0635213455832027,2.498653984384646
15,7,DeMar DeRozan,SG,,2020-02-08,SA,SAC,-2.0,223.5,112.8,8100,17,37.8,44.3,51.3,40.3,4.97,SG/SF,8100,1,27.0,22.0,100,109,6%,19,19,16,35,35,35,44.1,40.2,32.0,48.4,35.0,42.1,5.2,29.7,25.3,3.1,40.3,4.97,42.1,35.0,5.2,41.2,5.085,35.0,18.0,41.18000000000001,44.46666666666666,41.2,1.6011650760826412,1.1448160618109826,1.342171917339711,1.835230953456835,0.44130503335846766
16,0,Terence Davis,PG,,2020-02-08,TOR,BKN,-6.5,219.0,112.8,3800,5,4.8,22.4,39.5,26.5,6.97,PG/SG,3800,0,18.0,16.0,104,106,-5%,10,8,6,26,20,18,22.4,17.5,6.4,28.6,28.5,28.3,7.4,30.2,35.0,9.2,26.5,6.97,28.3,28.5,7.4,27.4,7.1850000000000005,21.333333333333332,8.0,20.46,22.233333333333334,36.604687500000004,0.46853551464846155,0.5743770020191712,1.012036294723278,-0.058003862177082345,1.8282818542749928
16,1,Joe Harris,SG,,2020-02-08,BKN,TOR,6.5,219.0,106.3,5100,3,15.5,24.7,33.3,24.8,4.85,SG/SF,5100,2,18.0,12.0,103,102,4%,15,11,11,29,29,32,22.4,24.7,16.7,32.6,31.0,25.2,4.9,32.6,23.3,4.6,24.8,4.85,25.2,31.0,4.9,25.0,4.875,30.0,12.333333333333334,24.279999999999998,24.5,25.833333333333336,0.2715564604859957,0.7937766404006371,0.2382025860833077,0.2910384638712553,0.3026073512668152
16,2,Bogdan Bogdanovic,SG,,2020-02-08,SAC,SA,2.0,223.5,110.8,5200,4,14.0,30.3,41.5,29.8,5.72,SG/SF,5200,0,23.0,14.0,102,110,-1%,12,11,12,34,29,28,30.3,26.5,16.1,37.0,33.0,30.0,5.8,23.6,11.0,2.1,29.8,5.72,30.0,33.0,5.8,29.9,5.76,30.333333333333332,11.666666666666666,27.96,28.599999999999998,32.528571428571425,0.6737220294010303,0.9692963511058099,0.7192006895064567,0.627288662786932,0.8871190115102077
16,3,Marquese Chriss,PF,,2020-02-08,GS,LAL,14.5,225.0,105.3,5500,5,20.3,24.9,32.8,26.3,4.77,PF/C,5500,2,19.0,18.0,103,104,-8%,8,8,6,27,27,19,24.9,20.0,11.2,28.9,28.5,29.9,5.4,27.3,45.3,8.2,26.3,4.77,29.9,28.5,5.4,28.1,5.085,24.333333333333332,7.333333333333333,22.619999999999997,26.0,32.91164383561644,0.525987738779181,0.5743770020191712,0.7467213091829163,0.13936038501255346,0.44130503335846766
16,4,DeMar DeRozan,SG,,2020-02-08,SA,SAC,-2.0,223.5,112.8,8100,17,37.8,44.3,51.3,40.3,4.97,SG/SF,8100,1,27.0,22.0,100,109,6%,19,19,16,35,35,35,44.1,40.2,32.0,48.4,35.0,42.1,5.2,29.7,25.3,3.1,40.3,4.97,42.1,35.0,5.2,41.2,5.085,35.0,18.0,41.18000000000001,44.46666666666666,41.2,1.6011650760826412,1.1448160618109826,1.342171917339711,1.835230953456835,0.44130503335846766
16,5,LeBron James,PG,,2020-02-08,LAL,GS,-14.5,225.0,119.8,10900,14,48.3,53.1,62.3,56.8,5.21,PG/SF,10900,1,34.0,26.0,103,110,4%,20,19,20,35,36,35,53.4,55.4,45.1,65.7,34.0,56.0,5.1,33.6,50.0,4.6,56.8,5.21,56.0,34.0,5.1,56.4,5.154999999999999,35.333333333333336,19.666666666666668,55.2,54.56666666666666,54.27169811320754,2.8486990857782586,1.0570562064583962,2.281266526304352,3.1162711134562318,0.48753759405568475
16,6,Christian Wood,PF,,2020-02-08,DET,NY,1.0,213.5,106.3,6700,25,15.3,30.9,52.0,40.0,5.97,PF/C,6700,0,21.0,22.0,101,110,8%,16,12,7,34,26,18,30.9,21.4,8.9,34.0,32.0,41.4,6.2,36.7,41.3,6.2,40.0,5.97,41.4,32.0,6.2,40.7,6.085,26.0,11.666666666666666,27.18,32.733333333333334,50.0923076923077,1.5601277731321275,0.8815364957532235,1.9810115036566156,0.5560182401906744,1.1017701861758604
16,7,Avery Bradley,SG,,2020-02-08,LAL,GS,-14.5,225.0,119.8,3500,11,10.3,19.3,24.0,14.5,4.14,SG,3500,1,16.0,8.0,103,110,7%,10,8,8,23,22,23,19.3,14.4,7.1,21.6,22.0,14.0,4.0,30.4,35.0,10.0,14.5,4.14,14.0,22.0,4.0,14.25,4.07,22.666666666666668,8.666666666666666,15.330000000000002,17.866666666666667,13.830882352941176,-0.6107455529500498,0.003937942227359709,-0.6240753607015922,-0.526743949252468,-0.22906709675118575
17,0,Malcolm Brogdon,PG,,2020-02-08,IND,NO,-4.0,225.5,114.8,6500,21,29.0,36.3,43.5,37.8,5.81,PG,6500,0,27.0,19.0,106,109,5%,15,14,15,35,34,32,36.3,37.6,28.8,46.5,32.5,38.3,5.9,30.6,36.0,5.5,37.8,5.81,38.3,32.5,5.9,38.05,5.855,33.666666666666664,14.666666666666666,37.45,36.266666666666666,36.73143564356435,1.3426300674944043,0.9254164234295167,1.021142112290874,1.4944121377080648,0.9498632010278604
17,1,Terence Davis,PG,,2020-02-08,TOR,BKN,-6.5,219.0,112.8,3800,5,4.8,22.4,39.5,26.5,6.97,PG/SG,3800,0,18.0,16.0,104,106,-5%,10,8,6,26,20,18,22.4,17.5,6.4,28.6,28.5,28.3,7.4,30.2,35.0,9.2,26.5,6.97,28.3,28.5,7.4,27.4,7.1850000000000005,21.333333333333332,8.0,20.46,22.233333333333334,36.604687500000004,0.46853551464846155,0.5743770020191712,1.012036294723278,-0.058003862177082345,1.8282818542749928
17,2,JJ Redick,SG,,2020-02-08,NO,IND,4.0,225.5,110.8,4100,15,0.0,18.8,27.3,24.8,6.04,SG/SF,4100,1,20.0,15.0,100,105,-16%,12,10,11,22,23,28,23.9,23.8,14.7,33.0,29.0,24.5,6.0,27.5,39.5,9.6,24.8,6.04,24.5,29.0,6.0,24.65,6.02,24.333333333333332,11.0,24.01,15.366666666666667,29.377397260273973,0.24283034842063594,0.6182569296954643,0.4928145958460798,0.2663679329725511,1.0588399512427296
17,3,Rodions Kurucs,SF,,2020-02-08,BKN,TOR,6.5,219.0,106.3,3200,21,1.0,12.3,22.8,12.8,3.98,SF/PF,3200,2,16.0,10.0,103,102,5%,6,5,4,15,13,13,12.3,10.0,3.1,16.8,13.0,10.5,3.3,0.0,0.0,0.0,12.8,3.98,10.5,13.0,3.3,11.65,3.6399999999999997,13.666666666666666,5.0,10.77,12.033333333333333,11.081707317073171,-0.8241395282927213,-0.7859007559459177,-0.8215811042495749,-0.943401804430589,-0.513067112462665
17,4,LeBron James,PG,,2020-02-08,LAL,GS,-14.5,225.0,119.8,10900,14,48.3,53.1,62.3,56.8,5.21,PG/SF,10900,1,34.0,26.0,103,110,4%,20,19,20,35,36,35,53.4,55.4,45.1,65.7,34.0,56.0,5.1,33.6,50.0,4.6,56.8,5.21,56.0,34.0,5.1,56.4,5.154999999999999,35.333333333333336,19.666666666666668,55.2,54.56666666666666,54.27169811320754,2.8486990857782586,1.0570562064583962,2.281266526304352,3.1162711134562318,0.48753759405568475
17,5,Pascal Siakam,PF,,2020-02-08,TOR,BKN,-6.5,219.0,112.8,8200,21,21.0,38.2,49.8,42.3,5.15,PF/C,8200,0,29.0,19.0,104,106,-5%,19,16,20,37,34,35,37.8,42.8,32.5,53.1,35.5,43.3,5.3,33.6,36.8,4.5,42.3,5.15,43.3,35.5,5.3,42.8,5.225,35.333333333333336,18.333333333333332,41.8,36.333333333333336,43.00188679245282,1.7324844455242847,1.1886959894872757,1.4716227475304193,1.8918818021871926,0.5337701547529025
17,6,Ivica Zubac,C,,2020-02-08,LAC,MIN,-8.5,233.5,121.0,4600,7,18.5,23.9,30.0,22.5,4.89,C,4600,2,17.0,21.0,105,109,-1%,6,5,6,23,22,18,23.9,21.0,13.2,28.8,20.5,22.4,4.9,16.4,17.5,3.8,22.5,4.89,22.4,20.5,4.9,22.45,4.895,21.0,5.666666666666667,21.87,24.133333333333336,21.91547619047619,0.06226621543837553,-0.12770184080151986,-0.04326340935865272,0.07083113251615235,0.3158166543231628
17,7,Joe Harris,SG,,2020-02-08,BKN,TOR,6.5,219.0,106.3,5100,3,15.5,24.7,33.3,24.8,4.85,SG/SF,5100,2,18.0,12.0,103,102,4%,15,11,11,29,29,32,22.4,24.7,16.7,32.6,31.0,25.2,4.9,32.6,23.3,4.6,24.8,4.85,25.2,31.0,4.9,25.0,4.875,30.0,12.333333333333334,24.279999999999998,24.5,25.833333333333336,0.2715564604859957,0.7937766404006371,0.2382025860833077,0.2910384638712553,0.3026073512668152
18,0,De'Aaron Fox,PG,,2020-02-08,SAC,SA,2.0,223.5,110.8,8000,16,31.3,42.1,61.8,44.8,5.59,PG,8000,0,31.0,21.0,102,110,3%,16,17,16,35,33,33,42.0,40.1,29.0,51.2,34.0,45.0,5.6,26.0,22.0,2.8,44.8,5.59,45.0,34.0,5.6,44.9,5.595,33.666666666666664,16.333333333333332,41.440000000000005,45.06666666666666,45.34455445544555,1.9048411179164426,1.0570562064583962,1.6399242607584072,1.8589877609889207,0.7781422612953378
18,1,Allen Crabbe,SG,,2020-02-08,MIN,LAC,8.5,233.5,112.5,3000,28,0.8,6.2,10.5,11.5,3.83,SG/SF,3000,2,13.0,6.0,105,105,0%,4,4,5,17,18,19,8.1,10.7,4.4,17.0,15.0,10.0,3.3,17.0,6.5,2.2,11.5,3.83,10.0,15.0,3.3,10.75,3.565,18.0,4.333333333333333,10.19,5.833333333333333,8.958333333333334,-0.898006673603646,-0.6103810452407449,-0.9741281600090009,-0.9963977596944726,-0.5626019989239693
18,2,Rodions Kurucs,SF,,2020-02-08,BKN,TOR,6.5,219.0,106.3,3200,21,1.0,12.3,22.8,12.8,3.98,SF/PF,3200,2,16.0,10.0,103,102,5%,6,5,4,15,13,13,12.3,10.0,3.1,16.8,13.0,10.5,3.3,0.0,0.0,0.0,12.8,3.98,10.5,13.0,3.3,11.65,3.6399999999999997,13.666666666666666,5.0,10.77,12.033333333333333,11.081707317073171,-0.8241395282927213,-0.7859007559459177,-0.8215811042495749,-0.943401804430589,-0.513067112462665
18,3,Christian Wood,PF,,2020-02-08,DET,NY,1.0,213.5,106.3,6700,25,15.3,30.9,52.0,40.0,5.97,PF/C,6700,0,21.0,22.0,101,110,8%,16,12,7,34,26,18,30.9,21.4,8.9,34.0,32.0,41.4,6.2,36.7,41.3,6.2,40.0,5.97,41.4,32.0,6.2,40.7,6.085,26.0,11.666666666666666,27.18,32.733333333333334,50.0923076923077,1.5601277731321275,0.8815364957532235,1.9810115036566156,0.5560182401906744,1.1017701861758604
18,4,Fred VanVleet,PG,,2020-02-08,TOR,BKN,-6.5,219.0,112.8,6900,5,30.5,36.1,44.0,39.0,5.65,PG/SG,6900,0,23.0,17.0,104,106,7%,12,12,15,39,36,37,36.0,38.5,29.1,47.9,37.5,42.1,6.1,33.0,41.0,5.9,39.0,5.65,42.1,37.5,6.1,40.55,5.875,37.333333333333336,13.0,38.410000000000004,36.86666666666667,40.73102678571428,1.547816582246973,1.3642157001924486,1.3084800271606105,1.5821295809034588,0.963072504084208
18,5,LeBron James,PG,,2020-02-08,LAL,GS,-14.5,225.0,119.8,10900,14,48.3,53.1,62.3,56.8,5.21,PG/SF,10900,1,34.0,26.0,103,110,4%,20,19,20,35,36,35,53.4,55.4,45.1,65.7,34.0,56.0,5.1,33.6,50.0,4.6,56.8,5.21,56.0,34.0,5.1,56.4,5.154999999999999,35.333333333333336,19.666666666666668,55.2,54.56666666666666,54.27169811320754,2.8486990857782586,1.0570562064583962,2.281266526304352,3.1162711134562318,0.48753759405568475
18,6,Naz Reid,PF,,2020-02-08,MIN,LAC,8.5,233.5,112.5,3400,6,-0.5,5.5,17.0,11.5,3.38,PF/C,3400,2,,,105,105,4%,3,2,6,8,5,11,5.5,12.3,2.5,22.2,12.0,12.3,3.6,13.8,28.3,8.3,11.5,3.38,12.3,12.0,3.6,11.9,3.49,8.0,3.6666666666666665,10.879999999999999,7.333333333333333,17.85,-0.8036208768174644,-0.873660611298504,-0.33533462614209064,-0.9333508473977834,-0.6121368853852736
18,7,Andrew Wiggins,SG,,2020-02-08,GS,LAL,14.5,225.0,105.3,7900,14,23.3,37.4,63.8,37.8,4.78,SG/SF,7900,2,28.0,16.0,103,104,-7%,16,16,19,36,35,35,37.4,38.0,27.4,48.7,31.0,36.0,4.6,30.9,42.5,5.4,37.8,4.78,36.0,31.0,4.6,36.9,4.6899999999999995,35.333333333333336,17.0,37.68,41.5,32.37452830188679,1.2482442707082226,0.7937766404006371,0.7081339506202952,1.5154277751402943,0.18042129799559722
19,0,Jalen Brunson,PG,,2020-02-08,DAL,CHA,-2.5,213.0,107.8,6100,13,16.5,27.1,44.5,29.3,4.8,PG/SG,6100,0,22.0,16.0,99,111,-4%,12,12,7,32,28,18,27.1,17.1,6.1,28.2,31.0,31.4,5.1,27.3,24.0,3.9,29.3,4.8,31.4,31.0,5.1,30.35,4.949999999999999,26.0,10.333333333333334,21.77,29.366666666666664,36.18653846153846,0.7106556020564929,0.7937766404006371,0.98199570593656,0.061693898849965366,0.3521422377281192
19,1,JJ Redick,SG,,2020-02-08,NO,IND,4.0,225.5,110.8,4100,15,0.0,18.8,27.3,24.8,6.04,SG/SF,4100,1,20.0,15.0,100,105,-16%,12,10,11,22,23,28,23.9,23.8,14.7,33.0,29.0,24.5,6.0,27.5,39.5,9.6,24.8,6.04,24.5,29.0,6.0,24.65,6.02,24.333333333333332,11.0,24.01,15.366666666666667,29.377397260273973,0.24283034842063594,0.6182569296954643,0.4928145958460798,0.2663679329725511,1.0588399512427296
19,2,Bruce Brown,PG,,2020-02-08,DET,NY,1.0,213.5,106.3,5200,6,12.0,26.6,46.5,25.0,4.81,PG/SF,5200,0,17.0,12.0,101,110,-1%,9,9,8,33,32,28,26.6,23.4,13.2,33.7,32.0,28.4,5.5,35.0,22.3,4.3,25.0,4.81,28.4,32.0,5.5,26.7,5.154999999999999,31.0,8.666666666666666,24.720000000000002,28.366666666666664,27.561290322580643,0.41108329051774234,0.8815364957532235,0.36234216451232143,0.3312422920024779,0.48753759405568475
19,3,Thon Maker,PF,,2020-02-08,DET,NY,1.0,213.5,106.3,3300,25,5.0,12.0,33.3,20.8,6.29,PF/C,3300,0,15.0,13.0,101,110,-3%,7,4,3,22,16,12,12.0,9.8,1.5,18.1,27.0,23.9,7.2,29.0,19.3,5.8,20.8,6.29,23.9,27.0,7.2,22.35,6.745,16.666666666666668,4.666666666666667,12.750000000000002,16.766666666666666,36.207,0.05405875484827296,0.4427372189902916,0.9834657001403689,-0.7624845778400889,1.5376771870353396
19,4,Devin Booker,PG,,2020-02-08,PHO,DEN,3.5,218.0,107.3,8300,11,22.5,38.8,50.8,43.5,5.24,PG/SG,8300,0,30.0,21.0,100,106,-4%,17,16,18,36,35,36,38.8,42.9,30.7,55.2,37.0,42.1,5.1,36.8,40.8,4.9,43.5,5.24,42.1,37.0,5.1,42.8,5.17,35.666666666666664,17.0,42.08,37.36666666666667,44.4,1.7324844455242847,1.3203357725161553,1.5720657477098077,1.9174660564525159,0.497444571347946
19,5,Damion Lee,SG,,2020-02-08,GS,LAL,14.5,225.0,105.3,5500,14,9.3,21.9,32.8,28.3,5.14,SG/SF,5500,2,19.0,12.0,103,104,2%,13,10,10,32,30,29,21.9,24.8,14.4,35.2,32.5,29.0,5.3,22.4,20.8,3.8,28.3,5.14,29.0,32.5,5.3,28.65,5.22,30.333333333333332,11.0,24.990000000000002,21.333333333333332,30.69642857142857,0.5711287720247459,0.9254164234295167,0.587576208502149,0.35591282290118237,0.5304678289888155
19,6,Ivica Zubac,C,,2020-02-08,LAC,MIN,-8.5,233.5,121.0,4600,7,18.5,23.9,30.0,22.5,4.89,C,4600,2,17.0,21.0,105,109,-1%,6,5,6,23,22,18,23.9,21.0,13.2,28.8,20.5,22.4,4.9,16.4,17.5,3.8,22.5,4.89,22.4,20.5,4.9,22.45,4.895,21.0,5.666666666666667,21.87,24.133333333333336,21.91547619047619,0.06226621543837553,-0.12770184080151986,-0.04326340935865272,0.07083113251615235,0.3158166543231628
19,7,Jrue Holiday,PG,,2020-02-08,NO,IND,4.0,225.5,110.8,6700,15,22.8,34.2,57.5,39.5,5.9,PG/SG,6700,1,26.0,17.0,100,105,-2%,14,16,18,31,34,36,36.9,40.0,30.0,50.0,34.0,38.3,5.7,31.8,61.0,9.1,39.5,5.9,38.3,34.0,5.7,38.9,5.800000000000001,33.666666666666664,16.0,39.160000000000004,38.166666666666664,39.28514851485149,1.4123934825102777,1.0570562064583962,1.2046054978051297,1.6506588333998602,0.913537617622904
20,0,Spencer Dinwiddie,PG,,2020-02-08,BKN,TOR,6.5,219.0,106.3,7800,18,20.3,32.6,42.3,38.3,4.9,PG/SG,7800,2,31.0,18.0,103,102,-3%,10,14,17,27,29,32,32.6,37.8,27.7,47.9,33.0,38.8,5.0,36.4,49.5,6.3,38.3,4.9,38.8,33.0,5.0,38.55,4.95,29.333333333333332,13.666666666666666,36.910000000000004,31.733333333333334,43.36875,1.3836673704449178,0.9692963511058099,1.4979788687819444,1.445071075910656,0.35214223772811976
20,1,Kent Bazemore,SG,,2020-02-08,SAC,SA,2.0,223.5,110.8,3200,4,8.8,16.2,21.8,19.5,6.09,SG/SF,3200,0,16.0,8.0,102,110,-1%,7,7,8,24,20,25,16.2,18.4,11.4,25.5,24.0,17.1,5.3,26.8,25.3,7.9,19.5,6.09,17.1,24.0,5.3,18.3,5.695,23.0,7.333333333333333,17.96,15.6,19.095652173913045,-0.27834339905088845,0.17945765293253246,-0.24584470440155695,-0.2864347038317538,0.8441887765770775
20,2,Dorian Finney-Smith,SF,,2020-02-08,DAL,CHA,-2.5,213.0,107.8,5900,20,19.3,31.0,44.8,24.0,4.07,SF/PF,5900,0,13.0,13.0,99,111,-1%,10,9,7,34,33,30,30.9,21.8,14.0,29.6,33.5,28.9,4.9,31.5,21.0,3.6,24.0,4.07,28.9,33.5,4.9,26.45,4.485,32.333333333333336,8.666666666666666,24.550000000000004,31.7,27.404381443298966,0.3905646390424855,1.013176278782103,0.351069544738214,0.3157089947699604,0.045025941668032254
20,3,Taurean Prince,PF,,2020-02-08,BKN,TOR,6.5,219.0,106.3,5000,27,14.3,26.6,42.3,24.3,4.85,PF,5000,2,20.0,10.0,103,102,4%,10,11,12,25,27,30,26.6,26.9,17.7,36.1,29.0,26.9,5.4,27.4,27.5,5.5,24.3,4.85,26.9,29.0,5.4,25.6,5.125,27.333333333333332,11.0,26.580000000000002,27.733333333333334,27.1609756097561,0.3208012240266123,0.6182569296954643,0.33358282617334034,0.5011948381935534,0.4677236394711634
20,4,Frank Jackson,PG,,2020-02-08,NO,IND,4.0,225.5,110.8,3000,15,0.0,4.4,13.0,6.3,2.08,PG,3000,1,20.0,8.0,100,105,-2%,2,2,5,6,7,13,4.3,9.1,0.1,18.0,0.0,0.0,0.0,22.0,16.5,5.5,6.3,2.08,0.0,0.0,0.0,3.15,1.04,8.666666666666666,3.0,6.93,5.8,0.0,-1.521773678451455,-1.9267788755295405,-1.6177111486752882,-1.2942715772121642,-2.230276509787886
20,5,PJ Washington,PF,,2020-02-08,CHA,DAL,2.5,213.0,105.3,4200,23,7.5,19.5,29.3,24.8,5.89,PF/C,4200,3,18.0,13.0,101,109,-1%,10,9,10,23,27,30,19.5,25.7,16.3,35.1,29.5,24.0,5.7,29.2,21.8,5.2,24.8,5.89,24.0,29.5,5.7,24.4,5.795,26.666666666666668,9.666666666666666,24.2,18.766666666666666,26.992499999999996,0.22231169694537908,0.6621368573717575,0.3214792314074752,0.28372867693830595,0.9102352918588165
20,6,Ivica Zubac,C,,2020-02-08,LAC,MIN,-8.5,233.5,121.0,4600,7,18.5,23.9,30.0,22.5,4.89,C,4600,2,17.0,21.0,105,109,-1%,6,5,6,23,22,18,23.9,21.0,13.2,28.8,20.5,22.4,4.9,16.4,17.5,3.8,22.5,4.89,22.4,20.5,4.9,22.45,4.895,21.0,5.666666666666667,21.87,24.133333333333336,21.91547619047619,0.06226621543837553,-0.12770184080151986,-0.04326340935865272,0.07083113251615235,0.3158166543231628
20,7,Kelly Oubre Jr.,SF,,2020-02-08,PHO,DEN,3.5,218.0,107.3,7300,25,29.3,42.2,58.8,35.8,4.9,SF/PF,7300,0,22.0,15.0,100,106,-8%,19,18,15,39,38,35,42.2,35.3,24.6,46.0,38.0,36.0,4.9,42.1,32.5,4.5,35.8,4.9,36.0,38.0,4.9,35.9,4.9,37.333333333333336,17.333333333333332,36.8,43.43333333333334,36.54107142857143,1.1661696648071953,1.4080956278687418,1.0074660002439613,1.4350201188778497,0.31911898008725026
21,0,Jordan Bone,PG,,2020-02-08,DET,NY,1.0,213.5,106.3,3000,6,0.0,2.2,4.5,8.3,2.75,PG,3000,0,,,101,110,1%,3,2,2,9,6,5,2.1,1.7,-0.5,3.9,10.5,7.3,2.4,11.9,6.5,2.2,8.3,2.75,7.3,10.5,2.4,7.800000000000001,2.575,6.666666666666667,2.3333333333333335,3.0,2.2333333333333334,12.285000000000002,-1.140126761011677,-1.0053003943273837,-0.7351343655200875,-1.6533648602933078,-1.216462500213188
21,1,Jrue Holiday,PG,,2020-02-08,NO,IND,4.0,225.5,110.8,6700,15,22.8,34.2,57.5,39.5,5.9,PG/SG,6700,1,26.0,17.0,100,105,-2%,14,16,18,31,34,36,36.9,40.0,30.0,50.0,34.0,38.3,5.7,31.8,61.0,9.1,39.5,5.9,38.3,34.0,5.7,38.9,5.800000000000001,33.666666666666664,16.0,39.160000000000004,38.166666666666664,39.28514851485149,1.4123934825102777,1.0570562064583962,1.2046054978051297,1.6506588333998602,0.913537617622904
21,2,Mikal Bridges,SG,,2020-02-08,PHO,DEN,3.5,218.0,107.3,5100,5,12.0,25.9,37.0,22.8,4.46,SG/SF,5100,0,12.0,12.0,100,106,-8%,8,8,6,37,35,25,26.1,19.0,9.5,28.6,34.5,23.7,4.6,33.9,16.3,3.2,22.8,4.46,23.7,34.5,4.6,23.25,4.529999999999999,32.333333333333336,7.333333333333333,21.29,24.96666666666667,24.807989690721648,0.12792590015919758,1.1009361341346895,0.1645400306315487,0.01783517725226841,0.0747468735448143
21,3,Chris Boucher,PF,,2020-02-08,TOR,BKN,-6.5,219.0,112.8,3700,21,9.5,17.1,26.8,20.5,5.54,PF/C,3700,0,19.0,21.0,104,106,-5%,4,6,5,8,15,13,17.1,15.3,4.5,26.0,15.0,17.5,4.7,16.0,20.3,5.5,20.5,5.54,17.5,15.0,4.7,19.0,5.12,12.0,5.0,16.380000000000003,17.8,23.75,-0.22089117492016924,-0.6103810452407449,0.08853212360277561,-0.43080299575750597,0.4644213137070765
21,4,Spencer Dinwiddie,PG,,2020-02-08,BKN,TOR,6.5,219.0,106.3,7800,18,20.3,32.6,42.3,38.3,4.9,PG/SG,7800,2,31.0,18.0,103,102,-3%,10,14,17,27,29,32,32.6,37.8,27.7,47.9,33.0,38.8,5.0,36.4,49.5,6.3,38.3,4.9,38.8,33.0,5.0,38.55,4.95,29.333333333333332,13.666666666666666,36.910000000000004,31.733333333333334,43.36875,1.3836673704449178,0.9692963511058099,1.4979788687819444,1.445071075910656,0.35214223772811976
21,5,Rodney McGruder,SG,,2020-02-08,LAC,MIN,-8.5,233.5,121.0,3000,27,1.3,6.3,10.8,9.0,3.0,SG/SF,3000,2,10.0,6.0,105,109,2%,3,2,3,10,13,17,6.3,9.4,2.6,16.1,15.5,9.3,3.1,25.7,13.8,4.6,9.0,3.0,9.3,15.5,3.1,9.15,3.05,13.333333333333334,2.6666666666666665,8.709999999999999,6.133333333333333,10.636875,-1.02932604304529,-0.5665011175644518,-0.8535386683884364,-1.1316288179540381,-0.9027415526249266
21,6,Cody Zeller,C,,2020-02-08,CHA,DAL,2.5,213.0,105.3,5100,1,10.8,29.3,48.0,25.0,4.9,C,5100,3,21.0,19.0,101,109,-1%,9,10,9,20,25,23,29.3,24.2,14.3,34.2,25.0,25.7,5.0,21.0,18.5,3.6,25.0,4.9,25.7,25.0,5.0,25.35,4.95,22.666666666666668,9.333333333333334,25.47,29.366666666666664,27.959558823529413,0.30028257255135543,0.26721750828511887,0.3909544992619681,0.39977154449887903,0.35214223772811976
21,7,Jarrett Culver,PG,,2020-02-08,MIN,LAC,8.5,233.5,112.5,4300,7,9.8,13.5,16.5,24.0,5.58,PG/SF,4300,2,19.0,9.0,105,105,0%,7,6,9,24,25,25,13.4,19.5,9.4,29.6,26.0,20.9,4.9,23.0,12.5,2.9,24.0,5.58,20.9,26.0,4.9,22.45,5.24,24.666666666666668,7.333333333333333,18.87,13.266666666666666,23.663513513513514,0.06226621543837553,0.3549773636377052,0.0823187768360163,-0.20328587746945337,0.5436771320451637
22,0,Bruce Brown,PG,,2020-02-08,DET,NY,1.0,213.5,106.3,5200,6,12.0,26.6,46.5,25.0,4.81,PG/SF,5200,0,17.0,12.0,101,110,-1%,9,9,8,33,32,28,26.6,23.4,13.2,33.7,32.0,28.4,5.5,35.0,22.3,4.3,25.0,4.81,28.4,32.0,5.5,26.7,5.154999999999999,31.0,8.666666666666666,24.720000000000002,28.366666666666664,27.561290322580643,0.41108329051774234,0.8815364957532235,0.36234216451232143,0.3312422920024779,0.48753759405568475
22,1,Josh Okogie,SG,,2020-02-08,MIN,LAC,8.5,233.5,112.5,4900,28,10.3,20.4,31.5,25.0,5.1,SG/SF,4900,2,16.0,11.0,105,105,0%,10,9,7,32,27,24,20.4,19.0,10.7,27.2,30.5,26.0,5.3,23.9,21.5,4.4,25.0,5.1,26.0,30.5,5.3,25.5,5.199999999999999,27.666666666666668,8.666666666666666,20.56,20.733333333333334,28.111445783132528,0.3125937634365094,0.7498967127243439,0.4018663351764769,-0.04886662851089568,0.5172585259324674
22,2,Cameron Johnson,SF,,2020-02-08,PHO,DEN,3.5,218.0,107.3,3000,25,1.3,11.7,25.5,11.0,3.67,SF/PF,3000,0,15.0,12.0,100,106,-4%,8,5,6,19,16,20,11.7,14.8,6.2,23.5,16.5,10.8,3.6,23.6,23.0,7.7,11.0,3.67,10.8,16.5,3.6,10.9,3.635,18.333333333333332,6.333333333333333,13.420000000000002,12.833333333333334,9.81,-0.8856954827184919,-0.47874126221186536,-0.9129428749469595,-0.701265112276637,-0.516369438226752
22,3,Patrick Patterson,PF,,2020-02-08,LAC,MIN,-8.5,233.5,121.0,3000,19,0.0,7.9,16.5,13.8,4.58,PF/C,3000,2,15.0,12.0,105,109,-2%,1,2,4,5,10,13,7.9,10.0,1.9,18.1,17.0,13.0,4.3,7.4,5.5,1.8,13.8,4.58,13.0,17.0,4.3,13.4,4.4399999999999995,9.333333333333334,2.3333333333333335,10.26,8.133333333333333,24.40714285714286,-0.6805089679659232,-0.4348613345355722,0.13574246376806348,-0.9900016961281418,0.01530500979124904
22,4,Torrey Craig,SG,,2020-02-08,DEN,PHO,-3.5,218.0,110.8,4000,7,11.3,21.7,34.5,19.3,4.81,SG/SF,4000,2,12.0,10.0,104,108,1%,6,6,4,28,26,17,21.6,11.8,2.2,21.4,29.0,19.2,4.8,31.9,15.3,3.8,19.3,4.81,19.2,29.0,4.8,19.25,4.805,23.666666666666668,5.333333333333333,15.25,22.5,23.58802816901408,-0.20037252344491238,0.6182569296954643,0.07689577215358467,-0.5340537361854176,0.25637479056959755
22,5,Miles Bridges,SF,,2020-02-08,CHA,DAL,2.5,213.0,105.3,6200,16,23.0,36.6,44.8,28.0,4.52,SF/PF,6200,3,19.0,12.0,101,109,1%,16,16,11,37,34,31,36.5,25.5,15.3,35.8,35.0,29.3,4.7,35.6,25.8,4.2,28.0,4.52,29.3,35.0,4.7,28.65,4.609999999999999,34.0,14.333333333333334,28.35,34.800000000000004,29.49264705882353,0.5711287720247459,1.1448160618109826,0.5010943513579359,0.6629238740850607,0.12758408577020575
22,6,Derrick Favors,C,,2020-02-08,NO,IND,4.0,225.5,110.8,5000,5,10.8,22.0,29.8,32.5,6.5,C,5000,1,15.0,20.0,100,105,-6%,4,5,7,22,22,25,21.7,29.1,18.1,40.2,27.5,30.5,6.1,24.5,31.8,6.4,32.5,6.5,30.5,27.5,6.1,31.5,6.3,23.0,5.333333333333333,28.119999999999997,20.866666666666664,37.663043478260875,0.8050413988426743,0.4866171466665848,1.0880705165162412,0.6419082366528306,1.2437701940315997
22,7,Landry Shamet,SG,,2020-02-08,LAC,MIN,-8.5,233.5,121.0,4400,27,8.3,22.9,35.8,21.5,4.89,SG/SF,4400,2,14.0,9.0,105,109,2%,9,10,8,30,32,30,22.9,18.3,10.4,26.2,33.5,20.0,4.5,28.8,12.5,2.8,21.5,4.89,20.0,33.5,4.5,20.75,4.695,30.666666666666668,9.0,19.71,22.333333333333332,22.66711956521739,-0.07726061459337114,1.013176278782103,0.010736020169959955,-0.12653311467348377,0.1837236237596847
23,0,Bruce Brown,PG,,2020-02-08,DET,NY,1.0,213.5,106.3,5200,6,12.0,26.6,46.5,25.0,4.81,PG/SF,5200,0,17.0,12.0,101,110,-1%,9,9,8,33,32,28,26.6,23.4,13.2,33.7,32.0,28.4,5.5,35.0,22.3,4.3,25.0,4.81,28.4,32.0,5.5,26.7,5.154999999999999,31.0,8.666666666666666,24.720000000000002,28.366666666666664,27.561290322580643,0.41108329051774234,0.8815364957532235,0.36234216451232143,0.3312422920024779,0.48753759405568475
23,1,Aaron Holiday,PG,,2020-02-08,IND,NO,-4.0,225.5,114.8,3500,21,5.3,18.6,31.0,16.5,4.71,PG/SG,3500,0,21.0,13.0,106,109,5%,6,8,9,17,23,24,18.6,20.8,9.7,31.9,18.0,16.2,4.6,7.6,5.0,1.4,16.5,4.71,16.2,18.0,4.6,16.35,4.654999999999999,21.333333333333332,7.666666666666667,19.470000000000006,18.3,13.795312500000001,-0.438388880557892,-0.3471014791829858,-0.6266307637448258,-0.14846247547233177,0.1573050176469884
23,2,Kevin Knox II,SF,,2020-02-08,NY,DET,-1.0,213.5,107.3,3300,4,2.0,8.7,19.0,14.5,4.39,SF/PF,3300,1,18.0,9.0,101,110,0%,7,6,7,17,16,19,8.7,14.2,6.9,21.4,18.5,13.5,4.1,18.1,8.8,2.7,14.5,4.39,13.5,18.5,4.1,14.0,4.244999999999999,17.333333333333332,6.666666666666667,13.039999999999997,9.9,14.942307692307693,-0.6312642044253067,-0.3032215515066926,-0.5442285393149192,-0.7359866002081474,-0.11348569500814273
23,3,Bobby Portis,PF,,2020-02-08,NY,DET,-1.0,213.5,107.3,3800,10,5.8,11.3,17.3,17.0,4.47,PF/C,3800,1,21.0,14.0,101,110,4%,8,7,9,23,20,22,11.3,20.3,10.3,30.4,18.5,16.9,4.4,18.2,20.0,5.3,17.0,4.47,16.9,18.5,4.4,16.95,4.4350000000000005,21.666666666666668,8.0,17.85,11.466666666666669,14.472692307692308,-0.38914411701727564,-0.3032215515066926,-0.5779665641805309,-0.29648566086455924,0.012002684027162733
23,4,Kentavious Caldwell-Pope,SG,,2020-02-08,LAL,GS,-14.5,225.0,119.8,3500,11,6.3,13.2,21.5,19.0,5.43,SG/SF,3500,1,15.0,12.0,103,110,7%,6,6,8,26,26,26,13.2,17.8,11.0,24.6,25.0,17.7,5.1,3.5,3.5,1.0,19.0,5.43,17.7,25.0,5.1,18.35,5.265,26.0,6.666666666666667,16.99,13.666666666666666,17.64423076923077,-0.274239668755837,0.26721750828511887,-0.35011746259016785,-0.3750658703937665,0.5601887608655982
23,5,Tony Snell,SG,,2020-02-08,DET,NY,1.0,213.5,106.3,3700,2,9.5,18.5,25.0,17.8,4.8,SG/SF,3700,0,12.0,9.0,101,110,-1%,10,9,7,34,33,28,18.4,15.5,9.3,21.7,32.5,19.3,5.2,34.4,16.0,4.3,17.8,4.8,19.3,32.5,5.2,18.55,5.0,31.666666666666668,8.666666666666666,16.689999999999998,17.666666666666668,19.03815789473684,-0.25782474757563156,0.9254164234295167,-0.24997519817161484,-0.40247757139232715,0.3851654953689893
23,6,Naz Reid,PF,,2020-02-08,MIN,LAC,8.5,233.5,112.5,3400,6,-0.5,5.5,17.0,11.5,3.38,PF/C,3400,2,,,105,105,4%,3,2,6,8,5,11,5.5,12.3,2.5,22.2,12.0,12.3,3.6,13.8,28.3,8.3,11.5,3.38,12.3,12.0,3.6,11.9,3.49,8.0,3.6666666666666665,10.879999999999999,7.333333333333333,17.85,-0.8036208768174644,-0.873660611298504,-0.33533462614209064,-0.9333508473977834,-0.6121368853852736
23,7,Jarrett Culver,PG,,2020-02-08,MIN,LAC,8.5,233.5,112.5,4300,7,9.8,13.5,16.5,24.0,5.58,PG/SF,4300,2,19.0,9.0,105,105,0%,7,6,9,24,25,25,13.4,19.5,9.4,29.6,26.0,20.9,4.9,23.0,12.5,2.9,24.0,5.58,20.9,26.0,4.9,22.45,5.24,24.666666666666668,7.333333333333333,18.87,13.266666666666666,23.663513513513514,0.06226621543837553,0.3549773636377052,0.0823187768360163,-0.20328587746945337,0.5436771320451637
24,0,Jamal Murray,PG,,2020-02-08,DEN,PHO,-3.5,218.0,110.8,6100,23,10.3,30.4,42.0,34.0,5.57,PG,6100,2,26.0,17.0,104,108,4%,18,17,16,31,33,33,33.3,34.1,23.6,44.7,33.5,34.7,5.7,35.3,54.3,8.9,34.0,5.57,34.7,33.5,5.7,34.35,5.635,32.333333333333336,17.0,34.010000000000005,27.566666666666666,35.58943298969072,1.038954025660603,1.013176278782103,0.9390985609184285,1.1800912995912372,0.8045608674080336
24,1,Wayne Ellington,SG,,2020-02-08,NY,DET,-1.0,213.5,107.3,3000,9,5.0,10.3,18.8,8.3,2.75,SG/SF,3000,1,15.0,7.0,101,110,-6%,5,4,4,13,16,14,10.3,8.8,2.4,15.3,0.0,0.0,0.0,26.8,29.3,9.8,8.3,2.75,0.0,0.0,0.0,4.15,1.375,14.333333333333334,4.333333333333333,8.190000000000001,11.366666666666667,0.0,-1.4396990725504275,-1.9267788755295405,-1.6177111486752882,-1.1791424330182096,-2.009020683594059
24,2,Danny Green,SF,,2020-02-08,LAL,GS,-14.5,225.0,119.8,4200,13,12.3,19.9,28.0,20.0,4.76,SF,4200,1,15.0,12.0,103,110,7%,6,7,7,25,25,25,19.9,19.3,10.3,28.3,24.0,19.6,4.7,29.5,14.5,3.5,20.0,4.76,19.6,24.0,4.7,19.8,4.73,25.0,6.666666666666667,19.52,20.066666666666666,19.008000000000003,-0.1552314901993472,0.17945765293253246,-0.2521417962769117,-0.14389385863923893,0.20683990410829353
24,3,Timothe Luwawu-Cabarrot,SF,,2020-02-08,BKN,TOR,6.5,219.0,106.3,3000,21,1.3,7.9,22.3,8.0,2.67,SF/PF,3000,2,14.0,9.0,103,102,-1%,4,2,4,14,8,15,7.8,9.8,2.2,17.3,0.0,0.0,0.0,15.4,8.0,2.7,8.0,2.67,0.0,0.0,0.0,4.0,1.335,12.333333333333334,3.3333333333333335,8.220000000000002,10.5,0.0,-1.4520102634355816,-1.9267788755295405,-1.6177111486752882,-1.1764012629183536,-2.0354392897067553
24,4,E'Twaun Moore,SG,,2020-02-08,NO,IND,4.0,225.5,110.8,3000,15,3.5,10.1,17.3,19.0,6.33,SG/SF,3000,1,21.0,12.0,100,105,-2%,8,8,9,14,15,20,11.8,17.5,9.0,26.1,21.5,18.2,6.1,22.9,12.0,4.0,19.0,6.33,18.2,21.5,6.1,18.6,6.215,16.333333333333332,8.333333333333334,16.6,10.299999999999999,24.483673469387757,-0.2537210172805801,-0.03994198544893348,0.14124056238979732,-0.41070108169189495,1.1876306560421215
24,5,Naz Reid,PF,,2020-02-08,MIN,LAC,8.5,233.5,112.5,3400,6,-0.5,5.5,17.0,11.5,3.38,PF/C,3400,2,,,105,105,4%,3,2,6,8,5,11,5.5,12.3,2.5,22.2,12.0,12.3,3.6,13.8,28.3,8.3,11.5,3.38,12.3,12.0,3.6,11.9,3.49,8.0,3.6666666666666665,10.879999999999999,7.333333333333333,17.85,-0.8036208768174644,-0.873660611298504,-0.33533462614209064,-0.9333508473977834,-0.6121368853852736
24,6,Kevon Looney,PF,,2020-02-08,GS,LAL,14.5,225.0,105.3,3200,5,5.0,12.4,23.8,17.0,5.31,PF/C,3200,2,,,103,104,-7%,6,3,4,14,11,11,12.4,9.7,3.9,15.4,19.5,18.7,5.8,14.4,2.8,0.9,17.0,5.31,18.7,19.5,5.8,17.85,5.555,12.0,4.333333333333333,11.85,13.733333333333334,29.00625,-0.3152769717063507,-0.21546169615410624,0.4661507004411577,-0.8447196808357709,0.7517236551826421
24,7,Harrison Barnes,SF,,2020-02-08,SAC,SA,2.0,223.5,110.8,4700,27,11.5,17.8,31.8,25.5,5.43,SF,4700,0,18.0,13.0,102,110,4%,10,8,11,31,30,35,17.8,25.4,15.9,34.8,34.0,24.1,5.1,38.0,40.3,8.6,25.5,5.43,24.1,34.0,5.1,24.8,5.265,32.0,9.666666666666666,23.740000000000002,20.366666666666667,26.35,0.25514153930579025,1.0570562064583962,0.2753208607784795,0.24169740207384668,0.5601887608655982
