Lineup Num,,Player Name,injury_status,team,opp,spread,over_under,implied_team_score,L5_dvp_rank,L5_ppg_floor,L5_ppg_avg,L5_ppg_max,Pos,Salary,Rest,Opp Pace,Opp DEff,Opp DvP,L2 FGA,L5 FGA,S FGA,L2 Min,L5 Min,S Min,L5 FP,S FP,Floor FP,Ceil FP,Actual Min,Actual FP,Actual Val,FantasyFuelPPGProj,FantasyFuelValueProj,DFN_PPGProj,DFN_MinProj,DFN_ValueProj
0,0,Patrick Beverley,,LAC,BOS,-7.5,217.5,112.5,3,10.0,23.9,44.5,PG/SG,4200,1,103,101,-18%,9,7,8,31,30,30,23.9,22.7,14.2,31.1,40.7,57.0,13.6,21.3,5.06,22.0,30.5,5.2
0,1,Terence Davis,,TOR,ORL,-3.0,207.0,105.0,23,13.8,21.9,30.8,SG/SF,4000,1,100,101,-1%,7,7,4,18,20,13,21.9,12.3,2.0,22.5,27.1,39.5,9.9,15.3,3.81,14.9,17.0,3.7
0,2,De'Andre Hunter,,ATL,MIL,11.0,232.5,110.8,23,17.5,23.2,29.3,SF/PF,4200,2,109,99,2%,12,12,10,30,35,30,23.2,19.2,12.1,26.3,28.5,46.3,11.0,20.8,4.94,22.0,31.5,5.2
0,3,Marcus Morris,,NY,PHI,12.0,210.5,99.3,5,17.0,29.8,38.0,SF/PF,6200,1,104,103,-14%,12,14,14,32,32,34,29.8,31.6,20.6,42.7,40.1,53.8,8.7,27.0,4.35,27.0,32.5,4.4
0,4,Luka Doncic,,DAL,GS,-13.5,216.5,115.0,22,56.0,64.5,76.8,PG/SG,10400,1,105,113,3%,21,22,20,35,35,36,67.8,61.4,46.2,76.5,25.5,75.0,7.2,60.8,5.84,60.5,34.5,5.8
0,5,Jayson Tatum,,BOS,LAC,7.5,217.5,105.0,3,22.5,34.1,47.3,SF/PF,7600,1,105,102,-9%,18,17,18,34,34,34,32.6,36.7,29.2,44.3,40.6,51.0,6.7,36.0,4.74,35.5,34.0,4.7
0,6,Nikola Jokic,,DEN,HOU,-1.5,222.0,111.8,6,26.8,41.6,57.5,C,8400,2,109,105,3%,11,17,14,27,32,30,41.5,40.4,28.3,52.6,32.4,47.0,5.6,50.0,5.95,45.7,31.0,5.4
0,7,Bryn Forbes,,SA,WAS,-2.5,237.5,120.0,14,17.5,19.1,22.3,PG/SG,4300,1,107,112,11%,10,11,12,29,28,28,19.1,21.3,16.4,26.3,33.0,40.0,9.3,22.3,5.17,24.2,28.5,5.6
1,0,Bryn Forbes,,SA,WAS,-2.5,237.5,120.0,14,17.5,19.1,22.3,PG/SG,4300,1,107,112,11%,10,11,12,29,28,28,19.1,21.3,16.4,26.3,33.0,40.0,9.3,22.3,5.17,24.2,28.5,5.6
1,1,Patrick Beverley,,LAC,BOS,-7.5,217.5,112.5,3,10.0,23.9,44.5,PG/SG,4200,1,103,101,-18%,9,7,8,31,30,30,23.9,22.7,14.2,31.1,40.7,57.0,13.6,21.3,5.06,22.0,30.5,5.2
1,2,Marcus Morris,,NY,PHI,12.0,210.5,99.3,5,17.0,29.8,38.0,SF/PF,6200,1,104,103,-14%,12,14,14,32,32,34,29.8,31.6,20.6,42.7,40.1,53.8,8.7,27.0,4.35,27.0,32.5,4.4
1,3,De'Andre Hunter,,ATL,MIL,11.0,232.5,110.8,23,17.5,23.2,29.3,SF/PF,4200,2,109,99,2%,12,12,10,30,35,30,23.2,19.2,12.1,26.3,28.5,46.3,11.0,20.8,4.94,22.0,31.5,5.2
1,4,Luka Doncic,,DAL,GS,-13.5,216.5,115.0,22,56.0,64.5,76.8,PG/SG,10400,1,105,113,3%,21,22,20,35,35,36,67.8,61.4,46.2,76.5,25.5,75.0,7.2,60.8,5.84,60.5,34.5,5.8
1,5,Jimmy Butler,,MIA,CLE,-10.5,214.0,112.3,20,33.5,43.5,50.5,SG/SF,7700,3,102,107,0%,11,13,13,38,38,35,43.5,42.8,35.1,50.5,32.4,46.3,6.0,42.8,5.55,43.0,35.5,5.6
1,6,Daniel Theis,,BOS,LAC,7.5,217.5,105.0,5,15.3,22.8,29.0,PF/C,4300,1,105,102,-9%,4,5,6,25,23,24,22.8,22.4,17.4,27.3,31.1,40.0,9.3,21.0,4.88,21.0,22.5,4.9
1,7,Jayson Tatum,,BOS,LAC,7.5,217.5,105.0,3,22.5,34.1,47.3,SF/PF,7600,1,105,102,-9%,18,17,18,34,34,34,32.6,36.7,29.2,44.3,40.6,51.0,6.7,36.0,4.74,35.5,34.0,4.7
2,0,Luka Doncic,,DAL,GS,-13.5,216.5,115.0,22,56.0,64.5,76.8,PG/SG,10400,1,105,113,3%,21,22,20,35,35,36,67.8,61.4,46.2,76.5,25.5,75.0,7.2,60.8,5.84,60.5,34.5,5.8
2,1,Patrick Beverley,,LAC,BOS,-7.5,217.5,112.5,3,10.0,23.9,44.5,PG/SG,4200,1,103,101,-18%,9,7,8,31,30,30,23.9,22.7,14.2,31.1,40.7,57.0,13.6,21.3,5.06,22.0,30.5,5.2
2,2,Jimmy Butler,,MIA,CLE,-10.5,214.0,112.3,20,33.5,43.5,50.5,SG/SF,7700,3,102,107,0%,11,13,13,38,38,35,43.5,42.8,35.1,50.5,32.4,46.3,6.0,42.8,5.55,43.0,35.5,5.6
2,3,Marcus Morris,,NY,PHI,12.0,210.5,99.3,5,17.0,29.8,38.0,SF/PF,6200,1,104,103,-14%,12,14,14,32,32,34,29.8,31.6,20.6,42.7,40.1,53.8,8.7,27.0,4.35,27.0,32.5,4.4
2,4,Ben Simmons,,PHI,NY,-12.0,210.5,111.3,30,8.3,31.9,42.8,PG/SF,8000,2,101,109,0%,8,9,11,36,36,35,36.9,39.2,33.4,45.0,41.8,51.8,6.5,41.0,5.13,40.8,34.5,5.1
2,5,De'Andre Hunter,,ATL,MIL,11.0,232.5,110.8,23,17.5,23.2,29.3,SF/PF,4200,2,109,99,2%,12,12,10,30,35,30,23.2,19.2,12.1,26.3,28.5,46.3,11.0,20.8,4.94,22.0,31.5,5.2
2,6,Daniel Theis,,BOS,LAC,7.5,217.5,105.0,5,15.3,22.8,29.0,PF/C,4300,1,105,102,-9%,4,5,6,25,23,24,22.8,22.4,17.4,27.3,31.1,40.0,9.3,21.0,4.88,21.0,22.5,4.9
2,7,Taurean Prince,,BKN,CHA,-4.5,219.5,112.0,19,9.8,19.9,25.5,SF/PF,5000,1,102,110,8%,12,11,11,25,26,30,19.9,25.6,13.7,37.6,32.9,38.5,7.7,25.3,5.05,28.3,29.0,5.7
3,0,Ben Simmons,,PHI,NY,-12.0,210.5,111.3,30,8.3,31.9,42.8,PG/SF,8000,2,101,109,0%,8,9,11,36,36,35,36.9,39.2,33.4,45.0,41.8,51.8,6.5,41.0,5.13,40.8,34.5,5.1
3,1,Patrick Beverley,,LAC,BOS,-7.5,217.5,112.5,3,10.0,23.9,44.5,PG/SG,4200,1,103,101,-18%,9,7,8,31,30,30,23.9,22.7,14.2,31.1,40.7,57.0,13.6,21.3,5.06,22.0,30.5,5.2
3,2,De'Andre Hunter,,ATL,MIL,11.0,232.5,110.8,23,17.5,23.2,29.3,SF/PF,4200,2,109,99,2%,12,12,10,30,35,30,23.2,19.2,12.1,26.3,28.5,46.3,11.0,20.8,4.94,22.0,31.5,5.2
3,3,Jayson Tatum,,BOS,LAC,7.5,217.5,105.0,3,22.5,34.1,47.3,SF/PF,7600,1,105,102,-9%,18,17,18,34,34,34,32.6,36.7,29.2,44.3,40.6,51.0,6.7,36.0,4.74,35.5,34.0,4.7
3,4,Bryn Forbes,,SA,WAS,-2.5,237.5,120.0,14,17.5,19.1,22.3,PG/SG,4300,1,107,112,11%,10,11,12,29,28,28,19.1,21.3,16.4,26.3,33.0,40.0,9.3,22.3,5.17,24.2,28.5,5.6
3,5,Marcus Morris,,NY,PHI,12.0,210.5,99.3,5,17.0,29.8,38.0,SF/PF,6200,1,104,103,-14%,12,14,14,32,32,34,29.8,31.6,20.6,42.7,40.1,53.8,8.7,27.0,4.35,27.0,32.5,4.4
3,6,Christian Wood,,DET,CHI,1.0,223.0,111.0,8,3.5,17.3,28.3,PF/C,3600,4,106,105,16%,6,5,5,16,17,15,17.3,15.5,2.7,28.4,18.3,33.5,9.3,13.3,3.68,0.0,0.0,0.0
3,7,Luka Doncic,,DAL,GS,-13.5,216.5,115.0,22,56.0,64.5,76.8,PG/SG,10400,1,105,113,3%,21,22,20,35,35,36,67.8,61.4,46.2,76.5,25.5,75.0,7.2,60.8,5.84,60.5,34.5,5.8
4,0,Patrick Beverley,,LAC,BOS,-7.5,217.5,112.5,3,10.0,23.9,44.5,PG/SG,4200,1,103,101,-18%,9,7,8,31,30,30,23.9,22.7,14.2,31.1,40.7,57.0,13.6,21.3,5.06,22.0,30.5,5.2
4,1,Luka Doncic,,DAL,GS,-13.5,216.5,115.0,22,56.0,64.5,76.8,PG/SG,10400,1,105,113,3%,21,22,20,35,35,36,67.8,61.4,46.2,76.5,25.5,75.0,7.2,60.8,5.84,60.5,34.5,5.8
4,2,DeMar DeRozan,,SA,WAS,-2.5,237.5,120.0,18,30.3,38.6,53.5,SG/SF,8100,1,107,112,11%,18,17,16,35,35,34,38.5,36.5,28.9,44.2,39.9,45.0,5.6,42.0,5.19,39.6,34.5,4.9
4,3,Marcus Morris,,NY,PHI,12.0,210.5,99.3,5,17.0,29.8,38.0,SF/PF,6200,1,104,103,-14%,12,14,14,32,32,34,29.8,31.6,20.6,42.7,40.1,53.8,8.7,27.0,4.35,27.0,32.5,4.4
4,4,Terence Davis,,TOR,ORL,-3.0,207.0,105.0,23,13.8,21.9,30.8,SG/SF,4000,1,100,101,-1%,7,7,4,18,20,13,21.9,12.3,2.0,22.5,27.1,39.5,9.9,15.3,3.81,14.9,17.0,3.7
4,5,De'Andre Hunter,,ATL,MIL,11.0,232.5,110.8,23,17.5,23.2,29.3,SF/PF,4200,2,109,99,2%,12,12,10,30,35,30,23.2,19.2,12.1,26.3,28.5,46.3,11.0,20.8,4.94,22.0,31.5,5.2
4,6,Daniel Theis,,BOS,LAC,7.5,217.5,105.0,5,15.3,22.8,29.0,PF/C,4300,1,105,102,-9%,4,5,6,25,23,24,22.8,22.4,17.4,27.3,31.1,40.0,9.3,21.0,4.88,21.0,22.5,4.9
4,7,Ben Simmons,,PHI,NY,-12.0,210.5,111.3,30,8.3,31.9,42.8,PG/SF,8000,2,101,109,0%,8,9,11,36,36,35,36.9,39.2,33.4,45.0,41.8,51.8,6.5,41.0,5.13,40.8,34.5,5.1
5,0,Luka Doncic,,DAL,GS,-13.5,216.5,115.0,22,56.0,64.5,76.8,PG/SG,10400,1,105,113,3%,21,22,20,35,35,36,67.8,61.4,46.2,76.5,25.5,75.0,7.2,60.8,5.84,60.5,34.5,5.8
5,1,Terence Davis,,TOR,ORL,-3.0,207.0,105.0,23,13.8,21.9,30.8,SG/SF,4000,1,100,101,-1%,7,7,4,18,20,13,21.9,12.3,2.0,22.5,27.1,39.5,9.9,15.3,3.81,14.9,17.0,3.7
5,2,Marcus Morris,,NY,PHI,12.0,210.5,99.3,5,17.0,29.8,38.0,SF/PF,6200,1,104,103,-14%,12,14,14,32,32,34,29.8,31.6,20.6,42.7,40.1,53.8,8.7,27.0,4.35,27.0,32.5,4.4
5,3,Giannis Antetokounmpo,,MIL,ATL,-11.0,232.5,121.8,24,55.0,61.0,71.5,SF/PF,11200,1,105,109,-5%,20,21,19,31,34,33,61.0,63.1,52.1,74.1,30.1,56.8,5.1,64.0,5.71,66.2,33.5,5.9
5,4,Patrick Beverley,,LAC,BOS,-7.5,217.5,112.5,3,10.0,23.9,44.5,PG/SG,4200,1,103,101,-18%,9,7,8,31,30,30,23.9,22.7,14.2,31.1,40.7,57.0,13.6,21.3,5.06,22.0,30.5,5.2
5,5,Daniel Theis,,BOS,LAC,7.5,217.5,105.0,5,15.3,22.8,29.0,PF/C,4300,1,105,102,-9%,4,5,6,25,23,24,22.8,22.4,17.4,27.3,31.1,40.0,9.3,21.0,4.88,21.0,22.5,4.9
5,6,Christian Wood,,DET,CHI,1.0,223.0,111.0,8,3.5,17.3,28.3,PF/C,3600,4,106,105,16%,6,5,5,16,17,15,17.3,15.5,2.7,28.4,18.3,33.5,9.3,13.3,3.68,0.0,0.0,0.0
5,7,De'Andre Hunter,,ATL,MIL,11.0,232.5,110.8,23,17.5,23.2,29.3,SF/PF,4200,2,109,99,2%,12,12,10,30,35,30,23.2,19.2,12.1,26.3,28.5,46.3,11.0,20.8,4.94,22.0,31.5,5.2
6,0,Patrick Beverley,,LAC,BOS,-7.5,217.5,112.5,3,10.0,23.9,44.5,PG/SG,4200,1,103,101,-18%,9,7,8,31,30,30,23.9,22.7,14.2,31.1,40.7,57.0,13.6,21.3,5.06,22.0,30.5,5.2
6,1,Jimmy Butler,,MIA,CLE,-10.5,214.0,112.3,20,33.5,43.5,50.5,SG/SF,7700,3,102,107,0%,11,13,13,38,38,35,43.5,42.8,35.1,50.5,32.4,46.3,6.0,42.8,5.55,43.0,35.5,5.6
6,2,Taurean Prince,,BKN,CHA,-4.5,219.5,112.0,19,9.8,19.9,25.5,SF/PF,5000,1,102,110,8%,12,11,11,25,26,30,19.9,25.6,13.7,37.6,32.9,38.5,7.7,25.3,5.05,28.3,29.0,5.7
6,3,Paul George,,LAC,BOS,-7.5,217.5,112.5,8,30.8,48.7,58.5,SF/PF,7800,1,103,101,-2%,16,16,16,25,25,25,44.7,44.7,32.4,57.0,37.5,44.8,5.7,37.3,4.78,40.3,30.5,5.2
6,4,Luka Doncic,,DAL,GS,-13.5,216.5,115.0,22,56.0,64.5,76.8,PG/SG,10400,1,105,113,3%,21,22,20,35,35,36,67.8,61.4,46.2,76.5,25.5,75.0,7.2,60.8,5.84,60.5,34.5,5.8
6,5,De'Andre Hunter,,ATL,MIL,11.0,232.5,110.8,23,17.5,23.2,29.3,SF/PF,4200,2,109,99,2%,12,12,10,30,35,30,23.2,19.2,12.1,26.3,28.5,46.3,11.0,20.8,4.94,22.0,31.5,5.2
6,6,Daniel Theis,,BOS,LAC,7.5,217.5,105.0,5,15.3,22.8,29.0,PF/C,4300,1,105,102,-9%,4,5,6,25,23,24,22.8,22.4,17.4,27.3,31.1,40.0,9.3,21.0,4.88,21.0,22.5,4.9
6,7,Marcus Morris,,NY,PHI,12.0,210.5,99.3,5,17.0,29.8,38.0,SF/PF,6200,1,104,103,-14%,12,14,14,32,32,34,29.8,31.6,20.6,42.7,40.1,53.8,8.7,27.0,4.35,27.0,32.5,4.4
7,0,Luka Doncic,,DAL,GS,-13.5,216.5,115.0,22,56.0,64.5,76.8,PG/SG,10400,1,105,113,3%,21,22,20,35,35,36,67.8,61.4,46.2,76.5,25.5,75.0,7.2,60.8,5.84,60.5,34.5,5.8
7,1,Patrick Beverley,,LAC,BOS,-7.5,217.5,112.5,3,10.0,23.9,44.5,PG/SG,4200,1,103,101,-18%,9,7,8,31,30,30,23.9,22.7,14.2,31.1,40.7,57.0,13.6,21.3,5.06,22.0,30.5,5.2
7,2,De'Andre Hunter,,ATL,MIL,11.0,232.5,110.8,23,17.5,23.2,29.3,SF/PF,4200,2,109,99,2%,12,12,10,30,35,30,23.2,19.2,12.1,26.3,28.5,46.3,11.0,20.8,4.94,22.0,31.5,5.2
7,3,Marcus Morris,,NY,PHI,12.0,210.5,99.3,5,17.0,29.8,38.0,SF/PF,6200,1,104,103,-14%,12,14,14,32,32,34,29.8,31.6,20.6,42.7,40.1,53.8,8.7,27.0,4.35,27.0,32.5,4.4
7,4,Ben Simmons,,PHI,NY,-12.0,210.5,111.3,30,8.3,31.9,42.8,PG/SF,8000,2,101,109,0%,8,9,11,36,36,35,36.9,39.2,33.4,45.0,41.8,51.8,6.5,41.0,5.13,40.8,34.5,5.1
7,5,Jimmy Butler,,MIA,CLE,-10.5,214.0,112.3,20,33.5,43.5,50.5,SG/SF,7700,3,102,107,0%,11,13,13,38,38,35,43.5,42.8,35.1,50.5,32.4,46.3,6.0,42.8,5.55,43.0,35.5,5.6
7,6,Christian Wood,,DET,CHI,1.0,223.0,111.0,8,3.5,17.3,28.3,PF/C,3600,4,106,105,16%,6,5,5,16,17,15,17.3,15.5,2.7,28.4,18.3,33.5,9.3,13.3,3.68,0.0,0.0,0.0
7,7,Wendell Carter Jr.,,CHI,DET,-1.0,223.0,112.0,15,17.5,30.6,41.5,PF/C,5500,1,102,110,5%,8,9,9,32,30,29,30.6,30.4,22.1,38.8,33.0,37.3,6.8,27.3,4.95,29.0,29.5,5.3
8,0,Luka Doncic,,DAL,GS,-13.5,216.5,115.0,22,56.0,64.5,76.8,PG/SG,10400,1,105,113,3%,21,22,20,35,35,36,67.8,61.4,46.2,76.5,25.5,75.0,7.2,60.8,5.84,60.5,34.5,5.8
8,1,Patrick Beverley,,LAC,BOS,-7.5,217.5,112.5,3,10.0,23.9,44.5,PG/SG,4200,1,103,101,-18%,9,7,8,31,30,30,23.9,22.7,14.2,31.1,40.7,57.0,13.6,21.3,5.06,22.0,30.5,5.2
8,2,Marcus Morris,,NY,PHI,12.0,210.5,99.3,5,17.0,29.8,38.0,SF/PF,6200,1,104,103,-14%,12,14,14,32,32,34,29.8,31.6,20.6,42.7,40.1,53.8,8.7,27.0,4.35,27.0,32.5,4.4
8,3,Taurean Prince,,BKN,CHA,-4.5,219.5,112.0,19,9.8,19.9,25.5,SF/PF,5000,1,102,110,8%,12,11,11,25,26,30,19.9,25.6,13.7,37.6,32.9,38.5,7.7,25.3,5.05,28.3,29.0,5.7
8,4,Ben Simmons,,PHI,NY,-12.0,210.5,111.3,30,8.3,31.9,42.8,PG/SF,8000,2,101,109,0%,8,9,11,36,36,35,36.9,39.2,33.4,45.0,41.8,51.8,6.5,41.0,5.13,40.8,34.5,5.1
8,5,De'Andre Hunter,,ATL,MIL,11.0,232.5,110.8,23,17.5,23.2,29.3,SF/PF,4200,2,109,99,2%,12,12,10,30,35,30,23.2,19.2,12.1,26.3,28.5,46.3,11.0,20.8,4.94,22.0,31.5,5.2
8,6,Daniel Theis,,BOS,LAC,7.5,217.5,105.0,5,15.3,22.8,29.0,PF/C,4300,1,105,102,-9%,4,5,6,25,23,24,22.8,22.4,17.4,27.3,31.1,40.0,9.3,21.0,4.88,21.0,22.5,4.9
8,7,Lauri Markkanen,,CHI,DET,-1.0,223.0,112.0,15,20.0,26.2,36.0,PF/C,5400,1,102,110,5%,11,10,12,31,31,31,26.2,29.3,17.5,41.0,29.1,38.5,7.1,34.0,6.3,31.7,31.5,5.9
9,0,Patrick Beverley,,LAC,BOS,-7.5,217.5,112.5,3,10.0,23.9,44.5,PG/SG,4200,1,103,101,-18%,9,7,8,31,30,30,23.9,22.7,14.2,31.1,40.7,57.0,13.6,21.3,5.06,22.0,30.5,5.2
9,1,Luka Doncic,,DAL,GS,-13.5,216.5,115.0,22,56.0,64.5,76.8,PG/SG,10400,1,105,113,3%,21,22,20,35,35,36,67.8,61.4,46.2,76.5,25.5,75.0,7.2,60.8,5.84,60.5,34.5,5.8
9,2,Jimmy Butler,,MIA,CLE,-10.5,214.0,112.3,20,33.5,43.5,50.5,SG/SF,7700,3,102,107,0%,11,13,13,38,38,35,43.5,42.8,35.1,50.5,32.4,46.3,6.0,42.8,5.55,43.0,35.5,5.6
9,3,Marcus Morris,,NY,PHI,12.0,210.5,99.3,5,17.0,29.8,38.0,SF/PF,6200,1,104,103,-14%,12,14,14,32,32,34,29.8,31.6,20.6,42.7,40.1,53.8,8.7,27.0,4.35,27.0,32.5,4.4
9,4,Ben Simmons,,PHI,NY,-12.0,210.5,111.3,30,8.3,31.9,42.8,PG/SF,8000,2,101,109,0%,8,9,11,36,36,35,36.9,39.2,33.4,45.0,41.8,51.8,6.5,41.0,5.13,40.8,34.5,5.1
9,5,De'Andre Hunter,,ATL,MIL,11.0,232.5,110.8,23,17.5,23.2,29.3,SF/PF,4200,2,109,99,2%,12,12,10,30,35,30,23.2,19.2,12.1,26.3,28.5,46.3,11.0,20.8,4.94,22.0,31.5,5.2
9,6,Daniel Theis,,BOS,LAC,7.5,217.5,105.0,5,15.3,22.8,29.0,PF/C,4300,1,105,102,-9%,4,5,6,25,23,24,22.8,22.4,17.4,27.3,31.1,40.0,9.3,21.0,4.88,21.0,22.5,4.9
9,7,Tim Hardaway Jr.,,DAL,GS,-13.5,216.5,115.0,8,2.5,14.9,24.0,SG/SF,3500,1,105,113,4%,11,12,11,22,22,23,18.1,17.3,11.8,22.9,22.1,27.5,7.9,18.5,5.29,20.7,26.0,5.9
10,0,Patrick Beverley,,LAC,BOS,-7.5,217.5,112.5,3,10.0,23.9,44.5,PG/SG,4200,1,103,101,-18%,9,7,8,31,30,30,23.9,22.7,14.2,31.1,40.7,57.0,13.6,21.3,5.06,22.0,30.5,5.2
10,1,Bryn Forbes,,SA,WAS,-2.5,237.5,120.0,14,17.5,19.1,22.3,PG/SG,4300,1,107,112,11%,10,11,12,29,28,28,19.1,21.3,16.4,26.3,33.0,40.0,9.3,22.3,5.17,24.2,28.5,5.6
10,2,Marcus Morris,,NY,PHI,12.0,210.5,99.3,5,17.0,29.8,38.0,SF/PF,6200,1,104,103,-14%,12,14,14,32,32,34,29.8,31.6,20.6,42.7,40.1,53.8,8.7,27.0,4.35,27.0,32.5,4.4
10,3,Daniel Theis,,BOS,LAC,7.5,217.5,105.0,5,15.3,22.8,29.0,PF/C,4300,1,105,102,-9%,4,5,6,25,23,24,22.8,22.4,17.4,27.3,31.1,40.0,9.3,21.0,4.88,21.0,22.5,4.9
10,4,Luka Doncic,,DAL,GS,-13.5,216.5,115.0,22,56.0,64.5,76.8,PG/SG,10400,1,105,113,3%,21,22,20,35,35,36,67.8,61.4,46.2,76.5,25.5,75.0,7.2,60.8,5.84,60.5,34.5,5.8
10,5,De'Andre Hunter,,ATL,MIL,11.0,232.5,110.8,23,17.5,23.2,29.3,SF/PF,4200,2,109,99,2%,12,12,10,30,35,30,23.2,19.2,12.1,26.3,28.5,46.3,11.0,20.8,4.94,22.0,31.5,5.2
10,6,Nikola Jokic,,DEN,HOU,-1.5,222.0,111.8,6,26.8,41.6,57.5,C,8400,2,109,105,3%,11,17,14,27,32,30,41.5,40.4,28.3,52.6,32.4,47.0,5.6,50.0,5.95,45.7,31.0,5.4
10,7,Julius Randle,,NY,PHI,12.0,210.5,99.3,7,29.3,37.6,51.8,PF/C,7000,1,104,103,-14%,15,15,14,29,32,33,37.6,35.3,25.7,45.0,35.5,36.0,5.1,37.3,5.32,33.6,34.0,4.8
11,0,Ben Simmons,,PHI,NY,-12.0,210.5,111.3,30,8.3,31.9,42.8,PG/SF,8000,2,101,109,0%,8,9,11,36,36,35,36.9,39.2,33.4,45.0,41.8,51.8,6.5,41.0,5.13,40.8,34.5,5.1
11,1,Luka Doncic,,DAL,GS,-13.5,216.5,115.0,22,56.0,64.5,76.8,PG/SG,10400,1,105,113,3%,21,22,20,35,35,36,67.8,61.4,46.2,76.5,25.5,75.0,7.2,60.8,5.84,60.5,34.5,5.8
11,2,Giannis Antetokounmpo,,MIL,ATL,-11.0,232.5,121.8,24,55.0,61.0,71.5,SF/PF,11200,1,105,109,-5%,20,21,19,31,34,33,61.0,63.1,52.1,74.1,30.1,56.8,5.1,64.0,5.71,66.2,33.5,5.9
11,3,De'Andre Hunter,,ATL,MIL,11.0,232.5,110.8,23,17.5,23.2,29.3,SF/PF,4200,2,109,99,2%,12,12,10,30,35,30,23.2,19.2,12.1,26.3,28.5,46.3,11.0,20.8,4.94,22.0,31.5,5.2
11,4,Patrick Beverley,,LAC,BOS,-7.5,217.5,112.5,3,10.0,23.9,44.5,PG/SG,4200,1,103,101,-18%,9,7,8,31,30,30,23.9,22.7,14.2,31.1,40.7,57.0,13.6,21.3,5.06,22.0,30.5,5.2
11,5,Terence Davis,,TOR,ORL,-3.0,207.0,105.0,23,13.8,21.9,30.8,SG/SF,4000,1,100,101,-1%,7,7,4,18,20,13,21.9,12.3,2.0,22.5,27.1,39.5,9.9,15.3,3.81,14.9,17.0,3.7
11,6,Christian Wood,,DET,CHI,1.0,223.0,111.0,8,3.5,17.3,28.3,PF/C,3600,4,106,105,16%,6,5,5,16,17,15,17.3,15.5,2.7,28.4,18.3,33.5,9.3,13.3,3.68,0.0,0.0,0.0
11,7,Ish Smith,,WAS,SA,2.5,237.5,117.5,11,9.5,15.9,24.3,PG,3700,2,104,110,13%,6,5,7,20,21,24,15.8,17.7,10.7,24.7,23.8,35.0,9.5,18.0,4.86,16.4,19.5,4.4
12,0,Ben Simmons,,PHI,NY,-12.0,210.5,111.3,30,8.3,31.9,42.8,PG/SF,8000,2,101,109,0%,8,9,11,36,36,35,36.9,39.2,33.4,45.0,41.8,51.8,6.5,41.0,5.13,40.8,34.5,5.1
12,1,Patrick Beverley,,LAC,BOS,-7.5,217.5,112.5,3,10.0,23.9,44.5,PG/SG,4200,1,103,101,-18%,9,7,8,31,30,30,23.9,22.7,14.2,31.1,40.7,57.0,13.6,21.3,5.06,22.0,30.5,5.2
12,2,De'Andre Hunter,,ATL,MIL,11.0,232.5,110.8,23,17.5,23.2,29.3,SF/PF,4200,2,109,99,2%,12,12,10,30,35,30,23.2,19.2,12.1,26.3,28.5,46.3,11.0,20.8,4.94,22.0,31.5,5.2
12,3,Marcus Morris,,NY,PHI,12.0,210.5,99.3,5,17.0,29.8,38.0,SF/PF,6200,1,104,103,-14%,12,14,14,32,32,34,29.8,31.6,20.6,42.7,40.1,53.8,8.7,27.0,4.35,27.0,32.5,4.4
12,4,Cam Reddish,,ATL,MIL,11.0,232.5,110.8,28,9.3,18.1,28.0,PG/SG,4000,2,109,99,-10%,14,9,9,30,23,24,17.9,16.6,10.1,23.1,28.3,23.8,6.0,19.0,4.75,19.1,24.5,4.8
12,5,Jimmy Butler,,MIA,CLE,-10.5,214.0,112.3,20,33.5,43.5,50.5,SG/SF,7700,3,102,107,0%,11,13,13,38,38,35,43.5,42.8,35.1,50.5,32.4,46.3,6.0,42.8,5.55,43.0,35.5,5.6
12,6,Daniel Theis,,BOS,LAC,7.5,217.5,105.0,5,15.3,22.8,29.0,PF/C,4300,1,105,102,-9%,4,5,6,25,23,24,22.8,22.4,17.4,27.3,31.1,40.0,9.3,21.0,4.88,21.0,22.5,4.9
12,7,Luka Doncic,,DAL,GS,-13.5,216.5,115.0,22,56.0,64.5,76.8,PG/SG,10400,1,105,113,3%,21,22,20,35,35,36,67.8,61.4,46.2,76.5,25.5,75.0,7.2,60.8,5.84,60.5,34.5,5.8
13,0,Jalen Brunson,,DAL,GS,-13.5,216.5,115.0,22,7.5,16.5,26.3,PG/SG,3500,1,105,113,3%,6,6,7,11,17,19,16.4,17.0,8.1,25.9,22.5,28.3,8.1,18.0,5.14,18.7,20.5,5.3
13,1,Patrick Beverley,,LAC,BOS,-7.5,217.5,112.5,3,10.0,23.9,44.5,PG/SG,4200,1,103,101,-18%,9,7,8,31,30,30,23.9,22.7,14.2,31.1,40.7,57.0,13.6,21.3,5.06,22.0,30.5,5.2
13,2,Ben Simmons,,PHI,NY,-12.0,210.5,111.3,30,8.3,31.9,42.8,PG/SF,8000,2,101,109,0%,8,9,11,36,36,35,36.9,39.2,33.4,45.0,41.8,51.8,6.5,41.0,5.13,40.8,34.5,5.1
13,3,De'Andre Hunter,,ATL,MIL,11.0,232.5,110.8,23,17.5,23.2,29.3,SF/PF,4200,2,109,99,2%,12,12,10,30,35,30,23.2,19.2,12.1,26.3,28.5,46.3,11.0,20.8,4.94,22.0,31.5,5.2
13,4,Jimmy Butler,,MIA,CLE,-10.5,214.0,112.3,20,33.5,43.5,50.5,SG/SF,7700,3,102,107,0%,11,13,13,38,38,35,43.5,42.8,35.1,50.5,32.4,46.3,6.0,42.8,5.55,43.0,35.5,5.6
13,5,Marcus Morris,,NY,PHI,12.0,210.5,99.3,5,17.0,29.8,38.0,SF/PF,6200,1,104,103,-14%,12,14,14,32,32,34,29.8,31.6,20.6,42.7,40.1,53.8,8.7,27.0,4.35,27.0,32.5,4.4
13,6,Christian Wood,,DET,CHI,1.0,223.0,111.0,8,3.5,17.3,28.3,PF/C,3600,4,106,105,16%,6,5,5,16,17,15,17.3,15.5,2.7,28.4,18.3,33.5,9.3,13.3,3.68,0.0,0.0,0.0
13,7,Luka Doncic,,DAL,GS,-13.5,216.5,115.0,22,56.0,64.5,76.8,PG/SG,10400,1,105,113,3%,21,22,20,35,35,36,67.8,61.4,46.2,76.5,25.5,75.0,7.2,60.8,5.84,60.5,34.5,5.8
14,0,Luka Doncic,,DAL,GS,-13.5,216.5,115.0,22,56.0,64.5,76.8,PG/SG,10400,1,105,113,3%,21,22,20,35,35,36,67.8,61.4,46.2,76.5,25.5,75.0,7.2,60.8,5.84,60.5,34.5,5.8
14,1,Lou Williams,,LAC,BOS,-7.5,217.5,112.5,3,27.3,37.2,50.5,PG/SG,6500,1,103,101,-3%,13,16,17,28,34,32,37.2,36.8,26.7,46.8,36.7,34.5,5.3,31.5,4.85,33.4,32.0,5.1
14,2,Ben Simmons,,PHI,NY,-12.0,210.5,111.3,30,8.3,31.9,42.8,PG/SF,8000,2,101,109,0%,8,9,11,36,36,35,36.9,39.2,33.4,45.0,41.8,51.8,6.5,41.0,5.13,40.8,34.5,5.1
14,3,Daniel Theis,,BOS,LAC,7.5,217.5,105.0,5,15.3,22.8,29.0,PF/C,4300,1,105,102,-9%,4,5,6,25,23,24,22.8,22.4,17.4,27.3,31.1,40.0,9.3,21.0,4.88,21.0,22.5,4.9
14,4,Patrick Beverley,,LAC,BOS,-7.5,217.5,112.5,3,10.0,23.9,44.5,PG/SG,4200,1,103,101,-18%,9,7,8,31,30,30,23.9,22.7,14.2,31.1,40.7,57.0,13.6,21.3,5.06,22.0,30.5,5.2
14,5,De'Andre Hunter,,ATL,MIL,11.0,232.5,110.8,23,17.5,23.2,29.3,SF/PF,4200,2,109,99,2%,12,12,10,30,35,30,23.2,19.2,12.1,26.3,28.5,46.3,11.0,20.8,4.94,22.0,31.5,5.2
14,6,Christian Wood,,DET,CHI,1.0,223.0,111.0,8,3.5,17.3,28.3,PF/C,3600,4,106,105,16%,6,5,5,16,17,15,17.3,15.5,2.7,28.4,18.3,33.5,9.3,13.3,3.68,0.0,0.0,0.0
14,7,Marcus Morris,,NY,PHI,12.0,210.5,99.3,5,17.0,29.8,38.0,SF/PF,6200,1,104,103,-14%,12,14,14,32,32,34,29.8,31.6,20.6,42.7,40.1,53.8,8.7,27.0,4.35,27.0,32.5,4.4
15,0,Luka Doncic,,DAL,GS,-13.5,216.5,115.0,22,56.0,64.5,76.8,PG/SG,10400,1,105,113,3%,21,22,20,35,35,36,67.8,61.4,46.2,76.5,25.5,75.0,7.2,60.8,5.84,60.5,34.5,5.8
15,1,Malik Monk,,CHA,BKN,4.5,219.5,107.5,27,13.3,27.4,39.5,PG/SG,4600,1,108,108,7%,11,11,8,24,25,21,27.4,18.0,7.1,28.8,27.9,22.3,4.8,22.8,4.95,22.5,24.5,4.9
15,2,Paul George,,LAC,BOS,-7.5,217.5,112.5,8,30.8,48.7,58.5,SF/PF,7800,1,103,101,-2%,16,16,16,25,25,25,44.7,44.7,32.4,57.0,37.5,44.8,5.7,37.3,4.78,40.3,30.5,5.2
15,3,Marcus Morris,,NY,PHI,12.0,210.5,99.3,5,17.0,29.8,38.0,SF/PF,6200,1,104,103,-14%,12,14,14,32,32,34,29.8,31.6,20.6,42.7,40.1,53.8,8.7,27.0,4.35,27.0,32.5,4.4
15,4,Ben Simmons,,PHI,NY,-12.0,210.5,111.3,30,8.3,31.9,42.8,PG/SF,8000,2,101,109,0%,8,9,11,36,36,35,36.9,39.2,33.4,45.0,41.8,51.8,6.5,41.0,5.13,40.8,34.5,5.1
15,5,De'Andre Hunter,,ATL,MIL,11.0,232.5,110.8,23,17.5,23.2,29.3,SF/PF,4200,2,109,99,2%,12,12,10,30,35,30,23.2,19.2,12.1,26.3,28.5,46.3,11.0,20.8,4.94,22.0,31.5,5.2
15,6,Daniel Theis,,BOS,LAC,7.5,217.5,105.0,5,15.3,22.8,29.0,PF/C,4300,1,105,102,-9%,4,5,6,25,23,24,22.8,22.4,17.4,27.3,31.1,40.0,9.3,21.0,4.88,21.0,22.5,4.9
15,7,Patrick Beverley,,LAC,BOS,-7.5,217.5,112.5,3,10.0,23.9,44.5,PG/SG,4200,1,103,101,-18%,9,7,8,31,30,30,23.9,22.7,14.2,31.1,40.7,57.0,13.6,21.3,5.06,22.0,30.5,5.2
16,0,Luka Doncic,,DAL,GS,-13.5,216.5,115.0,22,56.0,64.5,76.8,PG/SG,10400,1,105,113,3%,21,22,20,35,35,36,67.8,61.4,46.2,76.5,25.5,75.0,7.2,60.8,5.84,60.5,34.5,5.8
16,1,Terence Davis,,TOR,ORL,-3.0,207.0,105.0,23,13.8,21.9,30.8,SG/SF,4000,1,100,101,-1%,7,7,4,18,20,13,21.9,12.3,2.0,22.5,27.1,39.5,9.9,15.3,3.81,14.9,17.0,3.7
16,2,Ben Simmons,,PHI,NY,-12.0,210.5,111.3,30,8.3,31.9,42.8,PG/SF,8000,2,101,109,0%,8,9,11,36,36,35,36.9,39.2,33.4,45.0,41.8,51.8,6.5,41.0,5.13,40.8,34.5,5.1
16,3,Christian Wood,,DET,CHI,1.0,223.0,111.0,8,3.5,17.3,28.3,PF/C,3600,4,106,105,16%,6,5,5,16,17,15,17.3,15.5,2.7,28.4,18.3,33.5,9.3,13.3,3.68,0.0,0.0,0.0
16,4,Mike Conley,,UTA,MIN,-3.0,222.0,112.5,17,27.0,30.8,36.3,PG,6600,1,108,106,9%,17,15,14,35,32,32,30.8,27.9,18.1,37.8,30.9,38.5,5.8,34.8,5.27,33.1,33.5,5.0
16,5,Marcus Morris,,NY,PHI,12.0,210.5,99.3,5,17.0,29.8,38.0,SF/PF,6200,1,104,103,-14%,12,14,14,32,32,34,29.8,31.6,20.6,42.7,40.1,53.8,8.7,27.0,4.35,27.0,32.5,4.4
16,6,Daniel Theis,,BOS,LAC,7.5,217.5,105.0,5,15.3,22.8,29.0,PF/C,4300,1,105,102,-9%,4,5,6,25,23,24,22.8,22.4,17.4,27.3,31.1,40.0,9.3,21.0,4.88,21.0,22.5,4.9
16,7,Patrick Beverley,,LAC,BOS,-7.5,217.5,112.5,3,10.0,23.9,44.5,PG/SG,4200,1,103,101,-18%,9,7,8,31,30,30,23.9,22.7,14.2,31.1,40.7,57.0,13.6,21.3,5.06,22.0,30.5,5.2
17,0,Patrick Beverley,,LAC,BOS,-7.5,217.5,112.5,3,10.0,23.9,44.5,PG/SG,4200,1,103,101,-18%,9,7,8,31,30,30,23.9,22.7,14.2,31.1,40.7,57.0,13.6,21.3,5.06,22.0,30.5,5.2
17,1,Jimmy Butler,,MIA,CLE,-10.5,214.0,112.3,20,33.5,43.5,50.5,SG/SF,7700,3,102,107,0%,11,13,13,38,38,35,43.5,42.8,35.1,50.5,32.4,46.3,6.0,42.8,5.55,43.0,35.5,5.6
17,2,Marcus Morris,,NY,PHI,12.0,210.5,99.3,5,17.0,29.8,38.0,SF/PF,6200,1,104,103,-14%,12,14,14,32,32,34,29.8,31.6,20.6,42.7,40.1,53.8,8.7,27.0,4.35,27.0,32.5,4.4
17,3,De'Andre Hunter,,ATL,MIL,11.0,232.5,110.8,23,17.5,23.2,29.3,SF/PF,4200,2,109,99,2%,12,12,10,30,35,30,23.2,19.2,12.1,26.3,28.5,46.3,11.0,20.8,4.94,22.0,31.5,5.2
17,4,Luka Doncic,,DAL,GS,-13.5,216.5,115.0,22,56.0,64.5,76.8,PG/SG,10400,1,105,113,3%,21,22,20,35,35,36,67.8,61.4,46.2,76.5,25.5,75.0,7.2,60.8,5.84,60.5,34.5,5.8
17,5,Taj Gibson,,NY,PHI,12.0,210.5,99.3,7,14.0,19.3,30.3,PF/C,4100,1,104,103,-14%,7,7,5,19,19,16,19.3,13.9,5.3,22.6,13.7,17.5,4.3,15.8,3.84,14.1,17.0,3.4
17,6,Daniel Theis,,BOS,LAC,7.5,217.5,105.0,5,15.3,22.8,29.0,PF/C,4300,1,105,102,-9%,4,5,6,25,23,24,22.8,22.4,17.4,27.3,31.1,40.0,9.3,21.0,4.88,21.0,22.5,4.9
17,7,Ben Simmons,,PHI,NY,-12.0,210.5,111.3,30,8.3,31.9,42.8,PG/SF,8000,2,101,109,0%,8,9,11,36,36,35,36.9,39.2,33.4,45.0,41.8,51.8,6.5,41.0,5.13,40.8,34.5,5.1
18,0,Luka Doncic,,DAL,GS,-13.5,216.5,115.0,22,56.0,64.5,76.8,PG/SG,10400,1,105,113,3%,21,22,20,35,35,36,67.8,61.4,46.2,76.5,25.5,75.0,7.2,60.8,5.84,60.5,34.5,5.8
18,1,Patrick Beverley,,LAC,BOS,-7.5,217.5,112.5,3,10.0,23.9,44.5,PG/SG,4200,1,103,101,-18%,9,7,8,31,30,30,23.9,22.7,14.2,31.1,40.7,57.0,13.6,21.3,5.06,22.0,30.5,5.2
18,2,De'Andre Hunter,,ATL,MIL,11.0,232.5,110.8,23,17.5,23.2,29.3,SF/PF,4200,2,109,99,2%,12,12,10,30,35,30,23.2,19.2,12.1,26.3,28.5,46.3,11.0,20.8,4.94,22.0,31.5,5.2
18,3,Christian Wood,,DET,CHI,1.0,223.0,111.0,8,3.5,17.3,28.3,PF/C,3600,4,106,105,16%,6,5,5,16,17,15,17.3,15.5,2.7,28.4,18.3,33.5,9.3,13.3,3.68,0.0,0.0,0.0
18,4,Jimmy Butler,,MIA,CLE,-10.5,214.0,112.3,20,33.5,43.5,50.5,SG/SF,7700,3,102,107,0%,11,13,13,38,38,35,43.5,42.8,35.1,50.5,32.4,46.3,6.0,42.8,5.55,43.0,35.5,5.6
18,5,Marcus Morris,,NY,PHI,12.0,210.5,99.3,5,17.0,29.8,38.0,SF/PF,6200,1,104,103,-14%,12,14,14,32,32,34,29.8,31.6,20.6,42.7,40.1,53.8,8.7,27.0,4.35,27.0,32.5,4.4
18,6,Daniel Theis,,BOS,LAC,7.5,217.5,105.0,5,15.3,22.8,29.0,PF/C,4300,1,105,102,-9%,4,5,6,25,23,24,22.8,22.4,17.4,27.3,31.1,40.0,9.3,21.0,4.88,21.0,22.5,4.9
18,7,Jamal Murray,,DEN,HOU,-1.5,222.0,111.8,6,17.8,40.1,67.5,PG/SG,7500,2,109,105,-11%,18,18,16,30,33,33,40.0,35.4,21.7,49.2,33.4,35.3,4.7,35.8,4.77,34.4,33.0,4.6
19,0,RJ Barrett,,NY,PHI,12.0,210.5,99.3,21,12.8,27.2,46.0,PG/SG,5800,1,104,103,-14%,15,13,14,28,28,34,27.1,30.7,19.7,41.7,35.8,25.3,4.4,27.5,4.74,28.4,32.0,4.9
19,1,Luka Doncic,,DAL,GS,-13.5,216.5,115.0,22,56.0,64.5,76.8,PG/SG,10400,1,105,113,3%,21,22,20,35,35,36,67.8,61.4,46.2,76.5,25.5,75.0,7.2,60.8,5.84,60.5,34.5,5.8
19,2,Ben Simmons,,PHI,NY,-12.0,210.5,111.3,30,8.3,31.9,42.8,PG/SF,8000,2,101,109,0%,8,9,11,36,36,35,36.9,39.2,33.4,45.0,41.8,51.8,6.5,41.0,5.13,40.8,34.5,5.1
19,3,Wendell Carter Jr.,,CHI,DET,-1.0,223.0,112.0,15,17.5,30.6,41.5,PF/C,5500,1,102,110,5%,8,9,9,32,30,29,30.6,30.4,22.1,38.8,33.0,37.3,6.8,27.3,4.95,29.0,29.5,5.3
19,4,Patrick Beverley,,LAC,BOS,-7.5,217.5,112.5,3,10.0,23.9,44.5,PG/SG,4200,1,103,101,-18%,9,7,8,31,30,30,23.9,22.7,14.2,31.1,40.7,57.0,13.6,21.3,5.06,22.0,30.5,5.2
19,5,Marcus Morris,,NY,PHI,12.0,210.5,99.3,5,17.0,29.8,38.0,SF/PF,6200,1,104,103,-14%,12,14,14,32,32,34,29.8,31.6,20.6,42.7,40.1,53.8,8.7,27.0,4.35,27.0,32.5,4.4
19,6,Daniel Theis,,BOS,LAC,7.5,217.5,105.0,5,15.3,22.8,29.0,PF/C,4300,1,105,102,-9%,4,5,6,25,23,24,22.8,22.4,17.4,27.3,31.1,40.0,9.3,21.0,4.88,21.0,22.5,4.9
19,7,De'Andre Hunter,,ATL,MIL,11.0,232.5,110.8,23,17.5,23.2,29.3,SF/PF,4200,2,109,99,2%,12,12,10,30,35,30,23.2,19.2,12.1,26.3,28.5,46.3,11.0,20.8,4.94,22.0,31.5,5.2
20,0,Patrick Beverley,,LAC,BOS,-7.5,217.5,112.5,3,10.0,23.9,44.5,PG/SG,4200,1,103,101,-18%,9,7,8,31,30,30,23.9,22.7,14.2,31.1,40.7,57.0,13.6,21.3,5.06,22.0,30.5,5.2
20,1,Jimmy Butler,,MIA,CLE,-10.5,214.0,112.3,20,33.5,43.5,50.5,SG/SF,7700,3,102,107,0%,11,13,13,38,38,35,43.5,42.8,35.1,50.5,32.4,46.3,6.0,42.8,5.55,43.0,35.5,5.6
20,2,Marcus Morris,,NY,PHI,12.0,210.5,99.3,5,17.0,29.8,38.0,SF/PF,6200,1,104,103,-14%,12,14,14,32,32,34,29.8,31.6,20.6,42.7,40.1,53.8,8.7,27.0,4.35,27.0,32.5,4.4
20,3,Taurean Prince,,BKN,CHA,-4.5,219.5,112.0,19,9.8,19.9,25.5,SF/PF,5000,1,102,110,8%,12,11,11,25,26,30,19.9,25.6,13.7,37.6,32.9,38.5,7.7,25.3,5.05,28.3,29.0,5.7
20,4,Luka Doncic,,DAL,GS,-13.5,216.5,115.0,22,56.0,64.5,76.8,PG/SG,10400,1,105,113,3%,21,22,20,35,35,36,67.8,61.4,46.2,76.5,25.5,75.0,7.2,60.8,5.84,60.5,34.5,5.8
20,5,Daniel Theis,,BOS,LAC,7.5,217.5,105.0,5,15.3,22.8,29.0,PF/C,4300,1,105,102,-9%,4,5,6,25,23,24,22.8,22.4,17.4,27.3,31.1,40.0,9.3,21.0,4.88,21.0,22.5,4.9
20,6,Paul Millsap,,DEN,HOU,-1.5,222.0,111.8,9,31.0,34.4,39.3,PF/C,6100,2,109,105,12%,13,11,10,24,29,26,34.4,27.1,17.9,36.4,28.4,29.5,4.8,29.5,4.84,29.7,28.0,4.9
20,7,De'Andre Hunter,,ATL,MIL,11.0,232.5,110.8,23,17.5,23.2,29.3,SF/PF,4200,2,109,99,2%,12,12,10,30,35,30,23.2,19.2,12.1,26.3,28.5,46.3,11.0,20.8,4.94,22.0,31.5,5.2
21,0,Ben Simmons,,PHI,NY,-12.0,210.5,111.3,30,8.3,31.9,42.8,PG/SF,8000,2,101,109,0%,8,9,11,36,36,35,36.9,39.2,33.4,45.0,41.8,51.8,6.5,41.0,5.13,40.8,34.5,5.1
21,1,Jimmy Butler,,MIA,CLE,-10.5,214.0,112.3,20,33.5,43.5,50.5,SG/SF,7700,3,102,107,0%,11,13,13,38,38,35,43.5,42.8,35.1,50.5,32.4,46.3,6.0,42.8,5.55,43.0,35.5,5.6
21,2,De'Andre Hunter,,ATL,MIL,11.0,232.5,110.8,23,17.5,23.2,29.3,SF/PF,4200,2,109,99,2%,12,12,10,30,35,30,23.2,19.2,12.1,26.3,28.5,46.3,11.0,20.8,4.94,22.0,31.5,5.2
21,3,Marcus Morris,,NY,PHI,12.0,210.5,99.3,5,17.0,29.8,38.0,SF/PF,6200,1,104,103,-14%,12,14,14,32,32,34,29.8,31.6,20.6,42.7,40.1,53.8,8.7,27.0,4.35,27.0,32.5,4.4
21,4,Patrick Beverley,,LAC,BOS,-7.5,217.5,112.5,3,10.0,23.9,44.5,PG/SG,4200,1,103,101,-18%,9,7,8,31,30,30,23.9,22.7,14.2,31.1,40.7,57.0,13.6,21.3,5.06,22.0,30.5,5.2
21,5,Matisse Thybulle,,PHI,NY,-12.0,210.5,111.3,1,-1.0,6.7,17.5,SG/SF,3200,2,101,109,0%,3,2,3,10,9,14,6.7,10.2,1.6,18.7,14.5,15.5,4.8,10.8,3.36,10.5,14.0,3.3
21,6,Daniel Theis,,BOS,LAC,7.5,217.5,105.0,5,15.3,22.8,29.0,PF/C,4300,1,105,102,-9%,4,5,6,25,23,24,22.8,22.4,17.4,27.3,31.1,40.0,9.3,21.0,4.88,21.0,22.5,4.9
21,7,Luka Doncic,,DAL,GS,-13.5,216.5,115.0,22,56.0,64.5,76.8,PG/SG,10400,1,105,113,3%,21,22,20,35,35,36,67.8,61.4,46.2,76.5,25.5,75.0,7.2,60.8,5.84,60.5,34.5,5.8
22,0,Ben Simmons,,PHI,NY,-12.0,210.5,111.3,30,8.3,31.9,42.8,PG/SF,8000,2,101,109,0%,8,9,11,36,36,35,36.9,39.2,33.4,45.0,41.8,51.8,6.5,41.0,5.13,40.8,34.5,5.1
22,1,Luka Doncic,,DAL,GS,-13.5,216.5,115.0,22,56.0,64.5,76.8,PG/SG,10400,1,105,113,3%,21,22,20,35,35,36,67.8,61.4,46.2,76.5,25.5,75.0,7.2,60.8,5.84,60.5,34.5,5.8
22,2,Jimmy Butler,,MIA,CLE,-10.5,214.0,112.3,20,33.5,43.5,50.5,SG/SF,7700,3,102,107,0%,11,13,13,38,38,35,43.5,42.8,35.1,50.5,32.4,46.3,6.0,42.8,5.55,43.0,35.5,5.6
22,3,De'Andre Hunter,,ATL,MIL,11.0,232.5,110.8,23,17.5,23.2,29.3,SF/PF,4200,2,109,99,2%,12,12,10,30,35,30,23.2,19.2,12.1,26.3,28.5,46.3,11.0,20.8,4.94,22.0,31.5,5.2
22,4,Patrick Beverley,,LAC,BOS,-7.5,217.5,112.5,3,10.0,23.9,44.5,PG/SG,4200,1,103,101,-18%,9,7,8,31,30,30,23.9,22.7,14.2,31.1,40.7,57.0,13.6,21.3,5.06,22.0,30.5,5.2
22,5,Marcus Morris,,NY,PHI,12.0,210.5,99.3,5,17.0,29.8,38.0,SF/PF,6200,1,104,103,-14%,12,14,14,32,32,34,29.8,31.6,20.6,42.7,40.1,53.8,8.7,27.0,4.35,27.0,32.5,4.4
22,6,Christian Wood,,DET,CHI,1.0,223.0,111.0,8,3.5,17.3,28.3,PF/C,3600,4,106,105,16%,6,5,5,16,17,15,17.3,15.5,2.7,28.4,18.3,33.5,9.3,13.3,3.68,0.0,0.0,0.0
22,7,Bruce Brown Jr.,,DET,CHI,1.0,223.0,111.0,16,2.0,20.6,28.5,SG/SF,4800,4,106,105,4%,5,7,7,29,29,27,20.6,19.1,6.2,32.0,29.9,20.8,4.3,23.3,4.84,19.5,28.5,4.1
23,0,Luka Doncic,,DAL,GS,-13.5,216.5,115.0,22,56.0,64.5,76.8,PG/SG,10400,1,105,113,3%,21,22,20,35,35,36,67.8,61.4,46.2,76.5,25.5,75.0,7.2,60.8,5.84,60.5,34.5,5.8
23,1,Patrick Beverley,,LAC,BOS,-7.5,217.5,112.5,3,10.0,23.9,44.5,PG/SG,4200,1,103,101,-18%,9,7,8,31,30,30,23.9,22.7,14.2,31.1,40.7,57.0,13.6,21.3,5.06,22.0,30.5,5.2
23,2,Ben Simmons,,PHI,NY,-12.0,210.5,111.3,30,8.3,31.9,42.8,PG/SF,8000,2,101,109,0%,8,9,11,36,36,35,36.9,39.2,33.4,45.0,41.8,51.8,6.5,41.0,5.13,40.8,34.5,5.1
23,3,Christian Wood,,DET,CHI,1.0,223.0,111.0,8,3.5,17.3,28.3,PF/C,3600,4,106,105,16%,6,5,5,16,17,15,17.3,15.5,2.7,28.4,18.3,33.5,9.3,13.3,3.68,0.0,0.0,0.0
23,4,Donte DiVincenzo,,MIL,ATL,-11.0,232.5,121.8,23,5.3,17.6,33.5,PG/SF,4700,1,105,109,16%,9,6,6,26,20,17,17.6,17.0,4.4,29.6,24.6,25.8,5.5,21.8,4.63,24.5,26.0,5.2
23,5,Jimmy Butler,,MIA,CLE,-10.5,214.0,112.3,20,33.5,43.5,50.5,SG/SF,7700,3,102,107,0%,11,13,13,38,38,35,43.5,42.8,35.1,50.5,32.4,46.3,6.0,42.8,5.55,43.0,35.5,5.6
23,6,Daniel Theis,,BOS,LAC,7.5,217.5,105.0,5,15.3,22.8,29.0,PF/C,4300,1,105,102,-9%,4,5,6,25,23,24,22.8,22.4,17.4,27.3,31.1,40.0,9.3,21.0,4.88,21.0,22.5,4.9
23,7,Marcus Morris,,NY,PHI,12.0,210.5,99.3,5,17.0,29.8,38.0,SF/PF,6200,1,104,103,-14%,12,14,14,32,32,34,29.8,31.6,20.6,42.7,40.1,53.8,8.7,27.0,4.35,27.0,32.5,4.4
24,0,Luka Doncic,,DAL,GS,-13.5,216.5,115.0,22,56.0,64.5,76.8,PG/SG,10400,1,105,113,3%,21,22,20,35,35,36,67.8,61.4,46.2,76.5,25.5,75.0,7.2,60.8,5.84,60.5,34.5,5.8
24,1,Patrick Beverley,,LAC,BOS,-7.5,217.5,112.5,3,10.0,23.9,44.5,PG/SG,4200,1,103,101,-18%,9,7,8,31,30,30,23.9,22.7,14.2,31.1,40.7,57.0,13.6,21.3,5.06,22.0,30.5,5.2
24,2,Evan Turner,,ATL,MIL,11.0,232.5,110.8,28,5.8,13.0,23.8,PG/SF,3200,2,109,99,8%,6,4,4,15,13,13,13.0,13.0,5.7,20.3,15.0,14.0,4.4,12.0,3.75,14.1,15.0,4.4
24,3,Marcus Morris,,NY,PHI,12.0,210.5,99.3,5,17.0,29.8,38.0,SF/PF,6200,1,104,103,-14%,12,14,14,32,32,34,29.8,31.6,20.6,42.7,40.1,53.8,8.7,27.0,4.35,27.0,32.5,4.4
24,4,Ben Simmons,,PHI,NY,-12.0,210.5,111.3,30,8.3,31.9,42.8,PG/SF,8000,2,101,109,0%,8,9,11,36,36,35,36.9,39.2,33.4,45.0,41.8,51.8,6.5,41.0,5.13,40.8,34.5,5.1
24,5,De'Andre Hunter,,ATL,MIL,11.0,232.5,110.8,23,17.5,23.2,29.3,SF/PF,4200,2,109,99,2%,12,12,10,30,35,30,23.2,19.2,12.1,26.3,28.5,46.3,11.0,20.8,4.94,22.0,31.5,5.2
24,6,Christian Wood,,DET,CHI,1.0,223.0,111.0,8,3.5,17.3,28.3,PF/C,3600,4,106,105,16%,6,5,5,16,17,15,17.3,15.5,2.7,28.4,18.3,33.5,9.3,13.3,3.68,0.0,0.0,0.0
24,7,Jayson Tatum,,BOS,LAC,7.5,217.5,105.0,3,22.5,34.1,47.3,SF/PF,7600,1,105,102,-9%,18,17,18,34,34,34,32.6,36.7,29.2,44.3,40.6,51.0,6.7,36.0,4.74,35.5,34.0,4.7
25,0,Luka Doncic,,DAL,GS,-13.5,216.5,115.0,22,56.0,64.5,76.8,PG/SG,10400,1,105,113,3%,21,22,20,35,35,36,67.8,61.4,46.2,76.5,25.5,75.0,7.2,60.8,5.84,60.5,34.5,5.8
25,1,Alec Burks,,GS,DAL,13.5,216.5,101.5,5,16.8,25.9,44.5,PG/SG,5200,0,102,108,1%,14,10,11,33,27,27,25.9,25.7,13.1,38.3,28.6,23.5,4.5,24.8,4.76,33.7,35.5,6.5
25,2,De'Andre Hunter,,ATL,MIL,11.0,232.5,110.8,23,17.5,23.2,29.3,SF/PF,4200,2,109,99,2%,12,12,10,30,35,30,23.2,19.2,12.1,26.3,28.5,46.3,11.0,20.8,4.94,22.0,31.5,5.2
25,3,Daniel Theis,,BOS,LAC,7.5,217.5,105.0,5,15.3,22.8,29.0,PF/C,4300,1,105,102,-9%,4,5,6,25,23,24,22.8,22.4,17.4,27.3,31.1,40.0,9.3,21.0,4.88,21.0,22.5,4.9
25,4,Jimmy Butler,,MIA,CLE,-10.5,214.0,112.3,20,33.5,43.5,50.5,SG/SF,7700,3,102,107,0%,11,13,13,38,38,35,43.5,42.8,35.1,50.5,32.4,46.3,6.0,42.8,5.55,43.0,35.5,5.6
25,5,Marcus Morris,,NY,PHI,12.0,210.5,99.3,5,17.0,29.8,38.0,SF/PF,6200,1,104,103,-14%,12,14,14,32,32,34,29.8,31.6,20.6,42.7,40.1,53.8,8.7,27.0,4.35,27.0,32.5,4.4
25,6,Lauri Markkanen,,CHI,DET,-1.0,223.0,112.0,15,20.0,26.2,36.0,PF/C,5400,1,102,110,5%,11,10,12,31,31,31,26.2,29.3,17.5,41.0,29.1,38.5,7.1,34.0,6.3,31.7,31.5,5.9
25,7,Patrick Beverley,,LAC,BOS,-7.5,217.5,112.5,3,10.0,23.9,44.5,PG/SG,4200,1,103,101,-18%,9,7,8,31,30,30,23.9,22.7,14.2,31.1,40.7,57.0,13.6,21.3,5.06,22.0,30.5,5.2
26,0,Kemba Walker,,BOS,LAC,7.5,217.5,105.0,24,28.0,38.1,47.3,PG,8200,1,105,102,7%,16,17,18,31,33,33,38.1,40.2,29.1,51.3,38.7,27.8,3.4,39.8,4.85,38.8,33.5,4.7
26,1,Luka Doncic,,DAL,GS,-13.5,216.5,115.0,22,56.0,64.5,76.8,PG/SG,10400,1,105,113,3%,21,22,20,35,35,36,67.8,61.4,46.2,76.5,25.5,75.0,7.2,60.8,5.84,60.5,34.5,5.8
26,2,Terence Davis,,TOR,ORL,-3.0,207.0,105.0,23,13.8,21.9,30.8,SG/SF,4000,1,100,101,-1%,7,7,4,18,20,13,21.9,12.3,2.0,22.5,27.1,39.5,9.9,15.3,3.81,14.9,17.0,3.7
26,3,Marcus Morris,,NY,PHI,12.0,210.5,99.3,5,17.0,29.8,38.0,SF/PF,6200,1,104,103,-14%,12,14,14,32,32,34,29.8,31.6,20.6,42.7,40.1,53.8,8.7,27.0,4.35,27.0,32.5,4.4
26,4,Patrick Beverley,,LAC,BOS,-7.5,217.5,112.5,3,10.0,23.9,44.5,PG/SG,4200,1,103,101,-18%,9,7,8,31,30,30,23.9,22.7,14.2,31.1,40.7,57.0,13.6,21.3,5.06,22.0,30.5,5.2
26,5,Jimmy Butler,,MIA,CLE,-10.5,214.0,112.3,20,33.5,43.5,50.5,SG/SF,7700,3,102,107,0%,11,13,13,38,38,35,43.5,42.8,35.1,50.5,32.4,46.3,6.0,42.8,5.55,43.0,35.5,5.6
26,6,Daniel Theis,,BOS,LAC,7.5,217.5,105.0,5,15.3,22.8,29.0,PF/C,4300,1,105,102,-9%,4,5,6,25,23,24,22.8,22.4,17.4,27.3,31.1,40.0,9.3,21.0,4.88,21.0,22.5,4.9
26,7,Bryn Forbes,,SA,WAS,-2.5,237.5,120.0,14,17.5,19.1,22.3,PG/SG,4300,1,107,112,11%,10,11,12,29,28,28,19.1,21.3,16.4,26.3,33.0,40.0,9.3,22.3,5.17,24.2,28.5,5.6
27,0,Patrick Beverley,,LAC,BOS,-7.5,217.5,112.5,3,10.0,23.9,44.5,PG/SG,4200,1,103,101,-18%,9,7,8,31,30,30,23.9,22.7,14.2,31.1,40.7,57.0,13.6,21.3,5.06,22.0,30.5,5.2
27,1,Bryn Forbes,,SA,WAS,-2.5,237.5,120.0,14,17.5,19.1,22.3,PG/SG,4300,1,107,112,11%,10,11,12,29,28,28,19.1,21.3,16.4,26.3,33.0,40.0,9.3,22.3,5.17,24.2,28.5,5.6
27,2,Marcus Morris,,NY,PHI,12.0,210.5,99.3,5,17.0,29.8,38.0,SF/PF,6200,1,104,103,-14%,12,14,14,32,32,34,29.8,31.6,20.6,42.7,40.1,53.8,8.7,27.0,4.35,27.0,32.5,4.4
27,3,Christian Wood,,DET,CHI,1.0,223.0,111.0,8,3.5,17.3,28.3,PF/C,3600,4,106,105,16%,6,5,5,16,17,15,17.3,15.5,2.7,28.4,18.3,33.5,9.3,13.3,3.68,0.0,0.0,0.0
27,4,Jimmy Butler,,MIA,CLE,-10.5,214.0,112.3,20,33.5,43.5,50.5,SG/SF,7700,3,102,107,0%,11,13,13,38,38,35,43.5,42.8,35.1,50.5,32.4,46.3,6.0,42.8,5.55,43.0,35.5,5.6
27,5,Terence Davis,,TOR,ORL,-3.0,207.0,105.0,23,13.8,21.9,30.8,SG/SF,4000,1,100,101,-1%,7,7,4,18,20,13,21.9,12.3,2.0,22.5,27.1,39.5,9.9,15.3,3.81,14.9,17.0,3.7
27,6,Bam Adebayo,,MIA,CLE,-10.5,214.0,112.3,26,34.8,43.6,50.8,C,8300,3,102,107,4%,13,10,9,37,35,32,43.7,39.6,31.2,48.1,29.9,32.8,4.0,42.3,5.09,41.1,34.0,5.0
27,7,Luka Doncic,,DAL,GS,-13.5,216.5,115.0,22,56.0,64.5,76.8,PG/SG,10400,1,105,113,3%,21,22,20,35,35,36,67.8,61.4,46.2,76.5,25.5,75.0,7.2,60.8,5.84,60.5,34.5,5.8
28,0,Patrick Beverley,,LAC,BOS,-7.5,217.5,112.5,3,10.0,23.9,44.5,PG/SG,4200,1,103,101,-18%,9,7,8,31,30,30,23.9,22.7,14.2,31.1,40.7,57.0,13.6,21.3,5.06,22.0,30.5,5.2
28,1,Terence Davis,,TOR,ORL,-3.0,207.0,105.0,23,13.8,21.9,30.8,SG/SF,4000,1,100,101,-1%,7,7,4,18,20,13,21.9,12.3,2.0,22.5,27.1,39.5,9.9,15.3,3.81,14.9,17.0,3.7
28,2,Marcus Morris,,NY,PHI,12.0,210.5,99.3,5,17.0,29.8,38.0,SF/PF,6200,1,104,103,-14%,12,14,14,32,32,34,29.8,31.6,20.6,42.7,40.1,53.8,8.7,27.0,4.35,27.0,32.5,4.4
28,3,De'Andre Hunter,,ATL,MIL,11.0,232.5,110.8,23,17.5,23.2,29.3,SF/PF,4200,2,109,99,2%,12,12,10,30,35,30,23.2,19.2,12.1,26.3,28.5,46.3,11.0,20.8,4.94,22.0,31.5,5.2
28,4,Luka Doncic,,DAL,GS,-13.5,216.5,115.0,22,56.0,64.5,76.8,PG/SG,10400,1,105,113,3%,21,22,20,35,35,36,67.8,61.4,46.2,76.5,25.5,75.0,7.2,60.8,5.84,60.5,34.5,5.8
28,5,Jimmy Butler,,MIA,CLE,-10.5,214.0,112.3,20,33.5,43.5,50.5,SG/SF,7700,3,102,107,0%,11,13,13,38,38,35,43.5,42.8,35.1,50.5,32.4,46.3,6.0,42.8,5.55,43.0,35.5,5.6
28,6,Lauri Markkanen,,CHI,DET,-1.0,223.0,112.0,15,20.0,26.2,36.0,PF/C,5400,1,102,110,5%,11,10,12,31,31,31,26.2,29.3,17.5,41.0,29.1,38.5,7.1,34.0,6.3,31.7,31.5,5.9
28,7,OG Anunoby,,TOR,ORL,-3.0,207.0,105.0,9,1.0,21.3,41.8,SF/PF,5600,1,100,101,-10%,10,10,9,30,31,33,29.6,29.1,18.3,40.0,23.1,16.0,2.9,26.8,4.78,26.7,33.0,4.8
29,0,Shake Milton,,PHI,NY,-12.0,210.5,111.3,30,-0.5,6.3,15.5,PG/SG,3000,2,101,109,5%,3,4,4,6,8,8,6.3,6.3,-0.1,12.6,16.9,9.5,3.2,6.0,2.0,0.0,0.0,0.0
29,1,Terence Davis,,TOR,ORL,-3.0,207.0,105.0,23,13.8,21.9,30.8,SG/SF,4000,1,100,101,-1%,7,7,4,18,20,13,21.9,12.3,2.0,22.5,27.1,39.5,9.9,15.3,3.81,14.9,17.0,3.7
29,2,Giannis Antetokounmpo,,MIL,ATL,-11.0,232.5,121.8,24,55.0,61.0,71.5,SF/PF,11200,1,105,109,-5%,20,21,19,31,34,33,61.0,63.1,52.1,74.1,30.1,56.8,5.1,64.0,5.71,66.2,33.5,5.9
29,3,De'Andre Hunter,,ATL,MIL,11.0,232.5,110.8,23,17.5,23.2,29.3,SF/PF,4200,2,109,99,2%,12,12,10,30,35,30,23.2,19.2,12.1,26.3,28.5,46.3,11.0,20.8,4.94,22.0,31.5,5.2
29,4,Luka Doncic,,DAL,GS,-13.5,216.5,115.0,22,56.0,64.5,76.8,PG/SG,10400,1,105,113,3%,21,22,20,35,35,36,67.8,61.4,46.2,76.5,25.5,75.0,7.2,60.8,5.84,60.5,34.5,5.8
29,5,Marcus Morris,,NY,PHI,12.0,210.5,99.3,5,17.0,29.8,38.0,SF/PF,6200,1,104,103,-14%,12,14,14,32,32,34,29.8,31.6,20.6,42.7,40.1,53.8,8.7,27.0,4.35,27.0,32.5,4.4
29,6,Christian Wood,,DET,CHI,1.0,223.0,111.0,8,3.5,17.3,28.3,PF/C,3600,4,106,105,16%,6,5,5,16,17,15,17.3,15.5,2.7,28.4,18.3,33.5,9.3,13.3,3.68,0.0,0.0,0.0
29,7,Patrick Beverley,,LAC,BOS,-7.5,217.5,112.5,3,10.0,23.9,44.5,PG/SG,4200,1,103,101,-18%,9,7,8,31,30,30,23.9,22.7,14.2,31.1,40.7,57.0,13.6,21.3,5.06,22.0,30.5,5.2
30,0,Luka Doncic,,DAL,GS,-13.5,216.5,115.0,22,56.0,64.5,76.8,PG/SG,10400,1,105,113,3%,21,22,20,35,35,36,67.8,61.4,46.2,76.5,25.5,75.0,7.2,60.8,5.84,60.5,34.5,5.8
30,1,Andrew Wiggins,Q,MIN,UTA,3.0,222.0,109.5,15,41.5,52.6,63.8,SG/SF,7600,1,103,98,-15%,22,24,21,34,37,35,52.5,41.8,29.8,53.8,34.1,34.3,4.5,35.0,4.61,36.9,34.0,4.9
30,2,Marcus Morris,,NY,PHI,12.0,210.5,99.3,5,17.0,29.8,38.0,SF/PF,6200,1,104,103,-14%,12,14,14,32,32,34,29.8,31.6,20.6,42.7,40.1,53.8,8.7,27.0,4.35,27.0,32.5,4.4
30,3,Lauri Markkanen,,CHI,DET,-1.0,223.0,112.0,15,20.0,26.2,36.0,PF/C,5400,1,102,110,5%,11,10,12,31,31,31,26.2,29.3,17.5,41.0,29.1,38.5,7.1,34.0,6.3,31.7,31.5,5.9
30,4,Patrick Beverley,,LAC,BOS,-7.5,217.5,112.5,3,10.0,23.9,44.5,PG/SG,4200,1,103,101,-18%,9,7,8,31,30,30,23.9,22.7,14.2,31.1,40.7,57.0,13.6,21.3,5.06,22.0,30.5,5.2
30,5,Terence Davis,,TOR,ORL,-3.0,207.0,105.0,23,13.8,21.9,30.8,SG/SF,4000,1,100,101,-1%,7,7,4,18,20,13,21.9,12.3,2.0,22.5,27.1,39.5,9.9,15.3,3.81,14.9,17.0,3.7
30,6,Christian Wood,,DET,CHI,1.0,223.0,111.0,8,3.5,17.3,28.3,PF/C,3600,4,106,105,16%,6,5,5,16,17,15,17.3,15.5,2.7,28.4,18.3,33.5,9.3,13.3,3.68,0.0,0.0,0.0
30,7,Brad Wanamaker,,BOS,LAC,7.5,217.5,105.0,24,15.8,19.4,26.8,PG/SG,4200,1,105,102,7%,7,5,4,25,21,15,19.4,13.9,6.3,21.5,27.2,26.8,6.4,17.0,4.05,15.7,19.5,3.7
31,0,Jalen Brunson,,DAL,GS,-13.5,216.5,115.0,22,7.5,16.5,26.3,PG/SG,3500,1,105,113,3%,6,6,7,11,17,19,16.4,17.0,8.1,25.9,22.5,28.3,8.1,18.0,5.14,18.7,20.5,5.3
31,1,Norman Powell,,TOR,ORL,-3.0,207.0,105.0,23,14.8,27.7,39.0,SG/SF,5500,1,100,101,-10%,15,11,9,29,30,26,27.7,21.3,12.0,30.5,37.5,19.3,3.5,20.8,3.77,23.8,29.5,4.3
31,2,Marcus Morris,,NY,PHI,12.0,210.5,99.3,5,17.0,29.8,38.0,SF/PF,6200,1,104,103,-14%,12,14,14,32,32,34,29.8,31.6,20.6,42.7,40.1,53.8,8.7,27.0,4.35,27.0,32.5,4.4
31,3,Jonathan Isaac,,ORL,TOR,3.0,207.0,102.0,17,20.3,34.2,53.0,SF/PF,5500,2,105,100,16%,9,9,9,33,32,31,34.2,31.0,20.0,42.0,33.6,45.8,8.3,27.3,4.95,28.4,31.0,5.2
31,4,Brad Wanamaker,,BOS,LAC,7.5,217.5,105.0,24,15.8,19.4,26.8,PG/SG,4200,1,105,102,7%,7,5,4,25,21,15,19.4,13.9,6.3,21.5,27.2,26.8,6.4,17.0,4.05,15.7,19.5,3.7
31,5,Daniel Theis,,BOS,LAC,7.5,217.5,105.0,5,15.3,22.8,29.0,PF/C,4300,1,105,102,-9%,4,5,6,25,23,24,22.8,22.4,17.4,27.3,31.1,40.0,9.3,21.0,4.88,21.0,22.5,4.9
31,6,Kevin Love,,CLE,MIA,10.5,214.0,101.8,11,20.5,32.9,46.0,PF/C,7400,1,105,98,11%,16,13,13,35,33,33,36.5,42.8,33.9,51.7,33.3,46.3,6.3,40.5,5.47,40.3,32.5,5.4
31,7,Luka Doncic,,DAL,GS,-13.5,216.5,115.0,22,56.0,64.5,76.8,PG/SG,10400,1,105,113,3%,21,22,20,35,35,36,67.8,61.4,46.2,76.5,25.5,75.0,7.2,60.8,5.84,60.5,34.5,5.8
32,0,Ben Simmons,,PHI,NY,-12.0,210.5,111.3,30,8.3,31.9,42.8,PG/SF,8000,2,101,109,0%,8,9,11,36,36,35,36.9,39.2,33.4,45.0,41.8,51.8,6.5,41.0,5.13,40.8,34.5,5.1
32,1,Patrick Beverley,,LAC,BOS,-7.5,217.5,112.5,3,10.0,23.9,44.5,PG/SG,4200,1,103,101,-18%,9,7,8,31,30,30,23.9,22.7,14.2,31.1,40.7,57.0,13.6,21.3,5.06,22.0,30.5,5.2
32,2,Moe Harkless,,LAC,BOS,-7.5,217.5,112.5,8,14.3,19.0,24.8,SF/PF,4000,1,103,101,-2%,5,6,5,24,27,23,19.0,15.1,8.2,21.9,25.0,9.8,2.5,19.3,4.81,14.9,22.5,3.7
32,3,Marcus Morris,,NY,PHI,12.0,210.5,99.3,5,17.0,29.8,38.0,SF/PF,6200,1,104,103,-14%,12,14,14,32,32,34,29.8,31.6,20.6,42.7,40.1,53.8,8.7,27.0,4.35,27.0,32.5,4.4
32,4,Goran Dragic,,MIA,CLE,-10.5,214.0,112.3,2,22.3,31.3,40.0,PG,5500,3,102,107,1%,12,12,11,29,30,28,31.3,29.7,19.6,39.8,26.4,29.0,5.3,27.3,4.95,27.3,27.0,5.0
32,5,Christian Wood,,DET,CHI,1.0,223.0,111.0,8,3.5,17.3,28.3,PF/C,3600,4,106,105,16%,6,5,5,16,17,15,17.3,15.5,2.7,28.4,18.3,33.5,9.3,13.3,3.68,0.0,0.0,0.0
32,6,Daniel Theis,,BOS,LAC,7.5,217.5,105.0,5,15.3,22.8,29.0,PF/C,4300,1,105,102,-9%,4,5,6,25,23,24,22.8,22.4,17.4,27.3,31.1,40.0,9.3,21.0,4.88,21.0,22.5,4.9
32,7,Jimmy Butler,,MIA,CLE,-10.5,214.0,112.3,20,33.5,43.5,50.5,SG/SF,7700,3,102,107,0%,11,13,13,38,38,35,43.5,42.8,35.1,50.5,32.4,46.3,6.0,42.8,5.55,43.0,35.5,5.6
33,0,Terry Rozier,,CHA,BKN,4.5,219.5,107.5,27,19.8,31.8,53.3,PG,6000,1,108,108,16%,14,16,15,31,31,33,31.5,30.8,19.1,42.5,32.5,27.5,4.6,34.5,5.75,34.7,34.0,5.8
33,1,Patrick Beverley,,LAC,BOS,-7.5,217.5,112.5,3,10.0,23.9,44.5,PG/SG,4200,1,103,101,-18%,9,7,8,31,30,30,23.9,22.7,14.2,31.1,40.7,57.0,13.6,21.3,5.06,22.0,30.5,5.2
33,2,Sterling Brown,,MIL,ATL,-11.0,232.5,121.8,28,12.3,21.7,26.3,SG/SF,4600,1,105,109,16%,8,7,5,25,22,16,21.6,15.3,4.9,25.7,19.6,18.5,4.0,22.0,4.78,21.1,22.5,4.6
33,3,Lauri Markkanen,,CHI,DET,-1.0,223.0,112.0,15,20.0,26.2,36.0,PF/C,5400,1,102,110,5%,11,10,12,31,31,31,26.2,29.3,17.5,41.0,29.1,38.5,7.1,34.0,6.3,31.7,31.5,5.9
33,4,Ben Simmons,,PHI,NY,-12.0,210.5,111.3,30,8.3,31.9,42.8,PG/SF,8000,2,101,109,0%,8,9,11,36,36,35,36.9,39.2,33.4,45.0,41.8,51.8,6.5,41.0,5.13,40.8,34.5,5.1
33,5,Marcus Morris,,NY,PHI,12.0,210.5,99.3,5,17.0,29.8,38.0,SF/PF,6200,1,104,103,-14%,12,14,14,32,32,34,29.8,31.6,20.6,42.7,40.1,53.8,8.7,27.0,4.35,27.0,32.5,4.4
33,6,Thon Maker,,DET,CHI,1.0,223.0,111.0,8,0.0,10.7,22.0,PF/C,3300,4,106,105,17%,2,2,2,12,13,14,10.7,8.9,2.8,14.9,5.5,4.3,1.3,7.5,2.27,0.0,0.0,0.0
33,7,Russell Westbrook,,HOU,DEN,1.5,222.0,110.3,8,22.5,41.3,67.3,PG,8600,1,101,101,0%,24,22,20,35,33,34,41.9,49.1,34.9,63.4,34.9,35.5,4.1,44.5,5.17,45.4,34.5,5.3
34,0,Mike Conley,,UTA,MIN,-3.0,222.0,112.5,17,27.0,30.8,36.3,PG,6600,1,108,106,9%,17,15,14,35,32,32,30.8,27.9,18.1,37.8,30.9,38.5,5.8,34.8,5.27,33.1,33.5,5.0
34,1,Joe Harris,,BKN,CHA,-4.5,219.5,112.0,24,11.0,19.6,44.0,SG/SF,4900,1,102,110,8%,12,11,11,31,32,33,22.4,24.0,14.5,33.5,37.5,19.5,4.0,26.8,5.46,26.4,33.0,5.4
34,2,Kawhi Leonard,Q,LAC,BOS,-7.5,217.5,112.5,8,42.3,53.1,63.0,SF/PF,9300,1,103,101,-2%,18,23,22,38,35,34,53.1,54.2,47.2,61.1,37.6,38.0,4.1,43.8,4.7,46.8,33.5,5.0
34,3,Thaddeus Young,,CHI,DET,-1.0,223.0,112.0,15,12.8,20.0,25.8,SF/PF,4200,1,102,110,5%,8,8,9,21,24,23,19.9,19.7,12.9,26.5,17.5,13.0,3.1,24.0,5.71,17.0,19.0,4.0
34,4,Dejounte Murray,,SA,WAS,-2.5,237.5,120.0,14,17.5,20.2,26.3,PG,5200,1,107,112,3%,9,7,9,23,22,23,20.1,28.8,17.0,40.6,19.4,29.3,5.6,24.0,4.62,30.0,24.5,5.8
34,5,Kevin Love,,CLE,MIA,10.5,214.0,101.8,11,20.5,32.9,46.0,PF/C,7400,1,105,98,11%,16,13,13,35,33,33,36.5,42.8,33.9,51.7,33.3,46.3,6.3,40.5,5.47,40.3,32.5,5.4
34,6,Nikola Vucevic,,ORL,TOR,3.0,207.0,102.0,7,39.3,51.8,63.8,C,9100,2,105,100,-4%,15,16,16,35,34,34,51.8,45.3,35.1,55.5,10.8,19.3,2.1,44.8,4.92,44.2,33.0,4.9
34,7,Damyean Dotson,,NY,PHI,12.0,210.5,99.3,2,10.5,14.5,20.5,SG/SF,3100,1,104,103,-9%,8,8,5,20,20,13,14.4,8.8,2.0,15.7,19.6,9.3,3.0,12.3,3.95,11.9,18.0,3.8
35,0,Dejounte Murray,,SA,WAS,-2.5,237.5,120.0,14,17.5,20.2,26.3,PG,5200,1,107,112,3%,9,7,9,23,22,23,20.1,28.8,17.0,40.6,19.4,29.3,5.6,24.0,4.62,30.0,24.5,5.8
35,1,Donovan Mitchell,,UTA,MIN,-3.0,222.0,112.5,17,30.8,40.5,53.3,PG/SG,7700,1,108,106,6%,22,22,21,35,36,36,40.5,42.3,34.1,50.6,37.6,41.3,5.4,43.8,5.68,42.3,35.0,5.5
35,2,Jordan Poole,,GS,DAL,13.5,216.5,101.5,26,9.8,15.3,21.0,SG/SF,3600,0,102,108,-2%,8,10,10,20,25,26,15.3,16.6,11.3,22.0,30.1,22.3,6.2,16.8,4.65,18.1,26.5,5.0
35,3,Wendell Carter Jr.,,CHI,DET,-1.0,223.0,112.0,15,17.5,30.6,41.5,PF/C,5500,1,102,110,5%,8,9,9,32,30,29,30.6,30.4,22.1,38.8,33.0,37.3,6.8,27.3,4.95,29.0,29.5,5.3
35,4,Jalen Brunson,,DAL,GS,-13.5,216.5,115.0,22,7.5,16.5,26.3,PG/SG,3500,1,105,113,3%,6,6,7,11,17,19,16.4,17.0,8.1,25.9,22.5,28.3,8.1,18.0,5.14,18.7,20.5,5.3
35,5,Josh Okogie,Q,MIN,UTA,3.0,222.0,109.5,15,7.5,23.5,38.0,SG/SF,4400,1,103,98,-21%,8,8,7,26,28,25,23.4,21.9,14.3,29.5,21.8,11.3,2.6,18.5,4.2,18.8,25.5,4.3
35,6,Daniel Gafford,,CHI,DET,-1.0,223.0,112.0,22,0.0,6.8,32.8,C,3800,1,102,110,5%,6,2,2,11,7,7,6.8,6.8,-7.7,21.3,14.9,9.3,2.4,12.8,3.36,13.5,16.0,3.6
35,7,Terrence Ross,,ORL,TOR,3.0,207.0,102.0,5,13.8,20.9,26.0,SG/SF,4800,2,105,100,-4%,12,9,10,26,24,23,20.9,18.8,12.7,25.0,27.1,21.5,4.5,22.8,4.74,21.8,25.0,4.5
36,0,Marcus Smart,,BOS,LAC,7.5,217.5,105.0,24,27.3,31.7,35.5,PG/SG,6300,1,105,102,7%,14,12,11,31,34,32,31.7,27.9,21.5,34.3,40.1,35.3,5.6,27.8,4.4,28.0,34.5,4.4
36,1,Theo Pinson,,BKN,CHA,-4.5,219.5,112.0,1,2.8,9.0,17.3,PG/SG,3400,1,102,110,-2%,10,6,6,17,11,11,10.6,10.6,5.1,16.0,15.6,10.5,3.1,14.8,4.34,13.7,14.0,4.0
36,2,OG Anunoby,,TOR,ORL,-3.0,207.0,105.0,9,1.0,21.3,41.8,SF/PF,5600,1,100,101,-10%,10,10,9,30,31,33,29.6,29.1,18.3,40.0,23.1,16.0,2.9,26.8,4.78,26.7,33.0,4.8
36,3,James Ennis III,,PHI,NY,-12.0,210.5,111.3,1,6.5,13.7,22.0,SF/PF,3500,2,101,109,-5%,5,6,5,17,17,16,13.7,13.2,6.3,20.0,21.6,22.0,6.3,12.8,3.64,13.1,17.5,3.7
36,4,Patty Mills,,SA,WAS,-2.5,237.5,120.0,14,10.3,16.8,26.3,PG/SG,4000,1,107,112,3%,11,10,9,24,22,21,16.8,18.6,9.5,27.7,30.1,30.8,7.7,18.8,4.69,22.8,26.0,5.7
36,5,Ben Simmons,,PHI,NY,-12.0,210.5,111.3,30,8.3,31.9,42.8,PG/SF,8000,2,101,109,0%,8,9,11,36,36,35,36.9,39.2,33.4,45.0,41.8,51.8,6.5,41.0,5.13,40.8,34.5,5.1
36,6,Isaiah Hartenstein,,HOU,DEN,1.5,222.0,110.3,17,1.5,10.2,25.0,PF/C,3500,1,101,101,-9%,3,2,2,22,19,19,14.8,14.8,5.2,24.3,4.3,5.5,1.6,4.0,1.14,0.0,0.0,0.0
36,7,Marc Gasol,,TOR,ORL,-3.0,207.0,105.0,11,12.3,24.8,31.3,C,5600,1,100,101,-9%,6,6,7,28,31,29,24.8,22.5,15.2,29.8,29.1,24.5,4.4,29.0,5.18,29.6,31.5,5.3
37,0,Devonte' Graham,,CHA,BKN,4.5,219.5,107.5,27,22.5,33.8,41.3,PG/SG,6700,1,108,108,16%,14,17,14,31,34,32,34.1,35.5,24.7,46.3,38.3,29.3,4.4,32.8,4.89,37.2,34.5,5.6
37,1,Kelan Martin,,MIN,UTA,3.0,222.0,109.5,15,1.3,8.3,22.0,SG,3300,1,103,98,-7%,7,6,6,21,15,15,8.3,8.3,-1.1,17.7,24.7,21.8,6.6,7.8,2.35,12.0,15.5,3.6
37,2,Kawhi Leonard,Q,LAC,BOS,-7.5,217.5,112.5,8,42.3,53.1,63.0,SF/PF,9300,1,103,101,-2%,18,23,22,38,35,34,53.1,54.2,47.2,61.1,37.6,38.0,4.1,43.8,4.7,46.8,33.5,5.0
37,3,Davis Bertans,,WAS,SA,2.5,237.5,117.5,22,11.3,22.9,32.5,SF/PF,4500,2,104,110,3%,11,10,9,29,28,28,22.9,22.2,14.5,29.9,29.5,35.8,8.0,22.0,4.89,22.5,27.0,5.0
37,4,Theo Pinson,,BKN,CHA,-4.5,219.5,112.0,1,2.8,9.0,17.3,PG/SG,3400,1,102,110,-2%,10,6,6,17,11,11,10.6,10.6,5.1,16.0,15.6,10.5,3.1,14.8,4.34,13.7,14.0,4.0
37,5,Grant Williams,,BOS,LAC,7.5,217.5,105.0,3,6.0,9.2,11.5,SF/PF,3200,1,105,102,-9%,3,2,3,17,14,16,9.2,9.9,3.6,16.2,20.4,5.5,1.7,12.0,3.75,9.5,13.5,3.0
37,6,Jerami Grant,,DEN,HOU,-1.5,222.0,111.8,9,9.5,17.5,26.5,PF/C,4200,2,109,105,9%,9,8,8,23,19,22,17.5,16.9,9.3,24.5,19.6,19.5,4.6,17.5,4.17,15.6,19.5,3.7
37,7,Rodney McGruder,,LAC,BOS,-7.5,217.5,112.5,22,4.0,11.4,29.3,SG/SF,3200,1,103,101,-3%,5,5,3,19,20,17,11.4,7.2,-1.3,15.7,14.6,4.0,1.3,9.3,2.89,8.3,15.5,2.6
38,0,Evan Turner,,ATL,MIL,11.0,232.5,110.8,28,5.8,13.0,23.8,PG/SF,3200,2,109,99,8%,6,4,4,15,13,13,13.0,13.0,5.7,20.3,15.0,14.0,4.4,12.0,3.75,14.1,15.0,4.4
38,1,Dwayne Bacon,,CHA,BKN,4.5,219.5,107.5,6,-0.5,8.6,18.8,SG/SF,3200,1,108,108,-15%,5,7,11,12,17,24,8.6,16.6,3.5,29.7,13.9,14.8,4.6,6.5,2.03,0.0,0.0,0.0
38,2,Nicolas Batum,,CHA,BKN,4.5,219.5,107.5,6,7.0,15.3,26.8,SG/SF,4400,1,108,108,7%,4,3,3,27,22,22,17.3,17.3,7.4,27.1,25.6,13.8,3.1,20.3,4.6,21.2,26.5,4.8
38,3,Rui Hachimura,,WAS,SA,2.5,237.5,117.5,4,11.0,22.8,37.3,PF,4800,2,104,110,2%,9,9,12,27,27,28,22.8,24.1,14.0,34.1,25.4,26.3,5.5,23.0,4.79,25.4,28.0,5.3
38,4,Jalen Brunson,,DAL,GS,-13.5,216.5,115.0,22,7.5,16.5,26.3,PG/SG,3500,1,105,113,3%,6,6,7,11,17,19,16.4,17.0,8.1,25.9,22.5,28.3,8.1,18.0,5.14,18.7,20.5,5.3
38,5,Kevin Knox,,NY,PHI,12.0,210.5,99.3,5,6.8,14.7,23.8,SF/PF,3500,1,104,103,-9%,8,7,8,17,21,22,14.7,17.3,10.8,23.7,10.3,8.5,2.4,13.8,3.93,12.1,17.0,3.5
38,6,Kevin Love,,CLE,MIA,10.5,214.0,101.8,11,20.5,32.9,46.0,PF/C,7400,1,105,98,11%,16,13,13,35,33,33,36.5,42.8,33.9,51.7,33.3,46.3,6.3,40.5,5.47,40.3,32.5,5.4
38,7,Mason Plumlee,,DEN,HOU,-1.5,222.0,111.8,9,13.8,19.8,26.8,PF/C,4400,2,109,105,3%,9,5,5,18,16,17,19.8,19.5,14.0,24.9,15.6,9.8,2.2,19.8,4.49,16.9,16.0,3.8
39,0,Will Barton,,DEN,HOU,-1.5,222.0,111.8,6,17.3,33.6,42.3,PG/SF,6300,2,109,105,12%,12,13,12,31,34,32,33.5,32.4,22.9,41.9,25.9,30.8,4.9,31.5,5.0,32.2,32.5,5.1
39,1,Markelle Fultz,,ORL,TOR,3.0,207.0,102.0,25,17.5,21.6,26.8,PG/SG,4400,2,105,100,-4%,9,8,9,25,24,24,21.9,20.4,16.0,24.9,25.6,22.0,5.0,21.3,4.83,21.6,25.0,4.9
39,2,Iman Shumpert,,BKN,CHA,-4.5,219.5,112.0,24,2.8,7.9,15.0,SG/SF,3200,1,102,110,-2%,5,5,5,15,15,15,7.3,7.3,6.5,8.0,19.1,8.0,2.5,13.5,4.22,13.1,18.5,4.1
39,3,Rondae Hollis-Jefferson,,TOR,ORL,-3.0,207.0,105.0,9,16.0,24.9,35.8,SF/PF,4900,1,100,101,-10%,8,8,7,23,23,20,24.9,20.9,8.5,33.3,26.8,16.3,3.3,21.8,4.44,23.0,23.5,4.7
39,4,Torrey Craig,,DEN,HOU,-1.5,222.0,111.8,9,1.3,6.1,15.5,SG/SF,3000,2,109,105,12%,2,2,3,6,10,15,6.1,10.0,2.2,17.8,18.9,23.8,7.9,5.5,1.83,0.0,0.0,0.0
39,5,Trey Lyles,,SA,WAS,-2.5,237.5,120.0,24,4.3,15.5,23.0,PF,3500,1,107,112,-1%,3,4,4,16,20,20,15.5,16.6,10.2,23.1,6.9,5.0,1.4,20.8,5.93,13.0,15.5,3.7
39,6,PJ Washington,,CHA,BKN,4.5,219.5,107.5,20,8.0,22.1,34.3,PF/C,4700,1,108,108,8%,7,8,9,27,27,30,22.1,25.7,17.3,34.0,12.0,13.0,2.8,24.8,5.27,24.1,28.5,5.1
39,7,Dejounte Murray,,SA,WAS,-2.5,237.5,120.0,14,17.5,20.2,26.3,PG,5200,1,107,112,3%,9,7,9,23,22,23,20.1,28.8,17.0,40.6,19.4,29.3,5.6,24.0,4.62,30.0,24.5,5.8
40,0,Cam Reddish,,ATL,MIL,11.0,232.5,110.8,28,9.3,18.1,28.0,PG/SG,4000,2,109,99,-10%,14,9,9,30,23,24,17.9,16.6,10.1,23.1,28.3,23.8,6.0,19.0,4.75,19.1,24.5,4.8
40,1,Matisse Thybulle,,PHI,NY,-12.0,210.5,111.3,1,-1.0,6.7,17.5,SG/SF,3200,2,101,109,0%,3,2,3,10,9,14,6.7,10.2,1.6,18.7,14.5,15.5,4.8,10.8,3.36,10.5,14.0,3.3
40,2,Glenn Robinson III,,GS,DAL,13.5,216.5,101.5,26,15.0,22.3,27.5,SG/SF,4400,0,102,108,1%,14,10,10,35,31,32,22.3,23.5,16.5,30.5,28.4,14.3,3.3,21.5,4.89,25.8,36.0,5.9
40,3,Isaiah Hartenstein,,HOU,DEN,1.5,222.0,110.3,17,1.5,10.2,25.0,PF/C,3500,1,101,101,-9%,3,2,2,22,19,19,14.8,14.8,5.2,24.3,4.3,5.5,1.6,4.0,1.14,0.0,0.0,0.0
40,4,Kris Dunn,,CHI,DET,-1.0,223.0,112.0,13,18.3,24.7,35.0,PG/SG,4700,1,102,110,5%,7,7,6,21,21,21,24.7,20.2,12.6,27.9,21.8,20.8,4.4,22.8,4.84,20.4,21.5,4.3
40,5,Miles Bridges,,CHA,BKN,4.5,219.5,107.5,16,6.0,19.6,34.5,SF/PF,4900,1,108,108,-15%,8,10,11,26,30,32,24.0,24.7,17.3,32.2,33.3,25.3,5.2,24.0,4.9,21.3,27.5,4.3
40,6,Nikola Vucevic,,ORL,TOR,3.0,207.0,102.0,7,39.3,51.8,63.8,C,9100,2,105,100,-4%,15,16,16,35,34,34,51.8,45.3,35.1,55.5,10.8,19.3,2.1,44.8,4.92,44.2,33.0,4.9
40,7,Markelle Fultz,,ORL,TOR,3.0,207.0,102.0,25,17.5,21.6,26.8,PG/SG,4400,2,105,100,-4%,9,8,9,25,24,24,21.9,20.4,16.0,24.9,25.6,22.0,5.0,21.3,4.83,21.6,25.0,4.9
