Lineup Num,,Player Name,injury_status,team,opp,spread,over_under,implied_team_score,L5_dvp_rank,L5_ppg_floor,L5_ppg_avg,L5_ppg_max,Pos,Salary,Rest,Opp Pace,Opp DEff,Opp DvP,L2 FGA,L5 FGA,S FGA,L2 Min,L5 Min,S Min,L5 FP,S FP,Floor FP,Ceil FP,Actual Min,Actual FP,Actual Val,FantasyFuelPPGProj,FantasyFuelValueProj,DFN_PPGProj,DFN_MinProj,DFN_ValueProj
0,0,Donovan Mitchell,,UTA,POR,-5.0,220.5,112.8,12,31.8,39.9,44.3,PG/SG,8100,2,104,107,-2%,19,20,21,37,36,35,39.9,39.9,31.8,48.0,38.4,49.8,6.1,41.5,5.12,42.9,36.0,5.3
0,1,Cory Joseph,,SAC,MIN,-5.0,221.5,113.3,20,13.0,16.9,19.0,PG/SG,3400,2,106,109,6%,7,5,6,27,27,27,16.9,17.2,9.5,24.9,39.9,31.5,9.3,16.3,4.78,13.2,20.0,3.9
0,2,Robert Covington,,MIN,SAC,5.0,221.5,108.3,20,12.3,21.5,35.8,SF/PF,5100,2,99,108,4%,8,11,10,27,29,28,25.0,25.3,16.8,33.9,40.0,35.0,6.9,24.0,4.71,24.8,28.0,4.9
0,3,Richaun Holmes,,SAC,MIN,-5.0,221.5,113.3,8,19.8,32.1,41.0,PF/C,5800,2,106,109,-4%,11,9,8,30,26,29,32.1,29.3,17.8,40.8,44.9,56.0,9.7,28.8,4.96,29.5,28.0,5.1
0,4,Damian Lillard,,POR,UTA,5.0,220.5,107.8,15,34.8,46.2,61.8,PG,8500,2,102,104,-2%,23,22,19,38,37,37,46.1,46.7,36.5,56.9,37.5,54.0,6.4,43.0,5.06,43.2,37.0,5.1
0,5,Joe Ingles,,UTA,POR,-5.0,220.5,112.8,23,25.0,33.8,40.0,SG/SF,6200,2,104,107,6%,13,11,8,38,37,30,33.9,23.9,13.9,33.9,35.5,42.8,6.9,30.8,4.96,31.6,36.0,5.1
0,6,Gorgui Dieng,,MIN,SAC,5.0,221.5,108.3,7,15.8,28.3,41.0,C,5700,2,99,108,-5%,10,9,5,33,25,15,28.3,16.9,5.7,28.0,40.5,48.3,8.5,12.5,2.19,32.1,29.0,5.6
0,7,Chris Paul,,OKC,MEM,-6.0,224.5,115.3,8,28.5,39.5,60.5,PG,7200,3,106,110,4%,11,10,12,32,33,32,39.5,35.3,26.3,44.4,33.8,54.0,7.5,41.3,5.73,41.3,33.5,5.7
1,0,Chris Paul,,OKC,MEM,-6.0,224.5,115.3,8,28.5,39.5,60.5,PG,7200,3,106,110,4%,11,10,12,32,33,32,39.5,35.3,26.3,44.4,33.8,54.0,7.5,41.3,5.73,41.3,33.5,5.7
1,1,Cory Joseph,,SAC,MIN,-5.0,221.5,113.3,20,13.0,16.9,19.0,PG/SG,3400,2,106,109,6%,7,5,6,27,27,27,16.9,17.2,9.5,24.9,39.9,31.5,9.3,16.3,4.78,13.2,20.0,3.9
1,2,Andrew Wiggins,,MIN,SAC,5.0,221.5,108.3,4,33.8,39.3,47.5,SG/SF,7800,2,99,108,4%,26,22,21,37,38,36,39.4,39.9,30.7,49.0,43.6,42.0,5.4,37.3,4.78,41.1,36.5,5.3
1,3,Julius Randle,,NY,BKN,8.0,224.0,108.0,23,25.5,36.2,50.8,PF/C,6800,2,105,105,-2%,19,17,15,34,30,32,36.1,35.4,27.0,43.9,35.0,47.5,7.0,37.3,5.48,34.3,31.5,5.0
1,4,Damian Lillard,,POR,UTA,5.0,220.5,107.8,15,34.8,46.2,61.8,PG,8500,2,102,104,-2%,23,22,19,38,37,37,46.1,46.7,36.5,56.9,37.5,54.0,6.4,43.0,5.06,43.2,37.0,5.1
1,5,Richaun Holmes,,SAC,MIN,-5.0,221.5,113.3,8,19.8,32.1,41.0,PF/C,5800,2,106,109,-4%,11,9,8,30,26,29,32.1,29.3,17.8,40.8,44.9,56.0,9.7,28.8,4.96,29.5,28.0,5.1
1,6,Gorgui Dieng,,MIN,SAC,5.0,221.5,108.3,7,15.8,28.3,41.0,C,5700,2,99,108,-5%,10,9,5,33,25,15,28.3,16.9,5.7,28.0,40.5,48.3,8.5,12.5,2.19,32.1,29.0,5.6
1,7,Christian Wood,Q,DET,WAS,-6.0,229.5,117.8,29,9.5,19.5,30.5,PF/C,4200,2,106,114,0%,4,6,5,5,15,15,19.4,18.1,6.0,30.2,23.5,36.8,8.8,17.8,4.23,0.0,0.0,0.0
2,0,Cory Joseph,,SAC,MIN,-5.0,221.5,113.3,20,13.0,16.9,19.0,PG/SG,3400,2,106,109,6%,7,5,6,27,27,27,16.9,17.2,9.5,24.9,39.9,31.5,9.3,16.3,4.78,13.2,20.0,3.9
2,1,Donovan Mitchell,,UTA,POR,-5.0,220.5,112.8,12,31.8,39.9,44.3,PG/SG,8100,2,104,107,-2%,19,20,21,37,36,35,39.9,39.9,31.8,48.0,38.4,49.8,6.1,41.5,5.12,42.9,36.0,5.3
2,2,Dorian Finney-Smith,,DAL,SA,-7.5,226.0,116.8,26,17.0,24.6,30.0,SF/PF,4400,3,104,110,4%,6,6,7,32,34,28,24.6,19.8,12.9,26.6,33.0,24.0,5.5,22.5,5.11,20.7,30.5,4.7
2,3,Julius Randle,,NY,BKN,8.0,224.0,108.0,23,25.5,36.2,50.8,PF/C,6800,2,105,105,-2%,19,17,15,34,30,32,36.1,35.4,27.0,43.9,35.0,47.5,7.0,37.3,5.48,34.3,31.5,5.0
2,4,Chris Paul,,OKC,MEM,-6.0,224.5,115.3,8,28.5,39.5,60.5,PG,7200,3,106,110,4%,11,10,12,32,33,32,39.5,35.3,26.3,44.4,33.8,54.0,7.5,41.3,5.73,41.3,33.5,5.7
2,5,Richaun Holmes,,SAC,MIN,-5.0,221.5,113.3,8,19.8,32.1,41.0,PF/C,5800,2,106,109,-4%,11,9,8,30,26,29,32.1,29.3,17.8,40.8,44.9,56.0,9.7,28.8,4.96,29.5,28.0,5.1
2,6,Gorgui Dieng,,MIN,SAC,5.0,221.5,108.3,7,15.8,28.3,41.0,C,5700,2,99,108,-5%,10,9,5,33,25,15,28.3,16.9,5.7,28.0,40.5,48.3,8.5,12.5,2.19,32.1,29.0,5.6
2,7,Damian Lillard,,POR,UTA,5.0,220.5,107.8,15,34.8,46.2,61.8,PG,8500,2,102,104,-2%,23,22,19,38,37,37,46.1,46.7,36.5,56.9,37.5,54.0,6.4,43.0,5.06,43.2,37.0,5.1
3,0,Chris Paul,,OKC,MEM,-6.0,224.5,115.3,8,28.5,39.5,60.5,PG,7200,3,106,110,4%,11,10,12,32,33,32,39.5,35.3,26.3,44.4,33.8,54.0,7.5,41.3,5.73,41.3,33.5,5.7
3,1,Cory Joseph,,SAC,MIN,-5.0,221.5,113.3,20,13.0,16.9,19.0,PG/SG,3400,2,106,109,6%,7,5,6,27,27,27,16.9,17.2,9.5,24.9,39.9,31.5,9.3,16.3,4.78,13.2,20.0,3.9
3,2,Andrew Wiggins,,MIN,SAC,5.0,221.5,108.3,4,33.8,39.3,47.5,SG/SF,7800,2,99,108,4%,26,22,21,37,38,36,39.4,39.9,30.7,49.0,43.6,42.0,5.4,37.3,4.78,41.1,36.5,5.3
3,3,Christian Wood,Q,DET,WAS,-6.0,229.5,117.8,29,9.5,19.5,30.5,PF/C,4200,2,106,114,0%,4,6,5,5,15,15,19.4,18.1,6.0,30.2,23.5,36.8,8.8,17.8,4.23,0.0,0.0,0.0
3,4,Damian Lillard,,POR,UTA,5.0,220.5,107.8,15,34.8,46.2,61.8,PG,8500,2,102,104,-2%,23,22,19,38,37,37,46.1,46.7,36.5,56.9,37.5,54.0,6.4,43.0,5.06,43.2,37.0,5.1
3,5,Jaren Jackson Jr.,,MEM,OKC,6.0,224.5,109.3,17,15.8,30.3,41.8,PF/C,6500,2,101,105,-11%,13,13,14,31,30,28,30.3,30.4,19.8,41.1,34.5,41.5,6.4,31.5,4.85,32.5,31.0,5.0
3,6,Gorgui Dieng,,MIN,SAC,5.0,221.5,108.3,7,15.8,28.3,41.0,C,5700,2,99,108,-5%,10,9,5,33,25,15,28.3,16.9,5.7,28.0,40.5,48.3,8.5,12.5,2.19,32.1,29.0,5.6
3,7,Richaun Holmes,,SAC,MIN,-5.0,221.5,113.3,8,19.8,32.1,41.0,PF/C,5800,2,106,109,-4%,11,9,8,30,26,29,32.1,29.3,17.8,40.8,44.9,56.0,9.7,28.8,4.96,29.5,28.0,5.1
4,0,Damian Lillard,,POR,UTA,5.0,220.5,107.8,15,34.8,46.2,61.8,PG,8500,2,102,104,-2%,23,22,19,38,37,37,46.1,46.7,36.5,56.9,37.5,54.0,6.4,43.0,5.06,43.2,37.0,5.1
4,1,Bruce Brown Jr.,Q,DET,WAS,-6.0,229.5,117.8,30,15.8,28.7,48.0,PG/SG,4800,2,106,114,11%,9,9,7,30,28,26,28.6,21.7,10.4,32.9,27.4,32.3,6.7,23.0,4.79,17.5,20.0,3.6
4,2,Robert Covington,,MIN,SAC,5.0,221.5,108.3,20,12.3,21.5,35.8,SF/PF,5100,2,99,108,4%,8,11,10,27,29,28,25.0,25.3,16.8,33.9,40.0,35.0,6.9,24.0,4.71,24.8,28.0,4.9
4,3,Richaun Holmes,,SAC,MIN,-5.0,221.5,113.3,8,19.8,32.1,41.0,PF/C,5800,2,106,109,-4%,11,9,8,30,26,29,32.1,29.3,17.8,40.8,44.9,56.0,9.7,28.8,4.96,29.5,28.0,5.1
4,4,Chris Paul,,OKC,MEM,-6.0,224.5,115.3,8,28.5,39.5,60.5,PG,7200,3,106,110,4%,11,10,12,32,33,32,39.5,35.3,26.3,44.4,33.8,54.0,7.5,41.3,5.73,41.3,33.5,5.7
4,5,Joe Ingles,,UTA,POR,-5.0,220.5,112.8,23,25.0,33.8,40.0,SG/SF,6200,2,104,107,6%,13,11,8,38,37,30,33.9,23.9,13.9,33.9,35.5,42.8,6.9,30.8,4.96,31.6,36.0,5.1
4,6,Christian Wood,Q,DET,WAS,-6.0,229.5,117.8,29,9.5,19.5,30.5,PF/C,4200,2,106,114,0%,4,6,5,5,15,15,19.4,18.1,6.0,30.2,23.5,36.8,8.8,17.8,4.23,0.0,0.0,0.0
4,7,Gorgui Dieng,,MIN,SAC,5.0,221.5,108.3,7,15.8,28.3,41.0,C,5700,2,99,108,-5%,10,9,5,33,25,15,28.3,16.9,5.7,28.0,40.5,48.3,8.5,12.5,2.19,32.1,29.0,5.6
5,0,Chris Paul,,OKC,MEM,-6.0,224.5,115.3,8,28.5,39.5,60.5,PG,7200,3,106,110,4%,11,10,12,32,33,32,39.5,35.3,26.3,44.4,33.8,54.0,7.5,41.3,5.73,41.3,33.5,5.7
5,1,Cory Joseph,,SAC,MIN,-5.0,221.5,113.3,20,13.0,16.9,19.0,PG/SG,3400,2,106,109,6%,7,5,6,27,27,27,16.9,17.2,9.5,24.9,39.9,31.5,9.3,16.3,4.78,13.2,20.0,3.9
5,2,Andrew Wiggins,,MIN,SAC,5.0,221.5,108.3,4,33.8,39.3,47.5,SG/SF,7800,2,99,108,4%,26,22,21,37,38,36,39.4,39.9,30.7,49.0,43.6,42.0,5.4,37.3,4.78,41.1,36.5,5.3
5,3,Blake Griffin,Q,DET,WAS,-6.0,229.5,117.8,29,7.0,17.8,26.5,PF/C,6800,2,106,114,0%,14,14,14,30,31,29,24.9,29.0,21.0,37.0,26.3,36.3,5.3,36.8,5.4,33.8,30.0,5.0
5,4,Joe Ingles,,UTA,POR,-5.0,220.5,112.8,23,25.0,33.8,40.0,SG/SF,6200,2,104,107,6%,13,11,8,38,37,30,33.9,23.9,13.9,33.9,35.5,42.8,6.9,30.8,4.96,31.6,36.0,5.1
5,5,Julius Randle,,NY,BKN,8.0,224.0,108.0,23,25.5,36.2,50.8,PF/C,6800,2,105,105,-2%,19,17,15,34,30,32,36.1,35.4,27.0,43.9,35.0,47.5,7.0,37.3,5.48,34.3,31.5,5.0
5,6,Richaun Holmes,,SAC,MIN,-5.0,221.5,113.3,8,19.8,32.1,41.0,PF/C,5800,2,106,109,-4%,11,9,8,30,26,29,32.1,29.3,17.8,40.8,44.9,56.0,9.7,28.8,4.96,29.5,28.0,5.1
5,7,Gorgui Dieng,,MIN,SAC,5.0,221.5,108.3,7,15.8,28.3,41.0,C,5700,2,99,108,-5%,10,9,5,33,25,15,28.3,16.9,5.7,28.0,40.5,48.3,8.5,12.5,2.19,32.1,29.0,5.6
6,0,Chris Paul,,OKC,MEM,-6.0,224.5,115.3,8,28.5,39.5,60.5,PG,7200,3,106,110,4%,11,10,12,32,33,32,39.5,35.3,26.3,44.4,33.8,54.0,7.5,41.3,5.73,41.3,33.5,5.7
6,1,Timothe Luwawu-Cabarrot,,BKN,NY,-8.0,224.0,116.0,29,0.5,6.9,16.8,SG/SF,3200,4,101,112,-2%,3,5,4,21,20,15,6.8,5.0,-1.3,11.3,20.3,20.5,6.4,14.8,4.61,13.5,21.0,4.2
6,2,Robert Covington,,MIN,SAC,5.0,221.5,108.3,20,12.3,21.5,35.8,SF/PF,5100,2,99,108,4%,8,11,10,27,29,28,25.0,25.3,16.8,33.9,40.0,35.0,6.9,24.0,4.71,24.8,28.0,4.9
6,3,Richaun Holmes,,SAC,MIN,-5.0,221.5,113.3,8,19.8,32.1,41.0,PF/C,5800,2,106,109,-4%,11,9,8,30,26,29,32.1,29.3,17.8,40.8,44.9,56.0,9.7,28.8,4.96,29.5,28.0,5.1
6,4,Damian Lillard,,POR,UTA,5.0,220.5,107.8,15,34.8,46.2,61.8,PG,8500,2,102,104,-2%,23,22,19,38,37,37,46.1,46.7,36.5,56.9,37.5,54.0,6.4,43.0,5.06,43.2,37.0,5.1
6,5,Julius Randle,,NY,BKN,8.0,224.0,108.0,23,25.5,36.2,50.8,PF/C,6800,2,105,105,-2%,19,17,15,34,30,32,36.1,35.4,27.0,43.9,35.0,47.5,7.0,37.3,5.48,34.3,31.5,5.0
6,6,Gorgui Dieng,,MIN,SAC,5.0,221.5,108.3,7,15.8,28.3,41.0,C,5700,2,99,108,-5%,10,9,5,33,25,15,28.3,16.9,5.7,28.0,40.5,48.3,8.5,12.5,2.19,32.1,29.0,5.6
6,7,Joe Ingles,,UTA,POR,-5.0,220.5,112.8,23,25.0,33.8,40.0,SG/SF,6200,2,104,107,6%,13,11,8,38,37,30,33.9,23.9,13.9,33.9,35.5,42.8,6.9,30.8,4.96,31.6,36.0,5.1
7,0,Chris Paul,,OKC,MEM,-6.0,224.5,115.3,8,28.5,39.5,60.5,PG,7200,3,106,110,4%,11,10,12,32,33,32,39.5,35.3,26.3,44.4,33.8,54.0,7.5,41.3,5.73,41.3,33.5,5.7
7,1,Timothe Luwawu-Cabarrot,,BKN,NY,-8.0,224.0,116.0,29,0.5,6.9,16.8,SG/SF,3200,4,101,112,-2%,3,5,4,21,20,15,6.8,5.0,-1.3,11.3,20.3,20.5,6.4,14.8,4.61,13.5,21.0,4.2
7,2,Joe Ingles,,UTA,POR,-5.0,220.5,112.8,23,25.0,33.8,40.0,SG/SF,6200,2,104,107,6%,13,11,8,38,37,30,33.9,23.9,13.9,33.9,35.5,42.8,6.9,30.8,4.96,31.6,36.0,5.1
7,3,Richaun Holmes,,SAC,MIN,-5.0,221.5,113.3,8,19.8,32.1,41.0,PF/C,5800,2,106,109,-4%,11,9,8,30,26,29,32.1,29.3,17.8,40.8,44.9,56.0,9.7,28.8,4.96,29.5,28.0,5.1
7,4,Damian Lillard,,POR,UTA,5.0,220.5,107.8,15,34.8,46.2,61.8,PG,8500,2,102,104,-2%,23,22,19,38,37,37,46.1,46.7,36.5,56.9,37.5,54.0,6.4,43.0,5.06,43.2,37.0,5.1
7,5,DeMar DeRozan,,SA,DAL,7.5,226.0,109.3,27,23.8,32.6,51.3,SG/SF,6500,2,102,106,-4%,13,14,16,31,33,34,33.4,37.0,29.5,44.6,35.0,34.3,5.3,35.3,5.42,34.4,32.0,5.3
7,6,Gorgui Dieng,,MIN,SAC,5.0,221.5,108.3,7,15.8,28.3,41.0,C,5700,2,99,108,-5%,10,9,5,33,25,15,28.3,16.9,5.7,28.0,40.5,48.3,8.5,12.5,2.19,32.1,29.0,5.6
7,7,Julius Randle,,NY,BKN,8.0,224.0,108.0,23,25.5,36.2,50.8,PF/C,6800,2,105,105,-2%,19,17,15,34,30,32,36.1,35.4,27.0,43.9,35.0,47.5,7.0,37.3,5.48,34.3,31.5,5.0
8,0,Chris Paul,,OKC,MEM,-6.0,224.5,115.3,8,28.5,39.5,60.5,PG,7200,3,106,110,4%,11,10,12,32,33,32,39.5,35.3,26.3,44.4,33.8,54.0,7.5,41.3,5.73,41.3,33.5,5.7
8,1,CJ McCollum,,POR,UTA,5.0,220.5,107.8,15,32.5,43.5,50.8,PG/SG,6600,2,102,104,-9%,23,21,20,38,38,37,43.7,37.5,25.4,49.5,38.2,36.0,5.5,34.5,5.23,34.9,37.0,5.3
8,2,Joe Ingles,,UTA,POR,-5.0,220.5,112.8,23,25.0,33.8,40.0,SG/SF,6200,2,104,107,6%,13,11,8,38,37,30,33.9,23.9,13.9,33.9,35.5,42.8,6.9,30.8,4.96,31.6,36.0,5.1
8,3,Christian Wood,Q,DET,WAS,-6.0,229.5,117.8,29,9.5,19.5,30.5,PF/C,4200,2,106,114,0%,4,6,5,5,15,15,19.4,18.1,6.0,30.2,23.5,36.8,8.8,17.8,4.23,0.0,0.0,0.0
8,4,DeMar DeRozan,,SA,DAL,7.5,226.0,109.3,27,23.8,32.6,51.3,SG/SF,6500,2,102,106,-4%,13,14,16,31,33,34,33.4,37.0,29.5,44.6,35.0,34.3,5.3,35.3,5.42,34.4,32.0,5.3
8,5,Julius Randle,,NY,BKN,8.0,224.0,108.0,23,25.5,36.2,50.8,PF/C,6800,2,105,105,-2%,19,17,15,34,30,32,36.1,35.4,27.0,43.9,35.0,47.5,7.0,37.3,5.48,34.3,31.5,5.0
8,6,Richaun Holmes,,SAC,MIN,-5.0,221.5,113.3,8,19.8,32.1,41.0,PF/C,5800,2,106,109,-4%,11,9,8,30,26,29,32.1,29.3,17.8,40.8,44.9,56.0,9.7,28.8,4.96,29.5,28.0,5.1
8,7,Gorgui Dieng,,MIN,SAC,5.0,221.5,108.3,7,15.8,28.3,41.0,C,5700,2,99,108,-5%,10,9,5,33,25,15,28.3,16.9,5.7,28.0,40.5,48.3,8.5,12.5,2.19,32.1,29.0,5.6
9,0,Chris Paul,,OKC,MEM,-6.0,224.5,115.3,8,28.5,39.5,60.5,PG,7200,3,106,110,4%,11,10,12,32,33,32,39.5,35.3,26.3,44.4,33.8,54.0,7.5,41.3,5.73,41.3,33.5,5.7
9,1,Andrew Wiggins,,MIN,SAC,5.0,221.5,108.3,4,33.8,39.3,47.5,SG/SF,7800,2,99,108,4%,26,22,21,37,38,36,39.4,39.9,30.7,49.0,43.6,42.0,5.4,37.3,4.78,41.1,36.5,5.3
9,2,Joe Ingles,,UTA,POR,-5.0,220.5,112.8,23,25.0,33.8,40.0,SG/SF,6200,2,104,107,6%,13,11,8,38,37,30,33.9,23.9,13.9,33.9,35.5,42.8,6.9,30.8,4.96,31.6,36.0,5.1
9,3,Julius Randle,,NY,BKN,8.0,224.0,108.0,23,25.5,36.2,50.8,PF/C,6800,2,105,105,-2%,19,17,15,34,30,32,36.1,35.4,27.0,43.9,35.0,47.5,7.0,37.3,5.48,34.3,31.5,5.0
9,4,Damian Lillard,,POR,UTA,5.0,220.5,107.8,15,34.8,46.2,61.8,PG,8500,2,102,104,-2%,23,22,19,38,37,37,46.1,46.7,36.5,56.9,37.5,54.0,6.4,43.0,5.06,43.2,37.0,5.1
9,5,Richaun Holmes,,SAC,MIN,-5.0,221.5,113.3,8,19.8,32.1,41.0,PF/C,5800,2,106,109,-4%,11,9,8,30,26,29,32.1,29.3,17.8,40.8,44.9,56.0,9.7,28.8,4.96,29.5,28.0,5.1
9,6,Christian Wood,Q,DET,WAS,-6.0,229.5,117.8,29,9.5,19.5,30.5,PF/C,4200,2,106,114,0%,4,6,5,5,15,15,19.4,18.1,6.0,30.2,23.5,36.8,8.8,17.8,4.23,0.0,0.0,0.0
9,7,Tyus Jones,,MEM,OKC,6.0,224.5,109.3,24,8.3,16.8,26.8,PG/SG,3400,2,101,105,-1%,6,4,6,18,17,20,16.8,17.2,9.0,25.4,21.6,21.0,6.2,13.0,3.82,13.0,16.0,3.8
10,0,Chris Paul,,OKC,MEM,-6.0,224.5,115.3,8,28.5,39.5,60.5,PG,7200,3,106,110,4%,11,10,12,32,33,32,39.5,35.3,26.3,44.4,33.8,54.0,7.5,41.3,5.73,41.3,33.5,5.7
10,1,Dennis Schroder,,OKC,MEM,-6.0,224.5,115.3,8,34.5,40.4,45.8,PG/SG,6600,3,106,110,4%,18,17,15,33,32,30,40.4,30.2,19.7,40.7,32.5,29.8,4.5,35.0,5.3,37.1,32.5,5.6
10,2,Andrew Wiggins,,MIN,SAC,5.0,221.5,108.3,4,33.8,39.3,47.5,SG/SF,7800,2,99,108,4%,26,22,21,37,38,36,39.4,39.9,30.7,49.0,43.6,42.0,5.4,37.3,4.78,41.1,36.5,5.3
10,3,Julius Randle,,NY,BKN,8.0,224.0,108.0,23,25.5,36.2,50.8,PF/C,6800,2,105,105,-2%,19,17,15,34,30,32,36.1,35.4,27.0,43.9,35.0,47.5,7.0,37.3,5.48,34.3,31.5,5.0
10,4,Cory Joseph,,SAC,MIN,-5.0,221.5,113.3,20,13.0,16.9,19.0,PG/SG,3400,2,106,109,6%,7,5,6,27,27,27,16.9,17.2,9.5,24.9,39.9,31.5,9.3,16.3,4.78,13.2,20.0,3.9
10,5,Richaun Holmes,,SAC,MIN,-5.0,221.5,113.3,8,19.8,32.1,41.0,PF/C,5800,2,106,109,-4%,11,9,8,30,26,29,32.1,29.3,17.8,40.8,44.9,56.0,9.7,28.8,4.96,29.5,28.0,5.1
10,6,Gorgui Dieng,,MIN,SAC,5.0,221.5,108.3,7,15.8,28.3,41.0,C,5700,2,99,108,-5%,10,9,5,33,25,15,28.3,16.9,5.7,28.0,40.5,48.3,8.5,12.5,2.19,32.1,29.0,5.6
10,7,Joe Ingles,,UTA,POR,-5.0,220.5,112.8,23,25.0,33.8,40.0,SG/SF,6200,2,104,107,6%,13,11,8,38,37,30,33.9,23.9,13.9,33.9,35.5,42.8,6.9,30.8,4.96,31.6,36.0,5.1
11,0,Tim Frazier,,DET,WAS,-6.0,229.5,117.8,30,4.3,13.4,31.0,PG,3500,2,106,114,8%,6,3,3,26,13,12,13.4,10.7,2.9,18.5,26.9,30.5,8.7,6.5,1.86,15.5,17.0,4.4
11,1,Cory Joseph,,SAC,MIN,-5.0,221.5,113.3,20,13.0,16.9,19.0,PG/SG,3400,2,106,109,6%,7,5,6,27,27,27,16.9,17.2,9.5,24.9,39.9,31.5,9.3,16.3,4.78,13.2,20.0,3.9
11,2,Andrew Wiggins,,MIN,SAC,5.0,221.5,108.3,4,33.8,39.3,47.5,SG/SF,7800,2,99,108,4%,26,22,21,37,38,36,39.4,39.9,30.7,49.0,43.6,42.0,5.4,37.3,4.78,41.1,36.5,5.3
11,3,Jaren Jackson Jr.,,MEM,OKC,6.0,224.5,109.3,17,15.8,30.3,41.8,PF/C,6500,2,101,105,-11%,13,13,14,31,30,28,30.3,30.4,19.8,41.1,34.5,41.5,6.4,31.5,4.85,32.5,31.0,5.0
11,4,Chris Paul,,OKC,MEM,-6.0,224.5,115.3,8,28.5,39.5,60.5,PG,7200,3,106,110,4%,11,10,12,32,33,32,39.5,35.3,26.3,44.4,33.8,54.0,7.5,41.3,5.73,41.3,33.5,5.7
11,5,Julius Randle,,NY,BKN,8.0,224.0,108.0,23,25.5,36.2,50.8,PF/C,6800,2,105,105,-2%,19,17,15,34,30,32,36.1,35.4,27.0,43.9,35.0,47.5,7.0,37.3,5.48,34.3,31.5,5.0
11,6,Gorgui Dieng,,MIN,SAC,5.0,221.5,108.3,7,15.8,28.3,41.0,C,5700,2,99,108,-5%,10,9,5,33,25,15,28.3,16.9,5.7,28.0,40.5,48.3,8.5,12.5,2.19,32.1,29.0,5.6
11,7,Richaun Holmes,,SAC,MIN,-5.0,221.5,113.3,8,19.8,32.1,41.0,PF/C,5800,2,106,109,-4%,11,9,8,30,26,29,32.1,29.3,17.8,40.8,44.9,56.0,9.7,28.8,4.96,29.5,28.0,5.1
12,0,Donovan Mitchell,,UTA,POR,-5.0,220.5,112.8,12,31.8,39.9,44.3,PG/SG,8100,2,104,107,-2%,19,20,21,37,36,35,39.9,39.9,31.8,48.0,38.4,49.8,6.1,41.5,5.12,42.9,36.0,5.3
12,1,Delon Wright,,DAL,SA,-7.5,226.0,116.8,14,7.0,20.6,30.3,PG/SG,3500,3,104,110,5%,5,4,6,21,17,21,20.6,20.6,10.8,30.4,20.6,30.8,8.8,16.5,4.71,17.2,17.5,4.9
12,2,Joe Ingles,,UTA,POR,-5.0,220.5,112.8,23,25.0,33.8,40.0,SG/SF,6200,2,104,107,6%,13,11,8,38,37,30,33.9,23.9,13.9,33.9,35.5,42.8,6.9,30.8,4.96,31.6,36.0,5.1
12,3,Christian Wood,Q,DET,WAS,-6.0,229.5,117.8,29,9.5,19.5,30.5,PF/C,4200,2,106,114,0%,4,6,5,5,15,15,19.4,18.1,6.0,30.2,23.5,36.8,8.8,17.8,4.23,0.0,0.0,0.0
12,4,Chris Paul,,OKC,MEM,-6.0,224.5,115.3,8,28.5,39.5,60.5,PG,7200,3,106,110,4%,11,10,12,32,33,32,39.5,35.3,26.3,44.4,33.8,54.0,7.5,41.3,5.73,41.3,33.5,5.7
12,5,Richaun Holmes,,SAC,MIN,-5.0,221.5,113.3,8,19.8,32.1,41.0,PF/C,5800,2,106,109,-4%,11,9,8,30,26,29,32.1,29.3,17.8,40.8,44.9,56.0,9.7,28.8,4.96,29.5,28.0,5.1
12,6,Gorgui Dieng,,MIN,SAC,5.0,221.5,108.3,7,15.8,28.3,41.0,C,5700,2,99,108,-5%,10,9,5,33,25,15,28.3,16.9,5.7,28.0,40.5,48.3,8.5,12.5,2.19,32.1,29.0,5.6
12,7,Cory Joseph,,SAC,MIN,-5.0,221.5,113.3,20,13.0,16.9,19.0,PG/SG,3400,2,106,109,6%,7,5,6,27,27,27,16.9,17.2,9.5,24.9,39.9,31.5,9.3,16.3,4.78,13.2,20.0,3.9
13,0,Chris Paul,,OKC,MEM,-6.0,224.5,115.3,8,28.5,39.5,60.5,PG,7200,3,106,110,4%,11,10,12,32,33,32,39.5,35.3,26.3,44.4,33.8,54.0,7.5,41.3,5.73,41.3,33.5,5.7
13,1,Derrick Rose,,DET,WAS,-6.0,229.5,117.8,30,18.5,34.1,43.5,PG/SG,6400,2,106,114,8%,13,16,14,24,27,25,34.0,30.4,22.3,38.6,21.1,29.0,4.5,31.8,4.96,33.2,25.5,5.2
13,2,Joe Ingles,,UTA,POR,-5.0,220.5,112.8,23,25.0,33.8,40.0,SG/SF,6200,2,104,107,6%,13,11,8,38,37,30,33.9,23.9,13.9,33.9,35.5,42.8,6.9,30.8,4.96,31.6,36.0,5.1
13,3,Christian Wood,Q,DET,WAS,-6.0,229.5,117.8,29,9.5,19.5,30.5,PF/C,4200,2,106,114,0%,4,6,5,5,15,15,19.4,18.1,6.0,30.2,23.5,36.8,8.8,17.8,4.23,0.0,0.0,0.0
13,4,Cory Joseph,,SAC,MIN,-5.0,221.5,113.3,20,13.0,16.9,19.0,PG/SG,3400,2,106,109,6%,7,5,6,27,27,27,16.9,17.2,9.5,24.9,39.9,31.5,9.3,16.3,4.78,13.2,20.0,3.9
13,5,Richaun Holmes,,SAC,MIN,-5.0,221.5,113.3,8,19.8,32.1,41.0,PF/C,5800,2,106,109,-4%,11,9,8,30,26,29,32.1,29.3,17.8,40.8,44.9,56.0,9.7,28.8,4.96,29.5,28.0,5.1
13,6,Gorgui Dieng,,MIN,SAC,5.0,221.5,108.3,7,15.8,28.3,41.0,C,5700,2,99,108,-5%,10,9,5,33,25,15,28.3,16.9,5.7,28.0,40.5,48.3,8.5,12.5,2.19,32.1,29.0,5.6
13,7,Donovan Mitchell,,UTA,POR,-5.0,220.5,112.8,12,31.8,39.9,44.3,PG/SG,8100,2,104,107,-2%,19,20,21,37,36,35,39.9,39.9,31.8,48.0,38.4,49.8,6.1,41.5,5.12,42.9,36.0,5.3
14,0,Damian Lillard,,POR,UTA,5.0,220.5,107.8,15,34.8,46.2,61.8,PG,8500,2,102,104,-2%,23,22,19,38,37,37,46.1,46.7,36.5,56.9,37.5,54.0,6.4,43.0,5.06,43.2,37.0,5.1
14,1,Joe Ingles,,UTA,POR,-5.0,220.5,112.8,23,25.0,33.8,40.0,SG/SF,6200,2,104,107,6%,13,11,8,38,37,30,33.9,23.9,13.9,33.9,35.5,42.8,6.9,30.8,4.96,31.6,36.0,5.1
14,2,Timothe Luwawu-Cabarrot,,BKN,NY,-8.0,224.0,116.0,29,0.5,6.9,16.8,SG/SF,3200,4,101,112,-2%,3,5,4,21,20,15,6.8,5.0,-1.3,11.3,20.3,20.5,6.4,14.8,4.61,13.5,21.0,4.2
14,3,Marvin Bagley III,,SAC,MIN,-5.0,221.5,113.3,8,19.5,26.9,32.3,PF/C,5300,2,106,109,-4%,11,12,12,24,24,24,26.9,25.9,20.7,31.2,19.7,24.0,4.5,32.8,6.18,29.1,24.5,5.5
14,4,Chris Paul,,OKC,MEM,-6.0,224.5,115.3,8,28.5,39.5,60.5,PG,7200,3,106,110,4%,11,10,12,32,33,32,39.5,35.3,26.3,44.4,33.8,54.0,7.5,41.3,5.73,41.3,33.5,5.7
14,5,Julius Randle,,NY,BKN,8.0,224.0,108.0,23,25.5,36.2,50.8,PF/C,6800,2,105,105,-2%,19,17,15,34,30,32,36.1,35.4,27.0,43.9,35.0,47.5,7.0,37.3,5.48,34.3,31.5,5.0
14,6,Gorgui Dieng,,MIN,SAC,5.0,221.5,108.3,7,15.8,28.3,41.0,C,5700,2,99,108,-5%,10,9,5,33,25,15,28.3,16.9,5.7,28.0,40.5,48.3,8.5,12.5,2.19,32.1,29.0,5.6
14,7,Richaun Holmes,,SAC,MIN,-5.0,221.5,113.3,8,19.8,32.1,41.0,PF/C,5800,2,106,109,-4%,11,9,8,30,26,29,32.1,29.3,17.8,40.8,44.9,56.0,9.7,28.8,4.96,29.5,28.0,5.1
15,0,Damian Lillard,,POR,UTA,5.0,220.5,107.8,15,34.8,46.2,61.8,PG,8500,2,102,104,-2%,23,22,19,38,37,37,46.1,46.7,36.5,56.9,37.5,54.0,6.4,43.0,5.06,43.2,37.0,5.1
15,1,Cory Joseph,,SAC,MIN,-5.0,221.5,113.3,20,13.0,16.9,19.0,PG/SG,3400,2,106,109,6%,7,5,6,27,27,27,16.9,17.2,9.5,24.9,39.9,31.5,9.3,16.3,4.78,13.2,20.0,3.9
15,2,Troy Brown,,WAS,DET,6.0,229.5,111.8,20,19.3,29.5,52.8,SG/SF,6200,2,102,109,1%,15,11,8,31,28,24,29.1,22.1,12.2,32.0,27.6,23.5,3.8,29.5,4.76,28.7,31.0,4.6
15,3,Christian Wood,Q,DET,WAS,-6.0,229.5,117.8,29,9.5,19.5,30.5,PF/C,4200,2,106,114,0%,4,6,5,5,15,15,19.4,18.1,6.0,30.2,23.5,36.8,8.8,17.8,4.23,0.0,0.0,0.0
15,4,Chris Paul,,OKC,MEM,-6.0,224.5,115.3,8,28.5,39.5,60.5,PG,7200,3,106,110,4%,11,10,12,32,33,32,39.5,35.3,26.3,44.4,33.8,54.0,7.5,41.3,5.73,41.3,33.5,5.7
15,5,Joe Ingles,,UTA,POR,-5.0,220.5,112.8,23,25.0,33.8,40.0,SG/SF,6200,2,104,107,6%,13,11,8,38,37,30,33.9,23.9,13.9,33.9,35.5,42.8,6.9,30.8,4.96,31.6,36.0,5.1
15,6,Julius Randle,,NY,BKN,8.0,224.0,108.0,23,25.5,36.2,50.8,PF/C,6800,2,105,105,-2%,19,17,15,34,30,32,36.1,35.4,27.0,43.9,35.0,47.5,7.0,37.3,5.48,34.3,31.5,5.0
15,7,Richaun Holmes,,SAC,MIN,-5.0,221.5,113.3,8,19.8,32.1,41.0,PF/C,5800,2,106,109,-4%,11,9,8,30,26,29,32.1,29.3,17.8,40.8,44.9,56.0,9.7,28.8,4.96,29.5,28.0,5.1
16,0,Chris Paul,,OKC,MEM,-6.0,224.5,115.3,8,28.5,39.5,60.5,PG,7200,3,106,110,4%,11,10,12,32,33,32,39.5,35.3,26.3,44.4,33.8,54.0,7.5,41.3,5.73,41.3,33.5,5.7
16,1,Josh Okogie,,MIN,SAC,5.0,221.5,108.3,4,8.3,10.5,13.3,SG/SF,3400,2,99,108,7%,6,6,6,19,23,25,10.4,18.5,11.0,26.0,17.6,12.8,3.8,15.0,4.41,15.8,21.0,4.6
16,2,Joe Ingles,,UTA,POR,-5.0,220.5,112.8,23,25.0,33.8,40.0,SG/SF,6200,2,104,107,6%,13,11,8,38,37,30,33.9,23.9,13.9,33.9,35.5,42.8,6.9,30.8,4.96,31.6,36.0,5.1
16,3,Julius Randle,,NY,BKN,8.0,224.0,108.0,23,25.5,36.2,50.8,PF/C,6800,2,105,105,-2%,19,17,15,34,30,32,36.1,35.4,27.0,43.9,35.0,47.5,7.0,37.3,5.48,34.3,31.5,5.0
16,4,Andrew Wiggins,,MIN,SAC,5.0,221.5,108.3,4,33.8,39.3,47.5,SG/SF,7800,2,99,108,4%,26,22,21,37,38,36,39.4,39.9,30.7,49.0,43.6,42.0,5.4,37.3,4.78,41.1,36.5,5.3
16,5,Richaun Holmes,,SAC,MIN,-5.0,221.5,113.3,8,19.8,32.1,41.0,PF/C,5800,2,106,109,-4%,11,9,8,30,26,29,32.1,29.3,17.8,40.8,44.9,56.0,9.7,28.8,4.96,29.5,28.0,5.1
16,6,Christian Wood,Q,DET,WAS,-6.0,229.5,117.8,29,9.5,19.5,30.5,PF/C,4200,2,106,114,0%,4,6,5,5,15,15,19.4,18.1,6.0,30.2,23.5,36.8,8.8,17.8,4.23,0.0,0.0,0.0
16,7,Damian Lillard,,POR,UTA,5.0,220.5,107.8,15,34.8,46.2,61.8,PG,8500,2,102,104,-2%,23,22,19,38,37,37,46.1,46.7,36.5,56.9,37.5,54.0,6.4,43.0,5.06,43.2,37.0,5.1
17,0,Damian Lillard,,POR,UTA,5.0,220.5,107.8,15,34.8,46.2,61.8,PG,8500,2,102,104,-2%,23,22,19,38,37,37,46.1,46.7,36.5,56.9,37.5,54.0,6.4,43.0,5.06,43.2,37.0,5.1
17,1,Cory Joseph,,SAC,MIN,-5.0,221.5,113.3,20,13.0,16.9,19.0,PG/SG,3400,2,106,109,6%,7,5,6,27,27,27,16.9,17.2,9.5,24.9,39.9,31.5,9.3,16.3,4.78,13.2,20.0,3.9
17,2,Andrew Wiggins,,MIN,SAC,5.0,221.5,108.3,4,33.8,39.3,47.5,SG/SF,7800,2,99,108,4%,26,22,21,37,38,36,39.4,39.9,30.7,49.0,43.6,42.0,5.4,37.3,4.78,41.1,36.5,5.3
17,3,Richaun Holmes,,SAC,MIN,-5.0,221.5,113.3,8,19.8,32.1,41.0,PF/C,5800,2,106,109,-4%,11,9,8,30,26,29,32.1,29.3,17.8,40.8,44.9,56.0,9.7,28.8,4.96,29.5,28.0,5.1
17,4,Chris Paul,,OKC,MEM,-6.0,224.5,115.3,8,28.5,39.5,60.5,PG,7200,3,106,110,4%,11,10,12,32,33,32,39.5,35.3,26.3,44.4,33.8,54.0,7.5,41.3,5.73,41.3,33.5,5.7
17,5,Jaren Jackson Jr.,,MEM,OKC,6.0,224.5,109.3,17,15.8,30.3,41.8,PF/C,6500,2,101,105,-11%,13,13,14,31,30,28,30.3,30.4,19.8,41.1,34.5,41.5,6.4,31.5,4.85,32.5,31.0,5.0
17,6,Christian Wood,Q,DET,WAS,-6.0,229.5,117.8,29,9.5,19.5,30.5,PF/C,4200,2,106,114,0%,4,6,5,5,15,15,19.4,18.1,6.0,30.2,23.5,36.8,8.8,17.8,4.23,0.0,0.0,0.0
17,7,Anfernee Simons,,POR,UTA,5.0,220.5,107.8,15,4.0,10.2,16.5,PG/SG,3500,2,102,104,-9%,8,7,9,21,20,22,10.2,15.4,7.8,23.0,28.0,29.0,8.3,15.3,4.36,14.6,21.0,4.2
18,0,Chris Paul,,OKC,MEM,-6.0,224.5,115.3,8,28.5,39.5,60.5,PG,7200,3,106,110,4%,11,10,12,32,33,32,39.5,35.3,26.3,44.4,33.8,54.0,7.5,41.3,5.73,41.3,33.5,5.7
18,1,Cory Joseph,,SAC,MIN,-5.0,221.5,113.3,20,13.0,16.9,19.0,PG/SG,3400,2,106,109,6%,7,5,6,27,27,27,16.9,17.2,9.5,24.9,39.9,31.5,9.3,16.3,4.78,13.2,20.0,3.9
18,2,Joe Ingles,,UTA,POR,-5.0,220.5,112.8,23,25.0,33.8,40.0,SG/SF,6200,2,104,107,6%,13,11,8,38,37,30,33.9,23.9,13.9,33.9,35.5,42.8,6.9,30.8,4.96,31.6,36.0,5.1
18,3,Christian Wood,Q,DET,WAS,-6.0,229.5,117.8,29,9.5,19.5,30.5,PF/C,4200,2,106,114,0%,4,6,5,5,15,15,19.4,18.1,6.0,30.2,23.5,36.8,8.8,17.8,4.23,0.0,0.0,0.0
18,4,Damian Lillard,,POR,UTA,5.0,220.5,107.8,15,34.8,46.2,61.8,PG,8500,2,102,104,-2%,23,22,19,38,37,37,46.1,46.7,36.5,56.9,37.5,54.0,6.4,43.0,5.06,43.2,37.0,5.1
18,5,Garrett Temple,,BKN,NY,-8.0,224.0,116.0,29,20.5,25.8,42.5,SG/SF,5800,4,101,112,-2%,16,14,10,37,35,30,25.8,22.7,13.5,31.9,29.8,20.8,3.6,27.3,4.7,28.2,35.5,4.9
18,6,Richaun Holmes,,SAC,MIN,-5.0,221.5,113.3,8,19.8,32.1,41.0,PF/C,5800,2,106,109,-4%,11,9,8,30,26,29,32.1,29.3,17.8,40.8,44.9,56.0,9.7,28.8,4.96,29.5,28.0,5.1
18,7,Gorgui Dieng,,MIN,SAC,5.0,221.5,108.3,7,15.8,28.3,41.0,C,5700,2,99,108,-5%,10,9,5,33,25,15,28.3,16.9,5.7,28.0,40.5,48.3,8.5,12.5,2.19,32.1,29.0,5.6
19,0,Luka Doncic,,DAL,SA,-7.5,226.0,116.8,14,2.8,42.6,77.0,PG/SF,11800,3,104,110,5%,24,21,20,34,31,33,55.3,60.7,46.6,74.7,32.6,51.0,4.3,57.8,4.89,58.3,32.5,4.9
19,1,Cory Joseph,,SAC,MIN,-5.0,221.5,113.3,20,13.0,16.9,19.0,PG/SG,3400,2,106,109,6%,7,5,6,27,27,27,16.9,17.2,9.5,24.9,39.9,31.5,9.3,16.3,4.78,13.2,20.0,3.9
19,2,Joe Ingles,,UTA,POR,-5.0,220.5,112.8,23,25.0,33.8,40.0,SG/SF,6200,2,104,107,6%,13,11,8,38,37,30,33.9,23.9,13.9,33.9,35.5,42.8,6.9,30.8,4.96,31.6,36.0,5.1
19,3,Richaun Holmes,,SAC,MIN,-5.0,221.5,113.3,8,19.8,32.1,41.0,PF/C,5800,2,106,109,-4%,11,9,8,30,26,29,32.1,29.3,17.8,40.8,44.9,56.0,9.7,28.8,4.96,29.5,28.0,5.1
19,4,Chris Paul,,OKC,MEM,-6.0,224.5,115.3,8,28.5,39.5,60.5,PG,7200,3,106,110,4%,11,10,12,32,33,32,39.5,35.3,26.3,44.4,33.8,54.0,7.5,41.3,5.73,41.3,33.5,5.7
19,5,Dorian Finney-Smith,,DAL,SA,-7.5,226.0,116.8,26,17.0,24.6,30.0,SF/PF,4400,3,104,110,4%,6,6,7,32,34,28,24.6,19.8,12.9,26.6,33.0,24.0,5.5,22.5,5.11,20.7,30.5,4.7
19,6,Christian Wood,Q,DET,WAS,-6.0,229.5,117.8,29,9.5,19.5,30.5,PF/C,4200,2,106,114,0%,4,6,5,5,15,15,19.4,18.1,6.0,30.2,23.5,36.8,8.8,17.8,4.23,0.0,0.0,0.0
19,7,Julius Randle,,NY,BKN,8.0,224.0,108.0,23,25.5,36.2,50.8,PF/C,6800,2,105,105,-2%,19,17,15,34,30,32,36.1,35.4,27.0,43.9,35.0,47.5,7.0,37.3,5.48,34.3,31.5,5.0
20,0,Cory Joseph,,SAC,MIN,-5.0,221.5,113.3,20,13.0,16.9,19.0,PG/SG,3400,2,106,109,6%,7,5,6,27,27,27,16.9,17.2,9.5,24.9,39.9,31.5,9.3,16.3,4.78,13.2,20.0,3.9
20,1,Joe Ingles,,UTA,POR,-5.0,220.5,112.8,23,25.0,33.8,40.0,SG/SF,6200,2,104,107,6%,13,11,8,38,37,30,33.9,23.9,13.9,33.9,35.5,42.8,6.9,30.8,4.96,31.6,36.0,5.1
20,2,Andrew Wiggins,,MIN,SAC,5.0,221.5,108.3,4,33.8,39.3,47.5,SG/SF,7800,2,99,108,4%,26,22,21,37,38,36,39.4,39.9,30.7,49.0,43.6,42.0,5.4,37.3,4.78,41.1,36.5,5.3
20,3,Harrison Barnes,,SAC,MIN,-5.0,221.5,113.3,4,7.8,22.2,39.5,SF/PF,5200,2,106,109,8%,15,13,12,34,33,36,22.2,27.6,19.1,36.2,41.7,27.0,5.2,24.5,4.71,24.7,32.0,4.8
20,4,Chris Paul,,OKC,MEM,-6.0,224.5,115.3,8,28.5,39.5,60.5,PG,7200,3,106,110,4%,11,10,12,32,33,32,39.5,35.3,26.3,44.4,33.8,54.0,7.5,41.3,5.73,41.3,33.5,5.7
20,5,Richaun Holmes,,SAC,MIN,-5.0,221.5,113.3,8,19.8,32.1,41.0,PF/C,5800,2,106,109,-4%,11,9,8,30,26,29,32.1,29.3,17.8,40.8,44.9,56.0,9.7,28.8,4.96,29.5,28.0,5.1
20,6,Jaren Jackson Jr.,,MEM,OKC,6.0,224.5,109.3,17,15.8,30.3,41.8,PF/C,6500,2,101,105,-11%,13,13,14,31,30,28,30.3,30.4,19.8,41.1,34.5,41.5,6.4,31.5,4.85,32.5,31.0,5.0
20,7,Gorgui Dieng,,MIN,SAC,5.0,221.5,108.3,7,15.8,28.3,41.0,C,5700,2,99,108,-5%,10,9,5,33,25,15,28.3,16.9,5.7,28.0,40.5,48.3,8.5,12.5,2.19,32.1,29.0,5.6
21,0,Cory Joseph,,SAC,MIN,-5.0,221.5,113.3,20,13.0,16.9,19.0,PG/SG,3400,2,106,109,6%,7,5,6,27,27,27,16.9,17.2,9.5,24.9,39.9,31.5,9.3,16.3,4.78,13.2,20.0,3.9
21,1,Donovan Mitchell,,UTA,POR,-5.0,220.5,112.8,12,31.8,39.9,44.3,PG/SG,8100,2,104,107,-2%,19,20,21,37,36,35,39.9,39.9,31.8,48.0,38.4,49.8,6.1,41.5,5.12,42.9,36.0,5.3
21,2,Andrew Wiggins,,MIN,SAC,5.0,221.5,108.3,4,33.8,39.3,47.5,SG/SF,7800,2,99,108,4%,26,22,21,37,38,36,39.4,39.9,30.7,49.0,43.6,42.0,5.4,37.3,4.78,41.1,36.5,5.3
21,3,Richaun Holmes,,SAC,MIN,-5.0,221.5,113.3,8,19.8,32.1,41.0,PF/C,5800,2,106,109,-4%,11,9,8,30,26,29,32.1,29.3,17.8,40.8,44.9,56.0,9.7,28.8,4.96,29.5,28.0,5.1
21,4,Chris Paul,,OKC,MEM,-6.0,224.5,115.3,8,28.5,39.5,60.5,PG,7200,3,106,110,4%,11,10,12,32,33,32,39.5,35.3,26.3,44.4,33.8,54.0,7.5,41.3,5.73,41.3,33.5,5.7
21,5,Trey Lyles,,SA,DAL,7.5,226.0,109.3,10,6.5,16.4,36.5,PF/C,3600,2,102,106,-2%,6,5,4,19,17,17,16.4,15.4,7.3,23.5,21.6,13.3,3.7,16.8,4.65,15.8,18.5,4.4
21,6,Julius Randle,,NY,BKN,8.0,224.0,108.0,23,25.5,36.2,50.8,PF/C,6800,2,105,105,-2%,19,17,15,34,30,32,36.1,35.4,27.0,43.9,35.0,47.5,7.0,37.3,5.48,34.3,31.5,5.0
21,7,Gorgui Dieng,,MIN,SAC,5.0,221.5,108.3,7,15.8,28.3,41.0,C,5700,2,99,108,-5%,10,9,5,33,25,15,28.3,16.9,5.7,28.0,40.5,48.3,8.5,12.5,2.19,32.1,29.0,5.6
22,0,Donovan Mitchell,,UTA,POR,-5.0,220.5,112.8,12,31.8,39.9,44.3,PG/SG,8100,2,104,107,-2%,19,20,21,37,36,35,39.9,39.9,31.8,48.0,38.4,49.8,6.1,41.5,5.12,42.9,36.0,5.3
22,1,Cory Joseph,,SAC,MIN,-5.0,221.5,113.3,20,13.0,16.9,19.0,PG/SG,3400,2,106,109,6%,7,5,6,27,27,27,16.9,17.2,9.5,24.9,39.9,31.5,9.3,16.3,4.78,13.2,20.0,3.9
22,2,Dillon Brooks,,MEM,OKC,6.0,224.5,109.3,1,17.0,26.4,38.3,SG/SF,5000,2,101,105,1%,12,12,13,28,29,28,26.4,25.1,16.1,34.2,25.3,12.0,2.4,22.3,4.45,24.1,28.5,4.8
22,3,Julius Randle,,NY,BKN,8.0,224.0,108.0,23,25.5,36.2,50.8,PF/C,6800,2,105,105,-2%,19,17,15,34,30,32,36.1,35.4,27.0,43.9,35.0,47.5,7.0,37.3,5.48,34.3,31.5,5.0
22,4,Damian Lillard,,POR,UTA,5.0,220.5,107.8,15,34.8,46.2,61.8,PG,8500,2,102,104,-2%,23,22,19,38,37,37,46.1,46.7,36.5,56.9,37.5,54.0,6.4,43.0,5.06,43.2,37.0,5.1
22,5,Richaun Holmes,,SAC,MIN,-5.0,221.5,113.3,8,19.8,32.1,41.0,PF/C,5800,2,106,109,-4%,11,9,8,30,26,29,32.1,29.3,17.8,40.8,44.9,56.0,9.7,28.8,4.96,29.5,28.0,5.1
22,6,Christian Wood,Q,DET,WAS,-6.0,229.5,117.8,29,9.5,19.5,30.5,PF/C,4200,2,106,114,0%,4,6,5,5,15,15,19.4,18.1,6.0,30.2,23.5,36.8,8.8,17.8,4.23,0.0,0.0,0.0
22,7,Chris Paul,,OKC,MEM,-6.0,224.5,115.3,8,28.5,39.5,60.5,PG,7200,3,106,110,4%,11,10,12,32,33,32,39.5,35.3,26.3,44.4,33.8,54.0,7.5,41.3,5.73,41.3,33.5,5.7
23,0,Chris Paul,,OKC,MEM,-6.0,224.5,115.3,8,28.5,39.5,60.5,PG,7200,3,106,110,4%,11,10,12,32,33,32,39.5,35.3,26.3,44.4,33.8,54.0,7.5,41.3,5.73,41.3,33.5,5.7
23,1,Tyus Jones,,MEM,OKC,6.0,224.5,109.3,24,8.3,16.8,26.8,PG/SG,3400,2,101,105,-1%,6,4,6,18,17,20,16.8,17.2,9.0,25.4,21.6,21.0,6.2,13.0,3.82,13.0,16.0,3.8
23,2,Bojan Bogdanovic,,UTA,POR,-5.0,220.5,112.8,23,29.0,36.8,48.3,SF/PF,6700,2,104,107,6%,13,16,15,33,35,34,36.6,32.0,22.1,41.8,36.5,23.5,3.5,33.0,4.93,34.6,35.0,5.2
23,3,Julius Randle,,NY,BKN,8.0,224.0,108.0,23,25.5,36.2,50.8,PF/C,6800,2,105,105,-2%,19,17,15,34,30,32,36.1,35.4,27.0,43.9,35.0,47.5,7.0,37.3,5.48,34.3,31.5,5.0
23,4,Damian Lillard,,POR,UTA,5.0,220.5,107.8,15,34.8,46.2,61.8,PG,8500,2,102,104,-2%,23,22,19,38,37,37,46.1,46.7,36.5,56.9,37.5,54.0,6.4,43.0,5.06,43.2,37.0,5.1
23,5,Christian Wood,Q,DET,WAS,-6.0,229.5,117.8,29,9.5,19.5,30.5,PF/C,4200,2,106,114,0%,4,6,5,5,15,15,19.4,18.1,6.0,30.2,23.5,36.8,8.8,17.8,4.23,0.0,0.0,0.0
23,6,Richaun Holmes,,SAC,MIN,-5.0,221.5,113.3,8,19.8,32.1,41.0,PF/C,5800,2,106,109,-4%,11,9,8,30,26,29,32.1,29.3,17.8,40.8,44.9,56.0,9.7,28.8,4.96,29.5,28.0,5.1
23,7,Gorgui Dieng,,MIN,SAC,5.0,221.5,108.3,7,15.8,28.3,41.0,C,5700,2,99,108,-5%,10,9,5,33,25,15,28.3,16.9,5.7,28.0,40.5,48.3,8.5,12.5,2.19,32.1,29.0,5.6
24,0,Chris Paul,,OKC,MEM,-6.0,224.5,115.3,8,28.5,39.5,60.5,PG,7200,3,106,110,4%,11,10,12,32,33,32,39.5,35.3,26.3,44.4,33.8,54.0,7.5,41.3,5.73,41.3,33.5,5.7
24,1,Donovan Mitchell,,UTA,POR,-5.0,220.5,112.8,12,31.8,39.9,44.3,PG/SG,8100,2,104,107,-2%,19,20,21,37,36,35,39.9,39.9,31.8,48.0,38.4,49.8,6.1,41.5,5.12,42.9,36.0,5.3
24,2,Tim Hardaway Jr.,,DAL,SA,-7.5,226.0,116.8,7,10.5,29.8,40.3,SG/SF,5600,3,104,110,4%,20,18,12,34,33,26,29.8,22.0,10.6,33.4,28.0,21.3,3.8,27.0,4.82,26.8,31.0,4.8
24,3,Christian Wood,Q,DET,WAS,-6.0,229.5,117.8,29,9.5,19.5,30.5,PF/C,4200,2,106,114,0%,4,6,5,5,15,15,19.4,18.1,6.0,30.2,23.5,36.8,8.8,17.8,4.23,0.0,0.0,0.0
24,4,Buddy Hield,,SAC,MIN,-5.0,221.5,113.3,21,18.0,24.2,33.5,SG/SF,6300,2,106,109,4%,15,14,18,33,31,34,24.4,35.0,24.1,45.8,36.7,26.0,4.1,35.5,5.63,33.6,31.5,5.3
24,5,Julius Randle,,NY,BKN,8.0,224.0,108.0,23,25.5,36.2,50.8,PF/C,6800,2,105,105,-2%,19,17,15,34,30,32,36.1,35.4,27.0,43.9,35.0,47.5,7.0,37.3,5.48,34.3,31.5,5.0
24,6,Gorgui Dieng,,MIN,SAC,5.0,221.5,108.3,7,15.8,28.3,41.0,C,5700,2,99,108,-5%,10,9,5,33,25,15,28.3,16.9,5.7,28.0,40.5,48.3,8.5,12.5,2.19,32.1,29.0,5.6
24,7,Richaun Holmes,,SAC,MIN,-5.0,221.5,113.3,8,19.8,32.1,41.0,PF/C,5800,2,106,109,-4%,11,9,8,30,26,29,32.1,29.3,17.8,40.8,44.9,56.0,9.7,28.8,4.96,29.5,28.0,5.1
25,0,Damian Lillard,,POR,UTA,5.0,220.5,107.8,15,34.8,46.2,61.8,PG,8500,2,102,104,-2%,23,22,19,38,37,37,46.1,46.7,36.5,56.9,37.5,54.0,6.4,43.0,5.06,43.2,37.0,5.1
25,1,Tyus Jones,,MEM,OKC,6.0,224.5,109.3,24,8.3,16.8,26.8,PG/SG,3400,2,101,105,-1%,6,4,6,18,17,20,16.8,17.2,9.0,25.4,21.6,21.0,6.2,13.0,3.82,13.0,16.0,3.8
25,2,Treveon Graham,,MIN,SAC,5.0,221.5,108.3,20,-0.5,7.8,20.5,SF/PF,3600,2,99,108,4%,4,4,6,14,15,21,9.3,12.6,5.5,19.8,40.0,15.8,4.4,9.3,2.57,9.4,14.5,2.6
25,3,Julius Randle,,NY,BKN,8.0,224.0,108.0,23,25.5,36.2,50.8,PF/C,6800,2,105,105,-2%,19,17,15,34,30,32,36.1,35.4,27.0,43.9,35.0,47.5,7.0,37.3,5.48,34.3,31.5,5.0
25,4,Chris Paul,,OKC,MEM,-6.0,224.5,115.3,8,28.5,39.5,60.5,PG,7200,3,106,110,4%,11,10,12,32,33,32,39.5,35.3,26.3,44.4,33.8,54.0,7.5,41.3,5.73,41.3,33.5,5.7
25,5,Joe Ingles,,UTA,POR,-5.0,220.5,112.8,23,25.0,33.8,40.0,SG/SF,6200,2,104,107,6%,13,11,8,38,37,30,33.9,23.9,13.9,33.9,35.5,42.8,6.9,30.8,4.96,31.6,36.0,5.1
25,6,Gorgui Dieng,,MIN,SAC,5.0,221.5,108.3,7,15.8,28.3,41.0,C,5700,2,99,108,-5%,10,9,5,33,25,15,28.3,16.9,5.7,28.0,40.5,48.3,8.5,12.5,2.19,32.1,29.0,5.6
25,7,Richaun Holmes,,SAC,MIN,-5.0,221.5,113.3,8,19.8,32.1,41.0,PF/C,5800,2,106,109,-4%,11,9,8,30,26,29,32.1,29.3,17.8,40.8,44.9,56.0,9.7,28.8,4.96,29.5,28.0,5.1
26,0,Bruce Brown Jr.,Q,DET,WAS,-6.0,229.5,117.8,30,15.8,28.7,48.0,PG/SG,4800,2,106,114,11%,9,9,7,30,28,26,28.6,21.7,10.4,32.9,27.4,32.3,6.7,23.0,4.79,17.5,20.0,3.6
26,1,Joe Ingles,,UTA,POR,-5.0,220.5,112.8,23,25.0,33.8,40.0,SG/SF,6200,2,104,107,6%,13,11,8,38,37,30,33.9,23.9,13.9,33.9,35.5,42.8,6.9,30.8,4.96,31.6,36.0,5.1
26,2,Svi Mykhailiuk,,DET,WAS,-6.0,229.5,117.8,6,11.5,16.1,23.5,SG/SF,3700,2,106,114,9%,7,7,5,23,21,17,16.1,10.8,3.8,17.9,24.6,26.5,7.2,17.3,4.66,19.2,27.5,5.2
26,3,Julius Randle,,NY,BKN,8.0,224.0,108.0,23,25.5,36.2,50.8,PF/C,6800,2,105,105,-2%,19,17,15,34,30,32,36.1,35.4,27.0,43.9,35.0,47.5,7.0,37.3,5.48,34.3,31.5,5.0
26,4,Andrew Wiggins,,MIN,SAC,5.0,221.5,108.3,4,33.8,39.3,47.5,SG/SF,7800,2,99,108,4%,26,22,21,37,38,36,39.4,39.9,30.7,49.0,43.6,42.0,5.4,37.3,4.78,41.1,36.5,5.3
26,5,Christian Wood,Q,DET,WAS,-6.0,229.5,117.8,29,9.5,19.5,30.5,PF/C,4200,2,106,114,0%,4,6,5,5,15,15,19.4,18.1,6.0,30.2,23.5,36.8,8.8,17.8,4.23,0.0,0.0,0.0
26,6,Richaun Holmes,,SAC,MIN,-5.0,221.5,113.3,8,19.8,32.1,41.0,PF/C,5800,2,106,109,-4%,11,9,8,30,26,29,32.1,29.3,17.8,40.8,44.9,56.0,9.7,28.8,4.96,29.5,28.0,5.1
26,7,Chris Paul,,OKC,MEM,-6.0,224.5,115.3,8,28.5,39.5,60.5,PG,7200,3,106,110,4%,11,10,12,32,33,32,39.5,35.3,26.3,44.4,33.8,54.0,7.5,41.3,5.73,41.3,33.5,5.7
27,0,Chris Paul,,OKC,MEM,-6.0,224.5,115.3,8,28.5,39.5,60.5,PG,7200,3,106,110,4%,11,10,12,32,33,32,39.5,35.3,26.3,44.4,33.8,54.0,7.5,41.3,5.73,41.3,33.5,5.7
27,1,Delon Wright,,DAL,SA,-7.5,226.0,116.8,14,7.0,20.6,30.3,PG/SG,3500,3,104,110,5%,5,4,6,21,17,21,20.6,20.6,10.8,30.4,20.6,30.8,8.8,16.5,4.71,17.2,17.5,4.9
27,2,Robert Covington,,MIN,SAC,5.0,221.5,108.3,20,12.3,21.5,35.8,SF/PF,5100,2,99,108,4%,8,11,10,27,29,28,25.0,25.3,16.8,33.9,40.0,35.0,6.9,24.0,4.71,24.8,28.0,4.9
27,3,Julius Randle,,NY,BKN,8.0,224.0,108.0,23,25.5,36.2,50.8,PF/C,6800,2,105,105,-2%,19,17,15,34,30,32,36.1,35.4,27.0,43.9,35.0,47.5,7.0,37.3,5.48,34.3,31.5,5.0
27,4,Terrance Ferguson,,OKC,MEM,-6.0,224.5,115.3,24,6.5,10.4,14.8,SG/SF,3500,3,106,110,7%,3,5,5,24,27,27,10.4,11.7,5.6,17.7,35.0,15.3,4.4,15.5,4.43,14.7,28.5,4.2
27,5,Luka Doncic,,DAL,SA,-7.5,226.0,116.8,14,2.8,42.6,77.0,PG/SF,11800,3,104,110,5%,24,21,20,34,31,33,55.3,60.7,46.6,74.7,32.6,51.0,4.3,57.8,4.89,58.3,32.5,4.9
27,6,Gorgui Dieng,,MIN,SAC,5.0,221.5,108.3,7,15.8,28.3,41.0,C,5700,2,99,108,-5%,10,9,5,33,25,15,28.3,16.9,5.7,28.0,40.5,48.3,8.5,12.5,2.19,32.1,29.0,5.6
27,7,Richaun Holmes,,SAC,MIN,-5.0,221.5,113.3,8,19.8,32.1,41.0,PF/C,5800,2,106,109,-4%,11,9,8,30,26,29,32.1,29.3,17.8,40.8,44.9,56.0,9.7,28.8,4.96,29.5,28.0,5.1
28,0,Damian Lillard,,POR,UTA,5.0,220.5,107.8,15,34.8,46.2,61.8,PG,8500,2,102,104,-2%,23,22,19,38,37,37,46.1,46.7,36.5,56.9,37.5,54.0,6.4,43.0,5.06,43.2,37.0,5.1
28,1,Joe Ingles,,UTA,POR,-5.0,220.5,112.8,23,25.0,33.8,40.0,SG/SF,6200,2,104,107,6%,13,11,8,38,37,30,33.9,23.9,13.9,33.9,35.5,42.8,6.9,30.8,4.96,31.6,36.0,5.1
28,2,Abdel Nader,,OKC,MEM,-6.0,224.5,115.3,9,6.8,12.1,19.8,SF,3300,3,106,110,8%,6,5,5,22,21,18,12.1,12.2,4.7,19.8,16.8,11.0,3.3,14.8,4.47,13.8,19.5,4.2
28,3,Robert Covington,,MIN,SAC,5.0,221.5,108.3,20,12.3,21.5,35.8,SF/PF,5100,2,99,108,4%,8,11,10,27,29,28,25.0,25.3,16.8,33.9,40.0,35.0,6.9,24.0,4.71,24.8,28.0,4.9
28,4,Chris Paul,,OKC,MEM,-6.0,224.5,115.3,8,28.5,39.5,60.5,PG,7200,3,106,110,4%,11,10,12,32,33,32,39.5,35.3,26.3,44.4,33.8,54.0,7.5,41.3,5.73,41.3,33.5,5.7
28,5,Richaun Holmes,,SAC,MIN,-5.0,221.5,113.3,8,19.8,32.1,41.0,PF/C,5800,2,106,109,-4%,11,9,8,30,26,29,32.1,29.3,17.8,40.8,44.9,56.0,9.7,28.8,4.96,29.5,28.0,5.1
28,6,Christian Wood,Q,DET,WAS,-6.0,229.5,117.8,29,9.5,19.5,30.5,PF/C,4200,2,106,114,0%,4,6,5,5,15,15,19.4,18.1,6.0,30.2,23.5,36.8,8.8,17.8,4.23,0.0,0.0,0.0
28,7,Gorgui Dieng,,MIN,SAC,5.0,221.5,108.3,7,15.8,28.3,41.0,C,5700,2,99,108,-5%,10,9,5,33,25,15,28.3,16.9,5.7,28.0,40.5,48.3,8.5,12.5,2.19,32.1,29.0,5.6
29,0,Chris Paul,,OKC,MEM,-6.0,224.5,115.3,8,28.5,39.5,60.5,PG,7200,3,106,110,4%,11,10,12,32,33,32,39.5,35.3,26.3,44.4,33.8,54.0,7.5,41.3,5.73,41.3,33.5,5.7
29,1,Bruce Brown Jr.,Q,DET,WAS,-6.0,229.5,117.8,30,15.8,28.7,48.0,PG/SG,4800,2,106,114,11%,9,9,7,30,28,26,28.6,21.7,10.4,32.9,27.4,32.3,6.7,23.0,4.79,17.5,20.0,3.6
29,2,Andrew Wiggins,,MIN,SAC,5.0,221.5,108.3,4,33.8,39.3,47.5,SG/SF,7800,2,99,108,4%,26,22,21,37,38,36,39.4,39.9,30.7,49.0,43.6,42.0,5.4,37.3,4.78,41.1,36.5,5.3
29,3,Richaun Holmes,,SAC,MIN,-5.0,221.5,113.3,8,19.8,32.1,41.0,PF/C,5800,2,106,109,-4%,11,9,8,30,26,29,32.1,29.3,17.8,40.8,44.9,56.0,9.7,28.8,4.96,29.5,28.0,5.1
29,4,Joe Ingles,,UTA,POR,-5.0,220.5,112.8,23,25.0,33.8,40.0,SG/SF,6200,2,104,107,6%,13,11,8,38,37,30,33.9,23.9,13.9,33.9,35.5,42.8,6.9,30.8,4.96,31.6,36.0,5.1
29,5,Trevor Ariza,,SAC,MIN,-5.0,221.5,113.3,4,6.3,19.4,33.5,SF/PF,4000,2,106,109,8%,10,6,5,32,27,24,19.8,16.3,7.5,25.2,33.6,19.8,5.0,19.0,4.75,14.5,20.5,3.6
29,6,Julius Randle,,NY,BKN,8.0,224.0,108.0,23,25.5,36.2,50.8,PF/C,6800,2,105,105,-2%,19,17,15,34,30,32,36.1,35.4,27.0,43.9,35.0,47.5,7.0,37.3,5.48,34.3,31.5,5.0
29,7,Jaren Jackson Jr.,,MEM,OKC,6.0,224.5,109.3,17,15.8,30.3,41.8,PF/C,6500,2,101,105,-11%,13,13,14,31,30,28,30.3,30.4,19.8,41.1,34.5,41.5,6.4,31.5,4.85,32.5,31.0,5.0
30,0,Chris Paul,,OKC,MEM,-6.0,224.5,115.3,8,28.5,39.5,60.5,PG,7200,3,106,110,4%,11,10,12,32,33,32,39.5,35.3,26.3,44.4,33.8,54.0,7.5,41.3,5.73,41.3,33.5,5.7
30,1,Timothe Luwawu-Cabarrot,,BKN,NY,-8.0,224.0,116.0,29,0.5,6.9,16.8,SG/SF,3200,4,101,112,-2%,3,5,4,21,20,15,6.8,5.0,-1.3,11.3,20.3,20.5,6.4,14.8,4.61,13.5,21.0,4.2
30,2,Joe Ingles,,UTA,POR,-5.0,220.5,112.8,23,25.0,33.8,40.0,SG/SF,6200,2,104,107,6%,13,11,8,38,37,30,33.9,23.9,13.9,33.9,35.5,42.8,6.9,30.8,4.96,31.6,36.0,5.1
30,3,Marvin Bagley III,,SAC,MIN,-5.0,221.5,113.3,8,19.5,26.9,32.3,PF/C,5300,2,106,109,-4%,11,12,12,24,24,24,26.9,25.9,20.7,31.2,19.7,24.0,4.5,32.8,6.18,29.1,24.5,5.5
30,4,Shai Gilgeous-Alexander,,OKC,MEM,-6.0,224.5,115.3,8,13.3,34.0,47.3,PG/SG,6700,3,106,110,7%,22,15,16,35,36,35,34.0,32.9,22.6,43.1,37.1,32.3,4.8,35.5,5.3,37.6,35.5,5.6
30,5,Richaun Holmes,,SAC,MIN,-5.0,221.5,113.3,8,19.8,32.1,41.0,PF/C,5800,2,106,109,-4%,11,9,8,30,26,29,32.1,29.3,17.8,40.8,44.9,56.0,9.7,28.8,4.96,29.5,28.0,5.1
30,6,Gorgui Dieng,,MIN,SAC,5.0,221.5,108.3,7,15.8,28.3,41.0,C,5700,2,99,108,-5%,10,9,5,33,25,15,28.3,16.9,5.7,28.0,40.5,48.3,8.5,12.5,2.19,32.1,29.0,5.6
30,7,Damian Lillard,,POR,UTA,5.0,220.5,107.8,15,34.8,46.2,61.8,PG,8500,2,102,104,-2%,23,22,19,38,37,37,46.1,46.7,36.5,56.9,37.5,54.0,6.4,43.0,5.06,43.2,37.0,5.1
31,0,Chris Paul,,OKC,MEM,-6.0,224.5,115.3,8,28.5,39.5,60.5,PG,7200,3,106,110,4%,11,10,12,32,33,32,39.5,35.3,26.3,44.4,33.8,54.0,7.5,41.3,5.73,41.3,33.5,5.7
31,1,Joe Ingles,,UTA,POR,-5.0,220.5,112.8,23,25.0,33.8,40.0,SG/SF,6200,2,104,107,6%,13,11,8,38,37,30,33.9,23.9,13.9,33.9,35.5,42.8,6.9,30.8,4.96,31.6,36.0,5.1
31,2,Taurean Prince,,BKN,NY,-8.0,224.0,116.0,16,22.3,26.8,36.0,SF/PF,5700,4,101,112,3%,11,11,12,30,30,31,26.8,27.7,17.8,37.6,28.0,14.3,2.5,27.5,4.82,30.7,30.5,5.4
31,3,Richaun Holmes,,SAC,MIN,-5.0,221.5,113.3,8,19.8,32.1,41.0,PF/C,5800,2,106,109,-4%,11,9,8,30,26,29,32.1,29.3,17.8,40.8,44.9,56.0,9.7,28.8,4.96,29.5,28.0,5.1
31,4,Cory Joseph,,SAC,MIN,-5.0,221.5,113.3,20,13.0,16.9,19.0,PG/SG,3400,2,106,109,6%,7,5,6,27,27,27,16.9,17.2,9.5,24.9,39.9,31.5,9.3,16.3,4.78,13.2,20.0,3.9
31,5,Andrew Wiggins,,MIN,SAC,5.0,221.5,108.3,4,33.8,39.3,47.5,SG/SF,7800,2,99,108,4%,26,22,21,37,38,36,39.4,39.9,30.7,49.0,43.6,42.0,5.4,37.3,4.78,41.1,36.5,5.3
31,6,Christian Wood,Q,DET,WAS,-6.0,229.5,117.8,29,9.5,19.5,30.5,PF/C,4200,2,106,114,0%,4,6,5,5,15,15,19.4,18.1,6.0,30.2,23.5,36.8,8.8,17.8,4.23,0.0,0.0,0.0
31,7,Damian Lillard,,POR,UTA,5.0,220.5,107.8,15,34.8,46.2,61.8,PG,8500,2,102,104,-2%,23,22,19,38,37,37,46.1,46.7,36.5,56.9,37.5,54.0,6.4,43.0,5.06,43.2,37.0,5.1
32,0,Donovan Mitchell,,UTA,POR,-5.0,220.5,112.8,12,31.8,39.9,44.3,PG/SG,8100,2,104,107,-2%,19,20,21,37,36,35,39.9,39.9,31.8,48.0,38.4,49.8,6.1,41.5,5.12,42.9,36.0,5.3
32,1,Delon Wright,,DAL,SA,-7.5,226.0,116.8,14,7.0,20.6,30.3,PG/SG,3500,3,104,110,5%,5,4,6,21,17,21,20.6,20.6,10.8,30.4,20.6,30.8,8.8,16.5,4.71,17.2,17.5,4.9
32,2,Robert Covington,,MIN,SAC,5.0,221.5,108.3,20,12.3,21.5,35.8,SF/PF,5100,2,99,108,4%,8,11,10,27,29,28,25.0,25.3,16.8,33.9,40.0,35.0,6.9,24.0,4.71,24.8,28.0,4.9
32,3,Maxi Kleber,,DAL,SA,-7.5,226.0,116.8,27,13.3,19.3,28.3,PF/C,3500,3,104,110,-1%,7,7,6,19,24,24,19.3,18.6,11.8,25.4,31.2,26.5,7.6,17.3,4.93,14.6,18.5,4.2
32,4,Jeff Teague,,MIN,SAC,5.0,221.5,108.3,26,20.3,27.7,39.5,PG,5500,2,99,108,-5%,7,8,10,23,28,30,27.6,29.9,18.7,41.2,36.7,27.5,5.0,26.5,4.82,25.2,25.5,4.6
32,5,Richaun Holmes,,SAC,MIN,-5.0,221.5,113.3,8,19.8,32.1,41.0,PF/C,5800,2,106,109,-4%,11,9,8,30,26,29,32.1,29.3,17.8,40.8,44.9,56.0,9.7,28.8,4.96,29.5,28.0,5.1
32,6,Gorgui Dieng,,MIN,SAC,5.0,221.5,108.3,7,15.8,28.3,41.0,C,5700,2,99,108,-5%,10,9,5,33,25,15,28.3,16.9,5.7,28.0,40.5,48.3,8.5,12.5,2.19,32.1,29.0,5.6
32,7,Chris Paul,,OKC,MEM,-6.0,224.5,115.3,8,28.5,39.5,60.5,PG,7200,3,106,110,4%,11,10,12,32,33,32,39.5,35.3,26.3,44.4,33.8,54.0,7.5,41.3,5.73,41.3,33.5,5.7
33,0,Chris Paul,,OKC,MEM,-6.0,224.5,115.3,8,28.5,39.5,60.5,PG,7200,3,106,110,4%,11,10,12,32,33,32,39.5,35.3,26.3,44.4,33.8,54.0,7.5,41.3,5.73,41.3,33.5,5.7
33,1,Svi Mykhailiuk,,DET,WAS,-6.0,229.5,117.8,6,11.5,16.1,23.5,SG/SF,3700,2,106,114,9%,7,7,5,23,21,17,16.1,10.8,3.8,17.9,24.6,26.5,7.2,17.3,4.66,19.2,27.5,5.2
33,2,Tim Hardaway Jr.,,DAL,SA,-7.5,226.0,116.8,7,10.5,29.8,40.3,SG/SF,5600,3,104,110,4%,20,18,12,34,33,26,29.8,22.0,10.6,33.4,28.0,21.3,3.8,27.0,4.82,26.8,31.0,4.8
33,3,Brandon Clarke,,MEM,OKC,6.0,224.5,109.3,17,11.3,22.3,36.3,PF/C,5000,2,101,105,-11%,8,10,9,20,22,22,22.3,24.8,18.0,31.7,19.3,25.0,5.0,23.5,4.7,23.1,22.0,4.6
33,4,Timothe Luwawu-Cabarrot,,BKN,NY,-8.0,224.0,116.0,29,0.5,6.9,16.8,SG/SF,3200,4,101,112,-2%,3,5,4,21,20,15,6.8,5.0,-1.3,11.3,20.3,20.5,6.4,14.8,4.61,13.5,21.0,4.2
33,5,Solomon Hill,,MEM,OKC,6.0,224.5,109.3,14,10.8,14.3,18.5,SF/PF,3200,2,101,105,1%,5,5,6,20,19,20,14.3,15.5,8.6,22.3,14.2,15.3,4.8,8.5,2.66,7.9,11.5,2.5
33,6,Julius Randle,,NY,BKN,8.0,224.0,108.0,23,25.5,36.2,50.8,PF/C,6800,2,105,105,-2%,19,17,15,34,30,32,36.1,35.4,27.0,43.9,35.0,47.5,7.0,37.3,5.48,34.3,31.5,5.0
33,7,Joe Ingles,,UTA,POR,-5.0,220.5,112.8,23,25.0,33.8,40.0,SG/SF,6200,2,104,107,6%,13,11,8,38,37,30,33.9,23.9,13.9,33.9,35.5,42.8,6.9,30.8,4.96,31.6,36.0,5.1
34,0,Damian Lillard,,POR,UTA,5.0,220.5,107.8,15,34.8,46.2,61.8,PG,8500,2,102,104,-2%,23,22,19,38,37,37,46.1,46.7,36.5,56.9,37.5,54.0,6.4,43.0,5.06,43.2,37.0,5.1
34,1,Josh Okogie,,MIN,SAC,5.0,221.5,108.3,4,8.3,10.5,13.3,SG/SF,3400,2,99,108,7%,6,6,6,19,23,25,10.4,18.5,11.0,26.0,17.6,12.8,3.8,15.0,4.41,15.8,21.0,4.6
34,2,Kent Bazemore,,POR,UTA,5.0,220.5,107.8,25,5.3,19.0,34.5,SG/SF,4400,2,102,104,-9%,8,8,8,32,31,25,18.9,18.5,10.3,26.7,23.8,13.8,3.1,23.8,5.4,20.7,31.0,4.7
34,3,Robert Covington,,MIN,SAC,5.0,221.5,108.3,20,12.3,21.5,35.8,SF/PF,5100,2,99,108,4%,8,11,10,27,29,28,25.0,25.3,16.8,33.9,40.0,35.0,6.9,24.0,4.71,24.8,28.0,4.9
34,4,Timothe Luwawu-Cabarrot,,BKN,NY,-8.0,224.0,116.0,29,0.5,6.9,16.8,SG/SF,3200,4,101,112,-2%,3,5,4,21,20,15,6.8,5.0,-1.3,11.3,20.3,20.5,6.4,14.8,4.61,13.5,21.0,4.2
34,5,Joe Ingles,,UTA,POR,-5.0,220.5,112.8,23,25.0,33.8,40.0,SG/SF,6200,2,104,107,6%,13,11,8,38,37,30,33.9,23.9,13.9,33.9,35.5,42.8,6.9,30.8,4.96,31.6,36.0,5.1
34,6,Richaun Holmes,,SAC,MIN,-5.0,221.5,113.3,8,19.8,32.1,41.0,PF/C,5800,2,106,109,-4%,11,9,8,30,26,29,32.1,29.3,17.8,40.8,44.9,56.0,9.7,28.8,4.96,29.5,28.0,5.1
34,7,Jarrett Allen,,BKN,NY,-8.0,224.0,116.0,24,19.5,31.5,48.8,C,6400,4,101,112,-4%,8,7,8,26,27,27,31.4,32.9,21.8,43.9,26.7,17.5,2.7,30.8,4.8,34.5,28.0,5.4
35,0,Damian Lillard,,POR,UTA,5.0,220.5,107.8,15,34.8,46.2,61.8,PG,8500,2,102,104,-2%,23,22,19,38,37,37,46.1,46.7,36.5,56.9,37.5,54.0,6.4,43.0,5.06,43.2,37.0,5.1
35,1,Svi Mykhailiuk,,DET,WAS,-6.0,229.5,117.8,6,11.5,16.1,23.5,SG/SF,3700,2,106,114,9%,7,7,5,23,21,17,16.1,10.8,3.8,17.9,24.6,26.5,7.2,17.3,4.66,19.2,27.5,5.2
35,2,Tim Hardaway Jr.,,DAL,SA,-7.5,226.0,116.8,7,10.5,29.8,40.3,SG/SF,5600,3,104,110,4%,20,18,12,34,33,26,29.8,22.0,10.6,33.4,28.0,21.3,3.8,27.0,4.82,26.8,31.0,4.8
35,3,Treveon Graham,,MIN,SAC,5.0,221.5,108.3,20,-0.5,7.8,20.5,SF/PF,3600,2,99,108,4%,4,4,6,14,15,21,9.3,12.6,5.5,19.8,40.0,15.8,4.4,9.3,2.57,9.4,14.5,2.6
35,4,Jarrett Culver,,MIN,SAC,5.0,221.5,108.3,26,2.5,7.1,14.8,PG/SG,3300,2,99,108,-5%,3,5,9,14,16,22,7.0,17.4,7.9,26.9,14.4,13.5,4.1,10.8,3.26,15.2,17.5,4.6
35,5,Bogdan Bogdanovic,Q,SAC,MIN,-5.0,221.5,113.3,21,17.3,23.3,39.8,SG/SF,5000,2,106,109,4%,9,10,12,29,30,28,23.3,26.8,15.2,38.4,43.3,39.8,8.0,23.5,4.7,24.7,26.0,4.9
35,6,Brandon Clarke,,MEM,OKC,6.0,224.5,109.3,17,11.3,22.3,36.3,PF/C,5000,2,101,105,-11%,8,10,9,20,22,22,22.3,24.8,18.0,31.7,19.3,25.0,5.0,23.5,4.7,23.1,22.0,4.6
35,7,Timothe Luwawu-Cabarrot,,BKN,NY,-8.0,224.0,116.0,29,0.5,6.9,16.8,SG/SF,3200,4,101,112,-2%,3,5,4,21,20,15,6.8,5.0,-1.3,11.3,20.3,20.5,6.4,14.8,4.61,13.5,21.0,4.2
36,0,Chris Paul,,OKC,MEM,-6.0,224.5,115.3,8,28.5,39.5,60.5,PG,7200,3,106,110,4%,11,10,12,32,33,32,39.5,35.3,26.3,44.4,33.8,54.0,7.5,41.3,5.73,41.3,33.5,5.7
36,1,Josh Okogie,,MIN,SAC,5.0,221.5,108.3,4,8.3,10.5,13.3,SG/SF,3400,2,99,108,7%,6,6,6,19,23,25,10.4,18.5,11.0,26.0,17.6,12.8,3.8,15.0,4.41,15.8,21.0,4.6
36,2,Keita Bates-Diop,,MIN,SAC,5.0,221.5,108.3,20,0.0,9.3,13.8,SF/PF,3100,2,99,108,4%,4,5,5,16,16,18,9.3,12.9,3.8,22.1,13.0,8.5,2.7,9.8,3.15,11.6,17.0,3.7
36,3,Jaren Jackson Jr.,,MEM,OKC,6.0,224.5,109.3,17,15.8,30.3,41.8,PF/C,6500,2,101,105,-11%,13,13,14,31,30,28,30.3,30.4,19.8,41.1,34.5,41.5,6.4,31.5,4.85,32.5,31.0,5.0
36,4,Tony Snell,,DET,WAS,-6.0,229.5,117.8,6,10.5,15.5,22.8,SG/SF,3400,2,106,114,11%,6,7,7,32,30,27,15.4,15.2,8.5,21.8,22.6,12.0,3.5,18.5,5.44,18.5,31.5,5.4
36,5,Christian Wood,Q,DET,WAS,-6.0,229.5,117.8,29,9.5,19.5,30.5,PF/C,4200,2,106,114,0%,4,6,5,5,15,15,19.4,18.1,6.0,30.2,23.5,36.8,8.8,17.8,4.23,0.0,0.0,0.0
36,6,Jarrett Allen,,BKN,NY,-8.0,224.0,116.0,24,19.5,31.5,48.8,C,6400,4,101,112,-4%,8,7,8,26,27,27,31.4,32.9,21.8,43.9,26.7,17.5,2.7,30.8,4.8,34.5,28.0,5.4
36,7,Tim Frazier,,DET,WAS,-6.0,229.5,117.8,30,4.3,13.4,31.0,PG,3500,2,106,114,8%,6,3,3,26,13,12,13.4,10.7,2.9,18.5,26.9,30.5,8.7,6.5,1.86,15.5,17.0,4.4
37,0,Damian Lillard,,POR,UTA,5.0,220.5,107.8,15,34.8,46.2,61.8,PG,8500,2,102,104,-2%,23,22,19,38,37,37,46.1,46.7,36.5,56.9,37.5,54.0,6.4,43.0,5.06,43.2,37.0,5.1
37,1,Jarrett Culver,,MIN,SAC,5.0,221.5,108.3,26,2.5,7.1,14.8,PG/SG,3300,2,99,108,-5%,3,5,9,14,16,22,7.0,17.4,7.9,26.9,14.4,13.5,4.1,10.8,3.26,15.2,17.5,4.6
37,2,Treveon Graham,,MIN,SAC,5.0,221.5,108.3,20,-0.5,7.8,20.5,SF/PF,3600,2,99,108,4%,4,4,6,14,15,21,9.3,12.6,5.5,19.8,40.0,15.8,4.4,9.3,2.57,9.4,14.5,2.6
37,3,Robert Covington,,MIN,SAC,5.0,221.5,108.3,20,12.3,21.5,35.8,SF/PF,5100,2,99,108,4%,8,11,10,27,29,28,25.0,25.3,16.8,33.9,40.0,35.0,6.9,24.0,4.71,24.8,28.0,4.9
37,4,Timothe Luwawu-Cabarrot,,BKN,NY,-8.0,224.0,116.0,29,0.5,6.9,16.8,SG/SF,3200,4,101,112,-2%,3,5,4,21,20,15,6.8,5.0,-1.3,11.3,20.3,20.5,6.4,14.8,4.61,13.5,21.0,4.2
37,5,Darius Bazley,,OKC,MEM,-6.0,224.5,115.3,9,1.3,13.1,23.5,SF/PF,3700,3,106,110,3%,7,4,4,22,16,17,13.1,11.1,4.2,18.1,18.5,8.0,2.2,16.3,4.39,17.8,24.5,4.8
37,6,Gorgui Dieng,,MIN,SAC,5.0,221.5,108.3,7,15.8,28.3,41.0,C,5700,2,99,108,-5%,10,9,5,33,25,15,28.3,16.9,5.7,28.0,40.5,48.3,8.5,12.5,2.19,32.1,29.0,5.6
37,7,Gary Trent Jr.,,POR,UTA,5.0,220.5,107.8,25,2.8,8.4,15.8,SG,3200,2,102,104,-9%,4,4,3,16,17,11,8.4,6.9,0.6,13.3,16.8,7.5,2.3,10.8,3.36,7.6,12.0,2.4
38,0,Tim Frazier,,DET,WAS,-6.0,229.5,117.8,30,4.3,13.4,31.0,PG,3500,2,106,114,8%,6,3,3,26,13,12,13.4,10.7,2.9,18.5,26.9,30.5,8.7,6.5,1.86,15.5,17.0,4.4
38,1,Derrick Rose,,DET,WAS,-6.0,229.5,117.8,30,18.5,34.1,43.5,PG/SG,6400,2,106,114,8%,13,16,14,24,27,25,34.0,30.4,22.3,38.6,21.1,29.0,4.5,31.8,4.96,33.2,25.5,5.2
38,2,Damyean Dotson,,NY,BKN,8.0,224.0,108.0,13,0.0,12.6,28.5,SG/SF,3600,2,105,105,-1%,9,6,6,19,18,16,12.6,11.8,4.4,19.3,25.1,12.8,3.6,13.5,3.75,9.2,12.5,2.6
38,3,Solomon Hill,,MEM,OKC,6.0,224.5,109.3,14,10.8,14.3,18.5,SF/PF,3200,2,101,105,1%,5,5,6,20,19,20,14.3,15.5,8.6,22.3,14.2,15.3,4.8,8.5,2.66,7.9,11.5,2.5
38,4,Luka Doncic,,DAL,SA,-7.5,226.0,116.8,14,2.8,42.6,77.0,PG/SF,11800,3,104,110,5%,24,21,20,34,31,33,55.3,60.7,46.6,74.7,32.6,51.0,4.3,57.8,4.89,58.3,32.5,4.9
38,5,Trey Lyles,,SA,DAL,7.5,226.0,109.3,10,6.5,16.4,36.5,PF/C,3600,2,102,106,-2%,6,5,4,19,17,17,16.4,15.4,7.3,23.5,21.6,13.3,3.7,16.8,4.65,15.8,18.5,4.4
38,6,Anzejs Pasecniks,,WAS,DET,6.0,229.5,111.8,2,6.0,14.6,19.5,C,3700,2,102,109,-6%,7,6,6,21,21,21,14.6,14.6,8.6,20.6,23.7,30.0,8.1,17.3,4.66,17.0,21.0,4.6
38,7,Dejounte Murray,,SA,DAL,7.5,226.0,109.3,6,29.0,33.1,39.8,PG,5700,2,102,106,-9%,9,10,9,26,28,23,33.0,27.6,18.3,37.0,26.7,15.3,2.7,28.5,5.0,30.5,27.5,5.4
39,0,De'Anthony Melton,,MEM,OKC,6.0,224.5,109.3,24,14.8,22.5,31.8,PG/SG,4000,2,101,105,-1%,8,7,6,16,18,16,22.4,18.4,7.6,29.2,20.2,27.0,6.8,15.8,3.94,15.9,17.0,4.0
39,1,Dennis Schroder,,OKC,MEM,-6.0,224.5,115.3,8,34.5,40.4,45.8,PG/SG,6600,3,106,110,4%,18,17,15,33,32,30,40.4,30.2,19.7,40.7,32.5,29.8,4.5,35.0,5.3,37.1,32.5,5.6
39,2,Abdel Nader,,OKC,MEM,-6.0,224.5,115.3,9,6.8,12.1,19.8,SF,3300,3,106,110,8%,6,5,5,22,21,18,12.1,12.2,4.7,19.8,16.8,11.0,3.3,14.8,4.47,13.8,19.5,4.2
39,3,Kevin Knox,,NY,BKN,8.0,224.0,108.0,2,14.8,23.1,35.0,SF/PF,4200,2,105,105,-17%,10,10,7,25,23,21,23.1,16.4,8.9,23.9,13.5,8.8,2.1,20.0,4.76,13.6,18.5,3.2
39,4,Delon Wright,,DAL,SA,-7.5,226.0,116.8,14,7.0,20.6,30.3,PG/SG,3500,3,104,110,5%,5,4,6,21,17,21,20.6,20.6,10.8,30.4,20.6,30.8,8.8,16.5,4.71,17.2,17.5,4.9
39,5,Keita Bates-Diop,,MIN,SAC,5.0,221.5,108.3,20,0.0,9.3,13.8,SF/PF,3100,2,99,108,4%,4,5,5,16,16,18,9.3,12.9,3.8,22.1,13.0,8.5,2.7,9.8,3.15,11.6,17.0,3.7
39,6,Jaren Jackson Jr.,,MEM,OKC,6.0,224.5,109.3,17,15.8,30.3,41.8,PF/C,6500,2,101,105,-11%,13,13,14,31,30,28,30.3,30.4,19.8,41.1,34.5,41.5,6.4,31.5,4.85,32.5,31.0,5.0
39,7,DeMar DeRozan,,SA,DAL,7.5,226.0,109.3,27,23.8,32.6,51.3,SG/SF,6500,2,102,106,-4%,13,14,16,31,33,34,33.4,37.0,29.5,44.6,35.0,34.3,5.3,35.3,5.42,34.4,32.0,5.3
40,0,Chris Paul,,OKC,MEM,-6.0,224.5,115.3,8,28.5,39.5,60.5,PG,7200,3,106,110,4%,11,10,12,32,33,32,39.5,35.3,26.3,44.4,33.8,54.0,7.5,41.3,5.73,41.3,33.5,5.7
40,1,RJ Barrett,,NY,BKN,8.0,224.0,108.0,22,4.5,23.5,39.0,PG/SG,6000,2,105,105,-2%,16,13,13,34,31,32,23.5,27.4,15.7,39.0,24.3,18.3,3.1,29.5,4.92,27.5,31.5,4.6
40,2,Buddy Hield,,SAC,MIN,-5.0,221.5,113.3,21,18.0,24.2,33.5,SG/SF,6300,2,106,109,4%,15,14,18,33,31,34,24.4,35.0,24.1,45.8,36.7,26.0,4.1,35.5,5.63,33.6,31.5,5.3
40,3,Trey Lyles,,SA,DAL,7.5,226.0,109.3,10,6.5,16.4,36.5,PF/C,3600,2,102,106,-2%,6,5,4,19,17,17,16.4,15.4,7.3,23.5,21.6,13.3,3.7,16.8,4.65,15.8,18.5,4.4
40,4,Seth Curry,,DAL,SA,-7.5,226.0,116.8,14,6.0,19.0,38.3,PG/SG,3600,3,104,110,3%,8,10,8,20,22,22,19.0,17.3,5.8,28.7,16.1,1.0,0.3,14.0,3.89,15.1,19.0,4.2
40,5,Damyean Dotson,,NY,BKN,8.0,224.0,108.0,13,0.0,12.6,28.5,SG/SF,3600,2,105,105,-1%,9,6,6,19,18,16,12.6,11.8,4.4,19.3,25.1,12.8,3.6,13.5,3.75,9.2,12.5,2.6
40,6,Christian Wood,Q,DET,WAS,-6.0,229.5,117.8,29,9.5,19.5,30.5,PF/C,4200,2,106,114,0%,4,6,5,5,15,15,19.4,18.1,6.0,30.2,23.5,36.8,8.8,17.8,4.23,0.0,0.0,0.0
40,7,Nemanja Bjelica,,SAC,MIN,-5.0,221.5,113.3,8,12.8,21.9,29.3,PF,5000,2,106,109,-4%,10,9,10,27,28,27,21.9,26.9,17.3,36.5,16.3,14.5,2.9,25.8,5.15,25.0,25.0,5.0
41,0,Ja Morant,,MEM,OKC,6.0,224.5,109.3,24,21.8,31.4,38.8,PG,6900,2,101,105,-1%,14,14,15,30,31,30,31.4,34.5,24.6,44.4,26.4,20.3,2.9,33.0,4.78,34.9,31.0,5.1
41,1,Joe Ingles,,UTA,POR,-5.0,220.5,112.8,23,25.0,33.8,40.0,SG/SF,6200,2,104,107,6%,13,11,8,38,37,30,33.9,23.9,13.9,33.9,35.5,42.8,6.9,30.8,4.96,31.6,36.0,5.1
41,2,Harrison Barnes,,SAC,MIN,-5.0,221.5,113.3,4,7.8,22.2,39.5,SF/PF,5200,2,106,109,8%,15,13,12,34,33,36,22.2,27.6,19.1,36.2,41.7,27.0,5.2,24.5,4.71,24.7,32.0,4.8
41,3,Mike Muscala,,OKC,MEM,-6.0,224.5,115.3,26,0.0,3.2,9.5,PF/C,3000,3,106,110,3%,1,2,3,5,8,10,3.2,7.5,0.8,14.3,11.5,3.8,1.3,12.0,4.0,9.3,10.5,3.1
41,4,Tim Hardaway Jr.,,DAL,SA,-7.5,226.0,116.8,7,10.5,29.8,40.3,SG/SF,5600,3,104,110,4%,20,18,12,34,33,26,29.8,22.0,10.6,33.4,28.0,21.3,3.8,27.0,4.82,26.8,31.0,4.8
41,5,Marco Belinelli,,SA,DAL,7.5,226.0,109.3,27,4.0,12.6,22.5,SG/SF,3300,2,102,106,-4%,7,6,6,23,18,17,12.6,11.2,6.2,16.2,15.1,7.3,2.2,14.8,4.47,14.1,19.0,4.3
41,6,Anzejs Pasecniks,,WAS,DET,6.0,229.5,111.8,2,6.0,14.6,19.5,C,3700,2,102,109,-6%,7,6,6,21,21,21,14.6,14.6,8.6,20.6,23.7,30.0,8.1,17.3,4.66,17.0,21.0,4.6
41,7,Shabazz Napier,Q,MIN,SAC,5.0,221.5,108.3,26,3.5,17.6,35.5,PG/SG,3300,2,99,108,-5%,11,7,7,25,20,19,17.6,17.6,8.0,27.2,21.7,22.3,6.8,20.3,6.14,18.7,20.5,5.7
42,0,Chris Paul,,OKC,MEM,-6.0,224.5,115.3,8,28.5,39.5,60.5,PG,7200,3,106,110,4%,11,10,12,32,33,32,39.5,35.3,26.3,44.4,33.8,54.0,7.5,41.3,5.73,41.3,33.5,5.7
42,1,Terrance Ferguson,,OKC,MEM,-6.0,224.5,115.3,24,6.5,10.4,14.8,SG/SF,3500,3,106,110,7%,3,5,5,24,27,27,10.4,11.7,5.6,17.7,35.0,15.3,4.4,15.5,4.43,14.7,28.5,4.2
42,2,Royce O'Neale,,UTA,POR,-5.0,220.5,112.8,23,16.0,23.9,28.0,SF,4300,2,104,107,6%,8,8,5,36,34,30,23.9,18.6,11.6,25.6,31.1,23.3,5.4,22.3,5.17,21.9,33.0,5.1
42,3,Solomon Hill,,MEM,OKC,6.0,224.5,109.3,14,10.8,14.3,18.5,SF/PF,3200,2,101,105,1%,5,5,6,20,19,20,14.3,15.5,8.6,22.3,14.2,15.3,4.8,8.5,2.66,7.9,11.5,2.5
42,4,Langston Galloway,,DET,WAS,-6.0,229.5,117.8,30,13.5,16.2,19.0,PG/SG,3600,2,106,114,11%,8,8,9,24,25,27,16.2,18.7,11.8,25.5,17.8,10.3,2.9,20.0,5.56,17.1,24.0,4.8
42,5,Buddy Hield,,SAC,MIN,-5.0,221.5,113.3,21,18.0,24.2,33.5,SG/SF,6300,2,106,109,4%,15,14,18,33,31,34,24.4,35.0,24.1,45.8,36.7,26.0,4.1,35.5,5.63,33.6,31.5,5.3
42,6,Thon Maker,,DET,WAS,-6.0,229.5,117.8,29,2.5,11.7,24.8,PF/C,3100,2,106,114,8%,3,3,2,11,14,11,11.7,8.4,2.0,14.8,13.1,10.3,3.3,7.8,2.5,0.0,0.0,0.0
42,7,Hassan Whiteside,,POR,UTA,5.0,220.5,107.8,8,35.0,46.8,63.0,C,7700,2,102,104,1%,10,10,11,35,33,29,46.8,41.0,30.4,51.6,21.7,18.5,2.4,42.0,5.45,43.4,32.5,5.6
43,0,Luka Doncic,,DAL,SA,-7.5,226.0,116.8,14,2.8,42.6,77.0,PG/SF,11800,3,104,110,5%,24,21,20,34,31,33,55.3,60.7,46.6,74.7,32.6,51.0,4.3,57.8,4.89,58.3,32.5,4.9
43,1,Deonte Burton,,OKC,MEM,-6.0,224.5,115.3,24,1.0,3.7,6.8,SG/SF,3000,3,106,110,4%,3,2,3,7,8,8,3.7,5.5,0.0,11.0,9.4,1.3,0.4,10.8,3.58,0.0,0.0,0.0
43,2,Buddy Hield,,SAC,MIN,-5.0,221.5,113.3,21,18.0,24.2,33.5,SG/SF,6300,2,106,109,4%,15,14,18,33,31,34,24.4,35.0,24.1,45.8,36.7,26.0,4.1,35.5,5.63,33.6,31.5,5.3
43,3,Bojan Bogdanovic,,UTA,POR,-5.0,220.5,112.8,23,29.0,36.8,48.3,SF/PF,6700,2,104,107,6%,13,16,15,33,35,34,36.6,32.0,22.1,41.8,36.5,23.5,3.5,33.0,4.93,34.6,35.0,5.2
43,4,Garrison Mathews,,WAS,DET,6.0,229.5,111.8,20,4.0,9.0,13.8,SG/SF,3400,2,102,109,8%,3,3,2,13,13,11,8.9,6.6,1.8,11.4,8.4,10.8,3.2,7.0,2.06,8.1,10.0,2.4
43,5,Damyean Dotson,,NY,BKN,8.0,224.0,108.0,13,0.0,12.6,28.5,SG/SF,3600,2,105,105,-1%,9,6,6,19,18,16,12.6,11.8,4.4,19.3,25.1,12.8,3.6,13.5,3.75,9.2,12.5,2.6
43,6,Christian Wood,Q,DET,WAS,-6.0,229.5,117.8,29,9.5,19.5,30.5,PF/C,4200,2,106,114,0%,4,6,5,5,15,15,19.4,18.1,6.0,30.2,23.5,36.8,8.8,17.8,4.23,0.0,0.0,0.0
43,7,Frank Ntilikina,,NY,BKN,8.0,224.0,108.0,22,3.8,14.3,34.3,PG/SG,3100,2,105,105,13%,5,4,6,10,16,24,14.3,16.2,5.2,27.2,14.0,6.5,2.1,9.0,2.9,10.7,15.5,3.5
44,0,Emmanuel Mudiay,,UTA,POR,-5.0,220.5,112.8,12,4.5,15.4,23.5,PG,3700,2,104,107,3%,9,6,6,22,19,17,15.4,15.2,7.9,22.5,15.6,10.8,2.9,17.0,4.59,15.5,17.5,4.2
44,1,Dillon Brooks,,MEM,OKC,6.0,224.5,109.3,1,17.0,26.4,38.3,SG/SF,5000,2,101,105,1%,12,12,13,28,29,28,26.4,25.1,16.1,34.2,25.3,12.0,2.4,22.3,4.45,24.1,28.5,4.8
44,2,Rodions Kurucs,,BKN,NY,-8.0,224.0,116.0,16,0.0,7.0,15.3,SF/PF,3000,4,101,112,10%,2,2,2,6,7,10,7.0,6.3,1.3,11.4,19.0,12.3,4.1,8.8,2.92,9.3,11.0,3.1
44,3,Bojan Bogdanovic,,UTA,POR,-5.0,220.5,112.8,23,29.0,36.8,48.3,SF/PF,6700,2,104,107,6%,13,16,15,33,35,34,36.6,32.0,22.1,41.8,36.5,23.5,3.5,33.0,4.93,34.6,35.0,5.2
44,4,Delon Wright,,DAL,SA,-7.5,226.0,116.8,14,7.0,20.6,30.3,PG/SG,3500,3,104,110,5%,5,4,6,21,17,21,20.6,20.6,10.8,30.4,20.6,30.8,8.8,16.5,4.71,17.2,17.5,4.9
44,5,Joe Ingles,,UTA,POR,-5.0,220.5,112.8,23,25.0,33.8,40.0,SG/SF,6200,2,104,107,6%,13,11,8,38,37,30,33.9,23.9,13.9,33.9,35.5,42.8,6.9,30.8,4.96,31.6,36.0,5.1
44,6,Nerlens Noel,,OKC,MEM,-6.0,224.5,115.3,14,9.3,16.8,23.3,C,4000,3,106,110,3%,6,5,5,18,18,20,16.8,21.9,14.6,29.3,16.6,17.3,4.3,18.8,4.69,21.2,19.0,5.3
44,7,Bryn Forbes,,SA,DAL,7.5,226.0,109.3,6,6.3,12.5,24.0,PG/SG,3300,2,102,106,-4%,5,7,10,22,22,26,12.4,18.9,10.2,27.6,24.5,11.5,3.5,16.8,5.08,17.5,25.0,5.3
45,0,Ja Morant,,MEM,OKC,6.0,224.5,109.3,24,21.8,31.4,38.8,PG,6900,2,101,105,-1%,14,14,15,30,31,30,31.4,34.5,24.6,44.4,26.4,20.3,2.9,33.0,4.78,34.9,31.0,5.1
45,1,CJ McCollum,,POR,UTA,5.0,220.5,107.8,15,32.5,43.5,50.8,PG/SG,6600,2,102,104,-9%,23,21,20,38,38,37,43.7,37.5,25.4,49.5,38.2,36.0,5.5,34.5,5.23,34.9,37.0,5.3
45,2,Treveon Graham,,MIN,SAC,5.0,221.5,108.3,20,-0.5,7.8,20.5,SF/PF,3600,2,99,108,4%,4,4,6,14,15,21,9.3,12.6,5.5,19.8,40.0,15.8,4.4,9.3,2.57,9.4,14.5,2.6
45,3,Markieff Morris,,DET,WAS,-6.0,229.5,117.8,29,8.0,24.8,37.5,PF/C,5400,2,106,114,0%,12,10,9,29,28,24,24.6,20.6,12.6,28.7,8.6,8.0,1.5,19.3,3.56,17.4,19.0,3.2
45,4,Seth Curry,,DAL,SA,-7.5,226.0,116.8,14,6.0,19.0,38.3,PG/SG,3600,3,104,110,3%,8,10,8,20,22,22,19.0,17.3,5.8,28.7,16.1,1.0,0.3,14.0,3.89,15.1,19.0,4.2
45,5,Joe Harris,,BKN,NY,-8.0,224.0,116.0,29,17.8,27.0,39.5,SG/SF,5700,4,101,112,3%,11,12,12,33,32,32,26.9,26.1,17.3,34.8,31.4,19.5,3.4,27.3,4.78,28.9,33.0,5.1
45,6,Brandon Clarke,,MEM,OKC,6.0,224.5,109.3,17,11.3,22.3,36.3,PF/C,5000,2,101,105,-11%,8,10,9,20,22,22,22.3,24.8,18.0,31.7,19.3,25.0,5.0,23.5,4.7,23.1,22.0,4.6
45,7,Tony Snell,,DET,WAS,-6.0,229.5,117.8,6,10.5,15.5,22.8,SG/SF,3400,2,106,114,11%,6,7,7,32,30,27,15.4,15.2,8.5,21.8,22.6,12.0,3.5,18.5,5.44,18.5,31.5,5.4
