,index,Player Name,team,Pos,Salary,Actual Min,Actual FP,Actual Val,FantasyFuelPPGProj,FantasyFuelValueProj,DFN_PPGProj,DFN_MinProj,DFN_ValueProj
0,85,Kris Dunn,CHI,PG/SG,4300,25.1,35.0,8.1,21.3,4.94,17.2,18.5,4.0
1,36,Spencer Dinwiddie,BKN,PG/SG,6000,33.4,50.8,8.5,33.5,5.58,37.0,33.0,6.2
2,23,DeMar DeRozan,SA,SG/SF,7100,33.6,53.5,7.5,36.3,5.11,34.8,34.0,4.9
3,68,Danuel House Jr.,HOU,SF/PF,3700,34.1,31.5,8.5,24.3,6.55,24.6,31.5,6.6
4,2,Luka Doncic,DAL,PG/SG,9800,35.3,78.3,8.0,59.8,6.1,60.0,35.0,6.1
5,26,Montrezl Harrell,LAC,PF/C,6200,27.6,55.0,8.9,35.5,5.73,36.2,30.5,5.8
6,17,Julius Randle,NY,PF/C,6600,31.9,51.8,7.8,39.5,5.98,36.2,33.0,5.5
7,38,Aaron Holiday,IND,PG/SG,5500,30.7,53.5,9.7,32.5,5.91,31.2,33.5,5.7
8,6,Russell Westbrook,HOU,PG,8300,34.3,68.8,8.3,49.5,5.96,47.8,34.0,5.8
9,38,Aaron Holiday,IND,PG/SG,5500,30.7,53.5,9.7,32.5,5.91,31.2,33.5,5.7
10,122,Doug McDermott,IND,SF/PF,3800,26.9,18.3,4.8,15.8,4.14,18.1,26.0,4.8
11,68,Danuel House Jr.,HOU,SF/PF,3700,34.1,31.5,8.5,24.3,6.55,24.6,31.5,6.6
12,2,Luka Doncic,DAL,PG/SG,9800,35.3,78.3,8.0,59.8,6.1,60.0,35.0,6.1
13,26,Montrezl Harrell,LAC,PF/C,6200,27.6,55.0,8.9,35.5,5.73,36.2,30.5,5.8
14,17,Julius Randle,NY,PF/C,6600,31.9,51.8,7.8,39.5,5.98,36.2,33.0,5.5
15,36,Spencer Dinwiddie,BKN,PG/SG,6000,33.4,50.8,8.5,33.5,5.58,37.0,33.0,6.2
16,38,Aaron Holiday,IND,PG/SG,5500,30.7,53.5,9.7,32.5,5.91,31.2,33.5,5.7
17,2,Luka Doncic,DAL,PG/SG,9800,35.3,78.3,8.0,59.8,6.1,60.0,35.0,6.1
18,23,DeMar DeRozan,SA,SG/SF,7100,33.6,53.5,7.5,36.3,5.11,34.8,34.0,4.9
19,17,Julius Randle,NY,PF/C,6600,31.9,51.8,7.8,39.5,5.98,36.2,33.0,5.5
20,61,Justin Holiday,IND,SG/SF,4200,32.0,33.5,8.0,25.5,6.07,23.1,34.5,5.5
21,68,Danuel House Jr.,HOU,SF/PF,3700,34.1,31.5,8.5,24.3,6.55,24.6,31.5,6.6
22,26,Montrezl Harrell,LAC,PF/C,6200,27.6,55.0,8.9,35.5,5.73,36.2,30.5,5.8
23,36,Spencer Dinwiddie,BKN,PG/SG,6000,33.4,50.8,8.5,33.5,5.58,37.0,33.0,6.2
24,2,Luka Doncic,DAL,PG/SG,9800,35.3,78.3,8.0,59.8,6.1,60.0,35.0,6.1
25,36,Spencer Dinwiddie,BKN,PG/SG,6000,33.4,50.8,8.5,33.5,5.58,37.0,33.0,6.2
26,23,DeMar DeRozan,SA,SG/SF,7100,33.6,53.5,7.5,36.3,5.11,34.8,34.0,4.9
27,132,Skal Labissiere,POR,PF/C,3300,20.3,28.5,8.6,15.0,4.55,14.0,16.5,4.2
28,38,Aaron Holiday,IND,PG/SG,5500,30.7,53.5,9.7,32.5,5.91,31.2,33.5,5.7
29,68,Danuel House Jr.,HOU,SF/PF,3700,34.1,31.5,8.5,24.3,6.55,24.6,31.5,6.6
30,26,Montrezl Harrell,LAC,PF/C,6200,27.6,55.0,8.9,35.5,5.73,36.2,30.5,5.8
31,17,Julius Randle,NY,PF/C,6600,31.9,51.8,7.8,39.5,5.98,36.2,33.0,5.5
32,36,Spencer Dinwiddie,BKN,PG/SG,6000,33.4,50.8,8.5,33.5,5.58,37.0,33.0,6.2
33,2,Luka Doncic,DAL,PG/SG,9800,35.3,78.3,8.0,59.8,6.1,60.0,35.0,6.1
34,68,Danuel House Jr.,HOU,SF/PF,3700,34.1,31.5,8.5,24.3,6.55,24.6,31.5,6.6
35,124,Chris Boucher,TOR,PF/C,3800,18.3,28.3,7.4,15.8,4.14,17.6,14.5,4.6
36,38,Aaron Holiday,IND,PG/SG,5500,30.7,53.5,9.7,32.5,5.91,31.2,33.5,5.7
37,23,DeMar DeRozan,SA,SG/SF,7100,33.6,53.5,7.5,36.3,5.11,34.8,34.0,4.9
38,17,Julius Randle,NY,PF/C,6600,31.9,51.8,7.8,39.5,5.98,36.2,33.0,5.5
39,26,Montrezl Harrell,LAC,PF/C,6200,27.6,55.0,8.9,35.5,5.73,36.2,30.5,5.8
40,36,Spencer Dinwiddie,BKN,PG/SG,6000,33.4,50.8,8.5,33.5,5.58,37.0,33.0,6.2
41,38,Aaron Holiday,IND,PG/SG,5500,30.7,53.5,9.7,32.5,5.91,31.2,33.5,5.7
42,23,DeMar DeRozan,SA,SG/SF,7100,33.6,53.5,7.5,36.3,5.11,34.8,34.0,4.9
43,68,Danuel House Jr.,HOU,SF/PF,3700,34.1,31.5,8.5,24.3,6.55,24.6,31.5,6.6
44,2,Luka Doncic,DAL,PG/SG,9800,35.3,78.3,8.0,59.8,6.1,60.0,35.0,6.1
45,26,Montrezl Harrell,LAC,PF/C,6200,27.6,55.0,8.9,35.5,5.73,36.2,30.5,5.8
46,7,Domantas Sabonis,IND,PF/C,7300,29.0,47.5,6.5,47.8,6.54,44.7,35.0,6.1
47,132,Skal Labissiere,POR,PF/C,3300,20.3,28.5,8.6,15.0,4.55,14.0,16.5,4.2
48,44,Jeff Teague,MIN,PG,5600,35.6,43.5,7.8,29.8,5.31,29.8,30.5,5.3
49,23,DeMar DeRozan,SA,SG/SF,7100,33.6,53.5,7.5,36.3,5.11,34.8,34.0,4.9
50,63,Robert Covington,MIN,SF/PF,5500,32.1,31.5,5.7,25.3,4.59,26.5,29.0,4.8
51,68,Danuel House Jr.,HOU,SF/PF,3700,34.1,31.5,8.5,24.3,6.55,24.6,31.5,6.6
52,2,Luka Doncic,DAL,PG/SG,9800,35.3,78.3,8.0,59.8,6.1,60.0,35.0,6.1
53,17,Julius Randle,NY,PF/C,6600,31.9,51.8,7.8,39.5,5.98,36.2,33.0,5.5
54,26,Montrezl Harrell,LAC,PF/C,6200,27.6,55.0,8.9,35.5,5.73,36.2,30.5,5.8
55,38,Aaron Holiday,IND,PG/SG,5500,30.7,53.5,9.7,32.5,5.91,31.2,33.5,5.7
56,36,Spencer Dinwiddie,BKN,PG/SG,6000,33.4,50.8,8.5,33.5,5.58,37.0,33.0,6.2
57,38,Aaron Holiday,IND,PG/SG,5500,30.7,53.5,9.7,32.5,5.91,31.2,33.5,5.7
58,112,Nassir Little,POR,SF/PF,3300,29.2,23.8,7.2,17.8,5.38,20.4,27.5,6.2
59,68,Danuel House Jr.,HOU,SF/PF,3700,34.1,31.5,8.5,24.3,6.55,24.6,31.5,6.6
60,2,Luka Doncic,DAL,PG/SG,9800,35.3,78.3,8.0,59.8,6.1,60.0,35.0,6.1
61,26,Montrezl Harrell,LAC,PF/C,6200,27.6,55.0,8.9,35.5,5.73,36.2,30.5,5.8
62,17,Julius Randle,NY,PF/C,6600,31.9,51.8,7.8,39.5,5.98,36.2,33.0,5.5
63,23,DeMar DeRozan,SA,SG/SF,7100,33.6,53.5,7.5,36.3,5.11,34.8,34.0,4.9
64,38,Aaron Holiday,IND,PG/SG,5500,30.7,53.5,9.7,32.5,5.91,31.2,33.5,5.7
65,2,Luka Doncic,DAL,PG/SG,9800,35.3,78.3,8.0,59.8,6.1,60.0,35.0,6.1
66,68,Danuel House Jr.,HOU,SF/PF,3700,34.1,31.5,8.5,24.3,6.55,24.6,31.5,6.6
67,17,Julius Randle,NY,PF/C,6600,31.9,51.8,7.8,39.5,5.98,36.2,33.0,5.5
68,36,Spencer Dinwiddie,BKN,PG/SG,6000,33.4,50.8,8.5,33.5,5.58,37.0,33.0,6.2
69,23,DeMar DeRozan,SA,SG/SF,7100,33.6,53.5,7.5,36.3,5.11,34.8,34.0,4.9
70,26,Montrezl Harrell,LAC,PF/C,6200,27.6,55.0,8.9,35.5,5.73,36.2,30.5,5.8
71,165,Naz Mitrou-Long,IND,PG/SG,3100,25.6,22.8,7.4,6.3,2.02,11.2,14.5,3.6
72,38,Aaron Holiday,IND,PG/SG,5500,30.7,53.5,9.7,32.5,5.91,31.2,33.5,5.7
73,85,Kris Dunn,CHI,PG/SG,4300,25.1,35.0,8.1,21.3,4.94,17.2,18.5,4.0
74,23,DeMar DeRozan,SA,SG/SF,7100,33.6,53.5,7.5,36.3,5.11,34.8,34.0,4.9
75,17,Julius Randle,NY,PF/C,6600,31.9,51.8,7.8,39.5,5.98,36.2,33.0,5.5
76,2,Luka Doncic,DAL,PG/SG,9800,35.3,78.3,8.0,59.8,6.1,60.0,35.0,6.1
77,133,Jeff Green,UTA,SF/PF,3300,17.9,19.0,5.8,14.8,4.47,13.7,19.0,4.2
78,26,Montrezl Harrell,LAC,PF/C,6200,27.6,55.0,8.9,35.5,5.73,36.2,30.5,5.8
79,36,Spencer Dinwiddie,BKN,PG/SG,6000,33.4,50.8,8.5,33.5,5.58,37.0,33.0,6.2
80,38,Aaron Holiday,IND,PG/SG,5500,30.7,53.5,9.7,32.5,5.91,31.2,33.5,5.7
81,61,Justin Holiday,IND,SG/SF,4200,32.0,33.5,8.0,25.5,6.07,23.1,34.5,5.5
82,23,DeMar DeRozan,SA,SG/SF,7100,33.6,53.5,7.5,36.3,5.11,34.8,34.0,4.9
83,26,Montrezl Harrell,LAC,PF/C,6200,27.6,55.0,8.9,35.5,5.73,36.2,30.5,5.8
84,44,Jeff Teague,MIN,PG,5600,35.6,43.5,7.8,29.8,5.31,29.8,30.5,5.3
85,7,Domantas Sabonis,IND,PF/C,7300,29.0,47.5,6.5,47.8,6.54,44.7,35.0,6.1
86,99,Nerlens Noel,OKC,C,4100,20.8,31.5,7.7,19.5,4.76,19.0,18.0,4.6
87,2,Luka Doncic,DAL,PG/SG,9800,35.3,78.3,8.0,59.8,6.1,60.0,35.0,6.1
88,2,Luka Doncic,DAL,PG/SG,9800,35.3,78.3,8.0,59.8,6.1,60.0,35.0,6.1
89,36,Spencer Dinwiddie,BKN,PG/SG,6000,33.4,50.8,8.5,33.5,5.58,37.0,33.0,6.2
90,23,DeMar DeRozan,SA,SG/SF,7100,33.6,53.5,7.5,36.3,5.11,34.8,34.0,4.9
91,68,Danuel House Jr.,HOU,SF/PF,3700,34.1,31.5,8.5,24.3,6.55,24.6,31.5,6.6
92,86,Patrick Beverley,LAC,PG/SG,4400,34.5,21.5,4.9,21.3,4.83,25.1,30.0,5.7
93,26,Montrezl Harrell,LAC,PF/C,6200,27.6,55.0,8.9,35.5,5.73,36.2,30.5,5.8
94,17,Julius Randle,NY,PF/C,6600,31.9,51.8,7.8,39.5,5.98,36.2,33.0,5.5
95,38,Aaron Holiday,IND,PG/SG,5500,30.7,53.5,9.7,32.5,5.91,31.2,33.5,5.7
96,2,Luka Doncic,DAL,PG/SG,9800,35.3,78.3,8.0,59.8,6.1,60.0,35.0,6.1
97,23,DeMar DeRozan,SA,SG/SF,7100,33.6,53.5,7.5,36.3,5.11,34.8,34.0,4.9
98,61,Justin Holiday,IND,SG/SF,4200,32.0,33.5,8.0,25.5,6.07,23.1,34.5,5.5
99,17,Julius Randle,NY,PF/C,6600,31.9,51.8,7.8,39.5,5.98,36.2,33.0,5.5
100,44,Jeff Teague,MIN,PG,5600,35.6,43.5,7.8,29.8,5.31,29.8,30.5,5.3
101,106,Sterling Brown,MIL,SG/SF,3900,24.5,26.3,6.7,18.5,4.74,18.1,20.0,4.6
102,26,Montrezl Harrell,LAC,PF/C,6200,27.6,55.0,8.9,35.5,5.73,36.2,30.5,5.8
103,36,Spencer Dinwiddie,BKN,PG/SG,6000,33.4,50.8,8.5,33.5,5.58,37.0,33.0,6.2
104,38,Aaron Holiday,IND,PG/SG,5500,30.7,53.5,9.7,32.5,5.91,31.2,33.5,5.7
105,23,DeMar DeRozan,SA,SG/SF,7100,33.6,53.5,7.5,36.3,5.11,34.8,34.0,4.9
106,49,Marcus Morris,NY,SF/PF,5900,33.9,38.0,6.4,28.8,4.87,28.8,32.5,4.9
107,63,Robert Covington,MIN,SF/PF,5500,32.1,31.5,5.7,25.3,4.59,26.5,29.0,4.8
108,36,Spencer Dinwiddie,BKN,PG/SG,6000,33.4,50.8,8.5,33.5,5.58,37.0,33.0,6.2
109,68,Danuel House Jr.,HOU,SF/PF,3700,34.1,31.5,8.5,24.3,6.55,24.6,31.5,6.6
110,26,Montrezl Harrell,LAC,PF/C,6200,27.6,55.0,8.9,35.5,5.73,36.2,30.5,5.8
111,2,Luka Doncic,DAL,PG/SG,9800,35.3,78.3,8.0,59.8,6.1,60.0,35.0,6.1
112,38,Aaron Holiday,IND,PG/SG,5500,30.7,53.5,9.7,32.5,5.91,31.2,33.5,5.7
113,36,Spencer Dinwiddie,BKN,PG/SG,6000,33.4,50.8,8.5,33.5,5.58,37.0,33.0,6.2
114,23,DeMar DeRozan,SA,SG/SF,7100,33.6,53.5,7.5,36.3,5.11,34.8,34.0,4.9
115,65,Cedi Osman,CLE,SF/PF,4100,22.2,16.5,4.0,24.3,5.91,22.7,34.0,5.5
116,2,Luka Doncic,DAL,PG/SG,9800,35.3,78.3,8.0,59.8,6.1,60.0,35.0,6.1
117,68,Danuel House Jr.,HOU,SF/PF,3700,34.1,31.5,8.5,24.3,6.55,24.6,31.5,6.6
118,26,Montrezl Harrell,LAC,PF/C,6200,27.6,55.0,8.9,35.5,5.73,36.2,30.5,5.8
119,17,Julius Randle,NY,PF/C,6600,31.9,51.8,7.8,39.5,5.98,36.2,33.0,5.5
120,36,Spencer Dinwiddie,BKN,PG/SG,6000,33.4,50.8,8.5,33.5,5.58,37.0,33.0,6.2
121,2,Luka Doncic,DAL,PG/SG,9800,35.3,78.3,8.0,59.8,6.1,60.0,35.0,6.1
122,68,Danuel House Jr.,HOU,SF/PF,3700,34.1,31.5,8.5,24.3,6.55,24.6,31.5,6.6
123,26,Montrezl Harrell,LAC,PF/C,6200,27.6,55.0,8.9,35.5,5.73,36.2,30.5,5.8
124,29,Chris Paul,OKC,PG,6600,33.3,41.5,6.3,34.8,5.27,33.1,30.5,5.0
125,17,Julius Randle,NY,PF/C,6600,31.9,51.8,7.8,39.5,5.98,36.2,33.0,5.5
126,132,Skal Labissiere,POR,PF/C,3300,20.3,28.5,8.6,15.0,4.55,14.0,16.5,4.2
127,23,DeMar DeRozan,SA,SG/SF,7100,33.6,53.5,7.5,36.3,5.11,34.8,34.0,4.9
128,85,Kris Dunn,CHI,PG/SG,4300,25.1,35.0,8.1,21.3,4.94,17.2,18.5,4.0
129,2,Luka Doncic,DAL,PG/SG,9800,35.3,78.3,8.0,59.8,6.1,60.0,35.0,6.1
130,68,Danuel House Jr.,HOU,SF/PF,3700,34.1,31.5,8.5,24.3,6.55,24.6,31.5,6.6
131,13,Kristaps Porzingis,DAL,PF/C,7500,31.6,34.5,4.6,40.8,5.43,40.4,33.0,5.4
132,38,Aaron Holiday,IND,PG/SG,5500,30.7,53.5,9.7,32.5,5.91,31.2,33.5,5.7
133,17,Julius Randle,NY,PF/C,6600,31.9,51.8,7.8,39.5,5.98,36.2,33.0,5.5
134,26,Montrezl Harrell,LAC,PF/C,6200,27.6,55.0,8.9,35.5,5.73,36.2,30.5,5.8
135,36,Spencer Dinwiddie,BKN,PG/SG,6000,33.4,50.8,8.5,33.5,5.58,37.0,33.0,6.2
136,36,Spencer Dinwiddie,BKN,PG/SG,6000,33.4,50.8,8.5,33.5,5.58,37.0,33.0,6.2
137,107,Kent Bazemore,POR,SG/SF,3900,21.5,28.5,7.3,18.3,4.68,17.4,21.5,4.5
138,23,DeMar DeRozan,SA,SG/SF,7100,33.6,53.5,7.5,36.3,5.11,34.8,34.0,4.9
139,122,Doug McDermott,IND,SF/PF,3800,26.9,18.3,4.8,15.8,4.14,18.1,26.0,4.8
140,2,Luka Doncic,DAL,PG/SG,9800,35.3,78.3,8.0,59.8,6.1,60.0,35.0,6.1
141,17,Julius Randle,NY,PF/C,6600,31.9,51.8,7.8,39.5,5.98,36.2,33.0,5.5
142,26,Montrezl Harrell,LAC,PF/C,6200,27.6,55.0,8.9,35.5,5.73,36.2,30.5,5.8
143,38,Aaron Holiday,IND,PG/SG,5500,30.7,53.5,9.7,32.5,5.91,31.2,33.5,5.7
144,85,Kris Dunn,CHI,PG/SG,4300,25.1,35.0,8.1,21.3,4.94,17.2,18.5,4.0
145,23,DeMar DeRozan,SA,SG/SF,7100,33.6,53.5,7.5,36.3,5.11,34.8,34.0,4.9
146,68,Danuel House Jr.,HOU,SF/PF,3700,34.1,31.5,8.5,24.3,6.55,24.6,31.5,6.6
147,17,Julius Randle,NY,PF/C,6600,31.9,51.8,7.8,39.5,5.98,36.2,33.0,5.5
148,36,Spencer Dinwiddie,BKN,PG/SG,6000,33.4,50.8,8.5,33.5,5.58,37.0,33.0,6.2
149,26,Montrezl Harrell,LAC,PF/C,6200,27.6,55.0,8.9,35.5,5.73,36.2,30.5,5.8
150,9,Clint Capela,HOU,C,7700,35.1,58.0,7.5,41.8,5.42,43.1,33.0,5.6
151,38,Aaron Holiday,IND,PG/SG,5500,30.7,53.5,9.7,32.5,5.91,31.2,33.5,5.7
152,2,Luka Doncic,DAL,PG/SG,9800,35.3,78.3,8.0,59.8,6.1,60.0,35.0,6.1
153,38,Aaron Holiday,IND,PG/SG,5500,30.7,53.5,9.7,32.5,5.91,31.2,33.5,5.7
154,23,DeMar DeRozan,SA,SG/SF,7100,33.6,53.5,7.5,36.3,5.11,34.8,34.0,4.9
155,17,Julius Randle,NY,PF/C,6600,31.9,51.8,7.8,39.5,5.98,36.2,33.0,5.5
156,36,Spencer Dinwiddie,BKN,PG/SG,6000,33.4,50.8,8.5,33.5,5.58,37.0,33.0,6.2
157,68,Danuel House Jr.,HOU,SF/PF,3700,34.1,31.5,8.5,24.3,6.55,24.6,31.5,6.6
158,26,Montrezl Harrell,LAC,PF/C,6200,27.6,55.0,8.9,35.5,5.73,36.2,30.5,5.8
159,138,Marco Belinelli,SA,SG/SF,3100,19.0,13.8,4.5,13.8,4.44,11.6,16.5,3.7
160,38,Aaron Holiday,IND,PG/SG,5500,30.7,53.5,9.7,32.5,5.91,31.2,33.5,5.7
161,2,Luka Doncic,DAL,PG/SG,9800,35.3,78.3,8.0,59.8,6.1,60.0,35.0,6.1
162,23,DeMar DeRozan,SA,SG/SF,7100,33.6,53.5,7.5,36.3,5.11,34.8,34.0,4.9
163,68,Danuel House Jr.,HOU,SF/PF,3700,34.1,31.5,8.5,24.3,6.55,24.6,31.5,6.6
164,36,Spencer Dinwiddie,BKN,PG/SG,6000,33.4,50.8,8.5,33.5,5.58,37.0,33.0,6.2
165,137,Ben McLemore,HOU,SG/SF,4900,26.2,12.0,2.4,14.0,2.86,15.0,23.0,3.1
166,26,Montrezl Harrell,LAC,PF/C,6200,27.6,55.0,8.9,35.5,5.73,36.2,30.5,5.8
167,17,Julius Randle,NY,PF/C,6600,31.9,51.8,7.8,39.5,5.98,36.2,33.0,5.5
168,36,Spencer Dinwiddie,BKN,PG/SG,6000,33.4,50.8,8.5,33.5,5.58,37.0,33.0,6.2
169,38,Aaron Holiday,IND,PG/SG,5500,30.7,53.5,9.7,32.5,5.91,31.2,33.5,5.7
170,61,Justin Holiday,IND,SG/SF,4200,32.0,33.5,8.0,25.5,6.07,23.1,34.5,5.5
171,122,Doug McDermott,IND,SF/PF,3800,26.9,18.3,4.8,15.8,4.14,18.1,26.0,4.8
172,2,Luka Doncic,DAL,PG/SG,9800,35.3,78.3,8.0,59.8,6.1,60.0,35.0,6.1
173,17,Julius Randle,NY,PF/C,6600,31.9,51.8,7.8,39.5,5.98,36.2,33.0,5.5
174,3,Karl-Anthony Towns,MIN,C,10200,33.4,63.3,6.2,53.5,5.25,54.3,34.0,5.3
175,68,Danuel House Jr.,HOU,SF/PF,3700,34.1,31.5,8.5,24.3,6.55,24.6,31.5,6.6
176,36,Spencer Dinwiddie,BKN,PG/SG,6000,33.4,50.8,8.5,33.5,5.58,37.0,33.0,6.2
177,38,Aaron Holiday,IND,PG/SG,5500,30.7,53.5,9.7,32.5,5.91,31.2,33.5,5.7
178,67,Rudy Gay,SA,SF/PF,5000,17.7,22.8,4.6,24.3,4.85,24.0,23.5,4.8
179,26,Montrezl Harrell,LAC,PF/C,6200,27.6,55.0,8.9,35.5,5.73,36.2,30.5,5.8
180,2,Luka Doncic,DAL,PG/SG,9800,35.3,78.3,8.0,59.8,6.1,60.0,35.0,6.1
181,68,Danuel House Jr.,HOU,SF/PF,3700,34.1,31.5,8.5,24.3,6.55,24.6,31.5,6.6
182,159,Goga Bitadze,IND,PF/C,3500,16.1,19.3,5.5,9.0,2.57,11.8,12.0,3.4
183,6,Russell Westbrook,HOU,PG,8300,34.3,68.8,8.3,49.5,5.96,47.8,34.0,5.8
184,2,Luka Doncic,DAL,PG/SG,9800,35.3,78.3,8.0,59.8,6.1,60.0,35.0,6.1
185,36,Spencer Dinwiddie,BKN,PG/SG,6000,33.4,50.8,8.5,33.5,5.58,37.0,33.0,6.2
186,37,T.J. Warren,IND,SF/PF,5700,37.5,29.5,5.2,32.5,5.7,29.3,34.0,5.1
187,68,Danuel House Jr.,HOU,SF/PF,3700,34.1,31.5,8.5,24.3,6.55,24.6,31.5,6.6
188,85,Kris Dunn,CHI,PG/SG,4300,25.1,35.0,8.1,21.3,4.94,17.2,18.5,4.0
189,17,Julius Randle,NY,PF/C,6600,31.9,51.8,7.8,39.5,5.98,36.2,33.0,5.5
190,7,Domantas Sabonis,IND,PF/C,7300,29.0,47.5,6.5,47.8,6.54,44.7,35.0,6.1
191,38,Aaron Holiday,IND,PG/SG,5500,30.7,53.5,9.7,32.5,5.91,31.2,33.5,5.7
192,2,Luka Doncic,DAL,PG/SG,9800,35.3,78.3,8.0,59.8,6.1,60.0,35.0,6.1
193,100,George Hill,MIL,PG/SG,3700,26.8,24.5,6.6,19.0,5.14,18.5,23.5,5.0
194,23,DeMar DeRozan,SA,SG/SF,7100,33.6,53.5,7.5,36.3,5.11,34.8,34.0,4.9
195,7,Domantas Sabonis,IND,PF/C,7300,29.0,47.5,6.5,47.8,6.54,44.7,35.0,6.1
196,36,Spencer Dinwiddie,BKN,PG/SG,6000,33.4,50.8,8.5,33.5,5.58,37.0,33.0,6.2
197,138,Marco Belinelli,SA,SG/SF,3100,19.0,13.8,4.5,13.8,4.44,11.6,16.5,3.7
198,26,Montrezl Harrell,LAC,PF/C,6200,27.6,55.0,8.9,35.5,5.73,36.2,30.5,5.8
199,38,Aaron Holiday,IND,PG/SG,5500,30.7,53.5,9.7,32.5,5.91,31.2,33.5,5.7
200,2,Luka Doncic,DAL,PG/SG,9800,35.3,78.3,8.0,59.8,6.1,60.0,35.0,6.1
201,36,Spencer Dinwiddie,BKN,PG/SG,6000,33.4,50.8,8.5,33.5,5.58,37.0,33.0,6.2
202,23,DeMar DeRozan,SA,SG/SF,7100,33.6,53.5,7.5,36.3,5.11,34.8,34.0,4.9
203,132,Skal Labissiere,POR,PF/C,3300,20.3,28.5,8.6,15.0,4.55,14.0,16.5,4.2
204,12,Devin Booker,PHO,PG/SG,8000,34.1,25.8,3.2,41.3,5.16,42.8,34.5,5.3
205,68,Danuel House Jr.,HOU,SF/PF,3700,34.1,31.5,8.5,24.3,6.55,24.6,31.5,6.6
206,26,Montrezl Harrell,LAC,PF/C,6200,27.6,55.0,8.9,35.5,5.73,36.2,30.5,5.8
207,38,Aaron Holiday,IND,PG/SG,5500,30.7,53.5,9.7,32.5,5.91,31.2,33.5,5.7
208,36,Spencer Dinwiddie,BKN,PG/SG,6000,33.4,50.8,8.5,33.5,5.58,37.0,33.0,6.2
209,2,Luka Doncic,DAL,PG/SG,9800,35.3,78.3,8.0,59.8,6.1,60.0,35.0,6.1
210,133,Jeff Green,UTA,SF/PF,3300,17.9,19.0,5.8,14.8,4.47,13.7,19.0,4.2
211,171,Isaiah Hartenstein,HOU,PF/C,3700,12.8,13.3,3.6,3.5,0.95,9.1,10.5,2.5
212,23,DeMar DeRozan,SA,SG/SF,7100,33.6,53.5,7.5,36.3,5.11,34.8,34.0,4.9
213,26,Montrezl Harrell,LAC,PF/C,6200,27.6,55.0,8.9,35.5,5.73,36.2,30.5,5.8
214,17,Julius Randle,NY,PF/C,6600,31.9,51.8,7.8,39.5,5.98,36.2,33.0,5.5
215,38,Aaron Holiday,IND,PG/SG,5500,30.7,53.5,9.7,32.5,5.91,31.2,33.5,5.7
216,38,Aaron Holiday,IND,PG/SG,5500,30.7,53.5,9.7,32.5,5.91,31.2,33.5,5.7
217,2,Luka Doncic,DAL,PG/SG,9800,35.3,78.3,8.0,59.8,6.1,60.0,35.0,6.1
218,23,DeMar DeRozan,SA,SG/SF,7100,33.6,53.5,7.5,36.3,5.11,34.8,34.0,4.9
219,41,Danilo Gallinari,OKC,SF/PF,6500,31.7,22.8,3.5,30.5,4.69,31.8,30.0,4.9
220,36,Spencer Dinwiddie,BKN,PG/SG,6000,33.4,50.8,8.5,33.5,5.58,37.0,33.0,6.2
221,26,Montrezl Harrell,LAC,PF/C,6200,27.6,55.0,8.9,35.5,5.73,36.2,30.5,5.8
222,132,Skal Labissiere,POR,PF/C,3300,20.3,28.5,8.6,15.0,4.55,14.0,16.5,4.2
223,68,Danuel House Jr.,HOU,SF/PF,3700,34.1,31.5,8.5,24.3,6.55,24.6,31.5,6.6
224,36,Spencer Dinwiddie,BKN,PG/SG,6000,33.4,50.8,8.5,33.5,5.58,37.0,33.0,6.2
225,38,Aaron Holiday,IND,PG/SG,5500,30.7,53.5,9.7,32.5,5.91,31.2,33.5,5.7
226,23,DeMar DeRozan,SA,SG/SF,7100,33.6,53.5,7.5,36.3,5.11,34.8,34.0,4.9
227,7,Domantas Sabonis,IND,PF/C,7300,29.0,47.5,6.5,47.8,6.54,44.7,35.0,6.1
228,44,Jeff Teague,MIN,PG,5600,35.6,43.5,7.8,29.8,5.31,29.8,30.5,5.3
229,17,Julius Randle,NY,PF/C,6600,31.9,51.8,7.8,39.5,5.98,36.2,33.0,5.5
230,99,Nerlens Noel,OKC,C,4100,20.8,31.5,7.7,19.5,4.76,19.0,18.0,4.6
231,19,Fred VanVleet,TOR,PG/SG,7400,30.8,36.0,4.9,38.5,5.2,39.2,38.5,5.3
232,38,Aaron Holiday,IND,PG/SG,5500,30.7,53.5,9.7,32.5,5.91,31.2,33.5,5.7
233,90,Bryn Forbes,SA,PG/SG,4400,31.1,18.5,4.2,20.8,4.72,21.2,27.5,4.8
234,67,Rudy Gay,SA,SF/PF,5000,17.7,22.8,4.6,24.3,4.85,24.0,23.5,4.8
235,159,Goga Bitadze,IND,PF/C,3500,16.1,19.3,5.5,9.0,2.57,11.8,12.0,3.4
236,6,Russell Westbrook,HOU,PG,8300,34.3,68.8,8.3,49.5,5.96,47.8,34.0,5.8
237,26,Montrezl Harrell,LAC,PF/C,6200,27.6,55.0,8.9,35.5,5.73,36.2,30.5,5.8
238,17,Julius Randle,NY,PF/C,6600,31.9,51.8,7.8,39.5,5.98,36.2,33.0,5.5
239,2,Luka Doncic,DAL,PG/SG,9800,35.3,78.3,8.0,59.8,6.1,60.0,35.0,6.1
240,2,Luka Doncic,DAL,PG/SG,9800,35.3,78.3,8.0,59.8,6.1,60.0,35.0,6.1
241,36,Spencer Dinwiddie,BKN,PG/SG,6000,33.4,50.8,8.5,33.5,5.58,37.0,33.0,6.2
242,23,DeMar DeRozan,SA,SG/SF,7100,33.6,53.5,7.5,36.3,5.11,34.8,34.0,4.9
243,17,Julius Randle,NY,PF/C,6600,31.9,51.8,7.8,39.5,5.98,36.2,33.0,5.5
244,38,Aaron Holiday,IND,PG/SG,5500,30.7,53.5,9.7,32.5,5.91,31.2,33.5,5.7
245,148,Terrance Ferguson,OKC,SG/SF,3700,35.4,17.8,4.8,12.0,3.24,14.2,28.5,3.8
246,132,Skal Labissiere,POR,PF/C,3300,20.3,28.5,8.6,15.0,4.55,14.0,16.5,4.2
247,68,Danuel House Jr.,HOU,SF/PF,3700,34.1,31.5,8.5,24.3,6.55,24.6,31.5,6.6
248,6,Russell Westbrook,HOU,PG,8300,34.3,68.8,8.3,49.5,5.96,47.8,34.0,5.8
249,23,DeMar DeRozan,SA,SG/SF,7100,33.6,53.5,7.5,36.3,5.11,34.8,34.0,4.9
250,37,T.J. Warren,IND,SF/PF,5700,37.5,29.5,5.2,32.5,5.7,29.3,34.0,5.1
251,68,Danuel House Jr.,HOU,SF/PF,3700,34.1,31.5,8.5,24.3,6.55,24.6,31.5,6.6
252,2,Luka Doncic,DAL,PG/SG,9800,35.3,78.3,8.0,59.8,6.1,60.0,35.0,6.1
253,66,Rondae Hollis-Jefferson,TOR,SF/PF,4700,20.2,28.0,6.0,24.3,5.16,23.4,23.0,5.0
254,132,Skal Labissiere,POR,PF/C,3300,20.3,28.5,8.6,15.0,4.55,14.0,16.5,4.2
255,7,Domantas Sabonis,IND,PF/C,7300,29.0,47.5,6.5,47.8,6.54,44.7,35.0,6.1
256,19,Fred VanVleet,TOR,PG/SG,7400,30.8,36.0,4.9,38.5,5.2,39.2,38.5,5.3
257,100,George Hill,MIL,PG/SG,3700,26.8,24.5,6.6,19.0,5.14,18.5,23.5,5.0
258,68,Danuel House Jr.,HOU,SF/PF,3700,34.1,31.5,8.5,24.3,6.55,24.6,31.5,6.6
259,143,Ersan Ilyasova,MIL,PF/C,3100,15.3,16.0,5.2,13.0,4.19,12.8,14.0,4.1
260,36,Spencer Dinwiddie,BKN,PG/SG,6000,33.4,50.8,8.5,33.5,5.58,37.0,33.0,6.2
261,17,Julius Randle,NY,PF/C,6600,31.9,51.8,7.8,39.5,5.98,36.2,33.0,5.5
262,3,Karl-Anthony Towns,MIN,C,10200,33.4,63.3,6.2,53.5,5.25,54.3,34.0,5.3
263,14,Lou Williams,LAC,PG/SG,7400,32.4,27.3,3.7,40.0,5.41,38.7,32.0,5.2
264,36,Spencer Dinwiddie,BKN,PG/SG,6000,33.4,50.8,8.5,33.5,5.58,37.0,33.0,6.2
265,14,Lou Williams,LAC,PG/SG,7400,32.4,27.3,3.7,40.0,5.41,38.7,32.0,5.2
266,113,Wesley Matthews,MIL,SG/SF,3700,17.3,3.8,1.0,17.3,4.66,15.8,25.0,4.3
267,68,Danuel House Jr.,HOU,SF/PF,3700,34.1,31.5,8.5,24.3,6.55,24.6,31.5,6.6
268,23,DeMar DeRozan,SA,SG/SF,7100,33.6,53.5,7.5,36.3,5.11,34.8,34.0,4.9
269,171,Isaiah Hartenstein,HOU,PF/C,3700,12.8,13.3,3.6,3.5,0.95,9.1,10.5,2.5
270,26,Montrezl Harrell,LAC,PF/C,6200,27.6,55.0,8.9,35.5,5.73,36.2,30.5,5.8
271,17,Julius Randle,NY,PF/C,6600,31.9,51.8,7.8,39.5,5.98,36.2,33.0,5.5
272,29,Chris Paul,OKC,PG,6600,33.3,41.5,6.3,34.8,5.27,33.1,30.5,5.0
273,2,Luka Doncic,DAL,PG/SG,9800,35.3,78.3,8.0,59.8,6.1,60.0,35.0,6.1
274,63,Robert Covington,MIN,SF/PF,5500,32.1,31.5,5.7,25.3,4.59,26.5,29.0,4.8
275,68,Danuel House Jr.,HOU,SF/PF,3700,34.1,31.5,8.5,24.3,6.55,24.6,31.5,6.6
276,169,Elie Okobo,PHO,PG/SG,3000,8.1,5.5,1.8,5.0,1.67,0.0,0.0,0.0
277,17,Julius Randle,NY,PF/C,6600,31.9,51.8,7.8,39.5,5.98,36.2,33.0,5.5
278,132,Skal Labissiere,POR,PF/C,3300,20.3,28.5,8.6,15.0,4.55,14.0,16.5,4.2
279,171,Isaiah Hartenstein,HOU,PF/C,3700,12.8,13.3,3.6,3.5,0.95,9.1,10.5,2.5
280,100,George Hill,MIL,PG/SG,3700,26.8,24.5,6.6,19.0,5.14,18.5,23.5,5.0
281,36,Spencer Dinwiddie,BKN,PG/SG,6000,33.4,50.8,8.5,33.5,5.58,37.0,33.0,6.2
282,23,DeMar DeRozan,SA,SG/SF,7100,33.6,53.5,7.5,36.3,5.11,34.8,34.0,4.9
283,133,Jeff Green,UTA,SF/PF,3300,17.9,19.0,5.8,14.8,4.47,13.7,19.0,4.2
284,19,Fred VanVleet,TOR,PG/SG,7400,30.8,36.0,4.9,38.5,5.2,39.2,38.5,5.3
285,143,Ersan Ilyasova,MIL,PF/C,3100,15.3,16.0,5.2,13.0,4.19,12.8,14.0,4.1
286,80,Maxi Kleber,DAL,PF/C,4200,28.5,18.5,4.4,22.0,5.24,21.2,26.0,5.0
287,17,Julius Randle,NY,PF/C,6600,31.9,51.8,7.8,39.5,5.98,36.2,33.0,5.5
288,19,Fred VanVleet,TOR,PG/SG,7400,30.8,36.0,4.9,38.5,5.2,39.2,38.5,5.3
289,127,Tyler Johnson,PHO,PG/SG,3200,24.6,16.5,5.2,15.5,4.84,18.1,23.0,5.7
290,37,T.J. Warren,IND,SF/PF,5700,37.5,29.5,5.2,32.5,5.7,29.3,34.0,5.1
291,17,Julius Randle,NY,PF/C,6600,31.9,51.8,7.8,39.5,5.98,36.2,33.0,5.5
292,48,Collin Sexton,CLE,PG/SG,5700,25.8,18.8,3.3,28.8,5.04,28.3,31.5,5.0
293,141,Alfonzo McKinnie,CLE,SF/PF,3000,29.7,24.0,8.0,13.3,4.42,13.5,18.5,4.5
294,99,Nerlens Noel,OKC,C,4100,20.8,31.5,7.7,19.5,4.76,19.0,18.0,4.6
295,24,Eric Bledsoe,MIL,PG,7200,29.0,27.0,3.8,36.0,5.0,36.9,30.0,5.1
296,131,Ryan Arcidiacono,CHI,PG/SG,3300,27.3,21.8,6.6,15.0,4.55,13.0,18.0,3.9
297,128,Kevin Porter Jr.,CLE,SG/SF,3300,31.4,28.0,8.5,15.3,4.62,19.1,26.5,5.8
298,61,Justin Holiday,IND,SG/SF,4200,32.0,33.5,8.0,25.5,6.07,23.1,34.5,5.5
299,4,Pascal Siakam,TOR,PF/C,9000,34.7,43.0,4.8,53.5,5.94,52.2,39.0,5.8
300,123,Terence Davis,TOR,SG/SF,3500,20.7,30.8,8.8,15.8,4.5,15.6,18.0,4.5
301,116,Taj Gibson,NY,PF/C,4200,15.8,18.5,4.4,16.5,3.93,15.3,16.5,3.6
302,143,Ersan Ilyasova,MIL,PF/C,3100,15.3,16.0,5.2,13.0,4.19,12.8,14.0,4.1
303,49,Marcus Morris,NY,SF/PF,5900,33.9,38.0,6.4,28.8,4.87,28.8,32.5,4.9
304,44,Jeff Teague,MIN,PG,5600,35.6,43.5,7.8,29.8,5.31,29.8,30.5,5.3
305,25,CJ McCollum,POR,PG/SG,7300,37.0,41.3,5.7,36.0,4.93,36.3,36.5,5.0
306,111,Cameron Johnson,PHO,SF/PF,3800,23.8,17.8,4.7,17.8,4.67,18.3,24.0,4.8
307,20,Jayson Tatum,BOS,SF/PF,7600,27.0,47.3,6.2,38.3,5.03,37.4,34.5,4.9
308,19,Fred VanVleet,TOR,PG/SG,7400,30.8,36.0,4.9,38.5,5.2,39.2,38.5,5.3
309,172,Brian Bowen II,IND,SG/SF,3000,2.3,2.0,0.7,3.3,1.08,0.0,0.0,0.0
310,46,Wendell Carter Jr.,CHI,PF/C,6000,27.5,17.5,2.9,29.0,4.83,32.7,31.0,5.5
311,65,Cedi Osman,CLE,SF/PF,4100,22.2,16.5,4.0,24.3,5.91,22.7,34.0,5.5
312,52,Coby White,CHI,PG/SG,5300,24.6,24.8,4.7,27.5,5.19,27.7,29.0,5.2
313,23,DeMar DeRozan,SA,SG/SF,7100,33.6,53.5,7.5,36.3,5.11,34.8,34.0,4.9
314,82,Rodney Hood,POR,SG/SF,4700,32.4,10.0,2.1,21.8,4.63,21.6,31.5,4.6
315,67,Rudy Gay,SA,SF/PF,5000,17.7,22.8,4.6,24.3,4.85,24.0,23.5,4.8
316,113,Wesley Matthews,MIL,SG/SF,3700,17.3,3.8,1.0,17.3,4.66,15.8,25.0,4.3
317,96,Nicolas Batum,CHA,SG/SF,4300,24.9,18.0,4.2,19.8,4.59,20.3,24.0,4.7
318,80,Maxi Kleber,DAL,PF/C,4200,28.5,18.5,4.4,22.0,5.24,21.2,26.0,5.0
319,101,Dzanan Musa,BKN,SF/PF,3600,15.7,6.5,1.8,18.8,5.21,22.1,24.5,6.1
320,34,Terry Rozier,CHA,PG,6300,26.4,18.3,2.9,34.0,5.4,34.3,34.5,5.4
321,48,Collin Sexton,CLE,PG/SG,5700,25.8,18.8,3.3,28.8,5.04,28.3,31.5,5.0
322,153,Cody Martin,CHA,SG/SF,3200,10.0,8.0,2.5,10.8,3.36,0.0,0.0,0.0
323,136,TJ Leaf,IND,PF/C,3100,7.5,5.0,1.6,14.0,4.52,0.0,0.0,0.0
324,130,Pat Connaughton,MIL,SG/SF,3400,12.8,4.0,1.2,15.3,4.49,13.6,15.0,4.0
325,0,Giannis Antetokounmpo,MIL,SF/PF,11300,33.7,55.0,4.9,68.8,6.08,69.5,34.5,6.2
326,76,Enes Kanter,BOS,C,4000,5.4,8.5,2.1,22.3,5.56,20.7,18.0,5.2
327,16,Tristan Thompson,CLE,C,5600,25.0,17.8,3.2,39.5,7.05,38.4,35.0,6.9
