Lineup Num,,Player Name,injury_status,team,opp,spread,over_under,implied_team_score,L5_dvp_rank,L5_ppg_floor,L5_ppg_avg,L5_ppg_max,Pos,Salary,Rest,Opp Pace,Opp DEff,Opp DvP,L2 FGA,L5 FGA,S FGA,L2 Min,L5 Min,S Min,L5 FP,S FP,Floor FP,Ceil FP,Actual Min,Actual FP,Actual Val,FantasyFuelPPGProj,FantasyFuelValueProj,DFN_PPGProj,DFN_MinProj,DFN_ValueProj
0,0,Caris LeVert,,BKN,PHO,-2.5,224.5,113.5,20,11.8,15.6,19.5,PG/SF,4700,1,104,108,1%,7,9,13,20,22,26,15.6,23.8,15.3,32.4,32.0,45.8,9.7,25.8,5.48,28.1,28.5,6.0
0,1,Jimmy Butler,,MIA,PHI,-2.5,212.0,107.3,12,34.8,39.5,50.3,SG/SF,8100,1,101,103,-4%,15,13,13,35,33,35,39.5,42.6,33.0,52.3,28.6,56.8,7.0,39.3,4.85,41.0,34.5,5.1
0,2,Mikal Bridges,,PHO,BKN,2.5,224.5,111.0,20,12.0,22.4,31.0,SG/SF,4500,0,104,106,-12%,7,7,6,33,31,25,22.6,18.2,9.0,27.4,36.2,37.0,8.2,23.5,5.22,23.4,33.5,5.2
0,3,Kristaps Porzingis,,DAL,IND,5.5,211.5,103.0,12,13.8,33.0,56.0,PF/C,7000,1,100,105,-6%,14,14,15,28,27,31,33.0,36.8,25.0,48.6,36.4,59.0,8.4,40.8,5.82,42.4,33.0,6.1
0,4,Dennis Smith Jr.,,NY,CLE,2.0,215.5,106.8,27,0.8,10.3,19.0,PG,3600,1,101,114,6%,8,5,6,20,13,16,10.3,13.0,4.1,21.9,20.0,35.3,9.8,16.0,4.44,14.5,15.5,4.0
0,5,LaMarcus Aldridge,,SA,LAC,9.0,228.5,109.8,2,21.8,34.9,59.0,PF/C,6900,1,105,105,-5%,8,12,15,31,34,34,34.9,37.7,26.9,48.4,33.6,50.3,7.3,38.8,5.62,36.0,33.0,5.2
0,6,Deandre Ayton,,PHO,BKN,2.5,224.5,111.0,9,30.0,41.0,49.8,C,7700,0,104,106,8%,21,17,16,35,35,33,41.0,40.9,32.0,49.9,34.3,57.8,7.5,45.3,5.88,45.0,35.5,5.8
0,7,Aaron Gordon,,ORL,CHA,-4.5,202.5,103.5,9,18.5,29.1,37.8,SF/PF,6100,1,99,111,7%,18,14,13,34,35,33,29.1,30.3,22.0,38.7,37.6,44.5,7.3,33.8,5.53,31.5,34.0,5.2
1,0,Alec Burks,,GS,WAS,6.0,235.0,114.5,29,18.5,24.7,28.3,PG/SG,5300,1,105,114,7%,10,10,13,24,25,30,24.7,29.9,19.0,40.9,29.0,42.3,8.0,35.5,6.7,31.1,28.0,5.9
1,1,Brad Wanamaker,,BOS,ATL,-5.0,229.5,117.3,25,-0.5,11.3,25.8,PG/SG,3600,1,106,111,0%,6,5,5,20,15,20,11.3,15.0,8.6,21.4,27.5,35.3,9.8,22.5,6.25,20.4,26.0,5.7
1,2,Caris LeVert,,BKN,PHO,-2.5,224.5,113.5,20,11.8,15.6,19.5,PG/SF,4700,1,104,108,1%,7,9,13,20,22,26,15.6,23.8,15.3,32.4,32.0,45.8,9.7,25.8,5.48,28.1,28.5,6.0
1,3,Kristaps Porzingis,,DAL,IND,5.5,211.5,103.0,12,13.8,33.0,56.0,PF/C,7000,1,100,105,-6%,14,14,15,28,27,31,33.0,36.8,25.0,48.6,36.4,59.0,8.4,40.8,5.82,42.4,33.0,6.1
1,4,Mikal Bridges,,PHO,BKN,2.5,224.5,111.0,20,12.0,22.4,31.0,SG/SF,4500,0,104,106,-12%,7,7,6,33,31,25,22.6,18.2,9.0,27.4,36.2,37.0,8.2,23.5,5.22,23.4,33.5,5.2
1,5,Bradley Beal,,WAS,GS,-6.0,235.0,120.5,9,51.0,56.8,62.3,SG/SF,10100,1,103,110,5%,20,23,22,35,35,36,56.8,47.9,36.4,59.3,39.3,58.5,5.8,50.5,5.0,51.1,35.5,5.1
1,6,Deandre Ayton,,PHO,BKN,2.5,224.5,111.0,9,30.0,41.0,49.8,C,7700,0,104,106,8%,21,17,16,35,35,33,41.0,40.9,32.0,49.9,34.3,57.8,7.5,45.3,5.88,45.0,35.5,5.8
1,7,LaMarcus Aldridge,,SA,LAC,9.0,228.5,109.8,2,21.8,34.9,59.0,PF/C,6900,1,105,105,-5%,8,12,15,31,34,34,34.9,37.7,26.9,48.4,33.6,50.3,7.3,38.8,5.62,36.0,33.0,5.2
2,0,Caris LeVert,,BKN,PHO,-2.5,224.5,113.5,20,11.8,15.6,19.5,PG/SF,4700,1,104,108,1%,7,9,13,20,22,26,15.6,23.8,15.3,32.4,32.0,45.8,9.7,25.8,5.48,28.1,28.5,6.0
2,1,Jimmy Butler,,MIA,PHI,-2.5,212.0,107.3,12,34.8,39.5,50.3,SG/SF,8100,1,101,103,-4%,15,13,13,35,33,35,39.5,42.6,33.0,52.3,28.6,56.8,7.0,39.3,4.85,41.0,34.5,5.1
2,2,Jayson Tatum,,BOS,ATL,-5.0,229.5,117.3,20,34.0,42.3,50.0,SF/PF,7500,1,106,111,17%,19,19,18,27,33,34,41.8,39.3,29.0,49.5,35.3,45.3,6.0,42.3,5.63,41.9,33.5,5.6
2,3,LaMarcus Aldridge,,SA,LAC,9.0,228.5,109.8,2,21.8,34.9,59.0,PF/C,6900,1,105,105,-5%,8,12,15,31,34,34,34.9,37.7,26.9,48.4,33.6,50.3,7.3,38.8,5.62,36.0,33.0,5.2
2,4,Dennis Smith Jr.,,NY,CLE,2.0,215.5,106.8,27,0.8,10.3,19.0,PG,3600,1,101,114,6%,8,5,6,20,13,16,10.3,13.0,4.1,21.9,20.0,35.3,9.8,16.0,4.44,14.5,15.5,4.0
2,5,Kristaps Porzingis,,DAL,IND,5.5,211.5,103.0,12,13.8,33.0,56.0,PF/C,7000,1,100,105,-6%,14,14,15,28,27,31,33.0,36.8,25.0,48.6,36.4,59.0,8.4,40.8,5.82,42.4,33.0,6.1
2,6,Deandre Ayton,,PHO,BKN,2.5,224.5,111.0,9,30.0,41.0,49.8,C,7700,0,104,106,8%,21,17,16,35,35,33,41.0,40.9,32.0,49.9,34.3,57.8,7.5,45.3,5.88,45.0,35.5,5.8
2,7,Jeff Teague,,ATL,BOS,5.0,229.5,112.3,3,6.8,16.7,24.5,PG/SG,3900,1,102,103,-10%,9,7,9,25,24,27,19.1,26.4,16.0,36.8,36.5,35.3,9.1,24.3,6.22,25.6,29.5,6.6
3,0,Caris LeVert,,BKN,PHO,-2.5,224.5,113.5,20,11.8,15.6,19.5,PG/SF,4700,1,104,108,1%,7,9,13,20,22,26,15.6,23.8,15.3,32.4,32.0,45.8,9.7,25.8,5.48,28.1,28.5,6.0
3,1,Jeff Teague,,ATL,BOS,5.0,229.5,112.3,3,6.8,16.7,24.5,PG/SG,3900,1,102,103,-10%,9,7,9,25,24,27,19.1,26.4,16.0,36.8,36.5,35.3,9.1,24.3,6.22,25.6,29.5,6.6
3,2,Aaron Gordon,,ORL,CHA,-4.5,202.5,103.5,9,18.5,29.1,37.8,SF/PF,6100,1,99,111,7%,18,14,13,34,35,33,29.1,30.3,22.0,38.7,37.6,44.5,7.3,33.8,5.53,31.5,34.0,5.2
3,3,Kristaps Porzingis,,DAL,IND,5.5,211.5,103.0,12,13.8,33.0,56.0,PF/C,7000,1,100,105,-6%,14,14,15,28,27,31,33.0,36.8,25.0,48.6,36.4,59.0,8.4,40.8,5.82,42.4,33.0,6.1
3,4,Jimmy Butler,,MIA,PHI,-2.5,212.0,107.3,12,34.8,39.5,50.3,SG/SF,8100,1,101,103,-4%,15,13,13,35,33,35,39.5,42.6,33.0,52.3,28.6,56.8,7.0,39.3,4.85,41.0,34.5,5.1
3,5,Mikal Bridges,,PHO,BKN,2.5,224.5,111.0,20,12.0,22.4,31.0,SG/SF,4500,0,104,106,-12%,7,7,6,33,31,25,22.6,18.2,9.0,27.4,36.2,37.0,8.2,23.5,5.22,23.4,33.5,5.2
3,6,Deandre Ayton,,PHO,BKN,2.5,224.5,111.0,9,30.0,41.0,49.8,C,7700,0,104,106,8%,21,17,16,35,35,33,41.0,40.9,32.0,49.9,34.3,57.8,7.5,45.3,5.88,45.0,35.5,5.8
3,7,Paul George,,LAC,SA,-9.0,228.5,118.8,1,19.0,36.3,57.3,SG/SF,7800,1,102,110,2%,14,17,18,22,30,31,40.3,40.5,27.3,53.8,31.2,47.0,6.0,38.0,4.87,31.4,24.5,4.0
4,0,Caris LeVert,,BKN,PHO,-2.5,224.5,113.5,20,11.8,15.6,19.5,PG/SF,4700,1,104,108,1%,7,9,13,20,22,26,15.6,23.8,15.3,32.4,32.0,45.8,9.7,25.8,5.48,28.1,28.5,6.0
4,1,Jimmy Butler,,MIA,PHI,-2.5,212.0,107.3,12,34.8,39.5,50.3,SG/SF,8100,1,101,103,-4%,15,13,13,35,33,35,39.5,42.6,33.0,52.3,28.6,56.8,7.0,39.3,4.85,41.0,34.5,5.1
4,2,Paul George,,LAC,SA,-9.0,228.5,118.8,1,19.0,36.3,57.3,SG/SF,7800,1,102,110,2%,14,17,18,22,30,31,40.3,40.5,27.3,53.8,31.2,47.0,6.0,38.0,4.87,31.4,24.5,4.0
4,3,LaMarcus Aldridge,,SA,LAC,9.0,228.5,109.8,2,21.8,34.9,59.0,PF/C,6900,1,105,105,-5%,8,12,15,31,34,34,34.9,37.7,26.9,48.4,33.6,50.3,7.3,38.8,5.62,36.0,33.0,5.2
4,4,Brad Wanamaker,,BOS,ATL,-5.0,229.5,117.3,25,-0.5,11.3,25.8,PG/SG,3600,1,106,111,0%,6,5,5,20,15,20,11.3,15.0,8.6,21.4,27.5,35.3,9.8,22.5,6.25,20.4,26.0,5.7
4,5,Derrick Jones Jr.,,MIA,PHI,-2.5,212.0,107.3,13,12.0,16.2,22.8,SF/PF,3800,1,101,103,-6%,5,5,7,25,24,26,16.2,19.3,11.6,27.1,37.5,25.8,6.8,17.8,4.67,17.3,22.5,4.6
4,6,Kristaps Porzingis,,DAL,IND,5.5,211.5,103.0,12,13.8,33.0,56.0,PF/C,7000,1,100,105,-6%,14,14,15,28,27,31,33.0,36.8,25.0,48.6,36.4,59.0,8.4,40.8,5.82,42.4,33.0,6.1
4,7,Deandre Ayton,,PHO,BKN,2.5,224.5,111.0,9,30.0,41.0,49.8,C,7700,0,104,106,8%,21,17,16,35,35,33,41.0,40.9,32.0,49.9,34.3,57.8,7.5,45.3,5.88,45.0,35.5,5.8
5,0,Alec Burks,,GS,WAS,6.0,235.0,114.5,29,18.5,24.7,28.3,PG/SG,5300,1,105,114,7%,10,10,13,24,25,30,24.7,29.9,19.0,40.9,29.0,42.3,8.0,35.5,6.7,31.1,28.0,5.9
5,1,Mikal Bridges,,PHO,BKN,2.5,224.5,111.0,20,12.0,22.4,31.0,SG/SF,4500,0,104,106,-12%,7,7,6,33,31,25,22.6,18.2,9.0,27.4,36.2,37.0,8.2,23.5,5.22,23.4,33.5,5.2
5,2,Jimmy Butler,,MIA,PHI,-2.5,212.0,107.3,12,34.8,39.5,50.3,SG/SF,8100,1,101,103,-4%,15,13,13,35,33,35,39.5,42.6,33.0,52.3,28.6,56.8,7.0,39.3,4.85,41.0,34.5,5.1
5,3,Aaron Gordon,,ORL,CHA,-4.5,202.5,103.5,9,18.5,29.1,37.8,SF/PF,6100,1,99,111,7%,18,14,13,34,35,33,29.1,30.3,22.0,38.7,37.6,44.5,7.3,33.8,5.53,31.5,34.0,5.2
5,4,Caris LeVert,,BKN,PHO,-2.5,224.5,113.5,20,11.8,15.6,19.5,PG/SF,4700,1,104,108,1%,7,9,13,20,22,26,15.6,23.8,15.3,32.4,32.0,45.8,9.7,25.8,5.48,28.1,28.5,6.0
5,5,Domantas Sabonis,,IND,DAL,-5.5,211.5,108.5,7,36.5,46.5,64.5,PF/C,9600,1,101,109,-1%,14,13,14,36,37,35,46.8,43.9,34.7,53.1,36.5,57.0,5.9,44.8,4.66,44.6,34.5,4.6
5,6,Kristaps Porzingis,,DAL,IND,5.5,211.5,103.0,12,13.8,33.0,56.0,PF/C,7000,1,100,105,-6%,14,14,15,28,27,31,33.0,36.8,25.0,48.6,36.4,59.0,8.4,40.8,5.82,42.4,33.0,6.1
5,7,Jeff Teague,,ATL,BOS,5.0,229.5,112.3,3,6.8,16.7,24.5,PG/SG,3900,1,102,103,-10%,9,7,9,25,24,27,19.1,26.4,16.0,36.8,36.5,35.3,9.1,24.3,6.22,25.6,29.5,6.6
6,0,Brad Wanamaker,,BOS,ATL,-5.0,229.5,117.3,25,-0.5,11.3,25.8,PG/SG,3600,1,106,111,0%,6,5,5,20,15,20,11.3,15.0,8.6,21.4,27.5,35.3,9.8,22.5,6.25,20.4,26.0,5.7
6,1,Jeff Teague,,ATL,BOS,5.0,229.5,112.3,3,6.8,16.7,24.5,PG/SG,3900,1,102,103,-10%,9,7,9,25,24,27,19.1,26.4,16.0,36.8,36.5,35.3,9.1,24.3,6.22,25.6,29.5,6.6
6,2,Caris LeVert,,BKN,PHO,-2.5,224.5,113.5,20,11.8,15.6,19.5,PG/SF,4700,1,104,108,1%,7,9,13,20,22,26,15.6,23.8,15.3,32.4,32.0,45.8,9.7,25.8,5.48,28.1,28.5,6.0
6,3,John Collins,,ATL,BOS,5.0,229.5,112.3,5,30.5,39.4,44.5,PF/C,8300,1,102,103,0%,17,15,15,34,30,31,39.4,39.6,29.5,49.6,38.1,47.8,5.8,43.8,5.27,43.8,34.5,5.3
6,4,Bradley Beal,,WAS,GS,-6.0,235.0,120.5,9,51.0,56.8,62.3,SG/SF,10100,1,103,110,5%,20,23,22,35,35,36,56.8,47.9,36.4,59.3,39.3,58.5,5.8,50.5,5.0,51.1,35.5,5.1
6,5,Mikal Bridges,,PHO,BKN,2.5,224.5,111.0,20,12.0,22.4,31.0,SG/SF,4500,0,104,106,-12%,7,7,6,33,31,25,22.6,18.2,9.0,27.4,36.2,37.0,8.2,23.5,5.22,23.4,33.5,5.2
6,6,Deandre Ayton,,PHO,BKN,2.5,224.5,111.0,9,30.0,41.0,49.8,C,7700,0,104,106,8%,21,17,16,35,35,33,41.0,40.9,32.0,49.9,34.3,57.8,7.5,45.3,5.88,45.0,35.5,5.8
6,7,Kristaps Porzingis,,DAL,IND,5.5,211.5,103.0,12,13.8,33.0,56.0,PF/C,7000,1,100,105,-6%,14,14,15,28,27,31,33.0,36.8,25.0,48.6,36.4,59.0,8.4,40.8,5.82,42.4,33.0,6.1
7,0,Dennis Smith Jr.,,NY,CLE,2.0,215.5,106.8,27,0.8,10.3,19.0,PG,3600,1,101,114,6%,8,5,6,20,13,16,10.3,13.0,4.1,21.9,20.0,35.3,9.8,16.0,4.44,14.5,15.5,4.0
7,1,Markelle Fultz,,ORL,CHA,-4.5,202.5,103.5,5,19.0,24.5,30.5,PG/SG,5400,1,99,111,-6%,10,9,11,30,31,28,24.2,25.9,18.5,33.3,34.7,39.3,7.3,29.5,5.46,28.3,31.5,5.2
7,2,Bradley Beal,,WAS,GS,-6.0,235.0,120.5,9,51.0,56.8,62.3,SG/SF,10100,1,103,110,5%,20,23,22,35,35,36,56.8,47.9,36.4,59.3,39.3,58.5,5.8,50.5,5.0,51.1,35.5,5.1
7,3,Jayson Tatum,,BOS,ATL,-5.0,229.5,117.3,20,34.0,42.3,50.0,SF/PF,7500,1,106,111,17%,19,19,18,27,33,34,41.8,39.3,29.0,49.5,35.3,45.3,6.0,42.3,5.63,41.9,33.5,5.6
7,4,Jimmy Butler,,MIA,PHI,-2.5,212.0,107.3,12,34.8,39.5,50.3,SG/SF,8100,1,101,103,-4%,15,13,13,35,33,35,39.5,42.6,33.0,52.3,28.6,56.8,7.0,39.3,4.85,41.0,34.5,5.1
7,5,Caris LeVert,,BKN,PHO,-2.5,224.5,113.5,20,11.8,15.6,19.5,PG/SF,4700,1,104,108,1%,7,9,13,20,22,26,15.6,23.8,15.3,32.4,32.0,45.8,9.7,25.8,5.48,28.1,28.5,6.0
7,6,Kristaps Porzingis,,DAL,IND,5.5,211.5,103.0,12,13.8,33.0,56.0,PF/C,7000,1,100,105,-6%,14,14,15,28,27,31,33.0,36.8,25.0,48.6,36.4,59.0,8.4,40.8,5.82,42.4,33.0,6.1
7,7,Brad Wanamaker,,BOS,ATL,-5.0,229.5,117.3,25,-0.5,11.3,25.8,PG/SG,3600,1,106,111,0%,6,5,5,20,15,20,11.3,15.0,8.6,21.4,27.5,35.3,9.8,22.5,6.25,20.4,26.0,5.7
8,0,Dennis Smith Jr.,,NY,CLE,2.0,215.5,106.8,27,0.8,10.3,19.0,PG,3600,1,101,114,6%,8,5,6,20,13,16,10.3,13.0,4.1,21.9,20.0,35.3,9.8,16.0,4.44,14.5,15.5,4.0
8,1,Brad Wanamaker,,BOS,ATL,-5.0,229.5,117.3,25,-0.5,11.3,25.8,PG/SG,3600,1,106,111,0%,6,5,5,20,15,20,11.3,15.0,8.6,21.4,27.5,35.3,9.8,22.5,6.25,20.4,26.0,5.7
8,2,Bradley Beal,,WAS,GS,-6.0,235.0,120.5,9,51.0,56.8,62.3,SG/SF,10100,1,103,110,5%,20,23,22,35,35,36,56.8,47.9,36.4,59.3,39.3,58.5,5.8,50.5,5.0,51.1,35.5,5.1
8,3,Kristaps Porzingis,,DAL,IND,5.5,211.5,103.0,12,13.8,33.0,56.0,PF/C,7000,1,100,105,-6%,14,14,15,28,27,31,33.0,36.8,25.0,48.6,36.4,59.0,8.4,40.8,5.82,42.4,33.0,6.1
8,4,De'Aaron Fox,,SAC,MIN,-1.0,225.5,113.3,23,31.3,43.5,61.8,PG,8200,1,105,108,4%,21,17,16,34,32,32,43.5,40.1,28.7,51.5,34.4,45.3,5.5,43.8,5.34,44.3,33.5,5.4
8,5,Mikal Bridges,,PHO,BKN,2.5,224.5,111.0,20,12.0,22.4,31.0,SG/SF,4500,0,104,106,-12%,7,7,6,33,31,25,22.6,18.2,9.0,27.4,36.2,37.0,8.2,23.5,5.22,23.4,33.5,5.2
8,6,Deandre Ayton,,PHO,BKN,2.5,224.5,111.0,9,30.0,41.0,49.8,C,7700,0,104,106,8%,21,17,16,35,35,33,41.0,40.9,32.0,49.9,34.3,57.8,7.5,45.3,5.88,45.0,35.5,5.8
8,7,Caris LeVert,,BKN,PHO,-2.5,224.5,113.5,20,11.8,15.6,19.5,PG/SF,4700,1,104,108,1%,7,9,13,20,22,26,15.6,23.8,15.3,32.4,32.0,45.8,9.7,25.8,5.48,28.1,28.5,6.0
9,0,Caris LeVert,,BKN,PHO,-2.5,224.5,113.5,20,11.8,15.6,19.5,PG/SF,4700,1,104,108,1%,7,9,13,20,22,26,15.6,23.8,15.3,32.4,32.0,45.8,9.7,25.8,5.48,28.1,28.5,6.0
9,1,Jeff Teague,,ATL,BOS,5.0,229.5,112.3,3,6.8,16.7,24.5,PG/SG,3900,1,102,103,-10%,9,7,9,25,24,27,19.1,26.4,16.0,36.8,36.5,35.3,9.1,24.3,6.22,25.6,29.5,6.6
9,2,Mikal Bridges,,PHO,BKN,2.5,224.5,111.0,20,12.0,22.4,31.0,SG/SF,4500,0,104,106,-12%,7,7,6,33,31,25,22.6,18.2,9.0,27.4,36.2,37.0,8.2,23.5,5.22,23.4,33.5,5.2
9,3,Jayson Tatum,,BOS,ATL,-5.0,229.5,117.3,20,34.0,42.3,50.0,SF/PF,7500,1,106,111,17%,19,19,18,27,33,34,41.8,39.3,29.0,49.5,35.3,45.3,6.0,42.3,5.63,41.9,33.5,5.6
9,4,Bradley Beal,,WAS,GS,-6.0,235.0,120.5,9,51.0,56.8,62.3,SG/SF,10100,1,103,110,5%,20,23,22,35,35,36,56.8,47.9,36.4,59.3,39.3,58.5,5.8,50.5,5.0,51.1,35.5,5.1
9,5,Kristaps Porzingis,,DAL,IND,5.5,211.5,103.0,12,13.8,33.0,56.0,PF/C,7000,1,100,105,-6%,14,14,15,28,27,31,33.0,36.8,25.0,48.6,36.4,59.0,8.4,40.8,5.82,42.4,33.0,6.1
9,6,Christian Wood,,DET,MEM,9.5,223.5,107.0,29,15.3,21.2,34.5,PF/C,4400,0,106,109,0%,8,8,6,15,18,17,21.1,20.2,8.4,32.0,34.3,32.8,7.5,18.5,4.2,20.9,18.0,4.8
9,7,Deandre Ayton,,PHO,BKN,2.5,224.5,111.0,9,30.0,41.0,49.8,C,7700,0,104,106,8%,21,17,16,35,35,33,41.0,40.9,32.0,49.9,34.3,57.8,7.5,45.3,5.88,45.0,35.5,5.8
10,0,Alec Burks,,GS,WAS,6.0,235.0,114.5,29,18.5,24.7,28.3,PG/SG,5300,1,105,114,7%,10,10,13,24,25,30,24.7,29.9,19.0,40.9,29.0,42.3,8.0,35.5,6.7,31.1,28.0,5.9
10,1,Bradley Beal,,WAS,GS,-6.0,235.0,120.5,9,51.0,56.8,62.3,SG/SF,10100,1,103,110,5%,20,23,22,35,35,36,56.8,47.9,36.4,59.3,39.3,58.5,5.8,50.5,5.0,51.1,35.5,5.1
10,2,Caris LeVert,,BKN,PHO,-2.5,224.5,113.5,20,11.8,15.6,19.5,PG/SF,4700,1,104,108,1%,7,9,13,20,22,26,15.6,23.8,15.3,32.4,32.0,45.8,9.7,25.8,5.48,28.1,28.5,6.0
10,3,Davis Bertans,Q,WAS,GS,-6.0,235.0,120.5,13,12.0,24.9,30.3,PF,5600,1,103,110,4%,8,9,11,29,30,29,24.9,27.4,18.2,36.5,32.0,37.5,6.7,25.3,4.51,25.7,27.0,4.6
10,4,Brad Wanamaker,,BOS,ATL,-5.0,229.5,117.3,25,-0.5,11.3,25.8,PG/SG,3600,1,106,111,0%,6,5,5,20,15,20,11.3,15.0,8.6,21.4,27.5,35.3,9.8,22.5,6.25,20.4,26.0,5.7
10,5,Kristaps Porzingis,,DAL,IND,5.5,211.5,103.0,12,13.8,33.0,56.0,PF/C,7000,1,100,105,-6%,14,14,15,28,27,31,33.0,36.8,25.0,48.6,36.4,59.0,8.4,40.8,5.82,42.4,33.0,6.1
10,6,Deandre Ayton,,PHO,BKN,2.5,224.5,111.0,9,30.0,41.0,49.8,C,7700,0,104,106,8%,21,17,16,35,35,33,41.0,40.9,32.0,49.9,34.3,57.8,7.5,45.3,5.88,45.0,35.5,5.8
10,7,Jeff Teague,,ATL,BOS,5.0,229.5,112.3,3,6.8,16.7,24.5,PG/SG,3900,1,102,103,-10%,9,7,9,25,24,27,19.1,26.4,16.0,36.8,36.5,35.3,9.1,24.3,6.22,25.6,29.5,6.6
11,0,Dennis Smith Jr.,,NY,CLE,2.0,215.5,106.8,27,0.8,10.3,19.0,PG,3600,1,101,114,6%,8,5,6,20,13,16,10.3,13.0,4.1,21.9,20.0,35.3,9.8,16.0,4.44,14.5,15.5,4.0
11,1,Mikal Bridges,,PHO,BKN,2.5,224.5,111.0,20,12.0,22.4,31.0,SG/SF,4500,0,104,106,-12%,7,7,6,33,31,25,22.6,18.2,9.0,27.4,36.2,37.0,8.2,23.5,5.22,23.4,33.5,5.2
11,2,Harrison Barnes,,SAC,MIN,-1.0,225.5,113.3,3,11.5,16.5,25.8,SF/PF,4300,1,105,108,6%,7,8,11,30,32,35,16.4,25.4,15.8,34.9,34.2,31.8,7.4,25.8,5.99,24.7,33.5,5.7
11,3,Kristaps Porzingis,,DAL,IND,5.5,211.5,103.0,12,13.8,33.0,56.0,PF/C,7000,1,100,105,-6%,14,14,15,28,27,31,33.0,36.8,25.0,48.6,36.4,59.0,8.4,40.8,5.82,42.4,33.0,6.1
11,4,Brad Wanamaker,,BOS,ATL,-5.0,229.5,117.3,25,-0.5,11.3,25.8,PG/SG,3600,1,106,111,0%,6,5,5,20,15,20,11.3,15.0,8.6,21.4,27.5,35.3,9.8,22.5,6.25,20.4,26.0,5.7
11,5,Jimmy Butler,,MIA,PHI,-2.5,212.0,107.3,12,34.8,39.5,50.3,SG/SF,8100,1,101,103,-4%,15,13,13,35,33,35,39.5,42.6,33.0,52.3,28.6,56.8,7.0,39.3,4.85,41.0,34.5,5.1
11,6,Deandre Ayton,,PHO,BKN,2.5,224.5,111.0,9,30.0,41.0,49.8,C,7700,0,104,106,8%,21,17,16,35,35,33,41.0,40.9,32.0,49.9,34.3,57.8,7.5,45.3,5.88,45.0,35.5,5.8
11,7,Domantas Sabonis,,IND,DAL,-5.5,211.5,108.5,7,36.5,46.5,64.5,PF/C,9600,1,101,109,-1%,14,13,14,36,37,35,46.8,43.9,34.7,53.1,36.5,57.0,5.9,44.8,4.66,44.6,34.5,4.6
12,0,Caris LeVert,,BKN,PHO,-2.5,224.5,113.5,20,11.8,15.6,19.5,PG/SF,4700,1,104,108,1%,7,9,13,20,22,26,15.6,23.8,15.3,32.4,32.0,45.8,9.7,25.8,5.48,28.1,28.5,6.0
12,1,Jeff Teague,,ATL,BOS,5.0,229.5,112.3,3,6.8,16.7,24.5,PG/SG,3900,1,102,103,-10%,9,7,9,25,24,27,19.1,26.4,16.0,36.8,36.5,35.3,9.1,24.3,6.22,25.6,29.5,6.6
12,2,Bradley Beal,,WAS,GS,-6.0,235.0,120.5,9,51.0,56.8,62.3,SG/SF,10100,1,103,110,5%,20,23,22,35,35,36,56.8,47.9,36.4,59.3,39.3,58.5,5.8,50.5,5.0,51.1,35.5,5.1
12,3,LaMarcus Aldridge,,SA,LAC,9.0,228.5,109.8,2,21.8,34.9,59.0,PF/C,6900,1,105,105,-5%,8,12,15,31,34,34,34.9,37.7,26.9,48.4,33.6,50.3,7.3,38.8,5.62,36.0,33.0,5.2
12,4,Brad Wanamaker,,BOS,ATL,-5.0,229.5,117.3,25,-0.5,11.3,25.8,PG/SG,3600,1,106,111,0%,6,5,5,20,15,20,11.3,15.0,8.6,21.4,27.5,35.3,9.8,22.5,6.25,20.4,26.0,5.7
12,5,Larry Nance Jr.,,CLE,NY,-2.0,215.5,108.8,10,21.8,31.6,46.8,PF/C,5400,1,101,110,7%,10,11,7,24,24,24,31.6,23.5,13.6,33.4,42.4,39.0,7.2,24.3,4.49,30.2,31.5,5.6
12,6,Kristaps Porzingis,,DAL,IND,5.5,211.5,103.0,12,13.8,33.0,56.0,PF/C,7000,1,100,105,-6%,14,14,15,28,27,31,33.0,36.8,25.0,48.6,36.4,59.0,8.4,40.8,5.82,42.4,33.0,6.1
12,7,De'Aaron Fox,,SAC,MIN,-1.0,225.5,113.3,23,31.3,43.5,61.8,PG,8200,1,105,108,4%,21,17,16,34,32,32,43.5,40.1,28.7,51.5,34.4,45.3,5.5,43.8,5.34,44.3,33.5,5.4
13,0,Dennis Smith Jr.,,NY,CLE,2.0,215.5,106.8,27,0.8,10.3,19.0,PG,3600,1,101,114,6%,8,5,6,20,13,16,10.3,13.0,4.1,21.9,20.0,35.3,9.8,16.0,4.44,14.5,15.5,4.0
13,1,Patty Mills,,SA,LAC,9.0,228.5,109.8,8,19.3,24.6,36.3,PG/SG,4200,1,105,105,1%,11,11,9,22,24,24,24.6,20.0,11.2,28.7,24.7,28.5,6.8,20.8,4.94,17.4,22.0,4.1
13,2,Bradley Beal,,WAS,GS,-6.0,235.0,120.5,9,51.0,56.8,62.3,SG/SF,10100,1,103,110,5%,20,23,22,35,35,36,56.8,47.9,36.4,59.3,39.3,58.5,5.8,50.5,5.0,51.1,35.5,5.1
13,3,John Collins,,ATL,BOS,5.0,229.5,112.3,5,30.5,39.4,44.5,PF/C,8300,1,102,103,0%,17,15,15,34,30,31,39.4,39.6,29.5,49.6,38.1,47.8,5.8,43.8,5.27,43.8,34.5,5.3
13,4,Jeff Teague,,ATL,BOS,5.0,229.5,112.3,3,6.8,16.7,24.5,PG/SG,3900,1,102,103,-10%,9,7,9,25,24,27,19.1,26.4,16.0,36.8,36.5,35.3,9.1,24.3,6.22,25.6,29.5,6.6
13,5,Caris LeVert,,BKN,PHO,-2.5,224.5,113.5,20,11.8,15.6,19.5,PG/SF,4700,1,104,108,1%,7,9,13,20,22,26,15.6,23.8,15.3,32.4,32.0,45.8,9.7,25.8,5.48,28.1,28.5,6.0
13,6,Deandre Ayton,,PHO,BKN,2.5,224.5,111.0,9,30.0,41.0,49.8,C,7700,0,104,106,8%,21,17,16,35,35,33,41.0,40.9,32.0,49.9,34.3,57.8,7.5,45.3,5.88,45.0,35.5,5.8
13,7,Kristaps Porzingis,,DAL,IND,5.5,211.5,103.0,12,13.8,33.0,56.0,PF/C,7000,1,100,105,-6%,14,14,15,28,27,31,33.0,36.8,25.0,48.6,36.4,59.0,8.4,40.8,5.82,42.4,33.0,6.1
14,0,Alec Burks,,GS,WAS,6.0,235.0,114.5,29,18.5,24.7,28.3,PG/SG,5300,1,105,114,7%,10,10,13,24,25,30,24.7,29.9,19.0,40.9,29.0,42.3,8.0,35.5,6.7,31.1,28.0,5.9
14,1,Bradley Beal,,WAS,GS,-6.0,235.0,120.5,9,51.0,56.8,62.3,SG/SF,10100,1,103,110,5%,20,23,22,35,35,36,56.8,47.9,36.4,59.3,39.3,58.5,5.8,50.5,5.0,51.1,35.5,5.1
14,2,Caris LeVert,,BKN,PHO,-2.5,224.5,113.5,20,11.8,15.6,19.5,PG/SF,4700,1,104,108,1%,7,9,13,20,22,26,15.6,23.8,15.3,32.4,32.0,45.8,9.7,25.8,5.48,28.1,28.5,6.0
14,3,Jaren Jackson Jr.,,MEM,DET,-9.5,223.5,116.5,27,16.5,29.8,44.5,PF/C,6100,2,101,110,5%,11,13,14,25,28,29,29.4,31.4,21.7,41.1,29.7,31.3,5.1,33.0,5.41,33.4,30.5,5.5
14,4,Jeff Teague,,ATL,BOS,5.0,229.5,112.3,3,6.8,16.7,24.5,PG/SG,3900,1,102,103,-10%,9,7,9,25,24,27,19.1,26.4,16.0,36.8,36.5,35.3,9.1,24.3,6.22,25.6,29.5,6.6
14,5,Kristaps Porzingis,,DAL,IND,5.5,211.5,103.0,12,13.8,33.0,56.0,PF/C,7000,1,100,105,-6%,14,14,15,28,27,31,33.0,36.8,25.0,48.6,36.4,59.0,8.4,40.8,5.82,42.4,33.0,6.1
14,6,Deandre Ayton,,PHO,BKN,2.5,224.5,111.0,9,30.0,41.0,49.8,C,7700,0,104,106,8%,21,17,16,35,35,33,41.0,40.9,32.0,49.9,34.3,57.8,7.5,45.3,5.88,45.0,35.5,5.8
14,7,Mikal Bridges,,PHO,BKN,2.5,224.5,111.0,20,12.0,22.4,31.0,SG/SF,4500,0,104,106,-12%,7,7,6,33,31,25,22.6,18.2,9.0,27.4,36.2,37.0,8.2,23.5,5.22,23.4,33.5,5.2
15,0,Alec Burks,,GS,WAS,6.0,235.0,114.5,29,18.5,24.7,28.3,PG/SG,5300,1,105,114,7%,10,10,13,24,25,30,24.7,29.9,19.0,40.9,29.0,42.3,8.0,35.5,6.7,31.1,28.0,5.9
15,1,Jeff Teague,,ATL,BOS,5.0,229.5,112.3,3,6.8,16.7,24.5,PG/SG,3900,1,102,103,-10%,9,7,9,25,24,27,19.1,26.4,16.0,36.8,36.5,35.3,9.1,24.3,6.22,25.6,29.5,6.6
15,2,Caris LeVert,,BKN,PHO,-2.5,224.5,113.5,20,11.8,15.6,19.5,PG/SF,4700,1,104,108,1%,7,9,13,20,22,26,15.6,23.8,15.3,32.4,32.0,45.8,9.7,25.8,5.48,28.1,28.5,6.0
15,3,Jayson Tatum,,BOS,ATL,-5.0,229.5,117.3,20,34.0,42.3,50.0,SF/PF,7500,1,106,111,17%,19,19,18,27,33,34,41.8,39.3,29.0,49.5,35.3,45.3,6.0,42.3,5.63,41.9,33.5,5.6
15,4,Bradley Beal,,WAS,GS,-6.0,235.0,120.5,9,51.0,56.8,62.3,SG/SF,10100,1,103,110,5%,20,23,22,35,35,36,56.8,47.9,36.4,59.3,39.3,58.5,5.8,50.5,5.0,51.1,35.5,5.1
15,5,Kristaps Porzingis,,DAL,IND,5.5,211.5,103.0,12,13.8,33.0,56.0,PF/C,7000,1,100,105,-6%,14,14,15,28,27,31,33.0,36.8,25.0,48.6,36.4,59.0,8.4,40.8,5.82,42.4,33.0,6.1
15,6,Deandre Ayton,,PHO,BKN,2.5,224.5,111.0,9,30.0,41.0,49.8,C,7700,0,104,106,8%,21,17,16,35,35,33,41.0,40.9,32.0,49.9,34.3,57.8,7.5,45.3,5.88,45.0,35.5,5.8
15,7,Mike Scott,,PHI,MIA,2.5,212.0,104.8,1,4.0,11.0,18.5,PF,3400,1,100,106,1%,8,5,5,18,15,18,11.0,12.1,5.7,18.5,18.4,22.8,6.7,12.8,3.75,8.3,11.5,2.4
16,0,Malcolm Brogdon,,IND,DAL,-5.5,211.5,108.5,30,10.0,28.2,43.5,PG,6300,1,101,109,-5%,12,13,15,35,32,32,33.1,37.9,28.8,47.0,31.5,29.0,4.6,35.3,5.6,35.9,32.5,5.7
16,1,Jeff Teague,,ATL,BOS,5.0,229.5,112.3,3,6.8,16.7,24.5,PG/SG,3900,1,102,103,-10%,9,7,9,25,24,27,19.1,26.4,16.0,36.8,36.5,35.3,9.1,24.3,6.22,25.6,29.5,6.6
16,2,Aaron Gordon,,ORL,CHA,-4.5,202.5,103.5,9,18.5,29.1,37.8,SF/PF,6100,1,99,111,7%,18,14,13,34,35,33,29.1,30.3,22.0,38.7,37.6,44.5,7.3,33.8,5.53,31.5,34.0,5.2
16,3,Kristaps Porzingis,,DAL,IND,5.5,211.5,103.0,12,13.8,33.0,56.0,PF/C,7000,1,100,105,-6%,14,14,15,28,27,31,33.0,36.8,25.0,48.6,36.4,59.0,8.4,40.8,5.82,42.4,33.0,6.1
16,4,Brad Wanamaker,,BOS,ATL,-5.0,229.5,117.3,25,-0.5,11.3,25.8,PG/SG,3600,1,106,111,0%,6,5,5,20,15,20,11.3,15.0,8.6,21.4,27.5,35.3,9.8,22.5,6.25,20.4,26.0,5.7
16,5,Caris LeVert,,BKN,PHO,-2.5,224.5,113.5,20,11.8,15.6,19.5,PG/SF,4700,1,104,108,1%,7,9,13,20,22,26,15.6,23.8,15.3,32.4,32.0,45.8,9.7,25.8,5.48,28.1,28.5,6.0
16,6,Deandre Ayton,,PHO,BKN,2.5,224.5,111.0,9,30.0,41.0,49.8,C,7700,0,104,106,8%,21,17,16,35,35,33,41.0,40.9,32.0,49.9,34.3,57.8,7.5,45.3,5.88,45.0,35.5,5.8
16,7,Bradley Beal,,WAS,GS,-6.0,235.0,120.5,9,51.0,56.8,62.3,SG/SF,10100,1,103,110,5%,20,23,22,35,35,36,56.8,47.9,36.4,59.3,39.3,58.5,5.8,50.5,5.0,51.1,35.5,5.1
17,0,Jeff Teague,,ATL,BOS,5.0,229.5,112.3,3,6.8,16.7,24.5,PG/SG,3900,1,102,103,-10%,9,7,9,25,24,27,19.1,26.4,16.0,36.8,36.5,35.3,9.1,24.3,6.22,25.6,29.5,6.6
17,1,Bryn Forbes,,SA,LAC,9.0,228.5,109.8,8,11.0,14.3,23.0,PG/SG,3100,1,105,105,0%,8,8,10,20,22,25,14.3,18.0,9.5,26.5,23.4,13.3,4.3,14.5,4.68,17.1,24.5,5.5
17,2,Caris LeVert,,BKN,PHO,-2.5,224.5,113.5,20,11.8,15.6,19.5,PG/SF,4700,1,104,108,1%,7,9,13,20,22,26,15.6,23.8,15.3,32.4,32.0,45.8,9.7,25.8,5.48,28.1,28.5,6.0
17,3,Kristaps Porzingis,,DAL,IND,5.5,211.5,103.0,12,13.8,33.0,56.0,PF/C,7000,1,100,105,-6%,14,14,15,28,27,31,33.0,36.8,25.0,48.6,36.4,59.0,8.4,40.8,5.82,42.4,33.0,6.1
17,4,Jimmy Butler,,MIA,PHI,-2.5,212.0,107.3,12,34.8,39.5,50.3,SG/SF,8100,1,101,103,-4%,15,13,13,35,33,35,39.5,42.6,33.0,52.3,28.6,56.8,7.0,39.3,4.85,41.0,34.5,5.1
17,5,Jayson Tatum,,BOS,ATL,-5.0,229.5,117.3,20,34.0,42.3,50.0,SF/PF,7500,1,106,111,17%,19,19,18,27,33,34,41.8,39.3,29.0,49.5,35.3,45.3,6.0,42.3,5.63,41.9,33.5,5.6
17,6,Deandre Ayton,,PHO,BKN,2.5,224.5,111.0,9,30.0,41.0,49.8,C,7700,0,104,106,8%,21,17,16,35,35,33,41.0,40.9,32.0,49.9,34.3,57.8,7.5,45.3,5.88,45.0,35.5,5.8
17,7,LaMarcus Aldridge,,SA,LAC,9.0,228.5,109.8,2,21.8,34.9,59.0,PF/C,6900,1,105,105,-5%,8,12,15,31,34,34,34.9,37.7,26.9,48.4,33.6,50.3,7.3,38.8,5.62,36.0,33.0,5.2
18,0,Dennis Smith Jr.,,NY,CLE,2.0,215.5,106.8,27,0.8,10.3,19.0,PG,3600,1,101,114,6%,8,5,6,20,13,16,10.3,13.0,4.1,21.9,20.0,35.3,9.8,16.0,4.44,14.5,15.5,4.0
18,1,Jeff Teague,,ATL,BOS,5.0,229.5,112.3,3,6.8,16.7,24.5,PG/SG,3900,1,102,103,-10%,9,7,9,25,24,27,19.1,26.4,16.0,36.8,36.5,35.3,9.1,24.3,6.22,25.6,29.5,6.6
18,2,Caris LeVert,,BKN,PHO,-2.5,224.5,113.5,20,11.8,15.6,19.5,PG/SF,4700,1,104,108,1%,7,9,13,20,22,26,15.6,23.8,15.3,32.4,32.0,45.8,9.7,25.8,5.48,28.1,28.5,6.0
18,3,Kelly Oubre Jr.,,PHO,BKN,2.5,224.5,111.0,1,30.5,38.7,46.8,SF/PF,7100,0,104,106,-12%,18,17,15,38,36,35,38.6,34.8,24.4,45.2,38.4,29.3,4.1,36.8,5.18,35.3,37.0,5.0
18,4,Alec Burks,,GS,WAS,6.0,235.0,114.5,29,18.5,24.7,28.3,PG/SG,5300,1,105,114,7%,10,10,13,24,25,30,24.7,29.9,19.0,40.9,29.0,42.3,8.0,35.5,6.7,31.1,28.0,5.9
18,5,Bradley Beal,,WAS,GS,-6.0,235.0,120.5,9,51.0,56.8,62.3,SG/SF,10100,1,103,110,5%,20,23,22,35,35,36,56.8,47.9,36.4,59.3,39.3,58.5,5.8,50.5,5.0,51.1,35.5,5.1
18,6,Kristaps Porzingis,,DAL,IND,5.5,211.5,103.0,12,13.8,33.0,56.0,PF/C,7000,1,100,105,-6%,14,14,15,28,27,31,33.0,36.8,25.0,48.6,36.4,59.0,8.4,40.8,5.82,42.4,33.0,6.1
18,7,Deandre Ayton,,PHO,BKN,2.5,224.5,111.0,9,30.0,41.0,49.8,C,7700,0,104,106,8%,21,17,16,35,35,33,41.0,40.9,32.0,49.9,34.3,57.8,7.5,45.3,5.88,45.0,35.5,5.8
19,0,Brad Wanamaker,,BOS,ATL,-5.0,229.5,117.3,25,-0.5,11.3,25.8,PG/SG,3600,1,106,111,0%,6,5,5,20,15,20,11.3,15.0,8.6,21.4,27.5,35.3,9.8,22.5,6.25,20.4,26.0,5.7
19,1,Alec Burks,,GS,WAS,6.0,235.0,114.5,29,18.5,24.7,28.3,PG/SG,5300,1,105,114,7%,10,10,13,24,25,30,24.7,29.9,19.0,40.9,29.0,42.3,8.0,35.5,6.7,31.1,28.0,5.9
19,2,Jimmy Butler,,MIA,PHI,-2.5,212.0,107.3,12,34.8,39.5,50.3,SG/SF,8100,1,101,103,-4%,15,13,13,35,33,35,39.5,42.6,33.0,52.3,28.6,56.8,7.0,39.3,4.85,41.0,34.5,5.1
19,3,Wilson Chandler,,BKN,PHO,-2.5,224.5,113.5,21,5.8,11.8,21.3,PF,3100,1,104,108,1%,2,4,5,20,21,20,11.8,15.3,9.5,21.1,18.2,18.3,5.9,14.0,4.52,14.4,19.5,4.6
19,4,Paul George,,LAC,SA,-9.0,228.5,118.8,1,19.0,36.3,57.3,SG/SF,7800,1,102,110,2%,14,17,18,22,30,31,40.3,40.5,27.3,53.8,31.2,47.0,6.0,38.0,4.87,31.4,24.5,4.0
19,5,Caris LeVert,,BKN,PHO,-2.5,224.5,113.5,20,11.8,15.6,19.5,PG/SF,4700,1,104,108,1%,7,9,13,20,22,26,15.6,23.8,15.3,32.4,32.0,45.8,9.7,25.8,5.48,28.1,28.5,6.0
19,6,Deandre Ayton,,PHO,BKN,2.5,224.5,111.0,9,30.0,41.0,49.8,C,7700,0,104,106,8%,21,17,16,35,35,33,41.0,40.9,32.0,49.9,34.3,57.8,7.5,45.3,5.88,45.0,35.5,5.8
19,7,Kristaps Porzingis,,DAL,IND,5.5,211.5,103.0,12,13.8,33.0,56.0,PF/C,7000,1,100,105,-6%,14,14,15,28,27,31,33.0,36.8,25.0,48.6,36.4,59.0,8.4,40.8,5.82,42.4,33.0,6.1
20,0,Jeff Teague,,ATL,BOS,5.0,229.5,112.3,3,6.8,16.7,24.5,PG/SG,3900,1,102,103,-10%,9,7,9,25,24,27,19.1,26.4,16.0,36.8,36.5,35.3,9.1,24.3,6.22,25.6,29.5,6.6
20,1,Brad Wanamaker,,BOS,ATL,-5.0,229.5,117.3,25,-0.5,11.3,25.8,PG/SG,3600,1,106,111,0%,6,5,5,20,15,20,11.3,15.0,8.6,21.4,27.5,35.3,9.8,22.5,6.25,20.4,26.0,5.7
20,2,Caris LeVert,,BKN,PHO,-2.5,224.5,113.5,20,11.8,15.6,19.5,PG/SF,4700,1,104,108,1%,7,9,13,20,22,26,15.6,23.8,15.3,32.4,32.0,45.8,9.7,25.8,5.48,28.1,28.5,6.0
20,3,Kristaps Porzingis,,DAL,IND,5.5,211.5,103.0,12,13.8,33.0,56.0,PF/C,7000,1,100,105,-6%,14,14,15,28,27,31,33.0,36.8,25.0,48.6,36.4,59.0,8.4,40.8,5.82,42.4,33.0,6.1
20,4,Bradley Beal,,WAS,GS,-6.0,235.0,120.5,9,51.0,56.8,62.3,SG/SF,10100,1,103,110,5%,20,23,22,35,35,36,56.8,47.9,36.4,59.3,39.3,58.5,5.8,50.5,5.0,51.1,35.5,5.1
20,5,Mikal Bridges,,PHO,BKN,2.5,224.5,111.0,20,12.0,22.4,31.0,SG/SF,4500,0,104,106,-12%,7,7,6,33,31,25,22.6,18.2,9.0,27.4,36.2,37.0,8.2,23.5,5.22,23.4,33.5,5.2
20,6,Karl-Anthony Towns,,MIN,SAC,1.0,225.5,112.3,22,39.5,53.1,64.5,C,10600,1,100,109,-5%,20,22,19,38,34,34,53.1,53.0,41.4,64.6,37.4,51.0,4.8,51.8,4.88,52.4,35.0,4.9
20,7,Markelle Fultz,,ORL,CHA,-4.5,202.5,103.5,5,19.0,24.5,30.5,PG/SG,5400,1,99,111,-6%,10,9,11,30,31,28,24.2,25.9,18.5,33.3,34.7,39.3,7.3,29.5,5.46,28.3,31.5,5.2
21,0,Jeff Teague,,ATL,BOS,5.0,229.5,112.3,3,6.8,16.7,24.5,PG/SG,3900,1,102,103,-10%,9,7,9,25,24,27,19.1,26.4,16.0,36.8,36.5,35.3,9.1,24.3,6.22,25.6,29.5,6.6
21,1,Brad Wanamaker,,BOS,ATL,-5.0,229.5,117.3,25,-0.5,11.3,25.8,PG/SG,3600,1,106,111,0%,6,5,5,20,15,20,11.3,15.0,8.6,21.4,27.5,35.3,9.8,22.5,6.25,20.4,26.0,5.7
21,2,Kevin Porter Jr.,,CLE,NY,-2.0,215.5,108.8,2,13.3,20.8,29.5,SG/SF,4500,1,101,110,1%,11,10,8,26,23,22,20.7,17.7,10.2,25.1,24.4,20.5,4.6,21.5,4.78,24.3,28.5,5.4
21,3,Kristaps Porzingis,,DAL,IND,5.5,211.5,103.0,12,13.8,33.0,56.0,PF/C,7000,1,100,105,-6%,14,14,15,28,27,31,33.0,36.8,25.0,48.6,36.4,59.0,8.4,40.8,5.82,42.4,33.0,6.1
21,4,Caris LeVert,,BKN,PHO,-2.5,224.5,113.5,20,11.8,15.6,19.5,PG/SF,4700,1,104,108,1%,7,9,13,20,22,26,15.6,23.8,15.3,32.4,32.0,45.8,9.7,25.8,5.48,28.1,28.5,6.0
21,5,Bradley Beal,,WAS,GS,-6.0,235.0,120.5,9,51.0,56.8,62.3,SG/SF,10100,1,103,110,5%,20,23,22,35,35,36,56.8,47.9,36.4,59.3,39.3,58.5,5.8,50.5,5.0,51.1,35.5,5.1
21,6,John Collins,,ATL,BOS,5.0,229.5,112.3,5,30.5,39.4,44.5,PF/C,8300,1,102,103,0%,17,15,15,34,30,31,39.4,39.6,29.5,49.6,38.1,47.8,5.8,43.8,5.27,43.8,34.5,5.3
21,7,Deandre Ayton,,PHO,BKN,2.5,224.5,111.0,9,30.0,41.0,49.8,C,7700,0,104,106,8%,21,17,16,35,35,33,41.0,40.9,32.0,49.9,34.3,57.8,7.5,45.3,5.88,45.0,35.5,5.8
22,0,Jeff Teague,,ATL,BOS,5.0,229.5,112.3,3,6.8,16.7,24.5,PG/SG,3900,1,102,103,-10%,9,7,9,25,24,27,19.1,26.4,16.0,36.8,36.5,35.3,9.1,24.3,6.22,25.6,29.5,6.6
22,1,Paul George,,LAC,SA,-9.0,228.5,118.8,1,19.0,36.3,57.3,SG/SF,7800,1,102,110,2%,14,17,18,22,30,31,40.3,40.5,27.3,53.8,31.2,47.0,6.0,38.0,4.87,31.4,24.5,4.0
22,2,Caris LeVert,,BKN,PHO,-2.5,224.5,113.5,20,11.8,15.6,19.5,PG/SF,4700,1,104,108,1%,7,9,13,20,22,26,15.6,23.8,15.3,32.4,32.0,45.8,9.7,25.8,5.48,28.1,28.5,6.0
22,3,Aaron Gordon,,ORL,CHA,-4.5,202.5,103.5,9,18.5,29.1,37.8,SF/PF,6100,1,99,111,7%,18,14,13,34,35,33,29.1,30.3,22.0,38.7,37.6,44.5,7.3,33.8,5.53,31.5,34.0,5.2
22,4,Alec Burks,,GS,WAS,6.0,235.0,114.5,29,18.5,24.7,28.3,PG/SG,5300,1,105,114,7%,10,10,13,24,25,30,24.7,29.9,19.0,40.9,29.0,42.3,8.0,35.5,6.7,31.1,28.0,5.9
22,5,Eric Paschall,,GS,WAS,6.0,235.0,114.5,21,6.3,15.9,23.8,SF/PF,4100,1,105,114,4%,7,7,11,23,22,28,15.8,23.8,12.6,35.1,24.2,28.5,7.0,20.8,5.06,20.7,23.0,5.0
22,6,Deandre Ayton,,PHO,BKN,2.5,224.5,111.0,9,30.0,41.0,49.8,C,7700,0,104,106,8%,21,17,16,35,35,33,41.0,40.9,32.0,49.9,34.3,57.8,7.5,45.3,5.88,45.0,35.5,5.8
22,7,Bradley Beal,,WAS,GS,-6.0,235.0,120.5,9,51.0,56.8,62.3,SG/SF,10100,1,103,110,5%,20,23,22,35,35,36,56.8,47.9,36.4,59.3,39.3,58.5,5.8,50.5,5.0,51.1,35.5,5.1
23,0,Brad Wanamaker,,BOS,ATL,-5.0,229.5,117.3,25,-0.5,11.3,25.8,PG/SG,3600,1,106,111,0%,6,5,5,20,15,20,11.3,15.0,8.6,21.4,27.5,35.3,9.8,22.5,6.25,20.4,26.0,5.7
23,1,Jeff Teague,,ATL,BOS,5.0,229.5,112.3,3,6.8,16.7,24.5,PG/SG,3900,1,102,103,-10%,9,7,9,25,24,27,19.1,26.4,16.0,36.8,36.5,35.3,9.1,24.3,6.22,25.6,29.5,6.6
23,2,Cedi Osman,,CLE,NY,-2.0,215.5,108.8,10,18.5,23.6,33.3,SF/PF,4200,1,101,110,2%,8,9,9,22,24,29,23.6,21.2,13.4,29.0,38.1,22.5,5.4,20.5,4.88,21.5,28.0,5.1
23,3,Domantas Sabonis,,IND,DAL,-5.5,211.5,108.5,7,36.5,46.5,64.5,PF/C,9600,1,101,109,-1%,14,13,14,36,37,35,46.8,43.9,34.7,53.1,36.5,57.0,5.9,44.8,4.66,44.6,34.5,4.6
23,4,Alec Burks,,GS,WAS,6.0,235.0,114.5,29,18.5,24.7,28.3,PG/SG,5300,1,105,114,7%,10,10,13,24,25,30,24.7,29.9,19.0,40.9,29.0,42.3,8.0,35.5,6.7,31.1,28.0,5.9
23,5,Caris LeVert,,BKN,PHO,-2.5,224.5,113.5,20,11.8,15.6,19.5,PG/SF,4700,1,104,108,1%,7,9,13,20,22,26,15.6,23.8,15.3,32.4,32.0,45.8,9.7,25.8,5.48,28.1,28.5,6.0
23,6,Kristaps Porzingis,,DAL,IND,5.5,211.5,103.0,12,13.8,33.0,56.0,PF/C,7000,1,100,105,-6%,14,14,15,28,27,31,33.0,36.8,25.0,48.6,36.4,59.0,8.4,40.8,5.82,42.4,33.0,6.1
23,7,Bradley Beal,,WAS,GS,-6.0,235.0,120.5,9,51.0,56.8,62.3,SG/SF,10100,1,103,110,5%,20,23,22,35,35,36,56.8,47.9,36.4,59.3,39.3,58.5,5.8,50.5,5.0,51.1,35.5,5.1
24,0,Jeff Teague,,ATL,BOS,5.0,229.5,112.3,3,6.8,16.7,24.5,PG/SG,3900,1,102,103,-10%,9,7,9,25,24,27,19.1,26.4,16.0,36.8,36.5,35.3,9.1,24.3,6.22,25.6,29.5,6.6
24,1,Mikal Bridges,,PHO,BKN,2.5,224.5,111.0,20,12.0,22.4,31.0,SG/SF,4500,0,104,106,-12%,7,7,6,33,31,25,22.6,18.2,9.0,27.4,36.2,37.0,8.2,23.5,5.22,23.4,33.5,5.2
24,2,Jimmy Butler,,MIA,PHI,-2.5,212.0,107.3,12,34.8,39.5,50.3,SG/SF,8100,1,101,103,-4%,15,13,13,35,33,35,39.5,42.6,33.0,52.3,28.6,56.8,7.0,39.3,4.85,41.0,34.5,5.1
24,3,Aaron Gordon,,ORL,CHA,-4.5,202.5,103.5,9,18.5,29.1,37.8,SF/PF,6100,1,99,111,7%,18,14,13,34,35,33,29.1,30.3,22.0,38.7,37.6,44.5,7.3,33.8,5.53,31.5,34.0,5.2
24,4,Caris LeVert,,BKN,PHO,-2.5,224.5,113.5,20,11.8,15.6,19.5,PG/SF,4700,1,104,108,1%,7,9,13,20,22,26,15.6,23.8,15.3,32.4,32.0,45.8,9.7,25.8,5.48,28.1,28.5,6.0
24,5,Kevin Knox II,,NY,CLE,2.0,215.5,106.8,4,5.3,7.5,11.8,SF/PF,3000,1,101,114,5%,7,5,7,18,15,19,7.5,14.3,7.1,21.5,17.4,19.0,6.3,12.8,4.25,11.7,17.0,3.9
24,6,Deandre Ayton,,PHO,BKN,2.5,224.5,111.0,9,30.0,41.0,49.8,C,7700,0,104,106,8%,21,17,16,35,35,33,41.0,40.9,32.0,49.9,34.3,57.8,7.5,45.3,5.88,45.0,35.5,5.8
24,7,Bradley Beal,,WAS,GS,-6.0,235.0,120.5,9,51.0,56.8,62.3,SG/SF,10100,1,103,110,5%,20,23,22,35,35,36,56.8,47.9,36.4,59.3,39.3,58.5,5.8,50.5,5.0,51.1,35.5,5.1
25,0,Caris LeVert,,BKN,PHO,-2.5,224.5,113.5,20,11.8,15.6,19.5,PG/SF,4700,1,104,108,1%,7,9,13,20,22,26,15.6,23.8,15.3,32.4,32.0,45.8,9.7,25.8,5.48,28.1,28.5,6.0
25,1,Alec Burks,,GS,WAS,6.0,235.0,114.5,29,18.5,24.7,28.3,PG/SG,5300,1,105,114,7%,10,10,13,24,25,30,24.7,29.9,19.0,40.9,29.0,42.3,8.0,35.5,6.7,31.1,28.0,5.9
25,2,Jimmy Butler,,MIA,PHI,-2.5,212.0,107.3,12,34.8,39.5,50.3,SG/SF,8100,1,101,103,-4%,15,13,13,35,33,35,39.5,42.6,33.0,52.3,28.6,56.8,7.0,39.3,4.85,41.0,34.5,5.1
25,3,Thomas Bryant,,WAS,GS,-6.0,235.0,120.5,13,13.3,28.3,44.0,PF/C,5800,1,103,110,3%,11,9,9,24,23,25,28.3,27.8,16.4,39.2,29.4,28.3,4.9,28.0,4.83,25.0,22.0,4.3
25,4,Jeff Teague,,ATL,BOS,5.0,229.5,112.3,3,6.8,16.7,24.5,PG/SG,3900,1,102,103,-10%,9,7,9,25,24,27,19.1,26.4,16.0,36.8,36.5,35.3,9.1,24.3,6.22,25.6,29.5,6.6
25,5,Mikal Bridges,,PHO,BKN,2.5,224.5,111.0,20,12.0,22.4,31.0,SG/SF,4500,0,104,106,-12%,7,7,6,33,31,25,22.6,18.2,9.0,27.4,36.2,37.0,8.2,23.5,5.22,23.4,33.5,5.2
25,6,LaMarcus Aldridge,,SA,LAC,9.0,228.5,109.8,2,21.8,34.9,59.0,PF/C,6900,1,105,105,-5%,8,12,15,31,34,34,34.9,37.7,26.9,48.4,33.6,50.3,7.3,38.8,5.62,36.0,33.0,5.2
25,7,Bradley Beal,,WAS,GS,-6.0,235.0,120.5,9,51.0,56.8,62.3,SG/SF,10100,1,103,110,5%,20,23,22,35,35,36,56.8,47.9,36.4,59.3,39.3,58.5,5.8,50.5,5.0,51.1,35.5,5.1
26,0,Brad Wanamaker,,BOS,ATL,-5.0,229.5,117.3,25,-0.5,11.3,25.8,PG/SG,3600,1,106,111,0%,6,5,5,20,15,20,11.3,15.0,8.6,21.4,27.5,35.3,9.8,22.5,6.25,20.4,26.0,5.7
26,1,Delon Wright,,DAL,IND,5.5,211.5,103.0,17,5.0,23.0,38.5,PG/SG,5200,1,100,105,-2%,8,7,6,27,26,22,22.9,20.9,11.7,30.1,24.9,21.3,4.1,25.0,4.81,25.5,27.0,4.9
26,2,Harrison Barnes,,SAC,MIN,-1.0,225.5,113.3,3,11.5,16.5,25.8,SF/PF,4300,1,105,108,6%,7,8,11,30,32,35,16.4,25.4,15.8,34.9,34.2,31.8,7.4,25.8,5.99,24.7,33.5,5.7
26,3,Kristaps Porzingis,,DAL,IND,5.5,211.5,103.0,12,13.8,33.0,56.0,PF/C,7000,1,100,105,-6%,14,14,15,28,27,31,33.0,36.8,25.0,48.6,36.4,59.0,8.4,40.8,5.82,42.4,33.0,6.1
26,4,Caris LeVert,,BKN,PHO,-2.5,224.5,113.5,20,11.8,15.6,19.5,PG/SF,4700,1,104,108,1%,7,9,13,20,22,26,15.6,23.8,15.3,32.4,32.0,45.8,9.7,25.8,5.48,28.1,28.5,6.0
26,5,Jayson Tatum,,BOS,ATL,-5.0,229.5,117.3,20,34.0,42.3,50.0,SF/PF,7500,1,106,111,17%,19,19,18,27,33,34,41.8,39.3,29.0,49.5,35.3,45.3,6.0,42.3,5.63,41.9,33.5,5.6
26,6,Domantas Sabonis,,IND,DAL,-5.5,211.5,108.5,7,36.5,46.5,64.5,PF/C,9600,1,101,109,-1%,14,13,14,36,37,35,46.8,43.9,34.7,53.1,36.5,57.0,5.9,44.8,4.66,44.6,34.5,4.6
26,7,Deandre Ayton,,PHO,BKN,2.5,224.5,111.0,9,30.0,41.0,49.8,C,7700,0,104,106,8%,21,17,16,35,35,33,41.0,40.9,32.0,49.9,34.3,57.8,7.5,45.3,5.88,45.0,35.5,5.8
27,0,Dennis Smith Jr.,,NY,CLE,2.0,215.5,106.8,27,0.8,10.3,19.0,PG,3600,1,101,114,6%,8,5,6,20,13,16,10.3,13.0,4.1,21.9,20.0,35.3,9.8,16.0,4.44,14.5,15.5,4.0
27,1,Bradley Beal,,WAS,GS,-6.0,235.0,120.5,9,51.0,56.8,62.3,SG/SF,10100,1,103,110,5%,20,23,22,35,35,36,56.8,47.9,36.4,59.3,39.3,58.5,5.8,50.5,5.0,51.1,35.5,5.1
27,2,Caris LeVert,,BKN,PHO,-2.5,224.5,113.5,20,11.8,15.6,19.5,PG/SF,4700,1,104,108,1%,7,9,13,20,22,26,15.6,23.8,15.3,32.4,32.0,45.8,9.7,25.8,5.48,28.1,28.5,6.0
27,3,Jayson Tatum,,BOS,ATL,-5.0,229.5,117.3,20,34.0,42.3,50.0,SF/PF,7500,1,106,111,17%,19,19,18,27,33,34,41.8,39.3,29.0,49.5,35.3,45.3,6.0,42.3,5.63,41.9,33.5,5.6
27,4,Brad Wanamaker,,BOS,ATL,-5.0,229.5,117.3,25,-0.5,11.3,25.8,PG/SG,3600,1,106,111,0%,6,5,5,20,15,20,11.3,15.0,8.6,21.4,27.5,35.3,9.8,22.5,6.25,20.4,26.0,5.7
27,5,Jimmy Butler,,MIA,PHI,-2.5,212.0,107.3,12,34.8,39.5,50.3,SG/SF,8100,1,101,103,-4%,15,13,13,35,33,35,39.5,42.6,33.0,52.3,28.6,56.8,7.0,39.3,4.85,41.0,34.5,5.1
27,6,Kristaps Porzingis,,DAL,IND,5.5,211.5,103.0,12,13.8,33.0,56.0,PF/C,7000,1,100,105,-6%,14,14,15,28,27,31,33.0,36.8,25.0,48.6,36.4,59.0,8.4,40.8,5.82,42.4,33.0,6.1
27,7,Elie Okobo,,PHO,BKN,2.5,224.5,111.0,7,2.3,9.5,25.8,PG,3000,0,104,106,9%,2,3,4,16,17,13,9.5,10.4,2.1,18.7,27.6,17.0,5.7,15.8,5.25,15.3,20.5,5.1
28,0,Caris LeVert,,BKN,PHO,-2.5,224.5,113.5,20,11.8,15.6,19.5,PG/SF,4700,1,104,108,1%,7,9,13,20,22,26,15.6,23.8,15.3,32.4,32.0,45.8,9.7,25.8,5.48,28.1,28.5,6.0
28,1,Jeff Teague,,ATL,BOS,5.0,229.5,112.3,3,6.8,16.7,24.5,PG/SG,3900,1,102,103,-10%,9,7,9,25,24,27,19.1,26.4,16.0,36.8,36.5,35.3,9.1,24.3,6.22,25.6,29.5,6.6
28,2,Buddy Hield,,SAC,MIN,-1.0,225.5,113.3,29,19.0,36.1,56.3,SG/SF,6200,1,105,108,2%,15,16,18,28,29,34,35.1,35.0,24.6,45.4,19.8,25.0,4.0,30.8,4.96,31.8,28.5,5.1
28,3,LaMarcus Aldridge,,SA,LAC,9.0,228.5,109.8,2,21.8,34.9,59.0,PF/C,6900,1,105,105,-5%,8,12,15,31,34,34,34.9,37.7,26.9,48.4,33.6,50.3,7.3,38.8,5.62,36.0,33.0,5.2
28,4,Brad Wanamaker,,BOS,ATL,-5.0,229.5,117.3,25,-0.5,11.3,25.8,PG/SG,3600,1,106,111,0%,6,5,5,20,15,20,11.3,15.0,8.6,21.4,27.5,35.3,9.8,22.5,6.25,20.4,26.0,5.7
28,5,Kristaps Porzingis,,DAL,IND,5.5,211.5,103.0,12,13.8,33.0,56.0,PF/C,7000,1,100,105,-6%,14,14,15,28,27,31,33.0,36.8,25.0,48.6,36.4,59.0,8.4,40.8,5.82,42.4,33.0,6.1
28,6,Domantas Sabonis,,IND,DAL,-5.5,211.5,108.5,7,36.5,46.5,64.5,PF/C,9600,1,101,109,-1%,14,13,14,36,37,35,46.8,43.9,34.7,53.1,36.5,57.0,5.9,44.8,4.66,44.6,34.5,4.6
28,7,Alec Burks,,GS,WAS,6.0,235.0,114.5,29,18.5,24.7,28.3,PG/SG,5300,1,105,114,7%,10,10,13,24,25,30,24.7,29.9,19.0,40.9,29.0,42.3,8.0,35.5,6.7,31.1,28.0,5.9
29,0,Jared Harper,,PHO,BKN,2.5,224.5,111.0,7,0.0,0.0,0.0,PG,3000,0,104,106,9%,1,1,1,2,2,2,0.0,0.0,0.0,0.0,3.5,2.0,0.7,4.3,1.42,0.0,0.0,0.0
29,1,Mikal Bridges,,PHO,BKN,2.5,224.5,111.0,20,12.0,22.4,31.0,SG/SF,4500,0,104,106,-12%,7,7,6,33,31,25,22.6,18.2,9.0,27.4,36.2,37.0,8.2,23.5,5.22,23.4,33.5,5.2
29,2,Jimmy Butler,,MIA,PHI,-2.5,212.0,107.3,12,34.8,39.5,50.3,SG/SF,8100,1,101,103,-4%,15,13,13,35,33,35,39.5,42.6,33.0,52.3,28.6,56.8,7.0,39.3,4.85,41.0,34.5,5.1
29,3,Domantas Sabonis,,IND,DAL,-5.5,211.5,108.5,7,36.5,46.5,64.5,PF/C,9600,1,101,109,-1%,14,13,14,36,37,35,46.8,43.9,34.7,53.1,36.5,57.0,5.9,44.8,4.66,44.6,34.5,4.6
29,4,Dennis Smith Jr.,,NY,CLE,2.0,215.5,106.8,27,0.8,10.3,19.0,PG,3600,1,101,114,6%,8,5,6,20,13,16,10.3,13.0,4.1,21.9,20.0,35.3,9.8,16.0,4.44,14.5,15.5,4.0
29,5,Kristaps Porzingis,,DAL,IND,5.5,211.5,103.0,12,13.8,33.0,56.0,PF/C,7000,1,100,105,-6%,14,14,15,28,27,31,33.0,36.8,25.0,48.6,36.4,59.0,8.4,40.8,5.82,42.4,33.0,6.1
29,6,Deandre Ayton,,PHO,BKN,2.5,224.5,111.0,9,30.0,41.0,49.8,C,7700,0,104,106,8%,21,17,16,35,35,33,41.0,40.9,32.0,49.9,34.3,57.8,7.5,45.3,5.88,45.0,35.5,5.8
29,7,Aaron Gordon,,ORL,CHA,-4.5,202.5,103.5,9,18.5,29.1,37.8,SF/PF,6100,1,99,111,7%,18,14,13,34,35,33,29.1,30.3,22.0,38.7,37.6,44.5,7.3,33.8,5.53,31.5,34.0,5.2
30,0,Draymond Green,,GS,WAS,6.0,235.0,114.5,29,15.5,34.4,48.8,PG/SF,6500,1,105,114,4%,7,7,8,27,29,29,34.4,29.8,18.5,41.2,33.2,42.0,6.5,35.0,5.38,33.5,30.0,5.2
30,1,Jimmy Butler,,MIA,PHI,-2.5,212.0,107.3,12,34.8,39.5,50.3,SG/SF,8100,1,101,103,-4%,15,13,13,35,33,35,39.5,42.6,33.0,52.3,28.6,56.8,7.0,39.3,4.85,41.0,34.5,5.1
30,2,Mikal Bridges,,PHO,BKN,2.5,224.5,111.0,20,12.0,22.4,31.0,SG/SF,4500,0,104,106,-12%,7,7,6,33,31,25,22.6,18.2,9.0,27.4,36.2,37.0,8.2,23.5,5.22,23.4,33.5,5.2
30,3,Aaron Gordon,,ORL,CHA,-4.5,202.5,103.5,9,18.5,29.1,37.8,SF/PF,6100,1,99,111,7%,18,14,13,34,35,33,29.1,30.3,22.0,38.7,37.6,44.5,7.3,33.8,5.53,31.5,34.0,5.2
30,4,Bradley Beal,,WAS,GS,-6.0,235.0,120.5,9,51.0,56.8,62.3,SG/SF,10100,1,103,110,5%,20,23,22,35,35,36,56.8,47.9,36.4,59.3,39.3,58.5,5.8,50.5,5.0,51.1,35.5,5.1
30,5,Caris LeVert,,BKN,PHO,-2.5,224.5,113.5,20,11.8,15.6,19.5,PG/SF,4700,1,104,108,1%,7,9,13,20,22,26,15.6,23.8,15.3,32.4,32.0,45.8,9.7,25.8,5.48,28.1,28.5,6.0
30,6,LaMarcus Aldridge,,SA,LAC,9.0,228.5,109.8,2,21.8,34.9,59.0,PF/C,6900,1,105,105,-5%,8,12,15,31,34,34,34.9,37.7,26.9,48.4,33.6,50.3,7.3,38.8,5.62,36.0,33.0,5.2
30,7,Bryn Forbes,,SA,LAC,9.0,228.5,109.8,8,11.0,14.3,23.0,PG/SG,3100,1,105,105,0%,8,8,10,20,22,25,14.3,18.0,9.5,26.5,23.4,13.3,4.3,14.5,4.68,17.1,24.5,5.5
31,0,Elfrid Payton,,NY,CLE,2.0,215.5,106.8,27,32.5,36.6,44.8,PG,6500,1,101,114,6%,13,10,10,34,33,28,36.4,28.4,19.5,37.4,33.0,59.3,9.1,32.5,5.0,31.7,31.0,4.9
31,1,Alec Burks,,GS,WAS,6.0,235.0,114.5,29,18.5,24.7,28.3,PG/SG,5300,1,105,114,7%,10,10,13,24,25,30,24.7,29.9,19.0,40.9,29.0,42.3,8.0,35.5,6.7,31.1,28.0,5.9
31,2,Miles Bridges,,CHA,ORL,4.5,202.5,99.0,22,5.5,23.8,40.5,SF/PF,5800,1,100,105,-5%,18,12,11,36,29,31,23.8,25.0,15.0,34.9,34.7,34.0,5.9,27.8,4.78,29.0,35.0,5.0
31,3,Rodions Kurucs,,BKN,PHO,-2.5,224.5,113.5,12,1.0,10.9,22.8,SF/PF,3000,1,104,108,-2%,5,4,4,12,14,13,10.8,9.8,2.9,16.6,3.2,7.0,2.3,7.3,2.42,0.0,0.0,0.0
31,4,Jeff Teague,,ATL,BOS,5.0,229.5,112.3,3,6.8,16.7,24.5,PG/SG,3900,1,102,103,-10%,9,7,9,25,24,27,19.1,26.4,16.0,36.8,36.5,35.3,9.1,24.3,6.22,25.6,29.5,6.6
31,5,Duncan Robinson,,MIA,PHI,-2.5,212.0,107.3,12,15.8,23.9,33.3,SG/SF,4400,1,101,103,-6%,10,9,9,30,29,29,23.9,21.5,13.0,30.1,34.0,28.0,6.4,21.5,4.89,19.5,29.0,4.4
31,6,Cheick Diallo,,PHO,BKN,2.5,224.5,111.0,30,0.8,9.0,21.3,PF/C,3000,0,104,106,-4%,5,3,3,17,12,10,8.9,9.0,0.3,17.6,13.7,15.0,5.0,14.8,4.92,13.2,15.0,4.4
31,7,Domantas Sabonis,,IND,DAL,-5.5,211.5,108.5,7,36.5,46.5,64.5,PF/C,9600,1,101,109,-1%,14,13,14,36,37,35,46.8,43.9,34.7,53.1,36.5,57.0,5.9,44.8,4.66,44.6,34.5,4.6
32,0,Alec Burks,,GS,WAS,6.0,235.0,114.5,29,18.5,24.7,28.3,PG/SG,5300,1,105,114,7%,10,10,13,24,25,30,24.7,29.9,19.0,40.9,29.0,42.3,8.0,35.5,6.7,31.1,28.0,5.9
32,1,Jimmy Butler,,MIA,PHI,-2.5,212.0,107.3,12,34.8,39.5,50.3,SG/SF,8100,1,101,103,-4%,15,13,13,35,33,35,39.5,42.6,33.0,52.3,28.6,56.8,7.0,39.3,4.85,41.0,34.5,5.1
32,2,Cedi Osman,,CLE,NY,-2.0,215.5,108.8,10,18.5,23.6,33.3,SF/PF,4200,1,101,110,2%,8,9,9,22,24,29,23.6,21.2,13.4,29.0,38.1,22.5,5.4,20.5,4.88,21.5,28.0,5.1
32,3,Julius Randle,Q,NY,CLE,2.0,215.5,106.8,19,33.8,42.3,47.0,PF/C,8500,1,101,114,2%,14,17,16,35,35,33,42.3,38.3,29.6,47.0,38.3,37.0,4.4,41.5,4.88,38.7,33.5,4.6
32,4,T.J. McConnell,,IND,DAL,-5.5,211.5,108.5,30,7.5,23.2,40.5,PG,4100,1,101,109,-5%,3,6,6,16,23,19,22.9,19.4,11.2,27.6,16.5,20.3,5.0,16.0,3.9,14.7,15.5,3.6
32,5,Rui Hachimura,,WAS,GS,-6.0,235.0,120.5,13,9.0,24.4,39.5,PF/C,5100,1,103,110,1%,7,12,12,23,31,29,24.4,25.2,14.7,35.6,25.9,20.0,3.9,15.0,2.94,15.6,17.5,3.1
32,6,Willie Cauley-Stein,,DAL,IND,5.5,211.5,103.0,17,12.0,19.4,31.3,C,4200,1,100,105,1%,5,6,6,19,19,23,19.8,21.9,14.6,29.2,6.5,5.5,1.3,15.5,3.69,13.9,14.5,3.3
32,7,Domantas Sabonis,,IND,DAL,-5.5,211.5,108.5,7,36.5,46.5,64.5,PF/C,9600,1,101,109,-1%,14,13,14,36,37,35,46.8,43.9,34.7,53.1,36.5,57.0,5.9,44.8,4.66,44.6,34.5,4.6
33,0,Brad Wanamaker,,BOS,ATL,-5.0,229.5,117.3,25,-0.5,11.3,25.8,PG/SG,3600,1,106,111,0%,6,5,5,20,15,20,11.3,15.0,8.6,21.4,27.5,35.3,9.8,22.5,6.25,20.4,26.0,5.7
33,1,Bradley Beal,,WAS,GS,-6.0,235.0,120.5,9,51.0,56.8,62.3,SG/SF,10100,1,103,110,5%,20,23,22,35,35,36,56.8,47.9,36.4,59.3,39.3,58.5,5.8,50.5,5.0,51.1,35.5,5.1
33,2,Wes Iwundu,,ORL,CHA,-4.5,202.5,103.5,9,2.3,11.5,21.0,SF,3000,1,99,111,1%,4,4,4,14,18,18,11.4,11.5,4.9,18.0,22.2,17.0,5.7,16.8,5.58,15.7,25.0,5.2
33,3,Thon Maker,,DET,MEM,9.5,223.5,107.0,29,5.0,18.8,30.0,PF/C,3200,0,106,109,5%,3,4,3,10,16,11,18.8,9.5,1.7,17.2,14.6,6.3,2.0,3.8,1.17,10.1,11.5,3.2
33,4,Shabazz Napier,,MIN,SAC,1.0,225.5,112.3,21,24.0,35.9,48.5,PG,6200,1,100,109,-3%,9,7,8,33,31,24,36.0,23.9,12.5,35.3,28.8,31.8,5.1,31.0,5.0,29.3,29.5,4.7
33,5,Caris LeVert,,BKN,PHO,-2.5,224.5,113.5,20,11.8,15.6,19.5,PG/SF,4700,1,104,108,1%,7,9,13,20,22,26,15.6,23.8,15.3,32.4,32.0,45.8,9.7,25.8,5.48,28.1,28.5,6.0
33,6,Kyle O'Quinn,,PHI,MIA,2.5,212.0,104.8,1,0.0,11.9,27.5,PF/C,3800,1,100,106,-6%,4,3,3,11,10,10,11.3,11.4,1.4,21.4,4.4,12.5,3.3,17.5,4.61,0.0,0.0,0.0
33,7,Mikal Bridges,,PHO,BKN,2.5,224.5,111.0,20,12.0,22.4,31.0,SG/SF,4500,0,104,106,-12%,7,7,6,33,31,25,22.6,18.2,9.0,27.4,36.2,37.0,8.2,23.5,5.22,23.4,33.5,5.2
34,0,Markelle Fultz,,ORL,CHA,-4.5,202.5,103.5,5,19.0,24.5,30.5,PG/SG,5400,1,99,111,-6%,10,9,11,30,31,28,24.2,25.9,18.5,33.3,34.7,39.3,7.3,29.5,5.46,28.3,31.5,5.2
34,1,Malik Monk,,CHA,ORL,4.5,202.5,99.0,2,16.5,26.3,48.8,PG/SG,4400,1,100,105,1%,12,13,8,30,28,21,26.3,17.3,6.6,28.1,22.4,25.3,5.8,24.3,5.51,23.3,28.0,5.3
34,2,Vince Carter,,ATL,BOS,5.0,229.5,112.3,2,4.5,18.2,28.0,SF/PF,3500,1,102,103,-3%,10,7,6,24,18,15,18.1,11.3,3.8,18.8,18.5,12.5,3.6,17.0,4.86,17.0,23.5,4.9
34,3,Jaren Jackson Jr.,,MEM,DET,-9.5,223.5,116.5,27,16.5,29.8,44.5,PF/C,6100,2,101,110,5%,11,13,14,25,28,29,29.4,31.4,21.7,41.1,29.7,31.3,5.1,33.0,5.41,33.4,30.5,5.5
34,4,Jimmy Butler,,MIA,PHI,-2.5,212.0,107.3,12,34.8,39.5,50.3,SG/SF,8100,1,101,103,-4%,15,13,13,35,33,35,39.5,42.6,33.0,52.3,28.6,56.8,7.0,39.3,4.85,41.0,34.5,5.1
34,5,Grant Williams,,BOS,ATL,-5.0,229.5,117.3,20,6.8,16.0,25.0,SF/PF,3200,1,106,111,7%,4,4,3,18,18,15,15.7,9.7,2.8,16.6,24.5,28.5,8.9,13.3,4.14,9.8,13.0,3.1
34,6,Bobby Portis,,NY,CLE,2.0,215.5,106.8,19,5.8,13.7,20.5,PF/C,3700,1,101,114,2%,6,6,9,18,20,21,13.7,20.7,10.6,30.7,28.3,15.3,4.1,18.5,5.0,17.2,18.0,4.6
34,7,Langston Galloway,,DET,MEM,9.5,223.5,107.0,13,9.0,13.9,22.3,SG,3300,0,106,109,4%,5,7,8,22,25,26,13.8,17.8,10.7,24.9,36.7,24.5,7.4,16.3,4.92,16.4,22.5,5.0
35,0,Shabazz Napier,,MIN,SAC,1.0,225.5,112.3,21,24.0,35.9,48.5,PG,6200,1,100,109,-3%,9,7,8,33,31,24,36.0,23.9,12.5,35.3,28.8,31.8,5.1,31.0,5.0,29.3,29.5,4.7
35,1,Alec Burks,,GS,WAS,6.0,235.0,114.5,29,18.5,24.7,28.3,PG/SG,5300,1,105,114,7%,10,10,13,24,25,30,24.7,29.9,19.0,40.9,29.0,42.3,8.0,35.5,6.7,31.1,28.0,5.9
35,2,Ryan Broekhoff,,DAL,IND,5.5,211.5,103.0,6,3.3,11.8,19.5,SG/SF,3400,1,100,105,-2%,7,4,3,21,13,10,11.8,8.8,2.0,15.7,19.4,15.3,4.5,15.5,4.56,16.1,21.0,4.7
35,3,Nemanja Bjelica,,SAC,MIN,-1.0,225.5,113.3,20,7.5,26.7,54.3,PF,6000,1,105,108,-1%,9,9,10,29,31,29,26.6,28.2,17.5,39.0,27.3,23.8,4.0,30.0,5.0,32.1,31.5,5.4
35,4,Damyean Dotson,,NY,CLE,2.0,215.5,106.8,18,9.5,16.0,25.3,SG/SF,3300,1,101,114,12%,8,7,6,26,23,18,16.0,12.4,5.0,19.8,15.9,15.8,4.8,17.0,5.15,16.8,23.0,5.1
35,5,Gary Clark,,ORL,CHA,-4.5,202.5,103.5,26,0.0,6.9,13.3,PF/C,3000,1,99,111,7%,1,2,3,8,12,12,6.9,9.0,1.2,16.8,10.3,5.5,1.8,10.3,3.42,7.9,11.0,2.6
35,6,Jarrett Allen,,BKN,PHO,-2.5,224.5,113.5,6,14.3,34.3,50.8,C,6700,1,104,108,1%,6,7,7,28,31,28,34.3,30.5,19.4,41.7,23.2,25.5,3.8,31.5,4.7,30.9,27.5,4.6
35,7,Ish Smith,,WAS,GS,-6.0,235.0,120.5,9,14.0,25.0,34.0,PG,4900,1,103,110,8%,11,10,10,25,26,27,24.9,24.2,14.0,34.4,23.5,20.8,4.2,23.8,4.85,24.2,25.0,4.9
36,0,Delon Wright,,DAL,IND,5.5,211.5,103.0,17,5.0,23.0,38.5,PG/SG,5200,1,100,105,-2%,8,7,6,27,26,22,22.9,20.9,11.7,30.1,24.9,21.3,4.1,25.0,4.81,25.5,27.0,4.9
36,1,Josh Okogie,,MIN,SAC,1.0,225.5,112.3,22,10.3,19.6,35.5,SG/SF,3900,1,100,109,6%,8,8,7,26,24,24,19.6,18.6,10.4,26.8,26.4,22.0,5.6,18.3,4.68,17.5,23.0,4.5
36,2,Terrence Ross,,ORL,CHA,-4.5,202.5,103.5,24,13.3,21.4,38.8,SG/SF,4700,1,99,111,2%,13,14,12,30,30,27,21.4,22.0,14.5,29.5,30.5,25.8,5.5,24.5,5.21,24.7,30.0,5.3
36,3,Aaron Gordon,,ORL,CHA,-4.5,202.5,103.5,9,18.5,29.1,37.8,SF/PF,6100,1,99,111,7%,18,14,13,34,35,33,29.1,30.3,22.0,38.7,37.6,44.5,7.3,33.8,5.53,31.5,34.0,5.2
36,4,Tyus Jones,,MEM,DET,-9.5,223.5,116.5,28,3.3,16.8,21.3,PG,3200,2,101,110,2%,8,6,6,21,18,19,16.3,16.8,9.2,24.5,21.0,25.5,8.0,16.5,5.16,14.0,16.0,4.4
36,5,Sekou Doumbouya,,DET,MEM,9.5,223.5,107.0,16,1.5,11.0,23.3,SF/PF,3000,0,106,109,0%,7,6,6,21,24,20,11.0,13.4,1.7,25.0,26.4,19.8,6.6,16.3,5.42,19.4,28.0,6.5
36,6,Daniel Theis,,BOS,ATL,-5.0,229.5,117.3,23,13.3,26.1,32.8,C,5600,1,106,111,7%,3,7,6,26,29,23,26.1,23.0,15.9,30.2,19.2,13.5,2.4,23.3,4.15,25.7,25.0,4.6
36,7,James Ennis III,,PHI,MIA,2.5,212.0,104.8,28,2.8,4.0,5.5,SF/PF,3100,1,100,106,-2%,2,2,5,6,6,16,4.7,12.8,5.7,19.8,16.8,8.3,2.7,4.8,1.53,0.0,0.0,0.0
37,0,Garrett Temple,,BKN,PHO,-2.5,224.5,113.5,20,10.8,20.1,30.3,PG/SG,4000,1,104,108,1%,12,9,10,31,29,29,20.1,21.6,13.2,30.0,22.5,9.5,2.4,23.0,5.75,20.3,28.0,5.1
37,1,Terrence Ross,,ORL,CHA,-4.5,202.5,103.5,24,13.3,21.4,38.8,SG/SF,4700,1,99,111,2%,13,14,12,30,30,27,21.4,22.0,14.5,29.5,30.5,25.8,5.5,24.5,5.21,24.7,30.0,5.3
37,2,Wes Iwundu,,ORL,CHA,-4.5,202.5,103.5,9,2.3,11.5,21.0,SF,3000,1,99,111,1%,4,4,4,14,18,18,11.4,11.5,4.9,18.0,22.2,17.0,5.7,16.8,5.58,15.7,25.0,5.2
37,3,Jayson Tatum,,BOS,ATL,-5.0,229.5,117.3,20,34.0,42.3,50.0,SF/PF,7500,1,106,111,17%,19,19,18,27,33,34,41.8,39.3,29.0,49.5,35.3,45.3,6.0,42.3,5.63,41.9,33.5,5.6
37,4,Dante Exum,,CLE,NY,-2.0,215.5,108.8,6,4.8,11.1,17.5,PG/SG,3300,1,101,110,1%,6,4,4,11,16,13,11.1,9.0,1.8,16.2,15.7,12.8,3.9,10.0,3.03,11.8,16.0,3.6
37,5,Jordan Bell,,MIN,SAC,1.0,225.5,112.3,16,3.3,5.9,7.0,PF/C,3000,1,100,109,-8%,2,1,2,4,4,9,4.5,8.2,1.8,14.6,9.2,5.3,1.8,3.3,1.08,0.0,0.0,0.0
37,6,Jakob Poeltl,,SA,LAC,9.0,228.5,109.8,29,7.3,25.4,40.3,C,5200,1,105,105,4%,5,6,4,20,20,18,25.4,19.2,10.7,27.7,14.3,20.0,3.8,19.0,3.65,18.1,16.5,3.5
37,7,Dillon Brooks,,MEM,DET,-9.5,223.5,116.5,4,22.8,32.0,38.8,SG,5900,2,101,110,0%,16,16,14,29,31,29,32.5,27.1,16.9,37.3,30.3,29.5,5.0,29.3,4.96,28.2,30.0,4.8
38,0,Malik Monk,,CHA,ORL,4.5,202.5,99.0,2,16.5,26.3,48.8,PG/SG,4400,1,100,105,1%,12,13,8,30,28,21,26.3,17.3,6.6,28.1,22.4,25.3,5.8,24.3,5.51,23.3,28.0,5.3
38,1,Damion Lee,,GS,WAS,6.0,235.0,114.5,25,9.3,18.1,29.0,SG,5700,1,105,114,7%,9,7,10,30,27,29,18.1,24.9,14.5,35.4,34.2,32.8,5.8,31.3,5.48,29.0,30.0,5.1
38,2,Wes Iwundu,,ORL,CHA,-4.5,202.5,103.5,9,2.3,11.5,21.0,SF,3000,1,99,111,1%,4,4,4,14,18,18,11.4,11.5,4.9,18.0,22.2,17.0,5.7,16.8,5.58,15.7,25.0,5.2
38,3,Cheick Diallo,,PHO,BKN,2.5,224.5,111.0,30,0.8,9.0,21.3,PF/C,3000,0,104,106,-4%,5,3,3,17,12,10,8.9,9.0,0.3,17.6,13.7,15.0,5.0,14.8,4.92,13.2,15.0,4.4
38,4,Malcolm Brogdon,,IND,DAL,-5.5,211.5,108.5,30,10.0,28.2,43.5,PG,6300,1,101,109,-5%,12,13,15,35,32,32,33.1,37.9,28.8,47.0,31.5,29.0,4.6,35.3,5.6,35.9,32.5,5.7
38,5,Derrick Jones Jr.,,MIA,PHI,-2.5,212.0,107.3,13,12.0,16.2,22.8,SF/PF,3800,1,101,103,-6%,5,5,7,25,24,26,16.2,19.3,11.6,27.1,37.5,25.8,6.8,17.8,4.67,17.3,22.5,4.6
38,6,Ian Mahinmi,,WAS,GS,-6.0,235.0,120.5,19,14.8,17.9,22.5,C,4300,1,103,110,3%,7,5,6,22,22,23,18.3,22.3,13.1,31.5,9.2,9.8,2.3,17.0,3.95,17.9,18.5,4.2
38,7,Damian Jones,,ATL,BOS,5.0,229.5,112.3,20,7.5,18.6,30.5,C,4400,1,102,103,-5%,7,4,4,28,20,17,18.6,14.2,6.0,22.3,17.1,7.5,1.7,22.8,5.17,22.5,28.0,5.1
39,0,Ja Morant,,MEM,DET,-9.5,223.5,116.5,28,21.3,36.3,44.3,PG,6800,2,101,110,2%,13,13,14,27,30,30,36.3,34.4,23.9,45.0,27.0,24.5,3.6,33.8,4.96,36.5,31.5,5.4
39,1,Delon Wright,,DAL,IND,5.5,211.5,103.0,17,5.0,23.0,38.5,PG/SG,5200,1,100,105,-2%,8,7,6,27,26,22,22.9,20.9,11.7,30.1,24.9,21.3,4.1,25.0,4.81,25.5,27.0,4.9
39,2,Solomon Hill,,MEM,DET,-9.5,223.5,116.5,7,10.0,12.2,16.3,SF/PF,3300,2,101,110,0%,4,3,5,22,19,19,12.3,14.4,8.1,20.7,13.6,4.3,1.3,12.5,3.79,10.7,14.0,3.2
39,3,Vince Carter,,ATL,BOS,5.0,229.5,112.3,2,4.5,18.2,28.0,SF/PF,3500,1,102,103,-3%,10,7,6,24,18,15,18.1,11.3,3.8,18.8,18.5,12.5,3.6,17.0,4.86,17.0,23.5,4.9
39,4,Patty Mills,,SA,LAC,9.0,228.5,109.8,8,19.3,24.6,36.3,PG/SG,4200,1,105,105,1%,11,11,9,22,24,24,24.6,20.0,11.2,28.7,24.7,28.5,6.8,20.8,4.94,17.4,22.0,4.1
39,5,Jeremy Lamb,,IND,DAL,-5.5,211.5,108.5,5,11.5,22.8,38.5,SG/SF,4900,1,101,109,-4%,9,10,11,29,28,30,23.0,26.3,17.0,35.5,28.4,22.8,4.7,23.5,4.8,22.6,26.5,4.6
39,6,Montrezl Harrell,,LAC,SA,-9.0,228.5,118.8,25,26.0,36.8,44.8,C,6800,1,102,110,1%,15,16,14,28,29,29,36.8,34.3,24.0,44.5,24.8,18.3,2.7,32.3,4.74,34.3,28.5,5.0
39,7,Landry Shamet,,LAC,SA,-9.0,228.5,118.8,1,17.3,25.6,35.5,SG/SF,4500,1,102,110,-1%,8,11,8,32,36,29,25.6,18.1,10.8,25.4,28.4,8.3,1.8,22.3,4.94,16.1,27.0,3.6
40,0,Derrick White,,SA,LAC,9.0,228.5,109.8,8,7.0,22.8,39.5,PG/SG,4600,1,105,105,1%,8,7,8,25,26,24,22.8,21.7,13.4,29.9,23.4,27.0,5.9,22.0,4.78,21.3,24.5,4.6
40,1,Jaylen Brown,,BOS,ATL,-5.0,229.5,117.3,14,25.5,36.7,47.3,SG/SF,7600,1,106,111,5%,18,16,15,32,35,34,36.6,35.5,26.0,45.1,32.6,28.8,3.8,38.8,5.1,39.5,36.0,5.2
40,2,James Ennis III,,PHI,MIA,2.5,212.0,104.8,28,2.8,4.0,5.5,SF/PF,3100,1,100,106,-2%,2,2,5,6,6,16,4.7,12.8,5.7,19.8,16.8,8.3,2.7,4.8,1.53,0.0,0.0,0.0
40,3,Cedi Osman,,CLE,NY,-2.0,215.5,108.8,10,18.5,23.6,33.3,SF/PF,4200,1,101,110,2%,8,9,9,22,24,29,23.6,21.2,13.4,29.0,38.1,22.5,5.4,20.5,4.88,21.5,28.0,5.1
40,4,Garrett Temple,,BKN,PHO,-2.5,224.5,113.5,20,10.8,20.1,30.3,PG/SG,4000,1,104,108,1%,12,9,10,31,29,29,20.1,21.6,13.2,30.0,22.5,9.5,2.4,23.0,5.75,20.3,28.0,5.1
40,5,Justin Holiday,,IND,DAL,-5.5,211.5,108.5,24,9.5,19.5,25.5,SF,3700,1,101,109,-4%,5,6,7,27,25,26,19.8,19.0,11.6,26.4,25.9,15.8,4.3,18.0,4.86,17.8,26.0,4.8
40,6,Harry Giles III,,SAC,MIN,-1.0,225.5,113.3,20,3.3,15.5,27.0,PF/C,3500,1,105,108,-1%,4,4,4,10,13,11,15.5,11.9,4.3,19.6,12.9,6.3,1.8,17.0,4.86,0.0,0.0,0.0
40,7,Shake Milton,,PHI,MIA,2.5,212.0,104.8,1,16.8,25.7,46.3,PG/SG,5100,1,100,106,-1%,10,8,5,32,28,14,25.6,12.2,0.2,24.3,29.9,16.5,3.2,21.0,4.12,19.7,26.5,3.9
