Lineup Num,,Player Name,injury_status,team,opp,spread,over_under,implied_team_score,L5_dvp_rank,L5_ppg_floor,L5_ppg_avg,L5_ppg_max,Pos,Salary,Rest,Opp Pace,Opp DEff,Opp DvP,L2 FGA,L5 FGA,S FGA,L2 Min,L5 Min,S Min,L5 FP,S FP,Floor FP,Ceil FP,Actual Min,Actual FP,Actual Val,FantasyFuelPPGProj,FantasyFuelValueProj,DFN_PPGProj,DFN_MinProj,DFN_ValueProj
0,0,Patty Mills,,SA,MIA,2.0,225.5,111.8,12,15.3,19.0,26.3,PG/SG,3400,1,101,106,-9%,13,10,9,24,24,23,19.0,19.3,10.4,28.2,29.1,30.3,8.9,19.5,5.74,18.9,24.0,5.6
0,1,DeMar DeRozan,,SA,MIA,2.0,225.5,111.8,18,44.0,50.6,62.8,SG/SF,8400,1,101,106,-1%,16,16,16,37,36,35,50.4,39.2,30.9,47.5,37.6,45.8,5.5,40.3,4.79,41.7,35.5,5.0
0,2,Doug McDermott,,IND,DEN,-1.0,213.5,107.3,15,5.8,18.7,29.0,SF/PF,3300,1,100,105,-8%,11,9,8,21,20,21,18.6,15.8,8.4,23.3,21.0,32.5,9.8,15.5,4.7,13.8,18.5,4.2
0,3,Domantas Sabonis,,IND,DEN,-1.0,213.5,107.3,13,19.8,43.4,58.3,PF/C,7900,1,100,105,-3%,15,14,14,34,35,34,48.9,43.8,35.8,51.8,40.7,58.3,7.4,41.8,5.28,42.7,34.0,5.4
0,4,Derrick White,,SA,MIA,2.0,225.5,111.8,12,10.3,20.1,29.5,PG/SG,4100,1,101,106,-9%,7,7,7,20,21,24,20.1,20.6,13.5,27.7,25.9,29.0,7.1,19.8,4.82,20.7,23.5,5.0
0,5,Justin Holiday,,IND,DEN,-1.0,213.5,107.3,6,12.5,19.4,25.5,SG/SF,3600,1,100,105,-4%,5,7,7,29,27,26,19.4,18.4,10.8,25.9,25.3,22.5,6.3,17.5,4.86,16.6,25.5,4.6
0,6,Bam Adebayo,,MIA,SA,-2.0,225.5,113.8,6,27.5,39.1,46.3,C,8800,1,103,110,0%,13,11,11,34,33,35,39.1,41.0,30.5,51.5,36.2,54.5,6.2,40.0,4.55,41.0,34.5,4.7
0,7,Nikola Jokic,,DEN,IND,1.0,213.5,106.3,5,38.0,48.0,55.5,C,9600,2,101,104,1%,15,15,15,36,34,32,48.0,44.9,32.5,57.3,31.7,56.5,5.9,48.0,5.0,49.8,34.0,5.2
1,0,Patty Mills,,SA,MIA,2.0,225.5,111.8,12,15.3,19.0,26.3,PG/SG,3400,1,101,106,-9%,13,10,9,24,24,23,19.0,19.3,10.4,28.2,29.1,30.3,8.9,19.5,5.74,18.9,24.0,5.6
1,1,Derrick White,,SA,MIA,2.0,225.5,111.8,12,10.3,20.1,29.5,PG/SG,4100,1,101,106,-9%,7,7,7,20,21,24,20.1,20.6,13.5,27.7,25.9,29.0,7.1,19.8,4.82,20.7,23.5,5.0
1,2,DeMar DeRozan,,SA,MIA,2.0,225.5,111.8,18,44.0,50.6,62.8,SG/SF,8400,1,101,106,-1%,16,16,16,37,36,35,50.4,39.2,30.9,47.5,37.6,45.8,5.5,40.3,4.79,41.7,35.5,5.0
1,3,Domantas Sabonis,,IND,DEN,-1.0,213.5,107.3,13,19.8,43.4,58.3,PF/C,7900,1,100,105,-3%,15,14,14,34,35,34,48.9,43.8,35.8,51.8,40.7,58.3,7.4,41.8,5.28,42.7,34.0,5.4
1,4,Malcolm Brogdon,,IND,DEN,-1.0,213.5,107.3,18,2.5,30.0,46.3,PG/SG,7300,1,100,105,-5%,15,15,15,31,32,32,35.4,38.6,29.9,47.4,35.9,37.8,5.2,35.3,4.83,35.7,32.0,4.9
1,5,Doug McDermott,,IND,DEN,-1.0,213.5,107.3,15,5.8,18.7,29.0,SF/PF,3300,1,100,105,-8%,11,9,8,21,20,21,18.6,15.8,8.4,23.3,21.0,32.5,9.8,15.5,4.7,13.8,18.5,4.2
1,6,Nikola Jokic,,DEN,IND,1.0,213.5,106.3,5,38.0,48.0,55.5,C,9600,2,101,104,1%,15,15,15,36,34,32,48.0,44.9,32.5,57.3,31.7,56.5,5.9,48.0,5.0,49.8,34.0,5.2
1,7,Goran Dragic,,MIA,SA,-2.0,225.5,113.8,6,12.0,22.0,27.0,PG,5300,1,103,110,8%,13,11,12,27,27,28,22.0,28.7,19.8,37.6,23.6,27.8,5.2,28.8,5.42,26.4,25.5,5.0
2,0,Malcolm Brogdon,,IND,DEN,-1.0,213.5,107.3,18,2.5,30.0,46.3,PG/SG,7300,1,100,105,-5%,15,15,15,31,32,32,35.4,38.6,29.9,47.4,35.9,37.8,5.2,35.3,4.83,35.7,32.0,4.9
2,1,DeMar DeRozan,,SA,MIA,2.0,225.5,111.8,18,44.0,50.6,62.8,SG/SF,8400,1,101,106,-1%,16,16,16,37,36,35,50.4,39.2,30.9,47.5,37.6,45.8,5.5,40.3,4.79,41.7,35.5,5.0
2,2,Marco Belinelli,,SA,MIA,2.0,225.5,111.8,8,0.0,6.7,17.0,SF,3300,1,101,106,-1%,6,5,6,11,13,16,10.7,10.8,5.6,16.0,20.7,24.8,7.5,14.0,4.24,12.6,16.5,3.8
2,3,Domantas Sabonis,,IND,DEN,-1.0,213.5,107.3,13,19.8,43.4,58.3,PF/C,7900,1,100,105,-3%,15,14,14,34,35,34,48.9,43.8,35.8,51.8,40.7,58.3,7.4,41.8,5.28,42.7,34.0,5.4
2,4,Kendrick Nunn,,MIA,SA,-2.0,225.5,113.8,6,15.8,28.6,48.3,PG/SG,5600,1,103,110,8%,18,14,14,31,28,30,28.6,27.0,17.6,36.5,36.3,31.8,5.7,27.0,4.82,25.9,28.5,4.6
2,5,Doug McDermott,,IND,DEN,-1.0,213.5,107.3,15,5.8,18.7,29.0,SF/PF,3300,1,100,105,-8%,11,9,8,21,20,21,18.6,15.8,8.4,23.3,21.0,32.5,9.8,15.5,4.7,13.8,18.5,4.2
2,6,Nikola Jokic,,DEN,IND,1.0,213.5,106.3,5,38.0,48.0,55.5,C,9600,2,101,104,1%,15,15,15,36,34,32,48.0,44.9,32.5,57.3,31.7,56.5,5.9,48.0,5.0,49.8,34.0,5.2
2,7,Patty Mills,,SA,MIA,2.0,225.5,111.8,12,15.3,19.0,26.3,PG/SG,3400,1,101,106,-9%,13,10,9,24,24,23,19.0,19.3,10.4,28.2,29.1,30.3,8.9,19.5,5.74,18.9,24.0,5.6
3,0,Derrick White,,SA,MIA,2.0,225.5,111.8,12,10.3,20.1,29.5,PG/SG,4100,1,101,106,-9%,7,7,7,20,21,24,20.1,20.6,13.5,27.7,25.9,29.0,7.1,19.8,4.82,20.7,23.5,5.0
3,1,Patty Mills,,SA,MIA,2.0,225.5,111.8,12,15.3,19.0,26.3,PG/SG,3400,1,101,106,-9%,13,10,9,24,24,23,19.0,19.3,10.4,28.2,29.1,30.3,8.9,19.5,5.74,18.9,24.0,5.6
3,2,Will Barton,,DEN,IND,1.0,213.5,106.3,10,18.8,38.2,53.8,PG/SF,7600,2,101,104,-2%,16,16,13,37,36,34,38.1,33.4,23.1,43.8,35.9,33.3,4.4,32.3,4.24,33.6,34.5,4.4
3,3,Domantas Sabonis,,IND,DEN,-1.0,213.5,107.3,13,19.8,43.4,58.3,PF/C,7900,1,100,105,-3%,15,14,14,34,35,34,48.9,43.8,35.8,51.8,40.7,58.3,7.4,41.8,5.28,42.7,34.0,5.4
3,4,Kendrick Nunn,,MIA,SA,-2.0,225.5,113.8,6,15.8,28.6,48.3,PG/SG,5600,1,103,110,8%,18,14,14,31,28,30,28.6,27.0,17.6,36.5,36.3,31.8,5.7,27.0,4.82,25.9,28.5,4.6
3,5,DeMar DeRozan,,SA,MIA,2.0,225.5,111.8,18,44.0,50.6,62.8,SG/SF,8400,1,101,106,-1%,16,16,16,37,36,35,50.4,39.2,30.9,47.5,37.6,45.8,5.5,40.3,4.79,41.7,35.5,5.0
3,6,Nikola Jokic,,DEN,IND,1.0,213.5,106.3,5,38.0,48.0,55.5,C,9600,2,101,104,1%,15,15,15,36,34,32,48.0,44.9,32.5,57.3,31.7,56.5,5.9,48.0,5.0,49.8,34.0,5.2
3,7,Doug McDermott,,IND,DEN,-1.0,213.5,107.3,15,5.8,18.7,29.0,SF/PF,3300,1,100,105,-8%,11,9,8,21,20,21,18.6,15.8,8.4,23.3,21.0,32.5,9.8,15.5,4.7,13.8,18.5,4.2
4,0,Patty Mills,,SA,MIA,2.0,225.5,111.8,12,15.3,19.0,26.3,PG/SG,3400,1,101,106,-9%,13,10,9,24,24,23,19.0,19.3,10.4,28.2,29.1,30.3,8.9,19.5,5.74,18.9,24.0,5.6
4,1,Malcolm Brogdon,,IND,DEN,-1.0,213.5,107.3,18,2.5,30.0,46.3,PG/SG,7300,1,100,105,-5%,15,15,15,31,32,32,35.4,38.6,29.9,47.4,35.9,37.8,5.2,35.3,4.83,35.7,32.0,4.9
4,2,Doug McDermott,,IND,DEN,-1.0,213.5,107.3,15,5.8,18.7,29.0,SF/PF,3300,1,100,105,-8%,11,9,8,21,20,21,18.6,15.8,8.4,23.3,21.0,32.5,9.8,15.5,4.7,13.8,18.5,4.2
4,3,Domantas Sabonis,,IND,DEN,-1.0,213.5,107.3,13,19.8,43.4,58.3,PF/C,7900,1,100,105,-3%,15,14,14,34,35,34,48.9,43.8,35.8,51.8,40.7,58.3,7.4,41.8,5.28,42.7,34.0,5.4
4,4,DeMar DeRozan,,SA,MIA,2.0,225.5,111.8,18,44.0,50.6,62.8,SG/SF,8400,1,101,106,-1%,16,16,16,37,36,35,50.4,39.2,30.9,47.5,37.6,45.8,5.5,40.3,4.79,41.7,35.5,5.0
4,5,T.J. Warren,,IND,DEN,-1.0,213.5,107.3,15,9.0,27.5,42.3,SF/PF,6000,1,100,105,-8%,15,16,15,32,33,33,35.7,28.8,18.7,38.8,33.4,29.3,4.9,26.3,4.38,26.3,31.5,4.4
4,6,Bam Adebayo,,MIA,SA,-2.0,225.5,113.8,6,27.5,39.1,46.3,C,8800,1,103,110,0%,13,11,11,34,33,35,39.1,41.0,30.5,51.5,36.2,54.5,6.2,40.0,4.55,41.0,34.5,4.7
4,7,Derrick White,,SA,MIA,2.0,225.5,111.8,12,10.3,20.1,29.5,PG/SG,4100,1,101,106,-9%,7,7,7,20,21,24,20.1,20.6,13.5,27.7,25.9,29.0,7.1,19.8,4.82,20.7,23.5,5.0
5,0,T.J. McConnell,,IND,DEN,-1.0,213.5,107.3,18,8.3,13.9,20.0,PG,3100,1,100,105,-5%,5,5,6,18,19,19,13.8,18.7,11.1,26.2,22.5,20.3,6.5,14.5,4.68,16.0,18.0,5.2
5,1,Patty Mills,,SA,MIA,2.0,225.5,111.8,12,15.3,19.0,26.3,PG/SG,3400,1,101,106,-9%,13,10,9,24,24,23,19.0,19.3,10.4,28.2,29.1,30.3,8.9,19.5,5.74,18.9,24.0,5.6
5,2,Justin Holiday,,IND,DEN,-1.0,213.5,107.3,6,12.5,19.4,25.5,SG/SF,3600,1,100,105,-4%,5,7,7,29,27,26,19.4,18.4,10.8,25.9,25.3,22.5,6.3,17.5,4.86,16.6,25.5,4.6
5,3,Domantas Sabonis,,IND,DEN,-1.0,213.5,107.3,13,19.8,43.4,58.3,PF/C,7900,1,100,105,-3%,15,14,14,34,35,34,48.9,43.8,35.8,51.8,40.7,58.3,7.4,41.8,5.28,42.7,34.0,5.4
5,4,Derrick White,,SA,MIA,2.0,225.5,111.8,12,10.3,20.1,29.5,PG/SG,4100,1,101,106,-9%,7,7,7,20,21,24,20.1,20.6,13.5,27.7,25.9,29.0,7.1,19.8,4.82,20.7,23.5,5.0
5,5,DeMar DeRozan,,SA,MIA,2.0,225.5,111.8,18,44.0,50.6,62.8,SG/SF,8400,1,101,106,-1%,16,16,16,37,36,35,50.4,39.2,30.9,47.5,37.6,45.8,5.5,40.3,4.79,41.7,35.5,5.0
5,6,Bam Adebayo,,MIA,SA,-2.0,225.5,113.8,6,27.5,39.1,46.3,C,8800,1,103,110,0%,13,11,11,34,33,35,39.1,41.0,30.5,51.5,36.2,54.5,6.2,40.0,4.55,41.0,34.5,4.7
5,7,Nikola Jokic,,DEN,IND,1.0,213.5,106.3,5,38.0,48.0,55.5,C,9600,2,101,104,1%,15,15,15,36,34,32,48.0,44.9,32.5,57.3,31.7,56.5,5.9,48.0,5.0,49.8,34.0,5.2
6,0,Patty Mills,,SA,MIA,2.0,225.5,111.8,12,15.3,19.0,26.3,PG/SG,3400,1,101,106,-9%,13,10,9,24,24,23,19.0,19.3,10.4,28.2,29.1,30.3,8.9,19.5,5.74,18.9,24.0,5.6
6,1,DeMar DeRozan,,SA,MIA,2.0,225.5,111.8,18,44.0,50.6,62.8,SG/SF,8400,1,101,106,-1%,16,16,16,37,36,35,50.4,39.2,30.9,47.5,37.6,45.8,5.5,40.3,4.79,41.7,35.5,5.0
6,2,Duncan Robinson,,MIA,SA,-2.0,225.5,113.8,23,11.5,22.0,29.3,SG/SF,4600,1,103,110,8%,11,10,9,37,32,29,22.0,21.3,12.4,30.1,35.0,23.8,5.2,22.0,4.78,20.8,29.0,4.5
6,3,Domantas Sabonis,,IND,DEN,-1.0,213.5,107.3,13,19.8,43.4,58.3,PF/C,7900,1,100,105,-3%,15,14,14,34,35,34,48.9,43.8,35.8,51.8,40.7,58.3,7.4,41.8,5.28,42.7,34.0,5.4
6,4,Malcolm Brogdon,,IND,DEN,-1.0,213.5,107.3,18,2.5,30.0,46.3,PG/SG,7300,1,100,105,-5%,15,15,15,31,32,32,35.4,38.6,29.9,47.4,35.9,37.8,5.2,35.3,4.83,35.7,32.0,4.9
6,5,Doug McDermott,,IND,DEN,-1.0,213.5,107.3,15,5.8,18.7,29.0,SF/PF,3300,1,100,105,-8%,11,9,8,21,20,21,18.6,15.8,8.4,23.3,21.0,32.5,9.8,15.5,4.7,13.8,18.5,4.2
6,6,Nikola Jokic,,DEN,IND,1.0,213.5,106.3,5,38.0,48.0,55.5,C,9600,2,101,104,1%,15,15,15,36,34,32,48.0,44.9,32.5,57.3,31.7,56.5,5.9,48.0,5.0,49.8,34.0,5.2
6,7,Derrick White,,SA,MIA,2.0,225.5,111.8,12,10.3,20.1,29.5,PG/SG,4100,1,101,106,-9%,7,7,7,20,21,24,20.1,20.6,13.5,27.7,25.9,29.0,7.1,19.8,4.82,20.7,23.5,5.0
7,0,Patty Mills,,SA,MIA,2.0,225.5,111.8,12,15.3,19.0,26.3,PG/SG,3400,1,101,106,-9%,13,10,9,24,24,23,19.0,19.3,10.4,28.2,29.1,30.3,8.9,19.5,5.74,18.9,24.0,5.6
7,1,DeMar DeRozan,,SA,MIA,2.0,225.5,111.8,18,44.0,50.6,62.8,SG/SF,8400,1,101,106,-1%,16,16,16,37,36,35,50.4,39.2,30.9,47.5,37.6,45.8,5.5,40.3,4.79,41.7,35.5,5.0
7,2,Justin Holiday,,IND,DEN,-1.0,213.5,107.3,6,12.5,19.4,25.5,SG/SF,3600,1,100,105,-4%,5,7,7,29,27,26,19.4,18.4,10.8,25.9,25.3,22.5,6.3,17.5,4.86,16.6,25.5,4.6
7,3,Domantas Sabonis,,IND,DEN,-1.0,213.5,107.3,13,19.8,43.4,58.3,PF/C,7900,1,100,105,-3%,15,14,14,34,35,34,48.9,43.8,35.8,51.8,40.7,58.3,7.4,41.8,5.28,42.7,34.0,5.4
7,4,T.J. McConnell,,IND,DEN,-1.0,213.5,107.3,18,8.3,13.9,20.0,PG,3100,1,100,105,-5%,5,5,6,18,19,19,13.8,18.7,11.1,26.2,22.5,20.3,6.5,14.5,4.68,16.0,18.0,5.2
7,5,Jerami Grant,,DEN,IND,1.0,213.5,106.3,4,16.0,23.4,34.0,PF/C,4300,2,101,104,-17%,10,8,8,29,30,24,23.1,17.8,10.7,25.0,33.4,25.8,6.0,22.8,5.29,21.6,29.0,5.0
7,6,Nikola Jokic,,DEN,IND,1.0,213.5,106.3,5,38.0,48.0,55.5,C,9600,2,101,104,1%,15,15,15,36,34,32,48.0,44.9,32.5,57.3,31.7,56.5,5.9,48.0,5.0,49.8,34.0,5.2
7,7,Bam Adebayo,,MIA,SA,-2.0,225.5,113.8,6,27.5,39.1,46.3,C,8800,1,103,110,0%,13,11,11,34,33,35,39.1,41.0,30.5,51.5,36.2,54.5,6.2,40.0,4.55,41.0,34.5,4.7
8,0,Patty Mills,,SA,MIA,2.0,225.5,111.8,12,15.3,19.0,26.3,PG/SG,3400,1,101,106,-9%,13,10,9,24,24,23,19.0,19.3,10.4,28.2,29.1,30.3,8.9,19.5,5.74,18.9,24.0,5.6
8,1,Kendrick Nunn,,MIA,SA,-2.0,225.5,113.8,6,15.8,28.6,48.3,PG/SG,5600,1,103,110,8%,18,14,14,31,28,30,28.6,27.0,17.6,36.5,36.3,31.8,5.7,27.0,4.82,25.9,28.5,4.6
8,2,T.J. Warren,,IND,DEN,-1.0,213.5,107.3,15,9.0,27.5,42.3,SF/PF,6000,1,100,105,-8%,15,16,15,32,33,33,35.7,28.8,18.7,38.8,33.4,29.3,4.9,26.3,4.38,26.3,31.5,4.4
8,3,Domantas Sabonis,,IND,DEN,-1.0,213.5,107.3,13,19.8,43.4,58.3,PF/C,7900,1,100,105,-3%,15,14,14,34,35,34,48.9,43.8,35.8,51.8,40.7,58.3,7.4,41.8,5.28,42.7,34.0,5.4
8,4,Torrey Craig,,DEN,IND,1.0,213.5,106.3,28,0.0,9.4,17.3,SG/SF,4400,2,101,104,-2%,4,4,3,22,19,14,9.3,8.5,1.3,15.6,25.2,19.0,4.3,15.5,3.52,15.5,23.0,3.5
8,5,Doug McDermott,,IND,DEN,-1.0,213.5,107.3,15,5.8,18.7,29.0,SF/PF,3300,1,100,105,-8%,11,9,8,21,20,21,18.6,15.8,8.4,23.3,21.0,32.5,9.8,15.5,4.7,13.8,18.5,4.2
8,6,Nikola Jokic,,DEN,IND,1.0,213.5,106.3,5,38.0,48.0,55.5,C,9600,2,101,104,1%,15,15,15,36,34,32,48.0,44.9,32.5,57.3,31.7,56.5,5.9,48.0,5.0,49.8,34.0,5.2
8,7,Bam Adebayo,,MIA,SA,-2.0,225.5,113.8,6,27.5,39.1,46.3,C,8800,1,103,110,0%,13,11,11,34,33,35,39.1,41.0,30.5,51.5,36.2,54.5,6.2,40.0,4.55,41.0,34.5,4.7
9,0,Derrick White,,SA,MIA,2.0,225.5,111.8,12,10.3,20.1,29.5,PG/SG,4100,1,101,106,-9%,7,7,7,20,21,24,20.1,20.6,13.5,27.7,25.9,29.0,7.1,19.8,4.82,20.7,23.5,5.0
9,1,Kendrick Nunn,,MIA,SA,-2.0,225.5,113.8,6,15.8,28.6,48.3,PG/SG,5600,1,103,110,8%,18,14,14,31,28,30,28.6,27.0,17.6,36.5,36.3,31.8,5.7,27.0,4.82,25.9,28.5,4.6
9,2,DeMar DeRozan,,SA,MIA,2.0,225.5,111.8,18,44.0,50.6,62.8,SG/SF,8400,1,101,106,-1%,16,16,16,37,36,35,50.4,39.2,30.9,47.5,37.6,45.8,5.5,40.3,4.79,41.7,35.5,5.0
9,3,Domantas Sabonis,,IND,DEN,-1.0,213.5,107.3,13,19.8,43.4,58.3,PF/C,7900,1,100,105,-3%,15,14,14,34,35,34,48.9,43.8,35.8,51.8,40.7,58.3,7.4,41.8,5.28,42.7,34.0,5.4
9,4,Justin Holiday,,IND,DEN,-1.0,213.5,107.3,6,12.5,19.4,25.5,SG/SF,3600,1,100,105,-4%,5,7,7,29,27,26,19.4,18.4,10.8,25.9,25.3,22.5,6.3,17.5,4.86,16.6,25.5,4.6
9,5,Doug McDermott,,IND,DEN,-1.0,213.5,107.3,15,5.8,18.7,29.0,SF/PF,3300,1,100,105,-8%,11,9,8,21,20,21,18.6,15.8,8.4,23.3,21.0,32.5,9.8,15.5,4.7,13.8,18.5,4.2
9,6,Bam Adebayo,,MIA,SA,-2.0,225.5,113.8,6,27.5,39.1,46.3,C,8800,1,103,110,0%,13,11,11,34,33,35,39.1,41.0,30.5,51.5,36.2,54.5,6.2,40.0,4.55,41.0,34.5,4.7
9,7,LaMarcus Aldridge,,SA,MIA,2.0,225.5,111.8,23,20.3,30.6,39.8,PF/C,6900,1,101,106,1%,16,13,15,31,32,34,30.6,38.1,27.7,48.5,35.9,36.5,5.3,36.5,5.29,38.1,33.5,5.5
10,0,T.J. McConnell,,IND,DEN,-1.0,213.5,107.3,18,8.3,13.9,20.0,PG,3100,1,100,105,-5%,5,5,6,18,19,19,13.8,18.7,11.1,26.2,22.5,20.3,6.5,14.5,4.68,16.0,18.0,5.2
10,1,Patty Mills,,SA,MIA,2.0,225.5,111.8,12,15.3,19.0,26.3,PG/SG,3400,1,101,106,-9%,13,10,9,24,24,23,19.0,19.3,10.4,28.2,29.1,30.3,8.9,19.5,5.74,18.9,24.0,5.6
10,2,DeMar DeRozan,,SA,MIA,2.0,225.5,111.8,18,44.0,50.6,62.8,SG/SF,8400,1,101,106,-1%,16,16,16,37,36,35,50.4,39.2,30.9,47.5,37.6,45.8,5.5,40.3,4.79,41.7,35.5,5.0
10,3,Domantas Sabonis,,IND,DEN,-1.0,213.5,107.3,13,19.8,43.4,58.3,PF/C,7900,1,100,105,-3%,15,14,14,34,35,34,48.9,43.8,35.8,51.8,40.7,58.3,7.4,41.8,5.28,42.7,34.0,5.4
10,4,Kendrick Nunn,,MIA,SA,-2.0,225.5,113.8,6,15.8,28.6,48.3,PG/SG,5600,1,103,110,8%,18,14,14,31,28,30,28.6,27.0,17.6,36.5,36.3,31.8,5.7,27.0,4.82,25.9,28.5,4.6
10,5,PJ Dozier,,DEN,IND,1.0,213.5,106.3,28,0.0,12.6,39.3,SG/SF,3200,2,101,104,0%,5,5,5,10,10,10,10.5,10.5,-4.3,25.3,17.1,13.3,4.2,8.8,2.73,9.5,10.0,3.0
10,6,Bam Adebayo,,MIA,SA,-2.0,225.5,113.8,6,27.5,39.1,46.3,C,8800,1,103,110,0%,13,11,11,34,33,35,39.1,41.0,30.5,51.5,36.2,54.5,6.2,40.0,4.55,41.0,34.5,4.7
10,7,Nikola Jokic,,DEN,IND,1.0,213.5,106.3,5,38.0,48.0,55.5,C,9600,2,101,104,1%,15,15,15,36,34,32,48.0,44.9,32.5,57.3,31.7,56.5,5.9,48.0,5.0,49.8,34.0,5.2
11,0,Patty Mills,,SA,MIA,2.0,225.5,111.8,12,15.3,19.0,26.3,PG/SG,3400,1,101,106,-9%,13,10,9,24,24,23,19.0,19.3,10.4,28.2,29.1,30.3,8.9,19.5,5.74,18.9,24.0,5.6
11,1,Derrick White,,SA,MIA,2.0,225.5,111.8,12,10.3,20.1,29.5,PG/SG,4100,1,101,106,-9%,7,7,7,20,21,24,20.1,20.6,13.5,27.7,25.9,29.0,7.1,19.8,4.82,20.7,23.5,5.0
11,2,Doug McDermott,,IND,DEN,-1.0,213.5,107.3,15,5.8,18.7,29.0,SF/PF,3300,1,100,105,-8%,11,9,8,21,20,21,18.6,15.8,8.4,23.3,21.0,32.5,9.8,15.5,4.7,13.8,18.5,4.2
11,3,Domantas Sabonis,,IND,DEN,-1.0,213.5,107.3,13,19.8,43.4,58.3,PF/C,7900,1,100,105,-3%,15,14,14,34,35,34,48.9,43.8,35.8,51.8,40.7,58.3,7.4,41.8,5.28,42.7,34.0,5.4
11,4,Justin Holiday,,IND,DEN,-1.0,213.5,107.3,6,12.5,19.4,25.5,SG/SF,3600,1,100,105,-4%,5,7,7,29,27,26,19.4,18.4,10.8,25.9,25.3,22.5,6.3,17.5,4.86,16.6,25.5,4.6
11,5,Jimmy Butler,,MIA,SA,-2.0,225.5,113.8,23,25.3,40.8,50.8,SG/SF,8200,1,103,110,0%,10,12,13,34,33,35,40.5,43.3,33.3,53.3,33.2,35.3,4.3,40.3,4.91,41.7,34.5,5.1
11,6,Nikola Jokic,,DEN,IND,1.0,213.5,106.3,5,38.0,48.0,55.5,C,9600,2,101,104,1%,15,15,15,36,34,32,48.0,44.9,32.5,57.3,31.7,56.5,5.9,48.0,5.0,49.8,34.0,5.2
11,7,DeMar DeRozan,,SA,MIA,2.0,225.5,111.8,18,44.0,50.6,62.8,SG/SF,8400,1,101,106,-1%,16,16,16,37,36,35,50.4,39.2,30.9,47.5,37.6,45.8,5.5,40.3,4.79,41.7,35.5,5.0
12,0,Patty Mills,,SA,MIA,2.0,225.5,111.8,12,15.3,19.0,26.3,PG/SG,3400,1,101,106,-9%,13,10,9,24,24,23,19.0,19.3,10.4,28.2,29.1,30.3,8.9,19.5,5.74,18.9,24.0,5.6
12,1,DeMar DeRozan,,SA,MIA,2.0,225.5,111.8,18,44.0,50.6,62.8,SG/SF,8400,1,101,106,-1%,16,16,16,37,36,35,50.4,39.2,30.9,47.5,37.6,45.8,5.5,40.3,4.79,41.7,35.5,5.0
12,2,Justin Holiday,,IND,DEN,-1.0,213.5,107.3,6,12.5,19.4,25.5,SG/SF,3600,1,100,105,-4%,5,7,7,29,27,26,19.4,18.4,10.8,25.9,25.3,22.5,6.3,17.5,4.86,16.6,25.5,4.6
12,3,James Johnson,,MIA,SA,-2.0,225.5,113.8,29,7.5,16.6,27.0,PF/C,3200,1,103,110,1%,5,5,4,17,18,14,16.6,12.0,1.7,22.3,14.8,11.3,3.5,13.3,4.14,11.4,13.5,3.6
12,4,Derrick White,,SA,MIA,2.0,225.5,111.8,12,10.3,20.1,29.5,PG/SG,4100,1,101,106,-9%,7,7,7,20,21,24,20.1,20.6,13.5,27.7,25.9,29.0,7.1,19.8,4.82,20.7,23.5,5.0
12,5,Domantas Sabonis,,IND,DEN,-1.0,213.5,107.3,13,19.8,43.4,58.3,PF/C,7900,1,100,105,-3%,15,14,14,34,35,34,48.9,43.8,35.8,51.8,40.7,58.3,7.4,41.8,5.28,42.7,34.0,5.4
12,6,Bam Adebayo,,MIA,SA,-2.0,225.5,113.8,6,27.5,39.1,46.3,C,8800,1,103,110,0%,13,11,11,34,33,35,39.1,41.0,30.5,51.5,36.2,54.5,6.2,40.0,4.55,41.0,34.5,4.7
12,7,Nikola Jokic,,DEN,IND,1.0,213.5,106.3,5,38.0,48.0,55.5,C,9600,2,101,104,1%,15,15,15,36,34,32,48.0,44.9,32.5,57.3,31.7,56.5,5.9,48.0,5.0,49.8,34.0,5.2
13,0,Patty Mills,,SA,MIA,2.0,225.5,111.8,12,15.3,19.0,26.3,PG/SG,3400,1,101,106,-9%,13,10,9,24,24,23,19.0,19.3,10.4,28.2,29.1,30.3,8.9,19.5,5.74,18.9,24.0,5.6
13,1,DeMar DeRozan,,SA,MIA,2.0,225.5,111.8,18,44.0,50.6,62.8,SG/SF,8400,1,101,106,-1%,16,16,16,37,36,35,50.4,39.2,30.9,47.5,37.6,45.8,5.5,40.3,4.79,41.7,35.5,5.0
13,2,Doug McDermott,,IND,DEN,-1.0,213.5,107.3,15,5.8,18.7,29.0,SF/PF,3300,1,100,105,-8%,11,9,8,21,20,21,18.6,15.8,8.4,23.3,21.0,32.5,9.8,15.5,4.7,13.8,18.5,4.2
13,3,Michael Porter Jr.,,DEN,IND,1.0,213.5,106.3,13,-0.5,22.5,47.0,SF/PF,6300,2,101,104,-5%,12,7,5,29,19,12,22.4,13.1,1.8,24.3,22.7,24.0,3.8,27.3,4.33,27.4,27.0,4.3
13,4,Kendrick Nunn,,MIA,SA,-2.0,225.5,113.8,6,15.8,28.6,48.3,PG/SG,5600,1,103,110,8%,18,14,14,31,28,30,28.6,27.0,17.6,36.5,36.3,31.8,5.7,27.0,4.82,25.9,28.5,4.6
13,5,T.J. Warren,,IND,DEN,-1.0,213.5,107.3,15,9.0,27.5,42.3,SF/PF,6000,1,100,105,-8%,15,16,15,32,33,33,35.7,28.8,18.7,38.8,33.4,29.3,4.9,26.3,4.38,26.3,31.5,4.4
13,6,Bam Adebayo,,MIA,SA,-2.0,225.5,113.8,6,27.5,39.1,46.3,C,8800,1,103,110,0%,13,11,11,34,33,35,39.1,41.0,30.5,51.5,36.2,54.5,6.2,40.0,4.55,41.0,34.5,4.7
13,7,Domantas Sabonis,,IND,DEN,-1.0,213.5,107.3,13,19.8,43.4,58.3,PF/C,7900,1,100,105,-3%,15,14,14,34,35,34,48.9,43.8,35.8,51.8,40.7,58.3,7.4,41.8,5.28,42.7,34.0,5.4
14,0,Patty Mills,,SA,MIA,2.0,225.5,111.8,12,15.3,19.0,26.3,PG/SG,3400,1,101,106,-9%,13,10,9,24,24,23,19.0,19.3,10.4,28.2,29.1,30.3,8.9,19.5,5.74,18.9,24.0,5.6
14,1,Malcolm Brogdon,,IND,DEN,-1.0,213.5,107.3,18,2.5,30.0,46.3,PG/SG,7300,1,100,105,-5%,15,15,15,31,32,32,35.4,38.6,29.9,47.4,35.9,37.8,5.2,35.3,4.83,35.7,32.0,4.9
14,2,DeMar DeRozan,,SA,MIA,2.0,225.5,111.8,18,44.0,50.6,62.8,SG/SF,8400,1,101,106,-1%,16,16,16,37,36,35,50.4,39.2,30.9,47.5,37.6,45.8,5.5,40.3,4.79,41.7,35.5,5.0
14,3,Trey Lyles,,SA,MIA,2.0,225.5,111.8,23,8.8,15.3,19.5,PF/C,4600,1,101,106,1%,5,5,5,24,19,18,15.3,15.8,8.1,23.4,20.6,17.5,3.8,18.5,4.02,18.0,21.0,3.9
14,4,Derrick White,,SA,MIA,2.0,225.5,111.8,12,10.3,20.1,29.5,PG/SG,4100,1,101,106,-9%,7,7,7,20,21,24,20.1,20.6,13.5,27.7,25.9,29.0,7.1,19.8,4.82,20.7,23.5,5.0
14,5,Domantas Sabonis,,IND,DEN,-1.0,213.5,107.3,13,19.8,43.4,58.3,PF/C,7900,1,100,105,-3%,15,14,14,34,35,34,48.9,43.8,35.8,51.8,40.7,58.3,7.4,41.8,5.28,42.7,34.0,5.4
14,6,Bam Adebayo,,MIA,SA,-2.0,225.5,113.8,6,27.5,39.1,46.3,C,8800,1,103,110,0%,13,11,11,34,33,35,39.1,41.0,30.5,51.5,36.2,54.5,6.2,40.0,4.55,41.0,34.5,4.7
14,7,Doug McDermott,,IND,DEN,-1.0,213.5,107.3,15,5.8,18.7,29.0,SF/PF,3300,1,100,105,-8%,11,9,8,21,20,21,18.6,15.8,8.4,23.3,21.0,32.5,9.8,15.5,4.7,13.8,18.5,4.2
15,0,Patty Mills,,SA,MIA,2.0,225.5,111.8,12,15.3,19.0,26.3,PG/SG,3400,1,101,106,-9%,13,10,9,24,24,23,19.0,19.3,10.4,28.2,29.1,30.3,8.9,19.5,5.74,18.9,24.0,5.6
15,1,DeMar DeRozan,,SA,MIA,2.0,225.5,111.8,18,44.0,50.6,62.8,SG/SF,8400,1,101,106,-1%,16,16,16,37,36,35,50.4,39.2,30.9,47.5,37.6,45.8,5.5,40.3,4.79,41.7,35.5,5.0
15,2,Lonnie Walker IV,,SA,MIA,2.0,225.5,111.8,18,5.8,12.5,25.8,SG/SF,3100,1,101,106,-1%,6,6,5,12,14,12,12.7,10.2,0.2,20.2,19.8,14.3,4.6,13.8,4.44,13.9,16.5,4.5
15,3,Doug McDermott,,IND,DEN,-1.0,213.5,107.3,15,5.8,18.7,29.0,SF/PF,3300,1,100,105,-8%,11,9,8,21,20,21,18.6,15.8,8.4,23.3,21.0,32.5,9.8,15.5,4.7,13.8,18.5,4.2
15,4,Malcolm Brogdon,,IND,DEN,-1.0,213.5,107.3,18,2.5,30.0,46.3,PG/SG,7300,1,100,105,-5%,15,15,15,31,32,32,35.4,38.6,29.9,47.4,35.9,37.8,5.2,35.3,4.83,35.7,32.0,4.9
15,5,Domantas Sabonis,,IND,DEN,-1.0,213.5,107.3,13,19.8,43.4,58.3,PF/C,7900,1,100,105,-3%,15,14,14,34,35,34,48.9,43.8,35.8,51.8,40.7,58.3,7.4,41.8,5.28,42.7,34.0,5.4
15,6,Nikola Jokic,,DEN,IND,1.0,213.5,106.3,5,38.0,48.0,55.5,C,9600,2,101,104,1%,15,15,15,36,34,32,48.0,44.9,32.5,57.3,31.7,56.5,5.9,48.0,5.0,49.8,34.0,5.2
15,7,Derrick White,,SA,MIA,2.0,225.5,111.8,12,10.3,20.1,29.5,PG/SG,4100,1,101,106,-9%,7,7,7,20,21,24,20.1,20.6,13.5,27.7,25.9,29.0,7.1,19.8,4.82,20.7,23.5,5.0
16,0,Patty Mills,,SA,MIA,2.0,225.5,111.8,12,15.3,19.0,26.3,PG/SG,3400,1,101,106,-9%,13,10,9,24,24,23,19.0,19.3,10.4,28.2,29.1,30.3,8.9,19.5,5.74,18.9,24.0,5.6
16,1,Derrick White,,SA,MIA,2.0,225.5,111.8,12,10.3,20.1,29.5,PG/SG,4100,1,101,106,-9%,7,7,7,20,21,24,20.1,20.6,13.5,27.7,25.9,29.0,7.1,19.8,4.82,20.7,23.5,5.0
16,2,Jimmy Butler,,MIA,SA,-2.0,225.5,113.8,23,25.3,40.8,50.8,SG/SF,8200,1,103,110,0%,10,12,13,34,33,35,40.5,43.3,33.3,53.3,33.2,35.3,4.3,40.3,4.91,41.7,34.5,5.1
16,3,Doug McDermott,,IND,DEN,-1.0,213.5,107.3,15,5.8,18.7,29.0,SF/PF,3300,1,100,105,-8%,11,9,8,21,20,21,18.6,15.8,8.4,23.3,21.0,32.5,9.8,15.5,4.7,13.8,18.5,4.2
16,4,Malcolm Brogdon,,IND,DEN,-1.0,213.5,107.3,18,2.5,30.0,46.3,PG/SG,7300,1,100,105,-5%,15,15,15,31,32,32,35.4,38.6,29.9,47.4,35.9,37.8,5.2,35.3,4.83,35.7,32.0,4.9
16,5,Domantas Sabonis,,IND,DEN,-1.0,213.5,107.3,13,19.8,43.4,58.3,PF/C,7900,1,100,105,-3%,15,14,14,34,35,34,48.9,43.8,35.8,51.8,40.7,58.3,7.4,41.8,5.28,42.7,34.0,5.4
16,6,Mason Plumlee,,DEN,IND,1.0,213.5,106.3,4,19.0,26.0,45.3,PF/C,5000,2,101,104,1%,8,6,5,22,21,18,26.0,19.7,11.0,28.5,17.7,21.0,4.2,24.0,4.8,20.2,18.0,4.0
16,7,Bam Adebayo,,MIA,SA,-2.0,225.5,113.8,6,27.5,39.1,46.3,C,8800,1,103,110,0%,13,11,11,34,33,35,39.1,41.0,30.5,51.5,36.2,54.5,6.2,40.0,4.55,41.0,34.5,4.7
17,0,Goran Dragic,,MIA,SA,-2.0,225.5,113.8,6,12.0,22.0,27.0,PG,5300,1,103,110,8%,13,11,12,27,27,28,22.0,28.7,19.8,37.6,23.6,27.8,5.2,28.8,5.42,26.4,25.5,5.0
17,1,Bryn Forbes,,SA,MIA,2.0,225.5,111.8,12,9.8,19.7,33.8,PG/SG,3400,1,101,106,-1%,11,11,10,26,25,26,19.6,19.0,10.7,27.2,16.1,1.5,0.4,18.8,5.51,19.1,25.5,5.6
17,2,Marco Belinelli,,SA,MIA,2.0,225.5,111.8,8,0.0,6.7,17.0,SF,3300,1,101,106,-1%,6,5,6,11,13,16,10.7,10.8,5.6,16.0,20.7,24.8,7.5,14.0,4.24,12.6,16.5,3.8
17,3,Domantas Sabonis,,IND,DEN,-1.0,213.5,107.3,13,19.8,43.4,58.3,PF/C,7900,1,100,105,-3%,15,14,14,34,35,34,48.9,43.8,35.8,51.8,40.7,58.3,7.4,41.8,5.28,42.7,34.0,5.4
17,4,Patty Mills,,SA,MIA,2.0,225.5,111.8,12,15.3,19.0,26.3,PG/SG,3400,1,101,106,-9%,13,10,9,24,24,23,19.0,19.3,10.4,28.2,29.1,30.3,8.9,19.5,5.74,18.9,24.0,5.6
17,5,Doug McDermott,,IND,DEN,-1.0,213.5,107.3,15,5.8,18.7,29.0,SF/PF,3300,1,100,105,-8%,11,9,8,21,20,21,18.6,15.8,8.4,23.3,21.0,32.5,9.8,15.5,4.7,13.8,18.5,4.2
17,6,Nikola Jokic,,DEN,IND,1.0,213.5,106.3,5,38.0,48.0,55.5,C,9600,2,101,104,1%,15,15,15,36,34,32,48.0,44.9,32.5,57.3,31.7,56.5,5.9,48.0,5.0,49.8,34.0,5.2
17,7,Bam Adebayo,,MIA,SA,-2.0,225.5,113.8,6,27.5,39.1,46.3,C,8800,1,103,110,0%,13,11,11,34,33,35,39.1,41.0,30.5,51.5,36.2,54.5,6.2,40.0,4.55,41.0,34.5,4.7
18,0,Malcolm Brogdon,,IND,DEN,-1.0,213.5,107.3,18,2.5,30.0,46.3,PG/SG,7300,1,100,105,-5%,15,15,15,31,32,32,35.4,38.6,29.9,47.4,35.9,37.8,5.2,35.3,4.83,35.7,32.0,4.9
18,1,Tyler Herro,Q,MIA,SA,-2.0,225.5,113.8,23,12.8,22.9,32.3,SG,4500,1,103,110,8%,11,11,12,26,26,29,22.9,24.1,14.3,33.9,9.0,2.8,0.6,21.8,4.83,21.4,24.5,4.8
18,2,Duncan Robinson,,MIA,SA,-2.0,225.5,113.8,23,11.5,22.0,29.3,SG/SF,4600,1,103,110,8%,11,10,9,37,32,29,22.0,21.3,12.4,30.1,35.0,23.8,5.2,22.0,4.78,20.8,29.0,4.5
18,3,James Johnson,,MIA,SA,-2.0,225.5,113.8,29,7.5,16.6,27.0,PF/C,3200,1,103,110,1%,5,5,4,17,18,14,16.6,12.0,1.7,22.3,14.8,11.3,3.5,13.3,4.14,11.4,13.5,3.6
18,4,Derrick White,,SA,MIA,2.0,225.5,111.8,12,10.3,20.1,29.5,PG/SG,4100,1,101,106,-9%,7,7,7,20,21,24,20.1,20.6,13.5,27.7,25.9,29.0,7.1,19.8,4.82,20.7,23.5,5.0
18,5,Marco Belinelli,,SA,MIA,2.0,225.5,111.8,8,0.0,6.7,17.0,SF,3300,1,101,106,-1%,6,5,6,11,13,16,10.7,10.8,5.6,16.0,20.7,24.8,7.5,14.0,4.24,12.6,16.5,3.8
18,6,Bam Adebayo,,MIA,SA,-2.0,225.5,113.8,6,27.5,39.1,46.3,C,8800,1,103,110,0%,13,11,11,34,33,35,39.1,41.0,30.5,51.5,36.2,54.5,6.2,40.0,4.55,41.0,34.5,4.7
18,7,Domantas Sabonis,,IND,DEN,-1.0,213.5,107.3,13,19.8,43.4,58.3,PF/C,7900,1,100,105,-3%,15,14,14,34,35,34,48.9,43.8,35.8,51.8,40.7,58.3,7.4,41.8,5.28,42.7,34.0,5.4
19,0,Kendrick Nunn,,MIA,SA,-2.0,225.5,113.8,6,15.8,28.6,48.3,PG/SG,5600,1,103,110,8%,18,14,14,31,28,30,28.6,27.0,17.6,36.5,36.3,31.8,5.7,27.0,4.82,25.9,28.5,4.6
19,1,Jimmy Butler,,MIA,SA,-2.0,225.5,113.8,23,25.3,40.8,50.8,SG/SF,8200,1,103,110,0%,10,12,13,34,33,35,40.5,43.3,33.3,53.3,33.2,35.3,4.3,40.3,4.91,41.7,34.5,5.1
19,2,Will Barton,,DEN,IND,1.0,213.5,106.3,10,18.8,38.2,53.8,PG/SF,7600,2,101,104,-2%,16,16,13,37,36,34,38.1,33.4,23.1,43.8,35.9,33.3,4.4,32.3,4.24,33.6,34.5,4.4
19,3,Domantas Sabonis,,IND,DEN,-1.0,213.5,107.3,13,19.8,43.4,58.3,PF/C,7900,1,100,105,-3%,15,14,14,34,35,34,48.9,43.8,35.8,51.8,40.7,58.3,7.4,41.8,5.28,42.7,34.0,5.4
19,4,Monte Morris,,DEN,IND,1.0,213.5,106.3,10,13.3,18.8,22.8,PG,5200,2,101,104,0%,7,8,7,25,22,18,18.8,16.2,8.1,24.3,29.0,13.5,2.6,24.0,4.62,23.4,26.0,4.5
19,5,Trey Lyles,,SA,MIA,2.0,225.5,111.8,23,8.8,15.3,19.5,PF/C,4600,1,101,106,1%,5,5,5,24,19,18,15.3,15.8,8.1,23.4,20.6,17.5,3.8,18.5,4.02,18.0,21.0,3.9
19,6,James Johnson,,MIA,SA,-2.0,225.5,113.8,29,7.5,16.6,27.0,PF/C,3200,1,103,110,1%,5,5,4,17,18,14,16.6,12.0,1.7,22.3,14.8,11.3,3.5,13.3,4.14,11.4,13.5,3.6
19,7,Dejounte Murray,Q,SA,MIA,2.0,225.5,111.8,12,18.3,26.2,42.0,PG,5400,1,101,106,-9%,8,8,9,29,26,24,26.2,27.2,18.0,36.3,22.1,13.8,2.6,29.8,5.51,30.0,28.0,5.6
20,0,Aaron Holiday,,IND,DEN,-1.0,213.5,107.3,18,0.0,19.0,35.3,PG/SG,3800,1,100,105,-5%,6,8,9,18,23,25,18.9,21.9,10.6,33.2,13.1,3.8,1.0,17.5,4.61,16.1,18.5,4.2
20,1,Jeremy Lamb,Q,IND,DEN,-1.0,213.5,107.3,6,7.3,19.0,32.5,SG/SF,5100,1,100,105,-4%,10,10,11,30,28,30,24.9,27.7,19.6,35.8,22.6,4.3,0.8,24.0,4.71,24.1,28.5,4.7
20,2,Jimmy Butler,,MIA,SA,-2.0,225.5,113.8,23,25.3,40.8,50.8,SG/SF,8200,1,103,110,0%,10,12,13,34,33,35,40.5,43.3,33.3,53.3,33.2,35.3,4.3,40.3,4.91,41.7,34.5,5.1
20,3,Jerami Grant,,DEN,IND,1.0,213.5,106.3,4,16.0,23.4,34.0,PF/C,4300,2,101,104,-17%,10,8,8,29,30,24,23.1,17.8,10.7,25.0,33.4,25.8,6.0,22.8,5.29,21.6,29.0,5.0
20,4,Goran Dragic,,MIA,SA,-2.0,225.5,113.8,6,12.0,22.0,27.0,PG,5300,1,103,110,8%,13,11,12,27,27,28,22.0,28.7,19.8,37.6,23.6,27.8,5.2,28.8,5.42,26.4,25.5,5.0
20,5,PJ Dozier,,DEN,IND,1.0,213.5,106.3,28,0.0,12.6,39.3,SG/SF,3200,2,101,104,0%,5,5,5,10,10,10,10.5,10.5,-4.3,25.3,17.1,13.3,4.2,8.8,2.73,9.5,10.0,3.0
20,6,Domantas Sabonis,,IND,DEN,-1.0,213.5,107.3,13,19.8,43.4,58.3,PF/C,7900,1,100,105,-3%,15,14,14,34,35,34,48.9,43.8,35.8,51.8,40.7,58.3,7.4,41.8,5.28,42.7,34.0,5.4
20,7,LaMarcus Aldridge,,SA,MIA,2.0,225.5,111.8,23,20.3,30.6,39.8,PF/C,6900,1,101,106,1%,16,13,15,31,32,34,30.6,38.1,27.7,48.5,35.9,36.5,5.3,36.5,5.29,38.1,33.5,5.5
21,0,Bryn Forbes,,SA,MIA,2.0,225.5,111.8,12,9.8,19.7,33.8,PG/SG,3400,1,101,106,-1%,11,11,10,26,25,26,19.6,19.0,10.7,27.2,16.1,1.5,0.4,18.8,5.51,19.1,25.5,5.6
21,1,Kendrick Nunn,,MIA,SA,-2.0,225.5,113.8,6,15.8,28.6,48.3,PG/SG,5600,1,103,110,8%,18,14,14,31,28,30,28.6,27.0,17.6,36.5,36.3,31.8,5.7,27.0,4.82,25.9,28.5,4.6
21,2,Jimmy Butler,,MIA,SA,-2.0,225.5,113.8,23,25.3,40.8,50.8,SG/SF,8200,1,103,110,0%,10,12,13,34,33,35,40.5,43.3,33.3,53.3,33.2,35.3,4.3,40.3,4.91,41.7,34.5,5.1
21,3,LaMarcus Aldridge,,SA,MIA,2.0,225.5,111.8,23,20.3,30.6,39.8,PF/C,6900,1,101,106,1%,16,13,15,31,32,34,30.6,38.1,27.7,48.5,35.9,36.5,5.3,36.5,5.29,38.1,33.5,5.5
21,4,DeMar DeRozan,,SA,MIA,2.0,225.5,111.8,18,44.0,50.6,62.8,SG/SF,8400,1,101,106,-1%,16,16,16,37,36,35,50.4,39.2,30.9,47.5,37.6,45.8,5.5,40.3,4.79,41.7,35.5,5.0
21,5,Will Barton,,DEN,IND,1.0,213.5,106.3,10,18.8,38.2,53.8,PG/SF,7600,2,101,104,-2%,16,16,13,37,36,34,38.1,33.4,23.1,43.8,35.9,33.3,4.4,32.3,4.24,33.6,34.5,4.4
21,6,Jakob Poeltl,,SA,MIA,2.0,225.5,111.8,2,14.5,19.3,23.8,C,3900,1,101,106,-8%,3,3,4,17,16,18,19.3,18.6,10.7,26.4,12.2,6.5,1.7,18.8,4.81,15.7,15.0,4.0
21,7,PJ Dozier,,DEN,IND,1.0,213.5,106.3,28,0.0,12.6,39.3,SG/SF,3200,2,101,104,0%,5,5,5,10,10,10,10.5,10.5,-4.3,25.3,17.1,13.3,4.2,8.8,2.73,9.5,10.0,3.0
22,0,Patty Mills,,SA,MIA,2.0,225.5,111.8,12,15.3,19.0,26.3,PG/SG,3400,1,101,106,-9%,13,10,9,24,24,23,19.0,19.3,10.4,28.2,29.1,30.3,8.9,19.5,5.74,18.9,24.0,5.6
22,1,Jimmy Butler,,MIA,SA,-2.0,225.5,113.8,23,25.3,40.8,50.8,SG/SF,8200,1,103,110,0%,10,12,13,34,33,35,40.5,43.3,33.3,53.3,33.2,35.3,4.3,40.3,4.91,41.7,34.5,5.1
22,2,Michael Porter Jr.,,DEN,IND,1.0,213.5,106.3,13,-0.5,22.5,47.0,SF/PF,6300,2,101,104,-5%,12,7,5,29,19,12,22.4,13.1,1.8,24.3,22.7,24.0,3.8,27.3,4.33,27.4,27.0,4.3
22,3,James Johnson,,MIA,SA,-2.0,225.5,113.8,29,7.5,16.6,27.0,PF/C,3200,1,103,110,1%,5,5,4,17,18,14,16.6,12.0,1.7,22.3,14.8,11.3,3.5,13.3,4.14,11.4,13.5,3.6
22,4,Will Barton,,DEN,IND,1.0,213.5,106.3,10,18.8,38.2,53.8,PG/SF,7600,2,101,104,-2%,16,16,13,37,36,34,38.1,33.4,23.1,43.8,35.9,33.3,4.4,32.3,4.24,33.6,34.5,4.4
22,5,Derrick Jones Jr.,,MIA,SA,-2.0,225.5,113.8,16,10.0,22.4,35.3,SF/PF,4000,1,103,110,0%,10,8,7,25,24,26,22.4,20.4,12.2,28.7,15.6,14.3,3.6,19.5,4.88,17.9,23.0,4.5
22,6,Jerami Grant,,DEN,IND,1.0,213.5,106.3,4,16.0,23.4,34.0,PF/C,4300,2,101,104,-17%,10,8,8,29,30,24,23.1,17.8,10.7,25.0,33.4,25.8,6.0,22.8,5.29,21.6,29.0,5.0
22,7,Derrick White,,SA,MIA,2.0,225.5,111.8,12,10.3,20.1,29.5,PG/SG,4100,1,101,106,-9%,7,7,7,20,21,24,20.1,20.6,13.5,27.7,25.9,29.0,7.1,19.8,4.82,20.7,23.5,5.0
23,0,Patty Mills,,SA,MIA,2.0,225.5,111.8,12,15.3,19.0,26.3,PG/SG,3400,1,101,106,-9%,13,10,9,24,24,23,19.0,19.3,10.4,28.2,29.1,30.3,8.9,19.5,5.74,18.9,24.0,5.6
23,1,Aaron Holiday,,IND,DEN,-1.0,213.5,107.3,18,0.0,19.0,35.3,PG/SG,3800,1,100,105,-5%,6,8,9,18,23,25,18.9,21.9,10.6,33.2,13.1,3.8,1.0,17.5,4.61,16.1,18.5,4.2
23,2,DeMar DeRozan,,SA,MIA,2.0,225.5,111.8,18,44.0,50.6,62.8,SG/SF,8400,1,101,106,-1%,16,16,16,37,36,35,50.4,39.2,30.9,47.5,37.6,45.8,5.5,40.3,4.79,41.7,35.5,5.0
23,3,Jerami Grant,,DEN,IND,1.0,213.5,106.3,4,16.0,23.4,34.0,PF/C,4300,2,101,104,-17%,10,8,8,29,30,24,23.1,17.8,10.7,25.0,33.4,25.8,6.0,22.8,5.29,21.6,29.0,5.0
23,4,PJ Dozier,,DEN,IND,1.0,213.5,106.3,28,0.0,12.6,39.3,SG/SF,3200,2,101,104,0%,5,5,5,10,10,10,10.5,10.5,-4.3,25.3,17.1,13.3,4.2,8.8,2.73,9.5,10.0,3.0
23,5,Will Barton,,DEN,IND,1.0,213.5,106.3,10,18.8,38.2,53.8,PG/SF,7600,2,101,104,-2%,16,16,13,37,36,34,38.1,33.4,23.1,43.8,35.9,33.3,4.4,32.3,4.24,33.6,34.5,4.4
23,6,Goga Bitadze,,IND,DEN,-1.0,213.5,107.3,12,3.3,6.1,12.3,C,3000,1,100,105,-3%,2,2,3,7,7,9,6.1,8.2,-0.3,16.6,5.9,6.5,2.2,4.5,1.5,0.0,0.0,0.0
23,7,Marco Belinelli,,SA,MIA,2.0,225.5,111.8,8,0.0,6.7,17.0,SF,3300,1,101,106,-1%,6,5,6,11,13,16,10.7,10.8,5.6,16.0,20.7,24.8,7.5,14.0,4.24,12.6,16.5,3.8
24,0,Goran Dragic,,MIA,SA,-2.0,225.5,113.8,6,12.0,22.0,27.0,PG,5300,1,103,110,8%,13,11,12,27,27,28,22.0,28.7,19.8,37.6,23.6,27.8,5.2,28.8,5.42,26.4,25.5,5.0
24,1,Lonnie Walker IV,,SA,MIA,2.0,225.5,111.8,18,5.8,12.5,25.8,SG/SF,3100,1,101,106,-1%,6,6,5,12,14,12,12.7,10.2,0.2,20.2,19.8,14.3,4.6,13.8,4.44,13.9,16.5,4.5
24,2,DeMar DeRozan,,SA,MIA,2.0,225.5,111.8,18,44.0,50.6,62.8,SG/SF,8400,1,101,106,-1%,16,16,16,37,36,35,50.4,39.2,30.9,47.5,37.6,45.8,5.5,40.3,4.79,41.7,35.5,5.0
24,3,Meyers Leonard,,MIA,SA,-2.0,225.5,113.8,29,14.5,18.1,22.0,PF,3700,1,103,110,0%,4,4,4,21,25,20,18.1,15.3,6.8,23.8,28.9,16.0,4.3,19.8,5.34,19.1,24.5,5.2
24,4,Malik Beasley,,DEN,IND,1.0,213.5,106.3,10,5.0,17.2,42.0,PG/SG,4700,2,101,104,-2%,8,7,7,23,20,17,17.1,12.6,3.5,21.7,13.6,7.5,1.6,24.5,5.21,23.0,28.5,4.9
24,5,PJ Dozier,,DEN,IND,1.0,213.5,106.3,28,0.0,12.6,39.3,SG/SF,3200,2,101,104,0%,5,5,5,10,10,10,10.5,10.5,-4.3,25.3,17.1,13.3,4.2,8.8,2.73,9.5,10.0,3.0
24,6,Kelly Olynyk,,MIA,SA,-2.0,225.5,113.8,6,1.3,8.5,23.3,C,3500,1,103,110,0%,4,3,6,13,9,20,8.4,17.3,6.4,28.1,7.5,2.0,0.6,7.5,2.14,0.0,0.0,0.0
24,7,Malcolm Brogdon,,IND,DEN,-1.0,213.5,107.3,18,2.5,30.0,46.3,PG/SG,7300,1,100,105,-5%,15,15,15,31,32,32,35.4,38.6,29.9,47.4,35.9,37.8,5.2,35.3,4.83,35.7,32.0,4.9
25,0,Kendrick Nunn,,MIA,SA,-2.0,225.5,113.8,6,15.8,28.6,48.3,PG/SG,5600,1,103,110,8%,18,14,14,31,28,30,28.6,27.0,17.6,36.5,36.3,31.8,5.7,27.0,4.82,25.9,28.5,4.6
25,1,Patty Mills,,SA,MIA,2.0,225.5,111.8,12,15.3,19.0,26.3,PG/SG,3400,1,101,106,-9%,13,10,9,24,24,23,19.0,19.3,10.4,28.2,29.1,30.3,8.9,19.5,5.74,18.9,24.0,5.6
25,2,Juancho Hernangomez,,DEN,IND,1.0,213.5,106.3,13,2.8,5.8,11.8,SF/PF,3000,2,101,104,-5%,3,2,3,12,10,12,5.8,7.3,0.5,14.1,13.7,7.8,2.6,4.8,1.58,0.0,0.0,0.0
25,3,Trey Lyles,,SA,MIA,2.0,225.5,111.8,23,8.8,15.3,19.5,PF/C,4600,1,101,106,1%,5,5,5,24,19,18,15.3,15.8,8.1,23.4,20.6,17.5,3.8,18.5,4.02,18.0,21.0,3.9
25,4,Will Barton,,DEN,IND,1.0,213.5,106.3,10,18.8,38.2,53.8,PG/SF,7600,2,101,104,-2%,16,16,13,37,36,34,38.1,33.4,23.1,43.8,35.9,33.3,4.4,32.3,4.24,33.6,34.5,4.4
25,5,Jeremy Lamb,Q,IND,DEN,-1.0,213.5,107.3,6,7.3,19.0,32.5,SG/SF,5100,1,100,105,-4%,10,10,11,30,28,30,24.9,27.7,19.6,35.8,22.6,4.3,0.8,24.0,4.71,24.1,28.5,4.7
25,6,Kelly Olynyk,,MIA,SA,-2.0,225.5,113.8,6,1.3,8.5,23.3,C,3500,1,103,110,0%,4,3,6,13,9,20,8.4,17.3,6.4,28.1,7.5,2.0,0.6,7.5,2.14,0.0,0.0,0.0
25,7,Derrick White,,SA,MIA,2.0,225.5,111.8,12,10.3,20.1,29.5,PG/SG,4100,1,101,106,-9%,7,7,7,20,21,24,20.1,20.6,13.5,27.7,25.9,29.0,7.1,19.8,4.82,20.7,23.5,5.0
26,0,Malcolm Brogdon,,IND,DEN,-1.0,213.5,107.3,18,2.5,30.0,46.3,PG/SG,7300,1,100,105,-5%,15,15,15,31,32,32,35.4,38.6,29.9,47.4,35.9,37.8,5.2,35.3,4.83,35.7,32.0,4.9
26,1,Torrey Craig,,DEN,IND,1.0,213.5,106.3,28,0.0,9.4,17.3,SG/SF,4400,2,101,104,-2%,4,4,3,22,19,14,9.3,8.5,1.3,15.6,25.2,19.0,4.3,15.5,3.52,15.5,23.0,3.5
26,2,Will Barton,,DEN,IND,1.0,213.5,106.3,10,18.8,38.2,53.8,PG/SF,7600,2,101,104,-2%,16,16,13,37,36,34,38.1,33.4,23.1,43.8,35.9,33.3,4.4,32.3,4.24,33.6,34.5,4.4
26,3,T.J. Warren,,IND,DEN,-1.0,213.5,107.3,15,9.0,27.5,42.3,SF/PF,6000,1,100,105,-8%,15,16,15,32,33,33,35.7,28.8,18.7,38.8,33.4,29.3,4.9,26.3,4.38,26.3,31.5,4.4
26,4,Malik Beasley,,DEN,IND,1.0,213.5,106.3,10,5.0,17.2,42.0,PG/SG,4700,2,101,104,-2%,8,7,7,23,20,17,17.1,12.6,3.5,21.7,13.6,7.5,1.6,24.5,5.21,23.0,28.5,4.9
26,5,PJ Dozier,,DEN,IND,1.0,213.5,106.3,28,0.0,12.6,39.3,SG/SF,3200,2,101,104,0%,5,5,5,10,10,10,10.5,10.5,-4.3,25.3,17.1,13.3,4.2,8.8,2.73,9.5,10.0,3.0
26,6,Myles Turner,,IND,DEN,-1.0,213.5,107.3,12,15.8,31.4,56.0,C,5700,1,100,105,-3%,6,10,10,24,29,30,31.4,28.3,18.4,38.1,19.6,8.0,1.4,27.5,4.82,26.4,28.0,4.6
26,7,Juancho Hernangomez,,DEN,IND,1.0,213.5,106.3,13,2.8,5.8,11.8,SF/PF,3000,2,101,104,-5%,3,2,3,12,10,12,5.8,7.3,0.5,14.1,13.7,7.8,2.6,4.8,1.58,0.0,0.0,0.0
