Player Name,position,injury_status,game_date,team,opp,spread,over_under,implied_team_score,salary,L5_dvp_rank,L5_ppg_floor,L5_ppg_avg,L5_ppg_max,ppg_projection,value_projection,Pos,Salary,Rest,USG,PER,Opp Pace,Opp DEff,Opp DvP,L2 FGA,L5 FGA,S FGA,L2 Min,L5 Min,S Min,L5 FP,S FP,Floor FP,Ceil FP,Proj Min,Proj FP,Proj Val,Actual Min,Actual FP,Actual Val
LeBron James,PG,Q,2019-12-15,LAL,ATL,-11.5,228.0,119.8,10300,19,46.5,55.7,60.5,58.0,5.63,PG/SF,10300,1,35.0,27.0,105,112,21%,23,22,20,38,33,35,56.0,55.6,44.2,67.0,34.5,59.4,5.8,36.9,68.3,6.6
Anthony Davis,PF,Q,2019-12-15,LAL,ATL,-11.5,228.0,119.8,10600,17,43.0,57.6,77.3,57.5,5.42,PF/C,10600,1,30.0,30.0,105,112,6%,20,22,20,38,37,35,57.5,52.7,41.7,63.7,34.5,57.1,5.4,35.5,52.8,5.0
Trae Young,PG,,2019-12-15,ATL,LAL,11.5,228.0,108.3,9600,4,39.0,47.5,60.8,48.8,5.08,PG,9600,1,35.0,23.0,103,101,-3%,22,21,21,35,37,36,47.5,49.7,36.2,63.2,35.0,50.1,5.2,36.5,50.5,5.3
Nikola Jokic,C,,2019-12-15,DEN,NY,-10.0,207.5,108.8,8900,4,43.3,52.1,68.5,47.8,5.37,C,8900,0,26.0,21.0,100,111,-2%,14,17,14,33,33,31,52.4,42.8,30.4,55.2,32.5,47.3,5.3,35.8,50.5,5.7
Ben Simmons,PG,,2019-12-15,PHI,BKN,-3.5,218.0,110.8,9300,27,25.5,41.2,55.3,45.3,4.87,PG/SF,9300,1,22.0,18.0,105,107,13%,11,10,11,37,35,36,41.6,41.2,32.7,49.6,36.0,47.1,5.1,28.8,36.3,3.9
D'Angelo Russell,PG,,2019-12-15,GS,SAC,4.5,209.5,102.5,7900,20,22.3,32.9,50.8,39.5,5.0,PG/SG,7900,1,33.0,19.0,100,108,-5%,24,18,19,33,31,31,32.9,38.4,21.3,55.5,32.0,39.0,4.9,27.2,18.5,2.3
Tobias Harris,SF,,2019-12-15,PHI,BKN,-3.5,218.0,110.8,7700,1,24.0,39.4,50.0,39.5,5.13,SF/PF,7700,1,24.0,18.0,105,107,-15%,20,21,16,35,37,35,44.5,37.3,29.2,45.4,35.5,40.4,5.2,32.6,31.0,4.0
Buddy Hield,SG,,2019-12-15,SAC,GS,-4.5,209.5,107.0,8400,2,34.3,43.3,56.5,39.3,4.67,SG/SF,8400,1,28.0,17.0,103,110,9%,24,22,19,37,36,35,43.5,37.2,26.8,47.5,35.0,39.6,4.7,33.3,33.5,4.0
Spencer Dinwiddie,PG,,2019-12-15,BKN,PHI,3.5,218.0,107.3,8200,9,38.5,40.4,43.0,36.8,4.48,PG/SG,8200,0,31.0,19.0,102,102,-8%,17,17,16,33,34,31,40.4,37.2,26.0,48.4,33.5,41.1,5.0,29.7,34.5,4.2
Jamal Murray,PG,Q,2019-12-15,DEN,NY,-10.0,207.5,108.8,6700,23,1.3,23.1,32.8,35.3,5.26,PG/SG,6700,0,26.0,17.0,100,111,3%,13,13,16,31,30,33,27.6,33.9,23.1,44.7,32.5,35.2,5.3,32.6,28.0,4.2
Al Horford,PF,Q,2019-12-15,PHI,BKN,-3.5,218.0,110.8,6200,24,23.3,30.0,41.5,34.0,5.48,PF/C,6200,1,20.0,18.0,105,107,-1%,13,11,12,31,32,31,30.4,33.0,24.8,41.1,30.5,35.3,5.7,27.3,36.3,5.9
Julius Randle,PF,,2019-12-15,NY,DEN,10.0,207.5,98.8,7500,1,16.5,35.5,48.8,34.0,4.53,PF/C,7500,1,27.0,16.0,100,101,-6%,17,15,14,34,31,32,37.6,35.3,26.8,43.8,31.5,33.2,4.4,36.3,36.3,4.8
Will Barton,PG,,2019-12-15,DEN,NY,-10.0,207.5,108.8,7100,23,13.3,31.5,53.3,31.8,4.47,PG/SF,7100,0,20.0,17.0,100,111,-4%,13,12,13,32,32,33,31.5,32.9,23.1,42.7,33.5,32.9,4.6,34.8,39.3,5.5
Draymond Green,PG,,2019-12-15,GS,SAC,4.5,209.5,102.5,6500,20,22.3,34.1,55.0,30.8,4.73,PG/SF,6500,1,19.0,14.0,100,108,-11%,12,8,8,36,30,29,34.4,30.4,17.7,43.0,33.0,34.3,5.3,26.2,15.5,2.4
Marcus Morris Sr.,SF,,2019-12-15,NY,DEN,10.0,207.5,98.8,6400,22,12.8,30.3,62.5,30.5,4.77,SF/PF,6400,1,,,100,101,-6%,15,14,15,33,30,33,30.3,32.4,19.6,45.3,30.5,26.6,4.2,34.8,30.3,4.7
Marvin Bagley III,PF,,2019-12-15,SAC,GS,-4.5,209.5,107.0,5700,18,20.0,29.5,40.5,29.0,5.09,PF/C,5700,1,,,103,110,0%,12,13,13,22,24,24,24.4,24.4,18.2,30.6,24.0,27.6,4.8,22.1,27.0,4.7
Richaun Holmes,PF,,2019-12-15,SAC,GS,-4.5,209.5,107.0,4800,18,9.8,29.7,49.5,28.8,5.99,PF/C,4800,1,14.0,21.0,103,110,0%,5,7,8,26,33,29,29.6,28.7,16.6,40.8,26.5,26.9,5.6,25.9,19.8,4.1
Jabari Parker,SF,,2019-12-15,ATL,LAL,11.5,228.0,108.3,6000,25,12.3,26.3,34.3,28.8,4.79,SF/PF,6000,1,24.0,18.0,103,101,-7%,12,11,13,24,27,28,26.3,30.3,18.1,42.6,28.0,29.7,4.9,26.8,24.3,4.0
Josh Richardson,SG,,2019-12-15,PHI,BKN,-3.5,218.0,110.8,4600,1,6.8,20.4,38.0,28.8,6.25,SG/SF,4600,1,22.0,14.0,105,107,-15%,11,13,13,26,27,31,26.1,27.8,17.7,37.9,29.0,28.0,6.1,24.1,16.5,3.6
Mitchell Robinson,C,,2019-12-15,NY,DEN,10.0,207.5,98.8,5900,27,21.8,28.8,33.8,28.5,4.83,C,5900,1,15.0,24.0,100,101,0%,8,8,6,28,28,23,28.8,24.4,17.1,31.6,26.0,27.4,4.6,24.6,20.3,3.4
Bogdan Bogdanovic,SG,,2019-12-15,SAC,GS,-4.5,209.5,107.0,4400,2,16.0,18.6,22.3,28.5,6.48,SG/SF,4400,1,25.0,15.0,103,110,9%,11,11,12,29,28,28,18.6,26.6,15.0,38.3,27.5,26.0,5.9,29.5,39.8,9.0
Jarrett Allen,C,,2019-12-15,BKN,PHI,3.5,218.0,107.3,6900,8,22.5,37.2,50.3,28.0,4.06,C,6900,0,16.0,24.0,102,102,-13%,6,9,8,26,26,27,37.2,32.7,21.9,43.6,26.5,29.6,4.3,22.0,19.5,2.8
Harrison Barnes,SF,,2019-12-15,SAC,GS,-4.5,209.5,107.0,5600,28,14.8,29.8,40.5,27.8,4.96,SF/PF,5600,1,19.0,15.0,103,110,5%,12,13,12,36,37,36,29.8,28.8,21.4,36.1,34.5,26.0,4.6,33.8,28.3,5.1
Alec Burks,PG,,2019-12-15,GS,SAC,4.5,209.5,102.5,6100,20,25.5,32.7,41.3,27.3,4.47,PG/SG,6100,1,22.0,16.0,100,108,3%,15,11,12,31,31,30,32.6,28.8,17.8,39.8,29.5,27.9,4.6,22.1,20.0,3.3
Nemanja Bjelica,PF,,2019-12-15,SAC,GS,-4.5,209.5,107.0,5300,18,16.3,31.1,50.8,26.3,4.95,PF,5300,1,20.0,18.0,103,110,0%,9,12,9,25,26,26,31.1,27.3,17.0,37.5,26.0,26.6,5.0,22.6,12.8,2.4
RJ Barrett,PG,,2019-12-15,NY,DEN,10.0,207.5,98.8,5400,8,10.0,25.8,44.5,26.0,4.81,PG/SG,5400,1,24.0,11.0,100,101,-6%,15,12,13,39,31,32,25.8,28.2,17.0,39.3,31.5,26.4,4.9,35.8,11.8,2.2
Taurean Prince,SF,,2019-12-15,BKN,PHI,3.5,218.0,107.3,5800,15,17.8,32.2,42.5,25.8,4.44,SF/PF,5800,0,20.0,11.0,102,102,-3%,13,13,12,32,32,31,32.1,28.2,17.7,38.8,32.0,28.6,4.9,25.0,24.0,4.1
Joe Harris,SG,,2019-12-15,BKN,PHI,3.5,218.0,107.3,4900,4,19.0,24.8,35.8,25.0,5.1,SG/SF,4900,0,17.0,14.0,102,102,-3%,13,12,12,30,30,32,24.6,25.7,17.1,34.3,31.0,25.4,5.2,24.8,20.5,4.2
Kevin Huerter,SG,,2019-12-15,ATL,LAL,11.5,228.0,108.3,4000,13,8.3,19.9,28.0,24.5,6.13,SG/SF,4000,1,18.0,12.0,103,101,2%,8,6,7,27,24,23,19.9,19.8,14.0,25.5,28.5,25.3,6.3,23.5,16.0,4.0
Garrett Temple,SG,,2019-12-15,BKN,PHI,3.5,218.0,107.3,5000,4,19.5,26.5,38.5,24.3,4.85,SG/SF,5000,0,16.0,12.0,102,102,-10%,15,14,9,32,33,28,26.5,21.4,12.1,30.8,32.5,24.0,4.8,29.2,20.5,4.1
Elfrid Payton,PG,,2019-12-15,NY,DEN,10.0,207.5,98.8,4400,8,7.5,21.4,31.3,23.8,5.4,PG,4400,1,22.0,16.0,100,101,-10%,14,9,8,28,20,22,21.4,21.7,10.9,32.4,26.5,24.6,5.6,25.4,38.8,8.8
Jerami Grant,PF,,2019-12-15,DEN,NY,-10.0,207.5,108.8,4700,28,11.5,21.3,32.8,23.5,5.0,PF/C,4700,0,18.0,13.0,100,111,-2%,10,8,8,32,25,23,21.3,18.2,10.7,25.6,31.5,27.0,5.7,26.7,17.5,3.7
Gary Harris,SG,,2019-12-15,DEN,NY,-10.0,207.5,108.8,4200,6,16.8,21.2,28.0,23.3,5.54,SG,4200,0,15.0,10.0,100,111,-4%,12,11,10,37,34,33,21.1,21.2,13.9,28.6,33.5,22.8,5.4,38.5,25.8,6.1
Cory Joseph,PG,,2019-12-15,SAC,GS,-4.5,209.5,107.0,3900,30,10.5,17.4,34.3,23.0,5.9,PG/SG,3900,1,15.0,9.0,103,110,6%,7,8,7,27,32,26,17.4,17.3,8.9,25.7,29.0,19.8,5.1,31.4,18.5,4.7
De'Andre Hunter,SF,,2019-12-15,ATL,LAL,11.5,228.0,108.3,4500,25,13.0,27.6,42.0,22.5,5.0,SF/PF,4500,1,18.0,9.0,103,101,-3%,13,13,11,30,32,32,27.6,22.6,12.8,32.4,33.0,25.0,5.6,36.8,21.5,4.8
DeAndre Jordan,C,,2019-12-15,BKN,PHI,3.5,218.0,107.3,5200,8,17.0,27.2,41.8,22.3,4.28,C,5200,0,14.0,22.0,102,102,-13%,8,5,5,21,21,21,27.1,25.7,15.6,35.8,20.5,22.6,4.3,21.7,32.3,6.2
Glenn Robinson III,SG,,2019-12-15,GS,SAC,4.5,209.5,102.5,4500,14,10.5,22.8,32.8,22.3,4.94,SG/SF,4500,1,15.0,12.0,100,108,3%,12,11,10,34,33,33,22.8,23.2,14.8,31.6,32.0,23.3,5.2,24.4,11.3,2.5
Kentavious Caldwell-Pope,SG,,2019-12-15,LAL,ATL,-11.5,228.0,119.8,3700,29,15.0,19.7,24.3,21.8,5.88,SG/SF,3700,1,15.0,11.0,105,112,9%,10,7,7,31,28,26,19.7,17.0,10.8,23.3,28.0,21.2,5.7,26.9,19.3,5.2
Dwight Howard,C,,2019-12-15,LAL,ATL,-11.5,228.0,119.8,4000,20,13.0,17.9,26.3,21.5,5.38,C,4000,1,13.0,17.0,105,112,2%,4,3,4,18,20,20,17.9,20.0,12.0,27.9,19.0,19.2,4.8,22.5,19.3,4.8
Willie Cauley-Stein,C,,2019-12-15,GS,SAC,4.5,209.5,102.5,4400,6,17.3,23.5,35.5,21.5,4.89,C,4400,1,15.0,16.0,100,108,-5%,6,6,6,23,22,23,23.5,22.4,16.2,28.6,22.5,21.7,4.9,29.7,33.8,7.7
Danny Green,SG,,2019-12-15,LAL,ATL,-11.5,228.0,119.8,4300,29,14.8,19.7,29.5,20.5,4.77,SG/SF,4300,1,14.0,11.0,105,112,9%,9,6,7,28,25,26,19.6,18.8,10.3,27.3,26.0,21.0,4.9,20.9,21.5,5.0
Matisse Thybulle,SG,,2019-12-15,PHI,BKN,-3.5,218.0,110.8,3600,1,3.5,18.0,36.0,20.0,5.56,SG/SF,3600,1,13.0,11.0,105,107,13%,4,5,4,28,25,18,18.0,12.9,3.0,22.9,25.0,18.8,5.2,18.8,8.5,2.4
JaVale McGee,C,,2019-12-15,LAL,ATL,-11.5,228.0,119.8,4100,20,12.3,20.3,35.0,19.5,4.76,C,4100,1,16.0,22.0,105,112,2%,4,5,5,16,15,16,20.3,19.5,8.6,30.3,16.0,18.6,4.5,15.4,12.3,3.0
Bobby Portis,PF,,2019-12-15,NY,DEN,10.0,207.5,98.8,3500,1,14.5,19.9,28.5,19.3,5.5,PF/C,3500,1,20.0,13.0,100,101,-6%,9,8,9,21,21,22,19.9,20.7,11.2,30.2,19.5,17.7,5.1,14.3,14.5,4.1
Rajon Rondo,PG,Q,2019-12-15,LAL,ATL,-11.5,228.0,119.8,4600,19,9.5,24.8,48.8,19.0,4.13,PG,4600,1,21.0,16.0,105,112,-2%,4,6,7,20,23,21,24.4,22.8,12.7,32.9,23.0,22.1,4.8,26.0,30.8,6.7
Alex Len,C,,2019-12-15,ATL,LAL,11.5,228.0,108.3,4700,21,20.8,31.0,37.3,19.0,4.04,C,4700,1,19.0,19.0,103,101,-16%,9,9,6,21,20,18,31.0,19.2,9.3,29.1,21.0,21.6,4.6,23.4,22.3,4.7
Mason Plumlee,PF,,2019-12-15,DEN,NY,-10.0,207.5,108.8,3700,28,10.5,13.9,16.8,18.3,4.93,PF/C,3700,0,20.0,18.0,100,111,-2%,4,4,5,16,16,17,13.9,19.1,11.3,26.8,15.0,16.5,4.5,33.5,37.0,10.0
Trevor Ariza,SF,,2019-12-15,SAC,GS,-4.5,209.5,107.0,3500,28,6.3,19.6,31.8,18.3,5.21,SF/PF,3500,1,12.0,8.0,103,110,5%,4,6,5,27,27,24,19.6,14.7,6.2,23.3,23.5,15.6,4.5,26.4,18.8,5.4
Monte Morris,PG,,2019-12-15,DEN,NY,-10.0,207.5,108.8,4100,23,8.8,17.1,27.3,18.3,4.45,PG,4100,0,21.0,15.0,100,111,3%,6,7,7,21,21,18,17.1,16.0,7.1,25.0,19.0,17.9,4.4,15.4,7.3,1.8
Kyle O'Quinn,PF,,2019-12-15,PHI,BKN,-3.5,218.0,110.8,3200,24,3.3,13.2,36.3,18.0,5.63,PF/C,3200,1,,,105,107,4%,2,3,3,9,12,10,13.2,12.0,2.5,21.4,11.0,13.5,4.2,4.9,3.0,0.9
Cam Reddish,PG,,2019-12-15,ATL,LAL,11.5,228.0,108.3,3800,4,10.8,24.2,42.5,17.8,4.67,PG/SG,3800,1,19.0,6.0,103,101,-7%,9,11,9,30,30,26,24.4,18.4,10.1,26.6,28.0,20.9,5.5,29.3,19.3,5.1
Marquese Chriss,PF,,2019-12-15,GS,SAC,4.5,209.5,102.5,5100,15,6.5,22.5,42.8,17.0,3.33,PF/C,5100,1,19.0,18.0,100,108,-11%,8,6,6,24,18,19,22.4,20.6,11.1,30.0,22.5,22.7,4.5,10.6,9.0,1.8
Alex Caruso,PG,,2019-12-15,LAL,ATL,-11.5,228.0,119.8,3700,19,2.8,15.6,32.0,16.8,4.53,PG/SG,3700,1,13.0,9.0,105,112,9%,3,5,5,19,23,21,15.8,13.5,7.1,20.0,18.0,13.3,3.6,15.2,8.0,2.2
Mike Scott,SF,,2019-12-15,PHI,BKN,-3.5,218.0,110.8,3600,1,12.3,20.3,33.0,15.8,4.38,SF/PF,3600,1,13.0,11.0,105,107,-1%,7,7,6,26,22,20,18.6,13.6,6.7,20.4,23.5,17.6,4.9,20.8,10.3,2.9
Torrey Craig,SG,,2019-12-15,DEN,NY,-10.0,207.5,108.8,3000,6,0.0,6.0,16.5,15.5,5.17,SG/SF,3000,0,12.0,8.0,100,111,-4%,6,3,3,19,10,14,6.0,9.6,1.5,17.8,17.0,12.1,4.0,11.8,6.8,2.3
Dzanan Musa,SF,,2019-12-15,BKN,PHI,3.5,218.0,107.3,3500,15,0.0,7.5,12.0,14.8,4.21,SF/PF,3500,0,18.0,6.0,102,102,-10%,2,4,5,9,11,15,7.5,10.1,3.1,17.1,0.0,0.0,0.0,4.6,2.0,0.6
Theo Pinson,PG,,2019-12-15,BKN,PHI,3.5,218.0,107.3,3100,9,7.5,12.9,20.8,14.3,4.6,PG/SG,3100,0,24.0,5.0,102,102,-8%,7,7,7,13,14,16,12.8,12.5,8.1,17.0,11.5,10.2,3.3,18.3,13.3,4.3
Allen Crabbe,SG,,2019-12-15,ATL,LAL,11.5,228.0,108.3,3000,13,11.0,14.5,20.0,14.3,4.75,SG/SF,3000,1,13.0,9.0,103,101,2%,6,6,6,23,23,21,14.2,13.2,9.3,17.1,23.0,16.2,5.4,18.2,9.0,3.0
Damian Jones,C,,2019-12-15,ATL,LAL,11.5,228.0,108.3,3900,21,5.5,18.8,33.0,14.0,3.59,C,3900,1,13.0,17.0,103,101,-16%,5,4,5,16,19,19,18.8,16.6,9.0,24.2,18.5,15.6,4.0,21.1,15.8,4.1
Furkan Korkmaz,SG,,2019-12-15,PHI,BKN,-3.5,218.0,110.8,3100,1,2.8,11.1,16.5,14.0,4.52,SG/SF,3100,1,15.0,9.0,105,107,-2%,4,4,7,12,17,22,11.1,14.3,6.8,21.8,14.0,9.7,3.1,14.6,12.8,4.1
Kevin Knox,SF,,2019-12-15,NY,DEN,10.0,207.5,98.8,3100,22,9.8,11.8,15.5,14.0,4.52,SF/PF,3100,1,,,100,101,-10%,5,6,7,17,18,20,11.8,14.7,8.2,21.2,18.0,13.1,4.2,22.0,16.5,5.3
Vince Carter,SF,,2019-12-15,ATL,LAL,11.5,228.0,108.3,3000,25,4.0,13.0,24.3,13.5,4.5,SF/PF,3000,1,17.0,7.0,103,101,2%,4,6,6,13,17,16,13.0,10.8,3.5,18.2,15.0,11.9,4.0,21.0,13.8,4.6
Taj Gibson,PF,,2019-12-15,NY,DEN,10.0,207.5,98.8,3200,1,8.5,12.8,21.3,13.5,4.22,PF/C,3200,1,14.0,14.0,100,101,-6%,3,3,5,18,17,17,12.8,14.5,7.5,21.4,17.0,15.0,4.7,16.2,13.3,4.2
Avery Bradley,PG,Q,2019-12-15,LAL,ATL,-11.5,228.0,119.8,3100,19,4.5,13.8,24.0,13.3,4.27,PG/SG,3100,1,15.0,10.0,105,112,9%,7,7,8,18,24,26,13.8,16.8,10.1,23.4,22.5,15.2,4.9,23.9,9.0,2.9
Damion Lee,SG,,2019-12-15,GS,SAC,4.5,209.5,102.5,3500,14,7.3,15.0,26.3,13.3,3.79,SG/SF,3500,1,21.0,14.0,100,108,3%,9,9,9,21,23,23,14.9,19.9,9.1,30.7,24.5,19.8,5.7,34.5,27.8,7.9
Frank Ntilikina,PG,,2019-12-15,NY,DEN,10.0,207.5,98.8,3000,8,1.5,7.6,12.5,13.0,4.33,PG/SG,3000,1,14.0,8.0,100,101,-10%,4,5,6,17,19,26,7.5,16.6,5.5,27.7,21.0,13.4,4.5,23.8,34.3,11.4
James Ennis III,SF,,2019-12-15,PHI,BKN,-3.5,218.0,110.8,3500,1,2.8,14.9,25.8,12.8,3.64,SF/PF,3500,1,16.0,15.0,105,107,-15%,5,6,5,17,19,17,14.6,14.5,6.8,22.2,16.5,13.2,3.8,19.6,12.3,3.5
Yogi Ferrell,PG,,2019-12-15,SAC,GS,-4.5,209.5,107.0,3200,30,6.3,12.3,23.0,11.8,3.67,PG/SG,3200,1,19.0,15.0,103,110,6%,4,6,5,13,16,14,12.3,11.0,4.7,17.3,13.0,10.0,3.1,10.2,6.5,2.0
David Nwaba,SG,,2019-12-15,BKN,PHI,3.5,218.0,107.3,3000,4,8.3,16.0,23.5,11.3,3.75,SG/SF,3000,0,13.0,13.0,102,102,-10%,7,7,3,18,17,13,16.0,10.4,3.7,17.0,17.5,12.9,4.3,14.4,9.5,3.2
Omari Spellman,PF,,2019-12-15,GS,SAC,4.5,209.5,102.5,3800,15,7.3,11.3,14.5,10.8,2.83,PF/C,3800,1,19.0,16.0,100,108,-11%,4,3,6,18,15,19,11.3,18.5,10.3,26.6,11.0,9.7,2.6,18.3,9.5,2.5
Kevon Looney,PF,,2019-12-15,GS,SAC,4.5,209.5,102.5,3000,15,3.3,7.1,12.3,10.5,3.5,PF/C,3000,1,,,100,108,4%,3,3,3,12,11,11,7.1,8.5,4.2,12.7,14.5,12.0,4.0,11.3,4.8,1.6
Raul Neto,PG,,2019-12-15,PHI,BKN,-3.5,218.0,110.8,3000,27,2.3,9.0,22.0,10.0,3.33,PG,3000,1,16.0,11.0,105,107,13%,2,3,3,11,13,12,9.0,8.6,1.0,16.3,10.0,8.4,2.8,21.4,19.3,6.4
Damyean Dotson,SG,,2019-12-15,NY,DEN,10.0,207.5,98.8,3100,7,6.3,12.6,22.8,9.8,3.15,SG/SF,3100,1,17.0,11.0,100,101,-5%,5,6,6,17,15,16,12.6,11.7,4.9,18.4,17.0,11.5,3.7,6.9,0.0,0.0
Henry Ellenson,PF,,2019-12-15,BKN,PHI,3.5,218.0,107.3,3000,12,0.0,10.8,22.0,7.5,2.5,PF/C,3000,0,,,102,102,-11%,1,1,1,3,3,3,1.3,1.3,-0.5,3.0,0.0,0.0,0.0,4.3,4.5,1.5
Wilson Chandler,SF,,2019-12-15,BKN,PHI,3.5,218.0,107.3,3000,15,3.3,6.4,9.0,7.0,2.33,SF/PF,3000,0,,,102,102,-3%,0,0,0,0,0,0,0.0,0.0,0.0,0.0,16.0,11.7,3.9,18.7,17.8,5.9
Timothe Luwawu-Cabarrot,SG,,2019-12-15,BKN,PHI,3.5,218.0,107.3,3000,4,0.0,9.5,22.5,6.8,2.25,SG/SF,3000,0,,,102,102,-10%,3,3,3,9,8,8,2.9,2.9,-1.3,7.1,0.0,0.0,0.0,23.0,16.8,5.6
Norvel Pelle,C,,2019-12-15,PHI,BKN,-3.5,218.0,110.8,3000,28,14.0,16.9,20.3,6.5,2.17,C,3000,1,,,105,107,4%,4,2,2,12,12,12,16.9,16.9,13.8,20.1,0.0,0.0,0.0,20.7,10.0,3.3
Jared Dudley,SF,,2019-12-15,LAL,ATL,-11.5,228.0,119.8,3100,14,0.0,7.4,14.5,6.3,2.02,SF/PF,3100,1,,,105,112,21%,5,2,1,19,10,8,7.3,5.1,-0.4,10.6,16.5,10.5,3.4,16.8,2.0,0.6
Rodions Kurucs,SF,,2019-12-15,BKN,PHI,3.5,218.0,107.3,3000,15,3.5,6.5,15.3,5.3,1.75,SF/PF,3000,0,,,102,102,-11%,3,2,2,10,8,11,6.5,6.6,1.3,11.9,11.5,8.8,2.9,4.3,8.8,2.9
Michael Porter Jr.,SF,,2019-12-15,DEN,NY,-10.0,207.5,108.8,3300,13,2.0,9.4,13.5,5.3,1.59,SF/PF,3300,0,,,100,111,6%,3,5,4,7,8,9,9.3,8.2,2.6,13.8,0.0,0.0,0.0,10.9,23.5,7.1
Jordan Poole,SG,,2019-12-15,GS,SAC,4.5,209.5,102.5,3000,14,1.0,5.5,13.0,5.0,1.67,SG/SF,3000,1,21.0,4.0,100,108,-5%,3,6,10,10,17,24,10.3,15.7,8.8,22.7,0.0,0.0,0.0,16.3,10.5,3.5
John Collins,PF,O,2019-12-15,ATL,LAL,11.5,228.0,108.3,7400,5,30.3,36.9,50.8,0.0,0.0,PF/C,7400,1,19.0,20.0,103,101,-7%,14,12,12,34,32,32,36.9,36.9,28.2,45.6,0.0,0.0,0.0,0.0,0.0,0.0
DeMarcus Cousins,PF,O,2019-12-15,LAL,ATL,-11.5,228.0,119.8,3000,17,11.3,22.5,37.0,0.0,0.0,PF,3000,1,,,105,112,2%,0,0,0,0,0,0,0.0,0.0,0.0,0.0,0.0,0.0,0.0,0.0,0.0,0.0
Klay Thompson,SG,O,2019-12-15,GS,SAC,4.5,209.5,102.5,3000,14,29.3,39.0,44.5,0.0,0.0,SG/SF,3000,1,,,100,108,3%,0,0,0,0,0,0,0.0,0.0,0.0,0.0,0.0,0.0,0.0,0.0,0.0,0.0
Stephen Curry,PG,O,2019-12-15,GS,SAC,4.5,209.5,102.5,8300,20,28.8,39.8,55.3,0.0,0.0,PG,8300,1,,,100,108,-5%,14,17,17,26,28,28,39.4,39.4,27.7,51.0,0.0,0.0,0.0,0.0,0.0,0.0
Wayne Ellington,SG,O,2019-12-15,NY,DEN,10.0,207.5,98.8,3000,7,0.0,6.6,13.3,0.0,0.0,SG/SF,3000,1,16.0,5.0,100,101,-5%,3,3,5,10,12,14,6.6,8.7,1.8,15.5,0.0,0.0,0.0,0.0,0.0,0.0
Kevin Durant,SF,O,2019-12-15,BKN,PHI,3.5,218.0,107.3,3000,15,16.5,42.8,61.8,0.0,0.0,SF/PF,3000,0,,,102,102,-3%,0,0,0,0,0,0,0.0,0.0,0.0,0.0,0.0,0.0,0.0,0.0,0.0,0.0
Kyle Kuzma,SF,O,2019-12-15,LAL,ATL,-11.5,228.0,119.8,4100,14,6.3,16.6,28.8,0.0,0.0,SF/PF,4100,1,21.0,10.0,105,112,6%,10,9,10,25,25,24,16.6,18.6,10.5,26.6,0.0,0.0,0.0,0.0,0.0,0.0
Kyrie Irving,PG,O,2019-12-15,BKN,PHI,3.5,218.0,107.3,9000,9,27.5,44.5,62.0,0.0,0.0,PG,9000,0,35.0,26.0,102,102,-8%,25,24,24,36,36,35,49.5,52.3,40.6,64.0,0.0,0.0,0.0,0.0,0.0,0.0
Caris LeVert,PG,O,2019-12-15,BKN,PHI,3.5,218.0,107.3,5500,9,17.0,28.4,39.8,0.0,0.0,PG/SF,5500,0,27.0,11.0,102,102,-10%,12,15,16,28,30,32,28.4,29.6,21.0,38.1,0.0,0.0,0.0,0.0,0.0,0.0
Reggie Bullock,SG,O,2019-12-15,NY,DEN,10.0,207.5,98.8,3300,7,15.0,19.8,30.3,0.0,0.0,SG/SF,3300,1,,,100,101,-10%,0,0,0,0,0,0,0.0,0.0,0.0,0.0,0.0,0.0,0.0,0.0,0.0,0.0
Allonzo Trier,PG,O,2019-12-15,NY,DEN,10.0,207.5,98.8,3000,8,2.3,10.9,16.5,0.0,0.0,PG/SG,3000,1,,,100,101,-10%,6,4,5,10,9,13,10.9,12.5,3.0,21.9,0.0,0.0,0.0,0.0,0.0,0.0
