Player Name,position,injury_status,game_date,team,opp,spread,over_under,implied_team_score,salary,L5_dvp_rank,L5_ppg_floor,L5_ppg_avg,L5_ppg_max,ppg_projection,value_projection,Pos,Salary,Rest,USG,PER,Opp Pace,Opp DEff,Opp DvP,L2 FGA,L5 FGA,S FGA,L2 Min,L5 Min,S Min,L5 FP,S FP,Floor FP,Ceil FP,Proj Min,Proj FP,Proj Val,Actual Min,Actual FP,Actual Val
Andre Drummond,C,,2019-12-20,DET,BOS,9.0,213.5,102.3,9600,25,26.5,50.7,65.0,50.8,5.29,C,9600,1,24.0,23.0,101,102,-4%,15,15,14,36,34,34,50.6,49.6,36.7,62.4,36.0,53.8,5.6,30.9,42.3,4.4
Joel Embiid,C,,2019-12-20,PHI,DAL,-8.5,212.0,110.3,10000,16,29.5,50.7,66.8,49.5,4.95,C,10000,1,31.0,25.0,102,106,0%,18,16,16,33,33,31,50.6,48.8,36.1,61.6,33.0,52.9,5.3,33.0,63.8,6.4
Bradley Beal,SG,,2019-12-20,WAS,TOR,6.0,230.0,112.0,9100,20,29.0,44.8,58.8,46.8,5.14,SG,9100,1,32.0,20.0,104,100,-2%,22,21,21,39,37,37,44.7,47.3,35.5,59.1,36.5,48.7,5.4,39.1,57.3,6.3
Nikola Jokic,C,,2019-12-20,DEN,MIN,-10.5,215.0,112.8,9400,3,43.3,51.8,68.5,46.8,4.97,C,9400,1,27.0,22.0,106,110,-2%,18,15,14,33,33,31,52.0,43.5,31.4,55.6,32.0,46.8,5.0,32.7,58.0,6.2
Kyle Lowry,PG,,2019-12-20,TOR,WAS,-6.0,230.0,118.0,8500,29,23.0,38.5,56.5,45.0,5.29,PG,8500,1,23.0,17.0,106,114,8%,15,13,14,38,38,39,38.8,41.3,33.0,49.6,38.0,46.2,5.4,40.8,45.5,5.4
Damian Lillard,PG,,2019-12-20,POR,ORL,-3.5,217.5,110.5,8800,27,35.3,43.9,61.8,44.8,5.09,PG,8800,1,29.0,24.0,100,105,-3%,21,19,19,37,36,37,43.9,46.9,36.6,57.2,36.5,44.0,5.0,36.4,51.8,5.9
Bam Adebayo,C,,2019-12-20,MIA,NY,-9.0,216.5,112.8,8900,12,37.0,51.4,65.3,44.8,5.03,C,8900,1,20.0,20.0,100,111,-4%,14,14,10,39,39,34,52.0,41.0,29.2,52.8,35.5,42.6,4.8,30.1,34.5,3.9
Nikola Vucevic,C,,2019-12-20,ORL,POR,3.5,217.5,107.0,8100,13,19.3,38.5,63.8,43.5,5.37,C,8100,1,25.0,22.0,105,108,8%,16,15,16,33,33,32,42.5,41.4,30.6,52.1,32.5,42.8,5.3,33.1,57.0,7.0
Jimmy Butler,SG,,2019-12-20,MIA,NY,-9.0,216.5,112.8,9000,13,32.3,43.4,59.5,43.5,4.83,SG/SF,9000,1,26.0,24.0,100,111,-5%,12,17,14,36,39,36,43.7,44.3,33.7,54.9,35.5,43.6,4.8,27.9,34.3,3.8
Domantas Sabonis,PF,,2019-12-20,IND,SAC,-5.0,207.5,106.3,8400,11,33.0,43.7,56.5,43.3,5.15,PF/C,8400,2,23.0,20.0,99,107,-4%,13,13,14,34,34,34,43.3,43.0,35.7,50.3,34.5,44.3,5.3,32.7,37.8,4.5
Kemba Walker,PG,,2019-12-20,BOS,DET,-9.0,213.5,111.3,8300,28,33.5,45.7,64.8,43.0,5.18,PG,8300,1,30.0,24.0,102,108,10%,20,19,18,36,33,33,45.6,41.7,30.5,52.9,35.0,44.9,5.4,29.8,22.8,2.7
Brandon Ingram,SF,,2019-12-20,NO,GS,-1.5,222.0,111.8,8700,27,39.5,43.5,56.0,42.3,4.86,SF/PF,8700,1,29.0,22.0,102,110,4%,23,20,19,38,34,35,43.2,44.0,35.5,52.5,34.5,41.0,4.7,36.8,37.8,4.3
Jrue Holiday,PG,,2019-12-20,NO,GS,-1.5,222.0,111.8,8600,16,30.8,40.1,50.0,41.5,4.83,PG/SG,8600,1,27.0,16.0,102,110,6%,24,19,18,36,37,36,40.1,41.0,31.2,50.8,35.0,39.6,4.6,36.7,41.0,4.8
Ben Simmons,PG,,2019-12-20,PHI,DAL,-8.5,212.0,110.3,7900,1,25.5,36.8,55.3,41.3,5.22,PG/SF,7900,1,22.0,19.0,102,106,-10%,12,10,11,36,37,36,36.8,40.9,32.7,49.1,36.5,40.5,5.1,35.7,35.0,4.4
Serge Ibaka,PF,,2019-12-20,TOR,WAS,-6.0,230.0,118.0,7400,27,14.8,30.9,48.3,41.0,5.54,PF/C,7400,1,26.0,18.0,106,114,-2%,14,11,11,26,22,23,30.9,27.7,19.2,36.1,32.0,42.2,5.7,35.9,44.5,6.0
Chris Paul,PG,,2019-12-20,OKC,PHO,-2.5,224.5,113.5,7600,14,35.0,43.4,60.5,40.8,5.36,PG,7600,1,22.0,22.0,105,107,3%,11,11,12,33,33,32,43.4,35.8,26.6,45.0,33.0,40.2,5.3,27.6,28.5,3.8
Devin Booker,PG,Q,2019-12-20,PHO,OKC,2.5,224.5,111.0,8400,15,28.3,46.5,71.5,40.5,4.82,PG/SG,8400,2,28.0,20.0,101,105,-10%,19,19,18,38,37,36,46.3,40.7,28.4,53.1,35.0,36.9,4.4,27.9,27.5,3.3
Hassan Whiteside,C,,2019-12-20,POR,ORL,-3.5,217.5,110.5,8400,14,35.0,47.4,59.8,40.3,4.79,C,8400,1,20.0,26.0,100,105,-5%,11,12,11,32,31,29,47.4,40.0,29.7,50.2,31.5,43.1,5.1,32.6,41.8,5.0
D'Angelo Russell,PG,,2019-12-20,GS,NO,1.5,222.0,110.3,8300,6,18.5,36.5,50.8,40.3,4.85,PG/SG,8300,1,33.0,18.0,106,111,12%,16,20,18,30,32,31,36.5,37.7,20.9,54.5,32.5,44.0,5.3,32.3,43.3,5.2
Jayson Tatum,SF,,2019-12-20,BOS,DET,-9.0,213.5,111.3,7500,16,27.8,37.5,45.8,39.8,5.3,SF/PF,7500,1,28.0,17.0,102,108,-2%,21,17,19,35,33,35,37.5,37.9,29.2,46.6,35.5,40.0,5.3,27.3,41.8,5.6
Fred VanVleet,PG,Q,2019-12-20,TOR,WAS,-6.0,230.0,118.0,7700,29,7.8,37.3,49.8,39.0,5.06,PG/SG,7700,1,22.0,17.0,106,114,8%,15,14,15,41,37,38,40.6,39.2,29.7,48.6,34.0,39.4,5.1,33.6,42.8,5.6
Kevin Love,PF,,2019-12-20,CLE,MEM,2.0,221.5,109.8,7200,1,22.8,40.2,56.8,37.8,5.24,PF/C,7200,1,23.0,18.0,106,109,2%,10,13,12,29,31,31,40.1,37.0,24.1,49.9,29.5,34.4,4.8,28.4,41.8,5.8
Kristaps Porzingis,PF,,2019-12-20,DAL,PHI,8.5,212.0,101.8,8500,4,26.5,44.1,53.5,37.8,4.44,PF/C,8500,1,25.0,17.0,102,102,-10%,19,18,16,35,35,32,44.0,37.6,26.1,49.0,34.5,41.6,4.9,37.1,54.0,6.4
Malcolm Brogdon,PG,,2019-12-20,IND,SAC,-5.0,207.5,106.3,7700,23,24.8,35.6,48.0,37.3,4.84,PG/SG,7700,2,28.0,22.0,99,107,-7%,14,14,15,29,30,32,35.6,39.3,30.3,48.4,34.0,39.5,5.1,31.6,29.5,3.8
Jamal Murray,PG,,2019-12-20,DEN,MIN,-10.5,215.0,112.8,6600,9,1.3,25.8,41.8,36.8,5.57,PG/SG,6600,1,26.0,17.0,106,110,7%,17,15,16,34,33,33,32.0,34.0,23.4,44.5,33.0,34.8,5.3,36.5,49.0,7.4
Ja Morant,PG,,2019-12-20,MEM,CLE,-2.0,221.5,111.8,7800,26,28.0,36.5,41.5,36.5,4.68,PG,7800,1,30.0,20.0,101,113,8%,15,13,15,33,31,30,36.1,35.6,25.5,45.7,32.0,38.8,5.0,28.6,29.3,3.8
CJ McCollum,PG,,2019-12-20,POR,ORL,-3.5,217.5,110.5,6800,27,20.5,34.6,50.8,36.0,5.29,PG/SG,6800,1,26.0,17.0,100,105,0%,20,17,19,39,37,37,34.5,37.0,24.6,49.5,37.0,37.0,5.4,37.4,50.0,7.4
Andrew Wiggins,SG,,2019-12-20,MIN,DEN,10.5,215.0,102.3,8000,6,25.0,37.6,44.5,35.8,4.47,SG/SF,8000,1,29.0,19.0,100,101,-10%,22,20,21,41,37,36,37.6,40.0,30.5,49.5,36.0,38.4,4.8,37.1,35.3,4.4
Ricky Rubio,PG,,2019-12-20,PHO,OKC,2.5,224.5,111.0,7300,15,21.3,40.5,53.8,35.5,4.86,PG,7300,2,24.0,16.0,101,105,-2%,13,15,13,29,33,33,40.8,37.9,27.9,48.0,34.5,36.8,5.0,28.9,41.5,5.7
Julius Randle,PF,,2019-12-20,NY,MIA,9.0,216.5,103.8,7100,28,29.8,38.7,48.8,35.3,4.96,PF/C,7100,2,27.0,16.0,102,104,2%,17,16,14,30,31,32,38.6,35.3,27.1,43.5,32.0,34.8,4.9,23.3,25.5,3.6
Tobias Harris,SF,,2019-12-20,PHI,DAL,-8.5,212.0,110.3,7100,19,28.0,38.2,50.0,34.8,4.89,SF/PF,7100,1,24.0,17.0,102,106,2%,17,18,16,36,36,35,38.2,36.7,28.6,44.8,35.5,37.6,5.3,32.4,12.0,1.7
De'Aaron Fox,PG,,2019-12-20,SAC,IND,5.0,207.5,101.3,7000,21,37.0,38.7,43.3,34.0,4.86,PG,7000,2,31.0,17.0,102,102,0%,12,15,15,30,33,33,38.1,36.9,28.0,45.9,31.0,34.2,4.9,24.3,28.3,4.0
Jaylen Brown,SG,,2019-12-20,BOS,DET,-9.0,213.5,111.3,6900,7,17.8,33.6,41.0,34.0,4.93,SG/SF,6900,1,23.0,18.0,102,108,-6%,14,14,15,38,35,34,33.6,35.5,25.8,45.1,35.0,35.2,5.1,29.0,48.3,7.0
Davis Bertans,SF,,2019-12-20,WAS,TOR,6.0,230.0,112.0,6900,10,20.5,36.2,50.8,33.5,4.86,SF/PF,6900,1,17.0,18.0,104,100,4%,13,13,11,36,31,29,36.1,28.4,18.2,38.6,34.5,35.0,5.1,38.0,26.0,3.8
Tristan Thompson,C,,2019-12-20,CLE,MEM,2.0,221.5,109.8,6100,11,14.8,27.3,35.3,33.5,5.49,C,6100,1,20.0,19.0,106,109,0%,12,10,11,34,31,32,27.3,34.1,24.9,43.3,31.5,32.1,5.3,31.7,35.3,5.8
Jonas Valanciunas,C,,2019-12-20,MEM,CLE,-2.0,221.5,111.8,6900,2,18.3,28.0,41.0,33.0,4.78,C,6900,1,22.0,20.0,101,113,-1%,13,10,10,25,25,25,28.4,32.1,19.7,44.5,25.5,30.7,4.4,30.2,43.5,6.3
Buddy Hield,SG,,2019-12-20,SAC,IND,5.0,207.5,101.3,6400,2,23.0,39.6,56.5,32.8,5.12,SG/SF,6400,2,28.0,17.0,102,102,-3%,12,18,19,31,34,35,39.7,36.5,26.2,46.8,34.5,34.8,5.4,28.1,28.0,4.4
Jaren Jackson Jr.,PF,,2019-12-20,MEM,CLE,-2.0,221.5,111.8,6800,12,15.8,33.9,55.8,32.8,4.82,PF/C,6800,1,24.0,16.0,101,113,4%,12,14,13,25,27,27,33.9,29.0,17.3,40.6,28.5,31.3,4.6,34.1,35.3,5.2
Kelly Oubre Jr.,SF,,2019-12-20,PHO,OKC,2.5,224.5,111.0,6700,3,30.0,34.1,41.3,32.8,4.89,SF/PF,6700,2,22.0,15.0,101,105,2%,18,16,14,33,36,33,34.0,32.6,21.9,43.3,35.5,32.3,4.8,32.8,24.0,3.6
Danilo Gallinari,SF,,2019-12-20,OKC,PHO,-2.5,224.5,113.5,6600,13,16.0,27.7,41.5,32.8,4.96,SF/PF,6600,1,23.0,19.0,105,107,5%,16,14,13,31,32,31,27.7,30.8,23.3,38.4,31.0,32.9,5.0,29.5,34.0,5.2
Shai Gilgeous-Alexander,PG,,2019-12-20,OKC,PHO,-2.5,224.5,113.5,6900,14,13.3,28.4,40.3,32.8,4.75,PG/SG,6900,1,24.0,14.0,105,107,2%,10,13,15,37,36,35,28.4,31.9,21.9,41.8,35.5,34.4,5.0,36.1,44.5,6.4
Will Barton,PG,,2019-12-20,DEN,MIN,-10.5,215.0,112.8,6500,9,28.3,38.2,53.3,32.5,5.0,PG/SF,6500,1,20.0,17.0,106,110,6%,14,14,13,37,36,33,38.2,33.0,23.5,42.5,34.0,33.8,5.2,33.8,19.0,2.9
Kendrick Nunn,PG,,2019-12-20,MIA,NY,-9.0,216.5,112.8,6500,22,24.5,36.2,52.5,32.0,4.92,PG/SG,6500,1,24.0,14.0,100,111,1%,17,18,14,35,37,31,36.2,28.0,18.4,37.6,31.0,26.3,4.0,23.6,25.0,3.8
Dennis Schroder,PG,,2019-12-20,OKC,PHO,-2.5,224.5,113.5,6200,14,25.5,34.8,44.3,32.0,5.16,PG/SG,6200,1,27.0,15.0,105,107,3%,16,17,14,31,32,30,34.8,29.1,19.0,39.3,30.5,31.6,5.1,33.8,42.8,6.9
Draymond Green,PG,,2019-12-20,GS,NO,1.5,222.0,110.3,6500,6,15.5,31.3,55.0,31.3,4.81,PG/SF,6500,1,18.0,13.0,106,111,3%,7,9,8,28,32,29,31.6,29.2,16.7,41.7,30.0,32.3,5.0,31.3,29.5,4.5
Al Horford,PF,,2019-12-20,PHI,DAL,-8.5,212.0,110.3,6300,22,22.5,28.8,36.3,31.3,4.96,PF/C,6300,1,20.0,18.0,102,106,-2%,12,11,12,30,30,31,27.9,32.7,24.5,40.8,31.5,33.0,5.2,24.7,17.5,2.8
Jonathan Isaac,SF,,2019-12-20,ORL,POR,3.5,217.5,107.0,6500,5,12.3,26.3,46.8,31.0,4.77,SF/PF,6500,1,18.0,17.0,105,108,1%,9,10,11,32,31,31,30.4,31.6,20.8,42.4,31.0,29.1,4.5,30.1,26.0,4.0
Steven Adams,C,,2019-12-20,OKC,PHO,-2.5,224.5,113.5,6100,9,24.3,35.0,41.8,30.8,5.04,C,6100,1,17.0,21.0,105,107,3%,8,9,8,29,29,28,35.1,31.1,22.1,40.2,28.5,33.5,5.5,25.6,26.8,4.4
Marcus Morris Sr.,SF,,2019-12-20,NY,MIA,9.0,216.5,103.8,6300,17,12.8,32.1,62.5,30.3,4.8,SF/PF,6300,2,,,102,104,2%,15,15,15,32,32,33,32.6,32.4,19.8,44.9,31.0,27.8,4.4,26.7,23.3,3.7
Aaron Gordon,SF,,2019-12-20,ORL,POR,3.5,217.5,107.0,6300,5,14.8,27.2,42.0,30.3,4.8,SF/PF,6300,1,21.0,14.0,105,108,1%,12,12,12,32,33,32,27.2,29.7,20.4,39.1,32.0,29.5,4.7,29.8,34.3,5.4
OG Anunoby,SF,,2019-12-20,TOR,WAS,-6.0,230.0,118.0,5600,9,7.3,24.6,35.5,30.0,5.36,SF/PF,5600,1,15.0,14.0,106,114,12%,11,10,9,31,31,31,24.6,26.6,16.1,37.1,36.0,31.8,5.7,32.6,29.8,5.3
Evan Fournier,SG,,2019-12-20,ORL,POR,3.5,217.5,107.0,6200,5,22.8,28.5,39.0,29.8,4.8,SG/SF,6200,1,26.0,19.0,105,108,6%,14,15,15,32,30,31,28.4,30.7,22.0,39.3,31.5,27.8,4.5,29.2,25.5,4.1
Derrick Rose,PG,,2019-12-20,DET,BOS,9.0,213.5,102.3,6000,4,30.0,36.0,43.5,29.8,4.96,PG/SG,6000,1,33.0,22.0,101,102,-11%,17,18,14,29,28,25,36.6,30.7,22.7,38.8,27.5,33.2,5.5,23.6,18.5,3.1
Jeff Teague,PG,,2019-12-20,MIN,DEN,10.5,215.0,102.3,6100,18,13.8,30.2,52.0,29.8,4.88,PG,6100,1,21.0,18.0,100,101,-8%,9,12,10,33,31,30,30.2,30.3,18.8,41.8,30.0,29.1,4.8,26.5,22.0,3.6
Carmelo Anthony,SF,,2019-12-20,POR,ORL,-3.5,217.5,110.5,5900,6,24.5,34.7,46.0,29.3,4.96,SF/PF,5900,1,23.0,14.0,100,105,1%,17,16,15,33,32,32,34.6,30.5,20.4,40.6,33.5,30.3,5.1,9.4,18.5,3.1
Frank Kaminsky,PF,,2019-12-20,PHO,OKC,2.5,224.5,111.0,5700,15,14.5,32.1,39.3,28.5,5.0,PF/C,5700,2,21.0,15.0,101,105,-12%,14,13,10,26,27,25,32.6,24.6,14.2,35.0,27.5,27.7,4.9,10.8,7.0,1.2
RJ Barrett,PG,,2019-12-20,NY,MIA,9.0,216.5,103.8,5700,13,10.0,24.3,44.5,27.8,4.87,PG/SG,5700,2,24.0,11.0,102,104,2%,13,13,14,32,36,33,28.5,28.6,17.6,39.7,32.0,26.9,4.7,20.4,4.5,0.8
Markieff Morris,PF,,2019-12-20,DET,BOS,9.0,213.5,102.3,5000,16,8.0,22.0,33.8,27.8,5.55,PF/C,5000,1,21.0,13.0,101,102,2%,9,9,9,24,22,23,21.6,19.9,12.1,27.7,33.5,28.4,5.7,31.3,26.0,5.2
Brandon Clarke,PF,,2019-12-20,MEM,CLE,-2.0,221.5,111.8,5600,12,2.8,25.2,36.3,27.3,4.87,PF/C,5600,1,20.0,24.0,101,113,4%,14,11,9,25,23,22,29.4,26.2,20.1,32.3,24.5,26.9,4.8,17.2,11.3,2.0
Jalen Brunson,PG,,2019-12-20,DAL,PHI,8.5,212.0,101.8,6400,3,0.0,25.3,38.3,27.3,4.26,PG/SG,6400,1,22.0,17.0,102,102,-8%,11,9,7,32,24,18,25.3,17.5,6.3,28.8,32.0,31.0,4.8,24.6,28.3,4.4
Alec Burks,PG,,2019-12-20,GS,NO,1.5,222.0,110.3,5400,6,20.0,32.4,41.3,27.3,5.05,PG/SG,5400,1,23.0,16.0,106,111,2%,14,13,12,28,30,30,32.4,28.7,18.0,39.4,29.5,28.2,5.2,30.0,40.0,7.4
Collin Sexton,PG,,2019-12-20,CLE,MEM,2.0,221.5,109.8,5500,8,16.5,29.0,36.3,27.0,4.91,PG/SG,5500,1,26.0,15.0,106,109,6%,15,14,15,31,31,31,29.0,26.8,20.0,33.6,31.0,28.6,5.2,24.9,20.3,3.7
Goran Dragic,PG,Q,2019-12-20,MIA,NY,-9.0,216.5,112.8,5500,22,19.0,27.3,36.5,26.8,4.86,PG,5500,1,25.0,17.0,100,111,1%,16,12,12,29,30,29,27.3,30.3,23.1,37.4,25.5,25.8,4.7,24.4,34.3,6.2
Dario Saric,SF,,2019-12-20,PHO,OKC,2.5,224.5,111.0,5300,3,17.5,29.9,47.3,26.8,5.05,SF/PF,5300,2,17.0,13.0,101,105,-12%,9,11,10,28,30,29,29.9,27.3,15.5,39.0,30.5,25.9,4.9,32.9,32.0,6.0
Josh Richardson,SG,,2019-12-20,PHI,DAL,-8.5,212.0,110.3,5600,30,6.8,20.0,34.8,26.5,4.73,SG/SF,5600,1,22.0,13.0,102,106,2%,16,12,13,30,26,31,19.9,27.6,17.5,37.6,34.0,29.5,5.3,32.5,27.0,4.8
Marvin Bagley III,PF,,2019-12-20,SAC,IND,5.0,207.5,101.3,5600,14,20.0,25.0,31.5,26.5,4.73,PF/C,5600,2,,,102,102,-7%,13,13,13,22,23,23,25.0,25.0,20.5,29.5,23.0,25.2,4.5,27.3,30.8,5.5
Myles Turner,C,,2019-12-20,IND,SAC,-5.0,207.5,106.3,5300,15,16.8,26.3,41.5,26.0,4.91,C,5300,2,17.0,13.0,99,107,-4%,12,10,10,29,27,31,26.3,27.4,17.7,37.0,29.0,26.2,4.9,24.1,30.3,5.7
JJ Redick,SG,,2019-12-20,NO,GS,-1.5,222.0,111.8,5400,8,11.5,25.8,36.8,26.0,4.81,SG/SF,5400,1,19.0,15.0,102,110,4%,13,13,12,33,31,30,25.8,25.8,16.4,35.2,30.5,25.6,4.7,33.3,22.0,4.1
Mitchell Robinson,C,,2019-12-20,NY,MIA,9.0,216.5,103.8,6000,19,20.3,28.5,45.3,25.8,4.29,C,6000,2,15.0,24.0,102,104,-9%,9,8,6,27,27,23,28.4,25.1,16.9,33.3,26.5,27.0,4.5,28.0,28.5,4.8
Robert Covington,SF,,2019-12-20,MIN,DEN,10.5,215.0,102.3,5800,21,6.0,24.9,35.8,25.3,4.35,SF/PF,5800,1,18.0,14.0,100,101,-10%,14,11,10,31,29,29,25.1,26.4,18.0,34.8,30.0,27.2,4.7,23.2,22.5,3.9
Lonzo Ball,PG,,2019-12-20,NO,GS,-1.5,222.0,111.8,5300,16,15.0,24.0,27.8,25.3,4.76,PG,5300,1,21.0,11.0,102,110,6%,12,9,10,28,26,28,24.0,26.7,16.3,37.0,24.5,23.7,4.5,21.9,32.3,6.1
Tim Hardaway Jr.,SG,,2019-12-20,DAL,PHI,8.5,212.0,101.8,5300,26,7.3,24.2,40.3,25.3,4.76,SG/SF,5300,1,21.0,13.0,102,102,-3%,14,14,11,27,32,26,24.2,20.9,9.9,31.8,31.0,25.5,4.8,31.6,38.5,7.3
Jae Crowder,SF,,2019-12-20,MEM,CLE,-2.0,221.5,111.8,5200,2,16.5,26.1,40.8,25.0,4.81,SF/PF,5200,1,16.0,10.0,101,113,4%,10,9,9,33,32,32,26.1,25.8,16.8,34.8,31.5,24.5,4.7,28.0,24.0,4.6
Isaiah Thomas,PG,,2019-12-20,WAS,TOR,6.0,230.0,112.0,5100,17,14.0,27.7,40.3,25.0,4.9,PG,5100,1,24.0,14.0,104,100,-2%,14,12,11,28,27,25,27.7,24.3,15.4,33.2,26.5,26.3,5.2,26.6,25.5,5.0
Aaron Holiday,PG,,2019-12-20,IND,SAC,-5.0,207.5,106.3,4300,23,12.8,22.4,33.5,25.0,5.81,PG/SG,4300,2,21.0,13.0,99,107,-7%,9,9,9,26,23,22,22.8,19.1,7.4,30.8,29.5,25.6,6.0,29.6,24.0,5.6
Paul Millsap,PF,,2019-12-20,DEN,MIN,-10.5,215.0,112.8,4600,6,13.3,20.7,34.0,24.8,5.38,PF/C,4600,1,20.0,19.0,106,110,-2%,8,8,9,21,23,25,20.6,25.5,16.2,34.8,24.0,24.1,5.2,24.7,24.0,5.2
Tyler Herro,SG,,2019-12-20,MIA,NY,-9.0,216.5,112.8,5100,13,2.5,22.4,35.3,24.8,4.85,SG,5100,1,22.0,12.0,100,111,1%,16,13,12,31,30,30,22.4,24.7,13.8,35.7,23.5,20.1,3.9,25.4,17.5,3.4
Rondae Hollis-Jefferson,SF,,2019-12-20,TOR,WAS,-6.0,230.0,118.0,4100,9,6.0,12.9,18.3,24.5,5.98,SF/PF,4100,1,18.0,17.0,106,114,12%,4,5,6,10,13,20,13.2,19.5,10.5,28.4,26.0,26.2,6.4,19.1,22.5,5.5
Markelle Fultz,PG,,2019-12-20,ORL,POR,3.5,217.5,107.0,4900,24,16.8,24.5,33.8,24.5,5.0,PG/SG,4900,1,23.0,15.0,105,108,4%,12,10,10,29,28,26,24.4,23.5,17.5,29.6,28.5,24.9,5.1,26.0,20.0,4.1
Harrison Barnes,SF,,2019-12-20,SAC,IND,5.0,207.5,101.3,5300,23,14.8,25.5,35.5,24.5,4.62,SF/PF,5300,2,19.0,15.0,102,102,-26%,14,13,12,36,35,36,25.4,28.4,21.2,35.7,34.5,23.8,4.5,26.1,7.8,1.5
Bruce Brown Jr.,PG,,2019-12-20,DET,BOS,9.0,213.5,102.3,5100,4,17.3,28.9,48.0,24.5,4.8,PG/SG,5100,1,17.0,12.0,101,102,-3%,9,8,7,23,25,26,28.9,21.8,10.2,33.4,30.5,24.6,4.8,27.9,23.3,4.6
Ish Smith,PG,,2019-12-20,WAS,TOR,6.0,230.0,112.0,5000,17,21.3,25.7,31.5,24.5,4.9,PG,5000,1,18.0,13.0,104,100,-2%,10,12,9,28,31,26,26.1,22.0,12.6,31.4,25.5,23.2,4.6,29.6,36.3,7.3
Dillon Brooks,SG,,2019-12-20,MEM,CLE,-2.0,221.5,111.8,4900,22,17.0,29.4,40.0,24.5,5.0,SG/SF,4900,1,22.0,12.0,101,113,4%,11,15,13,28,29,28,29.4,24.7,15.5,33.8,28.0,25.0,5.1,32.7,38.3,7.8
Langston Galloway,PG,,2019-12-20,DET,BOS,9.0,213.5,102.3,3300,4,4.8,14.9,22.3,24.3,7.35,PG/SG,3300,1,16.0,14.0,101,102,-3%,9,7,9,25,23,27,14.6,19.0,11.9,26.1,33.0,22.3,6.8,26.7,13.5,4.1
Kent Bazemore,SG,,2019-12-20,POR,ORL,-3.5,217.5,110.5,4800,18,9.3,16.4,25.3,24.3,5.05,SG/SF,4800,1,17.0,8.0,100,105,0%,8,8,7,30,30,24,16.4,18.4,10.8,26.0,30.5,22.4,4.7,32.2,19.5,4.1
Chris Boucher,PF,,2019-12-20,TOR,WAS,-6.0,230.0,118.0,3300,27,2.0,8.2,15.3,24.3,7.35,PF/C,3300,1,18.0,20.0,106,114,-2%,3,3,4,10,10,11,8.2,12.9,1.6,24.2,21.0,25.0,7.6,12.8,10.3,3.1
Nemanja Bjelica,PF,,2019-12-20,SAC,IND,5.0,207.5,101.3,5000,14,12.8,24.5,35.8,24.0,4.8,PF,5000,2,19.0,17.0,102,102,-7%,7,9,9,27,26,26,24.5,26.8,16.5,37.1,26.5,24.2,4.8,31.0,24.3,4.9
Richaun Holmes,PF,,2019-12-20,SAC,IND,5.0,207.5,101.3,5000,14,9.8,23.9,38.0,24.0,4.8,PF/C,5000,2,15.0,20.0,102,102,-7%,8,6,8,24,27,29,23.9,28.4,16.7,40.1,25.5,24.7,4.9,24.4,33.3,6.7
Willie Cauley-Stein,C,,2019-12-20,GS,NO,1.5,222.0,110.3,4900,30,17.3,25.9,35.5,23.8,4.85,C,4900,1,15.0,17.0,106,111,1%,9,7,7,26,25,23,25.9,22.9,16.6,29.2,23.0,22.7,4.6,27.7,25.3,5.2
Dwight Powell,C,,2019-12-20,DAL,PHI,8.5,212.0,101.8,3800,26,14.8,19.7,27.0,23.5,6.18,C,3800,1,11.0,14.0,102,102,-10%,6,5,5,25,27,27,19.7,19.5,11.3,27.6,27.5,21.3,5.6,25.3,20.8,5.5
Derrick Favors,PF,,2019-12-20,NO,GS,-1.5,222.0,111.8,5100,18,10.0,18.6,27.8,23.5,4.61,PF/C,5100,1,17.0,18.0,102,110,0%,5,5,6,21,17,20,18.6,23.2,10.2,36.1,25.0,27.2,5.3,27.3,29.0,5.7
Gary Harris,SG,,2019-12-20,DEN,MIN,-10.5,215.0,112.8,4600,25,20.3,23.8,28.0,23.5,5.11,SG,4600,1,16.0,10.0,106,110,6%,9,11,10,36,36,34,23.8,21.9,14.9,28.9,33.5,23.0,5.0,31.3,22.0,4.8
T.J. Warren,SF,Q,2019-12-20,IND,SAC,-5.0,207.5,106.3,4900,18,14.0,22.5,28.0,23.5,4.8,SF/PF,4900,2,21.0,15.0,99,107,3%,10,11,14,30,30,33,22.5,26.8,17.0,36.7,32.0,26.0,5.3,29.0,33.0,6.7
Derrick Jones Jr.,SF,,2019-12-20,MIA,NY,-9.0,216.5,112.8,4700,15,23.0,26.4,33.0,23.5,5.0,SF/PF,4700,1,14.0,14.0,100,111,0%,9,8,5,32,31,21,26.4,16.0,6.2,25.9,27.0,22.9,4.9,26.1,24.8,5.3
Darius Garland,PG,,2019-12-20,CLE,MEM,2.0,221.5,109.8,4500,8,14.3,21.2,35.5,23.3,5.17,PG,4500,1,22.0,7.0,106,109,6%,12,10,11,33,28,28,21.1,18.8,11.6,26.1,29.5,21.6,4.8,29.0,23.8,5.3
Josh Hart,SG,,2019-12-20,NO,GS,-1.5,222.0,111.8,5500,8,19.3,25.6,32.8,23.3,4.23,SG/SF,5500,1,16.0,13.0,102,110,10%,10,10,9,35,32,29,25.6,25.8,16.8,34.8,30.0,23.8,4.3,26.5,19.3,3.5
Duncan Robinson,SG,,2019-12-20,MIA,NY,-9.0,216.5,112.8,4800,13,14.3,25.6,50.8,23.0,4.79,SG/SF,4800,1,14.0,13.0,100,111,1%,9,10,9,31,36,29,25.9,21.0,10.6,31.3,28.5,19.8,4.1,22.6,25.5,5.3
Troy Brown,SG,,2019-12-20,WAS,TOR,6.0,230.0,112.0,5200,20,23.0,28.1,39.3,23.0,4.42,SG/SF,5200,1,16.0,14.0,104,100,4%,9,8,7,25,29,23,27.6,20.7,12.6,28.8,25.5,22.9,4.4,27.1,19.3,3.7
D.J. Augustin,PG,,2019-12-20,ORL,POR,3.5,217.5,107.0,4700,24,7.8,25.2,36.0,22.8,4.84,PG,4700,1,20.0,15.0,105,108,4%,10,7,8,27,26,26,25.1,21.9,14.2,29.7,26.0,22.3,4.7,29.3,23.3,5.0
Enes Kanter,C,,2019-12-20,BOS,DET,-9.0,213.5,111.3,4400,4,13.0,22.2,39.3,22.8,5.17,C,4400,1,19.0,24.0,102,108,-7%,12,7,6,23,19,17,22.2,19.5,10.6,28.4,20.0,21.0,4.8,21.5,33.5,7.6
Damion Lee,SG,,2019-12-20,GS,NO,1.5,222.0,110.3,4000,29,7.3,17.8,27.8,22.3,5.56,SG/SF,4000,1,21.0,13.0,106,111,2%,11,10,9,30,25,24,17.8,20.4,10.3,30.6,25.5,21.3,5.3,34.6,32.3,8.1
Terrence Ross,SG,,2019-12-20,ORL,POR,3.5,217.5,107.0,4800,5,12.3,17.0,24.3,22.3,4.64,SG/SF,4800,1,22.0,13.0,105,108,-1%,9,9,11,24,25,25,16.9,20.6,13.9,27.4,23.5,20.0,4.2,22.3,13.0,2.7
Larry Nance Jr.,PF,,2019-12-20,CLE,MEM,2.0,221.5,109.8,3900,1,11.5,16.9,24.8,22.0,5.64,PF/C,3900,1,15.0,16.0,106,109,2%,5,4,7,19,20,25,16.9,22.8,13.5,32.1,19.0,17.5,4.5,19.6,16.8,4.3
Glenn Robinson III,SG,,2019-12-20,GS,NO,1.5,222.0,110.3,4500,29,11.3,21.6,27.5,21.8,4.83,SG/SF,4500,1,15.0,12.0,106,111,2%,10,10,10,27,31,32,21.6,22.9,14.5,31.3,31.0,22.1,4.9,28.1,16.3,3.6
Dorian Finney-Smith,SF,,2019-12-20,DAL,PHI,8.5,212.0,101.8,4400,14,17.0,23.5,30.0,21.3,4.83,SF/PF,4400,1,13.0,12.0,102,102,-3%,9,7,7,34,34,28,23.5,19.3,12.4,26.1,32.0,21.5,4.9,30.8,27.5,6.3
Jordan Clarkson,SG,,2019-12-20,CLE,MEM,2.0,221.5,109.8,4400,27,13.3,24.7,37.0,21.3,4.83,SG/SF,4400,1,26.0,18.0,106,109,6%,8,12,11,24,25,23,24.7,22.4,13.7,31.2,23.0,23.1,5.3,30.4,46.5,10.6
Mason Plumlee,PF,,2019-12-20,DEN,MIN,-10.5,215.0,112.8,4500,6,10.5,19.2,37.0,21.0,4.67,PF/C,4500,1,20.0,19.0,106,110,-2%,7,5,5,27,20,17,19.1,19.8,11.5,28.0,16.5,17.6,3.9,14.8,13.5,3.0
Cedi Osman,SF,,2019-12-20,CLE,MEM,2.0,221.5,109.8,3900,26,15.5,20.8,28.3,21.0,5.38,SF/PF,3900,1,16.0,10.0,106,109,6%,11,10,8,28,27,29,20.8,19.7,11.0,28.5,28.5,19.8,5.1,21.1,19.5,5.0
Ian Mahinmi,C,,2019-12-20,WAS,TOR,6.0,230.0,112.0,4700,23,10.8,19.3,24.5,21.0,4.47,C,4700,1,,,104,100,-6%,7,5,5,24,21,20,19.5,18.4,12.8,24.0,22.5,19.8,4.2,15.8,20.3,4.3
Daniel Theis,PF,,2019-12-20,BOS,DET,-9.0,213.5,111.3,4100,20,12.8,18.8,26.3,21.0,5.12,PF/C,4100,1,14.0,15.0,102,108,5%,7,6,6,23,22,23,18.8,21.3,13.4,29.2,24.0,21.5,5.2,22.0,27.0,6.6
Aron Baynes,C,,2019-12-20,PHO,OKC,2.5,224.5,111.0,4200,21,7.0,19.3,26.0,20.5,4.88,C,4200,2,22.0,20.0,101,105,6%,6,8,10,18,18,23,19.6,27.3,15.5,39.1,19.5,21.2,5.0,25.9,17.3,4.1
Elfrid Payton,PG,,2019-12-20,NY,MIA,9.0,216.5,103.8,5500,13,12.5,25.5,38.8,20.3,3.68,PG,5500,2,22.0,17.0,102,104,-9%,10,10,8,23,23,22,25.4,23.1,12.2,34.1,23.0,22.4,4.1,17.8,16.8,3.1
Jerami Grant,PF,,2019-12-20,DEN,MIN,-10.5,215.0,112.8,4300,6,10.3,20.1,32.8,20.3,4.71,PF/C,4300,1,18.0,12.0,106,110,8%,7,8,8,24,26,23,20.1,17.8,10.5,25.1,22.0,17.9,4.2,23.3,13.8,3.2
Justin Holiday,SG,,2019-12-20,IND,SAC,-5.0,207.5,106.3,4600,4,10.5,18.5,31.5,20.3,4.4,SG/SF,4600,2,13.0,12.0,99,107,4%,8,9,7,24,25,25,18.3,18.7,11.0,26.3,28.0,19.8,4.3,23.4,23.3,5.1
Brad Wanamaker,PG,Q,2019-12-20,BOS,DET,-9.0,213.5,111.3,3400,28,6.5,13.0,24.0,20.0,5.88,PG/SG,3400,1,18.0,15.0,102,108,10%,3,5,5,21,21,19,13.0,15.9,8.5,23.3,24.5,20.4,6.0,21.8,17.3,5.1
Josh Okogie,SG,,2019-12-20,MIN,DEN,10.5,215.0,102.3,4200,6,8.3,17.0,25.5,19.8,4.7,SG/SF,4200,1,15.0,11.0,100,101,-8%,7,8,7,29,28,26,17.0,19.4,11.9,26.9,28.0,19.7,4.7,19.3,12.8,3.0
T.J. McConnell,PG,,2019-12-20,IND,SAC,-5.0,207.5,106.3,3900,23,14.8,21.1,26.5,19.3,4.94,PG,3900,2,22.0,17.0,99,107,-7%,9,7,6,21,20,18,21.4,18.6,10.8,26.4,20.5,19.4,5.0,21.9,32.3,8.3
Tony Snell,SG,,2019-12-20,DET,BOS,9.0,213.5,102.3,3500,12,13.8,17.7,26.8,19.0,5.43,SG/SF,3500,1,12.0,10.0,101,102,-3%,9,7,7,26,27,27,17.6,15.2,8.4,22.0,31.5,17.7,5.1,31.7,11.5,3.3
Anzejs Pasecniks,C,,2019-12-20,WAS,TOR,6.0,230.0,112.0,4200,23,19.5,19.5,19.5,19.0,4.52,C,4200,1,,,104,100,-6%,7,7,7,28,28,28,19.5,19.5,19.5,19.5,20.5,16.9,4.0,13.8,6.0,1.4
Nerlens Noel,C,,2019-12-20,OKC,PHO,-2.5,224.5,113.5,4000,9,9.3,17.6,21.5,18.8,4.69,C,4000,1,15.0,22.0,105,107,3%,6,4,5,19,18,19,17.6,20.8,12.0,29.5,19.5,21.1,5.3,20.2,23.3,5.8
Maxi Kleber,PF,,2019-12-20,DAL,PHI,8.5,212.0,101.8,3600,4,9.3,17.0,28.3,18.3,5.07,PF/C,3600,1,13.0,13.0,102,102,-10%,6,6,6,25,22,24,17.0,18.8,11.8,25.8,22.5,17.1,4.8,23.1,17.8,4.9
Terence Davis,PG,,2019-12-20,TOR,WAS,-6.0,230.0,118.0,4100,29,2.3,8.9,16.0,18.3,4.45,PG/SG,4100,1,17.0,14.0,106,114,-2%,4,5,5,16,14,17,8.9,15.1,5.5,24.6,19.5,19.1,4.7,17.8,13.8,3.4
Jaxson Hayes,C,,2019-12-20,NO,GS,-1.5,222.0,111.8,4700,8,9.5,20.7,27.8,18.3,3.88,C,4700,1,15.0,18.0,102,110,0%,4,4,6,22,23,22,20.9,20.3,13.3,27.3,22.0,19.3,4.1,20.3,20.0,4.3
Kevin Porter Jr.,SG,,2019-12-20,CLE,MEM,2.0,221.5,109.8,3900,27,11.0,19.8,39.0,18.3,4.68,SG/SF,3900,1,19.0,10.0,106,109,6%,7,9,7,20,22,21,19.8,16.3,8.7,24.0,22.5,19.0,4.9,22.9,14.8,3.8
Michael Carter-Williams,PG,,2019-12-20,ORL,POR,3.5,217.5,107.0,3600,24,19.5,20.8,22.0,17.8,4.93,PG/SG,3600,1,18.0,14.0,105,108,4%,6,7,5,21,21,17,20.8,15.5,7.5,23.5,18.5,16.7,4.6,8.5,3.5,1.0
De'Anthony Melton,PG,,2019-12-20,MEM,CLE,-2.0,221.5,111.8,4600,26,14.8,22.3,31.8,17.3,3.75,PG/SG,4600,1,21.0,15.0,101,113,8%,7,6,5,20,21,16,22.3,17.8,6.2,29.4,15.5,14.9,3.2,17.8,21.8,4.7
Kenrich Williams,SF,,2019-12-20,NO,GS,-1.5,222.0,111.8,3500,27,3.3,13.1,22.5,17.3,4.93,SF/PF,3500,1,10.0,9.0,102,110,0%,5,4,5,23,24,26,13.3,18.2,9.1,27.4,23.0,15.1,4.3,28.3,17.3,4.9
Bobby Portis,PF,,2019-12-20,NY,MIA,9.0,216.5,103.8,5400,28,14.5,21.7,28.5,17.3,3.19,PF/C,5400,2,20.0,14.0,102,104,2%,7,8,9,17,19,22,21.7,20.7,11.4,30.0,18.0,16.3,3.0,24.7,51.0,9.4
Eric Paschall,SF,Q,2019-12-20,GS,NO,1.5,222.0,110.3,5300,29,7.8,17.4,25.3,17.3,3.25,SF/PF,5300,1,21.0,15.0,106,111,3%,8,10,12,17,25,30,17.4,25.8,14.4,37.3,21.5,19.1,3.6,6.6,5.8,1.1
Patrick McCaw,PG,,2019-12-20,TOR,WAS,-6.0,230.0,118.0,3900,29,-0.5,8.4,12.8,17.3,4.42,PG/SF,3900,1,,,106,114,11%,3,3,3,25,22,21,8.3,9.0,4.0,14.0,30.0,16.8,4.3,33.8,18.8,4.8
Seth Curry,PG,Q,2019-12-20,DAL,PHI,8.5,212.0,101.8,4900,3,9.8,27.9,50.3,17.0,3.47,PG/SG,4900,1,18.0,15.0,102,102,-9%,14,11,8,26,24,23,27.9,18.0,6.3,29.6,24.0,18.3,3.7,21.2,12.0,2.4
Delon Wright,PG,Q,2019-12-20,DAL,PHI,8.5,212.0,101.8,3800,3,0.0,14.2,30.3,17.0,4.47,PG/SG,3800,1,16.0,19.0,102,102,-8%,5,4,6,18,17,21,18.4,20.4,10.4,30.4,19.5,18.6,4.9,23.4,30.3,8.0
Mikal Bridges,SG,,2019-12-20,PHO,OKC,2.5,224.5,111.0,4900,9,6.3,22.8,34.5,16.5,3.37,SG/SF,4900,2,13.0,13.0,101,105,2%,5,4,5,29,28,22,22.8,17.3,8.3,26.3,23.0,16.7,3.4,16.6,6.0,1.2
Admiral Schofield,SF,,2019-12-20,WAS,TOR,6.0,230.0,112.0,4000,10,-0.5,12.2,24.5,16.5,4.13,SF/PF,4000,1,,,104,100,-2%,8,5,3,19,13,10,12.3,7.5,-1.8,16.8,18.5,13.8,3.5,21.6,11.0,2.8
Khem Birch,C,,2019-12-20,ORL,POR,3.5,217.5,107.0,3300,13,15.8,18.6,22.8,16.3,4.92,C,3300,1,9.0,10.0,105,108,8%,5,4,4,28,29,26,18.6,17.6,11.1,24.1,0.0,0.0,0.0,2.1,0.0,0.0
Jarrett Culver,PG,Q,2019-12-20,MIN,DEN,10.5,215.0,102.3,3600,18,2.5,12.5,21.0,16.3,4.51,PG/SG,3600,1,20.0,9.0,100,101,-8%,7,7,9,19,21,23,12.5,18.5,9.3,27.8,17.0,14.0,3.9,12.8,14.8,4.1
John Henson,C,,2019-12-20,CLE,MEM,2.0,221.5,109.8,3100,11,3.8,12.9,22.3,16.0,5.16,C,3100,1,,,106,109,2%,3,3,3,14,14,13,12.8,13.2,6.9,19.5,13.0,13.4,4.3,16.3,26.5,8.5
Kelly Olynyk,PF,,2019-12-20,MIA,NY,-9.0,216.5,112.8,3400,24,5.3,15.9,32.0,16.0,4.71,PF/C,3400,1,16.0,13.0,100,111,-4%,5,5,7,22,22,24,16.4,20.6,11.0,30.2,16.0,13.8,4.1,26.3,28.0,8.2
Anfernee Simons,PG,,2019-12-20,POR,ORL,-3.5,217.5,110.5,3600,27,4.0,13.6,28.8,15.5,4.31,PG/SG,3600,1,20.0,10.0,100,105,0%,6,7,9,19,22,22,13.6,15.6,7.7,23.5,21.0,15.7,4.4,20.3,16.5,4.6
Mohamed Bamba,C,,2019-12-20,ORL,POR,3.5,217.5,107.0,3500,13,18.5,20.4,23.0,15.3,4.36,C,3500,1,,,105,108,8%,7,7,6,15,16,16,20.4,16.5,8.3,24.6,15.0,15.7,4.5,12.7,14.5,4.1
Marquese Chriss,PF,,2019-12-20,GS,NO,1.5,222.0,110.3,4500,5,7.8,24.9,42.8,15.0,3.33,PF/C,4500,1,19.0,18.0,106,111,3%,3,5,5,14,17,18,25.1,19.8,10.1,29.6,14.5,15.9,3.5,12.5,13.3,3.0
Omari Spellman,PF,,2019-12-20,GS,NO,1.5,222.0,110.3,3300,5,7.3,11.9,14.5,15.0,4.55,PF/C,3300,1,19.0,16.0,106,111,3%,5,4,6,15,16,18,11.8,18.0,10.0,26.0,11.5,10.8,3.3,6.6,2.5,0.8
Monte Morris,PG,,2019-12-20,DEN,MIN,-10.5,215.0,112.8,3700,9,7.3,15.6,27.3,14.8,3.99,PG,3700,1,21.0,15.0,106,110,7%,5,6,6,14,20,18,15.6,15.7,6.9,24.4,16.0,14.7,4.0,13.9,11.8,3.2
Taj Gibson,PF,,2019-12-20,NY,MIA,9.0,216.5,103.8,3100,28,8.5,12.8,21.3,14.8,4.76,PF/C,3100,2,14.0,14.0,102,104,2%,4,3,4,18,18,17,12.8,14.3,7.7,21.0,16.0,13.3,4.3,14.3,12.3,4.0
Meyers Leonard,PF,,2019-12-20,MIA,NY,-9.0,216.5,112.8,3500,24,6.5,13.6,17.8,14.8,4.21,PF/C,3500,1,12.0,12.0,100,111,-4%,5,5,4,23,17,18,13.6,13.9,5.0,22.8,16.0,12.3,3.5,21.7,26.3,7.5
Tyus Jones,PG,,2019-12-20,MEM,CLE,-2.0,221.5,111.8,3400,26,8.3,16.4,27.8,14.8,4.34,PG/SG,3400,1,18.0,12.0,101,113,8%,3,4,6,15,18,20,16.4,16.7,8.3,25.2,15.5,13.1,3.9,19.4,16.5,4.9
Isaac Bonga,SF,,2019-12-20,WAS,TOR,6.0,230.0,112.0,3800,10,1.5,9.2,22.0,14.3,3.75,SF,3800,1,10.0,9.0,104,100,-2%,3,3,3,20,19,17,9.3,11.0,4.7,17.4,20.5,14.4,3.8,11.8,3.3,0.9
Shabazz Napier,PG,,2019-12-20,MIN,DEN,10.5,215.0,102.3,3400,18,3.5,14.3,26.5,14.3,4.19,PG/SG,3400,1,21.0,12.0,100,101,-8%,7,6,6,18,16,18,14.3,16.3,7.4,25.2,20.0,18.2,5.4,20.1,18.5,5.4
Kevin Knox,SF,,2019-12-20,NY,MIA,9.0,216.5,103.8,3600,17,10.0,16.3,31.5,14.3,3.96,SF/PF,3600,2,,,102,104,-6%,11,8,7,23,20,20,16.3,15.4,8.4,22.4,20.0,14.4,4.0,21.3,17.8,4.9
Doug McDermott,SF,,2019-12-20,IND,SAC,-5.0,207.5,106.3,3600,18,10.5,17.7,26.5,14.3,3.96,SF/PF,3600,2,18.0,12.0,99,107,3%,5,7,8,20,23,21,17.7,15.8,8.1,23.4,22.0,15.6,4.3,22.0,23.5,6.5
Cameron Johnson,SF,Q,2019-12-20,PHO,OKC,2.5,224.5,111.0,3900,3,17.0,20.1,24.8,14.0,3.59,SF/PF,3900,2,16.0,14.0,101,105,-2%,8,8,7,31,27,21,20.1,17.2,8.6,25.9,24.0,16.6,4.3,17.4,11.3,2.9
Abdel Nader,SF,,2019-12-20,OKC,PHO,-2.5,224.5,113.5,3700,13,6.8,16.8,24.0,14.0,3.78,SF,3700,1,16.0,13.0,105,107,5%,4,6,5,18,25,18,16.8,12.3,4.5,20.2,19.0,12.8,3.5,27.0,8.8,2.4
Semi Ojeleye,SF,,2019-12-20,BOS,DET,-9.0,213.5,111.3,3200,16,4.3,9.9,14.0,14.0,4.38,SF/PF,3200,1,7.0,6.0,102,108,5%,3,2,2,22,24,16,9.8,7.1,1.6,12.6,26.5,13.4,4.2,18.3,8.0,2.5
Terrance Ferguson,SG,,2019-12-20,OKC,PHO,-2.5,224.5,113.5,4000,24,2.5,9.5,14.8,13.8,3.44,SG/SF,4000,1,10.0,6.0,105,107,2%,5,5,5,27,28,27,9.4,12.1,5.9,18.2,28.0,13.7,3.4,18.9,6.5,1.6
Cory Joseph,PG,,2019-12-20,SAC,IND,5.0,207.5,101.3,3500,21,13.0,19.3,34.3,13.5,3.86,PG/SG,3500,2,15.0,8.0,102,102,0%,5,7,6,26,29,26,19.3,17.2,9.1,25.3,23.5,14.2,4.1,27.7,18.0,5.1
Gorgui Dieng,C,,2019-12-20,MIN,DEN,10.5,215.0,102.3,4900,28,3.5,12.3,25.0,13.3,2.7,C,4900,1,17.0,16.0,100,101,-1%,6,4,4,18,14,13,12.3,14.6,4.9,24.2,24.5,26.8,5.5,23.7,29.0,5.9
Skal Labissiere,PF,,2019-12-20,POR,ORL,-3.5,217.5,110.5,3100,8,9.0,12.4,18.8,13.3,4.27,PF/C,3100,1,14.0,15.0,100,105,1%,4,3,4,14,18,17,12.4,15.8,5.5,26.0,15.0,12.6,4.1,23.9,22.3,7.2
Grant Williams,SF,,2019-12-20,BOS,DET,-9.0,213.5,111.3,3000,16,1.3,6.6,13.0,13.0,4.33,SF/PF,3000,1,12.0,3.0,102,108,5%,3,2,3,16,13,15,6.5,7.8,2.2,13.3,20.5,12.8,4.3,29.7,24.3,8.1
Svi Mykhailiuk,SG,,2019-12-20,DET,BOS,9.0,213.5,102.3,3000,12,0.0,8.5,15.3,13.0,4.33,SG/SF,3000,1,15.0,9.0,101,102,-2%,6,4,4,14,13,16,8.4,9.8,3.2,16.4,27.0,16.1,5.4,27.7,20.5,6.8
Matisse Thybulle,SG,,2019-12-20,PHI,DAL,-8.5,212.0,110.3,3200,30,8.5,14.2,24.3,13.0,4.06,SG/SF,3200,1,13.0,11.0,102,106,-10%,2,4,4,17,23,18,14.2,12.7,3.1,22.3,18.5,12.7,4.0,13.6,2.0,0.6
Frank Ntilikina,PG,,2019-12-20,NY,MIA,9.0,216.5,103.8,3400,13,1.5,11.8,34.3,12.8,3.75,PG/SG,3400,2,14.0,9.0,102,104,-9%,4,4,6,21,19,25,11.8,17.1,5.8,28.4,19.5,11.9,3.5,15.6,3.8,1.1
Thon Maker,PF,,2019-12-20,DET,BOS,9.0,213.5,102.3,3200,16,2.0,7.2,16.5,12.8,3.98,PF/C,3200,1,12.0,11.0,101,102,-4%,1,1,2,12,11,11,7.2,7.7,1.9,13.6,13.0,10.2,3.2,23.4,24.8,7.8
Mike Scott,SF,,2019-12-20,PHI,DAL,-8.5,212.0,110.3,3200,19,6.3,14.0,22.5,12.5,3.91,SF/PF,3200,1,13.0,11.0,102,106,-2%,6,6,6,16,20,20,14.0,13.2,6.4,19.9,15.0,10.2,3.2,17.4,20.3,6.3
Kyle Anderson,SF,,2019-12-20,MEM,CLE,-2.0,221.5,111.8,3300,2,9.3,14.4,18.8,12.0,3.64,SF/PF,3300,1,15.0,14.0,101,113,4%,4,4,5,15,17,20,14.3,17.6,10.6,24.6,13.5,11.4,3.5,6.8,8.3,2.5
James Ennis III,SF,,2019-12-20,PHI,DAL,-8.5,212.0,110.3,3200,19,2.8,10.6,19.5,11.8,3.67,SF/PF,3200,1,15.0,14.0,102,106,2%,4,4,5,18,17,18,10.6,14.2,6.6,21.7,16.0,12.2,3.8,13.7,11.0,3.4
Solomon Hill,SF,,2019-12-20,MEM,CLE,-2.0,221.5,111.8,3300,2,7.8,15.9,21.8,11.3,3.41,SF/PF,3300,1,14.0,11.0,101,113,4%,6,6,6,20,20,20,15.8,15.7,8.5,22.8,17.0,11.9,3.6,14.4,10.8,3.3
Matthew Dellavedova,PG,,2019-12-20,CLE,MEM,2.0,221.5,109.8,3100,8,3.5,8.1,12.0,10.0,3.23,PG/SG,3100,1,15.0,6.0,106,109,6%,2,2,3,9,12,13,8.1,8.2,4.1,12.3,12.5,8.9,2.9,15.7,15.5,5.0
Keita Bates-Diop,SF,,2019-12-20,MIN,DEN,10.5,215.0,102.3,3000,21,0.0,9.1,23.0,10.0,3.33,SF/PF,3000,1,13.0,12.0,100,101,-10%,4,5,5,15,18,19,9.1,13.1,3.0,23.2,14.5,10.5,3.5,18.9,12.0,4.0
Furkan Korkmaz,SG,,2019-12-20,PHI,DAL,-8.5,212.0,110.3,3200,30,2.8,9.5,13.8,10.0,3.13,SG/SF,3200,1,15.0,9.0,102,106,-4%,5,4,7,11,13,21,9.5,13.5,5.9,21.1,0.0,0.0,0.0,13.4,9.5,3.0
Darius Bazley,SF,,2019-12-20,OKC,PHO,-2.5,224.5,113.5,3000,13,1.3,7.5,14.5,9.8,3.25,SF/PF,3000,1,12.0,6.0,105,107,0%,3,3,4,14,15,16,7.5,10.3,3.8,16.8,13.0,8.7,2.9,18.5,20.3,6.8
Gary Trent Jr.,SG,,2019-12-20,POR,ORL,-3.5,217.5,110.5,3000,18,1.3,6.4,15.8,9.5,3.17,SG,3000,1,,,100,105,0%,4,4,3,17,11,10,6.4,6.7,-0.2,13.7,12.0,8.2,2.7,17.6,7.8,2.6
Javonte Green,SG,,2019-12-20,BOS,DET,-9.0,213.5,111.3,3000,7,0.0,4.9,9.3,9.3,3.08,SG,3000,1,,,102,108,5%,1,1,2,10,9,7,4.9,5.0,0.3,9.7,13.5,10.8,3.6,18.2,11.5,3.8
Yogi Ferrell,PG,,2019-12-20,SAC,IND,5.0,207.5,101.3,3000,21,6.3,9.0,12.0,9.0,3.0,PG/SG,3000,2,19.0,14.0,102,102,0%,2,4,4,10,14,14,8.9,10.8,4.6,17.0,13.0,9.4,3.1,22.3,14.5,4.8
Michael Porter Jr.,SF,,2019-12-20,DEN,MIN,-10.5,215.0,112.8,3200,30,2.0,11.5,23.5,9.0,2.81,SF/PF,3200,1,,,106,110,-2%,6,5,4,10,10,9,11.5,9.3,2.8,15.7,11.5,11.6,3.6,10.4,9.8,3.1
Raul Neto,PG,,2019-12-20,PHI,DAL,-8.5,212.0,110.3,3200,1,2.3,7.7,19.3,8.8,2.73,PG,3200,1,17.0,11.0,102,106,-10%,4,2,3,14,12,12,7.7,9.0,1.4,16.6,0.0,0.0,0.0,6.8,3.5,1.1
Anthony Tolliver,PF,,2019-12-20,POR,ORL,-3.5,217.5,110.5,3000,8,1.3,7.1,13.3,8.8,2.92,PF/C,3000,1,11.0,6.0,100,105,1%,3,2,3,17,11,16,7.1,9.5,1.7,17.3,13.5,8.2,2.7,18.8,7.8,2.6
Damyean Dotson,SG,,2019-12-20,NY,MIA,9.0,216.5,103.8,3300,14,0.0,11.1,22.8,8.5,2.58,SG/SF,3300,2,17.0,11.0,102,104,-2%,4,5,6,16,18,16,11.1,11.2,4.3,18.0,15.0,10.4,3.2,23.1,17.5,5.3
E'Twaun Moore,SG,,2019-12-20,NO,GS,-1.5,222.0,111.8,3500,8,3.5,14.1,24.3,8.3,2.36,SG/SF,3500,1,20.0,13.0,102,110,10%,4,5,9,13,16,20,14.1,17.3,8.7,26.0,0.0,0.0,0.0,5.2,1.5,0.4
Ty Jerome,PG,,2019-12-20,PHO,OKC,2.5,224.5,111.0,3500,15,1.3,9.4,19.8,8.3,2.36,PG/SG,3500,2,,,101,105,-2%,8,5,5,15,13,14,9.3,12.2,4.8,19.6,0.0,0.0,0.0,11.4,5.5,1.6
Nickeil Alexander-Walker,PG,,2019-12-20,NO,GS,-1.5,222.0,111.8,3200,16,3.5,10.4,20.0,7.8,2.42,PG/SG,3200,1,24.0,9.0,102,110,6%,4,3,7,15,11,14,10.3,12.9,2.0,23.7,0.0,0.0,0.0,3.9,0.0,0.0
Cheick Diallo,PF,,2019-12-20,PHO,OKC,2.5,224.5,111.0,3000,15,2.8,11.5,25.0,7.3,2.42,PF/C,3000,2,17.0,21.0,101,105,-12%,2,4,3,5,11,10,11.4,10.5,0.2,20.8,0.0,0.0,0.0,8.2,10.5,3.5
Jordan Bell,PF,,2019-12-20,MIN,DEN,10.5,215.0,102.3,3500,2,6.5,10.0,12.3,7.3,2.07,PF/C,3500,1,17.0,15.0,100,101,-8%,3,2,3,11,12,10,10.3,9.7,2.7,16.7,11.5,10.8,3.1,16.5,17.5,5.0
Edmond Sumner,SG,,2019-12-20,IND,SAC,-5.0,207.5,106.3,3000,4,3.0,10.8,16.8,7.0,2.33,SG/SF,3000,2,,,99,107,-7%,2,4,4,4,15,15,10.6,10.6,4.1,17.0,0.0,0.0,0.0,17.1,5.8,1.9
Malik Beasley,PG,,2019-12-20,DEN,MIN,-10.5,215.0,112.8,3000,9,2.0,8.7,19.0,6.8,2.25,PG/SG,3000,1,20.0,8.0,106,110,6%,4,5,6,11,15,15,8.7,10.6,3.5,17.8,11.5,8.9,3.0,14.2,10.3,3.4
Mario Hezonja,SF,Q,2019-12-20,POR,ORL,-3.5,217.5,110.5,3000,6,2.5,8.2,20.5,6.8,2.25,SF/PF,3000,1,14.0,8.0,100,105,0%,1,2,4,9,13,17,8.2,12.3,3.9,20.7,0.0,0.0,0.0,11.3,3.8,1.3
Torrey Craig,SG,,2019-12-20,DEN,MIN,-10.5,215.0,112.8,3000,25,0.0,7.4,16.5,6.8,2.25,SG/SF,3000,1,12.0,9.0,106,110,6%,2,4,3,7,12,13,7.3,9.0,1.0,17.0,0.0,0.0,0.0,4.3,3.5,1.2
Mike Muscala,PF,,2019-12-20,OKC,PHO,-2.5,224.5,113.5,3000,13,0.0,8.3,19.3,6.5,2.17,PF/C,3000,1,17.0,8.0,105,107,0%,2,2,4,6,7,11,5.1,8.2,1.4,15.1,0.0,0.0,0.0,1.1,0.0,0.0
Dennis Smith Jr.,PG,,2019-12-20,NY,MIA,9.0,216.5,103.8,3600,13,7.3,13.7,24.8,6.3,1.74,PG,3600,2,23.0,6.0,102,104,-9%,6,6,6,13,16,17,13.7,13.5,4.0,23.0,0.0,0.0,0.0,14.6,17.0,4.7
Jordan Poole,SG,,2019-12-20,GS,NO,1.5,222.0,110.3,3200,29,1.0,4.8,10.5,6.0,1.88,SG/SF,3200,1,21.0,4.0,106,111,12%,5,4,9,13,13,23,7.2,15.0,7.7,22.3,0.0,0.0,0.0,13.1,9.5,3.0
Norvel Pelle,C,,2019-12-20,PHI,DAL,-8.5,212.0,110.3,3300,16,10.0,15.2,20.3,5.5,1.67,C,3300,1,,,102,106,0%,3,2,2,16,14,14,15.2,15.2,10.9,19.5,0.0,0.0,0.0,3.9,0.0,0.0
Elie Okobo,PG,,2019-12-20,PHO,OKC,2.5,224.5,111.0,3600,15,0.0,8.6,21.0,5.5,1.53,PG/SG,3600,2,21.0,14.0,101,105,-2%,7,4,4,19,11,11,8.6,10.1,0.9,19.4,10.5,8.8,2.4,15.3,22.3,6.2
Treveon Graham,SF,,2019-12-20,MIN,DEN,10.5,215.0,102.3,3500,21,-0.5,6.0,20.5,5.5,1.57,SF/PF,3500,1,14.0,6.0,100,101,-10%,5,3,6,16,13,22,7.5,12.9,5.8,20.1,14.0,8.7,2.5,7.4,3.5,1.0
Garrison Mathews,SG,,2019-12-20,WAS,TOR,6.0,230.0,112.0,3000,20,2.3,5.3,10.0,5.3,1.75,SG/SF,3000,1,,,104,100,-2%,3,2,2,12,8,8,4.5,4.5,1.2,7.8,0.0,0.0,0.0,16.5,12.5,4.2
Jevon Carter,PG,,2019-12-20,PHO,OKC,2.5,224.5,111.0,3500,15,0.0,8.8,19.5,5.3,1.5,PG/SG,3500,2,14.0,10.0,101,105,-2%,8,4,4,20,14,15,8.8,11.1,3.1,19.2,0.0,0.0,0.0,12.0,12.5,3.6
Grayson Allen,PG,Q,2019-12-20,MEM,CLE,-2.0,221.5,111.8,3300,26,12.5,19.8,24.8,5.3,1.59,PG/SG,3300,1,19.0,10.0,101,113,9%,9,8,7,19,24,19,19.8,14.9,8.9,21.0,0.0,0.0,0.0,10.7,11.3,3.4
Kevon Looney,PF,,2019-12-20,GS,NO,1.5,222.0,110.3,3000,5,3.3,5.6,8.0,5.0,1.67,PF/C,3000,1,,,106,111,3%,4,3,4,15,11,11,5.6,8.0,3.9,12.1,0.0,0.0,0.0,5.7,5.0,1.7
Wes Iwundu,SG,,2019-12-20,ORL,POR,3.5,217.5,107.0,3300,5,4.0,8.0,14.3,4.3,1.29,SG/SF,3300,1,14.0,9.0,105,108,6%,2,3,3,5,11,13,8.0,8.2,3.4,12.9,0.0,0.0,0.0,12.6,10.3,3.1
Justin James,SG,,2019-12-20,SAC,IND,5.0,207.5,101.3,3000,2,-0.3,8.3,23.8,4.0,1.33,SG/SF,3000,2,,,102,102,0%,2,4,4,5,13,12,8.3,8.1,-0.1,16.3,0.0,0.0,0.0,23.9,23.8,7.9
Tim Frazier,PG,,2019-12-20,DET,BOS,9.0,213.5,102.3,3000,4,3.0,5.8,11.0,4.0,1.33,PG,3000,1,,,101,102,-11%,1,1,3,2,4,10,5.4,8.8,2.8,14.9,0.0,0.0,0.0,7.1,9.5,3.2
Romeo Langford,SG,,2019-12-20,BOS,DET,-9.0,213.5,111.3,3000,7,1.5,1.5,1.5,3.3,1.08,SG/SF,3000,1,,,102,108,10%,0,0,0,3,3,3,0.8,0.8,-0.3,1.8,0.0,0.0,0.0,17.9,9.5,3.2
Malcolm Miller,SG,,2019-12-20,TOR,WAS,-6.0,230.0,118.0,3000,11,0.0,1.6,4.5,3.0,1.0,SG/SF,3000,1,,,106,114,12%,0,0,1,1,3,5,0.9,2.9,-1.5,7.4,0.0,0.0,0.0,13.7,2.8,0.9
Noah Vonleh,PF,,2019-12-20,MIN,DEN,10.5,215.0,102.3,3300,2,1.3,7.5,18.0,1.0,0.3,PF/C,3300,1,15.0,13.0,100,101,-8%,3,3,3,8,9,12,8.8,10.5,5.1,15.9,11.0,10.1,3.1,20.0,23.8,7.2
Justise Winslow,PG,O,2019-12-20,MIA,NY,-9.0,216.5,112.8,5800,22,18.3,24.9,36.8,0.0,0.0,PG/SF,5800,1,21.0,9.0,100,111,0%,14,11,13,33,31,34,25.3,29.2,17.3,41.1,0.0,0.0,0.0,0.0,0.0,0.0
Moritz Wagner,PF,O,2019-12-20,WAS,TOR,6.0,230.0,112.0,5200,10,15.0,23.2,35.3,0.0,0.0,PF/C,5200,1,21.0,19.0,104,100,7%,5,8,8,22,24,20,23.2,23.5,13.9,33.1,0.0,0.0,0.0,0.0,0.0,0.0
Stephen Curry,PG,O,2019-12-20,GS,NO,1.5,222.0,110.3,8500,6,28.8,39.8,55.3,0.0,0.0,PG,8500,1,,,106,111,12%,14,17,17,26,28,28,39.4,39.4,27.7,51.0,0.0,0.0,0.0,0.0,0.0,0.0
Wayne Ellington,SG,O,2019-12-20,NY,MIA,9.0,216.5,103.8,3000,14,0.0,6.6,13.3,0.0,0.0,SG/SF,3000,2,16.0,5.0,102,104,-2%,3,3,5,10,12,14,6.6,8.7,1.8,15.5,0.0,0.0,0.0,0.0,0.0,0.0
C.J. Miles,SG,O,2019-12-20,WAS,TOR,6.0,230.0,112.0,3000,20,3.5,11.2,26.5,0.0,0.0,SG/SF,3000,1,18.0,11.0,104,100,4%,5,5,6,17,17,17,13.2,13.9,5.1,22.6,0.0,0.0,0.0,0.0,0.0,0.0
Nassir Little,SF,O,2019-12-20,POR,ORL,-3.5,217.5,110.5,3000,6,5.3,10.5,16.5,0.0,0.0,SF/PF,3000,1,14.0,11.0,100,105,1%,6,4,4,12,13,15,10.4,11.6,2.6,20.6,0.0,0.0,0.0,0.0,0.0,0.0
Andre Iguodala,SG,O,2019-12-20,MEM,CLE,-2.0,221.5,111.8,3000,22,20.3,25.9,31.0,0.0,0.0,SG/SF,3000,1,,,101,113,4%,0,0,0,0,0,0,0.0,0.0,0.0,0.0,0.0,0.0,0.0,0.0,0.0,0.0
Zion Williamson,PF,O,2019-12-20,NO,GS,-1.5,222.0,111.8,6400,18,,,,0.0,0.0,PF/C,6400,1,,,102,110,0%,0,0,0,0,0,0,0.0,0.0,0.0,0.0,0.0,0.0,0.0,0.0,0.0,0.0
Khyri Thomas,SG,O,2019-12-20,DET,BOS,9.0,213.5,102.3,3000,12,0.0,4.4,12.8,0.0,0.0,SG,3000,1,,,101,102,-3%,0,0,0,3,3,3,0.5,0.5,-0.2,1.2,0.0,0.0,0.0,0.0,0.0,0.0
Marcus Smart,PG,O,2019-12-20,BOS,DET,-9.0,213.5,111.3,5100,28,2.8,21.3,43.8,0.0,0.0,PG/SG,5100,1,18.0,14.0,102,108,10%,9,10,11,31,33,32,26.6,27.9,20.3,35.6,0.0,0.0,0.0,0.0,0.0,0.0
Luke Kennard,SG,O,2019-12-20,DET,BOS,9.0,213.5,102.3,5500,12,15.0,24.6,38.3,0.0,0.0,SG/SF,5500,1,20.0,15.0,101,102,-3%,8,11,12,34,32,33,24.6,28.4,19.5,37.4,0.0,0.0,0.0,0.0,0.0,0.0
Norman Powell,SG,O,2019-12-20,TOR,WAS,-6.0,230.0,118.0,6300,11,16.8,33.1,53.0,0.0,0.0,SG/SF,6300,1,19.0,15.0,106,114,12%,11,13,11,34,33,29,33.1,25.0,14.1,35.8,0.0,0.0,0.0,0.0,0.0,0.0
Rodney Hood,SG,O,2019-12-20,POR,ORL,-3.5,217.5,110.5,3000,18,6.0,16.1,28.3,0.0,0.0,SG/SF,3000,1,14.0,12.0,100,105,0%,8,9,9,31,31,32,21.0,21.6,14.0,29.2,0.0,0.0,0.0,0.0,0.0,0.0
Dylan Windler,SG,O,2019-12-20,CLE,MEM,2.0,221.5,109.8,3000,27,,,,0.0,0.0,SG/SF,3000,1,,,106,109,6%,0,0,0,0,0,0,0.0,0.0,0.0,0.0,0.0,0.0,0.0,0.0,0.0,0.0
Thomas Bryant,PF,O,2019-12-20,WAS,TOR,6.0,230.0,112.0,5600,10,15.3,27.4,42.3,0.0,0.0,PF/C,5600,1,19.0,19.0,104,100,-6%,9,9,10,26,27,28,27.4,31.5,22.2,40.8,0.0,0.0,0.0,0.0,0.0,0.0
Matt Thomas,SG,O,2019-12-20,TOR,WAS,-6.0,230.0,118.0,3000,11,0.0,7.4,14.8,0.0,0.0,SG,3000,1,,,106,114,8%,2,4,3,6,11,11,7.4,7.7,2.9,12.4,0.0,0.0,0.0,0.0,0.0,0.0
Vincent Poirier,C,O,2019-12-20,BOS,DET,-9.0,213.5,111.3,3000,4,0.0,6.6,14.0,0.0,0.0,C,3000,1,,,102,108,-7%,3,1,2,6,5,5,6.5,5.0,-0.2,10.1,0.0,0.0,0.0,0.0,0.0,0.0
Pascal Siakam,PF,O,2019-12-20,TOR,WAS,-6.0,230.0,118.0,9500,27,35.0,46.8,64.0,0.0,0.0,PF/C,9500,1,29.0,19.0,106,114,-2%,24,22,21,35,36,37,46.8,45.2,34.9,55.5,0.0,0.0,0.0,0.0,0.0,0.0
Victor Oladipo,PG,O,2019-12-20,IND,SAC,-5.0,207.5,106.3,6400,23,8.8,28.1,41.0,0.0,0.0,PG/SG,6400,2,,,99,107,4%,0,0,0,0,0,0,0.0,0.0,0.0,0.0,0.0,0.0,0.0,0.0,0.0,0.0
Christian Wood,PF,O,2019-12-20,DET,BOS,9.0,213.5,102.3,5100,16,11.8,20.8,30.5,0.0,0.0,PF/C,5100,1,21.0,24.0,101,102,2%,6,5,5,17,17,15,20.8,18.5,6.2,30.7,0.0,0.0,0.0,0.0,0.0,0.0
Jordan McRae,PG,O,2019-12-20,WAS,TOR,6.0,230.0,112.0,4300,17,11.3,22.6,33.0,0.0,0.0,PG/SG,4300,1,21.0,16.0,104,100,-2%,9,10,8,22,23,19,22.6,19.3,10.7,27.8,0.0,0.0,0.0,0.0,0.0,0.0
Reggie Bullock,SG,O,2019-12-20,NY,MIA,9.0,216.5,103.8,3100,14,15.0,19.8,30.3,0.0,0.0,SG/SF,3100,2,,,102,104,-6%,0,0,0,0,0,0,0.0,0.0,0.0,0.0,0.0,0.0,0.0,0.0,0.0,0.0
Robert Williams,PF,O,2019-12-20,BOS,DET,-9.0,213.5,111.3,3000,20,,,,0.0,0.0,PF/C,3000,1,12.0,19.0,102,108,5%,2,2,3,16,12,14,11.1,15.0,7.3,22.6,0.0,0.0,0.0,0.0,0.0,0.0
Zach Collins,PF,O,2019-12-20,POR,ORL,-3.5,217.5,110.5,4300,8,14.5,17.8,21.0,0.0,0.0,PF/C,4300,1,,,100,105,-5%,5,6,6,28,29,29,17.8,17.8,14.9,20.8,0.0,0.0,0.0,0.0,0.0,0.0
Rui Hachimura,PF,O,2019-12-20,WAS,TOR,6.0,230.0,112.0,5800,10,9.0,24.4,39.5,0.0,0.0,PF/C,5800,1,19.0,14.0,104,100,7%,7,12,12,23,31,29,24.4,25.2,14.7,35.6,0.0,0.0,0.0,0.0,0.0,0.0
Dion Waiters,SG,O,2019-12-20,MIA,NY,-9.0,216.5,112.8,3800,13,6.0,21.4,36.3,0.0,0.0,SG/SF,3800,1,,,100,111,-5%,0,0,0,0,0,0,0.0,0.0,0.0,0.0,0.0,0.0,0.0,0.0,0.0,0.0
Andre Roberson,SG,O,2019-12-20,OKC,PHO,-2.5,224.5,113.5,3000,24,12.5,17.6,22.0,0.0,0.0,SG/SF,3000,1,,,105,107,2%,0,0,0,0,0,0,0.0,0.0,0.0,0.0,0.0,0.0,0.0,0.0,0.0,0.0
Jusuf Nurkic,C,O,2019-12-20,POR,ORL,-3.5,217.5,110.5,8200,14,28.5,44.1,72.5,0.0,0.0,C,8200,1,,,100,105,-5%,0,0,0,0,0,0,0.0,0.0,0.0,0.0,0.0,0.0,0.0,0.0,0.0,0.0
Hamidou Diallo,SG,O,2019-12-20,OKC,PHO,-2.5,224.5,113.5,3800,24,8.8,15.8,20.5,0.0,0.0,SG/SF,3800,1,19.0,14.0,105,107,2%,6,7,8,18,23,21,15.8,18.1,11.9,24.2,0.0,0.0,0.0,0.0,0.0,0.0
Stanley Johnson,SF,O,2019-12-20,TOR,WAS,-6.0,230.0,118.0,3000,9,0.0,3.3,5.8,0.0,0.0,SF/PF,3000,1,,,106,114,12%,2,2,2,4,4,4,3.3,3.3,0.3,6.2,0.0,0.0,0.0,0.0,0.0,0.0
Deandre Ayton,C,O,2019-12-20,PHO,OKC,2.5,224.5,111.0,7500,21,22.3,34.9,43.3,0.0,0.0,C,7500,2,,,101,105,6%,17,17,17,29,29,29,41.6,41.6,39.3,43.9,0.0,0.0,0.0,0.0,0.0,0.0
John Wall,PG,O,2019-12-20,WAS,TOR,6.0,230.0,112.0,3000,17,19.8,41.6,79.5,0.0,0.0,PG,3000,1,,,104,100,-2%,0,0,0,0,0,0,0.0,0.0,0.0,0.0,0.0,0.0,0.0,0.0,0.0,0.0
Gordon Hayward,SF,O,2019-12-20,BOS,DET,-9.0,213.5,111.3,6200,16,13.8,27.9,45.5,0.0,0.0,SF/PF,6200,1,23.0,21.0,102,108,-2%,12,14,14,31,30,32,36.4,35.0,21.4,48.6,0.0,0.0,0.0,0.0,0.0,0.0
Darius Miller,SF,O,2019-12-20,NO,GS,-1.5,222.0,111.8,3000,27,8.8,14.7,20.0,0.0,0.0,SF/PF,3000,1,,,102,110,4%,0,0,0,0,0,0,0.0,0.0,0.0,0.0,0.0,0.0,0.0,0.0,0.0,0.0
Reggie Jackson,PG,O,2019-12-20,DET,BOS,9.0,213.5,102.3,3800,4,13.8,28.7,44.8,0.0,0.0,PG/SG,3800,1,,,101,102,-11%,6,6,6,18,18,18,14.1,14.1,13.6,14.7,0.0,0.0,0.0,0.0,0.0,0.0
Al-Farouq Aminu,SF,O,2019-12-20,ORL,POR,3.5,217.5,107.0,3000,5,8.8,12.4,20.5,0.0,0.0,SF/PF,3000,1,13.0,8.0,105,108,1%,5,5,5,19,20,22,12.3,15.8,6.9,24.7,0.0,0.0,0.0,0.0,0.0,0.0
Klay Thompson,SG,O,2019-12-20,GS,NO,1.5,222.0,110.3,3000,29,29.3,39.0,44.5,0.0,0.0,SG/SF,3000,1,,,106,111,2%,0,0,0,0,0,0,0.0,0.0,0.0,0.0,0.0,0.0,0.0,0.0,0.0,0.0
Blake Griffin,PF,O,2019-12-20,DET,BOS,9.0,213.5,102.3,6300,16,7.0,21.9,42.8,0.0,0.0,PF/C,6300,1,28.0,13.0,101,102,2%,15,14,14,31,32,30,27.3,29.5,21.4,37.6,0.0,0.0,0.0,0.0,0.0,0.0
Luka Doncic,PG,O,2019-12-20,DAL,PHI,8.5,212.0,101.8,11700,3,2.8,42.6,77.0,0.0,0.0,PG/SF,11700,1,39.0,32.0,102,102,-8%,24,21,20,34,31,33,55.3,60.7,46.6,74.7,0.0,0.0,0.0,0.0,0.0,0.0
Marc Gasol,C,O,2019-12-20,TOR,WAS,-6.0,230.0,118.0,5300,10,5.3,30.6,47.8,0.0,0.0,C,5300,1,13.0,10.0,106,114,9%,10,8,7,31,30,30,31.6,25.1,15.9,34.2,0.0,0.0,0.0,0.0,0.0,0.0
