Player Name,position,injury_status,game_date,team,opp,spread,over_under,implied_team_score,salary,L5_dvp_rank,L5_ppg_floor,L5_ppg_avg,L5_ppg_max,ppg_projection,value_projection,Pos,Salary,Rest,USG,PER,Opp Pace,Opp DEff,Opp DvP,L2 FGA,L5 FGA,S FGA,L2 Min,L5 Min,S Min,L5 FP,S FP,Floor FP,Ceil FP,Proj Min,Proj FP,Proj Val,Actual Min,Actual FP,Actual Val
James Harden,PG,,2019-12-23,HOU,SAC,-6.0,230.5,118.3,11000,21,51.3,63.5,84.3,58.8,5.34,PG/SG,11000,1,39.0,32.0,99,108,-6%,22,27,25,35,36,38,63.8,64.0,51.5,76.4,37.0,61.6,5.6,37.7,54.3,4.9
Trae Young,PG,,2019-12-23,ATL,CLE,1.0,229.5,114.3,11200,16,46.3,55.1,67.0,54.8,4.89,PG,11200,1,36.0,23.0,101,113,7%,29,28,22,41,39,36,55.1,50.8,37.7,63.8,37.0,55.6,5.0,36.1,63.5,5.7
Nikola Jokic,C,,2019-12-23,DEN,PHO,-2.5,218.5,110.5,9100,9,37.0,52.9,68.5,52.8,5.8,C,9100,0,27.0,22.0,105,108,3%,12,15,14,30,32,31,53.5,43.8,31.7,55.8,32.5,47.1,5.2,30.9,59.5,6.5
Damian Lillard,PG,,2019-12-23,POR,NO,-5.5,230.0,117.8,8300,11,35.3,46.3,61.8,51.3,6.17,PG,8300,1,30.0,25.0,106,111,12%,23,21,19,37,37,37,46.3,47.2,37.0,57.3,37.0,49.7,6.0,36.9,34.8,4.2
Joel Embiid,C,Q,2019-12-23,PHI,DET,-6.0,216.0,111.0,10200,2,45.8,56.9,66.8,51.0,5.0,C,10200,1,31.0,26.0,102,109,-7%,20,19,16,31,33,31,56.9,49.3,36.8,61.9,31.5,48.8,4.8,27.9,41.5,4.1
Russell Westbrook,PG,,2019-12-23,HOU,SAC,-6.0,230.5,118.3,8900,21,40.3,51.6,60.5,48.8,5.48,PG,8900,1,34.0,19.0,99,108,-6%,26,23,20,36,37,35,51.6,48.4,35.8,61.0,36.0,49.2,5.5,40.1,47.8,5.4
Bradley Beal,SG,,2019-12-23,WAS,NY,3.5,228.0,112.3,9300,29,45.3,55.6,60.0,48.0,5.16,SG,9300,1,32.0,21.0,101,112,-4%,24,23,22,39,38,37,55.5,48.1,36.4,59.8,38.5,53.9,5.8,36.5,47.0,5.1
Hassan Whiteside,C,,2019-12-23,POR,NO,-5.5,230.0,117.8,7900,28,35.0,50.0,63.0,46.8,5.92,C,7900,1,20.0,26.0,106,111,1%,9,12,11,35,34,29,50.0,40.9,30.1,51.7,32.5,47.5,6.0,32.1,44.0,5.6
Nikola Vucevic,C,,2019-12-23,ORL,CHI,-5.0,207.0,106.0,8200,20,19.3,37.1,57.0,46.5,5.67,C,8200,2,25.0,22.0,103,104,13%,18,16,16,33,32,32,46.0,42.3,31.2,53.4,32.5,46.1,5.6,31.0,37.3,4.5
Andre Drummond,C,,2019-12-23,DET,PHI,6.0,216.0,105.0,10100,16,26.5,45.1,52.8,46.0,4.55,C,10100,1,24.0,23.0,102,102,-13%,14,14,14,34,33,34,45.3,49.5,37.0,61.9,32.5,46.3,4.6,32.5,44.3,4.4
Domantas Sabonis,PF,Q,2019-12-23,IND,TOR,-7.0,211.0,109.0,7800,15,33.0,42.0,59.0,44.0,5.64,PF/C,7800,0,24.0,20.0,104,101,-7%,15,13,14,32,33,34,42.0,43.4,35.7,51.1,33.5,45.6,5.8,40.5,39.8,5.1
D'Angelo Russell,PG,,2019-12-23,GS,MIN,1.5,222.5,110.5,7500,12,18.5,38.2,50.8,43.0,5.73,PG/SG,7500,2,33.0,18.0,106,110,7%,22,20,19,33,32,32,38.2,39.7,24.4,54.9,33.0,44.2,5.9,33.4,42.0,5.6
Brandon Ingram,SF,,2019-12-23,NO,POR,5.5,230.0,112.3,8400,13,37.8,43.0,56.0,41.8,4.97,SF/PF,8400,2,29.0,21.0,105,108,7%,20,19,19,35,34,35,42.8,43.7,35.3,52.2,35.5,42.7,5.1,37.1,45.8,5.5
Julius Randle,PF,,2019-12-23,NY,WAS,-3.5,228.0,115.8,6700,28,25.5,34.8,43.8,41.8,6.23,PF/C,6700,1,27.0,16.0,106,114,-1%,14,16,14,27,29,32,34.8,34.9,26.8,43.0,34.5,42.0,6.3,37.1,50.8,7.6
Ben Simmons,PG,,2019-12-23,PHI,DET,-6.0,216.0,111.0,8500,26,35.0,42.3,55.3,41.5,4.88,PG/SF,8500,1,22.0,18.0,102,109,8%,10,12,11,34,36,36,42.3,40.9,32.8,48.9,35.5,41.4,4.9,37.3,60.3,7.1
Rudy Gobert,C,,2019-12-23,UTA,MIA,4.5,213.0,104.3,9000,17,42.3,46.5,52.5,40.5,4.5,C,9000,1,16.0,21.0,102,104,-9%,9,10,9,37,37,35,46.5,41.1,32.1,50.1,36.0,40.6,4.5,36.1,54.0,6.0
Jrue Holiday,PG,,2019-12-23,NO,POR,5.5,230.0,112.3,7800,19,30.8,40.4,50.0,40.3,5.16,PG/SG,7800,2,27.0,16.0,105,108,3%,21,22,18,35,37,37,40.4,41.0,31.4,50.6,35.5,38.4,4.9,37.5,39.0,5.0
Clint Capela,C,Q,2019-12-23,HOU,SAC,-6.0,230.5,118.3,7400,11,29.3,40.9,48.8,40.0,5.41,C,7400,1,15.0,21.0,99,108,-4%,9,10,10,37,36,34,40.7,40.9,29.9,51.8,35.5,42.6,5.8,40.6,39.5,5.3
CJ McCollum,PG,,2019-12-23,POR,NO,-5.5,230.0,117.8,6500,11,20.5,41.1,50.8,40.0,6.15,PG/SG,6500,1,26.0,17.0,106,111,2%,22,19,20,37,38,37,41.3,37.7,25.4,49.9,37.0,38.1,5.9,38.4,32.5,5.0
Kyle Lowry,PG,,2019-12-23,TOR,IND,7.0,211.0,102.0,8800,15,37.0,48.7,60.5,39.8,4.52,PG,8800,0,23.0,17.0,102,102,-2%,19,16,15,41,40,39,49.0,42.7,33.6,51.7,39.0,42.3,4.8,43.8,53.0,6.0
Zach LaVine,PG,Q,2019-12-23,CHI,ORL,5.0,207.0,101.0,8000,27,26.5,42.2,49.5,39.5,4.94,PG/SG,8000,1,31.0,19.0,100,106,-3%,19,21,18,40,37,34,42.2,38.0,25.9,50.1,35.0,38.4,4.8,38.2,42.0,5.3
Jimmy Butler,SG,,2019-12-23,MIA,UTA,-4.5,213.0,108.8,8100,23,32.3,38.4,44.0,39.3,4.85,SG/SF,8100,2,26.0,23.0,102,104,-11%,7,14,14,31,36,35,38.4,43.9,33.3,54.5,35.5,40.9,5.0,34.1,36.5,4.5
Bam Adebayo,C,,2019-12-23,MIA,UTA,-4.5,213.0,108.8,8700,6,34.5,45.3,57.3,38.8,4.45,C,8700,2,21.0,20.0,102,104,0%,13,12,10,32,36,34,45.5,40.8,29.2,52.5,35.5,41.5,4.8,38.1,55.0,6.3
Devin Booker,PG,,2019-12-23,PHO,DEN,2.5,218.5,108.0,7900,17,27.5,39.6,50.0,38.5,4.87,PG/SG,7900,1,28.0,20.0,100,101,-8%,14,17,17,31,35,36,39.3,40.1,28.0,52.2,35.0,36.4,4.6,34.4,25.3,3.2
Donovan Mitchell,PG,,2019-12-23,UTA,MIA,4.5,213.0,104.3,8300,9,40.3,43.0,47.3,38.0,4.58,PG/SG,8300,1,31.0,20.0,102,104,-3%,21,21,21,36,36,35,43.0,40.2,32.1,48.3,35.0,39.0,4.7,38.8,31.8,3.8
Mitchell Robinson,C,,2019-12-23,NY,WAS,-3.5,228.0,115.8,5800,7,15.3,27.3,45.3,37.8,6.51,C,5800,1,15.0,24.0,106,114,10%,7,8,6,25,26,23,27.3,24.8,16.7,33.0,30.0,36.3,6.3,22.9,34.3,5.9
Serge Ibaka,PF,,2019-12-23,TOR,IND,7.0,211.0,102.0,7700,21,15.3,33.7,48.3,37.3,4.84,PF/C,7700,0,25.0,18.0,102,102,-7%,11,11,11,30,26,23,33.6,27.2,17.6,36.9,32.5,39.3,5.1,41.7,38.3,5.0
John Collins,PF,,2019-12-23,ATL,CLE,1.0,229.5,114.3,7600,19,30.3,36.9,50.8,36.8,4.84,PF/C,7600,1,,,101,113,4%,14,12,12,34,32,32,36.9,36.9,28.2,45.6,30.5,35.8,4.7,34.8,50.0,6.6
Kevin Love,PF,,2019-12-23,CLE,ATL,-1.0,229.5,115.3,7400,20,22.8,41.0,56.8,36.5,4.93,PF/C,7400,2,23.0,18.0,106,112,6%,11,13,12,30,30,31,41.0,37.2,24.5,49.8,29.5,37.5,5.1,34.4,40.5,5.5
De'Aaron Fox,PG,,2019-12-23,SAC,HOU,6.0,230.5,112.3,6400,20,28.3,36.6,43.3,36.3,5.66,PG,6400,1,30.0,18.0,106,107,-5%,11,12,14,27,30,32,36.0,36.2,27.7,44.6,31.0,35.3,5.5,36.0,52.3,8.2
LaMarcus Aldridge,PF,,2019-12-23,SA,MEM,-1.0,229.0,115.0,7300,13,23.5,38.4,48.0,36.3,4.97,PF/C,7300,1,23.0,20.0,106,109,3%,16,17,15,35,36,34,42.0,36.8,26.1,47.4,33.0,37.3,5.1,31.8,65.8,9.0
Jamal Murray,PG,,2019-12-23,DEN,PHO,-2.5,218.5,110.5,7200,29,18.3,33.9,49.0,36.0,5.0,PG/SG,7200,0,26.0,17.0,105,108,5%,15,16,16,34,34,33,33.9,33.9,22.9,44.9,34.0,34.8,4.8,35.1,46.3,6.4
Andrew Wiggins,SG,,2019-12-23,MIN,GS,-1.5,222.5,112.0,8400,11,34.8,41.5,47.5,36.0,4.29,SG/SF,8400,1,29.0,19.0,103,110,3%,21,22,21,36,38,36,41.5,40.2,30.9,49.4,36.0,42.3,5.0,38.6,33.8,4.0
Tristan Thompson,C,,2019-12-23,CLE,ATL,-1.0,229.5,115.3,6300,24,14.8,29.4,35.3,34.8,5.52,C,6300,2,20.0,18.0,106,112,3%,12,11,11,34,31,32,29.4,34.1,25.1,43.1,32.5,34.1,5.4,32.5,24.0,3.8
Buddy Hield,SG,,2019-12-23,SAC,HOU,6.0,230.5,112.3,6700,17,18.0,31.6,56.5,34.8,5.19,SG/SF,6700,1,27.0,15.0,106,107,11%,17,16,19,33,33,35,31.8,35.5,24.9,46.1,32.5,35.4,5.3,27.5,19.8,3.0
Ricky Rubio,PG,,2019-12-23,PHO,DEN,2.5,218.5,108.0,7000,17,21.3,40.0,53.8,34.5,4.93,PG,7000,1,24.0,17.0,100,101,-8%,12,14,13,27,32,33,40.3,38.1,28.2,47.9,33.0,34.9,5.0,34.2,43.3,6.2
Tobias Harris,SF,,2019-12-23,PHI,DET,-6.0,216.0,111.0,7200,18,12.0,29.4,40.8,34.5,4.79,SF/PF,7200,1,24.0,17.0,102,109,1%,11,15,16,32,35,35,29.4,35.8,26.8,44.8,34.5,35.6,4.9,34.3,54.3,7.5
Ja Morant,PG,,2019-12-23,MEM,SA,1.0,229.0,114.0,7100,14,21.8,32.8,38.8,34.3,4.82,PG,7100,1,29.0,19.0,104,110,6%,12,13,15,29,31,30,32.4,34.7,24.6,44.8,31.0,37.6,5.3,30.4,30.3,4.3
DeMar DeRozan,SG,,2019-12-23,SA,MEM,-1.0,229.0,115.0,6800,26,23.8,29.4,35.5,34.3,5.04,SG/SF,6800,1,27.0,18.0,106,109,8%,14,15,16,32,35,35,31.9,36.5,29.4,43.6,33.0,35.9,5.3,29.0,51.3,7.5
Fred VanVleet,PG,,2019-12-23,TOR,IND,7.0,211.0,102.0,7600,15,7.8,29.2,43.5,33.8,4.44,PG/SG,7600,0,23.0,17.0,102,102,-2%,16,14,15,31,35,37,37.6,38.3,28.0,48.6,35.0,34.9,4.6,41.2,48.5,6.4
Bojan Bogdanovic,SF,,2019-12-23,UTA,MIA,4.5,213.0,104.3,6900,2,20.3,35.0,48.3,33.5,4.86,SF/PF,6900,1,25.0,16.0,102,104,-5%,14,16,15,37,36,34,35.0,32.1,22.1,42.1,36.0,33.2,4.8,29.2,28.5,4.1
Marvin Bagley III,PF,,2019-12-23,SAC,HOU,6.0,230.5,112.3,5700,14,21.8,27.3,32.3,33.5,5.88,PF/C,5700,1,,,106,107,5%,12,12,13,27,24,24,27.3,26.9,22.0,31.7,27.5,32.0,5.6,23.0,19.5,3.4
Draymond Green,PG,,2019-12-23,GS,MIN,1.5,222.5,110.5,5900,12,15.5,31.3,55.0,33.3,5.64,PG/SF,5900,2,18.0,14.0,106,110,-3%,6,9,8,30,32,29,31.6,29.2,17.1,41.3,32.0,34.2,5.8,32.9,36.5,6.2
Aaron Gordon,SF,,2019-12-23,ORL,CHI,-5.0,207.0,106.0,6100,27,14.8,25.7,35.0,33.0,5.41,SF/PF,6100,2,21.0,14.0,103,104,7%,16,14,13,32,32,32,25.6,29.9,20.7,39.1,32.5,31.2,5.1,31.4,44.8,7.3
Derrick Rose,PG,Q,2019-12-23,DET,PHI,6.0,216.0,105.0,6100,1,18.5,33.0,43.5,32.5,5.33,PG/SG,6100,1,32.0,21.0,102,102,-8%,15,17,14,26,27,25,33.0,30.2,21.9,38.5,27.0,30.8,5.0,25.3,35.3,5.8
Ish Smith,PG,,2019-12-23,WAS,NY,3.5,228.0,112.3,4500,2,3.8,24.2,36.3,32.3,7.17,PG,4500,1,18.0,13.0,101,112,2%,8,9,9,25,27,26,24.6,21.8,11.7,31.9,33.5,31.1,6.9,25.2,30.5,6.8
Jonas Valanciunas,C,Q,2019-12-23,MEM,SA,1.0,229.0,114.0,6500,27,18.5,33.1,43.5,32.0,4.92,C,6500,1,22.0,20.0,104,110,0%,15,11,11,28,26,25,33.5,32.6,20.2,44.9,26.0,30.8,4.7,24.8,38.5,5.9
Kelly Oubre Jr.,SF,,2019-12-23,PHO,DEN,2.5,218.5,108.0,6600,10,24.0,32.3,39.8,32.0,4.85,SF/PF,6600,1,22.0,15.0,100,101,-9%,13,15,14,35,36,34,32.3,32.6,22.0,43.1,34.0,31.8,4.8,38.2,25.8,3.9
Jonathan Isaac,SF,,2019-12-23,ORL,CHI,-5.0,207.0,106.0,6000,27,12.3,24.4,46.8,31.8,5.29,SF/PF,6000,2,18.0,17.0,103,104,7%,8,10,11,31,31,31,29.0,31.4,20.7,42.0,31.5,31.3,5.2,33.2,45.3,7.5
Jaren Jackson Jr.,PF,,2019-12-23,MEM,SA,1.0,229.0,114.0,6600,23,15.8,30.1,41.8,31.8,4.81,PF/C,6600,1,24.0,17.0,104,110,1%,15,13,14,33,28,28,30.1,30.4,19.6,41.3,30.5,33.5,5.1,31.6,30.0,4.5
Lauri Markkanen,PF,,2019-12-23,CHI,ORL,5.0,207.0,101.0,6400,11,20.5,34.7,49.3,31.3,4.88,PF/C,6400,1,21.0,14.0,100,106,1%,15,13,12,33,33,30,34.7,29.2,18.8,39.7,32.5,29.7,4.6,30.0,19.8,3.1
Jeff Teague,PG,,2019-12-23,MIN,GS,-1.5,222.5,112.0,5700,8,20.5,34.0,52.0,31.0,5.44,PG,5700,1,22.0,18.0,103,110,6%,10,11,10,27,31,30,34.0,30.3,19.0,41.6,32.5,34.5,6.1,19.3,20.3,3.6
Will Barton,PG,,2019-12-23,DEN,PHO,-2.5,218.5,110.5,6200,29,19.0,32.1,42.8,30.8,4.96,PG/SF,6200,0,20.0,16.0,105,108,6%,12,13,13,33,34,33,32.0,32.8,23.1,42.5,34.0,32.0,5.2,34.4,31.0,5.0
Wendell Carter Jr.,PF,Q,2019-12-23,CHI,ORL,5.0,207.0,101.0,6100,11,28.3,30.8,35.8,30.8,5.04,PF/C,6100,1,16.0,16.0,100,106,1%,8,8,8,34,33,31,30.8,29.9,22.4,37.3,33.0,28.9,4.7,28.0,17.5,2.9
Alec Burks,PG,,2019-12-23,GS,MIN,1.5,222.5,110.5,5300,12,20.0,32.1,40.0,30.8,5.8,PG/SG,5300,2,23.0,16.0,106,110,4%,17,14,13,32,30,30,32.1,29.8,19.5,40.1,33.5,33.3,6.3,34.4,48.5,9.2
Blake Griffin,PF,Q,2019-12-23,DET,PHI,6.0,216.0,105.0,6400,2,7.0,21.9,42.8,30.0,4.69,PF/C,6400,1,28.0,13.0,102,102,-10%,15,14,14,31,32,30,27.3,29.5,21.4,37.6,30.0,30.4,4.8,27.5,22.3,3.5
RJ Barrett,PG,,2019-12-23,NY,WAS,-3.5,228.0,115.8,5500,28,4.5,20.2,39.0,30.0,5.45,PG/SG,5500,1,24.0,10.0,106,114,-1%,13,13,13,27,30,32,20.2,27.2,15.4,39.0,33.0,31.8,5.8,35.5,32.5,5.9
Al Horford,PF,,2019-12-23,PHI,DET,-6.0,216.0,111.0,6300,18,17.5,26.9,36.3,30.0,4.76,PF/C,6300,1,20.0,17.0,102,109,4%,12,13,12,27,29,31,26.9,32.0,23.6,40.3,30.5,30.1,4.8,30.9,27.0,4.3
Dejounte Murray,PG,,2019-12-23,SA,MEM,-1.0,229.0,115.0,5900,5,26.0,32.5,39.8,30.0,5.08,PG,5900,1,23.0,18.0,106,109,3%,7,9,9,25,25,23,32.5,27.6,18.0,37.1,27.0,31.6,5.4,28.2,29.0,4.9
Derrick Favors,PF,,2019-12-23,NO,POR,5.5,230.0,112.3,5200,3,15.8,22.4,29.0,30.0,5.77,PF/C,5200,2,16.0,18.0,105,108,0%,5,6,6,24,21,21,22.4,23.6,11.0,36.1,26.5,29.7,5.7,30.2,37.8,7.3
Aaron Holiday,PG,,2019-12-23,IND,TOR,-7.0,211.0,109.0,4400,6,19.5,23.8,33.5,29.8,6.76,PG/SG,4400,0,21.0,13.0,104,101,-1%,9,9,9,31,27,23,23.8,19.9,8.7,31.1,30.5,27.6,6.3,30.9,42.8,9.7
Joe Ingles,SG,,2019-12-23,UTA,MIA,4.5,213.0,104.3,6000,6,25.0,33.8,40.0,29.8,4.96,SG/SF,6000,1,16.0,11.0,102,104,-5%,10,10,8,38,36,30,33.8,23.4,13.7,33.1,35.5,28.3,4.7,37.8,39.5,6.6
Carmelo Anthony,SF,Q,2019-12-23,POR,NO,-5.5,230.0,117.8,6100,24,18.5,33.5,46.0,29.8,4.88,SF/PF,6100,1,23.0,14.0,106,111,3%,17,16,15,33,32,32,34.6,30.5,20.4,40.6,32.5,31.7,5.2,37.1,38.8,6.4
Nemanja Bjelica,PF,,2019-12-23,SAC,HOU,6.0,230.5,112.3,5100,14,12.8,23.6,29.3,29.5,5.78,PF,5100,1,19.0,17.0,106,107,5%,12,9,9,28,27,26,23.6,26.6,16.6,36.5,25.0,25.5,5.0,29.5,20.0,3.9
Robert Covington,SF,,2019-12-23,MIN,GS,-1.5,222.5,112.0,5300,30,12.3,25.0,35.8,29.5,5.57,SF/PF,5300,1,17.0,13.0,103,110,3%,8,11,10,27,29,28,25.0,25.7,17.1,34.2,30.0,28.5,5.4,12.3,10.5,2.0
Kent Bazemore,SG,,2019-12-23,POR,NO,-5.5,230.0,117.8,4700,25,10.3,21.1,34.5,29.5,6.28,SG/SF,4700,1,17.0,9.0,106,111,2%,10,9,8,33,31,24,21.1,19.0,11.0,26.9,31.0,23.5,5.0,31.3,5.3,1.1
Elfrid Payton,PG,,2019-12-23,NY,WAS,-3.5,228.0,115.8,5100,28,16.8,28.0,38.8,29.3,5.74,PG,5100,1,22.0,16.0,106,114,10%,6,9,8,23,24,22,27.9,23.5,12.9,34.1,27.0,30.6,6.0,30.2,35.3,6.9
T.J. Warren,SF,,2019-12-23,IND,TOR,-7.0,211.0,109.0,5200,8,14.0,23.4,33.0,28.8,5.53,SF/PF,5200,0,21.0,15.0,104,101,3%,15,13,14,28,29,33,23.4,26.6,16.8,36.4,31.0,26.9,5.2,41.3,47.5,9.1
Evan Fournier,SG,,2019-12-23,ORL,CHI,-5.0,207.0,106.0,6000,19,22.8,28.0,39.0,28.8,4.79,SG/SF,6000,2,26.0,19.0,103,104,-1%,14,15,15,30,29,31,27.9,30.5,21.9,39.1,31.5,28.1,4.7,31.9,19.0,3.2
Collin Sexton,PG,,2019-12-23,CLE,ATL,-1.0,229.5,115.3,5400,23,16.5,27.7,36.3,28.5,5.28,PG/SG,5400,2,27.0,15.0,106,112,0%,13,14,15,28,30,30,28.1,26.6,19.8,33.4,30.5,29.4,5.4,35.8,38.0,7.0
Josh Richardson,SG,,2019-12-23,PHI,DET,-6.0,216.0,111.0,6200,14,13.8,23.9,34.8,28.0,4.52,SG/SF,6200,1,22.0,13.0,102,109,1%,13,13,13,32,30,32,23.9,28.5,20.0,37.1,33.0,28.5,4.6,33.0,20.5,3.3
Troy Brown,SG,,2019-12-23,WAS,NY,3.5,228.0,112.3,4800,29,19.3,24.3,27.0,27.8,5.78,SG/SF,4800,1,16.0,14.0,101,112,3%,13,10,7,29,28,23,23.9,20.9,13.0,28.7,30.5,28.3,5.9,32.3,52.8,11.0
Jeremy Lamb,SG,Q,2019-12-23,IND,TOR,-7.0,211.0,109.0,4600,28,9.8,17.7,27.5,27.5,5.98,SG/SF,4600,0,20.0,15.0,104,101,0%,9,10,12,26,27,31,20.4,28.0,20.1,35.9,27.5,26.4,5.7,35.3,27.8,6.0
Tomas Satoransky,PG,,2019-12-23,CHI,ORL,5.0,207.0,101.0,5600,27,14.3,29.2,36.5,27.5,4.91,PG/SF,5600,1,18.0,14.0,100,106,-3%,11,9,8,36,32,28,29.1,25.6,15.4,35.7,31.5,25.5,4.6,33.4,35.5,6.3
Richaun Holmes,PF,,2019-12-23,SAC,HOU,6.0,230.5,112.3,5500,14,9.8,26.5,41.0,27.3,4.95,PF/C,5500,1,15.0,21.0,106,107,5%,12,8,8,27,26,29,26.5,29.0,17.4,40.6,27.0,25.7,4.7,30.7,37.8,6.9
Damion Lee,SG,,2019-12-23,GS,MIN,1.5,222.5,110.5,4300,22,7.3,22.7,32.3,27.0,6.28,SG/SF,4300,2,21.0,13.0,106,110,4%,11,11,10,30,27,25,22.7,21.2,11.0,31.5,34.0,29.2,6.8,28.4,29.3,6.8
Kevin Huerter,PG,,2019-12-23,ATL,CLE,1.0,229.5,114.3,5100,16,16.0,25.0,33.8,27.0,5.29,PG/SG,5100,1,18.0,11.0,101,113,10%,13,11,8,34,31,25,25.0,21.2,14.6,27.8,32.0,28.0,5.5,31.7,32.5,6.4
JJ Redick,SG,,2019-12-23,NO,POR,5.5,230.0,112.3,4800,18,16.5,27.9,36.8,26.8,5.57,SG/SF,4800,2,19.0,15.0,105,108,7%,10,13,12,32,33,30,27.9,26.1,16.9,35.3,31.5,25.5,5.3,25.0,21.5,4.5
Jae Crowder,SF,,2019-12-23,MEM,SA,1.0,229.0,114.0,5400,26,16.5,28.5,40.8,26.5,4.91,SF/PF,5400,1,16.0,11.0,104,110,1%,13,11,10,29,32,31,28.4,26.2,17.2,35.2,30.5,25.0,4.6,29.5,13.0,2.4
Harrison Barnes,SF,,2019-12-23,SAC,HOU,6.0,230.5,112.3,5500,29,7.8,24.9,39.5,26.5,4.82,SF/PF,5500,1,19.0,15.0,106,107,13%,13,13,12,32,34,36,24.9,28.1,19.8,36.4,33.0,25.8,4.7,30.3,15.0,2.7
Brandon Clarke,PF,,2019-12-23,MEM,SA,1.0,229.0,114.0,5400,23,11.3,25.1,36.3,26.3,4.86,PF/C,5400,1,20.0,23.0,104,110,1%,6,11,9,18,22,22,25.1,25.2,18.5,31.9,21.0,23.4,4.3,21.1,16.0,3.0
Myles Turner,C,,2019-12-23,IND,TOR,-7.0,211.0,109.0,5100,26,17.8,29.4,41.5,26.0,5.1,C,5100,0,17.0,14.0,104,101,-7%,9,10,10,23,26,30,29.4,27.3,18.1,36.5,27.0,25.5,5.0,36.1,42.3,8.3
Dillon Brooks,SG,,2019-12-23,MEM,SA,1.0,229.0,114.0,5300,8,17.0,30.0,40.0,26.0,4.91,SG/SF,5300,1,23.0,12.0,104,110,5%,15,13,13,31,29,28,29.9,25.2,16.1,34.4,29.5,26.8,5.1,25.1,22.0,4.2
Kris Dunn,PG,,2019-12-23,CHI,ORL,5.0,207.0,101.0,5000,27,14.8,26.0,36.3,25.8,5.15,PG/SF,5000,1,16.0,12.0,100,106,-3%,9,7,7,35,30,24,25.9,20.9,13.0,28.7,30.5,24.4,4.9,31.6,30.8,6.2
Alex Len,C,,2019-12-23,ATL,CLE,1.0,229.5,114.3,5300,4,13.8,26.7,47.5,25.5,4.81,C,5300,1,18.0,18.0,101,113,-1%,9,8,7,21,23,19,26.6,19.9,9.2,30.7,17.0,18.5,3.5,6.5,5.0,0.9
Goran Dragic,PG,,2019-12-23,MIA,UTA,-4.5,213.0,108.8,5600,22,19.0,29.8,36.5,25.5,4.55,PG,5600,2,25.0,17.0,102,104,-1%,15,12,12,28,29,29,29.8,30.5,23.5,37.5,25.5,24.9,4.4,29.9,27.0,4.8
Aron Baynes,C,,2019-12-23,PHO,DEN,2.5,218.5,108.0,4700,18,7.0,19.3,26.0,25.3,5.37,C,4700,1,21.0,18.0,100,101,0%,12,9,10,29,23,24,19.3,26.5,15.1,38.0,29.0,29.2,6.2,29.9,21.5,4.6
OG Anunoby,SF,,2019-12-23,TOR,IND,7.0,211.0,102.0,5800,4,7.3,22.9,35.5,24.5,4.22,SF/PF,5800,0,15.0,14.0,102,102,-25%,10,9,9,31,29,31,22.9,26.3,15.9,36.7,32.5,24.3,4.2,42.5,38.0,6.6
Paul Millsap,PF,,2019-12-23,DEN,PHO,-2.5,218.5,110.5,4200,5,13.3,24.0,34.0,24.5,5.83,PF/C,4200,0,20.0,18.0,105,108,-2%,11,9,9,23,23,25,24.0,25.4,16.5,34.3,24.0,23.3,5.5,28.1,23.5,5.6
Darius Garland,PG,,2019-12-23,CLE,ATL,-1.0,229.5,115.3,4600,23,16.3,23.5,35.5,24.5,5.33,PG,4600,2,22.0,8.0,106,112,0%,10,11,11,28,30,28,23.1,19.0,11.8,26.2,29.0,22.2,4.8,26.2,24.3,5.3
Markelle Fultz,PG,,2019-12-23,ORL,CHI,-5.0,207.0,106.0,5200,4,16.8,21.7,26.5,24.3,4.66,PG/SG,5200,2,23.0,15.0,103,104,-14%,9,9,10,28,27,26,21.7,23.8,18.0,29.5,28.5,24.7,4.8,27.0,26.5,5.1
Dario Saric,SF,,2019-12-23,PHO,DEN,2.5,218.5,108.0,4900,10,17.5,28.7,47.3,24.0,4.9,SF/PF,4900,1,17.0,14.0,100,101,-7%,10,11,10,26,29,29,28.6,27.1,15.7,38.5,28.0,25.2,5.1,16.6,24.0,4.9
Kendrick Nunn,PG,,2019-12-23,MIA,UTA,-4.5,213.0,108.8,6000,22,24.5,30.7,42.0,23.8,3.96,PG/SG,6000,2,24.0,14.0,102,104,-1%,16,15,14,32,33,31,30.7,27.9,18.5,37.3,28.5,23.7,3.9,29.2,15.5,2.6
Lonzo Ball,PG,,2019-12-23,NO,POR,5.5,230.0,112.3,4900,19,15.0,24.9,32.3,23.8,4.85,PG,4900,2,21.0,11.0,105,108,3%,11,9,10,21,26,28,24.9,26.9,16.8,37.1,28.0,26.9,5.5,17.9,25.3,5.2
De'Andre Hunter,SF,,2019-12-23,ATL,CLE,1.0,229.5,114.3,4700,5,7.5,24.2,33.3,23.3,4.95,SF/PF,4700,1,18.0,9.0,101,113,7%,9,13,11,31,33,32,24.2,22.5,12.8,32.3,33.0,24.1,5.1,39.3,30.3,6.4
Bobby Portis,PF,,2019-12-23,NY,WAS,-3.5,228.0,115.8,4800,28,14.5,25.8,51.0,22.8,4.74,PF/C,4800,1,20.0,15.0,106,114,-1%,13,10,9,25,21,22,25.8,21.7,11.1,32.3,25.0,26.0,5.4,22.9,17.0,3.5
D.J. Augustin,PG,,2019-12-23,ORL,CHI,-5.0,207.0,106.0,4600,4,15.5,28.3,36.0,22.8,4.95,PG,4600,2,20.0,15.0,103,104,-14%,13,10,9,29,27,26,28.3,22.0,14.3,29.6,27.5,22.5,4.9,21.0,12.0,2.6
P.J. Tucker,PF,,2019-12-23,HOU,SAC,-6.0,230.5,118.3,4600,25,12.8,24.4,34.5,22.5,4.89,PF/C,4600,1,10.0,11.0,99,108,5%,6,6,7,35,37,36,24.5,25.4,16.0,34.8,36.5,23.6,5.1,39.8,30.0,6.5
Cedi Osman,SF,,2019-12-23,CLE,ATL,-1.0,229.5,115.3,4000,22,15.5,21.4,28.3,22.5,5.63,SF/PF,4000,2,16.0,10.0,106,112,23%,11,11,8,27,28,29,21.4,19.7,11.1,28.3,29.5,21.8,5.5,33.5,27.0,6.8
Willie Cauley-Stein,C,,2019-12-23,GS,MIN,1.5,222.5,110.5,4600,23,17.3,23.9,33.8,22.5,4.89,C,4600,2,15.0,17.0,106,110,1%,7,7,7,25,25,23,23.9,23.0,16.8,29.2,24.0,23.5,5.1,30.3,32.3,7.0
Royce O'Neale,SF,,2019-12-23,UTA,MIA,4.5,213.0,104.3,4500,2,18.3,24.3,28.0,22.3,4.94,SF,4500,1,10.0,9.0,102,104,-5%,6,8,5,32,33,29,24.3,18.7,11.6,25.8,32.5,19.9,4.4,35.9,16.0,3.6
Gary Harris,SG,,2019-12-23,DEN,PHO,-2.5,218.5,110.5,4500,9,20.5,25.8,36.3,22.3,4.94,SG,4500,0,16.0,10.0,105,108,6%,10,10,10,33,35,34,25.8,22.7,15.4,30.0,33.5,22.8,5.1,35.0,15.5,3.4
Admiral Schofield,SF,,2019-12-23,WAS,NY,3.5,228.0,112.3,3500,20,8.3,15.8,24.5,22.0,6.29,SF/PF,3500,1,12.0,9.0,101,112,2%,4,6,3,24,21,12,15.8,7.8,-0.9,16.4,30.5,22.2,6.3,18.3,12.5,3.6
Kevin Knox,SF,,2019-12-23,NY,WAS,-3.5,228.0,115.8,4200,17,10.0,22.2,35.0,22.0,5.24,SF/PF,4200,1,,,106,114,10%,11,10,7,22,22,21,22.1,16.5,8.9,24.1,27.5,22.2,5.3,26.8,14.8,3.5
Josh Hart,SG,,2019-12-23,NO,POR,5.5,230.0,112.3,5100,18,19.3,25.6,32.8,21.8,4.26,SG/SF,5100,2,16.0,12.0,105,108,-2%,8,10,9,28,32,29,25.6,25.5,16.6,34.4,28.5,22.5,4.4,17.3,7.8,1.5
Rondae Hollis-Jefferson,SF,,2019-12-23,TOR,IND,7.0,211.0,102.0,4500,4,6.0,18.9,34.3,21.3,4.72,SF/PF,4500,0,19.0,17.0,102,102,-25%,11,7,7,24,16,20,18.9,20.4,11.3,29.4,22.5,19.3,4.3,37.6,34.3,7.6
Ian Mahinmi,C,,2019-12-23,WAS,NY,3.5,228.0,112.3,4400,13,10.8,19.6,24.0,21.0,4.77,C,4400,1,,,101,112,-3%,6,6,6,17,20,19,19.8,19.3,14.2,24.4,24.0,22.2,5.0,28.2,26.3,6.0
T.J. McConnell,PG,,2019-12-23,IND,TOR,-7.0,211.0,109.0,4200,6,14.3,23.9,32.3,20.8,4.94,PG,4200,0,22.0,18.0,104,101,-1%,8,8,6,18,19,18,24.1,18.9,10.9,27.0,23.0,24.2,5.8,24.0,20.0,4.8
Derrick Jones Jr.,SF,,2019-12-23,MIA,UTA,-4.5,213.0,108.8,4600,12,23.0,26.4,33.0,20.5,4.46,SF/PF,4600,2,14.0,15.0,102,104,-5%,8,7,5,29,29,21,26.4,16.6,6.8,26.4,25.5,21.0,4.6,31.7,17.0,3.7
Langston Galloway,PG,,2019-12-23,DET,PHI,6.0,216.0,105.0,3800,1,12.3,15.7,19.0,20.5,5.39,PG/SG,3800,1,16.0,13.0,102,102,-5%,8,8,9,21,23,27,15.7,18.8,11.8,25.7,27.0,17.6,4.6,31.2,14.8,3.9
Tyler Herro,SG,,2019-12-23,MIA,UTA,-4.5,213.0,108.8,4800,23,12.3,25.4,35.3,20.5,4.27,SG,4800,2,22.0,12.0,102,104,-1%,11,13,12,25,30,30,25.4,24.5,13.6,35.3,24.0,19.4,4.0,27.1,30.0,6.3
Terrence Ross,SG,,2019-12-23,ORL,CHI,-5.0,207.0,106.0,4400,19,12.5,17.1,24.3,20.3,4.6,SG/SF,4400,2,22.0,13.0,103,104,-3%,10,9,11,22,24,25,17.1,20.3,13.5,27.1,25.0,21.3,4.8,31.4,36.0,8.2
Mason Plumlee,PF,,2019-12-23,DEN,PHO,-2.5,218.5,110.5,4300,5,12.5,21.4,37.0,20.3,4.71,PF/C,4300,0,19.0,19.0,105,108,3%,4,5,5,17,20,17,21.4,19.7,11.6,27.8,16.0,17.3,4.0,17.1,13.8,3.2
Jaxson Hayes,C,,2019-12-23,NO,POR,5.5,230.0,112.3,4200,21,9.5,19.3,27.8,20.0,4.76,C,4200,2,15.0,17.0,105,108,0%,3,4,6,17,22,22,19.5,20.3,13.4,27.2,21.0,19.3,4.6,17.2,17.5,4.2
Derrick White,PG,,2019-12-23,SA,MEM,-1.0,229.0,115.0,4000,5,9.3,23.2,31.3,20.0,5.0,PG/SG,4000,1,18.0,14.0,106,109,3%,8,7,8,21,24,24,23.1,20.4,12.6,28.2,21.5,19.2,4.8,19.8,25.0,6.3
Rudy Gay,SF,,2019-12-23,SA,MEM,-1.0,229.0,115.0,4200,21,7.0,22.1,37.0,20.0,4.76,SF/PF,4200,1,21.0,15.0,106,109,7%,6,8,9,17,22,23,22.1,23.1,15.1,31.1,20.5,20.8,5.0,19.8,12.0,2.9
Jabari Parker,SF,,2019-12-23,ATL,CLE,1.0,229.5,114.3,5200,5,11.0,26.1,43.3,20.0,3.85,SF/PF,5200,1,24.0,18.0,101,113,4%,13,12,13,22,24,27,28.5,30.3,18.3,42.3,17.5,19.5,3.8,15.3,6.0,1.2
Patty Mills,PG,,2019-12-23,SA,MEM,-1.0,229.0,115.0,4100,5,6.3,22.2,39.8,19.8,4.82,PG/SG,4100,1,19.0,15.0,106,109,3%,11,11,9,23,25,24,22.1,19.6,9.9,29.2,22.5,18.9,4.6,18.0,17.8,4.3
Cam Reddish,SG,,2019-12-23,ATL,CLE,1.0,229.5,114.3,4200,24,12.0,17.9,26.0,19.8,4.7,SG/SF,4200,1,19.0,6.0,101,113,4%,10,9,9,31,30,26,17.9,18.3,10.5,26.1,24.0,18.1,4.3,23.1,16.8,4.0
Kelly Olynyk,PF,,2019-12-23,MIA,UTA,-4.5,213.0,108.8,3700,6,5.3,19.9,32.0,19.8,5.34,PF/C,3700,2,16.0,13.0,102,104,0%,5,6,7,22,22,24,20.4,20.9,11.4,30.4,20.0,17.3,4.7,7.9,5.8,1.6
Josh Okogie,SG,,2019-12-23,MIN,GS,-1.5,222.5,112.0,3700,11,8.3,13.4,24.3,19.8,5.34,SG/SF,3700,1,15.0,11.0,103,110,9%,5,6,6,21,26,26,13.3,18.7,11.2,26.3,26.5,19.9,5.4,15.0,9.8,2.6
Eric Paschall,SF,Q,2019-12-23,GS,MIN,1.5,222.5,110.5,4300,19,5.8,13.7,25.3,19.5,4.53,SF/PF,4300,2,21.0,15.0,106,110,-3%,8,10,12,17,25,30,17.4,25.8,14.4,37.3,22.0,19.9,4.6,15.5,20.0,4.7
Chris Boucher,PF,,2019-12-23,TOR,IND,7.0,211.0,102.0,3500,21,2.0,14.4,41.3,19.0,5.43,PF/C,3500,0,18.0,19.0,102,102,-7%,8,4,4,19,12,12,14.4,13.8,1.6,26.0,16.0,18.2,5.2,13.8,16.0,4.6
Kenrich Williams,SF,,2019-12-23,NO,POR,5.5,230.0,112.3,3300,13,3.3,13.0,22.5,18.8,5.68,SF/PF,3300,2,10.0,8.0,105,108,0%,5,5,5,24,25,27,13.2,18.5,9.4,27.5,19.0,12.5,3.8,19.4,9.3,2.8
Emmanuel Mudiay,PG,,2019-12-23,UTA,MIA,4.5,213.0,104.3,3900,9,4.5,17.0,26.8,18.8,4.81,PG,3900,1,23.0,12.0,102,104,-10%,9,6,6,20,19,17,16.9,15.1,7.7,22.5,19.5,16.0,4.1,22.9,19.0,4.9
Markieff Morris,PF,,2019-12-23,DET,PHI,6.0,216.0,105.0,5900,2,8.0,26.9,37.5,18.5,3.14,PF/C,5900,1,21.0,13.0,102,102,-10%,15,12,9,34,29,24,26.6,20.7,12.5,28.9,20.5,16.4,2.8,22.1,18.8,3.2
Frank Kaminsky,PF,,2019-12-23,PHO,DEN,2.5,218.5,108.0,4500,10,7.0,26.6,39.3,18.5,4.11,PF/C,4500,1,21.0,15.0,100,101,-7%,5,11,9,12,22,23,26.6,23.4,12.9,34.0,19.5,19.8,4.4,18.1,16.3,3.6
Ben McLemore,SG,,2019-12-23,HOU,SAC,-6.0,230.5,118.3,3800,5,14.0,19.7,26.3,18.3,4.8,SG/SF,3800,1,16.0,12.0,99,108,4%,7,8,9,25,28,25,19.6,19.0,8.5,29.5,27.0,20.9,5.5,23.6,15.8,4.2
Duncan Robinson,SG,,2019-12-23,MIA,UTA,-4.5,213.0,108.8,4700,23,14.3,20.6,26.3,18.3,3.88,SG/SF,4700,2,14.0,14.0,102,104,-1%,11,9,9,30,31,28,20.6,21.2,11.0,31.4,26.5,17.8,3.8,20.3,11.5,2.4
Danuel House Jr.,SF,,2019-12-23,HOU,SAC,-6.0,230.5,118.3,3900,25,9.3,16.3,23.8,18.3,4.68,SF/PF,3900,1,13.0,13.0,99,108,-13%,8,7,9,32,32,31,16.3,22.3,14.0,30.6,31.5,21.1,5.4,32.0,20.0,5.1
Jakob Poeltl,C,,2019-12-23,SA,MEM,-1.0,229.0,115.0,3700,22,8.5,19.6,26.8,18.3,4.93,C,3700,1,14.0,19.0,106,109,1%,4,3,4,16,16,18,19.6,19.5,11.2,27.7,15.5,16.5,4.5,12.7,4.0,1.1
Thaddeus Young,SF,,2019-12-23,CHI,ORL,5.0,207.0,101.0,3800,7,11.3,18.9,28.0,18.3,4.8,SF/PF,3800,1,21.0,11.0,100,106,1%,10,10,9,22,22,22,18.9,19.3,11.8,26.8,21.5,18.1,4.8,22.0,23.3,6.1
Trevor Ariza,SF,,2019-12-23,SAC,HOU,6.0,230.5,112.3,3800,29,6.3,17.8,33.5,18.0,4.74,SF/PF,3800,1,12.0,9.0,106,107,13%,8,5,5,24,25,24,18.1,15.9,7.0,24.9,19.0,13.4,3.5,35.0,24.5,6.4
Justin Holiday,SG,,2019-12-23,IND,TOR,-7.0,211.0,109.0,4400,28,9.0,15.7,23.3,18.0,4.09,SG/SF,4400,0,13.0,12.0,104,101,0%,7,7,7,24,23,25,15.7,18.5,10.8,26.2,25.0,18.1,4.1,20.2,10.0,2.3
Jerami Grant,PF,,2019-12-23,DEN,PHO,-2.5,218.5,110.5,3900,5,10.3,16.0,22.5,18.0,4.62,PF/C,3900,0,18.0,12.0,105,108,0%,6,7,8,23,25,23,15.9,17.6,10.5,24.7,22.5,18.0,4.6,19.9,14.8,3.8
Kevin Porter Jr.,SG,,2019-12-23,CLE,ATL,-1.0,229.5,115.3,3700,15,11.0,14.9,20.0,18.0,4.86,SG/SF,3700,2,19.0,10.0,106,112,0%,7,7,7,19,21,21,14.9,16.3,8.7,23.8,24.0,22.3,6.0,23.3,29.8,8.1
Coby White,PG,,2019-12-23,CHI,ORL,5.0,207.0,101.0,4000,27,7.0,15.1,28.3,17.8,4.44,PG/SG,4000,1,24.0,10.0,100,106,-3%,8,9,11,18,20,24,19.9,21.6,11.5,31.7,18.5,15.5,3.9,19.5,15.0,3.8
Svi Mykhailiuk,SG,,2019-12-23,DET,PHI,6.0,216.0,105.0,3000,30,0.0,11.4,20.5,17.5,5.83,SG/SF,3000,1,15.0,9.0,102,102,-3%,10,7,5,21,15,17,11.4,10.3,3.6,17.0,25.5,15.7,5.2,32.2,23.5,7.8
Damyean Dotson,SG,,2019-12-23,NY,WAS,-3.5,228.0,115.8,3200,7,0.0,11.4,22.8,17.5,5.47,SG/SF,3200,1,17.0,11.0,106,114,11%,6,5,6,17,16,16,11.4,11.2,4.4,18.0,22.5,17.5,5.5,27.2,28.5,8.9
Tony Snell,SG,,2019-12-23,DET,PHI,6.0,216.0,105.0,3600,30,11.5,18.7,26.8,17.3,4.79,SG/SF,3600,1,11.0,10.0,102,102,-5%,7,8,7,32,30,27,18.7,15.4,8.6,22.1,31.0,16.7,4.6,31.6,10.5,2.9
Bryn Forbes,PG,,2019-12-23,SA,MEM,-1.0,229.0,115.0,3300,5,5.5,10.0,24.0,17.3,5.23,PG/SG,3300,1,19.0,11.0,106,109,8%,6,7,10,21,21,26,9.9,18.9,10.1,27.7,24.0,18.5,5.6,24.9,18.0,5.5
Elie Okobo,PG,,2019-12-23,PHO,DEN,2.5,218.5,108.0,3700,17,9.8,18.9,29.0,17.3,4.66,PG/SG,3700,1,20.0,16.0,100,101,-8%,9,7,4,23,20,12,18.9,11.6,1.6,21.6,14.0,11.5,3.1,2.5,0.0,0.0
Meyers Leonard,PF,,2019-12-23,MIA,UTA,-4.5,213.0,108.8,3600,6,6.5,16.3,26.3,17.0,4.72,PF/C,3600,2,12.0,12.0,102,104,0%,6,5,4,25,19,18,16.3,14.3,5.2,23.3,18.0,13.9,3.9,21.8,24.5,6.8
John Henson,C,,2019-12-23,CLE,ATL,-1.0,229.5,115.3,3300,24,3.8,15.8,26.5,17.0,5.15,C,3300,2,,,106,112,6%,2,3,4,14,14,13,15.8,14.4,7.2,21.6,16.0,17.2,5.2,19.0,16.0,4.8
Cory Joseph,PG,,2019-12-23,SAC,HOU,6.0,230.5,112.3,3200,20,13.0,16.2,18.5,16.8,5.23,PG/SG,3200,1,15.0,8.0,106,107,-5%,6,5,6,27,27,26,16.2,17.1,9.3,25.0,17.5,11.7,3.7,28.1,19.0,5.9
Mohamed Bamba,C,,2019-12-23,ORL,CHI,-5.0,207.0,106.0,3400,20,14.5,19.3,23.0,16.5,4.85,C,3400,2,,,103,104,13%,6,6,5,14,15,16,19.3,16.4,8.4,24.4,15.5,17.4,5.1,17.0,16.0,4.7
Terence Davis,PG,,2019-12-23,TOR,IND,7.0,211.0,102.0,3700,15,4.3,12.3,21.3,16.5,4.46,PG/SG,3700,0,17.0,14.0,102,102,-7%,4,4,5,20,17,17,12.3,15.2,6.0,24.5,18.5,15.3,4.1,19.9,15.3,4.1
Isaac Bonga,SF,,2019-12-23,WAS,NY,3.5,228.0,112.3,3600,20,3.3,10.3,22.0,16.3,4.51,SF,3600,1,10.0,9.0,101,112,2%,1,2,3,14,19,17,10.4,10.6,4.4,16.9,24.5,17.0,4.7,11.4,9.0,2.5
Denzel Valentine,SG,,2019-12-23,CHI,ORL,5.0,207.0,101.0,3500,13,0.0,13.2,25.5,16.3,4.64,SG/SF,3500,1,22.0,17.0,100,106,-8%,4,7,6,10,16,13,13.2,13.7,4.6,22.9,15.0,14.2,4.1,5.0,-0.5,-0.1
Cameron Johnson,SF,,2019-12-23,PHO,DEN,2.5,218.5,108.0,3400,10,11.3,18.2,24.8,16.3,4.78,SF/PF,3400,1,16.0,13.0,100,101,-8%,7,7,7,20,25,21,18.1,17.0,8.6,25.4,22.5,15.4,4.5,18.7,22.8,6.7
Solomon Hill,SF,,2019-12-23,MEM,SA,1.0,229.0,114.0,3400,26,10.8,16.4,21.8,16.0,4.71,SF/PF,3400,1,15.0,11.0,104,110,5%,7,6,6,21,19,20,16.4,15.6,8.6,22.6,13.0,9.6,2.8,12.3,11.5,3.4
Anzejs Pasecniks,C,,2019-12-23,WAS,NY,3.5,228.0,112.3,3500,13,6.0,13.5,19.5,16.0,4.57,C,3500,1,,,101,112,-3%,5,5,5,18,21,21,13.5,13.5,6.6,20.4,22.5,17.6,5.0,19.8,17.8,5.1
Christian Wood,PF,Q,2019-12-23,DET,PHI,6.0,216.0,105.0,4800,2,11.8,20.8,30.5,15.8,3.28,PF/C,4800,1,21.0,24.0,102,102,-10%,6,5,5,17,17,15,20.8,18.5,6.2,30.7,0.0,0.0,0.0,4.3,9.5,2.0
Tyus Jones,PG,,2019-12-23,MEM,SA,1.0,229.0,114.0,3300,14,8.3,18.2,27.8,15.5,4.7,PG/SG,3300,1,18.0,12.0,104,110,6%,5,4,6,19,18,20,18.1,17.1,8.7,25.4,15.5,13.8,4.2,17.6,20.8,6.3
Patrick McCaw,PG,,2019-12-23,TOR,IND,7.0,211.0,102.0,4000,15,8.5,13.9,21.0,15.3,3.81,PG/SF,4000,0,,,102,102,-4%,7,5,4,30,27,23,13.8,11.7,5.1,18.3,30.5,14.9,3.7,20.4,7.5,1.9
Monte Morris,PG,,2019-12-23,DEN,PHO,-2.5,218.5,110.5,3300,29,7.3,13.1,22.8,15.0,4.55,PG,3300,0,21.0,15.0,105,108,5%,8,6,7,17,17,18,13.1,15.8,7.2,24.3,15.5,14.1,4.3,12.8,12.5,3.8
Skal Labissiere,PF,,2019-12-23,POR,NO,-5.5,230.0,117.8,3100,1,10.8,19.0,28.0,14.8,4.76,PF/C,3100,1,14.0,16.0,106,111,3%,7,4,5,25,20,18,18.7,16.4,6.2,26.6,15.5,12.8,4.1,18.5,19.3,6.2
Anfernee Simons,PG,,2019-12-23,POR,NO,-5.5,230.0,117.8,3400,11,4.0,10.0,16.5,14.8,4.34,PG/SG,3400,1,20.0,10.0,106,111,2%,9,7,9,21,20,22,9.9,15.4,7.7,23.2,20.0,15.2,4.5,21.3,15.5,4.6
Tim Frazier,PG,,2019-12-23,DET,PHI,6.0,216.0,105.0,3300,1,4.3,12.2,31.0,14.5,4.39,PG,3300,1,,,102,102,-8%,4,2,3,18,9,11,11.8,10.3,2.4,18.1,19.0,14.7,4.5,22.7,17.3,5.2
De'Anthony Melton,PG,,2019-12-23,MEM,SA,1.0,229.0,114.0,4200,14,14.8,22.3,31.8,14.5,3.45,PG/SG,4200,1,21.0,17.0,104,110,6%,6,6,5,16,19,16,22.3,18.4,7.3,29.5,16.0,15.4,3.7,17.7,18.8,4.5
Trey Burke,PG,,2019-12-23,PHI,DET,-6.0,216.0,111.0,3100,26,0.0,17.4,44.0,14.3,4.6,PG/SG,3100,1,,,102,109,8%,6,6,6,14,13,15,17.1,15.5,4.0,26.9,12.0,10.9,3.5,10.7,1.0,0.3
Dennis Smith Jr.,PG,,2019-12-23,NY,WAS,-3.5,228.0,115.8,3200,28,7.3,14.6,24.8,14.3,4.45,PG,3200,1,23.0,7.0,106,114,10%,7,6,6,13,13,17,14.6,13.7,4.6,22.7,11.5,11.4,3.6,7.0,1.3,0.4
Lonnie Walker IV,SG,,2019-12-23,SA,MEM,-1.0,229.0,115.0,3100,26,1.5,12.6,21.8,14.0,4.52,SG/SF,3100,1,22.0,11.0,106,109,8%,7,5,4,16,17,10,12.6,8.5,-2.0,18.9,12.5,10.3,3.3,3.5,1.5,0.5
Garrison Mathews,SG,,2019-12-23,WAS,NY,3.5,228.0,112.3,3300,29,4.0,7.1,12.5,13.8,4.17,SG/SF,3300,1,,,101,112,2%,2,2,2,12,10,9,7.0,5.6,1.5,9.7,16.0,13.6,4.1,18.6,13.8,4.2
Bruno Fernando,C,,2019-12-23,ATL,CLE,1.0,229.5,114.3,3100,4,2.5,9.7,14.5,13.8,4.44,C,3100,1,15.0,12.0,101,113,4%,5,2,3,17,12,12,9.7,9.9,3.4,16.4,14.5,13.8,4.5,10.3,6.5,2.1
Frank Ntilikina,PG,,2019-12-23,NY,WAS,-3.5,228.0,115.8,3100,28,3.8,13.2,34.3,13.8,4.44,PG/SG,3100,1,15.0,9.0,106,114,10%,4,4,6,13,18,24,13.2,16.3,5.1,27.5,13.5,9.8,3.2,10.8,12.8,4.1
Marquese Chriss,PF,,2019-12-23,GS,MIN,1.5,222.5,110.5,3900,4,7.8,25.5,42.8,13.8,3.53,PF/C,3900,2,19.0,18.0,106,110,-3%,3,5,5,15,17,18,25.7,19.6,10.0,29.2,12.5,14.0,3.6,11.9,17.8,4.6
Doug McDermott,SF,,2019-12-23,IND,TOR,-7.0,211.0,109.0,3500,8,10.5,18.3,23.5,13.5,3.86,SF/PF,3500,0,18.0,13.0,104,101,3%,9,7,8,24,23,21,18.3,16.2,8.6,23.7,21.5,16.6,4.7,23.1,18.0,5.1
Michael Porter Jr.,SF,,2019-12-23,DEN,PHO,-2.5,218.5,110.5,3100,16,2.0,10.5,23.5,13.5,4.35,SF/PF,3100,0,,,105,108,-2%,4,4,4,8,8,9,10.4,9.1,2.9,15.3,10.5,10.5,3.4,6.2,4.3,1.4
Malik Beasley,PG,,2019-12-23,DEN,PHO,-2.5,218.5,110.5,3000,29,6.0,11.5,25.0,13.5,4.5,PG/SG,3000,0,20.0,8.0,105,108,6%,8,5,6,18,15,16,11.5,11.3,3.8,18.7,14.5,11.1,3.7,20.4,10.8,3.6
Marco Belinelli,SG,,2019-12-23,SA,MEM,-1.0,229.0,115.0,3000,26,4.0,12.0,22.5,13.5,4.5,SG/SF,3000,1,17.0,8.0,106,109,8%,8,5,6,25,18,17,12.0,11.1,6.0,16.2,17.0,13.2,4.4,20.6,13.5,4.5
Allonzo Trier,PG,,2019-12-23,NY,WAS,-3.5,228.0,115.8,3000,28,8.0,11.1,16.5,13.5,4.5,PG/SG,3000,1,,,106,114,10%,1,4,4,11,11,13,11.1,11.9,3.1,20.7,14.0,12.6,4.2,19.6,15.0,5.0
Gorgui Dieng,C,,2019-12-23,MIN,GS,-1.5,222.5,112.0,4600,10,3.5,22.9,41.0,13.3,2.88,C,4600,1,18.0,17.0,103,110,0%,12,7,5,30,22,14,22.9,16.3,5.3,27.3,28.0,32.4,7.0,29.8,30.5,6.6
Trey Lyles,PF,,2019-12-23,SA,MEM,-1.0,229.0,115.0,3000,13,5.5,10.2,17.3,13.3,4.42,PF/C,3000,1,12.0,12.0,106,109,3%,3,4,4,12,13,17,10.2,14.6,7.5,21.7,13.5,11.9,4.0,25.1,36.5,12.2
Ed Davis,C,,2019-12-23,UTA,MIA,4.5,213.0,104.3,3000,17,4.5,8.5,10.8,13.0,4.33,C,3000,1,9.0,7.0,102,104,4%,1,1,2,9,10,12,8.4,9.2,5.2,13.1,12.0,10.9,3.6,11.8,8.3,2.8
Jarrett Culver,PG,,2019-12-23,MIN,GS,-1.5,222.5,112.0,3200,8,2.5,9.4,15.5,13.0,4.06,PG/SG,3200,1,20.0,9.0,103,110,6%,5,5,9,14,16,23,9.3,17.9,8.6,27.2,23.0,21.0,6.6,13.7,4.0,1.3
Omari Spellman,PF,,2019-12-23,GS,MIN,1.5,222.5,110.5,3200,4,2.5,9.5,14.5,13.0,4.06,PF/C,3200,2,19.0,16.0,106,110,-3%,3,3,6,9,15,18,9.4,17.4,9.0,25.9,0.0,0.0,0.0,4.5,5.8,1.8
Gary Trent Jr.,SG,,2019-12-23,POR,NO,-5.5,230.0,117.8,3000,25,1.3,7.1,15.8,12.8,4.25,SG,3000,1,,,106,111,2%,4,4,3,16,14,10,7.0,6.9,0.3,13.4,11.0,7.1,2.4,16.7,8.0,2.7
Mike Scott,SF,,2019-12-23,PHI,DET,-6.0,216.0,111.0,3200,18,6.3,13.0,19.0,12.5,3.91,SF/PF,3200,1,13.0,11.0,102,109,4%,5,5,6,17,18,20,13.3,13.3,6.7,20.0,16.5,11.3,3.5,16.3,8.8,2.8
James Ennis III,SF,,2019-12-23,PHI,DET,-6.0,216.0,111.0,3100,18,7.0,13.6,19.5,12.5,4.03,SF/PF,3100,1,16.0,14.0,102,109,1%,7,5,5,16,16,18,13.6,14.4,7.0,21.8,18.5,14.0,4.5,24.0,22.3,7.2
Grayson Allen,PG,,2019-12-23,MEM,SA,1.0,229.0,114.0,3400,14,11.3,19.3,24.8,12.5,3.68,PG/SG,3400,1,19.0,11.0,104,110,3%,7,7,7,16,19,19,19.3,15.1,9.2,21.1,15.0,11.4,3.4,17.6,11.5,3.4
Furkan Korkmaz,SG,,2019-12-23,PHI,DET,-6.0,216.0,111.0,3600,14,2.8,8.1,12.8,12.0,3.33,SG/SF,3600,1,15.0,9.0,102,109,-3%,5,4,7,16,14,21,8.1,13.2,5.7,20.7,18.5,12.4,3.4,21.7,33.5,9.3
Mikal Bridges,SG,,2019-12-23,PHO,DEN,2.5,218.5,108.0,4000,4,6.0,17.7,31.0,12.0,3.0,SG/SF,4000,1,13.0,13.0,100,101,-9%,3,4,5,14,24,22,17.6,16.7,7.6,25.7,16.5,11.7,2.9,28.3,21.8,5.5
Matthew Dellavedova,PG,,2019-12-23,CLE,ATL,-1.0,229.5,115.3,3100,23,3.5,9.5,15.5,11.5,3.71,PG/SG,3100,2,15.0,6.0,106,112,0%,2,2,3,14,12,13,9.4,8.4,4.2,12.7,13.5,9.8,3.2,18.9,18.8,6.1
Kevon Looney,PF,,2019-12-23,GS,MIN,1.5,222.5,110.5,3000,4,4.8,6.0,8.0,11.0,3.67,PF/C,3000,2,,,106,110,7%,4,3,3,9,10,11,6.0,7.7,3.7,11.7,0.0,0.0,0.0,8.7,6.8,2.3
Keita Bates-Diop,SF,,2019-12-23,MIN,GS,-1.5,222.5,112.0,3000,30,0.0,8.5,12.0,11.0,3.67,SF/PF,3000,1,13.0,12.0,103,110,3%,6,5,5,18,18,19,8.5,12.9,3.5,22.3,18.5,13.5,4.5,14.7,13.8,4.6
Kyle Anderson,SF,,2019-12-23,MEM,SA,1.0,229.0,114.0,3200,26,8.0,12.4,18.8,11.0,3.44,SF/PF,3200,1,15.0,13.0,104,110,5%,3,3,5,14,17,20,13.8,17.2,10.1,24.3,11.0,9.8,3.1,9.2,0.0,0.0
Ty Jerome,PG,,2019-12-23,PHO,DEN,2.5,218.5,108.0,3100,17,1.3,11.5,25.0,11.0,3.55,PG/SG,3100,1,,,100,101,-8%,7,6,5,17,15,14,11.5,12.9,4.7,21.0,0.0,0.0,0.0,5.0,1.0,0.3
Georges Niang,SF,,2019-12-23,UTA,MIA,4.5,213.0,104.3,3200,2,0.0,9.6,15.0,10.8,3.36,SF/PF,3200,1,14.0,10.0,102,104,-5%,4,3,3,15,13,12,9.6,8.0,1.7,14.2,15.5,10.8,3.4,9.0,6.8,2.1
Edmond Sumner,SG,,2019-12-23,IND,TOR,-7.0,211.0,109.0,3000,28,3.0,8.8,16.8,10.8,3.58,SG/SF,3000,0,,,104,101,-1%,4,4,4,18,15,16,8.5,10.1,4.5,15.8,15.0,12.4,4.1,13.6,13.0,4.3
DeAndre' Bembry,PG,,2019-12-23,ATL,CLE,1.0,229.5,114.3,3400,16,4.3,9.4,16.5,10.8,3.16,PG/SF,3400,1,14.0,11.0,101,113,5%,8,4,6,21,15,24,9.4,18.6,8.1,29.0,14.5,11.7,3.4,19.3,10.3,3.0
Jeff Green,SF,,2019-12-23,UTA,MIA,4.5,213.0,104.3,3200,2,6.3,10.0,13.3,10.8,3.36,SF/PF,3200,1,19.0,10.0,102,104,-5%,6,6,6,15,16,18,10.0,13.7,7.4,19.9,16.5,11.5,3.6,18.4,15.3,4.8
Austin Rivers,PG,,2019-12-23,HOU,SAC,-6.0,230.5,118.3,3100,21,3.0,14.8,32.3,10.3,3.31,PG/SG,3100,1,15.0,10.0,99,108,-6%,7,7,7,20,19,24,15.2,15.7,7.5,24.0,20.0,13.1,4.2,16.4,7.5,2.4
Wes Iwundu,SG,,2019-12-23,ORL,CHI,-5.0,207.0,106.0,3200,19,4.0,9.0,14.3,9.5,2.97,SG/SF,3200,2,14.0,9.0,103,104,-1%,2,3,3,9,12,13,8.9,8.3,3.7,12.9,16.0,10.6,3.3,16.1,4.8,1.5
Thon Maker,PF,,2019-12-23,DET,PHI,6.0,216.0,105.0,3100,2,2.5,13.6,24.8,8.3,2.66,PF/C,3100,1,13.0,12.0,102,102,-13%,6,3,2,18,17,11,13.6,8.4,2.0,14.9,12.5,9.6,3.1,9.7,7.3,2.4
Gary Clark,PF,,2019-12-23,HOU,SAC,-6.0,230.5,118.3,3000,25,0.0,9.4,17.3,8.3,2.75,PF/C,3000,1,,,99,108,-13%,3,4,3,11,12,12,9.3,9.1,0.5,17.8,0.0,0.0,0.0,9.7,3.5,1.2
Malcolm Miller,SG,,2019-12-23,TOR,IND,7.0,211.0,102.0,3000,20,0.0,3.9,16.5,8.3,2.75,SG/SF,3000,0,,,102,102,-25%,3,1,1,15,7,6,3.9,3.8,-1.6,9.3,12.5,7.7,2.6,4.1,0.0,0.0
Justin Robinson,PG,,2019-12-23,WAS,NY,3.5,228.0,112.3,3000,2,0.0,3.7,11.3,8.0,2.67,PG,3000,1,,,101,112,2%,1,1,1,4,4,3,3.0,2.5,-2.1,7.0,0.0,0.0,0.0,15.7,8.3,2.8
Ryan Arcidiacono,PG,,2019-12-23,CHI,ORL,5.0,207.0,101.0,3200,27,0.0,11.4,20.3,7.5,2.34,PG/SG,3200,1,13.0,9.0,100,106,-3%,2,4,4,10,13,16,11.4,10.1,3.7,16.5,10.5,6.7,2.1,16.4,12.3,3.8
Nassir Little,SF,,2019-12-23,POR,NO,-5.5,230.0,117.8,3000,24,5.8,10.6,16.5,7.5,2.5,SF/PF,3000,1,14.0,10.0,106,111,3%,3,4,4,11,11,15,10.6,11.3,2.5,20.1,0.0,0.0,0.0,7.7,3.5,1.2
Daniel Gafford,C,,2019-12-23,CHI,ORL,5.0,207.0,101.0,3000,15,0.0,9.3,18.5,7.3,2.42,C,3000,1,12.0,18.0,100,106,1%,2,2,3,12,11,11,9.3,9.0,0.2,17.8,11.0,8.4,2.8,14.8,12.5,4.2
Alfonzo McKinnie,SF,,2019-12-23,CLE,ATL,-1.0,229.5,115.3,3000,22,1.3,3.9,8.8,7.0,2.33,SF/PF,3000,2,15.0,6.0,106,112,23%,2,3,3,4,7,10,3.9,6.5,-0.1,13.2,10.5,7.9,2.6,5.3,2.0,0.7
Nickeil Alexander-Walker,PG,,2019-12-23,NO,POR,5.5,230.0,112.3,3100,19,0.0,9.7,20.0,6.8,2.18,PG/SG,3100,2,24.0,8.0,105,108,3%,2,3,6,5,11,13,9.7,12.3,1.4,23.2,0.0,0.0,0.0,2.8,0.0,0.0
E'Twaun Moore,SG,,2019-12-23,NO,POR,5.5,230.0,112.3,3300,18,1.5,12.3,24.3,6.3,1.89,SG/SF,3300,2,20.0,12.0,105,108,-2%,5,5,8,12,15,19,12.3,16.4,7.3,25.6,0.0,0.0,0.0,24.2,22.8,6.9
Jordan Poole,SG,,2019-12-23,GS,MIN,1.5,222.5,110.5,3100,22,1.0,6.4,10.5,6.0,1.94,SG/SF,3100,2,21.0,4.0,106,110,7%,4,4,9,11,12,23,6.5,14.8,7.6,22.0,0.0,0.0,0.0,6.8,1.3,0.4
Chimezie Metu,PF,,2019-12-23,SA,MEM,-1.0,229.0,115.0,3000,13,2.0,8.3,24.0,5.8,1.92,PF/C,3000,1,,,106,109,3%,3,2,2,5,3,4,4.4,5.8,-2.1,13.6,0.0,0.0,0.0,3.5,8.5,2.8
Vince Carter,SF,,2019-12-23,ATL,CLE,1.0,229.5,114.3,3300,5,1.3,10.3,22.5,5.5,1.67,SF/PF,3300,1,17.0,7.0,101,113,10%,6,6,6,16,16,16,10.3,11.1,3.5,18.6,0.0,0.0,0.0,15.0,13.3,4.0
Bruno Caboclo,PF,,2019-12-23,MEM,SA,1.0,229.0,114.0,3000,23,2.5,6.6,13.0,5.5,1.83,PF/C,3000,1,16.0,13.0,104,110,5%,2,2,4,5,8,10,6.5,9.4,-0.4,19.1,0.0,0.0,0.0,3.1,5.0,1.7
DeMarre Carroll,SF,,2019-12-23,SA,MEM,-1.0,229.0,115.0,3000,21,3.0,6.9,13.3,5.5,1.83,SF,3000,1,,,106,109,7%,1,2,2,8,11,11,6.8,7.2,3.2,11.1,0.0,0.0,0.0,3.1,2.8,0.9
Jaylen Nowell,PG,,2019-12-23,MIN,GS,-1.5,222.5,112.0,3000,8,0.0,4.6,8.3,4.3,1.42,PG/SG,3000,1,,,103,110,6%,4,3,3,14,11,11,4.6,4.6,1.1,8.1,15.0,10.2,3.4,16.1,10.3,3.4
Noah Vonleh,PF,,2019-12-23,MIN,GS,-1.5,222.5,112.0,3000,16,1.3,9.8,23.8,4.0,1.33,PF/C,3000,1,15.0,14.0,103,110,0%,4,3,3,16,11,13,9.9,11.1,5.0,17.1,13.0,12.6,4.2,16.6,15.5,5.2
John Wall,PG,O,2019-12-23,WAS,NY,3.5,228.0,112.3,3000,2,19.8,41.6,79.5,0.0,0.0,PG,3000,1,,,101,112,2%,0,0,0,0,0,0,0.0,0.0,0.0,0.0,0.0,0.0,0.0,0.0,0.0,0.0
Khyri Thomas,SG,O,2019-12-23,DET,PHI,6.0,216.0,105.0,3000,30,0.0,4.4,12.8,0.0,0.0,SG,3000,1,,,102,102,-5%,0,0,0,3,3,3,0.5,0.5,-0.2,1.2,0.0,0.0,0.0,0.0,0.0,0.0
Darius Miller,SF,O,2019-12-23,NO,POR,5.5,230.0,112.3,3000,13,8.8,14.7,20.0,0.0,0.0,SF/PF,3000,2,,,105,108,7%,0,0,0,0,0,0,0.0,0.0,0.0,0.0,0.0,0.0,0.0,0.0,0.0,0.0
Marcus Morris Sr.,SF,O,2019-12-23,NY,WAS,-3.5,228.0,115.8,5600,17,16.0,24.9,31.0,0.0,0.0,SF/PF,5600,1,,,106,114,-1%,11,12,14,26,27,32,24.9,31.4,19.0,43.7,0.0,0.0,0.0,0.0,0.0,0.0
Jake Layman,SF,O,2019-12-23,MIN,GS,-1.5,222.5,112.0,4400,30,9.0,21.2,35.3,0.0,0.0,SF/PF,4400,1,17.0,10.0,103,110,3%,11,10,10,32,31,27,23.1,19.1,12.1,26.1,0.0,0.0,0.0,0.0,0.0,0.0
Matt Thomas,SG,O,2019-12-23,TOR,IND,7.0,211.0,102.0,3000,20,0.0,7.4,14.8,0.0,0.0,SG,3000,0,,,102,102,-2%,2,4,3,6,11,11,7.4,7.7,2.9,12.4,0.0,0.0,0.0,0.0,0.0,0.0
Deandre Ayton,C,O,2019-12-23,PHO,DEN,2.5,218.5,108.0,7400,18,22.3,34.9,43.3,0.0,0.0,C,7400,1,,,100,101,0%,17,17,17,29,29,29,41.6,41.6,39.3,43.9,0.0,0.0,0.0,0.0,0.0,0.0
Reggie Jackson,PG,O,2019-12-23,DET,PHI,6.0,216.0,105.0,3800,1,13.8,28.7,44.8,0.0,0.0,PG/SG,3800,1,,,102,102,-8%,6,6,6,18,18,18,14.1,14.1,13.6,14.7,0.0,0.0,0.0,0.0,0.0,0.0
Al-Farouq Aminu,SF,O,2019-12-23,ORL,CHI,-5.0,207.0,106.0,3000,27,8.8,12.4,20.5,0.0,0.0,SF/PF,3000,2,13.0,8.0,103,104,7%,5,5,5,19,20,22,12.3,15.8,6.9,24.7,0.0,0.0,0.0,0.0,0.0,0.0
Klay Thompson,SG,O,2019-12-23,GS,MIN,1.5,222.5,110.5,3000,22,29.3,39.0,44.5,0.0,0.0,SG/SF,3000,2,,,106,110,4%,0,0,0,0,0,0,0.0,0.0,0.0,0.0,0.0,0.0,0.0,0.0,0.0,0.0
Isaiah Thomas,PG,O,2019-12-23,WAS,NY,3.5,228.0,112.3,5100,2,20.0,29.3,40.3,0.0,0.0,PG,5100,1,24.0,14.0,101,112,2%,12,13,11,26,29,25,29.3,24.4,15.9,32.8,0.0,0.0,0.0,0.0,0.0,0.0
Eric Gordon,SG,O,2019-12-23,HOU,SAC,-6.0,230.5,118.3,3200,5,7.8,15.7,26.3,0.0,0.0,SG/SF,3200,1,19.0,4.0,99,108,4%,10,11,12,25,27,29,15.7,16.5,9.6,23.4,0.0,0.0,0.0,0.0,0.0,0.0
Pascal Siakam,PF,O,2019-12-23,TOR,IND,7.0,211.0,102.0,9400,21,35.0,46.8,64.0,0.0,0.0,PF/C,9400,0,29.0,19.0,102,102,-7%,24,22,21,35,36,37,46.8,45.2,34.9,55.5,0.0,0.0,0.0,0.0,0.0,0.0
Jusuf Nurkic,C,O,2019-12-23,POR,NO,-5.5,230.0,117.8,8200,28,28.5,44.1,72.5,0.0,0.0,C,8200,1,,,106,111,1%,0,0,0,0,0,0,0.0,0.0,0.0,0.0,0.0,0.0,0.0,0.0,0.0,0.0
Marc Gasol,C,O,2019-12-23,TOR,IND,7.0,211.0,102.0,5200,29,5.3,30.6,47.8,0.0,0.0,C,5200,0,13.0,10.0,102,102,6%,10,8,7,31,30,30,31.6,25.1,15.9,34.2,0.0,0.0,0.0,0.0,0.0,0.0
Chandler Hutchison,SF,O,2019-12-23,CHI,ORL,5.0,207.0,101.0,3000,7,0.0,13.3,21.3,0.0,0.0,SF/PF,3000,1,,,100,106,-8%,5,5,6,15,19,19,15.6,16.0,10.3,21.6,0.0,0.0,0.0,0.0,0.0,0.0
Stephen Curry,PG,O,2019-12-23,GS,MIN,1.5,222.5,110.5,8600,12,28.8,39.8,55.3,0.0,0.0,PG,8600,2,,,106,110,7%,14,17,17,26,28,28,39.4,39.4,27.7,51.0,0.0,0.0,0.0,0.0,0.0,0.0
Wayne Ellington,SG,O,2019-12-23,NY,WAS,-3.5,228.0,115.8,3000,7,0.0,6.6,13.3,0.0,0.0,SG/SF,3000,1,16.0,5.0,106,114,11%,3,3,5,10,12,14,6.6,8.7,1.8,15.5,0.0,0.0,0.0,0.0,0.0,0.0
Zion Williamson,PF,O,2019-12-23,NO,POR,5.5,230.0,112.3,6300,3,,,,0.0,0.0,PF/C,6300,2,,,105,108,0%,0,0,0,0,0,0,0.0,0.0,0.0,0.0,0.0,0.0,0.0,0.0,0.0,0.0
Rodney Hood,SG,O,2019-12-23,POR,NO,-5.5,230.0,117.8,3000,25,6.0,16.1,28.3,0.0,0.0,SG/SF,3000,1,14.0,12.0,106,111,2%,8,9,9,31,31,32,21.0,21.6,14.0,29.2,0.0,0.0,0.0,0.0,0.0,0.0
C.J. Miles,SG,O,2019-12-23,WAS,NY,3.5,228.0,112.3,3000,29,3.5,11.2,26.5,0.0,0.0,SG/SF,3000,1,,,101,112,3%,5,5,6,17,17,17,13.2,13.9,5.1,22.6,0.0,0.0,0.0,0.0,0.0,0.0
Gerald Green,SG,O,2019-12-23,HOU,SAC,-6.0,230.5,118.3,3000,5,0.0,5.5,13.0,0.0,0.0,SG/SF,3000,1,,,99,108,4%,0,0,0,0,0,0,0.0,0.0,0.0,0.0,0.0,0.0,0.0,0.0,0.0,0.0
Andre Iguodala,SG,O,2019-12-23,MEM,SA,1.0,229.0,114.0,3000,8,20.3,25.9,31.0,0.0,0.0,SG/SF,3000,1,,,104,110,5%,0,0,0,0,0,0,0.0,0.0,0.0,0.0,0.0,0.0,0.0,0.0,0.0,0.0
Mike Conley,PG,O,2019-12-23,UTA,MIA,4.5,213.0,104.3,5200,9,17.5,22.8,30.3,0.0,0.0,PG,5200,1,24.0,12.0,102,104,-10%,11,11,13,24,27,30,23.4,27.9,18.9,36.9,0.0,0.0,0.0,0.0,0.0,0.0
Justise Winslow,PG,O,2019-12-23,MIA,UTA,-4.5,213.0,108.8,5700,22,18.3,24.9,36.8,0.0,0.0,PG/SF,5700,2,21.0,9.0,102,104,-5%,14,11,13,33,31,34,25.3,29.2,17.3,41.1,0.0,0.0,0.0,0.0,0.0,0.0
Dylan Windler,SG,O,2019-12-23,CLE,ATL,-1.0,229.5,115.3,3000,15,,,,0.0,0.0,SG/SF,3000,2,,,106,112,0%,0,0,0,0,0,0,0.0,0.0,0.0,0.0,0.0,0.0,0.0,0.0,0.0,0.0
Thomas Bryant,PF,O,2019-12-23,WAS,NY,3.5,228.0,112.3,5500,27,15.3,27.4,42.3,0.0,0.0,PF/C,5500,1,19.0,19.0,101,112,-3%,9,9,10,26,27,28,27.4,31.5,22.2,40.8,0.0,0.0,0.0,0.0,0.0,0.0
Davis Bertans,SF,O,2019-12-23,WAS,NY,3.5,228.0,112.3,6900,20,20.5,29.0,43.3,0.0,0.0,SF/PF,6900,1,17.0,16.0,101,112,3%,14,13,11,38,35,30,29.0,28.2,18.4,38.0,0.0,0.0,0.0,0.0,0.0,0.0
Luke Kennard,SG,O,2019-12-23,DET,PHI,6.0,216.0,105.0,5300,30,15.0,25.1,38.3,0.0,0.0,SG/SF,5300,1,20.0,15.0,102,102,-5%,10,11,12,32,34,33,25.1,28.3,19.5,37.1,0.0,0.0,0.0,0.0,0.0,0.0
Otto Porter Jr.,SF,O,2019-12-23,CHI,ORL,5.0,207.0,101.0,5000,7,15.8,26.3,38.0,0.0,0.0,SF/PF,5000,1,19.0,14.0,100,106,-8%,11,11,10,27,29,27,22.8,20.1,11.0,29.2,0.0,0.0,0.0,0.0,0.0,0.0
Victor Oladipo,PG,O,2019-12-23,IND,TOR,-7.0,211.0,109.0,6200,6,8.8,28.1,41.0,0.0,0.0,PG/SG,6200,0,,,104,101,0%,0,0,0,0,0,0,0.0,0.0,0.0,0.0,0.0,0.0,0.0,0.0,0.0,0.0
Michael Carter-Williams,PG,O,2019-12-23,ORL,CHI,-5.0,207.0,106.0,3500,4,3.5,17.4,22.0,0.0,0.0,PG/SG,3500,2,18.0,13.0,103,104,-14%,3,6,5,16,18,16,17.4,14.9,6.7,23.2,0.0,0.0,0.0,0.0,0.0,0.0
Norman Powell,SG,O,2019-12-23,TOR,IND,7.0,211.0,102.0,6200,20,16.8,33.1,53.0,0.0,0.0,SG/SF,6200,0,19.0,15.0,102,102,-25%,11,13,11,34,33,29,33.1,25.0,14.1,35.8,0.0,0.0,0.0,0.0,0.0,0.0
Matisse Thybulle,SG,O,2019-12-23,PHI,DET,-6.0,216.0,111.0,3200,14,2.0,9.1,14.0,0.0,0.0,SG/SF,3200,1,12.0,11.0,102,109,8%,4,3,4,15,18,18,9.1,12.4,2.9,21.9,0.0,0.0,0.0,0.0,0.0,0.0
Jordan McRae,PG,O,2019-12-23,WAS,NY,3.5,228.0,112.3,3400,2,11.3,22.6,33.0,0.0,0.0,PG/SG,3400,1,21.0,16.0,101,112,-4%,9,10,8,22,23,19,22.6,19.3,10.7,27.8,0.0,0.0,0.0,0.0,0.0,0.0
Reggie Bullock,SG,O,2019-12-23,NY,WAS,-3.5,228.0,115.8,3000,7,15.0,19.8,30.3,0.0,0.0,SG/SF,3000,1,,,106,114,10%,0,0,0,0,0,0,0.0,0.0,0.0,0.0,0.0,0.0,0.0,0.0,0.0,0.0
Nene Hilario,C,O,2019-12-23,HOU,SAC,-6.0,230.5,118.3,3000,11,1.3,5.4,9.0,0.0,0.0,C,3000,1,,,99,108,-4%,0,0,0,0,0,0,0.0,0.0,0.0,0.0,0.0,0.0,0.0,0.0,0.0,0.0
Dion Waiters,SG,O,2019-12-23,MIA,UTA,-4.5,213.0,108.8,3600,23,6.0,21.4,36.3,0.0,0.0,SG/SF,3600,2,,,102,104,-11%,0,0,0,0,0,0,0.0,0.0,0.0,0.0,0.0,0.0,0.0,0.0,0.0,0.0
Zach Collins,PF,O,2019-12-23,POR,NO,-5.5,230.0,117.8,4400,1,14.5,17.8,21.0,0.0,0.0,PF/C,4400,1,,,106,111,1%,5,6,6,28,29,29,17.8,17.8,14.9,20.8,0.0,0.0,0.0,0.0,0.0,0.0
Rui Hachimura,PF,O,2019-12-23,WAS,NY,3.5,228.0,112.3,5500,27,9.0,24.4,39.5,0.0,0.0,PF/C,5500,1,19.0,14.0,101,112,9%,7,12,12,23,31,29,24.4,25.2,14.7,35.6,0.0,0.0,0.0,0.0,0.0,0.0
Moritz Wagner,PF,O,2019-12-23,WAS,NY,3.5,228.0,112.3,5100,27,15.0,23.2,35.3,0.0,0.0,PF/C,5100,1,21.0,19.0,101,112,9%,5,8,8,22,24,20,23.2,23.5,13.9,33.1,0.0,0.0,0.0,0.0,0.0,0.0
