Player Name,position,injury_status,game_date,team,opp,spread,over_under,implied_team_score,salary,L5_dvp_rank,L5_ppg_floor,L5_ppg_avg,L5_ppg_max,ppg_projection,value_projection,Pos,Salary,Rest,USG,PER,Opp Pace,Opp DEff,Opp DvP,L2 FGA,L5 FGA,S FGA,L2 Min,L5 Min,S Min,L5 FP,S FP,Floor FP,Ceil FP,Proj Min,Proj FP,Proj Val,Actual Min,Actual FP,Actual Val
James Harden,PG,,2019-12-11,HOU,CLE,-11.5,229.0,120.3,12900,17,47.8,64.0,85.3,62.8,4.86,PG/SG,12900,1,39.0,30.0,101,112,9%,23,24,25,40,40,38,64.0,63.2,51.2,75.2,38.5,63.9,5.0,41.3,82.3,6.4
Karl-Anthony Towns,C,,2019-12-11,MIN,UTA,-1.0,220.5,110.8,10000,23,37.5,50.7,60.3,54.0,5.4,C,10000,1,28.0,29.0,103,103,3%,17,18,18,35,36,34,50.6,55.2,44.2,66.2,35.0,54.4,5.4,36.4,41.3,4.1
Anthony Davis,PF,Q,2019-12-11,LAL,ORL,-8.0,212.0,110.0,10400,7,42.5,55.0,77.3,52.0,5.0,PF/C,10400,2,30.0,30.0,100,103,0%,25,21,19,36,34,35,57.0,52.7,41.2,64.2,35.5,54.1,5.2,36.6,49.0,4.7
LeBron James,PG,,2019-12-11,LAL,ORL,-8.0,212.0,110.0,10600,15,44.5,51.8,60.5,51.8,4.88,PG/SF,10600,2,34.0,28.0,100,103,-7%,22,20,20,31,33,35,51.8,55.3,43.5,67.1,35.5,54.7,5.2,37.9,59.8,5.6
Russell Westbrook,PG,,2019-12-11,HOU,CLE,-11.5,229.0,120.3,9800,17,35.5,53.0,69.5,48.5,4.95,PG,9800,1,33.0,18.0,101,112,9%,18,21,20,37,37,34,53.9,47.7,34.1,61.2,35.5,50.8,5.2,36.5,48.3,4.9
Trae Young,PG,,2019-12-11,ATL,CHI,6.5,221.0,107.3,10300,1,33.3,47.5,60.8,46.0,4.47,PG,10300,0,36.0,25.0,104,105,-13%,20,19,21,38,36,36,47.5,50.3,36.4,64.2,35.0,46.5,4.5,31.7,39.5,3.8
Pascal Siakam,PF,,2019-12-11,TOR,LAC,2.5,221.5,109.5,8000,20,29.3,38.7,53.3,44.5,5.56,PF/C,8000,1,28.0,19.0,106,103,-6%,18,19,20,38,37,37,38.6,44.4,34.1,54.7,37.5,45.0,5.6,35.2,40.5,5.1
Devin Booker,PG,,2019-12-11,PHO,MEM,-7.0,231.0,119.0,8800,23,28.3,46.1,71.5,44.0,5.0,PG/SG,8800,1,29.0,20.0,106,109,7%,20,19,18,37,37,36,46.0,40.9,28.3,53.4,36.0,45.1,5.1,39.3,38.0,4.3
Domantas Sabonis,PF,,2019-12-11,IND,BOS,1.0,209.5,104.3,8200,24,39.8,47.2,56.5,43.8,5.34,PF/C,8200,1,24.0,20.0,102,101,-6%,15,15,14,37,35,35,47.1,43.5,36.2,50.9,34.5,44.7,5.5,34.8,47.0,5.7
Clint Capela,C,,2019-12-11,HOU,CLE,-11.5,229.0,120.3,8000,13,28.5,41.5,58.3,43.8,5.47,C,8000,1,16.0,21.0,101,112,2%,7,10,10,32,35,33,41.6,39.8,26.7,52.9,34.0,42.7,5.3,38.0,37.3,4.7
Kawhi Leonard,SG,,2019-12-11,LAC,TOR,-2.5,221.5,112.0,8700,17,34.3,43.8,58.3,43.5,5.0,SG/SF,8700,1,35.0,25.0,103,100,3%,16,18,20,31,29,32,43.8,48.1,39.0,57.2,32.0,45.9,5.3,32.5,41.8,4.8
Donovan Mitchell,PG,,2019-12-11,UTA,MIN,1.0,220.5,109.8,7400,28,26.3,32.6,42.0,43.0,5.81,PG/SG,7400,1,31.0,19.0,106,109,6%,21,20,21,34,34,35,32.5,39.6,30.8,48.4,35.5,42.7,5.8,36.3,47.3,6.4
Kyle Lowry,PG,,2019-12-11,TOR,LAC,2.5,221.5,109.5,7100,7,18.5,35.0,45.0,42.5,5.99,PG,7100,1,24.0,18.0,106,103,4%,15,14,15,38,40,39,39.1,41.6,36.0,47.2,38.0,42.0,5.9,35.2,23.0,3.2
Paul George,SF,,2019-12-11,LAC,TOR,-2.5,221.5,112.0,8400,20,22.8,44.0,62.8,41.8,4.97,SF/PF,8400,1,32.0,23.0,103,100,3%,24,19,17,31,30,31,44.0,40.3,28.0,52.6,33.0,43.4,5.2,33.4,27.8,3.3
Rudy Gobert,C,,2019-12-11,UTA,MIN,1.0,220.5,109.8,7700,14,29.3,39.0,52.0,41.3,5.36,C,7700,1,16.0,20.0,106,109,-1%,10,10,8,32,31,34,39.0,39.3,30.0,48.6,34.0,39.9,5.2,36.5,52.5,6.8
Zach LaVine,PG,,2019-12-11,CHI,ATL,-6.5,221.0,113.8,7900,19,31.0,39.0,48.8,41.0,5.19,PG/SG,7900,1,30.0,17.0,105,111,-2%,19,17,18,37,36,33,39.0,37.1,24.6,49.7,33.5,40.4,5.1,25.5,49.5,6.3
D'Angelo Russell,PG,,2019-12-11,GS,NY,-5.0,211.0,108.0,7900,18,22.3,28.6,37.0,40.8,5.16,PG/SG,7900,1,33.0,19.0,100,111,3%,15,13,18,31,29,31,28.6,37.9,19.9,56.0,32.5,41.7,5.3,35.7,50.8,6.4
Brandon Ingram,SF,,2019-12-11,NO,MIL,9.5,232.0,111.3,7800,7,22.0,37.2,47.3,40.8,5.22,SF/PF,7800,1,29.0,22.0,107,99,-12%,17,15,19,31,34,35,37.2,44.2,35.2,53.2,35.0,41.3,5.3,32.6,40.0,5.1
Eric Bledsoe,PG,,2019-12-11,MIL,NO,-9.5,232.0,120.8,6000,30,22.0,26.1,31.5,40.3,6.71,PG,6000,1,25.0,18.0,106,111,13%,10,7,12,27,25,28,25.9,32.2,22.8,41.5,29.0,40.8,6.8,25.4,46.8,7.8
Spencer Dinwiddie,PG,,2019-12-11,BKN,CHA,-10.0,216.5,113.3,8100,14,38.5,45.6,65.3,40.0,4.94,PG/SG,8100,2,31.0,19.0,101,112,-1%,15,18,16,34,34,30,45.5,36.8,25.1,48.4,34.0,41.7,5.1,32.8,41.3,5.1
Khris Middleton,SG,,2019-12-11,MIL,NO,-9.5,232.0,120.8,6400,5,25.5,34.0,39.8,39.8,6.21,SG/SF,6400,1,25.0,20.0,106,111,2%,14,13,13,27,23,27,34.0,31.9,25.0,38.9,28.5,39.8,6.2,30.8,40.3,6.3
Devonte' Graham,PG,,2019-12-11,CHA,BKN,10.0,216.5,103.3,8300,27,36.0,46.9,63.3,39.5,4.76,PG,8300,0,27.0,18.0,105,106,11%,18,19,15,35,36,34,47.1,38.1,27.4,48.8,35.5,39.6,4.8,37.1,56.3,6.8
Jrue Holiday,PG,,2019-12-11,NO,MIL,9.5,232.0,111.3,7100,4,22.8,36.0,49.8,39.3,5.53,PG/SG,7100,1,26.0,17.0,107,99,4%,20,18,18,38,38,36,38.9,41.2,30.7,51.7,35.0,38.8,5.5,37.6,39.5,5.6
Ricky Rubio,PG,,2019-12-11,PHO,MEM,-7.0,231.0,119.0,7300,23,23.3,39.8,53.5,37.5,5.14,PG,7300,1,23.0,16.0,106,109,7%,16,13,12,35,34,33,39.8,37.4,28.3,46.6,34.0,39.0,5.3,37.6,35.3,4.8
Chris Paul,PG,,2019-12-11,OKC,SAC,1.5,207.5,103.0,7100,26,22.8,35.6,50.0,37.5,5.28,PG,7100,1,23.0,20.0,100,109,-4%,16,14,12,31,33,32,35.5,34.1,26.1,42.2,32.0,32.1,4.5,35.1,41.3,5.8
Wendell Carter Jr.,PF,,2019-12-11,CHI,ATL,-6.5,221.0,113.8,6400,13,21.5,28.0,39.3,37.3,5.82,PF/C,6400,1,16.0,17.0,105,111,6%,6,6,9,32,34,31,27.8,29.8,21.6,38.0,33.5,32.8,5.1,22.7,26.5,4.1
Buddy Hield,SG,,2019-12-11,SAC,OKC,-1.5,207.5,104.5,7100,9,34.3,40.9,47.3,37.0,5.21,SG/SF,7100,1,28.0,16.0,101,105,-12%,17,21,19,34,37,35,40.9,35.9,26.2,45.7,34.5,36.2,5.1,37.0,45.0,6.3
Jonas Valanciunas,C,,2019-12-11,MEM,PHO,7.0,231.0,112.0,7000,29,21.0,44.9,60.0,36.8,5.25,C,7000,1,22.0,21.0,105,107,4%,6,13,10,24,29,25,44.9,32.1,18.8,45.3,27.0,35.3,5.0,25.2,18.3,2.6
Andrew Wiggins,SG,,2019-12-11,MIN,UTA,-1.0,220.5,110.8,7000,8,25.0,37.6,44.0,36.8,5.25,SG/SF,7000,1,29.0,19.0,103,103,-9%,17,18,20,33,34,35,37.5,39.8,29.5,50.0,35.0,37.2,5.3,37.5,44.5,6.4
Kevin Love,PF,,2019-12-11,CLE,HOU,11.5,229.0,108.8,6000,28,15.3,22.1,37.5,35.8,5.96,PF/C,6000,1,23.0,18.0,107,106,7%,10,9,11,24,26,31,22.4,36.1,23.1,49.1,28.0,32.5,5.4,32.0,37.8,6.3
Kelly Oubre Jr.,SF,,2019-12-11,PHO,MEM,-7.0,231.0,119.0,6900,9,19.3,31.9,48.8,35.8,5.18,SF/PF,6900,1,22.0,15.0,106,109,10%,17,16,14,37,36,32,31.9,31.5,19.7,43.3,34.5,34.6,5.0,37.8,41.3,6.0
Jarrett Allen,C,,2019-12-11,BKN,CHA,-10.0,216.5,113.3,6800,25,22.0,35.9,50.3,35.5,5.22,C,6800,2,16.0,23.0,101,112,8%,12,10,8,26,26,27,35.9,32.9,21.9,43.9,27.5,36.9,5.4,26.2,40.0,5.9
Kemba Walker,PG,,2019-12-11,BOS,IND,-1.0,209.5,105.3,7600,13,32.3,39.3,52.0,35.3,4.64,PG,7600,1,29.0,22.0,102,102,-4%,15,17,18,29,31,33,39.3,40.2,29.6,50.8,32.5,35.9,4.7,35.3,64.8,8.5
Malcolm Brogdon,PG,,2019-12-11,IND,BOS,1.0,209.5,104.3,7200,2,26.5,34.6,43.0,35.0,4.86,PG/SG,7200,1,28.0,21.0,102,101,-12%,15,14,15,31,33,33,34.6,39.6,30.9,48.4,32.5,36.8,5.1,29.3,48.0,6.7
Ja Morant,PG,,2019-12-11,MEM,PHO,7.0,231.0,112.0,7300,24,22.8,41.8,53.8,35.0,4.79,PG,7300,1,31.0,20.0,105,107,7%,14,15,16,30,31,29,41.8,35.8,24.7,46.8,30.0,36.8,5.0,33.4,28.0,3.8
Julius Randle,PF,,2019-12-11,NY,GS,5.0,211.0,103.0,6500,16,16.5,29.1,38.5,34.8,5.35,PF/C,6500,0,27.0,15.0,103,110,1%,15,14,14,31,31,32,34.3,34.3,26.2,42.5,30.5,32.7,5.0,38.1,48.8,7.5
Jayson Tatum,SF,,2019-12-11,BOS,IND,-1.0,209.5,105.3,7500,28,37.3,46.1,58.0,34.5,4.6,SF/PF,7500,1,28.0,18.0,102,102,-23%,17,19,19,30,34,34,46.2,38.7,29.8,47.6,34.0,34.5,4.6,37.1,31.5,4.2
Terry Rozier,PG,,2019-12-11,CHA,BKN,10.0,216.5,103.3,7100,27,21.3,35.7,51.8,34.3,4.82,PG/SG,7100,0,25.0,15.0,105,106,11%,14,14,15,36,36,34,35.6,32.8,22.5,43.0,36.0,34.1,4.8,35.0,27.8,3.9
Tristan Thompson,C,,2019-12-11,CLE,HOU,11.5,229.0,108.8,6100,12,20.8,31.1,36.3,34.3,5.61,C,6100,1,20.0,20.0,107,106,1%,10,10,12,34,32,32,34.5,35.8,27.0,44.6,31.0,32.1,5.3,33.5,24.8,4.1
Evan Fournier,SG,,2019-12-11,ORL,LAL,8.0,212.0,102.0,6400,1,25.5,35.2,41.0,32.8,5.12,SG/SF,6400,1,26.0,20.0,103,101,-6%,16,17,14,31,32,31,35.0,31.2,22.0,40.4,34.5,34.3,5.4,34.0,28.0,4.4
Shai Gilgeous-Alexander,PG,,2019-12-11,OKC,SAC,1.5,207.5,103.0,6600,26,25.8,34.8,39.3,32.5,4.92,PG/SG,6600,1,25.0,15.0,100,109,4%,17,17,16,36,37,35,34.8,32.3,22.4,42.2,36.0,32.2,4.9,35.5,27.5,4.2
Aaron Gordon,SF,,2019-12-11,ORL,LAL,8.0,212.0,102.0,6500,13,21.8,33.8,49.8,32.0,4.92,SF/PF,6500,1,21.0,15.0,103,101,-11%,13,13,12,35,33,32,33.8,30.4,21.4,39.4,33.5,31.0,4.8,34.0,42.0,6.5
Danilo Gallinari,SF,,2019-12-11,OKC,SAC,1.5,207.5,103.0,6400,4,20.8,35.2,44.8,31.8,4.96,SF/PF,6400,1,23.0,20.0,100,109,5%,14,13,13,35,32,31,35.1,31.1,24.0,38.3,31.5,30.3,4.7,33.3,30.5,4.8
Jonathan Isaac,SF,,2019-12-11,ORL,LAL,8.0,212.0,102.0,6200,13,19.0,28.9,39.8,31.8,5.12,SF/PF,6200,1,18.0,17.0,103,101,-11%,11,11,11,31,32,31,28.9,32.5,22.0,42.9,33.0,31.5,5.1,35.6,35.5,5.7
Jaylen Brown,SG,,2019-12-11,BOS,IND,-1.0,209.5,105.3,6700,2,19.5,34.2,41.5,31.8,4.74,SG/SF,6700,1,23.0,19.0,102,102,-3%,15,15,16,33,34,34,34.1,35.9,26.5,45.2,34.0,32.3,4.8,34.1,41.0,6.1
Richaun Holmes,PF,,2019-12-11,SAC,OKC,-1.5,207.5,104.5,6300,2,27.8,39.1,49.5,31.0,4.92,PF/C,6300,1,15.0,21.0,101,105,-9%,8,10,8,34,36,29,39.1,29.8,17.9,41.6,31.0,31.4,5.0,24.9,23.3,3.7
Jaren Jackson Jr.,PF,,2019-12-11,MEM,PHO,7.0,231.0,112.0,6300,1,18.0,32.5,45.0,31.0,4.92,PF/C,6300,1,24.0,15.0,105,107,-2%,16,16,13,31,28,28,32.5,28.9,18.8,38.9,29.5,31.2,5.0,31.6,40.0,6.3
Montrezl Harrell,PF,,2019-12-11,LAC,TOR,-2.5,221.5,112.0,6700,17,24.8,36.6,47.8,31.0,4.63,PF/C,6700,1,24.0,24.0,103,100,9%,17,14,14,28,27,30,36.0,36.2,24.6,47.8,29.0,31.1,4.6,29.3,24.0,3.6
Bojan Bogdanovic,SF,,2019-12-11,UTA,MIN,1.0,220.5,109.8,6100,19,10.5,24.1,35.3,30.8,5.04,SF/PF,6100,1,25.0,16.0,106,109,5%,15,14,15,32,32,34,24.1,31.4,21.3,41.5,33.0,32.9,5.4,34.8,20.3,3.3
Draymond Green,PG,,2019-12-11,GS,NY,-5.0,211.0,108.0,5800,18,13.5,25.8,33.8,30.8,5.3,PG/SF,5800,1,19.0,13.0,100,111,6%,10,7,8,32,26,28,25.8,28.7,17.7,39.8,30.5,33.3,5.7,39.5,56.5,9.7
Lou Williams,PG,,2019-12-11,LAC,TOR,-2.5,221.5,112.0,5900,22,14.8,24.1,34.3,30.8,5.21,PG/SG,5900,1,30.0,17.0,103,100,1%,18,15,16,31,27,31,24.1,33.9,23.3,44.5,30.5,31.2,5.3,32.4,39.5,6.7
Lauri Markkanen,PF,,2019-12-11,CHI,ATL,-6.5,221.0,113.8,6300,13,23.8,30.4,37.3,30.5,4.84,PF/C,6300,1,21.0,13.0,105,111,6%,15,13,12,35,33,30,30.6,28.0,17.9,38.1,32.0,31.4,5.0,23.4,32.5,5.2
Myles Turner,C,,2019-12-11,IND,BOS,1.0,209.5,104.3,5200,19,16.5,23.4,32.0,29.8,5.72,C,5200,1,16.0,12.0,102,101,-6%,9,9,10,28,30,32,23.4,27.0,17.4,36.6,30.5,27.6,5.3,24.4,21.5,4.1
PJ Washington,PF,,2019-12-11,CHA,BKN,10.0,216.5,103.3,5800,4,14.8,26.8,41.0,29.8,5.13,PF/C,5800,0,18.0,15.0,105,106,0%,10,10,10,36,32,29,26.8,25.6,16.7,34.5,35.0,27.8,4.8,37.3,23.0,4.0
Jeremy Lamb,SG,,2019-12-11,IND,BOS,1.0,209.5,104.3,5700,26,18.5,25.1,31.8,29.8,5.22,SG/SF,5700,1,21.0,16.0,102,101,-5%,13,11,13,34,33,33,27.4,30.4,23.9,36.8,31.5,28.7,5.0,22.8,10.5,1.8
Lonzo Ball,PG,,2019-12-11,NO,MIL,9.5,232.0,111.3,5100,4,10.5,27.0,54.0,29.5,5.78,PG,5100,1,21.0,12.0,107,99,4%,7,9,10,28,33,29,26.9,27.5,16.0,39.0,29.5,27.8,5.5,22.8,27.8,5.5
Steven Adams,C,,2019-12-11,OKC,SAC,1.5,207.5,103.0,6500,2,22.8,38.8,51.3,29.5,4.54,C,6500,1,17.0,21.0,100,109,-5%,5,8,7,28,30,28,38.8,30.6,21.1,40.1,29.0,30.9,4.8,28.1,36.3,5.6
Miles Bridges,SF,,2019-12-11,CHA,BKN,10.0,216.5,103.3,5300,2,12.8,21.4,30.0,29.5,5.57,SF/PF,5300,0,19.0,12.0,105,106,-15%,14,10,11,38,28,32,21.4,25.5,17.2,33.7,37.0,27.8,5.2,35.6,26.5,5.0
Dario Saric,SF,,2019-12-11,PHO,MEM,-7.0,231.0,119.0,5900,9,15.8,28.9,38.0,28.8,4.87,SF/PF,5900,1,17.0,14.0,106,109,1%,11,10,10,32,30,29,28.9,27.0,15.3,38.8,30.0,28.2,4.8,26.1,21.3,3.6
Tomas Satoransky,PG,,2019-12-11,CHI,ATL,-6.5,221.0,113.8,5700,19,12.8,25.9,37.5,28.8,5.04,PG/SF,5700,1,18.0,14.0,105,111,-2%,8,8,8,30,32,28,25.9,25.3,15.0,35.5,31.5,28.6,5.0,24.0,15.0,2.6
Dennis Schroder,PG,,2019-12-11,OKC,SAC,1.5,207.5,103.0,6000,26,25.3,29.6,34.8,28.5,4.75,PG/SG,6000,1,27.0,15.0,100,109,-4%,18,16,14,33,31,29,29.6,28.2,17.9,38.5,31.5,28.1,4.7,31.3,25.5,4.3
Jabari Parker,SF,,2019-12-11,ATL,CHI,6.5,221.0,107.3,6100,3,12.3,24.0,34.3,28.5,4.67,SF/PF,6100,0,24.0,18.0,104,105,9%,12,11,13,28,27,28,23.9,30.7,18.0,43.3,28.5,33.0,5.4,21.1,23.3,3.8
Gordon Hayward,SF,,2019-12-11,BOS,IND,-1.0,209.5,105.3,5700,28,17.0,36.8,59.3,28.3,4.96,SF/PF,5700,1,23.0,22.0,102,102,-23%,13,15,14,28,32,33,43.4,37.5,24.6,50.4,31.0,29.4,5.2,24.7,13.8,2.4
Mitchell Robinson,C,,2019-12-11,NY,GS,5.0,211.0,103.0,5800,6,11.3,26.2,33.8,28.0,4.83,C,5800,0,15.0,24.0,103,110,1%,9,6,6,26,25,22,26.2,24.0,16.5,31.6,25.5,27.7,4.8,29.9,27.8,4.8
Taurean Prince,SF,,2019-12-11,BKN,CHA,-10.0,216.5,113.3,6600,27,23.5,32.7,42.5,28.0,4.24,SF/PF,6600,2,20.0,11.0,101,112,4%,11,13,12,32,32,31,32.6,28.4,17.7,39.0,31.5,32.4,4.9,34.4,17.8,2.7
Marvin Bagley III,PF,Q,2019-12-11,SAC,OKC,-1.5,207.5,104.5,6100,2,26.5,32.9,40.5,28.0,4.59,PF/C,6100,1,,,101,105,-9%,0,0,0,0,0,0,0.0,0.0,0.0,0.0,23.0,26.7,4.4,23.1,20.0,3.3
Marcus Morris,SF,,2019-12-11,NY,GS,5.0,211.0,103.0,5900,15,12.8,21.9,33.8,27.3,4.62,SF/PF,5900,0,,,103,110,1%,14,14,14,29,30,33,26.4,31.4,20.0,42.9,29.0,26.2,4.4,36.5,62.5,10.6
RJ Barrett,PG,,2019-12-11,NY,GS,5.0,211.0,103.0,5700,29,5.5,20.6,31.3,27.0,4.74,PG/SG,5700,0,25.0,11.0,103,110,1%,11,11,13,29,28,32,23.4,28.8,18.5,39.1,29.0,26.7,4.7,46.1,44.5,7.8
Collin Sexton,PG,,2019-12-11,CLE,HOU,11.5,229.0,108.8,5000,25,14.5,24.4,34.5,27.0,5.4,PG/SG,5000,1,26.0,14.0,107,106,-7%,14,15,16,27,30,30,24.4,26.3,19.8,32.9,31.0,27.2,5.4,28.6,24.8,5.0
Kris Dunn,PG,,2019-12-11,CHI,ATL,-6.5,221.0,113.8,4800,19,8.3,21.0,30.8,26.8,5.57,PG/SF,4800,1,17.0,12.0,105,111,-2%,9,9,7,25,26,22,20.9,19.7,12.0,27.4,27.5,25.1,5.2,22.9,23.3,4.9
Joe Harris,SG,,2019-12-11,BKN,CHA,-10.0,216.5,113.3,5600,23,22.5,29.7,35.8,26.8,4.78,SG/SF,5600,2,17.0,14.0,101,112,4%,11,12,12,31,31,32,29.7,26.2,17.4,35.0,31.5,27.7,4.9,29.4,18.5,3.3
Marc Gasol,C,,2019-12-11,TOR,LAC,2.5,221.5,109.5,5200,7,11.8,27.5,39.8,26.8,5.14,C,5200,1,13.0,9.0,106,103,4%,7,7,6,30,29,29,27.3,23.6,15.9,31.2,28.0,26.1,5.0,31.0,39.3,7.6
Jae Crowder,SF,,2019-12-11,MEM,PHO,7.0,231.0,112.0,5100,21,11.0,23.7,31.5,26.5,5.2,SF/PF,5100,1,15.0,11.0,105,107,-2%,8,10,9,31,32,31,23.6,25.4,16.5,34.2,31.0,24.0,4.7,31.9,32.8,6.4
Brook Lopez,C,,2019-12-11,MIL,NO,-9.5,232.0,120.8,4900,26,15.8,19.7,25.3,26.5,5.41,C,4900,1,16.0,14.0,106,111,0%,10,8,9,24,23,27,19.7,25.2,15.2,35.2,25.0,26.4,5.4,24.8,21.8,4.4
Terrence Ross,SG,,2019-12-11,ORL,LAL,8.0,212.0,102.0,5000,1,19.3,28.5,31.8,26.5,5.3,SG/SF,5000,1,23.0,14.0,103,101,2%,14,13,11,29,25,24,28.4,21.5,14.8,28.2,29.5,27.7,5.5,28.6,12.3,2.5
Alec Burks,PG,,2019-12-11,GS,NY,-5.0,211.0,108.0,5800,18,22.8,30.3,41.3,26.3,4.53,PG/SG,5800,1,22.0,16.0,100,111,-5%,10,12,12,30,32,30,30.3,28.4,17.0,39.8,29.0,27.3,4.7,33.3,30.8,5.3
Larry Nance Jr.,PF,,2019-12-11,CLE,HOU,11.5,229.0,108.8,4200,28,6.5,20.3,33.3,26.0,6.19,PF/C,4200,1,15.0,17.0,107,106,7%,4,6,8,19,26,26,20.3,24.2,14.7,33.7,22.0,22.2,5.3,17.6,12.5,3.0
Jeff Teague,PG,Q,2019-12-11,MIN,UTA,-1.0,220.5,110.8,5200,21,12.8,27.4,55.8,26.0,5.0,PG,5200,1,22.0,17.0,103,103,-1%,13,10,10,26,29,30,27.4,29.3,18.4,40.3,27.0,25.3,4.9,35.8,52.0,10.0
D.J. Augustin,PG,,2019-12-11,ORL,LAL,8.0,212.0,102.0,4800,20,11.3,25.2,34.5,26.0,5.42,PG,4800,1,20.0,13.0,103,101,-1%,11,9,9,25,26,26,25.1,21.2,14.8,27.6,30.0,26.9,5.6,26.6,7.8,1.6
Joe Ingles,SG,,2019-12-11,UTA,MIN,1.0,220.5,109.8,5300,4,12.0,27.2,38.5,25.8,4.86,SG/SF,5300,1,15.0,9.0,106,109,5%,8,7,7,31,29,28,27.2,21.1,12.2,30.0,31.0,26.5,5.0,36.3,39.3,7.4
T.J. Warren,SF,,2019-12-11,IND,BOS,1.0,209.5,104.3,5200,1,23.0,28.0,34.5,25.5,4.9,SF/PF,5200,1,22.0,16.0,102,101,-2%,14,14,15,33,31,34,27.9,27.6,17.4,37.8,32.5,25.7,4.9,29.6,20.3,3.9
Eric Paschall,SF,Q,2019-12-11,GS,NY,-5.0,211.0,108.0,5600,30,8.5,25.8,43.8,25.5,4.55,SF/PF,5600,1,21.0,16.0,100,111,6%,10,12,13,26,32,32,25.8,27.4,16.3,38.5,29.5,26.2,4.7,16.9,7.8,1.4
Harrison Barnes,SF,,2019-12-11,SAC,OKC,-1.5,207.5,104.5,5900,17,19.0,29.2,40.5,25.5,4.32,SF/PF,5900,1,19.0,16.0,101,105,0%,14,14,12,36,37,36,29.2,29.4,22.4,36.5,33.5,25.2,4.3,34.3,14.8,2.5
P.J. Tucker,PF,,2019-12-11,HOU,CLE,-11.5,229.0,120.3,5300,14,15.8,29.9,40.3,25.0,4.72,PF/C,5300,1,10.0,12.0,101,112,8%,8,8,7,37,39,36,30.3,25.9,16.3,35.5,36.0,24.4,4.6,34.6,19.3,3.6
Garrett Temple,SG,,2019-12-11,BKN,CHA,-10.0,216.5,113.3,5500,23,19.5,28.8,38.5,25.0,4.55,SG/SF,5500,2,16.0,12.0,101,112,-3%,12,12,9,33,35,28,28.8,21.3,11.6,31.1,33.5,27.0,4.9,32.0,21.5,3.9
Robert Covington,SF,,2019-12-11,MIN,UTA,-1.0,220.5,110.8,5100,22,6.0,23.9,36.0,24.8,4.85,SF/PF,5100,1,17.0,15.0,103,103,-9%,7,9,9,27,30,28,24.1,25.4,16.7,34.1,28.5,25.5,5.0,30.3,30.3,5.9
Cedi Osman,SF,,2019-12-11,CLE,HOU,11.5,229.0,108.8,3300,26,3.5,18.7,36.8,24.8,7.5,SF/PF,3300,1,15.0,10.0,107,106,10%,9,9,8,28,30,30,22.3,20.2,11.3,29.1,29.0,19.9,6.0,19.1,16.5,5.0
Serge Ibaka,PF,,2019-12-11,TOR,LAC,2.5,221.5,109.5,5200,20,18.3,24.9,31.0,24.5,4.71,PF/C,5200,1,27.0,16.0,106,103,-6%,13,12,11,23,21,23,24.9,26.6,21.0,32.2,20.5,23.4,4.5,19.7,14.8,2.8
Patrick Beverley,PG,,2019-12-11,LAC,TOR,-2.5,221.5,112.0,5400,22,14.5,25.0,40.0,24.3,4.49,PG/SG,5400,1,13.0,10.0,103,100,-3%,6,5,7,32,29,30,24.9,24.6,13.6,35.7,31.0,24.7,4.6,19.2,24.5,4.5
OG Anunoby,SF,,2019-12-11,TOR,LAC,2.5,221.5,109.5,5000,11,14.8,27.8,47.0,24.3,4.85,SF/PF,5000,1,15.0,15.0,106,103,-6%,12,9,9,36,29,31,27.8,27.1,16.5,37.6,34.0,27.5,5.5,34.6,27.3,5.5
DeAndre Jordan,C,,2019-12-11,BKN,CHA,-10.0,216.5,113.3,5000,25,17.0,26.9,41.8,24.3,4.85,C,5000,2,14.0,22.0,101,112,8%,5,5,5,22,22,21,26.9,25.4,14.8,36.0,20.0,26.6,5.3,21.5,30.0,6.0
Dillon Brooks,SG,,2019-12-11,MEM,PHO,7.0,231.0,112.0,4900,19,15.3,25.6,34.5,24.0,4.9,SG/SF,4900,1,21.0,11.0,105,107,4%,11,13,12,27,28,28,25.6,23.7,14.6,32.7,28.0,23.4,4.8,27.3,35.3,7.2
De'Andre Hunter,SF,,2019-12-11,ATL,CHI,6.5,221.0,107.3,4300,3,11.8,25.9,42.0,24.0,5.58,SF/PF,4300,0,18.0,8.0,104,105,-13%,13,13,11,34,34,32,25.9,22.6,12.8,32.4,33.0,24.9,5.8,23.9,13.0,3.0
Bogdan Bogdanovic,SG,Q,2019-12-11,SAC,OKC,-1.5,207.5,104.5,4800,9,16.0,18.7,22.5,24.0,5.0,SG/SF,4800,1,25.0,16.0,101,105,-12%,10,11,12,30,26,27,18.7,27.3,15.3,39.3,27.5,25.6,5.3,29.4,22.3,4.6
Norman Powell,SG,,2019-12-11,TOR,LAC,2.5,221.5,109.5,5200,27,17.0,28.3,38.0,24.0,4.62,SG/SF,5200,1,19.0,14.0,106,103,-6%,12,12,10,26,29,28,27.9,23.4,14.0,32.9,29.5,24.4,4.7,34.0,27.8,5.3
Aron Baynes,C,Q,2019-12-11,PHO,MEM,-7.0,231.0,119.0,4900,17,7.3,23.2,34.0,23.8,4.85,C,4900,1,22.0,22.0,106,109,3%,11,9,10,20,22,25,23.2,29.8,17.9,41.6,19.5,22.6,4.6,18.1,20.5,4.2
Ersan Ilyasova,PF,,2019-12-11,MIL,NO,-9.5,232.0,120.8,3400,11,12.8,18.4,21.5,23.3,6.84,PF/C,3400,1,16.0,18.0,106,111,1%,8,6,6,13,14,16,18.4,16.6,10.3,22.9,25.0,26.2,7.7,26.9,36.8,10.8
Danuel House Jr.,SF,,2019-12-11,HOU,CLE,-11.5,229.0,120.3,4800,29,17.8,23.7,36.5,23.0,4.79,SF/PF,4800,1,14.0,14.0,101,112,4%,9,10,9,32,32,31,23.4,24.8,16.8,32.8,33.5,24.1,5.0,26.4,12.3,2.6
Willie Cauley-Stein,C,,2019-12-11,GS,NY,-5.0,211.0,108.0,4700,5,16.5,26.6,35.5,23.0,4.89,C,4700,1,15.0,17.0,100,111,-2%,9,7,6,24,22,23,26.6,22.8,16.5,29.1,23.0,23.1,4.9,22.3,19.3,4.1
Ben McLemore,SG,,2019-12-11,HOU,CLE,-11.5,229.0,120.3,5400,22,16.8,33.1,47.8,23.0,4.26,SG/SF,5400,1,17.0,12.0,101,112,6%,14,14,9,32,31,23,33.1,18.2,6.1,30.3,32.0,24.2,4.5,32.6,14.3,2.6
Coby White,PG,,2019-12-11,CHI,ATL,-6.5,221.0,113.8,4300,19,10.3,19.6,28.0,23.0,5.35,PG/SG,4300,1,24.0,10.0,105,111,-2%,8,9,12,31,25,25,19.6,21.9,11.7,32.2,27.0,24.0,5.6,25.3,31.0,7.2
Michael Carter-Williams,PG,,2019-12-11,ORL,LAL,8.0,212.0,102.0,4000,20,1.3,10.0,20.8,23.0,5.75,PG/SG,4000,1,18.0,12.0,103,101,-1%,3,3,4,18,13,15,10.0,13.5,4.9,22.2,21.5,19.9,5.0,21.4,20.5,5.1
Cory Joseph,PG,Q,2019-12-11,SAC,OKC,-1.5,207.5,104.5,4500,11,10.5,20.0,34.3,22.8,5.06,PG/SG,4500,1,15.0,9.0,101,105,0%,8,8,6,33,33,26,19.9,17.4,8.7,26.2,32.0,21.4,4.8,24.3,15.0,3.3
Cody Zeller,C,,2019-12-11,CHA,BKN,10.0,216.5,103.3,4600,28,12.3,24.9,32.5,22.8,4.95,C,4600,0,20.0,18.0,105,106,5%,7,8,8,22,21,24,24.9,24.6,14.5,34.8,22.0,22.2,4.8,20.1,23.0,5.0
Khem Birch,C,,2019-12-11,ORL,LAL,8.0,212.0,102.0,4700,16,17.5,22.6,29.5,22.5,4.79,C,4700,1,10.0,10.0,103,101,-16%,4,4,4,30,29,26,22.6,17.8,10.8,24.9,28.0,21.0,4.5,24.0,16.5,3.5
Brandon Clarke,PF,Q,2019-12-11,MEM,PHO,7.0,231.0,112.0,4700,1,2.8,19.8,26.8,22.5,4.79,PF/C,4700,1,19.0,22.0,105,107,-2%,7,9,8,18,22,22,25.6,25.1,19.0,31.2,19.0,20.4,4.3,21.9,28.3,6.0
Glenn Robinson III,SG,,2019-12-11,GS,NY,-5.0,211.0,108.0,4700,13,10.5,20.9,32.8,22.3,4.73,SG/SF,4700,1,15.0,12.0,100,111,-5%,10,11,10,33,34,33,20.9,23.1,14.4,31.8,30.5,21.9,4.7,35.9,27.5,5.9
Ivica Zubac,C,,2019-12-11,LAC,TOR,-2.5,221.5,112.0,4600,4,7.0,19.5,33.0,22.0,4.78,C,4600,1,18.0,23.0,103,100,-8%,6,5,6,21,19,17,19.5,20.7,12.2,29.2,18.5,18.6,4.0,15.7,23.5,5.1
Darius Garland,PG,,2019-12-11,CLE,HOU,11.5,229.0,108.8,4200,25,7.8,19.9,33.3,22.0,5.24,PG,4200,1,22.0,7.0,107,106,-7%,16,12,11,27,30,28,19.9,18.3,11.3,25.4,29.0,20.4,4.9,22.0,14.3,3.4
Jahlil Okafor,C,,2019-12-11,NO,MIL,9.5,232.0,111.3,3800,15,7.0,15.5,27.3,21.8,5.72,C,3800,1,19.0,18.0,107,99,3%,6,5,6,22,19,18,15.5,19.1,9.1,29.1,20.5,20.6,5.4,20.2,14.3,3.8
Jordan Clarkson,SG,,2019-12-11,CLE,HOU,11.5,229.0,108.8,4100,6,12.3,17.6,29.3,21.8,5.3,SG/SF,4100,1,27.0,18.0,107,106,-7%,11,10,11,21,21,22,17.6,21.9,13.3,30.5,20.5,20.5,5.0,28.9,33.0,8.0
Dwight Howard,C,,2019-12-11,LAL,ORL,-8.0,212.0,110.0,4000,11,10.8,19.3,26.3,21.3,5.31,C,4000,2,13.0,17.0,100,103,-6%,3,4,4,22,20,20,20.9,20.5,12.5,28.6,20.5,20.5,5.1,17.8,14.5,3.6
Kevin Huerter,SG,,2019-12-11,ATL,CHI,6.5,221.0,107.3,4300,25,8.3,21.4,28.0,21.0,4.88,SG/SF,4300,0,18.0,13.0,104,105,-1%,7,6,7,25,22,22,21.4,19.9,13.7,26.1,25.0,21.4,5.0,24.3,19.0,4.4
Josh Okogie,SG,,2019-12-11,MIN,UTA,-1.0,220.5,110.8,4000,8,14.5,18.1,25.5,21.0,5.25,SG/SF,4000,1,15.0,13.0,103,103,-13%,8,7,6,27,27,25,18.1,20.1,13.0,27.3,28.5,19.7,4.9,30.9,24.3,6.1
JJ Redick,SG,,2019-12-11,NO,MIL,9.5,232.0,111.3,4600,12,11.5,23.2,37.0,21.0,4.57,SG/SF,4600,1,19.0,15.0,107,99,-12%,10,10,11,23,28,28,23.1,24.3,14.2,34.5,26.0,21.1,4.6,32.3,36.8,8.0
Nemanja Bjelica,PF,,2019-12-11,SAC,OKC,-1.5,207.5,104.5,5900,2,24.3,37.1,50.8,20.8,3.52,PF,5900,1,20.0,18.0,101,105,-9%,16,14,10,32,28,27,37.1,27.7,17.2,38.1,24.0,24.0,4.1,22.2,16.3,2.8
Jarrett Culver,PG,,2019-12-11,MIN,UTA,-1.0,220.5,110.8,4300,21,14.3,22.6,36.0,20.8,4.83,PG/SG,4300,1,21.0,10.0,103,103,-1%,5,9,9,19,24,24,22.6,19.6,10.9,28.4,25.0,21.0,4.9,21.2,9.3,2.2
Mikal Bridges,SG,Q,2019-12-11,PHO,MEM,-7.0,231.0,119.0,4200,10,13.3,24.1,34.5,20.8,4.94,SG/SF,4200,1,14.0,14.0,106,109,10%,6,8,5,26,26,21,24.1,16.9,8.1,25.7,25.0,19.9,4.7,20.8,6.3,1.5
Cam Reddish,PG,,2019-12-11,ATL,CHI,6.5,221.0,107.3,4200,1,6.8,20.5,42.5,20.0,4.76,PG/SG,4200,0,19.0,6.0,104,105,9%,10,10,9,26,27,25,20.9,17.9,9.5,26.4,24.5,17.7,4.2,29.0,27.0,6.4
Alex Len,C,,2019-12-11,ATL,CHI,6.5,221.0,107.3,4500,21,12.8,24.7,37.3,20.0,4.44,C,4500,0,19.0,17.0,104,105,17%,9,9,6,21,18,18,24.6,18.0,8.6,27.4,19.0,21.4,4.8,19.8,28.3,6.3
Donte DiVincenzo,PG,,2019-12-11,MIL,NO,-9.5,232.0,120.8,4000,30,18.5,21.1,26.3,19.5,4.88,PG/SF,4000,1,18.0,14.0,106,111,8%,8,7,8,21,21,22,21.1,20.9,12.7,29.0,21.0,20.2,5.0,23.8,10.3,2.6
Kenrich Williams,SF,,2019-12-11,NO,MIL,9.5,232.0,111.3,3700,7,1.3,13.8,23.8,19.5,5.27,SF/PF,3700,1,10.0,10.0,107,99,-3%,6,5,5,30,25,26,13.8,19.4,10.1,28.7,29.5,19.1,5.2,26.1,17.8,4.8
Jaxson Hayes,C,,2019-12-11,NO,MIL,9.5,232.0,111.3,4100,15,18.5,23.9,34.3,19.5,4.76,C,4100,1,15.0,18.0,107,99,-3%,7,7,6,23,26,22,24.6,20.2,13.3,27.0,22.0,19.2,4.7,23.9,27.3,6.7
Moe Harkless,SF,,2019-12-11,LAC,TOR,-2.5,221.5,112.0,4200,20,2.8,17.0,27.5,19.5,4.64,SF/PF,4200,1,11.0,10.0,103,100,3%,7,5,5,36,28,23,17.0,15.2,8.0,22.3,25.5,17.4,4.1,30.2,24.3,5.8
Nerlens Noel,C,,2019-12-11,OKC,SAC,1.5,207.5,103.0,4000,2,12.3,21.1,35.0,19.3,4.81,C,4000,1,16.0,22.0,100,109,-5%,6,5,5,18,18,19,21.1,21.6,12.5,30.6,19.0,18.7,4.7,19.9,21.5,5.4
Josh Hart,SG,,2019-12-11,NO,MIL,9.5,232.0,111.3,4100,12,7.3,21.8,38.3,19.3,4.7,SG/SF,4100,1,17.0,13.0,107,99,-3%,10,9,9,25,26,28,21.8,25.9,15.8,35.9,26.0,20.8,5.1,26.0,19.3,4.7
Cameron Johnson,SF,Q,2019-12-11,PHO,MEM,-7.0,231.0,119.0,4100,9,7.5,19.1,32.5,19.3,4.7,SF/PF,4100,1,17.0,14.0,106,109,7%,8,8,7,24,23,20,19.1,16.7,7.6,25.8,24.5,19.4,4.7,24.2,20.8,5.1
Kentavious Caldwell-Pope,SG,,2019-12-11,LAL,ORL,-8.0,212.0,110.0,3800,18,15.0,17.0,19.0,19.0,5.0,SG/SF,3800,2,14.0,10.0,100,103,-2%,5,6,7,28,27,26,16.9,16.5,10.2,22.7,28.0,19.2,5.1,31.4,22.0,5.8
Damian Jones,C,,2019-12-11,ATL,CHI,6.5,221.0,107.3,4600,21,5.5,19.9,33.0,19.0,4.13,C,4600,0,13.0,18.0,104,105,17%,2,5,5,17,21,19,19.9,16.6,8.7,24.5,21.5,20.5,4.5,13.9,15.3,3.3
Thaddeus Young,SF,,2019-12-11,CHI,ATL,-6.5,221.0,113.8,3500,12,9.3,15.0,21.3,19.0,5.43,SF/PF,3500,1,21.0,11.0,105,111,6%,7,7,9,21,20,21,15.0,18.5,12.0,24.9,19.0,17.4,5.0,32.8,40.8,11.7
Bismack Biyombo,C,,2019-12-11,CHA,BKN,10.0,216.5,103.3,3700,28,8.0,19.1,33.3,18.8,5.07,C,3700,0,18.0,18.0,105,106,5%,7,5,5,19,19,17,19.0,16.6,5.9,27.3,20.5,18.4,5.0,24.4,15.0,4.1
Enes Kanter,C,,2019-12-11,BOS,IND,-1.0,209.5,105.3,3900,30,3.3,16.4,27.8,18.5,4.74,C,3900,1,18.0,23.0,102,102,7%,5,5,5,18,16,16,16.4,18.0,10.0,26.0,17.5,18.1,4.6,13.6,17.0,4.4
Danny Green,SG,,2019-12-11,LAL,ORL,-8.0,212.0,110.0,4200,18,14.5,20.0,29.5,18.5,4.4,SG/SF,4200,2,13.0,11.0,100,103,-2%,5,7,7,24,25,25,19.9,18.8,10.0,27.6,27.5,19.6,4.7,29.4,22.8,5.4
Frank Kaminsky,PF,,2019-12-11,PHO,MEM,-7.0,231.0,119.0,4300,8,14.5,26.1,36.8,18.5,4.3,PF/C,4300,1,20.0,13.0,106,109,1%,12,11,9,28,26,24,26.6,22.4,12.6,32.2,17.5,17.4,4.0,25.8,38.8,9.0
Brad Wanamaker,PG,,2019-12-11,BOS,IND,-1.0,209.5,105.3,3300,13,6.5,16.8,28.0,18.3,5.53,PG/SG,3300,1,19.0,16.0,102,102,-4%,6,6,5,21,20,18,16.8,16.1,8.7,23.5,20.0,16.2,4.9,24.1,24.0,7.3
Royce O'Neale,SF,,2019-12-11,UTA,MIN,1.0,220.5,109.8,3900,19,9.0,17.3,29.3,18.3,4.68,SF,3900,1,9.0,9.0,106,109,5%,6,5,4,27,25,28,17.3,17.8,10.7,24.8,27.5,17.4,4.5,30.9,18.3,4.7
JaVale McGee,C,,2019-12-11,LAL,ORL,-8.0,212.0,110.0,3900,11,12.3,17.4,20.8,18.0,4.62,C,3900,2,16.0,21.0,100,103,-6%,5,6,5,16,15,17,17.4,19.1,8.4,29.8,16.5,17.9,4.6,14.0,13.0,3.3
Kevin Porter Jr.,SG,,2019-12-11,CLE,HOU,11.5,229.0,108.8,3700,6,2.8,17.0,22.8,17.8,4.8,SG/SF,3700,1,18.0,8.0,107,106,-7%,7,7,7,25,21,21,17.0,15.5,8.8,22.2,22.5,18.2,4.9,28.9,39.0,10.5
Jeff Green,SF,,2019-12-11,UTA,MIN,1.0,220.5,109.8,3800,19,5.3,16.2,26.8,17.5,4.61,SF/PF,3800,1,19.0,11.0,106,109,5%,7,8,7,20,19,19,16.1,14.4,7.9,21.0,21.0,15.6,4.1,17.1,13.3,3.5
Bobby Portis,PF,,2019-12-11,NY,GS,5.0,211.0,103.0,3600,16,14.5,19.3,28.5,17.5,4.86,PF/C,3600,0,20.0,13.0,103,110,1%,7,8,9,19,21,22,19.3,20.8,10.9,30.7,18.5,17.0,4.7,24.2,21.8,6.1
Wesley Matthews,SG,,2019-12-11,MIL,NO,-9.5,232.0,120.8,3500,5,9.3,16.1,23.3,17.0,4.86,SG/SF,3500,1,13.0,10.0,106,111,8%,6,7,7,24,21,25,16.1,15.4,8.0,22.8,23.5,16.7,4.8,19.7,13.8,3.9
Alex Caruso,PG,,2019-12-11,LAL,ORL,-8.0,212.0,110.0,3900,15,12.3,17.9,32.0,17.0,4.36,PG/SG,3900,2,14.0,10.0,100,103,-2%,8,5,5,27,23,21,18.2,13.9,7.6,20.2,24.0,17.0,4.4,28.2,16.5,4.2
Daniel Theis,PF,,2019-12-11,BOS,IND,-1.0,209.5,105.3,4200,27,5.8,15.8,31.0,17.0,4.05,PF/C,4200,1,14.0,15.0,102,102,-7%,4,5,5,18,21,22,20.1,21.5,13.1,29.8,22.5,20.2,4.8,26.8,19.0,4.5
Justin Holiday,SG,,2019-12-11,IND,BOS,1.0,209.5,104.3,3500,26,13.3,17.6,22.8,17.0,4.86,SG/SF,3500,1,13.0,12.0,102,101,-5%,7,6,6,22,25,25,17.3,18.5,10.8,26.2,23.5,15.8,4.5,32.3,31.5,9.0
Frank Ntilikina,PG,,2019-12-11,NY,GS,5.0,211.0,103.0,3400,29,4.0,11.2,23.0,17.0,5.0,PG/SG,3400,0,14.0,10.0,103,110,8%,5,6,7,18,21,27,11.2,17.8,6.9,28.7,23.5,15.7,4.6,13.4,1.5,0.4
Abdel Nader,SF,,2019-12-11,OKC,SAC,1.5,207.5,103.0,3700,4,5.0,11.7,22.3,16.8,4.53,SF,3700,1,17.0,12.0,100,109,5%,7,5,5,24,22,17,11.7,11.6,3.6,19.5,25.0,16.0,4.3,32.6,24.0,6.5
Gorgui Dieng,C,,2019-12-11,MIN,UTA,-1.0,220.5,110.8,3100,23,2.0,8.7,15.3,16.8,5.4,C,3100,1,17.0,17.0,103,103,3%,3,3,4,11,12,13,8.7,14.6,4.8,24.3,13.0,14.3,4.6,11.4,3.5,1.1
Emmanuel Mudiay,PG,,2019-12-11,UTA,MIN,1.0,220.5,109.8,3700,28,3.3,8.9,24.8,16.8,4.53,PG,3700,1,24.0,11.0,106,109,8%,5,5,6,20,15,16,9.2,14.6,7.5,21.7,17.5,15.7,4.2,22.2,26.8,7.2
Pat Connaughton,SG,,2019-12-11,MIL,NO,-9.5,232.0,120.8,3600,5,13.5,19.4,27.5,16.5,4.58,SG/SF,3600,1,13.0,14.0,106,111,8%,4,4,4,17,18,18,19.4,15.4,7.7,23.2,18.0,16.7,4.6,5.2,0.0,0.0
Elfrid Payton,PG,,2019-12-11,NY,GS,5.0,211.0,103.0,4300,29,7.0,17.2,31.3,16.5,3.84,PG,4300,0,,,103,110,8%,6,5,6,15,19,20,17.1,20.0,8.2,31.7,19.0,18.5,4.3,29.6,26.0,6.0
Mohamed Bamba,C,,2019-12-11,ORL,LAL,8.0,212.0,102.0,3800,16,7.3,15.6,34.8,16.5,4.34,C,3800,1,,,103,101,-16%,5,5,5,15,16,15,15.8,15.5,6.7,24.3,17.0,16.5,4.3,18.8,20.0,5.3
Denzel Valentine,SG,,2019-12-11,CHI,ATL,-6.5,221.0,113.8,3200,30,16.0,17.7,20.0,16.3,5.08,SG/SF,3200,1,,,105,111,17%,8,7,5,19,16,11,17.6,12.2,4.6,19.8,16.0,16.8,5.3,22.1,32.8,10.2
DeAndre' Bembry,PG,,2019-12-11,ATL,CHI,6.5,221.0,107.3,3800,1,4.3,13.8,26.5,16.0,4.21,PG/SG,3800,0,15.0,12.0,104,105,-1%,7,8,6,24,28,26,20.1,20.5,10.1,30.8,14.0,11.2,2.9,8.0,4.3,1.1
D.J. Wilson,PF,,2019-12-11,MIL,NO,-9.5,232.0,120.8,3100,11,2.8,15.8,26.3,15.8,5.08,PF/C,3100,1,,,106,111,1%,4,6,4,12,18,12,15.8,9.6,1.1,18.1,16.0,16.0,5.2,11.6,2.3,0.7
T.J. McConnell,PG,,2019-12-11,IND,BOS,1.0,209.5,104.3,3700,2,5.3,14.9,26.0,15.8,4.26,PG,3700,1,22.0,16.0,102,101,-12%,6,5,6,22,18,17,14.9,17.8,9.7,25.9,17.0,15.8,4.3,19.7,17.8,4.8
Taj Gibson,PF,,2019-12-11,NY,GS,5.0,211.0,103.0,3400,16,9.0,14.9,24.5,15.5,4.56,PF/C,3400,0,15.0,15.0,103,110,1%,2,4,5,16,18,17,14.7,14.4,7.5,21.4,17.0,14.7,4.3,13.8,8.5,2.5
Trevor Ariza,SF,,2019-12-11,SAC,OKC,-1.5,207.5,104.5,4500,17,4.3,21.2,31.8,15.5,3.44,SF/PF,4500,1,12.0,9.0,101,105,0%,9,7,5,26,26,23,21.1,15.2,6.4,24.0,19.5,13.1,2.9,29.5,16.3,3.6
George Hill,PG,,2019-12-11,MIL,NO,-9.5,232.0,120.8,3500,30,11.5,18.1,25.0,15.5,4.43,PG/SG,3500,1,16.0,19.0,106,111,13%,4,5,6,19,17,21,18.1,19.9,12.8,26.9,17.5,16.8,4.8,19.0,28.3,8.1
Rondae Hollis-Jefferson,SF,,2019-12-11,TOR,LAC,2.5,221.5,109.5,3400,11,7.8,14.2,26.5,15.3,4.49,SF/PF,3400,1,18.0,18.0,106,103,-6%,7,6,7,17,17,22,14.6,20.8,11.9,29.8,16.0,15.5,4.6,13.4,16.0,4.7
Michael Kidd-Gilchrist,SF,,2019-12-11,CHA,BKN,10.0,216.5,103.3,3200,2,0.0,7.8,15.8,15.0,4.69,SF/PF,3200,0,,,105,106,-15%,7,6,6,19,14,14,9.8,9.8,5.4,14.1,21.0,14.1,4.4,19.9,25.3,7.9
Ky Bowman,PG,,2019-12-11,GS,NY,-5.0,211.0,108.0,4200,18,14.5,19.8,30.0,15.0,3.57,PG,4200,1,18.0,12.0,100,111,3%,6,8,8,19,25,23,19.8,18.5,6.5,30.5,16.5,13.3,3.2,15.3,3.0,0.7
John Henson,C,,2019-12-11,CLE,HOU,11.5,229.0,108.8,3000,12,11.0,13.5,19.3,14.8,4.92,C,3000,1,,,107,106,7%,7,4,4,11,12,12,13.5,13.5,10.0,17.0,12.5,12.7,4.2,12.9,11.8,3.9
Robin Lopez,C,,2019-12-11,MIL,NO,-9.5,232.0,120.8,3400,26,8.3,16.0,33.0,14.5,4.26,C,3400,1,16.0,9.0,106,111,0%,7,7,4,13,18,15,16.0,11.1,4.6,17.5,16.5,15.3,4.5,16.5,15.3,4.5
Shabazz Napier,PG,,2019-12-11,MIN,UTA,-1.0,220.5,110.8,3100,21,6.0,13.3,26.5,14.5,4.68,PG/SG,3100,1,22.0,14.0,103,103,-1%,7,5,6,16,13,18,13.3,17.7,9.3,26.1,16.0,14.4,4.6,12.7,3.5,1.1
Ed Davis,PF,,2019-12-11,UTA,MIN,1.0,220.5,109.8,3000,23,4.5,9.7,12.0,14.5,4.83,PF/C,3000,1,9.0,8.0,106,109,-2%,1,2,2,13,12,12,9.7,9.5,5.0,14.0,13.5,13.3,4.4,11.6,9.3,3.1
Solomon Hill,SF,,2019-12-11,MEM,PHO,7.0,231.0,112.0,3800,21,17.5,23.3,39.5,14.5,3.82,SF/PF,3800,1,14.0,11.0,105,107,4%,7,9,5,29,29,20,23.3,15.6,8.0,23.3,17.5,11.5,3.0,17.1,7.8,2.1
Aaron Holiday,PG,,2019-12-11,IND,BOS,1.0,209.5,104.3,3700,2,2.5,13.3,24.5,14.5,3.92,PG/SG,3700,1,21.0,12.0,102,101,-12%,10,7,9,21,19,21,13.3,18.0,5.8,30.2,14.5,12.4,3.4,26.7,28.3,7.6
Kevin Knox,SF,,2019-12-11,NY,GS,5.0,211.0,103.0,3100,15,8.3,13.5,21.8,14.3,4.6,SF/PF,3100,0,,,103,110,2%,7,8,7,17,20,20,13.5,15.0,8.4,21.7,16.5,12.4,4.0,16.5,11.3,3.6
Chris Boucher,PF,,2019-12-11,TOR,LAC,2.5,221.5,109.5,3000,20,0.0,7.2,17.8,13.8,4.58,PF/C,3000,1,18.0,20.0,106,103,-6%,3,2,4,9,8,12,7.2,13.9,2.1,25.8,10.0,11.4,3.8,9.0,9.3,3.1
Doug McDermott,SF,,2019-12-11,IND,BOS,1.0,209.5,104.3,3600,1,9.3,20.1,26.5,13.8,3.82,SF/PF,3600,1,18.0,12.0,102,101,-2%,10,8,8,25,21,21,20.1,15.8,7.8,23.9,19.0,13.4,3.7,18.4,14.3,4.0
Theo Pinson,PG,,2019-12-11,BKN,CHA,-10.0,216.5,113.3,3000,14,7.5,11.6,15.3,13.8,4.58,PG/SG,3000,2,24.0,4.0,101,112,-1%,6,7,7,14,15,16,11.6,12.2,8.2,16.2,14.5,13.3,4.4,15.3,20.8,6.9
Iman Shumpert,SG,Q,2019-12-11,BKN,CHA,-10.0,216.5,113.3,3200,23,5.5,11.0,19.8,13.5,4.22,SG/SF,3200,2,13.0,6.0,101,112,-3%,4,5,5,20,19,20,10.9,11.5,6.3,16.8,18.5,13.8,4.3,14.5,7.0,2.2
Tyus Jones,PG,,2019-12-11,MEM,PHO,7.0,231.0,112.0,4400,24,11.3,21.7,31.0,13.3,3.01,PG/SG,4400,1,19.0,11.0,105,107,7%,6,7,7,22,24,20,21.7,16.8,8.4,25.3,16.5,13.7,3.1,14.6,9.5,2.2
Evan Turner,PG,,2019-12-11,ATL,CHI,6.5,221.0,107.3,3400,1,2.5,12.2,18.8,13.3,3.9,PG/SF,3400,0,19.0,10.0,104,105,-1%,5,4,4,20,17,14,12.2,11.7,5.4,18.1,0.0,0.0,0.0,12.7,3.8,1.1
Georges Niang,SF,,2019-12-11,UTA,MIN,1.0,220.5,109.8,3000,19,4.3,9.7,13.3,13.3,4.42,SF/PF,3000,1,15.0,9.0,106,109,5%,6,5,3,18,16,12,9.7,7.5,1.1,14.0,18.0,13.7,4.6,14.5,15.0,5.0
Vince Carter,SF,,2019-12-11,ATL,CHI,6.5,221.0,107.3,3200,3,4.0,15.1,24.3,13.3,4.14,SF/PF,3200,0,17.0,7.0,104,105,-1%,11,7,6,23,18,16,15.1,11.3,3.7,18.8,19.0,15.4,4.8,12.8,9.8,3.1
Allen Crabbe,SG,,2019-12-11,ATL,CHI,6.5,221.0,107.3,3300,25,2.5,12.3,20.0,13.0,3.94,SG/SF,3300,0,14.0,9.0,104,105,-1%,6,6,6,22,22,20,15.7,13.6,9.5,17.7,19.5,13.5,4.1,21.5,9.8,3.0
Marquese Chriss,PF,,2019-12-11,GS,NY,-5.0,211.0,108.0,3400,21,6.5,12.8,16.3,13.0,3.82,PF/C,3400,1,19.0,16.0,100,111,6%,6,5,5,14,17,18,12.8,18.3,10.2,26.5,12.0,11.8,3.5,24.1,36.5,10.7
Semi Ojeleye,SF,,2019-12-11,BOS,IND,-1.0,209.5,105.3,3100,28,7.0,11.5,15.8,13.0,4.19,SF/PF,3100,1,8.0,7.0,102,102,-7%,3,3,2,26,22,15,11.5,7.0,1.2,12.7,23.5,11.4,3.7,24.0,4.3,1.4
Gary Clark,PF,,2019-12-11,HOU,CLE,-11.5,229.0,120.3,3000,14,2.0,14.0,28.5,12.8,4.25,PF/C,3000,1,,,101,112,4%,5,5,4,15,17,12,13.9,9.5,-1.0,20.0,21.0,14.6,4.9,10.6,4.8,1.6
Ty Jerome,PG,,2019-12-11,PHO,MEM,-7.0,231.0,119.0,3200,23,1.3,11.9,19.8,12.8,3.98,PG/SG,3200,1,,,106,109,7%,3,4,4,13,13,13,11.9,11.9,4.3,19.5,14.0,12.3,3.8,10.4,6.0,1.9
Omari Spellman,PF,,2019-12-11,GS,NY,-5.0,211.0,108.0,3400,21,9.3,15.7,27.3,12.5,3.68,PF/C,3400,1,20.0,17.0,100,111,6%,4,6,7,13,17,19,15.7,19.2,11.1,27.3,12.5,12.0,3.5,15.8,13.5,4.0
Kyle Korver,SG,,2019-12-11,MIL,NO,-9.5,232.0,120.8,3000,5,2.0,11.2,16.5,12.5,4.17,SG/SF,3000,1,15.0,8.0,106,111,8%,2,4,5,15,18,16,11.2,10.3,5.0,15.6,15.0,13.2,4.4,16.3,17.8,5.9
Terence Davis,PG,,2019-12-11,TOR,LAC,2.5,221.5,109.5,3200,7,2.3,12.6,24.0,12.5,3.91,PG/SG,3200,1,17.0,15.0,106,103,-6%,4,5,5,15,16,16,12.6,14.5,4.0,25.1,14.0,12.7,4.0,15.0,16.0,5.0
Darius Bazley,SF,,2019-12-11,OKC,SAC,1.5,207.5,103.0,3200,4,2.0,8.6,13.0,12.3,3.83,SF/PF,3200,1,12.0,7.0,100,109,-13%,4,3,4,21,17,17,8.6,11.0,4.5,17.5,16.0,10.4,3.3,11.5,4.0,1.3
De'Anthony Melton,PG,,2019-12-11,MEM,PHO,7.0,231.0,112.0,4400,24,18.3,26.8,35.8,12.0,2.73,PG/SG,4400,1,22.0,16.0,105,107,7%,5,8,5,19,23,14,26.8,15.9,3.0,28.9,14.0,13.3,3.0,18.8,23.0,5.2
Kyle Anderson,SF,Q,2019-12-11,MEM,PHO,7.0,231.0,112.0,3000,21,5.5,15.5,27.5,12.0,4.0,SF/PF,3000,1,15.0,14.0,105,107,4%,3,5,6,15,20,21,15.5,18.6,11.2,26.1,15.0,12.4,4.1,12.5,10.8,3.6
David Nwaba,SG,,2019-12-11,BKN,CHA,-10.0,216.5,113.3,3000,23,8.3,15.0,17.8,11.8,3.92,SG/SF,3000,2,12.0,13.0,101,112,-3%,8,7,3,15,17,12,15.0,9.3,3.3,15.3,16.0,12.9,4.3,18.0,14.3,4.8
Daniel Gafford,C,,2019-12-11,CHI,ATL,-6.5,221.0,113.8,3300,22,0.0,11.6,27.3,11.5,3.48,C,3300,1,13.0,19.0,105,111,6%,5,3,3,11,12,11,11.6,8.9,-0.7,18.4,12.5,10.9,3.3,10.4,8.5,2.6
Treveon Graham,SF,,2019-12-11,MIN,UTA,-1.0,220.5,110.8,3000,22,1.3,7.7,12.3,11.0,3.67,SF/PF,3000,1,14.0,6.0,103,103,-9%,2,3,6,10,13,22,7.7,13.1,6.1,20.1,16.0,9.6,3.2,10.1,2.8,0.9
Yogi Ferrell,PG,,2019-12-11,SAC,OKC,-1.5,207.5,104.5,3800,11,9.3,17.1,23.0,10.8,2.83,PG/SG,3800,1,20.0,15.0,101,105,0%,6,7,5,16,18,14,17.1,11.3,4.7,17.8,13.5,10.3,2.7,15.2,10.8,2.8
Dwayne Bacon,SG,,2019-12-11,CHA,BKN,10.0,216.5,103.3,3400,3,4.8,9.4,15.3,10.8,3.16,SG/SF,3400,0,21.0,5.0,105,106,-15%,5,5,8,14,15,20,9.3,13.5,2.6,24.3,18.0,12.4,3.6,6.9,6.0,1.8
Damyean Dotson,SG,,2019-12-11,NY,GS,5.0,211.0,103.0,3100,24,6.3,15.2,24.0,10.3,3.31,SG/SF,3100,0,18.0,11.0,103,110,10%,10,7,6,19,20,16,15.2,11.3,4.8,17.9,18.0,13.0,4.2,16.9,7.0,2.3
Jerome Robinson,SG,,2019-12-11,LAC,TOR,-2.5,221.5,112.0,3000,17,4.8,11.5,20.3,10.3,3.42,SG,3000,1,17.0,5.0,103,100,1%,4,7,4,15,18,13,11.5,8.6,-0.5,17.6,14.5,9.9,3.3,9.8,4.8,1.6
Jared Dudley,SF,,2019-12-11,LAL,ORL,-8.0,212.0,110.0,3000,18,0.0,4.5,8.5,10.3,3.42,SF/PF,3000,2,,,100,103,-7%,0,0,1,3,6,7,4.5,3.9,-0.8,8.7,14.0,8.7,2.9,21.3,13.0,4.3
Luguentz Dort,PG,,2019-12-11,OKC,SAC,1.5,207.5,103.0,3000,26,3.3,6.5,10.5,9.5,3.17,PG,3000,1,,,100,109,-4%,5,4,4,24,19,19,6.5,6.5,2.8,10.2,18.0,11.7,3.9,12.8,5.5,1.8
Dzanan Musa,SF,,2019-12-11,BKN,CHA,-10.0,216.5,113.3,3000,27,4.5,8.8,12.0,9.5,3.17,SF/PF,3000,2,19.0,6.0,101,112,-3%,4,4,5,12,13,16,8.8,11.4,4.8,18.0,12.0,10.7,3.6,16.0,8.5,2.8
Avery Bradley,PG,,2019-12-11,LAL,ORL,-8.0,212.0,110.0,3500,15,9.3,18.9,24.0,9.0,2.57,PG/SG,3500,2,15.0,10.0,100,103,-2%,7,8,8,26,27,27,18.9,18.4,12.6,24.1,15.0,9.3,2.7,16.6,4.5,1.3
Kevon Looney,PF,,2019-12-11,GS,NY,-5.0,211.0,108.0,3100,21,3.3,9.0,15.8,8.8,2.82,PF/C,3100,1,,,100,111,0%,2,4,4,9,11,11,9.0,9.0,4.0,14.0,10.5,9.1,2.9,5.3,6.3,2.0
Derrick Walton Jr.,PG,,2019-12-11,LAC,TOR,-2.5,221.5,112.0,3000,22,1.5,6.2,10.3,8.5,2.83,PG,3000,1,,,103,100,-3%,3,2,1,16,10,7,6.2,3.9,0.0,7.9,12.0,8.8,2.9,4.3,0.0,0.0
Nickeil Alexander-Walker,PG,,2019-12-11,NO,MIL,9.5,232.0,111.3,3000,4,3.5,9.7,16.0,8.3,2.75,PG/SG,3000,1,25.0,8.0,107,99,4%,6,6,7,14,11,14,9.7,13.0,1.3,24.7,0.0,0.0,0.0,10.1,8.3,2.8
Damion Lee,SG,,2019-12-11,GS,NY,-5.0,211.0,108.0,3300,13,7.5,19.5,30.5,8.0,2.42,SG/SF,3300,1,21.0,13.0,100,111,-5%,9,10,9,22,26,24,19.4,20.5,9.6,31.4,0.0,0.0,0.0,15.2,7.3,2.2
Carsen Edwards,PG,,2019-12-11,BOS,IND,-1.0,209.5,105.3,3000,13,1.3,6.5,15.0,7.5,2.5,PG,3000,1,19.0,7.0,102,102,-4%,2,3,4,9,11,11,6.5,8.4,0.8,16.0,0.0,0.0,0.0,8.1,4.8,1.6
Jordan Bell,PF,,2019-12-11,MIN,UTA,-1.0,220.5,110.8,3300,25,1.3,8.7,21.3,7.3,2.2,PF/C,3300,1,,,103,103,0%,3,3,3,13,11,10,8.9,9.3,1.6,17.1,14.0,12.3,3.7,13.6,11.8,3.6
Matthew Dellavedova,PG,,2019-12-11,CLE,HOU,11.5,229.0,108.8,3000,25,2.0,7.1,14.0,6.8,2.25,PG/SG,3000,1,15.0,6.0,107,106,-7%,4,3,3,13,10,13,7.0,8.2,3.8,12.5,10.5,7.7,2.6,16.4,8.8,2.9
Patrick Patterson,PF,,2019-12-11,LAC,TOR,-2.5,221.5,112.0,3100,17,3.5,12.4,36.5,6.5,2.1,PF/C,3100,1,14.0,12.0,103,100,9%,4,5,4,11,13,14,12.4,10.6,1.9,19.4,12.0,8.5,2.7,24.1,23.3,7.5
Javonte Green,SG,,2019-12-11,BOS,IND,-1.0,209.5,105.3,3000,2,1.5,5.0,9.3,6.3,2.08,SG,3000,1,,,102,102,-7%,2,1,2,10,8,7,5.0,5.2,0.2,10.2,0.0,0.0,0.0,4.6,4.5,1.5
Thabo Sefolosha,SF,,2019-12-11,HOU,CLE,-11.5,229.0,120.3,3000,29,0.8,6.1,16.8,6.0,2.0,SF/PF,3000,1,11.0,9.0,101,112,8%,2,2,2,8,10,11,6.1,7.7,3.0,12.3,0.0,0.0,0.0,11.1,1.3,0.4
Chris Clemons,PG,,2019-12-11,HOU,CLE,-11.5,229.0,120.3,3000,17,0.0,5.3,17.5,5.8,1.92,PG,3000,1,,,101,112,9%,1,4,4,4,7,8,3.8,6.5,-2.3,15.4,0.0,0.0,0.0,8.9,5.5,1.8
Marko Guduric,SG,,2019-12-11,MEM,PHO,7.0,231.0,112.0,3100,19,2.0,10.0,19.3,5.0,1.61,SG/SF,3100,1,18.0,8.0,105,107,7%,4,4,5,14,13,15,10.0,10.9,3.8,18.0,0.0,0.0,0.0,5.7,4.8,1.5
Malcolm Miller,SG,,2019-12-11,TOR,LAC,2.5,221.5,109.5,3000,27,0.0,5.1,16.0,5.0,1.67,SG/SF,3000,1,,,106,103,-6%,1,2,1,5,6,6,5.1,4.3,-0.6,9.1,0.0,0.0,0.0,3.0,0.0,0.0
Goga Bitadze,PF,,2019-12-11,IND,BOS,1.0,209.5,104.3,3000,24,-0.5,1.3,2.5,4.8,1.58,PF/C,3000,1,15.0,13.0,102,101,-6%,1,1,3,6,5,12,1.3,10.7,0.4,21.0,0.0,0.0,0.0,2.0,0.0,0.0
Troy Daniels,SG,,2019-12-11,LAL,ORL,-8.0,212.0,110.0,3000,18,1.3,8.2,14.8,4.8,1.58,SG,3000,2,15.0,8.0,100,103,-2%,4,4,5,10,12,14,8.2,8.5,2.6,14.3,0.0,0.0,0.0,6.8,5.8,1.9
Ryan Arcidiacono,PG,,2019-12-11,CHI,ATL,-6.5,221.0,113.8,3000,19,0.0,5.3,11.5,4.8,1.58,PG/SG,3000,1,13.0,8.0,105,111,-2%,2,3,4,5,11,16,5.3,10.1,4.0,16.3,0.0,0.0,0.0,16.7,2.5,0.8
Grant Williams,SF,,2019-12-11,BOS,IND,-1.0,209.5,105.3,3000,28,1.3,5.8,8.3,4.5,1.5,SF/PF,3000,1,12.0,3.0,102,102,-7%,3,3,3,8,13,14,5.8,7.7,2.0,13.3,0.0,0.0,0.0,7.7,4.5,1.5
Bruno Fernando,C,,2019-12-11,ATL,CHI,6.5,221.0,107.3,3000,21,0.0,5.1,10.8,3.8,1.25,C,3000,0,16.0,13.0,104,105,9%,2,2,3,7,8,12,5.0,10.0,3.2,16.8,0.0,0.0,0.0,13.3,14.5,4.8
Cody Martin,SG,,2019-12-11,CHA,BKN,10.0,216.5,103.3,3000,3,0.8,3.5,6.8,3.5,1.17,SG/SF,3000,0,14.0,11.0,105,106,0%,2,2,3,4,6,11,3.8,8.6,0.1,17.2,0.0,0.0,0.0,23.7,18.5,6.2
Sterling Brown,SG,,2019-12-11,MIL,NO,-9.5,232.0,120.8,3200,5,9.8,14.4,23.0,3.0,0.94,SG/SF,3200,1,16.0,12.0,106,111,8%,2,5,5,11,18,17,14.4,15.2,6.6,23.9,0.0,0.0,0.0,20.0,20.8,6.5
Terance Mann,SG,,2019-12-11,LAC,TOR,-2.5,221.5,112.0,3000,17,2.5,7.0,13.8,2.0,0.67,SG/SF,3000,1,15.0,9.0,103,100,-3%,2,2,2,10,10,9,7.0,6.2,-2.0,14.5,0.0,0.0,0.0,3.0,1.5,0.5
Josh Jackson,SF,O,2019-12-11,MEM,PHO,7.0,231.0,112.0,3000,21,22.5,40.3,60.3,0.0,0.0,SF/PF,3000,1,,,105,107,4%,0,0,0,0,0,0,0.0,0.0,0.0,0.0,0.0,0.0,0.0,0.0,0.0,0.0
Darius Miller,SF,O,2019-12-11,NO,MIL,9.5,232.0,111.3,3000,7,8.8,14.7,20.0,0.0,0.0,SF/PF,3000,1,,,107,99,-12%,0,0,0,0,0,0,0.0,0.0,0.0,0.0,0.0,0.0,0.0,0.0,0.0,0.0
Amir Coffey,PG,O,2019-12-11,LAC,TOR,-2.5,221.5,112.0,3000,22,,,,0.0,0.0,PG/SF,3000,1,,,103,100,9%,0,0,0,0,0,0,0.0,0.0,0.0,0.0,0.0,0.0,0.0,0.0,0.0,0.0
John Collins,PF,O,2019-12-11,ATL,CHI,6.5,221.0,107.3,7400,26,30.3,36.9,50.8,0.0,0.0,PF/C,7400,0,19.0,20.0,104,105,9%,14,12,12,34,32,32,36.9,36.9,28.2,45.6,0.0,0.0,0.0,0.0,0.0,0.0
Kyrie Irving,PG,O,2019-12-11,BKN,CHA,-10.0,216.5,113.3,10200,14,27.5,44.5,62.0,0.0,0.0,PG,10200,2,35.0,26.0,101,112,-1%,25,24,24,36,36,35,49.5,52.3,40.6,64.0,0.0,0.0,0.0,0.0,0.0,0.0
Al-Farouq Aminu,SF,O,2019-12-11,ORL,LAL,8.0,212.0,102.0,3000,13,8.8,12.4,20.5,0.0,0.0,SF/PF,3000,1,13.0,8.0,103,101,-11%,5,5,5,19,20,22,12.3,15.8,6.9,24.7,0.0,0.0,0.0,0.0,0.0,0.0
Reggie Bullock,SG,O,2019-12-11,NY,GS,5.0,211.0,103.0,3000,24,15.0,19.8,30.3,0.0,0.0,SG/SF,3000,0,,,103,110,2%,0,0,0,0,0,0,0.0,0.0,0.0,0.0,0.0,0.0,0.0,0.0,0.0,0.0
Robert Williams,PF,O,2019-12-11,BOS,IND,-1.0,209.5,105.3,3000,27,,,,0.0,0.0,PF/C,3000,1,12.0,19.0,102,102,-7%,2,2,3,16,12,14,11.1,15.0,7.3,22.6,0.0,0.0,0.0,0.0,0.0,0.0
Klay Thompson,SG,O,2019-12-11,GS,NY,-5.0,211.0,108.0,3000,13,29.3,39.0,44.5,0.0,0.0,SG/SF,3000,1,,,100,111,-5%,0,0,0,0,0,0,0.0,0.0,0.0,0.0,0.0,0.0,0.0,0.0,0.0,0.0
Nikola Vucevic,C,O,2019-12-11,ORL,LAL,8.0,212.0,102.0,8400,16,19.3,43.7,63.8,0.0,0.0,C,8400,1,25.0,22.0,103,101,-16%,15,16,16,35,34,32,51.8,42.5,30.9,54.2,0.0,0.0,0.0,0.0,0.0,0.0
Victor Oladipo,PG,O,2019-12-11,IND,BOS,1.0,209.5,104.3,7000,2,8.8,28.1,41.0,0.0,0.0,PG/SG,7000,1,,,102,101,-5%,0,0,0,0,0,0,0.0,0.0,0.0,0.0,0.0,0.0,0.0,0.0,0.0,0.0
De'Aaron Fox,PG,O,2019-12-11,SAC,OKC,-1.5,207.5,104.5,7900,11,37.0,40.4,45.3,0.0,0.0,PG,7900,1,31.0,16.0,101,105,0%,13,15,15,32,34,34,39.8,36.9,27.3,46.5,0.0,0.0,0.0,0.0,0.0,0.0
Hamidou Diallo,SG,O,2019-12-11,OKC,SAC,1.5,207.5,103.0,3600,14,8.8,15.8,20.5,0.0,0.0,SG/SF,3600,1,19.0,14.0,100,109,4%,6,7,8,18,23,21,15.8,18.1,11.9,24.2,0.0,0.0,0.0,0.0,0.0,0.0
Patrick McCaw,PG,O,2019-12-11,TOR,LAC,2.5,221.5,109.5,3000,7,0.0,5.3,12.8,0.0,0.0,PG/SF,3000,1,,,106,103,-3%,3,3,3,20,20,20,12.5,12.5,12.1,12.9,10.5,6.1,2.0,9.8,-0.5,-0.2
Terrance Ferguson,SG,O,2019-12-11,OKC,SAC,1.5,207.5,103.0,3000,14,2.5,10.2,14.8,0.0,0.0,SG/SF,3000,1,10.0,6.0,100,109,4%,6,6,5,31,28,27,10.2,12.2,5.8,18.6,0.0,0.0,0.0,0.0,0.0,0.0
Eric Gordon,SG,O,2019-12-11,HOU,CLE,-11.5,229.0,120.3,3900,22,7.8,15.7,26.3,0.0,0.0,SG/SF,3900,1,19.0,3.0,101,112,6%,10,11,12,25,27,29,15.7,16.5,9.6,23.4,0.0,0.0,0.0,0.0,0.0,0.0
Chandler Hutchison,SF,O,2019-12-11,CHI,ATL,-6.5,221.0,113.8,3100,12,0.0,13.3,21.3,0.0,0.0,SF/PF,3100,1,19.0,11.0,105,111,17%,5,5,6,15,19,19,15.6,16.0,10.3,21.6,0.0,0.0,0.0,0.0,0.0,0.0
Deandre Ayton,C,O,2019-12-11,PHO,MEM,-7.0,231.0,119.0,7000,17,22.3,34.2,43.3,0.0,0.0,C,7000,1,,,106,109,3%,0,0,0,0,0,0,0.0,0.0,0.0,0.0,0.0,0.0,0.0,0.0,0.0,0.0
Austin Rivers,PG,O,2019-12-11,HOU,CLE,-11.5,229.0,120.3,4100,17,8.5,21.8,30.5,0.0,0.0,PG/SG,4100,1,14.0,10.0,101,112,9%,9,8,7,26,29,25,21.8,15.9,8.2,23.5,0.0,0.0,0.0,0.0,0.0,0.0
Kyle Kuzma,SF,O,2019-12-11,LAL,ORL,-8.0,212.0,110.0,4000,18,6.3,16.6,28.8,0.0,0.0,SF/PF,4000,2,21.0,10.0,100,103,0%,10,9,10,25,25,24,16.6,18.6,10.5,26.6,0.0,0.0,0.0,0.0,0.0,0.0
Nicolas Claxton,PF,O,2019-12-11,BKN,CHA,-10.0,216.5,113.3,3000,22,3.0,8.4,14.5,0.0,0.0,PF/C,3000,2,,,101,112,16%,1,2,3,15,16,14,8.9,9.6,4.9,14.4,0.0,0.0,0.0,0.0,0.0,0.0
Stephen Curry,PG,O,2019-12-11,GS,NY,-5.0,211.0,108.0,8500,18,28.8,39.8,55.3,0.0,0.0,PG,8500,1,,,100,111,3%,14,17,17,26,28,28,39.4,39.4,27.7,51.0,0.0,0.0,0.0,0.0,0.0,0.0
Stanley Johnson,SF,O,2019-12-11,TOR,LAC,2.5,221.5,109.5,3000,11,0.0,3.3,5.8,0.0,0.0,SF/PF,3000,1,,,106,103,-6%,2,2,2,4,4,4,3.3,3.3,0.3,6.2,0.0,0.0,0.0,0.0,0.0,0.0
Otto Porter Jr.,SF,O,2019-12-11,CHI,ATL,-6.5,221.0,113.8,5300,12,15.8,26.3,38.0,0.0,0.0,SF/PF,5300,1,18.0,14.0,105,111,17%,11,11,10,27,29,27,22.8,20.1,11.0,29.2,0.0,0.0,0.0,0.0,0.0,0.0
Wayne Ellington,SG,O,2019-12-11,NY,GS,5.0,211.0,103.0,3000,24,0.0,6.6,13.3,0.0,0.0,SG/SF,3000,0,16.0,5.0,103,110,10%,3,3,5,10,12,14,6.6,8.7,1.8,15.5,0.0,0.0,0.0,0.0,0.0,0.0
Kevin Durant,SF,O,2019-12-11,BKN,CHA,-10.0,216.5,113.3,3000,27,16.5,42.8,61.8,0.0,0.0,SF/PF,3000,2,,,101,112,4%,0,0,0,0,0,0,0.0,0.0,0.0,0.0,0.0,0.0,0.0,0.0,0.0,0.0
Mike Conley,PG,O,2019-12-11,UTA,MIN,1.0,220.5,109.8,5500,28,19.5,23.4,30.3,0.0,0.0,PG,5500,1,24.0,12.0,106,109,8%,11,11,13,24,27,30,23.4,27.9,18.9,36.9,0.0,0.0,0.0,0.0,0.0,0.0
Grayson Allen,PG,O,2019-12-11,MEM,PHO,7.0,231.0,112.0,3800,24,12.5,19.8,24.8,0.0,0.0,PG/SG,3800,1,19.0,10.0,105,107,-4%,9,8,7,19,24,19,19.8,14.9,8.9,21.0,0.0,0.0,0.0,0.0,0.0,0.0
Wilson Chandler,SF,O,2019-12-11,BKN,CHA,-10.0,216.5,113.3,3000,27,3.3,6.4,9.0,0.0,0.0,SF/PF,3000,2,,,101,112,4%,0,0,0,0,0,0,0.0,0.0,0.0,0.0,0.0,0.0,0.0,0.0,0.0,0.0
Gerald Green,SG,O,2019-12-11,HOU,CLE,-11.5,229.0,120.3,3000,22,0.0,5.5,13.0,0.0,0.0,SG/SF,3000,1,,,101,112,6%,0,0,0,0,0,0,0.0,0.0,0.0,0.0,0.0,0.0,0.0,0.0,0.0,0.0
Cristiano Felicio,C,O,2019-12-11,CHI,ATL,-6.5,221.0,113.8,3000,22,11.5,13.3,16.3,0.0,0.0,C,3000,1,,,105,111,3%,0,0,0,0,0,0,0.0,0.0,0.0,0.0,0.0,0.0,0.0,0.0,0.0,0.0
Zion Williamson,PF,O,2019-12-11,NO,MIL,9.5,232.0,111.3,7000,12,,,,0.0,0.0,PF/C,7000,1,,,107,99,-3%,0,0,0,0,0,0,0.0,0.0,0.0,0.0,0.0,0.0,0.0,0.0,0.0,0.0
Marvin Williams,SF,O,2019-12-11,CHA,BKN,10.0,216.5,103.3,3600,2,5.3,20.6,38.3,0.0,0.0,SF/PF,3600,0,14.0,14.0,105,106,0%,3,5,5,22,23,20,20.6,15.1,5.4,24.7,0.0,0.0,0.0,0.0,0.0,0.0
Jake Layman,SF,O,2019-12-11,MIN,UTA,-1.0,220.5,110.8,3600,22,9.0,21.2,35.3,0.0,0.0,SF/PF,3600,1,17.0,10.0,103,103,-9%,11,10,10,32,31,27,23.1,19.1,12.1,26.1,0.0,0.0,0.0,0.0,0.0,0.0
Andre Iguodala,SG,O,2019-12-11,MEM,PHO,7.0,231.0,112.0,3000,19,20.3,25.9,31.0,0.0,0.0,SG/SF,3000,1,,,105,107,4%,0,0,0,0,0,0,0.0,0.0,0.0,0.0,0.0,0.0,0.0,0.0,0.0,0.0
Caris LeVert,PG,O,2019-12-11,BKN,CHA,-10.0,216.5,113.3,5800,14,17.0,28.4,39.8,0.0,0.0,PG/SF,5800,2,27.0,11.0,101,112,-3%,12,15,16,28,30,32,28.4,29.6,21.0,38.1,0.0,0.0,0.0,0.0,0.0,0.0
Nene Hilario,C,O,2019-12-11,HOU,CLE,-11.5,229.0,120.3,3000,13,1.3,5.4,9.0,0.0,0.0,C,3000,1,,,101,112,2%,0,0,0,0,0,0,0.0,0.0,0.0,0.0,0.0,0.0,0.0,0.0,0.0,0.0
Giannis Antetokounmpo,SF,O,2019-12-11,MIL,NO,-9.5,232.0,120.8,11000,24,45.3,53.2,68.3,0.0,0.0,SF/PF,11000,1,38.0,34.0,106,111,1%,21,21,20,31,29,32,56.1,62.2,50.7,73.6,0.0,0.0,0.0,0.0,0.0,0.0
Tyson Chandler,C,O,2019-12-11,HOU,CLE,-11.5,229.0,120.3,3000,13,0.0,3.2,5.3,0.0,0.0,C,3000,1,7.0,13.0,101,112,2%,1,0,1,9,7,9,3.1,6.8,0.5,13.1,0.0,0.0,0.0,0.0,0.0,0.0
Matt Thomas,SG,O,2019-12-11,TOR,LAC,2.5,221.5,109.5,3000,27,0.0,7.4,14.8,0.0,0.0,SG,3000,1,,,106,103,4%,2,4,3,6,11,11,7.4,7.7,2.9,12.4,0.0,0.0,0.0,0.0,0.0,0.0
Dragan Bender,PF,O,2019-12-11,MIL,NO,-9.5,232.0,120.8,3000,11,3.0,19.4,39.8,0.0,0.0,PF/C,3000,1,,,106,111,1%,4,3,3,14,10,10,8.8,8.8,2.4,15.3,0.0,0.0,0.0,0.0,0.0,0.0
DeMarcus Cousins,PF,O,2019-12-11,LAL,ORL,-8.0,212.0,110.0,3000,7,11.3,22.5,37.0,0.0,0.0,PF,3000,2,,,100,103,-6%,0,0,0,0,0,0,0.0,0.0,0.0,0.0,0.0,0.0,0.0,0.0,0.0,0.0
Dylan Windler,SG,O,2019-12-11,CLE,HOU,11.5,229.0,108.8,3000,6,,,,0.0,0.0,SG/SF,3000,1,,,107,106,-7%,0,0,0,0,0,0,0.0,0.0,0.0,0.0,0.0,0.0,0.0,0.0,0.0,0.0
Rodney McGruder,SG,O,2019-12-11,LAC,TOR,-2.5,221.5,112.0,3000,17,4.0,13.4,21.8,0.0,0.0,SG/SF,3000,1,11.0,6.0,103,100,1%,6,5,4,23,19,17,13.4,9.3,0.9,17.7,0.0,0.0,0.0,0.0,0.0,0.0
Landry Shamet,SG,O,2019-12-11,LAC,TOR,-2.5,221.5,112.0,3000,17,10.8,13.4,18.8,0.0,0.0,SG/SF,3000,1,13.0,6.0,103,100,1%,7,8,8,30,29,31,13.2,15.4,10.3,20.6,0.0,0.0,0.0,0.0,0.0,0.0
Derrick Favors,PF,O,2019-12-11,NO,MIL,9.5,232.0,111.3,4800,12,10.0,31.0,52.5,0.0,0.0,PF/C,4800,1,17.0,20.0,107,99,-3%,7,7,6,22,24,21,30.7,24.3,8.8,39.7,0.0,0.0,0.0,0.0,0.0,0.0
Andre Roberson,SG,O,2019-12-11,OKC,SAC,1.5,207.5,103.0,3000,14,12.5,17.6,22.0,0.0,0.0,SG/SF,3000,1,,,100,109,4%,0,0,0,0,0,0,0.0,0.0,0.0,0.0,0.0,0.0,0.0,0.0,0.0,0.0
