Player Name,position,injury_status,game_date,team,opp,spread,over_under,implied_team_score,salary,L5_dvp_rank,L5_ppg_floor,L5_ppg_avg,L5_ppg_max,ppg_projection,value_projection,Pos,Salary,Rest,USG,PER,Opp Pace,Opp DEff,Opp DvP,L2 FGA,L5 FGA,S FGA,L2 Min,L5 Min,S Min,L5 FP,S FP,Floor FP,Ceil FP,Proj Min,Proj FP,Proj Val,Actual Min,Actual FP,Actual Val
Giannis Antetokounmpo,SF,,2019-11-20,MIL,ATL,-11.0,232.5,121.8,11200,24,55.0,61.0,71.5,64.0,5.71,SF/PF,11200,1,36.0,33.0,105,109,-5%,20,21,19,31,34,33,61.0,63.1,52.1,74.1,33.5,66.2,5.9,30.1,56.8,5.1
Luka Doncic,PG,,2019-11-20,DAL,GS,-13.5,216.5,115.0,10400,22,56.0,64.5,76.8,60.8,5.84,PG/SG,10400,1,37.0,31.0,105,113,3%,21,22,20,35,35,36,67.8,61.4,46.2,76.5,34.5,60.5,5.8,25.5,75.0,7.2
James Harden,PG,,2019-11-20,HOU,DEN,1.5,222.0,110.3,11800,8,56.0,65.5,71.5,57.3,4.85,PG/SG,11800,1,42.0,32.0,101,101,0%,30,27,26,36,39,38,65.3,63.9,52.3,75.5,37.0,58.4,4.9,37.1,50.3,4.3
Karl-Anthony Towns,C,,2019-11-20,MIN,UTA,3.0,222.0,109.5,9600,19,49.5,55.3,63.3,51.5,5.36,C,9600,1,29.0,30.0,103,98,2%,19,18,19,33,32,34,55.5,58.4,47.4,69.3,33.5,53.5,5.6,32.8,34.5,3.6
Andre Drummond,C,,2019-11-20,DET,CHI,1.0,223.0,111.0,8700,29,32.8,43.3,54.0,51.5,5.92,C,8700,4,26.0,24.0,106,105,17%,13,13,15,33,33,36,43.3,53.5,39.6,67.4,35.0,50.8,5.8,33.5,38.0,4.4
Joel Embiid,C,,2019-11-20,PHI,NY,-12.0,210.5,111.3,10000,3,25.0,44.4,61.0,50.5,5.05,C,10000,2,33.0,27.0,101,109,-11%,19,17,16,30,30,29,44.4,46.8,33.1,60.4,31.0,50.7,5.1,33.6,50.0,5.0
Trae Young,PG,,2019-11-20,ATL,MIL,11.0,232.5,110.8,9400,28,36.8,52.4,68.0,50.5,5.37,PG,9400,2,36.0,24.0,109,99,2%,19,21,21,34,38,36,52.4,51.3,35.1,67.4,35.5,52.7,5.6,33.0,45.5,4.8
Nikola Jokic,C,,2019-11-20,DEN,HOU,-1.5,222.0,111.8,8400,6,26.8,41.6,57.5,50.0,5.95,C,8400,2,27.0,20.0,109,105,3%,11,17,14,27,32,30,41.5,40.4,28.3,52.6,31.0,45.7,5.4,32.4,47.0,5.6
Bradley Beal,SG,,2019-11-20,WAS,SA,2.5,237.5,117.5,9500,25,39.3,53.9,68.3,49.3,5.18,SG,9500,2,34.0,24.0,104,110,-1%,24,25,23,38,39,37,53.9,50.9,37.2,64.6,37.5,51.6,5.4,38.1,43.5,4.6
Pascal Siakam,PF,,2019-11-20,TOR,ORL,-3.0,207.0,105.0,8800,28,31.8,44.0,52.3,45.0,5.11,PF/C,8800,1,29.0,20.0,100,101,-1%,19,22,21,38,41,37,44.0,45.7,33.7,57.6,39.0,47.6,5.4,34.6,42.3,4.8
Nikola Vucevic,C,,2019-11-20,ORL,TOR,3.0,207.0,102.0,9100,7,39.3,51.8,63.8,44.8,4.92,C,9100,2,25.0,23.0,105,100,-4%,15,16,16,35,34,34,51.8,45.3,35.1,55.5,33.0,44.2,4.9,10.8,19.3,2.1
Russell Westbrook,PG,,2019-11-20,HOU,DEN,1.5,222.0,110.3,8600,8,22.5,41.3,67.3,44.5,5.17,PG,8600,1,33.0,19.0,101,101,0%,24,22,20,35,33,34,41.9,49.1,34.9,63.4,34.5,45.4,5.3,34.9,35.5,4.1
Donovan Mitchell,PG,,2019-11-20,UTA,MIN,-3.0,222.0,112.5,7700,17,30.8,40.5,53.3,43.8,5.68,PG/SG,7700,1,31.0,22.0,108,106,6%,22,22,21,35,36,36,40.5,42.3,34.1,50.6,35.0,42.3,5.5,37.6,41.3,5.4
Kawhi Leonard,SF,Q,2019-11-20,LAC,BOS,-7.5,217.5,112.5,9300,8,42.3,53.1,63.0,43.8,4.7,SF/PF,9300,1,38.0,26.0,103,101,-2%,18,23,22,38,35,34,53.1,54.2,47.2,61.1,33.5,46.8,5.0,37.6,38.0,4.1
Jimmy Butler,SG,,2019-11-20,MIA,CLE,-10.5,214.0,112.3,7700,20,33.5,43.5,50.5,42.8,5.55,SG/SF,7700,3,24.0,24.0,102,107,0%,11,13,13,38,38,35,43.5,42.8,35.1,50.5,35.5,43.0,5.6,32.4,46.3,6.0
Bam Adebayo,C,,2019-11-20,MIA,CLE,-10.5,214.0,112.3,8300,26,34.8,43.6,50.8,42.3,5.09,C,8300,3,19.0,21.0,102,107,4%,13,10,9,37,35,32,43.7,39.6,31.2,48.1,34.0,41.1,5.0,29.9,32.8,4.0
DeMar DeRozan,SG,,2019-11-20,SA,WAS,-2.5,237.5,120.0,8100,18,30.3,38.6,53.5,42.0,5.19,SG/SF,8100,1,27.0,19.0,107,112,11%,18,17,16,35,35,34,38.5,36.5,28.9,44.2,34.5,39.6,4.9,39.9,45.0,5.6
Ben Simmons,PG,,2019-11-20,PHI,NY,-12.0,210.5,111.3,8000,30,8.3,31.9,42.8,41.0,5.13,PG/SF,8000,2,22.0,18.0,101,109,0%,8,9,11,36,36,35,36.9,39.2,33.4,45.0,34.5,40.8,5.1,41.8,51.8,6.5
Blake Griffin,PF,,2019-11-20,DET,CHI,1.0,223.0,111.0,7100,8,13.5,33.8,48.8,40.8,5.74,PF,7100,4,,,106,105,16%,16,16,16,27,27,27,34.8,34.8,34.0,35.5,31.5,40.3,5.7,29.8,28.0,3.9
Kevin Love,PF,,2019-11-20,CLE,MIA,10.5,214.0,101.8,7400,11,20.5,32.9,46.0,40.5,5.47,PF/C,7400,1,23.0,21.0,105,98,11%,16,13,13,35,33,33,36.5,42.8,33.9,51.7,32.5,40.3,5.4,33.3,46.3,6.3
Clint Capela,C,,2019-11-20,HOU,DEN,1.5,222.0,110.3,7900,25,42.0,50.7,58.0,40.3,5.09,C,7900,1,16.0,23.0,101,101,2%,12,11,10,34,36,31,50.7,38.6,24.9,52.4,35.0,43.7,5.5,34.8,39.8,5.0
Rudy Gobert,C,,2019-11-20,UTA,MIN,-3.0,222.0,112.5,8100,9,29.8,45.0,55.8,40.3,4.97,C,8100,1,15.0,19.0,108,106,-5%,10,9,8,36,36,36,45.0,38.9,28.1,49.7,35.5,40.2,5.0,35.3,42.3,5.2
Kemba Walker,PG,,2019-11-20,BOS,LAC,7.5,217.5,105.0,8200,24,28.0,38.1,47.3,39.8,4.85,PG,8200,1,29.0,23.0,105,102,7%,16,17,18,31,33,33,38.1,40.2,29.1,51.3,33.5,38.8,4.7,38.7,27.8,3.4
Fred VanVleet,PG,,2019-11-20,TOR,ORL,-3.0,207.0,105.0,7400,4,33.5,44.0,52.8,39.3,5.3,PG/SG,7400,1,22.0,16.0,100,101,-4%,15,17,14,35,39,38,43.6,38.0,27.7,48.3,38.5,40.0,5.4,34.8,38.8,5.2
Kristaps Porzingis,PF,,2019-11-20,DAL,GS,-13.5,216.5,115.0,7300,2,13.8,37.7,50.8,38.3,5.24,PF/C,7300,1,27.0,16.0,105,113,7%,17,17,17,34,34,33,39.1,39.8,29.5,50.1,32.0,39.3,5.4,24.1,36.0,4.9
Spencer Dinwiddie,PG,,2019-11-20,BKN,CHA,-4.5,219.5,112.0,7200,1,26.8,34.7,50.8,37.8,5.24,PG/SG,7200,1,30.0,18.0,102,110,-2%,16,16,14,32,30,27,34.6,30.6,18.8,42.4,34.0,40.7,5.7,36.8,41.0,5.7
Paul George,SF,,2019-11-20,LAC,BOS,-7.5,217.5,112.5,7800,8,30.8,48.7,58.5,37.3,4.78,SF/PF,7800,1,,,103,101,-2%,16,16,16,25,25,25,44.7,44.7,32.4,57.0,30.5,40.3,5.2,37.5,44.8,5.7
Julius Randle,PF,,2019-11-20,NY,PHI,12.0,210.5,99.3,7000,7,29.3,37.6,51.8,37.3,5.32,PF/C,7000,1,27.0,15.0,104,103,-14%,15,15,14,29,32,33,37.6,35.3,25.7,45.0,34.0,33.6,4.8,35.5,36.0,5.1
LaMarcus Aldridge,PF,,2019-11-20,SA,WAS,-2.5,237.5,120.0,7700,24,31.8,37.2,54.8,37.0,4.81,PF/C,7700,1,23.0,20.0,107,112,-1%,17,16,14,35,33,33,37.2,34.4,21.0,47.8,33.5,38.6,5.0,32.3,39.0,5.1
Jayson Tatum,SF,,2019-11-20,BOS,LAC,7.5,217.5,105.0,7600,3,22.5,34.1,47.3,36.0,4.74,SF/PF,7600,1,27.0,17.0,105,102,-9%,18,17,18,34,34,34,32.6,36.7,29.2,44.3,34.0,35.5,4.7,40.6,51.0,6.7
Jamal Murray,PG,,2019-11-20,DEN,HOU,-1.5,222.0,111.8,7500,6,17.8,40.1,67.5,35.8,4.77,PG/SG,7500,2,27.0,19.0,109,105,-11%,18,18,16,30,33,33,40.0,35.4,21.7,49.2,33.0,34.4,4.6,33.4,35.3,4.7
Zach LaVine,PG,,2019-11-20,CHI,DET,-1.0,223.0,112.0,6800,13,24.3,35.2,46.8,35.3,5.18,PG/SG,6800,1,30.0,16.0,102,110,5%,22,18,18,33,32,32,36.3,36.2,24.8,47.6,32.0,36.1,5.3,27.8,14.3,2.1
Andrew Wiggins,SG,Q,2019-11-20,MIN,UTA,3.0,222.0,109.5,7600,15,41.5,52.6,63.8,35.0,4.61,SG/SF,7600,1,29.0,22.0,103,98,-15%,22,24,21,34,37,35,52.5,41.8,29.8,53.8,34.0,36.9,4.9,34.1,34.3,4.5
Mike Conley,PG,,2019-11-20,UTA,MIN,-3.0,222.0,112.5,6600,17,27.0,30.8,36.3,34.8,5.27,PG,6600,1,25.0,11.0,108,106,9%,17,15,14,35,32,32,30.8,27.9,18.1,37.8,33.5,33.1,5.0,30.9,38.5,5.8
Terry Rozier,PG,,2019-11-20,CHA,BKN,4.5,219.5,107.5,6000,27,19.8,31.8,53.3,34.5,5.75,PG,6000,1,26.0,14.0,108,108,16%,14,16,15,31,31,33,31.5,30.8,19.1,42.5,34.0,34.7,5.8,32.5,27.5,4.6
Eric Bledsoe,PG,,2019-11-20,MIL,ATL,-11.0,232.5,121.8,7100,23,21.8,36.9,49.5,34.5,4.86,PG,7100,1,27.0,19.0,105,109,-9%,13,15,13,28,30,28,36.9,34.1,24.4,43.8,29.0,36.8,5.2,25.0,44.8,6.3
Lauri Markkanen,PF,,2019-11-20,CHI,DET,-1.0,223.0,112.0,5400,15,20.0,26.2,36.0,34.0,6.3,PF/C,5400,1,21.0,12.0,102,110,5%,11,10,12,31,31,31,26.2,29.3,17.5,41.0,31.5,31.7,5.9,29.1,38.5,7.1
Jabari Parker,SF,,2019-11-20,ATL,MIL,11.0,232.5,110.8,6900,23,26.0,38.5,57.3,33.8,4.89,SF/PF,6900,2,25.0,20.0,109,99,-10%,14,17,14,28,32,28,38.5,31.0,18.7,43.3,32.0,35.1,5.1,26.7,26.3,3.8
Tobias Harris,SF,,2019-11-20,PHI,NY,-12.0,210.5,111.3,6200,1,19.8,33.7,47.3,33.0,5.32,SF/PF,6200,2,22.0,17.0,101,109,-5%,15,14,14,35,33,35,33.6,36.4,28.4,44.5,33.5,35.2,5.7,31.9,26.0,4.2
Montrezl Harrell,PF,,2019-11-20,LAC,BOS,-7.5,217.5,112.5,7000,27,19.8,37.0,55.0,33.0,4.71,PF/C,7000,1,24.0,25.0,103,101,12%,18,15,13,26,31,31,37.0,37.2,25.4,49.0,30.5,33.9,4.8,31.5,25.0,3.6
Aaron Gordon,SF,,2019-11-20,ORL,TOR,3.0,207.0,102.0,6200,17,22.5,31.7,50.8,32.8,5.28,SF/PF,6200,2,21.0,15.0,105,100,16%,16,13,12,36,34,32,31.7,29.3,20.6,38.1,33.0,30.9,5.0,12.2,4.5,0.7
Jaylen Brown,SG,,2019-11-20,BOS,LAC,7.5,217.5,105.0,7500,7,32.0,37.6,45.3,32.8,4.37,SG/SF,7500,1,24.0,19.0,105,102,-7%,16,17,16,33,35,34,37.5,36.8,27.9,45.7,35.0,34.1,4.5,39.2,19.0,2.5
Devonte' Graham,PG,,2019-11-20,CHA,BKN,4.5,219.5,107.5,6700,27,22.5,33.8,41.3,32.8,4.89,PG/SG,6700,1,27.0,19.0,108,108,16%,14,17,14,31,34,32,34.1,35.5,24.7,46.3,34.5,37.2,5.6,38.3,29.3,4.4
Thomas Bryant,PF,,2019-11-20,WAS,SA,2.5,237.5,117.5,6200,4,25.8,32.8,41.5,32.5,5.24,PF/C,6200,2,19.0,20.0,104,110,-7%,10,12,11,25,29,29,32.8,33.3,23.9,42.6,28.5,31.3,5.0,22.4,25.8,4.2
Kendrick Nunn,PG,,2019-11-20,MIA,CLE,-10.5,214.0,112.3,6100,2,15.0,29.1,45.8,31.8,5.2,PG/SG,6100,3,25.0,16.0,102,107,1%,18,14,15,38,32,31,29.1,29.4,19.7,39.2,33.5,30.9,5.1,25.4,22.5,3.7
Will Barton,PG,,2019-11-20,DEN,HOU,-1.5,222.0,111.8,6300,6,17.3,33.6,42.3,31.5,5.0,PG/SF,6300,2,20.0,17.0,109,105,12%,12,13,12,31,34,32,33.5,32.4,22.9,41.9,32.5,32.2,5.1,25.9,30.8,4.9
Lou Williams,PG,,2019-11-20,LAC,BOS,-7.5,217.5,112.5,6500,3,27.3,37.2,50.5,31.5,4.85,PG/SG,6500,1,31.0,20.0,103,101,-3%,13,16,17,28,34,32,37.2,36.8,26.7,46.8,32.0,33.4,5.1,36.7,34.5,5.3
Al Horford,PF,,2019-11-20,PHI,NY,-12.0,210.5,111.3,6100,13,26.5,31.5,36.5,31.0,5.08,PF/C,6100,2,22.0,18.0,101,109,-1%,9,11,14,33,31,32,31.4,34.7,25.1,44.3,30.5,34.7,5.7,25.1,23.5,3.9
Luke Kennard,SG,,2019-11-20,DET,CHI,1.0,223.0,111.0,6400,16,21.3,35.2,45.5,30.5,4.77,SG,6400,4,21.0,17.0,106,105,4%,12,15,13,38,38,34,35.2,30.6,21.6,39.6,37.0,31.6,4.9,38.4,23.3,3.6
Bojan Bogdanovic,SF,,2019-11-20,UTA,MIN,-3.0,222.0,112.5,5800,4,18.5,26.2,40.3,29.5,5.09,SF/PF,5800,1,25.0,16.0,108,106,7%,16,16,15,33,33,32,26.2,29.7,21.0,38.4,31.5,30.1,5.2,36.1,43.0,7.4
Paul Millsap,PF,,2019-11-20,DEN,HOU,-1.5,222.0,111.8,6100,9,31.0,34.4,39.3,29.5,4.84,PF/C,6100,2,20.0,20.0,109,105,12%,13,11,10,24,29,26,34.4,27.1,17.9,36.4,28.0,29.7,4.9,28.4,29.5,4.8
Marc Gasol,C,,2019-11-20,TOR,ORL,-3.0,207.0,105.0,5600,11,12.3,24.8,31.3,29.0,5.18,C,5600,1,14.0,8.0,100,101,-9%,6,6,7,28,31,29,24.8,22.5,15.2,29.8,31.5,29.6,5.3,29.1,24.5,4.4
Jeff Teague,PG,,2019-11-20,MIN,UTA,3.0,222.0,109.5,6300,9,20.0,31.5,43.5,28.8,4.56,PG,6300,1,24.0,19.0,103,98,-7%,13,11,10,34,28,28,31.4,30.4,20.8,40.1,32.0,31.0,4.9,33.7,26.0,4.1
Cody Zeller,C,,2019-11-20,CHA,BKN,4.5,219.5,107.5,5000,18,15.5,24.4,35.3,28.0,5.6,C,5000,1,19.0,19.0,108,108,6%,6,8,9,21,26,26,24.4,26.8,15.1,38.5,26.5,26.6,5.3,15.3,15.8,3.2
Eric Paschall,SF,,2019-11-20,GS,DAL,13.5,216.5,101.5,5900,10,17.8,27.1,42.3,28.0,4.75,SF/PF,5900,0,20.0,16.0,102,108,5%,16,14,12,30,31,31,27.1,26.2,13.7,38.6,35.5,30.3,5.1,40.1,32.3,5.5
Brook Lopez,C,,2019-11-20,MIL,ATL,-11.0,232.5,121.8,5900,12,14.0,29.2,50.0,28.0,4.75,C,5900,1,17.0,15.0,105,109,0%,11,12,10,29,28,28,35.3,27.7,15.3,40.0,28.0,28.1,4.8,24.3,28.8,4.9
Isaiah Thomas,PG,,2019-11-20,WAS,SA,2.5,237.5,117.5,5500,11,15.5,22.4,30.3,27.8,5.05,PG,5500,2,26.0,17.0,104,110,13%,11,11,12,26,27,25,22.4,26.1,19.5,32.7,29.0,30.5,5.5,23.9,20.5,3.7
Jarrett Allen,C,,2019-11-20,BKN,CHA,-4.5,219.5,112.0,5300,20,5.5,23.3,33.0,27.8,5.24,C,5300,1,14.0,18.0,102,110,7%,6,5,6,23,21,25,23.3,25.7,16.7,34.7,26.5,29.1,5.5,27.6,47.8,9.0
Marcus Smart,PG,,2019-11-20,BOS,LAC,7.5,217.5,105.0,6300,24,27.3,31.7,35.5,27.8,4.4,PG/SG,6300,1,18.0,15.0,105,102,7%,14,12,11,31,34,32,31.7,27.9,21.5,34.3,34.5,28.0,4.4,40.1,35.3,5.6
RJ Barrett,PG,,2019-11-20,NY,PHI,12.0,210.5,99.3,5800,21,12.8,27.2,46.0,27.5,4.74,PG/SG,5800,1,26.0,12.0,104,103,-14%,15,13,14,28,28,34,27.1,30.7,19.7,41.7,32.0,28.4,4.9,35.8,25.3,4.4
Jonathan Isaac,SF,,2019-11-20,ORL,TOR,3.0,207.0,102.0,5500,17,20.3,34.2,53.0,27.3,4.95,SF/PF,5500,2,17.0,18.0,105,100,16%,9,9,9,33,32,31,34.2,31.0,20.0,42.0,31.0,28.4,5.2,33.6,45.8,8.3
Goran Dragic,PG,,2019-11-20,MIA,CLE,-10.5,214.0,112.3,5500,2,22.3,31.3,40.0,27.3,4.95,PG,5500,3,25.0,17.0,102,107,1%,12,12,11,29,30,28,31.3,29.7,19.6,39.8,27.0,27.3,5.0,26.4,29.0,5.3
Wendell Carter Jr.,PF,,2019-11-20,CHI,DET,-1.0,223.0,112.0,5500,15,17.5,30.6,41.5,27.3,4.95,PF/C,5500,1,17.0,18.0,102,110,5%,8,9,9,32,30,29,30.6,30.4,22.1,38.8,29.5,29.0,5.3,33.0,37.3,6.8
Marcus Morris,SF,,2019-11-20,NY,PHI,12.0,210.5,99.3,6200,5,17.0,29.8,38.0,27.0,4.35,SF/PF,6200,1,,,104,103,-14%,12,14,14,32,32,34,29.8,31.6,20.6,42.7,32.5,27.0,4.4,40.1,53.8,8.7
OG Anunoby,SF,,2019-11-20,TOR,ORL,-3.0,207.0,105.0,5600,9,1.0,21.3,41.8,26.8,4.78,SF/PF,5600,1,14.0,17.0,100,101,-10%,10,10,9,30,31,33,29.6,29.1,18.3,40.0,33.0,26.7,4.8,23.1,16.0,2.9
DeAndre Jordan,C,,2019-11-20,BKN,CHA,-4.5,219.5,112.0,5500,20,12.3,30.0,50.8,26.8,4.86,C,5500,1,13.0,20.0,102,110,7%,3,5,5,22,23,22,30.0,25.9,13.8,38.0,21.5,27.6,5.0,20.4,22.8,4.1
Joe Harris,SG,,2019-11-20,BKN,CHA,-4.5,219.5,112.0,4900,24,11.0,19.6,44.0,26.8,5.46,SG/SF,4900,1,16.0,12.0,102,110,8%,12,11,11,31,32,33,22.4,24.0,14.5,33.5,33.0,26.4,5.4,37.5,19.5,4.0
Gary Harris,SG,,2019-11-20,DEN,HOU,-1.5,222.0,111.8,4500,9,12.3,21.5,28.3,26.5,5.89,SG,4500,2,16.0,10.0,109,105,12%,7,10,11,28,33,33,21.5,22.0,15.3,28.7,33.5,25.0,5.6,35.1,19.5,4.3
Evan Fournier,SG,,2019-11-20,ORL,TOR,3.0,207.0,102.0,6300,5,21.5,36.7,43.8,26.0,4.13,SG/SF,6300,2,24.0,19.0,105,100,3%,14,13,12,32,30,30,36.6,28.3,17.6,39.0,30.5,26.2,4.2,27.9,34.0,5.4
Derrick Rose,PG,,2019-11-20,DET,CHI,1.0,223.0,111.0,5400,20,18.3,27.0,40.8,26.0,4.81,PG/SG,5400,4,35.0,24.0,106,105,-13%,10,12,14,23,23,25,26.9,30.6,20.8,40.3,26.0,26.6,4.9,24.4,25.3,4.7
Collin Sexton,PG,,2019-11-20,CLE,MIA,10.5,214.0,101.8,5300,10,18.8,29.0,42.5,26.0,4.91,PG/SG,5300,1,27.0,15.0,105,98,-8%,15,16,16,27,29,30,29.0,26.6,20.0,33.2,30.5,24.9,4.7,27.1,25.5,4.8
Taurean Prince,SF,,2019-11-20,BKN,CHA,-4.5,219.5,112.0,5000,19,9.8,19.9,25.5,25.3,5.05,SF/PF,5000,1,18.0,11.0,102,110,8%,12,11,11,25,26,30,19.9,25.6,13.7,37.6,29.0,28.3,5.7,32.9,38.5,7.7
Willie Cauley-Stein,C,,2019-11-20,GS,DAL,13.5,216.5,101.5,5100,1,23.5,27.0,30.3,25.3,4.95,C,5100,0,15.0,19.0,102,108,-7%,4,6,6,26,25,23,27.0,22.7,16.9,28.4,27.5,28.0,5.5,25.5,19.5,3.8
Dwight Powell,C,,2019-11-20,DAL,GS,-13.5,216.5,115.0,4300,23,7.5,18.3,31.3,25.0,5.81,C,4300,1,13.0,13.0,105,113,7%,2,5,5,20,26,26,18.3,17.0,8.4,25.6,26.5,22.4,5.2,24.8,16.8,3.9
Coby White,PG,,2019-11-20,CHI,DET,-1.0,223.0,112.0,5300,13,16.3,29.3,44.3,24.8,4.67,PG/SG,5300,1,26.0,11.0,102,110,5%,14,16,13,27,29,25,29.3,23.5,12.2,34.9,25.5,24.3,4.6,22.5,21.3,4.0
PJ Washington,PF,,2019-11-20,CHA,BKN,4.5,219.5,107.5,4700,20,8.0,22.1,34.3,24.8,5.27,PF/C,4700,1,16.0,16.0,108,108,8%,7,8,9,27,27,30,22.1,25.7,17.3,34.0,28.5,24.1,5.1,12.0,13.0,2.8
Alec Burks,PG,,2019-11-20,GS,DAL,13.5,216.5,101.5,5200,5,16.8,25.9,44.5,24.8,4.76,PG/SG,5200,0,21.0,16.0,102,108,1%,14,10,11,33,27,27,25.9,25.7,13.1,38.3,35.5,33.7,6.5,28.6,23.5,4.5
Robert Covington,SF,,2019-11-20,MIN,UTA,3.0,222.0,109.5,5700,26,18.8,27.2,33.0,24.5,4.3,SF/PF,5700,1,18.0,16.0,103,98,-15%,12,9,10,33,28,27,26.9,26.8,18.2,35.4,31.5,28.0,4.9,30.7,25.3,4.4
Danuel House Jr.,SF,,2019-11-20,HOU,DEN,1.5,222.0,110.3,4800,25,5.3,26.7,35.8,24.3,5.05,SF/PF,4800,1,13.0,15.0,101,101,-9%,7,9,9,33,32,32,28.3,26.8,19.2,34.3,33.5,24.6,5.1,20.8,12.0,2.5
Rudy Gay,SF,,2019-11-20,SA,WAS,-2.5,237.5,120.0,4900,28,20.5,26.1,34.0,24.0,4.9,SF/PF,4900,1,21.0,20.0,107,112,0%,9,9,9,20,22,22,26.1,24.3,17.5,31.0,22.5,25.1,5.1,28.5,30.8,6.3
Miles Bridges,SF,,2019-11-20,CHA,BKN,4.5,219.5,107.5,4900,16,6.0,19.6,34.5,24.0,4.9,SF/PF,4900,1,18.0,11.0,108,108,-15%,8,10,11,26,30,32,24.0,24.7,17.3,32.2,27.5,21.3,4.3,33.3,25.3,5.2
Dejounte Murray,PG,,2019-11-20,SA,WAS,-2.5,237.5,120.0,5200,14,17.5,20.2,26.3,24.0,4.62,PG,5200,1,25.0,19.0,107,112,3%,9,7,9,23,22,23,20.1,28.8,17.0,40.6,24.5,30.0,5.8,19.4,29.3,5.6
Thaddeus Young,SF,,2019-11-20,CHI,DET,-1.0,223.0,112.0,4200,15,12.8,20.0,25.8,24.0,5.71,SF/PF,4200,1,20.0,13.0,102,110,5%,8,8,9,21,24,23,19.9,19.7,12.9,26.5,19.0,17.0,4.0,17.5,13.0,3.1
Maxi Kleber,PF,,2019-11-20,DAL,GS,-13.5,216.5,115.0,4400,2,4.5,19.9,32.0,23.8,5.4,PF/C,4400,1,13.0,13.0,105,113,7%,7,7,7,33,28,28,19.9,21.5,13.8,29.1,27.0,22.1,5.0,13.8,12.5,2.8
Kelly Olynyk,PF,,2019-11-20,MIA,CLE,-10.5,214.0,112.3,4600,25,11.3,19.9,27.8,23.8,5.16,PF/C,4600,3,16.0,11.0,102,107,4%,6,7,7,21,25,22,19.9,19.7,10.7,28.8,25.0,22.0,4.8,24.5,23.0,5.0
Mitchell Robinson,C,,2019-11-20,NY,PHI,12.0,210.5,99.3,5500,28,12.5,25.1,38.5,23.3,4.23,C,5500,1,18.0,31.0,104,103,-7%,8,6,6,22,21,20,25.9,26.3,20.5,32.2,25.5,28.0,5.1,13.3,12.5,2.3
Bruce Brown Jr.,SG,,2019-11-20,DET,CHI,1.0,223.0,111.0,4800,16,2.0,20.6,28.5,23.3,4.84,SG/SF,4800,4,17.0,7.0,106,105,4%,5,7,7,29,29,27,20.6,19.1,6.2,32.0,28.5,19.5,4.1,29.9,20.8,4.3
Rui Hachimura,PF,,2019-11-20,WAS,SA,2.5,237.5,117.5,4800,4,11.0,22.8,37.3,23.0,4.79,PF,4800,2,19.0,15.0,104,110,2%,9,9,12,27,27,28,22.8,24.1,14.0,34.1,28.0,25.4,5.3,25.4,26.3,5.5
Larry Nance Jr.,PF,,2019-11-20,CLE,MIA,10.5,214.0,101.8,4300,11,18.3,24.2,30.0,23.0,5.35,PF/C,4300,1,15.0,18.0,105,98,11%,7,5,7,25,25,25,22.6,22.8,16.2,29.4,28.0,26.0,6.0,35.0,37.3,8.7
Malik Monk,PG,,2019-11-20,CHA,BKN,4.5,219.5,107.5,4600,27,13.3,27.4,39.5,22.8,4.95,PG/SG,4600,1,22.0,12.0,108,108,7%,11,11,8,24,25,21,27.4,18.0,7.1,28.8,24.5,22.5,4.9,27.9,22.3,4.8
Kris Dunn,PG,,2019-11-20,CHI,DET,-1.0,223.0,112.0,4700,13,18.3,24.7,35.0,22.8,4.84,PG/SG,4700,1,17.0,15.0,102,110,5%,7,7,6,21,21,21,24.7,20.2,12.6,27.9,21.5,20.4,4.3,21.8,20.8,4.4
Terrence Ross,SG,,2019-11-20,ORL,TOR,3.0,207.0,102.0,4800,5,13.8,20.9,26.0,22.8,4.74,SG/SF,4800,2,23.0,11.0,105,100,-4%,12,9,10,26,24,23,20.9,18.8,12.7,25.0,25.0,21.8,4.5,27.1,21.5,4.5
Jordan Clarkson,PG,,2019-11-20,CLE,MIA,10.5,214.0,101.8,4900,10,15.8,23.5,28.0,22.5,4.59,PG/SF,4900,1,26.0,20.0,105,98,-8%,8,12,11,23,24,23,23.5,23.3,17.9,28.7,24.0,21.1,4.3,17.2,19.5,4.0
Bryn Forbes,PG,,2019-11-20,SA,WAS,-2.5,237.5,120.0,4300,14,17.5,19.1,22.3,22.3,5.17,PG/SG,4300,1,20.0,14.0,107,112,11%,10,11,12,29,28,28,19.1,21.3,16.4,26.3,28.5,24.2,5.6,33.0,40.0,9.3
Delon Wright,PG,,2019-11-20,DAL,GS,-13.5,216.5,115.0,4000,22,14.5,20.8,27.5,22.0,5.5,PG/SG,4000,1,14.0,18.0,105,113,3%,6,5,6,22,22,24,20.8,22.1,13.8,30.4,24.5,23.0,5.8,15.7,12.5,3.1
Sterling Brown,SG,,2019-11-20,MIL,ATL,-11.0,232.5,121.8,4600,28,12.3,21.7,26.3,22.0,4.78,SG/SF,4600,1,16.0,14.0,105,109,16%,8,7,5,25,22,16,21.6,15.3,4.9,25.7,22.5,21.1,4.6,19.6,18.5,4.0
Davis Bertans,SF,,2019-11-20,WAS,SA,2.5,237.5,117.5,4500,22,11.3,22.9,32.5,22.0,4.89,SF/PF,4500,2,15.0,13.0,104,110,3%,11,10,9,29,28,28,22.9,22.2,14.5,29.9,27.0,22.5,5.0,29.5,35.8,8.0
Donte DiVincenzo,PG,,2019-11-20,MIL,ATL,-11.0,232.5,121.8,4700,23,5.3,17.6,33.5,21.8,4.63,PG/SF,4700,1,18.0,15.0,105,109,16%,9,6,6,26,20,17,17.6,17.0,4.4,29.6,26.0,24.5,5.2,24.6,25.8,5.5
Rondae Hollis-Jefferson,SF,,2019-11-20,TOR,ORL,-3.0,207.0,105.0,4900,9,16.0,24.9,35.8,21.8,4.44,SF/PF,4900,1,19.0,21.0,100,101,-10%,8,8,7,23,23,20,24.9,20.9,8.5,33.3,23.5,23.0,4.7,26.8,16.3,3.3
Garrett Temple,SG,,2019-11-20,BKN,CHA,-4.5,219.5,112.0,4700,24,12.0,18.5,27.0,21.8,4.63,SG/SF,4700,1,15.0,12.0,102,110,-2%,11,9,7,28,26,23,18.4,17.4,8.4,26.4,29.0,22.0,4.7,30.5,13.5,2.9
P.J. Tucker,SF,,2019-11-20,HOU,DEN,1.5,222.0,110.3,4600,25,16.8,20.1,26.0,21.8,4.73,SF/PF,4600,1,10.0,12.0,101,101,-6%,5,6,7,35,36,36,20.1,25.4,16.1,34.7,35.5,22.6,4.9,31.4,8.3,1.8
Joe Ingles,SG,,2019-11-20,UTA,MIN,-3.0,222.0,112.5,4700,30,10.5,18.4,30.0,21.8,4.63,SG/SF,4700,1,15.0,8.0,108,106,7%,9,8,7,33,29,29,20.8,19.9,12.9,26.9,27.5,21.5,4.6,27.2,17.5,3.7
Langston Galloway,PG,,2019-11-20,DET,CHI,1.0,223.0,111.0,4900,20,17.8,28.2,39.5,21.8,4.44,PG/SG,4900,4,18.0,18.0,106,105,4%,14,11,9,33,29,26,28.1,21.3,13.3,29.3,31.0,21.8,4.4,40.0,18.3,3.7
Dorian Finney-Smith,SF,,2019-11-20,DAL,GS,-13.5,216.5,115.0,4600,27,15.0,21.5,37.8,21.8,4.73,SF/PF,4600,1,14.0,12.0,105,113,4%,11,9,7,34,28,27,21.5,19.0,11.8,26.2,30.5,21.3,4.6,18.6,13.0,2.8
Darius Garland,PG,,2019-11-20,CLE,MIA,10.5,214.0,101.8,4100,10,15.5,18.9,24.8,21.5,5.24,PG,4100,1,21.0,6.0,105,98,-8%,11,10,10,27,28,28,18.9,17.6,11.7,23.6,28.0,19.2,4.7,24.5,15.5,3.8
Moritz Wagner,PF,,2019-11-20,WAS,SA,2.5,237.5,117.5,5000,4,16.5,27.3,58.3,21.5,4.3,PF/C,5000,2,23.0,22.0,104,110,2%,12,8,8,23,18,19,27.3,23.7,11.7,35.7,19.5,18.7,3.7,25.6,25.0,5.0
Glenn Robinson III,SG,,2019-11-20,GS,DAL,13.5,216.5,101.5,4400,26,15.0,22.3,27.5,21.5,4.89,SG/SF,4400,0,14.0,13.0,102,108,1%,14,10,10,35,31,32,22.3,23.5,16.5,30.5,36.0,25.8,5.9,28.4,14.3,3.3
Tomas Satoransky,PG,,2019-11-20,CHI,DET,-1.0,223.0,112.0,4500,13,7.8,18.6,27.5,21.3,4.72,PG/SG,4500,1,17.0,13.0,102,110,5%,8,9,7,28,27,26,27.0,22.5,12.0,33.0,26.5,23.0,5.1,26.2,34.5,7.7
Patrick Beverley,PG,,2019-11-20,LAC,BOS,-7.5,217.5,112.5,4200,3,10.0,23.9,44.5,21.3,5.06,PG/SG,4200,1,14.0,8.0,103,101,-18%,9,7,8,31,30,30,23.9,22.7,14.2,31.1,30.5,22.0,5.2,40.7,57.0,13.6
Markelle Fultz,PG,,2019-11-20,ORL,TOR,3.0,207.0,102.0,4400,25,17.5,21.6,26.8,21.3,4.83,PG/SG,4400,2,22.0,16.0,105,100,-4%,9,8,9,25,24,24,21.9,20.4,16.0,24.9,25.0,21.6,4.9,25.6,22.0,5.0
Furkan Korkmaz,SG,,2019-11-20,PHI,NY,-12.0,210.5,111.3,3900,1,6.5,16.2,25.8,21.0,5.38,SG/SF,3900,2,16.0,11.0,101,109,5%,8,10,8,22,26,24,16.1,16.4,8.3,24.4,29.5,21.5,5.5,16.3,3.0,0.8
Bobby Portis,PF,,2019-11-20,NY,PHI,12.0,210.5,99.3,4400,7,14.3,20.7,29.8,21.0,4.77,PF/C,4400,1,21.0,15.0,104,103,-14%,9,9,10,23,22,24,20.7,24.2,13.3,35.1,19.5,18.0,4.1,23.8,11.5,2.6
Daniel Theis,PF,,2019-11-20,BOS,LAC,7.5,217.5,105.0,4300,5,15.3,22.8,29.0,21.0,4.88,PF/C,4300,1,13.0,13.0,105,102,-9%,4,5,6,25,23,24,22.8,22.4,17.4,27.3,22.5,21.0,4.9,31.1,40.0,9.3
De'Andre Hunter,SF,,2019-11-20,ATL,MIL,11.0,232.5,110.8,4200,23,17.5,23.2,29.3,20.8,4.94,SF/PF,4200,2,17.0,7.0,109,99,2%,12,12,10,30,35,30,23.2,19.2,12.1,26.3,31.5,22.0,5.2,28.5,46.3,11.0
Cedi Osman,SF,,2019-11-20,CLE,MIA,10.5,214.0,101.8,4500,2,8.3,15.4,22.3,20.8,4.61,SF/PF,4500,1,14.0,8.0,105,98,-3%,6,7,8,25,28,30,15.4,18.3,10.9,25.7,29.5,19.2,4.3,22.1,10.8,2.4
Norman Powell,SG,,2019-11-20,TOR,ORL,-3.0,207.0,105.0,5500,23,14.8,27.7,39.0,20.8,3.77,SG/SF,5500,1,18.0,12.0,100,101,-10%,15,11,9,29,30,26,27.7,21.3,12.0,30.5,29.5,23.8,4.3,37.5,19.3,3.5
Trey Lyles,PF,,2019-11-20,SA,WAS,-2.5,237.5,120.0,3500,24,4.3,15.5,23.0,20.8,5.93,PF,3500,1,11.0,12.0,107,112,-1%,3,4,4,16,20,20,15.5,16.6,10.2,23.1,15.5,13.0,3.7,6.9,5.0,1.4
Ante Zizic,C,,2019-11-20,CLE,MIA,10.5,214.0,101.8,3400,4,10.5,15.6,23.0,20.8,6.1,C,3400,1,,,105,98,11%,5,5,5,19,19,19,11.5,11.5,10.1,12.9,21.0,17.5,5.1,14.8,9.3,2.7
Duncan Robinson,SG,,2019-11-20,MIA,CLE,-10.5,214.0,112.3,4500,20,12.3,17.6,24.8,20.8,4.61,SG/SF,4500,3,15.0,11.0,102,107,1%,9,8,8,29,28,26,17.6,17.9,7.5,28.2,27.0,18.5,4.1,34.1,36.0,8.0
Tyler Herro,SG,,2019-11-20,MIA,CLE,-10.5,214.0,112.3,4400,20,7.8,17.1,24.0,20.5,4.66,SG,4400,3,20.0,12.0,102,107,1%,10,10,11,27,28,30,22.3,25.1,16.7,33.6,25.5,21.4,4.9,31.0,29.8,6.8
Troy Brown,SG,,2019-11-20,WAS,SA,2.5,237.5,117.5,4100,25,9.5,16.3,26.3,20.3,4.94,SG/SF,4100,2,15.0,15.0,104,110,3%,7,7,7,25,23,23,16.3,20.1,10.7,29.4,26.0,22.0,5.4,19.6,19.8,4.8
Frank Ntilikina,PG,,2019-11-20,NY,PHI,12.0,210.5,99.3,4500,21,14.3,19.7,27.5,20.3,4.5,PG/SG,4500,1,13.0,9.0,104,103,-1%,7,5,6,32,29,25,19.7,17.5,5.4,29.5,28.0,18.4,4.1,32.9,20.8,4.6
Ky Bowman,PG,,2019-11-20,GS,DAL,13.5,216.5,101.5,4400,5,11.3,17.0,31.0,20.3,4.6,PG,4400,0,18.0,12.0,102,108,-2%,10,7,6,26,19,19,16.9,14.5,3.2,25.7,33.5,27.5,6.3,32.0,23.3,5.3
Nicolas Batum,SG,,2019-11-20,CHA,BKN,4.5,219.5,107.5,4400,6,7.0,15.3,26.8,20.3,4.6,SG/SF,4400,1,,,108,108,7%,4,3,3,27,22,22,17.3,17.3,7.4,27.1,26.5,21.2,4.8,25.6,13.8,3.1
D.J. Augustin,PG,,2019-11-20,ORL,TOR,3.0,207.0,102.0,4600,25,19.8,23.4,31.8,20.3,4.4,PG,4600,2,20.0,14.0,105,100,-4%,9,10,9,25,25,25,23.4,19.8,14.2,25.5,24.5,19.4,4.2,26.8,16.0,3.5
Ivica Zubac,C,,2019-11-20,LAC,BOS,-7.5,217.5,112.5,4300,2,15.0,21.9,31.3,19.8,4.59,C,4300,1,20.0,28.0,103,101,-5%,6,6,6,19,15,16,21.9,22.0,12.7,31.3,17.0,19.3,4.5,21.5,18.8,4.4
Mason Plumlee,PF,,2019-11-20,DEN,HOU,-1.5,222.0,111.8,4400,9,13.8,19.8,26.8,19.8,4.49,PF/C,4400,2,19.0,19.0,109,105,3%,9,5,5,18,16,17,19.8,19.5,14.0,24.9,16.0,16.9,3.8,15.6,9.8,2.2
Jakob Poeltl,C,,2019-11-20,SA,WAS,-2.5,237.5,120.0,4000,30,13.0,20.3,25.0,19.5,4.88,C,4000,1,16.0,18.0,107,112,19%,8,6,4,19,16,15,20.3,15.8,8.9,22.8,23.0,24.5,6.1,26.4,27.8,7.0
George Hill,PG,,2019-11-20,MIL,ATL,-11.0,232.5,121.8,4200,23,10.8,16.8,24.5,19.5,4.64,PG/SG,4200,1,15.0,17.0,105,109,-9%,7,5,7,23,24,23,16.8,20.0,11.7,28.3,23.5,20.0,4.8,23.0,18.8,4.5
Moe Harkless,SF,,2019-11-20,LAC,BOS,-7.5,217.5,112.5,4000,8,14.3,19.0,24.8,19.3,4.81,SF/PF,4000,1,12.0,10.0,103,101,-2%,5,6,5,24,27,23,19.0,15.1,8.2,21.9,22.5,14.9,3.7,25.0,9.8,2.5
JaMychal Green,SF,,2019-11-20,LAC,BOS,-7.5,217.5,112.5,4000,8,8.5,22.5,40.0,19.3,4.81,SF/PF,4000,1,15.0,11.0,103,101,12%,6,7,7,21,23,22,22.5,19.6,9.5,29.7,19.0,17.5,4.4,17.9,21.0,5.3
Alex Len,C,,2019-11-20,ATL,MIL,11.0,232.5,110.8,4200,14,8.0,18.6,36.5,19.3,4.58,C,4200,2,17.0,12.0,109,99,4%,4,6,5,16,19,18,18.6,16.3,7.9,24.6,16.5,17.0,4.0,8.6,4.3,1.0
Marvin Williams,SF,,2019-11-20,CHA,BKN,4.5,219.5,107.5,4000,16,4.5,16.3,26.0,19.0,4.75,SF/PF,4000,1,14.0,14.0,108,108,8%,7,5,5,24,21,19,16.5,13.6,5.1,22.1,22.5,16.5,4.1,24.4,1.5,0.4
Cam Reddish,PG,,2019-11-20,ATL,MIL,11.0,232.5,110.8,4000,28,9.3,18.1,28.0,19.0,4.75,PG/SG,4000,2,19.0,4.0,109,99,-10%,14,9,9,30,23,24,17.9,16.6,10.1,23.1,24.5,19.1,4.8,28.3,23.8,6.0
Chris Boucher,PF,,2019-11-20,TOR,ORL,-3.0,207.0,105.0,4500,28,8.3,21.2,29.5,19.0,4.22,PF/C,4500,1,18.0,19.0,100,101,-1%,7,8,4,15,18,12,21.1,13.4,2.4,24.4,14.5,15.8,3.5,20.4,32.8,7.3
Damian Jones,C,,2019-11-20,ATL,MIL,11.0,232.5,110.8,3800,14,16.8,22.0,29.0,19.0,5.0,C,3800,2,13.0,16.0,109,99,4%,5,6,4,25,22,17,21.9,14.1,6.0,22.2,23.5,20.3,5.3,19.9,19.5,5.1
Royce O'Neale,SF,,2019-11-20,UTA,MIN,-3.0,222.0,112.5,3900,4,12.5,21.0,32.8,18.8,4.81,SF,3900,1,9.0,10.0,108,106,7%,5,4,4,30,29,28,20.9,17.7,10.8,24.6,26.5,16.7,4.3,29.3,19.5,5.0
Monte Morris,PG,,2019-11-20,DEN,HOU,-1.5,222.0,111.8,3900,6,5.5,17.6,26.8,18.8,4.81,PG,3900,2,22.0,15.0,109,105,-11%,8,7,7,19,20,18,17.6,16.0,7.4,24.6,18.0,15.7,4.0,14.6,10.5,2.7
Patty Mills,PG,,2019-11-20,SA,WAS,-2.5,237.5,120.0,4000,14,10.3,16.8,26.3,18.8,4.69,PG/SG,4000,1,22.0,17.0,107,112,3%,11,10,9,24,22,21,16.8,18.6,9.5,27.7,26.0,22.8,5.7,30.1,30.8,7.7
Josh Okogie,SG,Q,2019-11-20,MIN,UTA,3.0,222.0,109.5,4400,15,7.5,23.5,38.0,18.5,4.2,SG/SF,4400,1,16.0,14.0,103,98,-21%,8,8,7,26,28,25,23.4,21.9,14.3,29.5,25.5,18.8,4.3,21.8,11.3,2.6
Tim Hardaway Jr.,SG,,2019-11-20,DAL,GS,-13.5,216.5,115.0,3500,8,2.5,14.9,24.0,18.5,5.29,SG/SF,3500,1,22.0,9.0,105,113,4%,11,12,11,22,22,23,18.1,17.3,11.8,22.9,26.0,20.7,5.9,22.1,27.5,7.9
Marquese Chriss,PF,,2019-11-20,GS,DAL,13.5,216.5,101.5,3700,18,6.0,20.0,34.5,18.0,4.86,PF/C,3700,0,19.0,15.0,102,108,5%,9,6,5,20,17,16,19.9,17.1,9.0,25.3,21.5,21.2,5.7,26.9,28.3,7.6
Ish Smith,PG,,2019-11-20,WAS,SA,2.5,237.5,117.5,3700,11,9.5,15.9,24.3,18.0,4.86,PG,3700,2,16.0,9.0,104,110,13%,6,5,7,20,21,24,15.8,17.7,10.7,24.7,19.5,16.4,4.4,23.8,35.0,9.5
Jalen Brunson,PG,,2019-11-20,DAL,GS,-13.5,216.5,115.0,3500,22,7.5,16.5,26.3,18.0,5.14,PG/SG,3500,1,21.0,15.0,105,113,3%,6,6,7,11,17,19,16.4,17.0,8.1,25.9,20.5,18.7,5.3,22.5,28.3,8.1
DeAndre' Bembry,PG,,2019-11-20,ATL,MIL,11.0,232.5,110.8,3800,28,9.5,16.4,19.8,17.8,4.67,PG/SF,3800,2,15.0,11.0,109,99,-9%,4,4,6,22,26,25,16.4,19.5,10.9,28.1,26.0,22.2,5.8,23.8,16.3,4.3
Meyers Leonard,PF,,2019-11-20,MIA,CLE,-10.5,214.0,112.3,4000,25,0.3,10.9,28.3,17.8,4.44,PF/C,4000,3,13.0,14.0,102,107,4%,6,4,5,23,18,20,10.9,16.2,4.5,27.9,18.5,15.4,3.9,18.3,5.3,1.3
Enes Kanter,C,,2019-11-20,BOS,LAC,7.5,217.5,105.0,3800,27,5.8,15.5,28.8,17.8,4.67,C,3800,1,17.0,21.0,105,102,3%,4,3,4,12,14,16,15.5,16.7,8.0,25.4,14.0,16.1,4.2,12.3,17.0,4.5
Wesley Matthews,SG,,2019-11-20,MIL,ATL,-11.0,232.5,121.8,4000,28,3.8,11.4,20.0,17.8,4.44,SG/SF,4000,1,11.0,8.0,105,109,16%,4,4,6,19,24,25,11.3,13.2,4.6,21.8,23.0,15.2,3.8,27.6,20.0,5.0
Jerami Grant,PF,,2019-11-20,DEN,HOU,-1.5,222.0,111.8,4200,9,9.5,17.5,26.5,17.5,4.17,PF/C,4200,2,19.0,12.0,109,105,9%,9,8,8,23,19,22,17.5,16.9,9.3,24.5,19.5,15.6,3.7,19.6,19.5,4.6
Markieff Morris,SF,,2019-11-20,DET,CHI,1.0,223.0,111.0,4600,30,19.8,24.9,39.0,17.5,3.8,SF/PF,4600,4,21.0,11.0,106,105,16%,9,9,9,20,24,26,24.9,21.0,12.5,29.4,19.0,15.3,3.3,5.5,10.3,2.2
Jarrett Culver,PG,,2019-11-20,MIN,UTA,3.0,222.0,109.5,4400,9,12.5,20.7,27.5,17.0,3.86,PG/SF,4400,1,20.0,7.0,103,98,-7%,9,9,9,26,27,23,20.5,17.3,8.1,26.6,23.5,17.9,4.1,23.9,17.5,4.0
Brad Wanamaker,PG,,2019-11-20,BOS,LAC,7.5,217.5,105.0,4200,24,15.8,19.4,26.8,17.0,4.05,PG/SG,4200,1,18.0,17.0,105,102,7%,7,5,4,25,21,15,19.4,13.9,6.3,21.5,19.5,15.7,3.7,27.2,26.8,6.4
Ryan Arcidiacono,PG,,2019-11-20,CHI,DET,-1.0,223.0,112.0,3700,13,9.5,15.7,24.3,16.8,4.53,PG/SG,3700,1,12.0,11.0,102,110,5%,7,5,4,23,21,18,15.7,12.6,6.5,18.6,20.0,14.3,3.9,20.9,16.3,4.4
Jordan Poole,SG,,2019-11-20,GS,DAL,13.5,216.5,101.5,3600,26,9.8,15.3,21.0,16.8,4.65,SG/SF,3600,0,20.0,3.0,102,108,-2%,8,10,10,20,25,26,15.3,16.6,11.3,22.0,26.5,18.1,5.0,30.1,22.3,6.2
Ben McLemore,SG,,2019-11-20,HOU,DEN,1.5,222.0,110.3,4300,11,11.3,19.8,31.0,16.3,3.78,SG/SF,4300,1,16.0,9.0,101,101,-8%,12,10,7,32,27,20,19.8,12.4,3.1,21.7,24.0,14.6,3.4,16.4,12.0,2.8
Trey Burke,PG,,2019-11-20,PHI,NY,-12.0,210.5,111.3,3400,30,9.8,16.2,28.3,15.8,4.63,PG/SG,3400,2,,,101,109,0%,6,6,6,18,18,18,18.8,18.8,10.5,27.0,0.0,0.0,0.0,14.8,13.8,4.1
Emmanuel Mudiay,PG,,2019-11-20,UTA,MIN,-3.0,222.0,112.5,3400,17,9.8,14.5,23.8,15.8,4.63,PG,3400,1,26.0,16.0,108,106,9%,4,5,7,14,15,17,14.4,17.0,11.4,22.5,14.0,13.7,4.0,15.6,9.8,2.9
Dennis Smith Jr.,PG,,2019-11-20,NY,PHI,12.0,210.5,99.3,3700,21,1.5,11.0,32.5,15.8,4.26,PG,3700,1,21.0,2.0,104,103,-1%,5,5,5,15,17,14,10.9,9.0,-1.9,19.8,16.5,14.4,3.9,15.1,16.0,4.3
Taj Gibson,PF,,2019-11-20,NY,PHI,12.0,210.5,99.3,4100,7,14.0,19.3,30.3,15.8,3.84,PF/C,4100,1,16.0,16.0,104,103,-14%,7,7,5,19,19,16,19.3,13.9,5.3,22.6,17.0,14.1,3.4,13.7,17.5,4.3
Jeff Green,SF,,2019-11-20,UTA,MIN,-3.0,222.0,112.5,3400,4,4.0,14.2,22.5,15.5,4.56,SF/PF,3400,1,18.0,7.0,108,106,7%,7,7,6,19,19,19,14.2,12.6,6.7,18.5,19.0,13.4,3.9,15.4,14.8,4.4
Terence Davis,SG,,2019-11-20,TOR,ORL,-3.0,207.0,105.0,4000,23,13.8,21.9,30.8,15.3,3.81,SG/SF,4000,1,16.0,15.0,100,101,-1%,7,7,4,18,20,13,21.9,12.3,2.0,22.5,17.0,14.9,3.7,27.1,39.5,9.9
Treveon Graham,SG,,2019-11-20,MIN,UTA,3.0,222.0,109.5,3400,15,3.3,13.2,25.5,15.3,4.49,SG/SF,3400,1,13.0,6.0,103,98,-15%,7,7,7,26,25,26,13.2,15.2,8.0,22.4,26.0,15.1,4.4,19.1,14.8,4.4
Kevin Porter Jr.,SG,,2019-11-20,CLE,MIA,10.5,214.0,101.8,4400,14,8.0,17.0,28.0,15.3,3.47,SG/SF,4400,1,19.0,8.0,105,98,-8%,9,7,7,24,22,20,16.9,14.3,7.7,20.9,20.0,14.2,3.2,23.0,16.3,3.7
Theo Pinson,PG,,2019-11-20,BKN,CHA,-4.5,219.5,112.0,3400,1,2.8,9.0,17.3,14.8,4.34,PG/SG,3400,1,,,102,110,-2%,10,6,6,17,11,11,10.6,10.6,5.1,16.0,14.0,13.7,4.0,15.6,10.5,3.1
Dzanan Musa,SF,,2019-11-20,BKN,CHA,-4.5,219.5,112.0,3700,19,6.5,14.9,24.8,14.3,3.85,SF/PF,3700,1,19.0,7.0,102,110,-2%,7,7,5,22,20,14,14.8,9.6,0.5,18.7,17.0,16.4,4.4,19.6,17.3,4.7
C.J. Miles,SG,,2019-11-20,WAS,SA,2.5,237.5,117.5,3500,25,6.3,16.1,27.5,14.3,4.07,SG/SF,3500,2,21.0,16.0,104,110,3%,7,7,7,16,17,17,16.1,16.5,7.2,25.8,14.5,12.0,3.4,18.4,9.0,2.6
Austin Rivers,PG,,2019-11-20,HOU,DEN,1.5,222.0,110.3,4000,8,10.5,17.9,30.3,13.8,3.44,PG/SG,4000,1,14.0,9.0,101,101,0%,11,10,7,28,28,23,17.9,14.5,7.8,21.2,22.5,13.2,3.3,27.8,13.5,3.4
Mohamed Bamba,C,,2019-11-20,ORL,TOR,3.0,207.0,102.0,3100,7,2.0,9.5,18.8,13.8,4.44,C,3100,2,,,105,100,-4%,3,4,5,13,13,14,9.4,11.9,5.5,18.3,13.5,12.9,4.2,15.6,12.8,4.1
Kevin Knox,SF,,2019-11-20,NY,PHI,12.0,210.5,99.3,3500,5,6.8,14.7,23.8,13.8,3.93,SF/PF,3500,1,,,104,103,-9%,8,7,8,17,21,22,14.7,17.3,10.8,23.7,17.0,12.1,3.5,10.3,8.5,2.4
Marco Belinelli,SG,,2019-11-20,SA,WAS,-2.5,237.5,120.0,3100,18,2.3,9.7,13.8,13.8,4.44,SG/SF,3100,1,18.0,2.0,107,112,11%,6,6,6,16,17,17,9.7,9.3,5.1,13.6,19.0,14.1,4.5,13.5,14.8,4.8
Iman Shumpert,SG,,2019-11-20,BKN,CHA,-4.5,219.5,112.0,3200,24,2.8,7.9,15.0,13.5,4.22,SG/SF,3200,1,,,102,110,-2%,5,5,5,15,15,15,7.3,7.3,6.5,8.0,18.5,13.1,4.1,19.1,8.0,2.5
Robin Lopez,C,,2019-11-20,MIL,ATL,-11.0,232.5,121.8,3000,12,0.3,8.5,14.8,13.3,4.42,C,3000,1,15.0,7.0,105,109,0%,7,5,4,14,13,14,9.2,9.3,4.5,14.0,12.0,9.3,3.1,19.8,13.5,4.5
Omari Spellman,PF,,2019-11-20,GS,DAL,13.5,216.5,101.5,3300,18,6.0,14.3,20.0,13.3,4.02,PF/C,3300,0,21.0,18.0,102,108,5%,7,6,6,18,15,17,14.3,17.8,10.5,25.1,21.5,19.1,5.8,28.4,22.5,6.8
Christian Wood,PF,,2019-11-20,DET,CHI,1.0,223.0,111.0,3600,8,3.5,17.3,28.3,13.3,3.68,PF/C,3600,4,19.0,21.0,106,105,16%,6,5,5,16,17,15,17.3,15.5,2.7,28.4,0.0,0.0,0.0,18.3,33.5,9.3
Kyle Korver,SG,,2019-11-20,MIL,ATL,-11.0,232.5,121.8,3000,28,2.0,8.8,17.3,13.0,4.33,SG/SF,3000,1,16.0,10.0,105,109,16%,5,5,5,17,14,16,8.8,10.4,5.1,15.7,14.5,12.4,4.1,12.1,7.3,2.4
James Ennis III,SF,,2019-11-20,PHI,NY,-12.0,210.5,111.3,3500,1,6.5,13.7,22.0,12.8,3.64,SF/PF,3500,2,16.0,15.0,101,109,-5%,5,6,5,17,17,16,13.7,13.2,6.3,20.0,17.5,13.1,3.7,21.6,22.0,6.3
Daniel Gafford,C,,2019-11-20,CHI,DET,-1.0,223.0,112.0,3800,22,0.0,6.8,32.8,12.8,3.36,C,3800,1,,,102,110,5%,6,2,2,11,7,7,6.8,6.8,-7.7,21.3,16.0,13.5,3.6,14.9,9.3,2.4
Juancho Hernangomez,SF,,2019-11-20,DEN,HOU,-1.5,222.0,111.8,3400,29,0.0,9.3,24.8,12.5,3.68,SF/PF,3400,2,,,109,105,12%,5,3,3,24,14,14,9.3,9.3,-1.2,19.8,18.0,12.3,3.6,16.1,16.0,4.7
Svi Mykhailiuk,SG,,2019-11-20,DET,CHI,1.0,223.0,111.0,3000,16,-1.0,5.2,12.5,12.5,4.17,SG/SF,3000,4,15.0,6.0,106,105,3%,3,2,3,9,11,13,5.2,7.0,1.7,12.4,16.0,9.8,3.3,14.7,5.0,1.7
Damyean Dotson,SG,,2019-11-20,NY,PHI,12.0,210.5,99.3,3100,2,10.5,14.5,20.5,12.3,3.95,SG/SF,3100,1,17.0,11.0,104,103,-9%,8,8,5,20,20,13,14.4,8.8,2.0,15.7,18.0,11.9,3.8,19.6,9.3,3.0
Alfonzo McKinnie,SF,,2019-11-20,CLE,MIA,10.5,214.0,101.8,3800,2,1.3,9.6,24.0,12.3,3.22,SF/PF,3800,1,,,105,98,-3%,7,3,2,26,13,10,9.6,6.9,-2.6,16.3,13.5,9.1,2.4,15.1,10.8,2.8
Dante Exum,PG,,2019-11-20,UTA,MIN,-3.0,222.0,112.5,3000,17,-1.0,5.1,14.0,12.3,4.08,PG/SG,3000,1,,,108,106,9%,0,0,0,0,0,0,0.0,0.0,0.0,0.0,11.5,9.7,3.2,7.9,0.0,0.0
Pat Connaughton,SG,,2019-11-20,MIL,ATL,-11.0,232.5,121.8,3200,28,4.0,9.7,18.5,12.0,3.75,SG/SF,3200,1,12.0,11.0,105,109,16%,1,2,4,12,14,16,9.7,12.2,4.0,20.4,13.0,11.9,3.7,15.9,15.8,4.9
Evan Turner,PG,,2019-11-20,ATL,MIL,11.0,232.5,110.8,3200,28,5.8,13.0,23.8,12.0,3.75,PG/SF,3200,2,,,109,99,8%,6,4,4,15,13,13,13.0,13.0,5.7,20.3,15.0,14.1,4.4,15.0,14.0,4.4
Gorgui Dieng,PF,,2019-11-20,MIN,UTA,3.0,222.0,109.5,3300,3,5.3,15.6,24.8,12.0,3.64,PF/C,3300,1,21.0,22.0,103,98,2%,4,4,5,13,12,12,15.6,15.8,4.0,27.6,13.5,15.9,4.8,15.2,20.0,6.1
Grant Williams,SF,,2019-11-20,BOS,LAC,7.5,217.5,105.0,3200,3,6.0,9.2,11.5,12.0,3.75,SF/PF,3200,1,13.0,6.0,105,102,-9%,3,2,3,17,14,16,9.2,9.9,3.6,16.2,13.5,9.5,3.0,20.4,5.5,1.7
Bruno Fernando,C,,2019-11-20,ATL,MIL,11.0,232.5,110.8,3000,14,2.0,7.2,11.8,11.8,3.92,C,3000,2,17.0,13.0,109,99,-10%,4,3,4,15,12,12,7.2,10.1,3.4,16.8,10.5,10.3,3.4,12.9,14.8,4.9
Mike Scott,SF,,2019-11-20,PHI,NY,-12.0,210.5,111.3,3200,1,6.8,13.4,19.5,11.8,3.67,SF/PF,3200,2,13.0,11.0,101,109,-1%,4,5,5,20,19,19,13.3,13.6,8.5,18.7,18.5,13.0,4.1,23.5,20.5,6.4
Al-Farouq Aminu,SF,,2019-11-20,ORL,TOR,3.0,207.0,102.0,4500,17,0.0,14.7,36.3,11.5,2.56,SF/PF,4500,2,13.0,9.0,105,100,16%,8,6,5,31,22,23,15.9,17.3,7.3,27.2,15.5,11.9,2.6,22.8,8.8,2.0
Bismack Biyombo,C,,2019-11-20,CHA,BKN,4.5,219.5,107.5,3200,18,5.3,12.0,19.5,11.5,3.59,C,3200,1,20.0,18.0,108,108,6%,5,5,4,15,15,14,11.9,12.1,3.8,20.3,13.0,11.5,3.6,16.8,24.3,7.6
Chris Silva,C,,2019-11-20,MIA,CLE,-10.5,214.0,112.3,3300,26,0.0,12.1,22.8,11.3,3.41,C,3300,3,19.0,21.0,102,107,4%,4,2,2,11,8,8,10.2,10.6,2.7,18.5,0.0,0.0,0.0,12.3,11.8,3.6
Matisse Thybulle,SG,,2019-11-20,PHI,NY,-12.0,210.5,111.3,3200,1,-1.0,6.7,17.5,10.8,3.36,SG/SF,3200,2,16.0,6.0,101,109,0%,3,2,3,10,9,14,6.7,10.2,1.6,18.7,14.0,10.5,3.3,14.5,15.5,4.8
Allen Crabbe,SG,,2019-11-20,ATL,MIL,11.0,232.5,110.8,3300,10,9.0,16.9,36.0,9.3,2.8,SG/SF,3300,2,,,109,99,8%,6,5,5,15,15,15,12.1,12.1,9.4,14.8,0.0,0.0,0.0,19.6,14.5,4.4
Rodney McGruder,SG,,2019-11-20,LAC,BOS,-7.5,217.5,112.5,3200,22,4.0,11.4,29.3,9.3,2.89,SG/SF,3200,1,11.0,3.0,103,101,-3%,5,5,3,19,20,17,11.4,7.2,-1.3,15.7,15.5,8.3,2.6,14.6,4.0,1.3
Matthew Dellavedova,PG,,2019-11-20,CLE,MIA,10.5,214.0,101.8,3100,10,1.5,8.0,12.5,8.0,2.58,PG/SG,3100,1,16.0,5.0,105,98,-8%,2,2,3,9,12,14,8.0,9.0,5.0,12.9,11.5,7.6,2.5,21.1,6.5,2.1
Justin Jackson,SF,,2019-11-20,DAL,GS,-13.5,216.5,115.0,3000,27,2.5,8.2,24.0,8.0,2.67,SF/PF,3000,1,18.0,14.0,105,113,4%,4,5,4,5,10,12,8.2,9.4,2.1,16.7,11.0,7.9,2.6,29.4,17.0,5.7
Kelan Martin,SG,,2019-11-20,MIN,UTA,3.0,222.0,109.5,3300,15,1.3,8.3,22.0,7.8,2.35,SG,3300,1,,,103,98,-7%,7,6,6,21,15,15,8.3,8.3,-1.1,17.7,15.5,12.0,3.6,24.7,21.8,6.6
Thon Maker,PF,,2019-11-20,DET,CHI,1.0,223.0,111.0,3300,8,0.0,10.7,22.0,7.5,2.27,PF/C,3300,4,11.0,10.0,106,105,17%,2,2,2,12,13,14,10.7,8.9,2.8,14.9,0.0,0.0,0.0,5.5,4.3,1.3
Matt Thomas,SG,,2019-11-20,TOR,ORL,-3.0,207.0,105.0,3000,23,4.8,9.9,14.8,7.3,2.42,SG,3000,1,13.0,14.0,100,101,-4%,5,4,4,16,14,14,9.9,9.6,6.2,13.0,12.0,8.4,2.8,2.4,0.0,0.0
Keita Bates-Diop,SF,,2019-11-20,MIN,UTA,3.0,222.0,109.5,3000,26,3.3,11.2,18.5,7.0,2.33,SF/PF,3000,1,,,103,98,-15%,3,2,2,15,11,11,7.2,7.2,3.0,11.3,0.0,0.0,0.0,4.1,3.0,1.0
Tyson Chandler,C,,2019-11-20,HOU,DEN,1.5,222.0,110.3,3800,25,0.0,10.8,20.3,7.0,1.84,C,3800,1,7.0,15.0,101,101,2%,2,1,1,21,14,10,10.8,8.3,1.2,15.4,0.0,0.0,0.0,8.9,6.8,1.8
Dwayne Bacon,SG,,2019-11-20,CHA,BKN,4.5,219.5,107.5,3200,6,-0.5,8.6,18.8,6.5,2.03,SG/SF,3200,1,23.0,6.0,108,108,-15%,5,7,11,12,17,24,8.6,16.6,3.5,29.7,0.0,0.0,0.0,13.9,14.8,4.6
Wes Iwundu,SG,,2019-11-20,ORL,TOR,3.0,207.0,102.0,3000,5,2.3,5.3,8.5,6.3,2.08,SG/SF,3000,2,,,105,100,3%,0,2,2,9,9,9,5.0,5.0,2.4,7.7,0.0,0.0,0.0,12.2,14.5,4.8
Shake Milton,PG,,2019-11-20,PHI,NY,-12.0,210.5,111.3,3000,30,-0.5,6.3,15.5,6.0,2.0,PG/SG,3000,2,,,101,109,5%,3,4,4,6,8,8,6.3,6.3,-0.1,12.6,0.0,0.0,0.0,16.9,9.5,3.2
Torrey Craig,SG,,2019-11-20,DEN,HOU,-1.5,222.0,111.8,3000,9,1.3,6.1,15.5,5.5,1.83,SG/SF,3000,2,12.0,6.0,109,105,12%,2,2,3,6,10,15,6.1,10.0,2.2,17.8,0.0,0.0,0.0,18.9,23.8,7.9
Chris Clemons,PG,,2019-11-20,HOU,DEN,1.5,222.0,110.3,3700,8,0.0,9.2,26.8,5.5,1.49,PG,3700,1,,,101,101,0%,8,5,4,18,11,11,9.2,8.8,-2.1,19.7,0.0,0.0,0.0,8.7,8.0,2.2
Jerome Robinson,SG,,2019-11-20,LAC,BOS,-7.5,217.5,112.5,3300,22,0.0,9.7,37.5,5.5,1.67,SG,3300,1,18.0,7.0,103,101,-3%,8,5,4,21,15,11,9.7,7.6,-4.6,19.7,0.0,0.0,0.0,1.2,0.0,0.0
Isaiah Hartenstein,PF,,2019-11-20,HOU,DEN,1.5,222.0,110.3,3500,17,1.5,10.2,25.0,4.0,1.14,PF/C,3500,1,,,101,101,-9%,3,2,2,22,19,19,14.8,14.8,5.2,24.3,0.0,0.0,0.0,4.3,5.5,1.6
Semi Ojeleye,SF,,2019-11-20,BOS,LAC,7.5,217.5,105.0,3100,3,-0.5,7.8,20.0,3.3,1.05,SF/PF,3100,1,8.0,8.0,105,102,-9%,4,2,2,19,12,11,7.8,4.8,-1.1,10.7,10.5,5.3,1.7,6.1,2.5,0.8
DeMarre Carroll,SF,,2019-11-20,SA,WAS,-2.5,237.5,120.0,3000,28,1.3,7.9,13.3,1.3,0.42,SF/PF,3000,1,,,107,112,0%,3,2,2,10,9,9,7.9,7.9,3.5,12.3,0.0,0.0,0.0,10.2,2.5,0.8
John Henson,C,O,2019-11-20,CLE,MIA,10.5,214.0,101.8,3000,4,5.3,11.1,21.0,0.0,0.0,C,3000,1,,,105,98,11%,0,0,0,0,0,0,0.0,0.0,0.0,0.0,0.0,0.0,0.0,0.0,0.0,0.0
Shamorie Ponds,PG,O,2019-11-20,TOR,ORL,-3.0,207.0,105.0,3000,4,,,,0.0,0.0,PG,3000,1,,,100,101,-4%,0,0,0,0,0,0,0.0,0.0,0.0,0.0,0.0,0.0,0.0,0.0,0.0,0.0
Gordon Hayward,SF,O,2019-11-20,BOS,LAC,7.5,217.5,105.0,3000,3,17.0,41.3,59.3,0.0,0.0,SF/PF,3000,1,23.0,22.0,105,102,-9%,18,15,14,31,33,34,42.2,39.0,25.8,52.2,0.0,0.0,0.0,0.0,0.0,0.0
Seth Curry,PG,O,2019-11-20,DAL,GS,-13.5,216.5,115.0,3700,22,4.3,15.8,34.5,0.0,0.0,PG/SG,3700,1,16.0,12.0,105,113,7%,7,7,6,30,26,23,15.8,15.1,5.9,24.2,0.0,0.0,0.0,0.0,0.0,0.0
Ed Davis,PF,O,2019-11-20,UTA,MIN,-3.0,222.0,112.5,3000,29,1.3,8.6,18.3,0.0,0.0,PF/C,3000,1,,,108,106,-2%,2,1,2,11,13,12,8.6,9.3,3.2,15.3,0.0,0.0,0.0,0.0,0.0,0.0
Patrick McCaw,PG,O,2019-11-20,TOR,ORL,-3.0,207.0,105.0,3000,4,0.0,5.3,12.8,0.0,0.0,PG/SG,3000,1,,,100,101,-5%,3,3,3,20,20,20,12.5,12.5,12.1,12.9,0.0,0.0,0.0,0.0,0.0,0.0
Reggie Jackson,PG,O,2019-11-20,DET,CHI,1.0,223.0,111.0,4100,20,13.8,28.7,44.8,0.0,0.0,PG/SG,4100,4,,,106,105,-13%,6,6,6,18,18,18,14.1,14.1,13.6,14.7,0.0,0.0,0.0,0.0,0.0,0.0
Klay Thompson,SG,O,2019-11-20,GS,DAL,13.5,216.5,101.5,3000,26,29.3,39.0,44.5,0.0,0.0,SG/SF,3000,0,,,102,108,1%,0,0,0,0,0,0,0.0,0.0,0.0,0.0,0.0,0.0,0.0,0.0,0.0,0.0
Chandler Hutchison,SF,O,2019-11-20,CHI,DET,-1.0,223.0,112.0,3700,15,11.8,18.6,26.0,0.0,0.0,SF/PF,3700,1,18.0,11.0,102,110,-1%,7,7,6,22,22,21,18.6,16.6,10.9,22.4,0.0,0.0,0.0,0.0,0.0,0.0
Eric Gordon,SG,O,2019-11-20,HOU,DEN,1.5,222.0,110.3,3500,11,7.8,15.7,26.3,0.0,0.0,SG/SF,3500,1,19.0,4.0,101,101,-8%,10,11,12,25,27,29,15.7,16.5,9.6,23.4,0.0,0.0,0.0,0.0,0.0,0.0
KZ Okpala,SF,O,2019-11-20,MIA,CLE,-10.5,214.0,112.3,3000,21,0.0,0.4,0.8,0.0,0.0,SF/PF,3000,3,,,102,107,-2%,0,0,0,1,1,1,0.4,0.4,-0.2,0.9,0.0,0.0,0.0,0.0,0.0,0.0
Kevon Looney,PF,O,2019-11-20,GS,DAL,13.5,216.5,101.5,3000,18,0.8,12.3,19.3,0.0,0.0,PF/C,3000,0,,,102,108,4%,0,0,0,0,0,0,0.0,0.0,0.0,0.0,0.0,0.0,0.0,0.0,0.0,0.0
Cristiano Felicio,C,O,2019-11-20,CHI,DET,-1.0,223.0,112.0,3000,22,11.5,13.3,16.3,0.0,0.0,C,3000,1,,,102,110,-4%,0,0,0,0,0,0,0.0,0.0,0.0,0.0,0.0,0.0,0.0,0.0,0.0,0.0
Stanley Johnson,SF,O,2019-11-20,TOR,ORL,-3.0,207.0,105.0,3000,9,0.0,3.3,5.8,0.0,0.0,SF/PF,3000,1,,,100,101,-10%,2,2,2,4,4,4,3.3,3.3,0.3,6.2,0.0,0.0,0.0,0.0,0.0,0.0
Stephen Curry,PG,O,2019-11-20,GS,DAL,13.5,216.5,101.5,3000,5,28.8,39.8,55.3,0.0,0.0,PG,3000,0,35.0,22.0,102,108,-2%,14,17,17,26,28,28,39.4,39.4,27.7,51.0,0.0,0.0,0.0,0.0,0.0,0.0
D'Angelo Russell,PG,O,2019-11-20,GS,DAL,13.5,216.5,101.5,8000,5,25.0,48.7,82.8,0.0,0.0,PG/SG,8000,0,34.0,22.0,102,108,-2%,12,21,19,28,33,32,48.7,41.2,21.9,60.5,0.0,0.0,0.0,0.0,0.0,0.0
Kevin Durant,SF,O,2019-11-20,BKN,CHA,-4.5,219.5,112.0,3000,19,16.5,42.8,61.8,0.0,0.0,SF/PF,3000,1,,,102,110,8%,0,0,0,0,0,0,0.0,0.0,0.0,0.0,0.0,0.0,0.0,0.0,0.0,0.0
Justise Winslow,PG,O,2019-11-20,MIA,CLE,-10.5,214.0,112.3,5900,2,16.0,33.2,49.3,0.0,0.0,PG/SF,5900,3,23.0,9.0,102,107,12%,9,14,14,30,36,36,33.2,33.2,17.9,48.5,0.0,0.0,0.0,0.0,0.0,0.0
Wilson Chandler,SF,O,2019-11-20,BKN,CHA,-4.5,219.5,112.0,3000,19,3.3,6.4,9.0,0.0,0.0,SF/PF,3000,1,,,102,110,8%,0,0,0,0,0,0,0.0,0.0,0.0,0.0,0.0,0.0,0.0,0.0,0.0,0.0
Ian Mahinmi,C,O,2019-11-20,WAS,SA,2.5,237.5,117.5,3000,17,4.5,12.9,33.5,0.0,0.0,C,3000,2,,,104,110,-7%,0,0,0,0,0,0,0.0,0.0,0.0,0.0,0.0,0.0,0.0,0.0,0.0,0.0
Derrick White,PG,O,2019-11-20,SA,WAS,-2.5,237.5,120.0,4500,14,4.8,18.3,28.8,0.0,0.0,PG/SG,4500,1,18.0,15.0,107,112,3%,5,8,8,28,27,24,21.7,20.8,12.9,28.8,0.0,0.0,0.0,0.0,0.0,0.0
Gerald Green,SG,O,2019-11-20,HOU,DEN,1.5,222.0,110.3,3000,11,0.0,5.5,13.0,0.0,0.0,SG/SF,3000,1,,,101,101,-8%,0,0,0,0,0,0,0.0,0.0,0.0,0.0,0.0,0.0,0.0,0.0,0.0,0.0
Kyle Lowry,PG,O,2019-11-20,TOR,ORL,-3.0,207.0,105.0,6900,4,18.5,38.6,51.5,0.0,0.0,PG,6900,1,24.0,20.0,100,101,-4%,17,15,15,39,38,39,42.1,43.0,37.5,48.5,0.0,0.0,0.0,0.0,0.0,0.0
Nene Hilario,C,O,2019-11-20,HOU,DEN,1.5,222.0,110.3,3000,25,1.3,5.4,9.0,0.0,0.0,C,3000,1,,,101,101,2%,0,0,0,0,0,0,0.0,0.0,0.0,0.0,0.0,0.0,0.0,0.0,0.0,0.0
Alen Smailagic,PF,O,2019-11-20,GS,DAL,13.5,216.5,101.5,3000,18,,,,0.0,0.0,PF/C,3000,0,,,102,108,5%,0,0,0,0,0,0,0.0,0.0,0.0,0.0,0.0,0.0,0.0,0.0,0.0,0.0
Romeo Langford,SG,O,2019-11-20,BOS,LAC,7.5,217.5,105.0,3000,7,,,,0.0,0.0,SG/SF,3000,1,,,105,102,7%,0,0,0,0,0,0,0.0,0.0,0.0,0.0,0.0,0.0,0.0,0.0,0.0,0.0
Michael Carter-Williams,PG,O,2019-11-20,ORL,TOR,3.0,207.0,102.0,3200,25,1.3,10.6,20.0,0.0,0.0,PG,3200,2,19.0,12.0,105,100,-4%,3,5,5,7,15,15,10.6,13.2,3.6,22.8,0.0,0.0,0.0,0.0,0.0,0.0
Khyri Thomas,SG,O,2019-11-20,DET,CHI,1.0,223.0,111.0,3000,16,0.0,4.4,12.8,0.0,0.0,SG,3000,4,,,106,105,4%,0,0,0,3,3,3,0.5,0.5,-0.2,1.2,0.0,0.0,0.0,0.0,0.0,0.0
Otto Porter Jr.,SF,O,2019-11-20,CHI,DET,-1.0,223.0,112.0,5200,15,15.8,26.3,38.0,0.0,0.0,SF/PF,5200,1,18.0,14.0,102,110,-1%,11,11,10,27,29,27,22.8,20.1,11.0,29.2,0.0,0.0,0.0,0.0,0.0,0.0
Damion Lee,SG,O,2019-11-20,GS,DAL,13.5,216.5,101.5,4100,26,7.5,19.5,30.5,0.0,0.0,SG/SF,4100,0,21.0,13.0,102,108,1%,9,10,9,22,26,24,19.4,20.5,9.6,31.4,0.0,0.0,0.0,0.0,0.0,0.0
Elfrid Payton,PG,O,2019-11-20,NY,PHI,12.0,210.5,99.3,4600,21,7.0,22.1,36.0,0.0,0.0,PG,4600,1,18.0,14.0,104,103,-1%,5,7,7,26,25,25,22.1,22.1,9.6,34.6,0.0,0.0,0.0,0.0,0.0,0.0
Josh Richardson,SG,O,2019-11-20,PHI,NY,-12.0,210.5,111.3,5700,1,16.0,29.2,36.3,0.0,0.0,SG/SF,5700,2,22.0,12.0,101,109,-5%,14,13,13,31,32,33,29.1,28.4,20.7,36.1,0.0,0.0,0.0,0.0,0.0,0.0
John Collins,PF,O,2019-11-20,ATL,MIL,11.0,232.5,110.8,3000,23,30.3,36.9,50.8,0.0,0.0,PF/C,3000,2,19.0,21.0,109,99,-10%,14,12,12,34,32,32,36.9,36.9,28.2,45.6,0.0,0.0,0.0,0.0,0.0,0.0
Jacob Evans III,SG,O,2019-11-20,GS,DAL,13.5,216.5,101.5,3000,26,,,,0.0,0.0,SG/SF,3000,0,,,102,108,1%,2,4,4,11,14,14,9.6,9.6,-1.8,20.9,0.0,0.0,0.0,0.0,0.0,0.0
Derrick Jones Jr.,SF,O,2019-11-20,MIA,CLE,-10.5,214.0,112.3,3100,21,4.8,12.9,19.0,0.0,0.0,SF/PF,3100,3,,,102,107,12%,6,5,5,13,14,14,11.6,11.6,5.6,17.6,0.0,0.0,0.0,0.0,0.0,0.0
Landry Shamet,SG,O,2019-11-20,LAC,BOS,-7.5,217.5,112.5,3200,22,10.8,13.4,18.8,0.0,0.0,SG/SF,3200,1,13.0,6.0,103,101,-3%,7,8,8,30,29,31,13.2,15.4,10.3,20.6,0.0,0.0,0.0,0.0,0.0,0.0
Dylan Windler,SG,O,2019-11-20,CLE,MIA,10.5,214.0,101.8,3000,14,,,,0.0,0.0,SG/SF,3000,1,,,105,98,-8%,0,0,0,0,0,0,0.0,0.0,0.0,0.0,0.0,0.0,0.0,0.0,0.0,0.0
Jake Layman,SF,O,2019-11-20,MIN,UTA,3.0,222.0,109.5,4500,26,9.0,21.2,35.3,0.0,0.0,SF/PF,4500,1,17.0,10.0,103,98,-15%,11,10,10,32,31,27,23.1,19.1,12.1,26.1,0.0,0.0,0.0,0.0,0.0,0.0
Brandon Knight,PG,O,2019-11-20,CLE,MIA,10.5,214.0,101.8,3200,10,-0.5,12.7,22.8,0.0,0.0,PG/SG,3200,1,,,105,98,-8%,8,6,6,16,14,14,12.7,12.7,3.2,22.1,0.0,0.0,0.0,0.0,0.0,0.0
Caris LeVert,PG,O,2019-11-20,BKN,CHA,-4.5,219.5,112.0,5300,1,17.0,28.4,39.8,0.0,0.0,PG/SF,5300,1,27.0,11.0,102,110,-2%,12,15,16,28,30,32,28.4,29.6,21.0,38.1,0.0,0.0,0.0,0.0,0.0,0.0
Tristan Thompson,C,O,2019-11-20,CLE,MIA,10.5,214.0,101.8,5900,4,9.3,24.3,35.0,0.0,0.0,C,5900,1,20.0,21.0,105,98,-12%,9,10,12,26,30,32,32.6,37.4,26.9,47.8,0.0,0.0,0.0,0.0,0.0,0.0
Reggie Bullock,SG,O,2019-11-20,NY,PHI,12.0,210.5,99.3,3000,2,15.0,19.8,30.3,0.0,0.0,SG/SF,3000,1,,,104,103,-9%,0,0,0,0,0,0,0.0,0.0,0.0,0.0,0.0,0.0,0.0,0.0,0.0,0.0
Dion Waiters,SG,O,2019-11-20,MIA,CLE,-10.5,214.0,112.3,4200,20,6.0,21.4,36.3,0.0,0.0,SG/SF,4200,3,,,102,107,0%,0,0,0,0,0,0,0.0,0.0,0.0,0.0,0.0,0.0,0.0,0.0,0.0,0.0
Kyrie Irving,PG,O,2019-11-20,BKN,CHA,-4.5,219.5,112.0,8500,1,27.5,44.5,62.0,0.0,0.0,PG,8500,1,35.0,26.0,102,110,-2%,25,24,24,36,36,35,49.5,52.3,40.6,64.0,0.0,0.0,0.0,0.0,0.0,0.0
Tony Snell,SG,O,2019-11-20,DET,CHI,1.0,223.0,111.0,3500,16,1.3,17.6,33.3,0.0,0.0,SG/SF,3500,4,13.0,11.0,106,105,4%,7,9,8,27,31,29,20.1,17.3,10.6,23.9,0.0,0.0,0.0,0.0,0.0,0.0
Khris Middleton,SG,O,2019-11-20,MIL,ATL,-11.0,232.5,121.8,3200,28,22.8,30.9,42.3,0.0,0.0,SG/SF,3200,1,23.0,17.0,105,109,30%,15,14,14,30,31,31,30.9,32.0,24.1,39.8,0.0,0.0,0.0,0.0,0.0,0.0
Kevin Huerter,SG,O,2019-11-20,ATL,MIL,11.0,232.5,110.8,4400,10,21.0,23.3,28.8,0.0,0.0,SG/SF,4400,2,19.0,13.0,109,99,8%,8,9,8,23,25,23,23.3,19.7,14.6,24.7,0.0,0.0,0.0,0.0,0.0,0.0
John Wall,PG,O,2019-11-20,WAS,SA,2.5,237.5,117.5,3000,11,19.8,41.6,79.5,0.0,0.0,PG,3000,2,,,104,110,13%,0,0,0,0,0,0,0.0,0.0,0.0,0.0,0.0,0.0,0.0,0.0,0.0,0.0
Luke Kornet,PF,O,2019-11-20,CHI,DET,-1.0,223.0,112.0,3000,15,3.3,8.0,13.5,0.0,0.0,PF/C,3000,1,17.0,10.0,102,110,5%,3,4,4,6,10,12,8.0,9.0,4.4,13.6,0.0,0.0,0.0,0.0,0.0,0.0
