Player Name,position,injury_status,game_date,team,opp,spread,over_under,implied_team_score,salary,L5_dvp_rank,L5_ppg_floor,L5_ppg_avg,L5_ppg_max,ppg_projection,value_projection,Pos,Salary,Rest,USG,PER,Opp Pace,Opp DEff,Opp DvP,L2 FGA,L5 FGA,S FGA,L2 Min,L5 Min,S Min,L5 FP,S FP,Floor FP,Ceil FP,Proj Min,Proj FP,Proj Val,Actual Min,Actual FP,Actual Val
James Harden,PG,,2019-12-05,HOU,TOR,2.0,230.5,114.3,12000,6,55.5,70.2,85.3,60.0,5.0,PG/SG,12000,1,40.0,32.0,103,100,-4%,31,25,25,40,40,38,70.3,64.9,52.9,76.8,37.5,61.7,5.1,40.4,47.8,4.0
Joel Embiid,C,,2019-12-05,PHI,WAS,-7.5,236.0,121.8,9700,25,17.3,47.0,60.8,57.5,5.93,C,9700,2,32.0,25.0,108,114,14%,14,15,16,32,33,30,46.6,47.0,33.7,60.3,32.5,57.9,6.0,35.2,53.8,5.5
Nikola Jokic,C,,2019-12-05,DEN,NY,-9.5,203.0,106.3,8500,17,28.5,40.0,62.5,47.8,5.62,C,8500,1,26.0,19.0,100,110,-3%,12,11,14,35,33,31,40.3,40.8,28.8,52.7,32.0,42.2,5.0,24.7,32.5,3.8
Ben Simmons,PG,,2019-12-05,PHI,WAS,-7.5,236.0,121.8,8000,30,35.3,42.5,52.0,45.5,5.69,PG/SF,8000,2,22.0,17.0,108,114,5%,12,11,11,36,37,36,42.7,41.0,34.1,47.9,35.0,44.6,5.6,36.0,42.3,5.3
Russell Westbrook,PG,,2019-12-05,HOU,TOR,2.0,230.5,114.3,8800,6,35.5,43.5,53.5,45.5,5.17,PG,8800,1,33.0,17.0,103,100,-4%,21,21,20,38,37,34,44.1,45.7,32.5,58.8,35.5,46.4,5.3,35.4,56.3,6.4
Jrue Holiday,PG,,2019-12-05,NO,PHO,-4.5,235.0,119.8,7300,26,32.0,39.6,60.5,43.8,5.99,PG/SG,7300,1,26.0,17.0,105,107,4%,19,18,18,36,38,37,39.6,41.0,30.0,52.0,35.5,42.5,5.8,41.1,51.8,7.1
Bradley Beal,SG,,2019-12-05,WAS,PHI,7.5,236.0,114.3,8700,21,29.0,45.2,57.5,43.8,5.03,SG,8700,1,32.0,23.0,102,101,-12%,25,19,22,38,35,37,45.2,47.6,35.0,60.1,39.5,52.0,6.0,38.1,44.0,5.1
Brandon Ingram,SF,,2019-12-05,NO,PHO,-4.5,235.0,119.8,8200,6,39.3,43.5,47.3,43.8,5.34,SF/PF,8200,1,29.0,22.0,105,107,0%,17,19,20,39,38,36,43.5,46.3,39.2,53.4,36.0,47.4,5.8,30.4,32.5,4.0
Pascal Siakam,PF,,2019-12-05,TOR,HOU,-2.0,230.5,116.3,8400,23,32.0,43.1,53.3,43.3,5.15,PF/C,8400,1,29.0,20.0,108,106,5%,18,20,20,37,37,37,43.0,45.7,35.5,56.0,36.0,45.8,5.5,36.4,43.8,5.2
Devin Booker,PG,,2019-12-05,PHO,NO,4.5,235.0,115.3,7500,25,18.8,33.3,45.0,42.3,5.63,PG/SG,7500,0,29.0,19.0,107,111,6%,16,16,17,34,36,35,33.3,38.7,27.6,49.9,36.0,41.1,5.5,42.5,71.5,9.5
Clint Capela,C,,2019-12-05,HOU,TOR,2.0,230.5,114.3,7900,8,39.8,51.6,58.3,42.3,5.35,C,7900,1,16.0,23.0,103,100,-8%,13,13,10,40,38,33,51.8,41.5,28.0,55.1,35.0,42.8,5.4,32.2,28.8,3.6
Kyle Lowry,PG,,2019-12-05,TOR,HOU,-2.0,230.5,116.3,7000,24,18.5,38.5,51.5,39.8,5.68,PG,7000,1,25.0,19.0,108,106,-7%,17,16,16,40,39,39,43.1,42.8,37.6,47.9,34.5,37.4,5.3,41.8,38.8,5.5
Al Horford,PF,,2019-12-05,PHI,WAS,-7.5,236.0,121.8,6400,27,28.3,33.0,41.5,38.0,5.94,PF/C,6400,2,20.0,19.0,108,114,0%,10,10,12,33,33,32,35.3,34.2,25.8,42.7,32.5,38.2,6.0,28.9,23.3,3.6
Tobias Harris,SF,,2019-12-05,PHI,WAS,-7.5,236.0,121.8,6500,23,27.5,32.7,42.3,38.0,5.85,SF/PF,6500,2,23.0,16.0,108,114,11%,20,17,15,36,36,35,32.7,35.5,27.6,43.3,34.5,37.5,5.8,39.7,49.3,7.6
Julius Randle,PF,,2019-12-05,NY,DEN,9.5,203.0,96.8,6300,15,27.3,32.8,42.5,36.0,5.71,PF/C,6300,2,27.0,15.0,100,100,-9%,14,14,14,30,32,33,32.1,34.5,25.9,43.2,33.0,35.1,5.6,21.4,16.5,2.6
Fred VanVleet,PG,,2019-12-05,TOR,HOU,-2.0,230.5,116.3,6600,24,24.3,40.7,49.8,36.0,5.45,PG/SG,6600,1,23.0,17.0,108,106,-7%,13,14,15,38,37,38,40.6,39.0,29.3,48.6,36.0,37.9,5.7,38.5,43.5,6.6
Jamal Murray,PG,,2019-12-05,DEN,NY,-9.5,203.0,106.3,6700,3,27.0,36.1,41.3,35.8,5.34,PG/SG,6700,1,27.0,18.0,100,110,1%,17,18,17,36,36,34,37.8,36.1,24.5,47.7,33.5,35.1,5.2,22.2,23.8,3.6
Ricky Rubio,PG,,2019-12-05,PHO,NO,4.5,235.0,115.3,6200,25,6.8,26.4,39.8,34.5,5.56,PG,6200,0,22.0,17.0,107,111,10%,10,10,11,30,30,32,29.6,35.7,27.0,44.5,32.0,35.5,5.7,41.8,53.5,8.6
Kelly Oubre Jr.,SF,,2019-12-05,PHO,NO,4.5,235.0,115.3,6100,24,15.3,26.9,48.0,32.8,5.37,SF/PF,6100,0,22.0,17.0,107,111,3%,13,14,13,30,34,32,33.9,31.7,20.0,43.4,32.0,32.6,5.3,47.0,48.8,8.0
Will Barton,PG,,2019-12-05,DEN,NY,-9.5,203.0,106.3,5900,3,21.0,33.5,41.5,31.8,5.38,PG/SF,5900,1,20.0,16.0,100,110,-4%,13,14,13,39,36,34,33.5,33.8,25.9,41.7,34.5,32.3,5.5,24.1,26.5,4.5
Lonzo Ball,PG,,2019-12-05,NO,PHO,-4.5,235.0,119.8,5300,26,16.3,23.2,31.5,30.3,5.71,PG,5300,1,22.0,12.0,105,107,4%,12,12,11,32,26,28,23.1,27.3,18.5,36.2,31.0,31.7,6.0,43.5,54.0,10.2
Frank Kaminsky,PF,,2019-12-05,PHO,NO,4.5,235.0,115.3,5300,14,8.0,21.8,36.8,28.5,5.38,PF/C,5300,0,20.0,12.0,107,111,4%,12,8,9,30,22,24,21.8,22.1,12.2,32.1,30.0,27.1,5.1,32.6,33.0,6.2
Marc Gasol,C,,2019-12-05,TOR,HOU,-2.0,230.5,116.3,4400,10,16.3,24.1,31.3,27.8,6.31,C,4400,1,13.0,9.0,108,106,3%,9,7,7,29,30,29,24.1,23.0,16.6,29.4,27.5,23.9,5.4,28.9,31.5,7.2
Dario Saric,SF,,2019-12-05,PHO,NO,4.5,235.0,115.3,6000,24,20.0,34.9,47.8,27.5,4.58,SF/PF,6000,0,17.0,13.0,107,111,4%,9,10,9,29,32,29,34.9,26.6,14.6,38.6,31.0,29.3,4.9,25.9,15.8,2.6
Rui Hachimura,PF,,2019-12-05,WAS,PHI,7.5,236.0,114.3,5700,7,17.5,28.2,48.8,27.3,4.78,PF/C,5700,1,19.0,14.0,102,101,-10%,18,14,12,39,31,28,28.1,24.6,14.6,34.7,32.5,27.7,4.9,42.5,39.3,6.9
RJ Barrett,PG,,2019-12-05,NY,DEN,9.5,203.0,96.8,5600,4,5.5,24.1,33.3,27.0,4.82,PG/SG,5600,2,25.0,11.0,100,100,-9%,13,13,14,32,32,33,28.1,30.0,20.4,39.5,31.0,26.7,4.8,22.0,27.3,4.9
Serge Ibaka,PF,,2019-12-05,TOR,HOU,-2.0,230.5,116.3,4700,23,15.0,25.2,35.5,26.5,5.64,PF/C,4700,1,25.0,18.0,108,106,5%,11,13,11,21,24,24,28.6,27.3,21.6,32.9,21.5,24.8,5.3,17.4,18.3,3.9
Moritz Wagner,PF,Q,2019-12-05,WAS,PHI,7.5,236.0,114.3,5500,7,12.5,22.4,32.3,26.0,4.73,PF/C,5500,1,22.0,20.0,102,101,-10%,8,8,8,20,20,19,22.4,23.4,13.3,33.5,27.5,29.8,5.4,25.9,22.3,4.1
Marcus Morris,SF,Q,2019-12-05,NY,DEN,9.5,203.0,96.8,5000,11,12.8,33.0,53.8,25.0,5.0,SF/PF,5000,2,,,100,100,-9%,15,15,15,33,34,34,38.0,33.1,22.1,44.1,31.0,26.9,5.4,26.3,18.5,3.7
Paul Millsap,PF,,2019-12-05,DEN,NY,-9.5,203.0,106.3,4900,17,9.5,25.7,37.5,24.5,5.0,PF/C,4900,1,20.0,20.0,100,110,3%,9,10,10,25,26,26,25.7,26.9,17.4,36.3,26.5,26.2,5.3,21.6,25.5,5.2
Davis Bertans,SF,,2019-12-05,WAS,PHI,7.5,236.0,114.3,5800,17,13.3,27.3,35.3,24.3,4.18,SF/PF,5800,1,16.0,16.0,102,101,-6%,13,10,10,35,29,28,27.3,25.6,16.7,34.4,30.0,26.6,4.6,37.1,31.3,5.4
Gary Harris,SG,,2019-12-05,DEN,NY,-9.5,203.0,106.3,4200,20,11.8,21.0,42.3,23.8,5.65,SG,4200,1,16.0,10.0,100,110,-4%,13,10,10,35,34,33,20.9,21.5,13.3,29.8,33.0,21.1,5.0,21.9,16.0,3.8
OG Anunoby,SF,,2019-12-05,TOR,HOU,-2.0,230.5,116.3,4600,27,14.8,24.5,35.0,23.8,5.16,SF/PF,4600,1,14.0,14.0,108,106,12%,5,7,9,26,31,31,24.5,26.3,16.0,36.5,29.0,24.6,5.3,23.5,22.5,4.9
Mitchell Robinson,C,,2019-12-05,NY,DEN,9.5,203.0,96.8,5100,14,11.3,18.7,31.0,23.5,4.61,C,5100,2,15.0,23.0,100,100,-1%,4,3,5,22,24,21,18.6,23.0,15.6,30.4,24.0,25.2,4.9,29.9,33.3,6.5
JJ Redick,SG,,2019-12-05,NO,PHO,-4.5,235.0,119.8,4800,15,21.0,25.5,30.5,23.0,4.79,SG/SF,4800,1,19.0,15.0,105,107,0%,11,12,11,30,31,29,25.5,24.6,14.6,34.6,29.0,26.2,5.5,34.3,37.0,7.7
P.J. Tucker,SF,,2019-12-05,HOU,TOR,2.0,230.5,114.3,5000,22,22.5,27.3,32.8,22.8,4.55,SF/PF,5000,1,9.0,12.0,103,100,0%,6,7,7,41,38,36,27.7,25.1,16.1,34.1,36.0,23.4,4.7,38.5,40.3,8.1
Danuel House Jr.,SF,Q,2019-12-05,HOU,TOR,2.0,230.5,114.3,4600,22,5.3,21.7,36.5,22.5,4.89,SF/PF,4600,1,14.0,16.0,103,100,11%,12,8,9,34,31,31,26.9,26.0,17.7,34.3,26.5,20.5,4.5,27.0,23.3,5.1
Norman Powell,SG,,2019-12-05,TOR,HOU,-2.0,230.5,116.3,5100,13,17.0,30.3,42.0,22.5,4.41,SG/SF,5100,1,19.0,14.0,108,106,12%,13,13,10,34,31,28,30.3,23.6,13.8,33.5,27.5,23.8,4.7,24.6,21.0,4.1
Elfrid Payton,PG,Q,2019-12-05,NY,DEN,9.5,203.0,96.8,4600,4,7.0,22.1,36.0,21.0,4.57,PG,4600,2,,,100,100,-8%,5,7,7,26,25,25,22.1,22.1,9.6,34.6,13.5,11.9,2.6,11.3,7.5,1.6
Josh Hart,SG,,2019-12-05,NO,PHO,-4.5,235.0,119.8,4500,15,17.3,25.8,38.3,20.3,4.5,SG/SF,4500,1,16.0,14.0,105,107,-6%,8,8,9,30,29,29,25.8,27.9,18.6,37.2,25.5,21.9,4.9,21.4,16.5,3.7
Furkan Korkmaz,SG,,2019-12-05,PHI,WAS,-7.5,236.0,121.8,3500,9,5.0,12.8,18.0,19.3,5.5,SG/SF,3500,2,16.0,9.0,108,114,13%,8,7,8,23,23,24,12.8,15.3,7.2,23.4,24.0,17.6,5.0,19.5,11.8,3.4
Jerami Grant,PF,,2019-12-05,DEN,NY,-9.5,203.0,106.3,3700,17,10.5,17.0,31.0,18.5,5.0,PF/C,3700,1,18.0,12.0,100,110,0%,7,7,8,25,23,22,17.0,17.1,9.6,24.5,21.5,16.8,4.5,21.1,22.3,6.0
Rondae Hollis-Jefferson,SF,,2019-12-05,TOR,HOU,-2.0,230.5,116.3,3800,27,10.3,21.7,34.5,18.5,4.87,SF/PF,3800,1,17.0,19.0,108,106,12%,6,7,7,20,23,24,21.6,23.0,14.9,31.2,15.0,15.3,4.0,11.4,7.8,2.1
Mikal Bridges,SG,,2019-12-05,PHO,NO,4.5,235.0,115.3,4000,2,3.3,14.7,31.5,18.5,4.63,SG/SF,4000,0,13.0,13.0,107,111,3%,10,7,5,28,20,21,14.7,15.9,7.6,24.3,23.0,17.4,4.3,21.5,13.3,3.3
Matisse Thybulle,SG,,2019-12-05,PHI,WAS,-7.5,236.0,121.8,3600,9,5.0,14.2,32.8,18.3,5.07,SG/SF,3600,2,14.0,9.0,108,114,5%,4,4,4,23,18,16,14.2,11.1,2.2,20.0,23.0,17.8,4.9,31.0,23.8,6.6
James Ennis III,SF,,2019-12-05,PHI,WAS,-7.5,236.0,121.8,3700,23,2.0,17.6,31.5,17.8,4.8,SF/PF,3700,2,16.0,16.0,108,114,11%,9,6,5,27,20,17,17.6,14.9,7.1,22.7,25.5,20.3,5.5,17.2,6.5,1.8
Taj Gibson,PF,,2019-12-05,NY,DEN,9.5,203.0,96.8,3800,15,8.5,16.1,24.5,17.8,4.67,PF/C,3800,2,16.0,15.0,100,100,-9%,7,6,5,20,19,16,15.9,14.3,6.5,22.0,19.5,17.2,4.5,18.1,11.5,3.0
Kenrich Williams,SF,Q,2019-12-05,NO,PHO,-4.5,235.0,119.8,3600,6,1.3,14.8,23.8,17.5,4.86,SF/PF,3600,1,10.0,11.0,105,107,3%,4,3,5,20,25,25,14.8,19.2,8.7,29.7,25.5,18.7,5.2,24.8,17.0,4.7
Dennis Smith Jr.,PG,,2019-12-05,NY,DEN,9.5,203.0,96.8,3700,4,8.3,18.6,32.8,17.3,4.66,PG,3700,2,22.0,7.0,100,100,-8%,9,7,6,32,24,18,18.6,13.3,3.0,23.5,12.5,10.5,2.8,17.7,14.8,4.0
Cheick Diallo,PF,,2019-12-05,PHO,NO,4.5,235.0,115.3,4100,14,4.0,21.7,32.0,17.0,4.15,PF/C,4100,0,16.0,24.0,107,111,4%,5,6,3,11,19,10,21.6,11.2,-0.1,22.5,14.0,13.7,3.3,11.4,14.5,3.5
Troy Brown,SG,,2019-12-05,WAS,PHI,7.5,236.0,114.3,3800,21,7.8,18.9,26.3,17.0,4.47,SG/SF,3800,1,16.0,13.0,102,101,-6%,6,7,7,22,20,21,18.9,18.5,10.6,26.4,23.5,20.5,5.4,18.0,23.0,6.1
Mason Plumlee,PF,,2019-12-05,DEN,NY,-9.5,203.0,106.3,3800,17,8.0,20.6,29.8,16.8,4.41,PF/C,3800,1,21.0,19.0,100,110,-3%,4,6,5,15,16,17,20.6,19.2,12.8,25.7,15.5,16.0,4.2,20.9,41.8,11.0
Bobby Portis,PF,,2019-12-05,NY,DEN,9.5,203.0,96.8,3900,15,6.0,13.8,20.0,16.8,4.29,PF/C,3900,2,20.0,13.0,100,100,-9%,8,7,9,20,18,22,13.8,20.9,10.5,31.3,18.5,17.0,4.4,26.6,16.5,4.2
Ish Smith,PG,,2019-12-05,WAS,PHI,7.5,236.0,114.3,3600,1,9.0,19.2,42.5,16.0,4.44,PG,3600,1,17.0,12.0,102,101,-7%,6,8,8,16,21,23,19.1,19.8,10.0,29.6,30.0,26.0,7.2,34.0,33.3,9.3
Isaac Bonga,PG,,2019-12-05,WAS,PHI,7.5,236.0,114.3,3700,1,2.0,9.4,17.3,16.0,4.32,PG/SF,3700,1,11.0,11.0,102,101,-7%,3,2,3,18,13,15,9.3,10.8,4.1,17.4,21.5,16.0,4.3,19.6,11.8,3.2
Ben McLemore,SG,,2019-12-05,HOU,TOR,2.0,230.5,114.3,4500,24,10.3,22.6,47.8,15.8,3.5,SG/SF,4500,1,16.0,10.0,103,100,2%,12,9,7,30,27,21,22.6,14.9,3.7,26.2,27.0,18.0,4.0,29.3,40.0,8.9
Austin Rivers,PG,,2019-12-05,HOU,TOR,2.0,230.5,114.3,4300,6,8.3,18.6,30.5,15.8,3.66,PG/SG,4300,1,14.0,10.0,103,100,-4%,10,8,7,36,29,25,18.6,15.5,7.7,23.3,23.0,14.6,3.4,27.6,23.8,5.5
Frank Ntilikina,PG,Q,2019-12-05,NY,DEN,9.5,203.0,96.8,4100,4,4.0,19.3,38.8,15.5,3.78,PG/SG,4100,2,15.0,10.0,100,100,-8%,9,9,7,22,27,28,19.3,19.1,8.0,30.3,26.5,16.9,4.1,23.7,11.5,2.8
Jaxson Hayes,C,,2019-12-05,NO,PHO,-4.5,235.0,119.8,3800,28,14.8,19.6,25.3,15.5,4.08,C,3800,1,15.0,17.0,105,107,3%,6,6,6,26,25,21,19.6,19.1,12.7,25.4,26.0,24.1,6.3,32.8,34.3,9.0
Mike Scott,SF,,2019-12-05,PHI,WAS,-7.5,236.0,121.8,3200,23,5.8,9.4,18.0,14.8,4.61,SF/PF,3200,2,13.0,9.0,108,114,0%,4,5,5,19,21,20,9.4,12.3,6.8,17.7,19.0,13.0,4.1,17.6,6.8,2.1
Terence Davis,PG,,2019-12-05,TOR,HOU,-2.0,230.5,116.3,3500,24,6.8,18.0,29.0,13.8,3.93,PG/SG,3500,1,17.0,16.0,108,106,5%,5,7,5,19,20,16,17.9,15.1,4.1,26.1,14.0,13.3,3.8,14.2,14.3,4.1
Cameron Johnson,SF,,2019-12-05,PHO,NO,4.5,235.0,115.3,3000,24,7.5,14.2,28.5,13.8,4.58,SF/PF,3000,0,18.0,14.0,107,111,10%,7,7,7,18,21,19,14.2,15.6,6.6,24.5,17.5,14.3,4.8,31.0,32.5,10.8
Monte Morris,PG,,2019-12-05,DEN,NY,-9.5,203.0,106.3,3200,3,2.3,12.3,23.3,13.8,4.3,PG,3200,1,21.0,14.0,100,110,1%,4,5,6,14,15,17,12.3,14.7,6.2,23.1,15.0,13.3,4.2,25.8,35.8,11.2
Ty Jerome,PG,,2019-12-05,PHO,NO,4.5,235.0,115.3,3500,25,18.8,19.3,19.8,13.5,3.86,PG/SG,3500,0,,,107,111,10%,5,5,5,15,15,15,19.3,19.3,18.5,20.0,13.5,11.6,3.3,9.3,10.0,2.9
Damyean Dotson,SG,,2019-12-05,NY,DEN,9.5,203.0,96.8,3700,25,14.5,17.7,24.0,12.3,3.31,SG/SF,3700,2,17.0,11.0,100,100,-3%,8,7,6,30,23,16,17.7,11.4,4.5,18.3,19.0,12.8,3.5,4.1,6.3,1.7
Kevin Knox,SF,,2019-12-05,NY,DEN,9.5,203.0,96.8,3700,11,4.0,11.7,21.8,11.8,3.18,SF/PF,3700,2,,,100,100,-8%,9,6,7,22,17,20,11.7,15.4,8.4,22.4,12.0,9.1,2.5,21.7,15.5,4.2
Malik Beasley,PG,,2019-12-05,DEN,NY,-9.5,203.0,106.3,3000,3,5.5,12.1,19.0,11.8,3.92,PG/SG,3000,1,21.0,9.0,100,110,-4%,10,6,6,17,14,15,12.1,11.3,3.9,18.8,16.0,12.1,4.0,23.6,19.0,6.3
Raul Neto,PG,,2019-12-05,PHI,WAS,-7.5,236.0,121.8,3000,30,1.5,5.8,10.5,10.5,3.5,PG,3000,2,17.0,10.0,108,114,5%,5,3,3,12,10,12,5.8,8.3,0.4,16.2,13.0,10.5,3.5,12.0,13.3,4.4
Allonzo Trier,PG,,2019-12-05,NY,DEN,9.5,203.0,96.8,3000,4,2.3,11.8,19.3,8.5,2.83,PG/SG,3000,2,23.0,16.0,100,100,-8%,5,4,4,9,11,14,11.8,12.5,2.3,22.8,0.0,0.0,0.0,6.5,8.0,2.7
Juancho Hernangomez,SF,,2019-12-05,DEN,NY,-9.5,203.0,106.3,3000,30,0.3,5.6,9.3,7.5,2.5,SF/PF,3000,1,13.0,8.0,100,110,3%,3,2,3,10,12,13,5.5,8.2,0.4,16.0,10.5,7.1,2.4,23.9,23.3,7.8
Nickeil Alexander-Walker,PG,,2019-12-05,NO,PHO,-4.5,235.0,119.8,3000,26,0.0,12.1,35.3,7.0,2.33,PG/SG,3000,1,26.0,8.0,105,107,4%,6,7,7,8,13,14,12.1,13.4,0.9,25.9,0.0,0.0,0.0,10.7,13.0,4.3
Thabo Sefolosha,SF,,2019-12-05,HOU,TOR,2.0,230.5,114.3,3000,22,0.0,6.6,16.8,5.5,1.83,SF/PF,3000,1,11.0,9.0,103,100,0%,2,2,3,10,9,11,6.5,8.0,3.4,12.6,0.0,0.0,0.0,6.1,0.8,0.3
Wayne Ellington,SG,,2019-12-05,NY,DEN,9.5,203.0,96.8,3000,25,0.0,8.7,20.8,5.0,1.67,SG/SF,3000,2,16.0,5.0,100,100,-3%,3,4,5,11,16,15,8.7,8.6,1.5,15.6,0.0,0.0,0.0,10.8,10.3,3.4
Chris Clemons,PG,,2019-12-05,HOU,TOR,2.0,230.5,114.3,3000,6,2.0,7.0,17.5,4.8,1.58,PG,3000,1,21.0,12.0,103,100,-4%,8,4,4,13,7,9,5.0,7.4,-1.8,16.6,0.0,0.0,0.0,3.5,1.3,0.4
Frank Jackson,PG,,2019-12-05,NO,PHO,-4.5,235.0,119.8,3000,26,1.8,3.6,5.8,4.3,1.42,PG/SG,3000,1,22.0,9.0,105,107,4%,2,3,7,10,11,16,3.6,11.9,2.9,21.0,0.0,0.0,0.0,9.7,3.3,1.1
Elie Okobo,PG,,2019-12-05,PHO,NO,4.5,235.0,115.3,3100,25,5.5,16.4,29.3,3.5,1.13,PG/SG,3100,0,20.0,16.0,107,111,10%,2,6,4,6,16,11,16.4,10.7,1.0,20.4,0.0,0.0,0.0,2.0,0.0,0.0
Thomas Bryant,PF,O,2019-12-05,WAS,PHI,7.5,236.0,114.3,5800,7,15.3,27.4,42.3,0.0,0.0,PF/C,5800,1,19.0,19.0,102,101,-13%,9,9,10,26,27,28,27.4,31.5,22.2,40.8,0.0,0.0,0.0,0.0,0.0,0.0
Stanley Johnson,SF,O,2019-12-05,TOR,HOU,-2.0,230.5,116.3,3000,27,0.0,3.3,5.8,0.0,0.0,SF/PF,3000,1,,,108,106,12%,2,2,2,4,4,4,3.3,3.3,0.3,6.2,0.0,0.0,0.0,0.0,0.0,0.0
Patrick McCaw,PG,O,2019-12-05,TOR,HOU,-2.0,230.5,116.3,3000,24,0.0,5.3,12.8,0.0,0.0,PG/SG,3000,1,,,108,106,8%,3,3,3,20,20,20,12.5,12.5,12.1,12.9,0.0,0.0,0.0,0.0,0.0,0.0
Josh Richardson,SG,O,2019-12-05,PHI,WAS,-7.5,236.0,121.8,5600,9,15.5,30.0,44.3,0.0,0.0,SG/SF,5600,2,22.0,15.0,108,114,11%,17,15,13,31,31,33,34.1,30.1,21.6,38.6,0.0,0.0,0.0,0.0,0.0,0.0
Reggie Bullock,SG,O,2019-12-05,NY,DEN,9.5,203.0,96.8,3000,25,15.0,19.8,30.3,0.0,0.0,SG/SF,3000,2,,,100,100,-8%,0,0,0,0,0,0,0.0,0.0,0.0,0.0,0.0,0.0,0.0,0.0,0.0,0.0
John Wall,PG,O,2019-12-05,WAS,PHI,7.5,236.0,114.3,3000,1,19.8,41.6,79.5,0.0,0.0,PG,3000,1,,,102,101,-7%,0,0,0,0,0,0,0.0,0.0,0.0,0.0,0.0,0.0,0.0,0.0,0.0,0.0
Nene Hilario,C,O,2019-12-05,HOU,TOR,2.0,230.5,114.3,3000,8,1.3,5.4,9.0,0.0,0.0,C,3000,1,,,103,100,-8%,0,0,0,0,0,0,0.0,0.0,0.0,0.0,0.0,0.0,0.0,0.0,0.0,0.0
Darius Miller,SF,O,2019-12-05,NO,PHO,-4.5,235.0,119.8,3000,6,8.8,14.7,20.0,0.0,0.0,SF/PF,3000,1,,,105,107,0%,0,0,0,0,0,0,0.0,0.0,0.0,0.0,0.0,0.0,0.0,0.0,0.0,0.0
Matt Thomas,SG,O,2019-12-05,TOR,HOU,-2.0,230.5,116.3,3000,13,0.0,7.4,14.8,0.0,0.0,SG,3000,1,13.0,13.0,108,106,-7%,2,4,3,6,11,11,7.4,7.7,2.9,12.4,0.0,0.0,0.0,0.0,0.0,0.0
Eric Gordon,SG,O,2019-12-05,HOU,TOR,2.0,230.5,114.3,3200,24,7.8,15.7,26.3,0.0,0.0,SG/SF,3200,1,19.0,4.0,103,100,2%,10,11,12,25,27,29,15.7,16.5,9.6,23.4,0.0,0.0,0.0,0.0,0.0,0.0
Deandre Ayton,C,O,2019-12-05,PHO,NO,4.5,235.0,115.3,3000,18,22.3,34.2,43.3,0.0,0.0,C,3000,0,,,107,111,-1%,0,0,0,0,0,0,0.0,0.0,0.0,0.0,0.0,0.0,0.0,0.0,0.0,0.0
C.J. Miles,SG,O,2019-12-05,WAS,PHI,7.5,236.0,114.3,3000,21,3.5,11.2,26.5,0.0,0.0,SG/SF,3000,1,18.0,11.0,102,101,-6%,5,5,6,17,17,17,13.2,13.9,5.1,22.6,0.0,0.0,0.0,0.0,0.0,0.0
Zion Williamson,PF,O,2019-12-05,NO,PHO,-4.5,235.0,119.8,3000,16,,,,0.0,0.0,PF/C,3000,1,,,105,107,3%,0,0,0,0,0,0,0.0,0.0,0.0,0.0,0.0,0.0,0.0,0.0,0.0,0.0
Gerald Green,SG,O,2019-12-05,HOU,TOR,2.0,230.5,114.3,3000,24,0.0,5.5,13.0,0.0,0.0,SG/SF,3000,1,,,103,100,2%,0,0,0,0,0,0,0.0,0.0,0.0,0.0,0.0,0.0,0.0,0.0,0.0,0.0
