Player Name,position,injury_status,game_date,team,opp,spread,over_under,implied_team_score,salary,L5_dvp_rank,L5_ppg_floor,L5_ppg_avg,L5_ppg_max,ppg_projection,value_projection,Pos,Salary,Rest,USG,PER,Opp Pace,Opp DEff,Opp DvP,L2 FGA,L5 FGA,S FGA,L2 Min,L5 Min,S Min,L5 FP,S FP,Floor FP,Ceil FP,Proj Min,Proj FP,Proj Val,Actual Min,Actual FP,Actual Val
James Harden,PG,,2020-01-09,HOU,OKC,-3.5,227.5,115.5,12200,13,54.8,70.0,81.8,61.3,5.02,PG/SG,12200,0,38.0,32.0,101,105,-1%,29,24,25,40,38,38,70.6,64.6,52.1,77.2,37.5,58.8,4.8,26.6,27.8,2.3
Andre Drummond,C,,2020-01-09,DET,CLE,-7.0,220.5,113.8,10200,24,32.5,47.9,61.5,53.3,5.22,C,10200,1,24.0,22.0,101,113,3%,13,13,14,40,34,34,47.9,48.8,36.6,61.0,36.5,57.9,5.7,49.0,62.3,6.1
Damian Lillard,PG,,2020-01-09,POR,MIN,-1.5,224.5,113.0,8900,2,38.5,48.5,62.3,48.0,5.39,PG,8900,1,30.0,25.0,105,107,3%,17,19,20,39,37,38,48.5,47.9,38.3,57.5,37.0,46.4,5.2,29.6,38.5,4.3
Hassan Whiteside,C,Q,2020-01-09,POR,MIN,-1.5,224.5,113.0,9300,26,43.5,52.6,61.8,46.8,5.03,C,9300,1,20.0,26.0,105,107,0%,13,13,11,35,35,30,52.5,42.2,30.8,53.5,32.5,45.8,4.9,28.0,37.0,4.0
Russell Westbrook,PG,,2020-01-09,HOU,OKC,-3.5,227.5,115.5,8400,13,39.3,46.1,52.0,46.8,5.57,PG,8400,0,34.0,18.0,101,105,-1%,22,25,22,35,37,36,46.1,49.3,38.3,60.2,36.0,48.4,5.8,34.0,41.0,4.9
Ben Simmons,PG,,2020-01-09,PHI,BOS,-2.5,216.5,109.5,9000,29,35.5,50.7,77.3,44.3,4.92,PG/SF,9000,2,22.0,20.0,102,102,-8%,16,13,11,40,39,36,51.0,43.3,32.8,53.8,36.5,47.6,5.3,38.7,35.3,3.9
Kevin Love,PF,,2020-01-09,CLE,DET,7.0,220.5,106.8,7700,29,17.3,36.4,49.3,41.0,5.32,PF/C,7700,1,23.0,19.0,102,110,7%,13,13,12,33,33,31,36.4,37.1,24.8,49.5,34.5,41.5,5.4,37.9,33.8,4.4
Chris Paul,PG,,2020-01-09,OKC,HOU,3.5,227.5,112.0,7400,28,25.0,36.7,44.5,39.8,5.37,PG,7400,1,23.0,21.0,106,107,0%,16,14,12,35,34,32,36.7,36.5,27.3,45.7,32.5,38.6,5.2,27.6,42.0,5.7
Clint Capela,C,,2020-01-09,HOU,OKC,-3.5,227.5,115.5,7500,12,28.8,44.5,59.5,39.3,5.23,C,7500,0,15.0,21.0,101,105,2%,15,13,10,37,35,34,44.5,41.5,30.2,52.8,35.5,40.6,5.4,28.9,25.3,3.4
Steven Adams,C,,2020-01-09,OKC,HOU,3.5,227.5,112.0,6900,15,29.8,38.6,49.3,37.5,5.43,C,6900,1,18.0,22.0,106,107,-3%,10,8,8,35,31,29,38.5,32.8,23.4,42.3,34.0,37.0,5.4,25.0,31.0,4.5
Jayson Tatum,SF,,2020-01-09,BOS,PHI,2.5,216.5,107.0,6700,11,25.8,34.1,47.3,36.0,5.37,SF/PF,6700,0,27.0,18.0,102,104,-2%,18,17,18,31,34,35,34.1,37.8,27.4,48.2,34.5,34.3,5.1,35.8,41.5,6.2
CJ McCollum,PG,,2020-01-09,POR,MIN,-1.5,224.5,113.0,6800,2,26.5,32.5,40.0,35.5,5.22,PG/SG,6800,1,26.0,17.0,105,107,0%,19,18,20,35,36,37,32.5,36.7,25.4,48.0,36.0,35.4,5.2,24.5,20.5,3.0
Tobias Harris,SF,,2020-01-09,PHI,BOS,-2.5,216.5,109.5,7300,1,15.0,29.4,44.3,35.0,4.79,SF/PF,7300,2,23.0,17.0,102,102,-4%,17,18,16,39,37,35,37.4,36.0,26.8,45.3,35.0,38.9,5.3,34.9,33.8,4.6
Derrick Rose,PG,,2020-01-09,DET,CLE,-7.0,220.5,113.8,6500,26,25.0,33.0,43.3,34.8,5.35,PG/SG,6500,1,33.0,22.0,101,113,6%,20,18,15,30,28,25,33.0,31.1,23.2,39.1,28.5,38.6,5.9,35.7,40.3,6.2
Andrew Wiggins,SG,,2020-01-09,MIN,POR,1.5,224.5,111.5,7000,7,24.5,36.1,47.5,34.5,4.93,SG/SF,7000,1,29.0,18.0,104,109,7%,16,20,21,32,36,36,36.1,39.1,29.9,48.3,34.0,38.6,5.5,25.6,39.3,5.6
Shai Gilgeous-Alexander,PG,,2020-01-09,OKC,HOU,3.5,227.5,112.0,7100,28,28.3,36.7,47.8,34.5,4.86,PG/SG,7100,1,24.0,17.0,106,107,7%,16,16,16,38,36,36,36.6,34.2,24.3,44.2,36.0,36.1,5.1,30.7,30.8,4.3
Al Horford,PF,,2020-01-09,PHI,BOS,-2.5,216.5,109.5,6000,25,14.0,19.3,24.0,33.3,5.54,PF/C,6000,2,18.0,16.0,102,102,-2%,9,9,11,34,32,31,19.3,30.1,21.1,39.1,32.0,34.8,5.8,32.3,42.0,7.0
Kemba Walker,PG,,2020-01-09,BOS,PHI,2.5,216.5,107.0,6500,10,14.8,31.9,46.5,32.5,5.0,PG,6500,0,29.0,22.0,102,104,-8%,21,18,18,35,32,33,35.3,40.0,28.8,51.1,30.0,33.0,5.1,32.7,36.5,5.6
Dennis Schroder,PG,,2020-01-09,OKC,HOU,3.5,227.5,112.0,6100,28,26.0,29.6,34.3,32.5,5.33,PG/SG,6100,1,28.0,16.0,106,107,0%,16,15,15,36,33,31,30.0,30.2,20.7,39.6,31.5,32.1,5.3,27.1,23.3,3.8
Gordon Hayward,SF,,2020-01-09,BOS,PHI,2.5,216.5,107.0,6600,11,30.0,34.9,44.5,32.5,4.92,SF/PF,6600,0,22.0,20.0,102,104,-2%,13,14,13,34,35,33,34.9,34.3,23.8,44.8,32.5,30.7,4.7,36.0,12.5,1.9
Jaylen Brown,SG,,2020-01-09,BOS,PHI,2.5,216.5,107.0,6500,28,22.8,33.4,42.5,31.8,4.88,SG/SF,6500,0,24.0,19.0,102,104,-4%,18,15,15,31,34,34,33.4,36.3,26.9,45.7,34.0,33.3,5.1,33.8,16.8,2.6
Carmelo Anthony,SF,,2020-01-09,POR,MIN,-1.5,224.5,113.0,6600,24,17.5,29.3,44.3,31.5,4.77,SF/PF,6600,1,22.0,14.0,105,107,-2%,14,14,15,37,34,33,29.3,29.9,20.0,39.7,34.5,31.7,4.8,23.9,10.5,1.6
Josh Richardson,SG,,2020-01-09,PHI,BOS,-2.5,216.5,109.5,5600,6,20.5,30.8,36.0,31.5,5.63,SG/SF,5600,2,22.0,13.0,102,102,-4%,14,13,13,38,36,33,30.8,28.9,20.8,37.0,36.0,33.5,6.0,33.8,42.8,7.6
Tristan Thompson,C,,2020-01-09,CLE,DET,7.0,220.5,106.8,6400,21,21.8,29.0,36.8,30.8,4.8,C,6400,1,19.0,17.0,102,110,-2%,7,7,11,31,32,32,29.0,32.7,23.8,41.6,32.0,30.0,4.7,45.3,65.5,10.2
Collin Sexton,PG,,2020-01-09,CLE,DET,7.0,220.5,106.8,5900,7,26.3,30.0,40.3,30.8,5.21,PG/SG,5900,1,27.0,15.0,102,110,4%,18,18,16,35,35,31,30.0,27.5,20.8,34.1,34.5,31.3,5.3,39.5,36.0,6.1
Robert Covington,SF,,2020-01-09,MIN,POR,1.5,224.5,111.5,5700,27,29.3,34.4,47.0,28.5,5.0,SF/PF,5700,1,17.0,14.0,104,109,7%,12,10,10,33,33,29,34.4,27.3,18.4,36.3,32.0,32.4,5.7,24.4,29.0,5.1
Sekou Doumbouya,SF,,2020-01-09,DET,CLE,-7.0,220.5,113.8,5800,20,0.0,21.9,40.0,27.3,4.7,SF/PF,5800,1,,,101,113,3%,11,8,5,34,27,14,21.9,11.4,-2.4,25.1,33.0,27.9,4.8,19.7,13.3,2.3
Enes Kanter,C,,2020-01-09,BOS,PHI,2.5,216.5,107.0,5400,20,11.8,30.5,47.0,26.8,4.95,C,5400,0,20.0,25.0,102,104,-10%,3,8,7,19,21,20,30.4,25.2,16.1,34.3,21.0,23.2,4.3,17.0,24.3,4.5
Shabazz Napier,PG,,2020-01-09,MIN,POR,1.5,224.5,111.5,5200,18,17.3,34.7,43.3,26.5,5.1,PG/SG,5200,1,23.0,14.0,104,109,6%,10,12,8,27,31,21,34.6,21.5,10.0,33.0,25.5,26.3,5.1,20.4,17.5,3.4
Darius Garland,PG,,2020-01-09,CLE,DET,7.0,220.5,106.8,4800,7,17.0,27.1,35.3,26.0,5.42,PG,4800,1,21.0,9.0,102,110,4%,12,12,11,36,35,29,27.1,20.1,12.3,28.0,34.5,24.6,5.1,41.5,32.5,6.8
Jeff Teague,PG,,2020-01-09,MIN,POR,1.5,224.5,111.5,5200,18,15.3,23.2,30.5,24.8,4.76,PG,5200,1,22.0,17.0,104,109,6%,9,11,10,23,26,29,23.2,28.5,17.7,39.2,25.5,27.8,5.3,24.5,26.3,5.1
Jarrett Culver,PG,,2020-01-09,MIN,POR,1.5,224.5,111.5,5100,18,18.8,32.4,41.3,24.5,4.8,PG/SG,5100,1,20.0,10.0,104,109,6%,11,14,9,28,32,23,32.3,19.5,9.0,29.9,28.5,25.1,4.9,30.0,23.0,4.5
Bruce Brown,PG,,2020-01-09,DET,CLE,-7.0,220.5,113.8,5000,26,21.5,25.7,29.0,24.5,4.9,PG/SF,5000,1,17.0,12.0,101,113,11%,9,9,8,27,30,28,25.7,23.2,13.2,33.1,28.5,25.8,5.2,37.8,46.5,9.3
Christian Wood,PF,,2020-01-09,DET,CLE,-7.0,220.5,113.8,4400,12,14.0,20.0,23.0,24.3,5.51,PF/C,4400,1,20.0,22.0,101,113,3%,7,7,6,22,23,17,20.1,18.8,7.5,30.1,20.5,22.6,5.1,14.3,7.5,1.7
Kent Bazemore,SG,,2020-01-09,POR,MIN,-1.5,224.5,113.0,3600,23,14.0,16.4,18.8,23.8,6.6,SG/SF,3600,1,16.0,8.0,105,107,0%,10,8,8,31,29,26,16.4,18.6,11.4,25.8,27.5,19.0,5.3,29.5,8.3,2.3
Marcus Smart,PG,,2020-01-09,BOS,PHI,2.5,216.5,107.0,5300,10,16.5,28.2,46.5,23.5,4.43,PG/SG,5300,0,18.0,13.0,102,104,-8%,12,11,11,30,32,32,27.8,27.6,19.2,36.0,30.5,24.1,4.5,30.7,34.8,6.6
Cedi Osman,SF,,2020-01-09,CLE,DET,7.0,220.5,106.8,4700,17,11.5,23.4,29.0,23.0,4.89,SF/PF,4700,1,16.0,11.0,102,110,4%,12,11,9,33,30,29,23.4,20.5,12.3,28.7,34.5,24.9,5.3,40.4,18.0,3.8
P.J. Tucker,PF,,2020-01-09,HOU,OKC,-3.5,227.5,115.5,4100,14,8.3,18.2,37.8,20.8,5.06,PF/C,4100,0,9.0,10.0,101,105,0%,4,5,7,35,35,36,18.1,24.3,14.6,34.1,35.0,19.9,4.9,32.4,12.5,3.0
Svi Mykhailiuk,SG,,2020-01-09,DET,CLE,-7.0,220.5,113.8,4200,10,20.0,22.8,24.8,20.8,4.94,SG/SF,4200,1,16.0,10.0,101,113,2%,10,11,6,33,31,19,22.8,13.0,5.0,21.1,32.0,23.7,5.6,29.4,5.5,1.3
Anfernee Simons,PG,,2020-01-09,POR,MIN,-1.5,224.5,113.0,3800,2,5.5,16.3,29.5,20.0,5.26,PG/SG,3800,1,19.0,10.0,105,107,0%,13,9,9,32,26,22,16.3,16.1,8.2,24.0,27.0,19.4,5.1,20.0,9.8,2.6
Daniel Theis,PF,,2020-01-09,BOS,PHI,2.5,216.5,107.0,4000,2,14.5,22.7,29.5,19.8,4.94,PF/C,4000,0,14.0,15.0,102,104,-11%,8,9,6,21,23,23,22.7,21.9,14.9,28.8,22.5,19.2,4.8,26.6,20.8,5.2
Danuel House Jr.,SF,,2020-01-09,HOU,OKC,-3.5,227.5,115.5,4200,14,10.0,18.9,33.5,19.5,4.64,SF/PF,4200,0,14.0,12.0,101,105,-11%,5,10,9,33,34,32,18.9,21.9,13.6,30.2,32.5,21.0,5.0,28.7,5.5,1.3
Gorgui Dieng,C,,2020-01-09,MIN,POR,1.5,224.5,111.5,6300,19,16.8,34.0,57.8,19.5,3.1,C,6300,1,18.0,18.0,104,109,6%,10,10,6,26,27,18,34.0,20.8,6.5,35.1,28.0,34.1,5.4,17.0,32.5,5.2
Tony Snell,SF,,2020-01-09,DET,CLE,-7.0,220.5,113.8,4500,20,2.8,13.6,28.0,19.0,4.22,SF/PF,4500,1,12.0,10.0,101,113,11%,7,6,7,26,25,27,14.7,15.0,8.3,21.7,27.0,17.1,3.8,35.6,17.3,3.8
Brandon Knight,PG,,2020-01-09,CLE,DET,7.0,220.5,106.8,4600,7,5.0,12.8,25.5,16.5,3.59,PG/SG,4600,1,,,102,110,4%,9,5,5,24,13,12,10.4,10.3,1.7,19.0,17.5,13.8,3.0,24.1,12.5,2.7
Langston Galloway,PG,,2020-01-09,DET,CLE,-7.0,220.5,113.8,3200,26,3.5,15.2,30.8,15.5,4.84,PG/SG,3200,1,16.0,13.0,101,113,11%,6,7,8,21,21,26,14.9,18.0,10.7,25.4,21.0,15.6,4.9,18.3,14.5,4.5
Ante Zizic,C,,2020-01-09,CLE,DET,7.0,220.5,106.8,3900,21,0.0,14.4,35.0,14.8,3.78,C,3900,1,,,102,110,7%,5,3,3,20,10,10,14.3,10.3,1.2,19.3,16.0,15.2,3.9,7.3,6.8,1.7
Matthew Dellavedova,PG,,2020-01-09,CLE,DET,7.0,220.5,106.8,3400,7,0.0,8.7,20.5,14.8,4.34,PG/SG,3400,1,16.0,8.0,102,110,4%,2,3,3,12,12,13,8.7,9.1,4.1,14.2,13.0,9.7,2.9,15.0,10.3,3.0
Mike Scott,SF,,2020-01-09,PHI,BOS,-2.5,216.5,109.5,4000,1,2.0,7.6,13.5,14.5,3.63,SF/PF,4000,2,13.0,10.0,102,102,-2%,4,5,5,16,17,19,7.6,12.2,5.6,18.8,23.5,16.9,4.2,25.5,14.0,3.5
Hamidou Diallo,SG,,2020-01-09,OKC,HOU,3.5,227.5,112.0,3200,12,7.3,11.2,18.5,14.5,4.53,SG/SF,3200,1,18.0,12.0,106,107,7%,6,6,7,16,17,20,11.2,16.0,9.6,22.5,16.0,12.1,3.8,23.8,10.8,3.4
Darius Bazley,SF,,2020-01-09,OKC,HOU,3.5,227.5,112.0,3500,7,7.3,14.0,23.8,14.3,4.07,SF/PF,3500,1,14.0,7.0,106,107,4%,6,6,4,16,15,17,13.9,11.8,4.8,18.7,16.0,11.5,3.3,15.8,3.5,1.0
James Ennis III,SF,,2020-01-09,PHI,BOS,-2.5,216.5,109.5,3700,1,4.5,11.2,19.5,13.8,3.72,SF/PF,3700,2,15.0,13.0,102,102,-4%,6,6,5,22,19,18,11.2,14.2,6.9,21.4,17.5,14.4,3.9,16.6,15.0,4.1
Mario Hezonja,SF,,2020-01-09,POR,MIN,-1.5,224.5,113.0,3100,24,3.3,10.3,20.8,13.5,4.35,SF/PF,3100,1,14.0,9.0,105,107,0%,5,4,4,16,13,17,10.3,12.2,4.2,20.3,12.5,9.1,2.9,9.9,15.0,4.8
Furkan Korkmaz,SG,,2020-01-09,PHI,BOS,-2.5,216.5,109.5,3300,6,11.8,13.1,14.5,13.0,3.94,SG/SF,3300,2,16.0,11.0,102,102,-5%,6,7,7,19,18,21,13.1,14.1,6.3,22.0,16.5,12.5,3.8,14.3,13.8,4.2
Trey Burke,PG,,2020-01-09,PHI,BOS,-2.5,216.5,109.5,3200,29,5.0,14.6,21.3,12.8,3.98,PG/SG,3200,2,21.0,18.0,102,102,-8%,7,6,6,16,16,16,14.6,14.7,4.8,24.6,11.0,10.9,3.4,12.4,6.8,2.1
Terrance Ferguson,SG,,2020-01-09,OKC,HOU,3.5,227.5,112.0,3600,12,1.3,9.4,16.8,12.0,3.33,SG/SF,3600,1,9.0,4.0,106,107,7%,6,5,5,30,27,28,9.3,11.0,5.1,16.8,26.0,11.5,3.2,22.2,13.8,3.8
Josh Okogie,SG,,2020-01-09,MIN,POR,1.5,224.5,111.5,3300,7,6.3,14.0,22.5,11.8,3.56,SG/SF,3300,1,16.0,10.0,104,109,-3%,4,5,6,16,19,24,14.1,17.5,9.9,25.0,20.0,14.4,4.4,25.3,23.3,7.1
Matisse Thybulle,SG,,2020-01-09,PHI,BOS,-2.5,216.5,109.5,3000,6,2.0,9.1,14.0,11.3,3.75,SG/SF,3000,2,12.0,11.0,102,102,-8%,4,3,4,15,18,18,9.1,12.4,2.9,21.9,14.5,10.8,3.6,18.8,8.8,2.9
Isaiah Hartenstein,PF,,2020-01-09,HOU,OKC,-3.5,227.5,115.5,3300,14,4.0,22.4,39.3,11.0,3.33,PF/C,3300,0,,,101,105,-11%,2,6,3,8,18,14,22.4,13.9,0.8,26.9,11.0,10.5,3.2,12.0,12.0,3.6
Keita Bates-Diop,SF,,2020-01-09,MIN,POR,1.5,224.5,111.5,3100,27,1.3,16.7,33.3,11.0,3.55,SF/PF,3100,1,15.0,12.0,104,109,7%,4,7,6,15,20,18,16.7,13.3,4.1,22.6,17.0,13.2,4.3,24.0,26.5,8.5
Gary Trent Jr.,SG,,2020-01-09,POR,MIN,-1.5,224.5,113.0,3100,23,5.5,8.9,18.8,10.5,3.39,SG,3100,1,14.0,9.0,105,107,0%,5,6,4,15,17,12,8.8,7.3,1.4,13.1,15.0,9.4,3.0,24.8,24.5,7.9
Thon Maker,PF,,2020-01-09,DET,CLE,-7.0,220.5,113.8,3000,12,3.0,7.9,19.8,10.5,3.5,PF/C,3000,1,14.0,12.0,101,113,3%,3,3,2,10,11,11,7.9,8.2,1.9,14.5,11.5,9.5,3.2,25.1,23.5,7.8
Ben McLemore,SG,,2020-01-09,HOU,OKC,-3.5,227.5,115.5,3200,15,4.3,15.6,26.3,10.3,3.2,SG/SF,3200,0,16.0,11.0,101,105,-10%,6,7,8,23,24,25,15.6,18.1,8.1,28.2,27.5,18.5,5.8,25.6,15.0,4.7
Abdel Nader,SF,,2020-01-09,OKC,HOU,3.5,227.5,112.0,3300,7,0.0,5.9,12.5,10.3,3.11,SF,3300,1,16.0,11.0,106,107,9%,3,2,5,9,6,16,4.0,10.5,3.1,17.9,0.0,0.0,0.0,12.8,7.8,2.4
Mike Muscala,PF,,2020-01-09,OKC,HOU,3.5,227.5,112.0,4000,11,3.3,8.2,19.5,9.5,2.38,PF/C,4000,1,16.0,8.0,106,107,4%,5,4,3,15,12,10,8.2,7.9,1.2,14.6,13.0,10.0,2.5,20.5,14.5,3.6
Anthony Tolliver,PF,,2020-01-09,POR,MIN,-1.5,224.5,113.0,3100,27,3.5,7.8,12.5,9.5,3.06,PF/C,3100,1,11.0,6.0,105,107,-2%,2,2,3,14,15,16,7.8,9.3,2.2,16.3,16.0,9.7,3.1,21.0,12.5,4.0
Grant Williams,SF,,2020-01-09,BOS,PHI,2.5,216.5,107.0,3200,11,2.5,11.4,20.0,8.3,2.58,SF/PF,3200,0,12.0,7.0,102,104,-11%,2,3,3,22,17,16,11.4,9.3,2.7,15.8,15.0,9.3,2.9,6.6,4.0,1.3
Naz Reid,PF,,2020-01-09,MIN,POR,1.5,224.5,111.5,3400,24,17.5,20.9,25.0,7.5,2.21,PF/C,3400,1,,,104,109,6%,7,10,7,11,16,12,20.9,15.6,6.1,25.0,10.0,10.9,3.2,16.5,11.0,3.2
Austin Rivers,PG,,2020-01-09,HOU,OKC,-3.5,227.5,115.5,3800,13,1.5,13.1,22.3,7.0,1.84,PG/SG,3800,0,15.0,10.0,101,105,-1%,4,7,7,18,21,23,14.9,15.4,7.3,23.5,19.0,11.7,3.1,26.8,10.3,2.7
Semi Ojeleye,SF,,2020-01-09,BOS,PHI,2.5,216.5,107.0,3000,11,0.0,5.0,11.8,6.5,2.17,SF/PF,3000,0,8.0,6.0,102,104,-11%,3,2,2,5,8,14,5.0,6.6,1.3,12.0,0.0,0.0,0.0,20.8,1.5,0.5
Deonte Burton,SG,,2020-01-09,OKC,HOU,3.5,227.5,112.0,3300,12,-0.5,5.8,16.8,6.0,1.82,SG/SF,3300,1,,,106,107,0%,4,3,3,9,10,9,5.4,5.3,-0.4,10.9,0.0,0.0,0.0,4.1,4.0,1.2
Noah Vonleh,PF,,2020-01-09,MIN,POR,1.5,224.5,111.5,3200,24,9.8,16.2,29.3,4.8,1.48,PF/C,3200,1,14.0,15.0,104,109,0%,4,3,3,11,16,13,16.2,12.2,5.6,18.8,0.0,0.0,0.0,12.7,16.0,5.0
Nassir Little,SF,,2020-01-09,POR,MIN,-1.5,224.5,113.0,3000,24,1.8,3.0,4.3,3.8,1.25,SF/PF,3000,1,13.0,8.0,105,107,-2%,2,1,3,4,6,13,2.7,8.7,0.2,17.1,0.0,0.0,0.0,12.0,13.3,4.4
Vincent Poirier,C,O,2020-01-09,BOS,PHI,2.5,216.5,107.0,3000,20,0.0,6.6,14.0,0.0,0.0,C,3000,0,,,102,104,-10%,3,1,2,6,5,5,6.5,5.0,-0.2,10.1,0.0,0.0,0.0,0.0,0.0,0.0
Jake Layman,SF,O,2020-01-09,MIN,POR,1.5,224.5,111.5,3400,27,9.0,21.2,35.3,0.0,0.0,SF/PF,3400,1,17.0,10.0,104,109,7%,11,10,10,32,31,27,23.1,19.1,12.1,26.1,0.0,0.0,0.0,0.0,0.0,0.0
Joel Embiid,C,O,2020-01-09,PHI,BOS,-2.5,216.5,109.5,9400,2,40.3,48.1,55.8,0.0,0.0,C,9400,2,31.0,26.0,102,102,-4%,17,18,16,33,32,31,48.1,48.9,37.3,60.4,0.0,0.0,0.0,0.0,0.0,0.0
Dante Exum,PG,O,2020-01-09,CLE,DET,7.0,220.5,106.8,3900,7,7.3,16.8,37.3,0.0,0.0,PG/SG,3900,1,,,102,110,4%,8,6,3,21,17,11,16.6,8.8,-0.1,17.6,0.0,0.0,0.0,0.0,0.0,0.0
Jusuf Nurkic,C,O,2020-01-09,POR,MIN,-1.5,224.5,113.0,6200,26,28.5,44.1,72.5,0.0,0.0,C,6200,1,,,105,107,0%,0,0,0,0,0,0,0.0,0.0,0.0,0.0,0.0,0.0,0.0,0.0,0.0,0.0
Larry Nance Jr.,PF,O,2020-01-09,CLE,DET,7.0,220.5,106.8,3600,29,10.5,15.9,23.8,0.0,0.0,PF/C,3600,1,14.0,15.0,102,110,7%,4,4,6,20,22,24,15.8,21.7,12.6,30.8,0.0,0.0,0.0,0.0,0.0,0.0
Rodney Hood,SG,O,2020-01-09,POR,MIN,-1.5,224.5,113.0,3000,23,6.0,16.1,28.3,0.0,0.0,SG/SF,3000,1,14.0,12.0,105,107,0%,8,9,9,31,31,32,21.0,21.6,14.0,29.2,0.0,0.0,0.0,0.0,0.0,0.0
Khyri Thomas,SG,O,2020-01-09,DET,CLE,-7.0,220.5,113.8,3000,10,0.0,4.4,12.8,0.0,0.0,SG,3000,1,,,101,113,11%,0,0,0,3,3,3,0.5,0.5,-0.2,1.2,0.0,0.0,0.0,0.0,0.0,0.0
Luke Kennard,SG,O,2020-01-09,DET,CLE,-7.0,220.5,113.8,5500,10,15.0,25.1,38.3,0.0,0.0,SG/SF,5500,1,20.0,15.0,101,113,11%,10,11,12,32,34,33,25.1,28.3,19.5,37.1,0.0,0.0,0.0,0.0,0.0,0.0
Skal Labissiere,PF,O,2020-01-09,POR,MIN,-1.5,224.5,113.0,3000,27,1.3,18.9,28.0,0.0,0.0,PF/C,3000,1,14.0,16.0,105,107,-2%,7,6,5,22,22,18,22.1,16.4,6.6,26.3,0.0,0.0,0.0,0.0,0.0,0.0
Dylan Windler,SG,O,2020-01-09,CLE,DET,7.0,220.5,106.8,3000,27,,,,0.0,0.0,SG/SF,3000,1,,,102,110,4%,0,0,0,0,0,0,0.0,0.0,0.0,0.0,0.0,0.0,0.0,0.0,0.0,0.0
Nene Hilario,C,O,2020-01-09,HOU,OKC,-3.5,227.5,115.5,3000,12,1.3,5.4,9.0,0.0,0.0,C,3000,0,,,101,105,2%,0,0,0,0,0,0,0.0,0.0,0.0,0.0,0.0,0.0,0.0,0.0,0.0,0.0
Andre Roberson,SG,O,2020-01-09,OKC,HOU,3.5,227.5,112.0,3000,12,12.5,17.6,22.0,0.0,0.0,SG/SF,3000,1,,,106,107,7%,0,0,0,0,0,0,0.0,0.0,0.0,0.0,0.0,0.0,0.0,0.0,0.0,0.0
Robert Williams,PF,O,2020-01-09,BOS,PHI,2.5,216.5,107.0,3000,2,,,,0.0,0.0,PF/C,3000,0,12.0,18.0,102,104,-11%,2,2,3,16,12,14,11.1,15.0,7.3,22.6,0.0,0.0,0.0,0.0,0.0,0.0
Zach Collins,PF,O,2020-01-09,POR,MIN,-1.5,224.5,113.0,3300,27,14.5,17.8,21.0,0.0,0.0,PF/C,3300,1,,,105,107,0%,5,6,6,28,29,29,17.8,17.8,14.9,20.8,0.0,0.0,0.0,0.0,0.0,0.0
Markieff Morris,PF,O,2020-01-09,DET,CLE,-7.0,220.5,113.8,4300,12,8.0,19.7,37.5,0.0,0.0,PF/C,4300,1,21.0,13.0,101,113,3%,5,9,9,15,23,23,19.4,20.2,11.9,28.5,0.0,0.0,0.0,0.0,0.0,0.0
Reggie Jackson,PG,O,2020-01-09,DET,CLE,-7.0,220.5,113.8,3000,26,13.8,28.7,44.8,0.0,0.0,PG/SG,3000,1,,,101,113,6%,6,6,6,18,18,18,14.1,14.1,13.6,14.7,0.0,0.0,0.0,0.0,0.0,0.0
Danilo Gallinari,SF,O,2020-01-09,OKC,HOU,3.5,227.5,112.0,6300,7,23.3,30.4,34.0,0.0,0.0,SF/PF,6300,1,23.0,19.0,106,107,9%,17,15,13,29,30,31,30.4,30.8,23.7,37.8,30.0,31.1,4.9,27.9,47.8,7.6
Blake Griffin,PF,O,2020-01-09,DET,CLE,-7.0,220.5,113.8,3000,12,7.0,22.2,36.3,0.0,0.0,PF/C,3000,1,28.0,12.0,101,113,3%,14,14,14,28,29,29,25.1,28.8,20.7,36.9,0.0,0.0,0.0,0.0,0.0,0.0
Gerald Green,SG,O,2020-01-09,HOU,OKC,-3.5,227.5,115.5,3000,15,0.0,5.5,13.0,0.0,0.0,SG/SF,3000,0,,,101,105,-10%,0,0,0,0,0,0,0.0,0.0,0.0,0.0,0.0,0.0,0.0,0.0,0.0,0.0
Kevin Porter Jr.,SG,O,2020-01-09,CLE,DET,7.0,220.5,106.8,4000,27,13.3,19.4,25.3,0.0,0.0,SG/SF,4000,1,20.0,10.0,102,110,4%,7,10,7,22,25,22,19.4,17.1,9.7,24.6,0.0,0.0,0.0,0.0,0.0,0.0
Romeo Langford,SG,O,2020-01-09,BOS,PHI,2.5,216.5,107.0,3000,28,0.0,3.4,6.3,0.0,0.0,SG/SF,3000,0,,,102,104,-8%,0,1,2,3,9,10,3.4,4.9,-0.4,10.1,0.0,0.0,0.0,0.0,0.0,0.0
Nerlens Noel,C,O,2020-01-09,OKC,HOU,3.5,227.5,112.0,3800,15,13.8,24.3,34.5,0.0,0.0,C,3800,1,15.0,23.0,106,107,-3%,2,4,5,14,18,20,24.3,22.2,14.8,29.5,0.0,0.0,0.0,0.0,0.0,0.0
