Player Name,position,injury_status,game_date,team,opp,spread,over_under,implied_team_score,salary,L5_dvp_rank,L5_ppg_floor,L5_ppg_avg,L5_ppg_max,ppg_projection,value_projection,Pos,Salary,Rest,USG,PER,Opp Pace,Opp DEff,Opp DvP,L2 FGA,L5 FGA,S FGA,L2 Min,L5 Min,S Min,L5 FP,S FP,Floor FP,Ceil FP,Proj Min,Proj FP,Proj Val,Actual Min,Actual FP,Actual Val
James Harden,PG,,2020-03-10,HOU,MIN,-13.0,249.5,131.3,11300,30,30.8,48.9,66.5,62.5,5.53,PG/SG,11300,1,37.0,28.0,106,110,4%,21,21,23,39,37,37,49.2,60.1,45.8,74.5,36.5,64.1,5.7,35.8,59.5,5.3
Luka Doncic,PG,Q,2020-03-10,DAL,SA,-4.0,232.0,118.0,11100,5,39.5,52.5,71.8,57.3,5.16,PG,11100,1,39.0,28.0,102,111,3%,23,21,21,33,37,34,52.4,57.9,44.1,71.8,36.0,59.1,5.3,36.3,63.3,5.7
Russell Westbrook,PG,,2020-03-10,HOU,MIN,-13.0,249.5,131.3,10100,30,39.0,52.1,62.3,55.8,5.52,PG,10100,1,35.0,22.0,106,110,4%,23,23,23,31,35,36,52.0,52.2,41.0,63.3,36.5,60.5,6.0,37.0,50.0,5.0
LeBron James,PG,Q,2020-03-10,LAL,BKN,-12.0,226.0,119.0,10900,28,48.0,60.0,74.0,54.0,4.95,PG/SF,10900,1,34.0,26.0,104,106,-10%,19,19,20,36,35,35,60.0,55.7,45.4,65.9,34.5,55.9,5.1,34.9,61.5,5.6
Bradley Beal,SG,,2020-03-10,WAS,NY,-4.5,228.5,116.5,10200,18,39.8,51.0,61.5,51.5,5.05,SG,10200,1,34.0,23.0,101,111,-3%,23,24,23,37,37,36,51.0,49.0,37.7,60.3,37.5,52.0,5.1,38.5,61.8,6.1
Anthony Davis,PF,Q,2020-03-10,LAL,BKN,-12.0,226.0,119.0,9800,2,36.3,47.4,70.8,50.5,5.15,PF/C,9800,1,29.0,28.0,104,106,-3%,22,17,18,32,30,35,47.6,51.8,39.7,63.9,35.0,54.3,5.5,36.5,42.5,4.3
Damian Lillard,PG,,2020-03-10,POR,PHO,-4.5,234.5,119.5,9100,19,29.3,36.8,43.8,49.5,5.44,PG,9100,2,31.0,26.0,104,109,2%,16,17,20,36,36,37,41.1,50.3,36.0,64.6,36.0,49.8,5.5,40.4,53.3,5.9
Nikola Vucevic,C,,2020-03-10,ORL,MEM,2.0,218.5,108.3,9100,20,26.3,46.5,56.0,49.0,5.38,C,9100,1,26.0,22.0,105,108,5%,17,18,17,34,35,33,46.2,43.7,34.6,52.8,34.0,47.0,5.2,35.3,44.8,4.9
Kawhi Leonard,SF,,2020-03-10,LAC,GS,-12.5,223.0,117.8,9200,9,32.0,39.4,47.0,48.5,5.27,SF,9200,1,34.0,27.0,103,111,2%,17,17,20,33,32,33,39.4,48.7,38.7,58.8,33.5,48.6,5.3,25.3,40.5,4.4
Hassan Whiteside,C,,2020-03-10,POR,PHO,-4.5,234.5,119.5,9000,19,38.3,47.8,58.0,47.3,5.25,C,9000,2,19.0,25.0,104,109,1%,13,13,11,35,33,31,47.8,43.4,32.0,54.9,34.0,48.9,5.4,36.8,42.0,4.7
Andre Drummond,C,,2020-03-10,CLE,CHI,4.0,217.5,106.8,8700,29,15.0,38.6,60.3,46.8,5.37,C,8700,1,28.0,22.0,102,108,8%,19,13,14,34,28,33,38.8,48.0,35.6,60.4,32.5,47.1,5.4,34.5,35.8,4.1
Kristaps Porzingis,C,,2020-03-10,DAL,SA,-4.0,232.0,118.0,9300,23,24.0,55.7,75.8,46.5,5.0,C,9300,1,26.0,20.0,102,111,0%,18,22,16,34,38,32,55.6,40.8,26.4,55.2,36.0,50.0,5.4,37.9,32.0,3.4
Devin Booker,PG,,2020-03-10,PHO,POR,4.5,234.5,115.0,8800,6,23.5,44.5,59.3,45.5,5.17,PG/SG,8800,1,30.0,20.0,103,111,0%,19,17,18,39,39,36,44.5,42.5,30.6,54.5,38.5,46.7,5.3,35.8,49.0,5.6
Domantas Sabonis,PF,,2020-03-10,IND,BOS,3.0,214.5,105.8,8900,15,37.0,45.9,55.3,45.5,5.11,PF/C,8900,1,24.0,21.0,102,104,-7%,14,13,14,39,38,35,45.8,44.4,35.4,53.4,36.0,46.7,5.2,41.5,51.8,5.8
D'Angelo Russell,PG,,2020-03-10,MIN,HOU,13.0,249.5,118.3,8500,12,15.8,32.4,40.8,43.0,5.06,PG,8500,1,33.0,19.0,106,108,-1%,16,18,19,33,34,33,38.5,41.5,29.8,53.3,32.0,44.0,5.2,33.9,50.5,5.9
Jayson Tatum,SF,,2020-03-10,BOS,IND,-3.0,214.5,108.8,8900,3,34.8,49.5,64.8,41.5,4.66,SF/PF,8900,1,28.0,20.0,101,105,-12%,21,22,19,36,39,35,49.5,42.1,31.0,53.1,37.0,44.5,5.0,35.9,50.0,5.6
Paul George,SF,,2020-03-10,LAC,GS,-12.5,223.0,117.8,7700,9,31.8,37.4,50.5,40.8,5.29,SF,7700,1,30.0,20.0,103,111,2%,15,13,17,33,30,30,37.4,39.4,27.3,51.6,32.0,40.8,5.3,22.6,27.3,3.5
Julius Randle,PF,,2020-03-10,NY,WAS,4.5,228.5,112.0,7600,4,20.5,39.5,46.8,40.5,5.33,PF/C,7600,1,28.0,18.0,105,113,0%,12,15,16,31,31,33,39.5,38.6,29.3,47.9,32.0,40.5,5.3,26.1,25.3,3.3
Kevin Love,PF,,2020-03-10,CLE,CHI,4.0,217.5,106.8,8100,19,40.8,45.3,55.0,40.3,4.97,PF,8100,1,23.0,18.0,102,108,7%,15,14,13,39,37,32,45.3,37.8,26.4,49.2,34.5,39.0,4.8,37.3,39.0,4.8
DeMar DeRozan,SF,,2020-03-10,SA,DAL,4.0,232.0,114.0,7400,13,27.5,37.3,43.5,40.3,5.44,SF,7400,1,27.0,21.0,101,108,-2%,16,13,16,36,36,35,37.3,39.6,31.3,47.9,36.0,41.8,5.6,35.4,41.3,5.6
Aaron Gordon,PF,,2020-03-10,ORL,MEM,2.0,218.5,108.3,7900,6,24.0,40.2,55.3,38.3,4.84,PF,7900,1,21.0,15.0,105,108,-2%,16,12,13,36,37,34,40.5,33.6,23.1,44.2,36.5,39.5,5.0,31.6,33.3,4.2
CJ McCollum,PG,,2020-03-10,POR,PHO,-4.5,234.5,119.5,7900,19,36.0,46.6,58.3,37.5,4.75,PG/SG,7900,2,27.0,17.0,104,109,0%,18,21,20,36,36,37,46.5,38.2,26.5,49.8,36.5,40.0,5.1,36.1,40.5,5.1
Jonas Valanciunas,C,,2020-03-10,MEM,ORL,-2.0,218.5,110.3,8200,3,29.8,42.0,58.8,37.0,4.51,C,8200,2,21.0,22.0,101,107,-5%,11,10,11,30,29,26,42.3,35.0,22.8,47.1,30.0,40.1,4.9,36.0,50.0,6.1
Ricky Rubio,PG,,2020-03-10,PHO,POR,4.5,234.5,115.0,7500,6,19.3,43.2,70.8,36.8,4.9,PG,7500,1,22.0,16.0,103,111,5%,13,11,11,36,34,32,43.5,36.3,23.8,48.8,35.0,40.8,5.4,35.5,40.5,5.4
Kemba Walker,PG,,2020-03-10,BOS,IND,-3.0,214.5,108.8,7200,26,26.0,31.5,42.3,36.5,5.07,PG,7200,1,29.0,21.0,101,105,-1%,16,16,17,29,31,33,31.4,38.7,27.4,49.9,31.5,35.7,5.0,30.3,17.8,2.5
Caris LeVert,SG,,2020-03-10,BKN,LAL,12.0,226.0,107.0,7500,6,25.3,44.5,66.5,36.5,4.87,SG/SF,7500,1,29.0,15.0,103,103,-2%,15,18,16,34,33,29,44.8,31.5,17.6,45.3,33.0,37.1,4.9,37.6,43.8,5.8
Aron Baynes,C,,2020-03-10,PHO,POR,4.5,234.5,115.0,5900,18,10.3,27.8,69.5,36.0,6.1,C,5900,1,21.0,16.0,103,111,5%,20,11,9,35,21,22,27.8,23.0,9.5,36.5,32.5,35.5,6.0,33.8,12.5,2.1
LaMarcus Aldridge,PF,Q,2020-03-10,SA,DAL,4.0,232.0,114.0,6500,7,13.8,36.7,51.5,35.5,5.46,PF/C,6500,1,23.0,20.0,101,108,0%,19,19,15,37,36,33,42.4,37.3,25.8,48.8,32.5,36.9,5.7,36.9,43.5,6.7
Spencer Dinwiddie,PG,,2020-03-10,BKN,LAL,12.0,226.0,107.0,6800,14,18.5,33.5,49.0,35.0,5.15,PG/SG,6800,1,30.0,18.0,103,103,0%,11,11,16,32,29,32,33.5,37.8,27.9,47.8,32.5,36.7,5.4,30.6,39.0,5.7
Robert Covington,SF,,2020-03-10,HOU,MIN,-13.0,249.5,131.3,6200,19,21.0,35.8,49.8,35.0,5.65,SF/PF,6200,1,16.0,14.0,106,110,6%,13,11,11,32,33,30,35.8,29.3,20.5,38.2,33.5,37.8,6.1,40.9,25.8,4.2
Gordon Hayward,SF,,2020-03-10,BOS,IND,-3.0,214.5,108.8,7000,3,11.8,26.8,44.3,34.5,4.93,SF/PF,7000,1,21.0,18.0,101,105,-12%,18,14,14,39,37,34,30.9,34.8,23.8,45.7,35.0,32.9,4.7,36.1,55.0,7.9
Ja Morant,PG,,2020-03-10,MEM,ORL,-2.0,218.5,110.3,7100,23,25.5,38.1,59.5,34.5,4.86,PG,7100,2,27.0,18.0,101,107,0%,12,13,14,32,30,30,38.5,34.2,22.8,45.6,31.5,36.2,5.1,35.3,33.5,4.7
Andrew Wiggins,SG,,2020-03-10,GS,LAC,12.5,223.0,105.3,7400,13,24.5,40.3,48.3,34.5,4.66,SG/SF,7400,2,25.0,16.0,104,105,-2%,15,17,18,37,36,35,39.4,37.7,27.0,48.3,35.0,38.9,5.3,32.4,29.0,3.9
Collin Sexton,PG,,2020-03-10,CLE,CHI,4.0,217.5,106.8,7000,3,24.8,40.8,55.3,34.5,4.93,PG/SG,7000,1,27.0,16.0,102,108,-12%,19,20,17,40,40,33,40.8,30.8,22.5,39.1,37.0,33.9,4.8,36.5,36.8,5.3
Marquese Chriss,C,,2020-03-10,GS,LAC,12.5,223.0,105.3,6000,2,29.3,37.1,45.0,34.0,5.67,C,6000,2,19.0,20.0,104,105,-4%,12,10,7,31,29,20,37.0,22.9,12.3,33.6,31.0,37.4,6.2,27.1,26.5,4.4
Coby White,PG,,2020-03-10,CHI,CLE,-4.0,217.5,110.8,6800,17,34.5,38.3,44.0,33.8,4.96,PG/SG,6800,1,24.0,12.0,101,114,6%,21,20,12,36,34,26,38.3,23.8,12.7,34.8,35.5,39.0,5.7,38.0,30.3,4.5
Elfrid Payton,PG,,2020-03-10,NY,WAS,4.5,228.5,112.0,6300,2,17.3,30.9,41.8,33.5,5.32,PG,6300,1,22.0,16.0,105,113,6%,12,9,10,31,28,29,30.9,30.9,20.3,41.5,29.5,33.9,5.4,18.3,13.0,2.1
Myles Turner,C,,2020-03-10,IND,BOS,3.0,214.5,105.8,5700,9,16.8,32.7,44.8,32.3,5.66,C,5700,1,17.0,15.0,102,104,-7%,11,10,10,34,33,30,32.6,28.2,18.7,37.6,32.5,31.2,5.5,36.2,36.5,6.4
Marcus Smart,PG,,2020-03-10,BOS,IND,-3.0,214.5,108.8,6700,26,26.0,40.7,51.8,32.0,4.78,PG/SG,6700,1,20.0,14.0,101,105,-1%,20,18,12,38,38,33,40.6,31.1,20.3,41.8,36.5,33.1,4.9,35.7,30.3,4.5
Naz Reid,C,,2020-03-10,MIN,HOU,13.0,249.5,118.3,6000,26,24.8,33.5,46.5,31.3,5.21,C,6000,1,24.0,16.0,106,108,0%,14,13,8,27,27,16,33.5,18.8,6.7,31.0,26.0,30.5,5.1,23.4,21.0,3.5
Larry Nance Jr.,PF,,2020-03-10,CLE,CHI,4.0,217.5,106.8,6400,19,16.8,33.2,53.3,31.3,4.88,PF/C,6400,1,16.0,17.0,102,108,7%,10,11,8,37,36,26,33.2,25.3,13.8,36.9,35.0,32.9,5.1,31.9,36.5,5.7
Terrence Ross,SG,,2020-03-10,ORL,MEM,2.0,218.5,108.3,5800,5,28.0,32.6,38.5,30.5,5.26,SG/SF,5800,1,22.0,14.0,105,108,5%,10,13,12,32,31,28,32.6,24.3,15.9,32.7,32.0,31.1,5.4,30.5,33.0,5.7
Tim Hardaway Jr.,SG,,2020-03-10,DAL,SA,-4.0,232.0,118.0,6300,26,24.3,31.5,41.0,30.5,4.84,SG/SF,6300,1,22.0,15.0,102,111,3%,18,17,13,39,37,29,32.3,25.6,15.3,36.0,35.5,30.7,4.9,37.2,38.8,6.2
Malik Beasley,SG,,2020-03-10,MIN,HOU,13.0,249.5,118.3,6200,4,22.8,32.9,39.3,30.5,4.92,SG,6200,1,20.0,13.0,106,108,6%,21,17,10,30,32,22,32.9,19.3,7.3,31.3,33.0,33.4,5.4,32.6,11.3,1.8
Mikal Bridges,SG,,2020-03-10,PHO,POR,4.5,234.5,115.0,5800,29,19.3,30.5,42.0,30.3,5.22,SG/SF,5800,1,13.0,13.0,103,111,5%,12,11,6,41,39,27,30.9,20.4,10.6,30.3,39.0,31.3,5.4,42.7,21.8,3.8
Montrezl Harrell,C,,2020-03-10,LAC,GS,-12.5,223.0,117.8,6100,12,21.3,34.8,44.0,30.3,4.96,C,6100,1,25.0,23.0,103,111,2%,10,10,13,28,25,28,34.8,33.4,22.8,44.1,26.5,31.3,5.1,19.6,22.0,3.6
Dario Saric,SF,,2020-03-10,PHO,POR,4.5,234.5,115.0,5500,12,16.8,26.5,42.5,29.8,5.41,SF/PF,5500,1,17.0,13.0,103,111,4%,10,9,9,32,29,26,26.5,23.3,12.2,34.4,31.0,27.8,5.1,38.8,46.3,8.4
T.J. Warren,SF,,2020-03-10,IND,BOS,3.0,214.5,105.8,6000,17,25.0,32.5,44.3,29.3,4.88,SF/PF,6000,1,22.0,17.0,102,104,-6%,16,16,14,33,36,33,32.5,29.2,18.1,40.4,35.0,32.3,5.4,34.2,27.3,4.5
DeAndre Jordan,C,,2020-03-10,BKN,LAL,12.0,226.0,107.0,5500,14,6.0,25.3,42.8,29.3,5.32,C,5500,1,15.0,20.0,103,103,-10%,8,4,5,26,24,22,25.3,26.1,16.4,35.7,27.0,28.7,5.2,27.2,24.5,4.5
Eric Paschall,SF,,2020-03-10,GS,LAC,12.5,223.0,105.3,5700,7,32.0,34.8,37.8,29.0,5.09,SF/PF,5700,2,21.0,15.0,104,105,-4%,11,13,11,31,33,28,34.8,24.6,14.1,35.1,31.5,29.2,5.1,32.2,25.5,4.5
Shabazz Napier,PG,,2020-03-10,WAS,NY,-4.5,228.5,116.5,5600,24,19.0,27.6,51.5,28.8,5.13,PG,5600,1,21.0,14.0,101,111,1%,11,8,8,32,28,24,27.6,24.1,12.8,35.4,30.5,28.7,5.1,38.2,38.0,6.8
Mitchell Robinson,C,Q,2020-03-10,NY,WAS,4.5,228.5,112.0,5500,21,21.5,32.3,46.0,27.3,4.95,C,5500,1,13.0,24.0,105,113,5%,6,8,6,25,27,23,32.3,25.2,16.0,34.3,25.0,28.4,5.2,24.9,13.8,2.5
Victor Oladipo,PG,Q,2020-03-10,IND,BOS,3.0,214.5,105.8,5600,29,11.8,26.2,32.0,27.0,4.82,PG/SG,5600,1,,,102,104,-1%,14,12,12,27,27,26,26.2,22.1,15.1,29.1,27.5,26.6,4.8,28.8,47.8,8.5
Rudy Gay,SF,,2020-03-10,SA,DAL,4.0,232.0,114.0,5100,13,18.0,28.4,39.0,26.8,5.25,SF/PF,5100,1,21.0,14.0,101,108,2%,14,12,9,30,28,22,28.4,21.6,12.8,30.4,23.5,22.4,4.4,19.9,22.5,4.4
Damion Lee,SG,,2020-03-10,GS,LAC,12.5,223.0,105.3,5800,13,18.3,32.1,41.3,26.8,4.61,SG,5800,2,19.0,13.0,104,105,-1%,17,13,11,35,35,30,32.0,26.7,17.1,36.3,34.5,31.0,5.3,30.9,21.3,3.7
Davis Bertans,PF,,2020-03-10,WAS,NY,-4.5,228.5,116.5,5300,1,22.8,32.1,39.0,26.5,5.0,PF,5300,1,19.0,16.0,101,111,1%,14,14,11,27,28,29,32.1,27.8,19.2,36.4,28.5,27.2,5.1,29.2,19.0,3.6
RJ Barrett,PG,,2020-03-10,NY,WAS,4.5,228.5,112.0,5400,2,21.3,29.5,42.8,26.3,4.86,PG/SG,5400,1,24.0,10.0,105,113,0%,14,14,13,28,29,31,29.5,26.2,15.4,37.1,29.5,27.6,5.1,29.6,31.0,5.7
Carmelo Anthony,PF,,2020-03-10,POR,PHO,-4.5,234.5,119.5,5600,24,14.5,22.6,37.3,26.3,4.69,PF,5600,2,21.0,12.0,104,109,1%,9,10,14,28,30,33,22.6,27.9,17.9,37.9,32.5,27.3,4.9,32.0,40.8,7.3
Aaron Holiday,PG,,2020-03-10,IND,BOS,3.0,214.5,105.8,4800,29,7.5,15.5,24.3,26.0,5.42,PG/SG,4800,1,20.0,12.0,102,104,-4%,7,6,9,33,28,24,15.5,20.3,9.7,30.9,32.0,24.8,5.2,33.9,14.0,2.9
Trey Lyles,PF,,2020-03-10,SA,DAL,4.0,232.0,114.0,5300,7,17.3,31.4,44.8,26.0,4.91,PF/C,5300,1,13.0,13.0,101,108,0%,11,12,6,32,35,20,31.4,17.2,7.8,26.5,28.0,23.8,4.5,32.2,37.8,7.1
Derrick White,PG,,2020-03-10,SA,DAL,4.0,232.0,114.0,4600,25,20.0,24.9,32.5,26.0,5.65,PG/SG,4600,1,19.0,16.0,101,108,-3%,10,7,8,26,24,24,24.6,22.2,14.3,30.0,29.0,27.4,6.0,35.4,47.3,10.3
Cedi Osman,SF,,2020-03-10,CLE,CHI,4.0,217.5,106.8,5400,8,12.8,26.4,38.5,26.0,4.81,SF/PF,5400,1,17.0,11.0,102,108,1%,13,12,9,38,36,30,26.4,21.7,13.4,30.0,35.5,26.4,4.9,29.9,20.0,3.7
Markelle Fultz,PG,,2020-03-10,ORL,MEM,2.0,218.5,108.3,5700,15,17.3,27.2,40.0,25.8,4.52,PG/SG,5700,1,22.0,14.0,105,108,2%,13,11,11,27,28,29,27.4,26.6,18.8,34.5,29.5,27.1,4.8,32.1,34.0,6.0
Daniel Theis,C,,2020-03-10,BOS,IND,-3.0,214.5,108.8,5000,24,12.8,25.5,36.8,25.5,5.1,C,5000,1,15.0,18.0,101,105,-5%,7,7,7,28,28,24,25.5,24.1,16.2,31.9,27.5,25.3,5.1,33.6,37.0,7.4
Rui Hachimura,PF,,2020-03-10,WAS,NY,-4.5,228.5,116.5,4900,1,13.5,23.4,35.5,25.5,5.2,PF/C,4900,1,18.0,14.0,101,111,8%,7,8,11,36,32,30,23.4,25.3,16.0,34.6,32.5,27.5,5.6,28.6,27.3,5.6
Lauri Markkanen,PF,,2020-03-10,CHI,CLE,-4.0,217.5,110.8,4700,13,12.8,21.8,32.5,25.5,5.43,PF/C,4700,1,21.0,14.0,101,114,3%,9,11,12,24,29,30,23.8,28.1,18.7,37.5,26.5,24.6,5.2,27.3,22.5,4.8
Juancho Hernangomez,PF,,2020-03-10,MIN,HOU,13.0,249.5,118.3,5200,16,16.0,26.4,35.0,25.3,4.86,PF,5200,1,14.0,10.0,106,108,7%,7,9,5,29,30,17,26.4,13.3,1.6,25.1,30.0,28.7,5.5,29.6,36.0,6.9
Wendell Carter Jr.,C,,2020-03-10,CHI,CLE,-4.0,217.5,110.8,4600,16,11.8,17.7,22.3,25.3,5.49,C,4600,1,16.0,15.0,101,114,3%,5,5,8,27,24,30,17.6,28.3,19.7,36.8,28.0,24.8,5.4,26.5,29.0,6.3
Dillon Brooks,SG,,2020-03-10,MEM,ORL,-2.0,218.5,110.3,5300,25,13.0,23.5,30.8,25.3,4.76,SG,5300,2,24.0,11.0,101,107,-5%,14,16,15,29,28,29,23.4,26.2,16.6,35.9,29.5,26.5,5.0,33.7,24.5,4.6
Otto Porter Jr.,SF,,2020-03-10,CHI,CLE,-4.0,217.5,110.8,4600,30,13.0,25.0,38.8,25.0,5.43,SF/PF,4600,1,,,101,114,7%,13,10,10,22,18,24,24.9,22.0,12.6,31.4,25.5,26.5,5.8,25.4,27.5,6.0
James Johnson,PF,,2020-03-10,MIN,HOU,13.0,249.5,118.3,4900,16,11.0,27.0,38.0,24.3,4.95,PF/C,4900,1,17.0,15.0,106,108,7%,9,8,7,22,22,20,27.4,20.1,8.8,31.4,23.0,24.5,5.0,25.4,32.0,6.5
Joe Harris,SG,,2020-03-10,BKN,LAL,12.0,226.0,107.0,4900,6,15.3,27.3,32.0,24.0,4.9,SG/SF,4900,1,18.0,13.0,103,103,-6%,13,14,11,29,29,32,29.9,25.0,17.5,32.6,30.0,23.8,4.9,27.0,18.8,3.8
Denzel Valentine,SG,,2020-03-10,CHI,CLE,-4.0,217.5,110.8,5100,8,12.8,20.4,27.5,24.0,4.71,SG/SF,5100,1,23.0,13.0,101,114,7%,14,12,6,25,20,13,20.4,13.0,4.1,21.9,23.5,24.9,4.9,22.7,21.8,4.3
JaVale McGee,C,,2020-03-10,LAL,BKN,-12.0,226.0,119.0,3600,10,7.8,16.6,26.8,23.8,6.6,C,3600,1,15.0,20.0,104,106,7%,4,4,5,16,18,17,16.2,18.7,10.1,27.3,19.5,23.6,6.6,16.8,11.8,3.3
D.J. Augustin,PG,,2020-03-10,ORL,MEM,2.0,218.5,108.3,4300,15,8.0,21.2,34.0,23.5,5.47,PG,4300,1,20.0,14.0,105,108,2%,9,8,8,27,23,26,23.6,22.3,13.6,31.0,26.0,22.7,5.3,23.9,24.0,5.6
Tomas Satoransky,PG,,2020-03-10,CHI,CLE,-4.0,217.5,110.8,4900,17,8.3,21.9,27.5,23.5,4.8,PG,4900,1,18.0,14.0,101,114,6%,8,9,9,26,29,29,21.9,25.5,15.8,35.2,26.0,23.5,4.8,28.6,22.5,4.6
Matthew Dellavedova,PG,,2020-03-10,CLE,CHI,4.0,217.5,106.8,4000,3,8.0,23.1,36.0,23.5,5.88,PG/SG,4000,1,16.0,8.0,102,108,-12%,8,6,3,38,32,14,23.1,9.7,2.1,17.3,35.0,21.9,5.5,34.2,26.5,6.6
Michael Carter-Williams,PG,,2020-03-10,ORL,MEM,2.0,218.5,108.3,4300,15,13.5,20.7,28.5,23.5,5.47,PG/SG,4300,1,19.0,15.0,105,108,2%,9,8,6,25,21,19,20.7,18.1,10.5,25.8,22.5,21.6,5.0,24.5,27.8,6.5
Thomas Bryant,C,,2020-03-10,WAS,NY,-4.5,228.5,116.5,3900,13,4.8,19.2,26.0,23.3,5.96,C,3900,1,18.0,20.0,101,111,-6%,4,5,8,20,19,24,19.2,25.7,14.6,36.8,20.5,21.8,5.6,24.3,33.5,8.6
Marcus Morris Sr.,SF,,2020-03-10,LAC,GS,-12.5,223.0,117.8,4500,9,11.5,16.6,18.0,23.3,5.17,SF/PF,4500,1,17.0,15.0,103,111,2%,11,9,14,25,27,32,16.6,29.4,18.2,40.5,28.0,22.7,5.0,22.2,18.0,4.0
Maxi Kleber,PF,,2020-03-10,DAL,SA,-4.0,232.0,118.0,4800,18,9.8,23.5,35.5,23.3,4.84,PF/C,4800,1,14.0,14.0,102,111,0%,6,6,7,32,31,25,23.9,21.1,13.0,29.1,30.0,24.5,5.1,30.7,23.3,4.9
Troy Brown Jr.,SG,,2020-03-10,WAS,NY,-4.5,228.5,116.5,3700,18,12.8,18.7,29.5,23.3,6.28,SG/SF,3700,1,17.0,14.0,101,111,1%,9,7,8,29,22,25,18.6,22.6,12.8,32.4,27.5,23.8,6.4,23.5,17.5,4.7
Taurean Prince,PF,,2020-03-10,BKN,LAL,12.0,226.0,107.0,4100,9,11.0,18.0,22.3,23.0,5.61,PF,4100,1,20.0,9.0,103,103,-6%,11,12,12,29,27,29,21.4,25.7,16.9,34.5,27.5,22.3,5.4,27.8,19.0,4.6
Trevor Ariza,SF,,2020-03-10,POR,PHO,-4.5,234.5,119.5,4700,14,16.8,25.3,33.8,22.8,4.84,SF,4700,2,12.0,11.0,104,109,1%,8,8,6,33,35,29,25.3,20.1,10.1,30.1,34.0,22.9,4.9,36.7,35.0,7.4
Patrick Beverley,PG,,2020-03-10,LAC,GS,-12.5,223.0,117.8,3700,4,9.0,11.3,17.0,22.5,6.08,PG,3700,1,14.0,12.0,103,111,5%,3,3,7,25,23,28,11.3,23.8,13.7,34.0,26.5,22.1,6.0,20.7,22.8,6.2
Dorian Finney-Smith,SF,Q,2020-03-10,DAL,SA,-4.0,232.0,118.0,3700,23,2.0,22.2,34.3,22.5,6.08,SF/PF,3700,1,13.0,12.0,102,111,3%,8,6,7,32,30,30,24.1,21.7,13.8,29.5,31.0,21.6,5.8,37.9,22.5,6.1
Thaddeus Young,PF,,2020-03-10,CHI,CLE,-4.0,217.5,110.8,5300,13,27.3,31.1,36.5,22.5,4.25,PF,5300,1,20.0,13.0,101,114,3%,12,12,10,25,29,25,31.1,22.7,13.8,31.6,25.0,23.5,4.4,20.9,19.0,3.6
Jarrett Allen,C,,2020-03-10,BKN,LAL,12.0,226.0,107.0,4700,14,15.8,22.3,32.3,22.5,4.79,C,4700,1,15.0,20.0,103,103,-10%,6,7,7,20,23,26,22.3,29.3,18.5,40.1,20.5,20.7,4.4,20.6,17.8,3.8
Reggie Jackson,PG,,2020-03-10,LAC,GS,-12.5,223.0,117.8,3900,4,9.0,18.7,33.0,22.3,5.71,PG,3900,1,28.0,14.0,103,111,5%,6,6,11,16,19,24,18.6,24.5,13.2,35.8,21.0,22.0,5.6,19.2,24.0,6.2
Mychal Mulder,PG,,2020-03-10,GS,LAC,12.5,223.0,105.3,4200,21,,,,22.0,5.24,PG,4200,2,,,104,105,0%,10,10,10,28,31,30,22.9,20.3,12.6,27.9,30.5,23.2,5.5,26.4,7.5,1.8
De'Anthony Melton,PG,,2020-03-10,MEM,ORL,-2.0,218.5,110.3,4600,23,1.0,19.3,31.5,22.0,4.78,PG/SG,4600,2,21.0,15.0,101,107,0%,7,7,7,22,23,21,19.3,21.7,13.5,29.9,24.5,21.9,4.8,26.5,29.3,6.4
Kyle Anderson,SF,,2020-03-10,MEM,ORL,-2.0,218.5,110.3,4600,11,15.3,20.3,28.5,21.8,4.73,SF/PF,4600,2,14.0,13.0,101,107,-5%,6,7,5,27,26,19,19.9,17.0,9.6,24.4,28.0,23.1,5.0,26.4,13.0,2.8
Josh Okogie,SG,,2020-03-10,MIN,HOU,13.0,249.5,118.3,4100,4,8.0,18.8,30.3,21.5,5.24,SG/SF,4100,1,15.0,12.0,106,108,6%,5,6,7,25,26,25,18.8,19.3,11.4,27.1,28.0,22.1,5.4,35.6,16.0,3.9
Delon Wright,PG,,2020-03-10,DAL,SA,-4.0,232.0,118.0,4400,5,14.0,24.1,34.5,21.5,4.89,PG/SG,4400,1,16.0,16.0,102,111,3%,6,5,6,26,27,22,23.7,20.8,12.1,29.4,23.0,20.3,4.6,19.3,19.0,4.3
P.J. Tucker,C,,2020-03-10,HOU,MIN,-13.0,249.5,131.3,4200,22,12.3,18.0,33.8,21.5,5.12,C,4200,1,9.0,9.0,106,110,6%,6,5,6,32,33,35,18.0,21.9,12.7,31.2,33.0,21.0,5.0,35.9,27.8,6.6
Gorgui Dieng,C,,2020-03-10,MEM,ORL,-2.0,218.5,110.3,4500,3,11.0,20.6,35.0,21.3,4.72,C,4500,2,18.0,17.0,101,107,-5%,4,5,6,18,21,18,20.6,20.2,7.7,32.7,19.0,21.5,4.8,15.0,23.5,5.2
Kyle Kuzma,SF,,2020-03-10,LAL,BKN,-12.0,226.0,119.0,4400,15,13.3,21.9,29.5,21.3,4.83,SF/PF,4400,1,23.0,12.0,104,106,-3%,10,12,11,23,26,25,21.9,22.0,12.7,31.2,24.0,21.9,5.0,22.4,22.3,5.1
Juan Toscano-Anderson,SF,,2020-03-10,GS,LAC,12.5,223.0,105.3,3500,7,14.8,16.8,20.3,21.0,6.0,SF/PF,3500,2,,,104,105,-4%,5,5,5,25,26,23,16.8,17.1,8.5,25.7,27.0,21.7,6.2,0.8,0.0,0.0
Danuel House Jr.,SF,,2020-03-10,HOU,MIN,-13.0,249.5,131.3,4300,19,11.8,21.2,32.0,20.8,4.83,SF/PF,4300,1,13.0,12.0,106,110,0%,6,9,9,28,29,31,21.1,21.9,12.4,31.5,29.0,22.8,5.3,12.3,8.8,2.0
Ivica Zubac,C,,2020-03-10,LAC,GS,-12.5,223.0,117.8,4300,12,12.3,21.2,35.5,20.5,4.77,C,4300,1,16.0,21.0,103,111,2%,5,4,5,17,19,19,21.1,21.1,13.5,28.7,19.0,21.6,5.0,19.8,20.0,4.7
Bobby Portis,PF,,2020-03-10,NY,WAS,4.5,228.5,112.0,4200,4,14.3,22.7,29.0,20.5,4.88,PF/C,4200,1,21.0,14.0,105,113,0%,11,11,9,23,22,22,22.7,20.6,11.2,30.1,20.5,20.7,4.9,26.8,37.0,8.8
Josh Jackson,SF,,2020-03-10,MEM,ORL,-2.0,218.5,110.3,4600,11,5.5,25.2,37.8,20.3,4.4,SF,4600,2,,,101,107,-5%,15,12,9,22,20,21,25.1,20.9,12.2,29.5,22.0,20.4,4.4,19.9,23.3,5.1
Jordan McLaughlin,PG,,2020-03-10,MIN,HOU,13.0,249.5,118.3,4000,12,9.5,21.3,33.8,19.5,4.88,PG,4000,1,18.0,16.0,106,108,-1%,7,7,6,22,22,20,21.3,18.8,8.2,29.3,20.5,20.2,5.0,19.2,12.0,3.0
Jerome Robinson,SG,Q,2020-03-10,WAS,NY,-4.5,228.5,116.5,4100,18,9.3,19.6,35.0,19.3,4.7,SG/SF,4100,1,15.0,6.0,101,111,-3%,9,7,4,31,27,14,19.6,9.2,0.8,17.6,28.5,19.8,4.8,14.2,4.8,1.2
Jevon Carter,PG,,2020-03-10,PHO,POR,4.5,234.5,115.0,3100,6,1.5,12.0,21.0,19.0,6.13,PG/SG,3100,1,14.0,10.0,103,111,5%,7,6,4,23,20,15,12.0,10.9,3.4,18.3,25.0,18.6,6.0,23.3,24.8,8.0
Jarrett Culver,SG,,2020-03-10,MIN,HOU,13.0,249.5,118.3,3500,4,14.5,18.6,23.0,18.5,5.29,SG/SF,3500,1,19.0,10.0,106,108,-1%,7,9,9,24,23,24,18.6,19.0,9.5,28.4,21.5,17.9,5.1,18.2,16.3,4.7
Bryn Forbes,PG,,2020-03-10,SA,DAL,4.0,232.0,114.0,3500,25,12.3,17.3,23.3,18.3,5.21,PG/SG,3500,1,18.0,11.0,101,108,-2%,9,9,9,25,25,25,17.3,18.3,10.3,26.3,28.0,20.3,5.8,19.8,13.3,3.8
Danny Green,SG,,2020-03-10,LAL,BKN,-12.0,226.0,119.0,3200,14,1.5,12.4,17.8,18.3,5.7,SG/SF,3200,1,14.0,11.0,104,106,-1%,5,5,7,28,25,25,12.4,18.4,9.2,27.6,25.0,18.6,5.8,29.0,19.5,6.1
Tyus Jones,PG,,2020-03-10,MEM,ORL,-2.0,218.5,110.3,4100,23,13.0,26.0,37.8,18.3,4.45,PG,4100,2,19.0,16.0,101,107,0%,8,10,7,19,20,19,26.1,18.2,10.1,26.3,20.0,19.0,4.6,20.5,12.5,3.0
Avery Bradley,PG,,2020-03-10,LAL,BKN,-12.0,226.0,119.0,3900,28,9.3,20.4,34.8,18.3,4.68,PG/SG,3900,1,16.0,9.0,104,106,-1%,11,9,8,32,29,24,20.4,15.7,7.5,23.9,28.0,18.0,4.6,31.1,16.5,4.2
Eric Gordon,SG,Q,2020-03-10,HOU,MIN,-13.0,249.5,131.3,3700,3,10.3,17.5,24.3,17.8,4.8,SG/SF,3700,1,21.0,11.0,106,110,4%,10,10,13,23,24,29,17.4,22.4,10.8,34.0,22.5,18.4,5.0,29.8,20.5,5.5
James Ennis III,SF,,2020-03-10,ORL,MEM,2.0,218.5,108.3,3800,10,9.0,16.5,28.5,17.5,4.61,SF/PF,3800,1,14.0,12.0,105,108,3%,3,5,5,22,25,18,16.4,13.3,6.3,20.3,25.5,19.0,5.0,23.2,14.5,3.8
Kentavious Caldwell-Pope,SG,,2020-03-10,LAL,BKN,-12.0,226.0,119.0,3400,14,10.0,15.0,24.0,17.5,5.15,SG,3400,1,15.0,12.0,104,106,-1%,5,8,8,24,26,27,15.0,17.8,11.3,24.2,24.5,16.7,4.9,24.9,17.8,5.2
Rajon Rondo,PG,,2020-03-10,LAL,BKN,-12.0,226.0,119.0,3300,28,5.3,11.9,16.0,17.0,5.15,PG,3300,1,21.0,13.0,104,106,3%,7,6,7,17,19,21,11.9,19.8,8.9,30.8,16.0,15.4,4.7,15.6,6.8,2.1
T.J. McConnell,PG,,2020-03-10,IND,BOS,3.0,214.5,105.8,4200,29,7.8,17.8,30.0,17.0,4.05,PG,4200,1,20.0,16.0,102,104,-4%,6,7,6,18,19,19,17.8,18.9,10.9,27.0,18.0,16.6,4.0,14.4,9.3,2.2
Timothe Luwawu-Cabarrot,SF,,2020-03-10,BKN,LAL,12.0,226.0,107.0,3200,26,3.8,16.3,30.5,16.8,5.23,SF/PF,3200,1,15.0,9.0,103,103,-2%,5,6,5,26,26,17,16.3,11.4,3.5,19.3,24.5,16.8,5.3,25.4,21.0,6.6
Justin Holiday,SG,,2020-03-10,IND,BOS,3.0,214.5,105.8,3500,1,11.3,16.2,19.3,16.5,4.71,SG/SF,3500,1,13.0,13.0,102,104,-1%,7,7,7,24,22,26,17.5,19.1,11.5,26.8,23.5,16.9,4.8,21.0,17.5,5.0
Moritz Wagner,PF,,2020-03-10,WAS,NY,-4.5,228.5,116.5,3500,1,3.8,13.3,25.3,15.8,4.5,PF/C,3500,1,19.0,17.0,101,111,8%,3,3,6,18,16,19,13.3,20.3,10.4,30.2,18.0,17.2,4.9,21.2,14.8,4.2
Gary Trent Jr.,SG,,2020-03-10,POR,PHO,-4.5,234.5,119.5,3900,19,13.8,18.5,36.0,15.8,4.04,SG/SF,3900,2,15.0,12.0,104,109,0%,10,11,7,21,27,20,18.5,13.8,3.1,24.4,22.0,15.7,4.0,17.9,7.5,1.9
Jeff Green,PF,,2020-03-10,HOU,MIN,-13.0,249.5,131.3,4000,10,8.3,21.7,40.5,15.8,3.94,PF/C,4000,1,17.0,13.0,106,110,6%,12,8,7,28,21,19,21.7,15.3,7.5,23.1,16.0,13.7,3.4,20.6,7.5,1.9
Courtney Lee,SG,,2020-03-10,DAL,SA,-4.0,232.0,118.0,3400,26,6.3,14.6,28.8,15.5,4.56,SG/SF,3400,1,,,102,111,0%,8,5,3,30,23,14,14.6,9.1,1.9,16.3,25.0,15.9,4.7,22.3,8.0,2.4
Landry Shamet,SG,,2020-03-10,LAC,GS,-12.5,223.0,117.8,3100,20,2.3,7.1,16.5,15.5,5.0,SG/SF,3100,1,13.0,9.0,103,111,8%,4,5,8,16,18,28,8.3,17.0,8.9,25.0,22.5,13.6,4.4,26.6,20.8,6.7
John Konchar,SG,,2020-03-10,MEM,ORL,-2.0,218.5,110.3,3100,25,14.5,17.9,23.3,15.3,4.92,SG/SF,3100,2,,,101,107,0%,4,4,2,15,17,11,17.9,11.0,1.9,20.1,16.0,15.1,4.9,8.8,5.0,1.6
Alfonzo McKinnie,SF,,2020-03-10,CLE,CHI,4.0,217.5,106.8,3200,8,5.3,11.7,20.3,15.0,4.69,SF/PF,3200,1,15.0,9.0,102,108,1%,6,6,4,20,18,15,11.7,10.0,2.2,17.7,21.5,14.0,4.4,22.9,13.3,4.2
Chris Chiozza,PG,,2020-03-10,BKN,LAL,12.0,226.0,107.0,3100,14,-1.0,15.2,26.0,14.8,4.76,PG,3100,1,,,103,103,0%,6,5,4,17,16,12,15.2,10.7,2.3,19.0,17.5,14.5,4.7,17.3,21.3,6.9
Patty Mills,PG,,2020-03-10,SA,DAL,4.0,232.0,114.0,3100,25,11.8,17.9,34.5,14.8,4.76,PG/SG,3100,1,20.0,15.0,101,108,-3%,5,8,9,18,20,23,17.9,19.2,10.5,27.9,24.0,19.4,6.3,18.9,18.3,5.9
Keldon Johnson,SF,,2020-03-10,SA,DAL,4.0,232.0,114.0,3100,13,0.0,13.4,21.3,14.5,4.68,SF,3100,1,,,101,108,-3%,5,5,4,19,14,10,13.4,9.3,1.0,17.7,15.0,12.1,3.9,13.3,8.0,2.6
JaMychal Green,PF,,2020-03-10,LAC,GS,-12.5,223.0,117.8,3200,29,11.8,15.4,22.5,14.5,4.53,PF,3200,1,13.0,11.0,103,111,2%,6,5,6,17,18,21,15.4,17.8,9.5,26.1,17.0,14.3,4.5,25.8,31.0,9.7
Wayne Ellington,SG,,2020-03-10,NY,WAS,4.5,228.5,112.0,3100,28,7.8,15.2,28.3,14.5,4.68,SG/SF,3100,1,15.0,9.0,105,113,5%,5,6,5,18,19,17,15.2,11.2,3.6,18.8,17.0,12.6,4.1,16.1,16.5,5.3
Shaquille Harrison,PG,,2020-03-10,CHI,CLE,-4.0,217.5,110.8,5000,17,9.8,26.1,48.5,14.5,2.9,PG/SF,5000,1,19.0,18.0,101,114,6%,12,7,4,35,26,11,25.9,11.0,-0.4,22.4,33.0,31.8,6.4,29.7,34.5,6.9
J.J. Barea,PG,,2020-03-10,DAL,SA,-4.0,232.0,118.0,3300,5,1.5,8.6,14.8,14.5,4.39,PG/SG,3300,1,,,102,111,3%,4,5,7,10,12,15,8.6,16.1,7.7,24.5,0.0,0.0,0.0,0.0,0.0,0.0
Alex Caruso,PG,Q,2020-03-10,LAL,BKN,-12.0,226.0,119.0,3100,28,3.5,15.0,29.3,14.5,4.68,PG/SG,3100,1,14.0,11.0,104,106,-1%,3,4,5,13,16,18,15.0,13.6,6.2,21.0,15.5,12.4,4.0,14.1,8.5,2.7
DeMarre Carroll,PF,,2020-03-10,HOU,MIN,-13.0,249.5,131.3,3000,10,9.8,13.5,15.5,14.3,4.75,PF/C,3000,1,,,106,110,6%,5,5,3,17,16,11,13.4,8.1,3.3,12.9,0.0,0.0,0.0,0.0,0.0,0.0
Jake Layman,SF,,2020-03-10,MIN,HOU,13.0,249.5,118.3,3100,29,2.0,10.2,20.5,14.0,4.52,SF/PF,3100,1,17.0,10.0,106,108,7%,7,5,8,18,16,22,10.2,15.6,8.1,23.2,18.5,14.9,4.8,17.0,12.3,4.0
Mo Bamba,C,,2020-03-10,ORL,MEM,2.0,218.5,108.3,3100,20,2.5,12.6,21.5,14.0,4.52,C,3100,1,17.0,18.0,105,108,5%,6,6,5,13,14,15,21.8,16.9,9.4,24.3,11.0,12.1,3.9,12.7,21.3,6.9
Wilson Chandler,PF,,2020-03-10,BKN,LAL,12.0,226.0,107.0,3100,9,5.3,10.2,17.3,14.0,4.52,PF,3100,1,13.0,7.0,103,103,-6%,5,5,5,20,19,21,10.2,14.4,8.2,20.5,22.0,14.6,4.7,26.6,15.3,4.9
Wes Iwundu,SF,,2020-03-10,ORL,MEM,2.0,218.5,108.3,3200,10,3.0,13.4,20.0,14.0,4.38,SF,3200,1,13.0,10.0,105,108,3%,6,5,4,20,20,18,15.0,11.8,5.6,18.0,20.5,14.5,4.5,16.8,8.3,2.6
Cheick Diallo,PF,,2020-03-10,PHO,POR,4.5,234.5,115.0,3200,8,0.0,4.5,10.3,14.0,4.38,PF/C,3200,1,16.0,16.0,103,111,4%,4,2,3,14,7,11,4.5,9.7,0.6,18.8,14.5,13.0,4.1,13.5,16.3,5.1
Taj Gibson,C,,2020-03-10,NY,WAS,4.5,228.5,112.0,3100,21,2.3,15.4,31.5,14.0,4.52,C,3100,1,15.0,16.0,105,113,0%,5,5,5,15,17,17,15.4,14.2,6.6,21.8,14.5,13.1,4.2,17.5,17.3,5.6
Markieff Morris,PF,,2020-03-10,LAL,BKN,-12.0,226.0,119.0,3100,2,3.0,11.2,19.5,14.0,4.52,PF/C,3100,1,22.0,13.0,104,106,-3%,4,5,8,13,14,22,11.2,19.0,10.5,27.5,17.0,15.3,4.9,14.7,12.5,4.0
Edmond Sumner,SG,,2020-03-10,IND,BOS,3.0,214.5,105.8,3200,1,2.0,10.7,25.3,13.8,4.3,SG/SF,3200,1,,,102,104,-4%,10,5,5,22,14,14,10.8,10.3,2.6,18.0,18.0,13.0,4.1,17.4,12.0,3.8
Robert Williams,C,Q,2020-03-10,BOS,IND,-3.0,214.5,108.8,3100,24,,,,13.5,4.35,C,3100,1,,,101,105,-5%,3,3,3,15,13,14,15.2,15.4,8.4,22.4,14.5,14.1,4.5,0.0,0.0,0.0
Jordan Poole,PG,,2020-03-10,GS,LAC,12.5,223.0,105.3,4100,21,6.0,22.5,31.8,13.5,3.29,PG/SG,4100,2,21.0,7.0,104,105,0%,7,8,9,18,24,23,22.5,16.6,7.9,25.3,20.5,16.3,4.0,26.1,25.3,6.2
Kevin Knox II,SF,,2020-03-10,NY,WAS,4.5,228.5,112.0,3100,22,10.8,14.6,21.5,13.5,4.35,SF/PF,3100,1,18.0,8.0,105,113,8%,7,7,6,16,18,18,14.6,13.2,6.0,20.5,17.0,12.6,4.1,11.1,5.5,1.8
Yuta Watanabe,SF,,2020-03-10,MEM,ORL,-2.0,218.5,110.3,3000,11,0.0,5.8,10.0,13.0,4.33,SF/PF,3000,2,,,101,107,0%,1,2,2,3,6,6,5.4,4.2,-0.3,8.7,0.0,0.0,0.0,0.0,0.0,0.0
Frank Ntilikina,PG,,2020-03-10,NY,WAS,4.5,228.5,112.0,3100,2,7.0,12.7,20.5,12.8,4.11,PG/SG,3100,1,17.0,9.0,105,113,6%,8,6,6,14,18,21,12.7,15.4,5.6,25.2,17.5,13.9,4.5,29.7,43.5,14.0
Austin Rivers,PG,,2020-03-10,HOU,MIN,-13.0,249.5,131.3,3700,30,4.3,12.4,19.0,12.8,3.45,PG/SG,3700,1,15.0,10.0,106,110,4%,7,5,7,30,22,24,12.3,16.2,7.8,24.5,18.0,13.7,3.7,18.1,13.5,3.6
Goga Bitadze,C,,2020-03-10,IND,BOS,3.0,214.5,105.8,3000,9,0.0,5.2,10.8,12.8,4.25,C,3000,1,17.0,12.0,102,104,-7%,2,3,3,5,6,8,5.2,7.5,0.0,15.0,0.0,0.0,0.0,0.0,0.0,0.0
Dragan Bender,PF,,2020-03-10,GS,LAC,12.5,223.0,105.3,3500,22,14.8,22.5,38.3,12.8,3.64,PF/C,3500,2,,,104,105,-4%,5,8,6,15,21,18,22.5,16.0,8.0,24.1,16.0,13.0,3.7,25.4,35.8,10.2
Marko Guduric,SG,,2020-03-10,MEM,ORL,-2.0,218.5,110.3,3000,25,0.0,3.4,8.3,12.5,4.17,SG/SF,3000,2,18.0,9.0,101,107,0%,1,1,4,3,4,11,3.4,8.6,2.0,15.2,0.0,0.0,0.0,0.0,0.0,0.0
Justin Jackson,SF,,2020-03-10,DAL,SA,-4.0,232.0,118.0,3200,23,4.0,14.2,26.0,12.5,3.91,SF/PF,3200,1,16.0,10.0,102,111,3%,6,5,5,25,17,16,14.2,11.2,4.3,18.1,0.0,0.0,0.0,9.5,7.5,2.3
Gary Clark,PF,,2020-03-10,ORL,MEM,2.0,218.5,108.3,3000,6,0.0,4.8,12.8,12.5,4.17,PF/C,3000,1,12.0,11.0,105,108,-2%,1,2,3,5,11,12,4.8,8.4,1.4,15.5,0.0,0.0,0.0,9.3,4.0,1.3
Grant Williams,SF,,2020-03-10,BOS,IND,-3.0,214.5,108.8,3500,3,5.5,10.5,19.8,12.3,3.5,SF/PF,3500,1,12.0,8.0,101,105,-5%,4,4,3,16,19,16,10.5,10.3,3.2,17.5,15.0,10.1,2.9,2.7,2.0,0.6
Daniel Gafford,C,,2020-03-10,CHI,CLE,-4.0,217.5,110.8,3100,16,3.0,12.5,20.0,12.3,3.95,C,3100,1,13.0,16.0,101,114,3%,3,3,3,18,18,14,12.4,11.7,3.3,20.0,16.0,13.7,4.4,20.9,16.5,5.3
Brad Wanamaker,PG,,2020-03-10,BOS,IND,-3.0,214.5,108.8,3200,26,3.5,11.3,18.0,12.3,3.83,PG,3200,1,16.0,12.0,101,105,-1%,4,5,5,18,22,21,11.3,15.6,9.1,22.2,16.0,11.6,3.6,20.4,12.5,3.9
Mario Hezonja,SF,,2020-03-10,POR,PHO,-4.5,234.5,119.5,3100,14,10.0,17.6,28.0,12.0,3.87,SF/PF,3100,2,14.0,9.0,104,109,0%,7,5,4,18,18,16,17.6,11.8,3.6,20.0,17.0,12.5,4.0,14.4,14.0,4.5
Ty Jerome,PG,,2020-03-10,PHO,POR,4.5,234.5,115.0,3000,6,-0.5,3.8,8.5,11.8,3.92,PG/SG,3000,1,,,103,111,5%,4,2,4,14,8,11,3.8,9.0,1.2,16.7,15.0,12.2,4.1,15.0,2.8,0.9
Moe Harkless,SF,,2020-03-10,NY,WAS,4.5,228.5,112.0,3200,22,4.3,13.6,30.3,11.8,3.67,SF/PF,3200,1,10.0,10.0,105,113,8%,2,5,5,18,23,23,13.6,15.1,7.7,22.5,20.0,13.8,4.3,11.6,6.8,2.1
Anthony Tolliver,PF,,2020-03-10,MEM,ORL,-2.0,218.5,110.3,3100,23,2.5,10.5,17.3,11.3,3.63,PF/C,3100,2,11.0,7.0,101,107,-1%,4,4,3,18,19,16,10.4,9.4,1.7,17.1,18.0,11.2,3.6,17.9,6.3,2.0
Anfernee Simons,PG,,2020-03-10,POR,PHO,-4.5,234.5,119.5,3100,19,6.0,12.6,19.5,11.0,3.55,PG/SG,3100,2,19.0,9.0,104,109,0%,6,6,8,15,16,22,12.6,15.3,7.7,22.9,15.0,11.1,3.6,11.3,5.5,1.8
Jakarr Sampson,SF,,2020-03-10,IND,BOS,3.0,214.5,105.8,3100,17,1.3,8.8,26.3,11.0,3.55,SF/PF,3100,1,,,102,104,-6%,5,2,3,15,11,13,8.8,8.9,1.1,16.6,13.0,9.7,3.1,12.6,7.8,2.5
Marco Belinelli,SG,,2020-03-10,SA,DAL,4.0,232.0,114.0,3000,7,-0.5,10.5,31.0,9.5,3.17,SG/SF,3000,1,17.0,10.0,101,108,-2%,3,5,5,6,13,15,10.4,10.8,3.7,17.8,18.5,14.6,4.9,21.1,24.5,8.2
Drew Eubanks,PF,,2020-03-10,SA,DAL,4.0,232.0,114.0,3100,7,7.5,11.9,20.0,9.3,2.98,PF/C,3100,1,,,101,108,-3%,4,3,2,19,16,10,11.8,8.2,1.3,15.0,0.0,0.0,0.0,7.0,7.8,2.5
Reggie Bullock,SG,,2020-03-10,NY,WAS,4.5,228.5,112.0,3100,28,2.0,5.3,11.3,9.0,2.9,SG/SF,3100,1,16.0,9.0,105,113,8%,1,2,8,11,14,23,5.3,15.3,7.6,23.0,0.0,0.0,0.0,28.4,18.0,5.8
Rodney McGruder,SG,,2020-03-10,LAC,GS,-12.5,223.0,117.8,3000,20,-0.5,2.6,7.5,9.0,3.0,SG/SF,3000,1,11.0,7.0,103,111,8%,1,1,3,3,4,15,2.6,8.5,1.5,15.5,12.5,7.8,2.6,21.0,12.3,4.1
Chasson Randle,SG,,2020-03-10,GS,LAC,12.5,223.0,105.3,3000,13,2.8,12.6,25.3,8.8,2.92,SG,3000,2,,,104,105,0%,1,1,1,13,13,13,5.3,5.3,1.7,8.8,13.5,9.5,3.2,14.7,8.5,2.8
Elie Okobo,PG,,2020-03-10,PHO,POR,4.5,234.5,115.0,3000,6,5.3,12.1,30.3,8.8,2.92,PG/SG,3000,1,16.0,11.0,103,111,5%,3,4,3,13,15,13,12.1,10.3,2.0,18.6,0.0,0.0,0.0,1.6,0.0,0.0
Ben McLemore,SG,Q,2020-03-10,HOU,MIN,-13.0,249.5,131.3,3300,3,4.0,10.1,17.3,8.8,2.65,SG/SF,3300,1,15.0,12.0,106,110,4%,5,4,8,17,18,24,10.1,17.0,8.1,26.0,13.5,9.8,3.0,9.7,8.5,2.6
Enes Kanter,C,,2020-03-10,BOS,IND,-3.0,214.5,108.8,3200,24,4.8,14.7,27.3,8.5,2.66,C,3200,1,19.0,22.0,101,105,1%,4,4,6,10,15,18,16.5,21.8,10.8,32.8,0.0,0.0,0.0,14.4,15.8,4.9
Jaylen Nowell,PG,,2020-03-10,MIN,HOU,13.0,249.5,118.3,3000,12,1.3,7.2,16.0,7.8,2.58,PG/SG,3000,1,,,106,108,-1%,3,3,4,11,9,10,7.2,7.6,2.2,12.9,0.0,0.0,0.0,5.0,4.0,1.3
Thabo Sefolosha,SF,,2020-03-10,HOU,MIN,-13.0,249.5,131.3,3000,19,-0.5,6.2,9.8,6.8,2.25,SF/PF,3000,1,11.0,10.0,106,110,6%,1,2,2,9,9,11,6.2,7.8,2.3,13.2,0.0,0.0,0.0,0.0,0.0,0.0
Bruno Caboclo,PF,,2020-03-10,HOU,MIN,-13.0,249.5,131.3,3000,10,2.5,7.1,14.5,6.8,2.25,PF/C,3000,1,,,106,110,6%,3,2,3,7,6,8,7.0,7.8,-0.7,16.4,0.0,0.0,0.0,0.0,0.0,0.0
Dennis Smith Jr.,PG,Q,2020-03-10,NY,WAS,4.5,228.5,112.0,3300,2,4.3,17.3,44.3,6.3,1.89,PG,3300,1,25.0,8.0,105,113,6%,9,8,6,14,16,16,17.3,14.2,3.8,24.5,0.0,0.0,0.0,0.0,0.0,0.0
Khem Birch,PF,,2020-03-10,ORL,MEM,2.0,218.5,108.3,3000,6,0.0,4.6,15.0,6.3,2.08,PF/C,3000,1,9.0,10.0,105,108,5%,1,1,3,2,8,19,4.5,12.4,3.4,21.3,0.0,0.0,0.0,0.0,0.0,0.0
Nassir Little,SF,,2020-03-10,POR,PHO,-4.5,234.5,119.5,3000,14,2.0,4.9,7.5,6.0,2.0,SF/PF,3000,2,13.0,10.0,104,109,1%,4,2,3,5,8,12,4.9,8.4,1.1,15.6,0.0,0.0,0.0,1.6,3.3,1.1
Romeo Langford,SG,,2020-03-10,BOS,IND,-3.0,214.5,108.8,3100,12,0.0,5.6,13.3,5.8,1.85,SG/SF,3100,1,,,101,105,-1%,2,2,2,13,11,11,5.5,5.4,-1.2,12.0,13.5,7.1,2.3,9.8,1.3,0.4
Chris Clemons,PG,,2020-03-10,HOU,MIN,-13.0,249.5,131.3,3000,30,0.0,3.7,9.0,5.8,1.92,PG,3000,1,,,106,110,4%,1,3,4,3,6,9,3.6,7.9,-2.1,17.9,0.0,0.0,0.0,0.0,0.0,0.0
Anzejs Pasecniks,C,,2020-03-10,WAS,NY,-4.5,228.5,116.5,3000,13,2.0,5.8,11.5,5.5,1.83,C,3000,1,15.0,12.0,101,111,-6%,2,2,5,11,11,19,5.8,15.3,7.0,23.7,0.0,0.0,0.0,2.6,0.0,0.0
Garrison Mathews,SG,,2020-03-10,WAS,NY,-4.5,228.5,116.5,3000,18,0.0,9.8,24.5,5.0,1.67,SG/SF,3000,1,,,101,111,1%,2,4,3,11,14,13,9.8,9.5,0.6,18.4,13.0,9.5,3.2,8.6,5.5,1.8
Vic Law,PF,,2020-03-10,ORL,MEM,2.0,218.5,108.3,3000,6,0.0,0.3,1.3,5.0,1.67,PF,3000,1,,,105,108,-2%,1,1,1,2,2,2,0.3,0.3,-0.3,0.8,0.0,0.0,0.0,0.0,0.0,0.0
Caleb Swanigan,C,,2020-03-10,POR,PHO,-4.5,234.5,119.5,3000,19,4.8,8.1,16.8,4.8,1.58,C,3000,2,,,104,109,1%,0,1,2,5,9,11,8.1,8.9,2.9,14.9,0.0,0.0,0.0,11.2,7.3,2.4
Boban Marjanovic,C,,2020-03-10,DAL,SA,-4.0,232.0,118.0,3000,23,4.8,12.8,34.0,4.8,1.58,C,3000,1,,,102,111,3%,3,5,5,5,8,9,12.8,12.6,1.7,23.6,0.0,0.0,0.0,8.8,5.3,1.8
Theo Pinson,SG,,2020-03-10,BKN,LAL,12.0,226.0,107.0,3000,6,0.8,4.6,7.3,4.5,1.5,SG,3000,1,,,103,103,0%,1,1,5,4,5,11,4.6,9.2,3.2,15.2,0.0,0.0,0.0,0.0,0.0,0.0
Wenyen Gabriel,PF,,2020-03-10,POR,PHO,-4.5,234.5,119.5,3100,24,-0.5,10.6,18.8,3.8,1.21,PF,3100,2,,,104,109,1%,3,2,2,10,10,8,10.6,5.8,0.1,11.5,0.0,0.0,0.0,1.6,0.0,0.0
Ante Zizic,C,,2020-03-10,CLE,CHI,4.0,217.5,106.8,3000,29,0.0,7.8,11.0,3.3,1.08,C,3000,1,,,102,108,7%,3,4,3,9,11,10,7.8,9.4,1.9,16.9,0.0,0.0,0.0,0.0,0.0,0.0
Semi Ojeleye,PF,,2020-03-10,BOS,IND,-3.0,214.5,108.8,3600,20,0.0,12.2,37.0,3.0,0.83,PF,3600,1,9.0,8.0,101,105,-5%,6,5,3,19,17,15,12.2,7.3,0.4,14.3,0.0,0.0,0.0,21.2,10.5,2.9
Max Strus,SG,O,2020-03-10,CHI,CLE,-4.0,217.5,110.8,3000,8,0.0,3.1,6.3,0.0,0.0,SG,3000,1,,,101,114,6%,2,2,2,3,3,3,3.1,3.1,-1.3,7.5,0.0,0.0,0.0,0.0,0.0,0.0
Frank Kaminsky,C,O,2020-03-10,PHO,POR,4.5,234.5,115.0,3000,18,0.0,11.0,18.8,0.0,0.0,C,3000,1,21.0,15.0,103,111,4%,6,7,9,18,17,23,18.0,22.9,12.4,33.3,0.0,0.0,0.0,0.0,0.0,0.0
Rodney Hood,SG,O,2020-03-10,POR,PHO,-4.5,234.5,119.5,3000,19,6.0,16.1,28.3,0.0,0.0,SG,3000,2,14.0,12.0,104,109,0%,8,9,9,31,31,32,21.0,21.6,14.0,29.2,0.0,0.0,0.0,0.0,0.0,0.0
Ryan Arcidiacono,PG,O,2020-03-10,CHI,CLE,-4.0,217.5,110.8,3000,17,8.3,15.8,22.0,0.0,0.0,PG/SG,3000,1,13.0,9.0,101,114,6%,7,5,4,22,21,16,15.8,10.7,4.1,17.4,0.0,0.0,0.0,0.0,0.0,0.0
Michael Kidd-Gilchrist,PF,O,2020-03-10,DAL,SA,-4.0,232.0,118.0,3000,18,0.8,2.9,5.5,0.0,0.0,PF,3000,1,,,102,111,3%,2,1,3,9,6,11,2.9,7.2,1.1,13.2,0.0,0.0,0.0,0.0,0.0,0.0
Kris Dunn,SG,O,2020-03-10,CHI,CLE,-4.0,217.5,110.8,4000,8,17.0,28.8,35.5,0.0,0.0,SG,4000,1,16.0,12.0,101,114,6%,6,6,7,26,29,25,29.0,21.7,12.9,30.5,0.0,0.0,0.0,0.0,0.0,0.0
Willie Cauley-Stein,C,O,2020-03-10,DAL,SA,-4.0,232.0,118.0,3000,23,5.3,10.2,15.5,0.0,0.0,C,3000,1,15.0,17.0,102,111,3%,4,4,6,10,14,21,17.4,20.9,13.0,28.8,0.0,0.0,0.0,0.0,0.0,0.0
Zach LaVine,SG,O,2020-03-10,CHI,CLE,-4.0,217.5,110.8,8400,8,34.0,45.1,54.3,0.0,0.0,SG,8400,1,32.0,20.0,101,114,6%,30,24,20,38,37,35,45.0,41.5,29.6,53.3,0.0,0.0,0.0,0.0,0.0,0.0
Luke Kornet,PF,O,2020-03-10,CHI,CLE,-4.0,217.5,110.8,3300,13,7.8,16.4,31.0,0.0,0.0,PF/C,3300,1,16.0,13.0,101,114,3%,6,8,5,20,22,16,16.4,12.5,2.6,22.4,0.0,0.0,0.0,0.0,0.0,0.0
Malcolm Brogdon,PG,O,2020-03-10,IND,BOS,3.0,214.5,105.8,6200,29,11.5,32.5,43.5,0.0,0.0,PG,6200,1,27.0,18.0,102,104,-4%,14,14,15,35,33,33,35.1,36.8,27.8,45.7,0.0,0.0,0.0,0.0,0.0,0.0
Doug McDermott,SF,O,2020-03-10,IND,BOS,3.0,214.5,105.8,3100,17,5.0,16.3,24.3,0.0,0.0,SF/PF,3100,1,19.0,14.0,102,104,-6%,7,7,8,18,15,20,16.3,16.3,8.7,23.9,0.0,0.0,0.0,0.0,0.0,0.0
Dante Exum,PG,O,2020-03-10,CLE,CHI,4.0,217.5,106.8,3000,3,5.0,13.3,28.0,0.0,0.0,PG/SG,3000,1,15.0,10.0,102,108,-12%,4,3,3,16,17,14,13.3,9.6,2.2,17.0,0.0,0.0,0.0,0.0,0.0,0.0
Jusuf Nurkic,C,O,2020-03-10,POR,PHO,-4.5,234.5,119.5,5500,19,28.5,44.1,72.5,0.0,0.0,C,5500,2,,,104,109,1%,0,0,0,0,0,0,0.0,0.0,0.0,0.0,0.0,0.0,0.0,0.0,0.0,0.0
Karl-Anthony Towns,C,O,2020-03-10,MIN,HOU,13.0,249.5,118.3,10400,26,42.8,51.5,57.3,0.0,0.0,C,10400,1,29.0,27.0,106,108,0%,13,16,18,36,37,34,51.5,52.7,41.6,63.7,0.0,0.0,0.0,0.0,0.0,0.0
Grayson Allen,PG,O,2020-03-10,MEM,ORL,-2.0,218.5,110.3,3000,23,0.8,10.8,19.5,0.0,0.0,PG,3000,2,18.0,11.0,101,107,-1%,5,5,6,12,15,17,10.8,13.0,5.9,20.0,0.0,0.0,0.0,0.0,0.0,0.0
Justise Winslow,PG,O,2020-03-10,MEM,ORL,-2.0,218.5,110.3,3900,23,7.5,21.4,36.8,0.0,0.0,PG,3900,2,,,101,107,-5%,14,11,13,33,31,34,25.3,29.2,17.3,41.1,0.0,0.0,0.0,0.0,0.0,0.0
Jeremy Lamb,SF,O,2020-03-10,IND,BOS,3.0,214.5,105.8,4300,17,10.5,23.4,41.3,0.0,0.0,SF,4300,1,19.0,14.0,102,104,-1%,9,9,11,24,27,29,24.5,25.2,15.5,34.8,0.0,0.0,0.0,0.0,0.0,0.0
Cameron Johnson,SF,O,2020-03-10,PHO,POR,4.5,234.5,115.0,4200,12,12.5,20.5,39.0,0.0,0.0,SF/PF,4200,1,16.0,12.0,103,111,5%,12,8,7,30,25,20,20.5,15.8,7.2,24.3,0.0,0.0,0.0,0.0,0.0,0.0
Kelly Oubre Jr.,SF,O,2020-03-10,PHO,POR,4.5,234.5,115.0,5700,12,16.3,24.3,29.3,0.0,0.0,SF,5700,1,21.0,15.0,103,111,5%,15,14,15,38,34,35,24.3,34.2,23.6,44.9,0.0,0.0,0.0,0.0,0.0,0.0
Tristan Thompson,C,O,2020-03-10,CLE,CHI,4.0,217.5,106.8,5500,29,5.8,26.9,38.3,0.0,0.0,C,5500,1,18.0,17.0,102,108,8%,11,11,10,35,31,31,30.8,31.0,19.7,42.2,0.0,0.0,0.0,0.0,0.0,0.0
Kelan Martin,SF,O,2020-03-10,MIN,HOU,13.0,249.5,118.3,3000,29,4.8,7.4,11.8,0.0,0.0,SF/PF,3000,1,17.0,9.0,106,108,7%,2,3,6,7,9,16,7.3,12.5,4.0,20.9,0.0,0.0,0.0,0.0,0.0,0.0
Dwight Powell,C,O,2020-03-10,DAL,SA,-4.0,232.0,118.0,3000,23,5.8,24.9,37.0,0.0,0.0,C,3000,1,13.0,16.0,102,111,0%,8,8,6,31,30,28,26.8,22.4,13.7,31.0,0.0,0.0,0.0,0.0,0.0,0.0
Jakob Poeltl,C,O,2020-03-10,SA,DAL,4.0,232.0,114.0,3400,15,1.0,13.6,23.8,0.0,0.0,C,3400,1,14.0,20.0,101,108,-3%,5,3,4,13,13,17,15.6,18.5,10.3,26.7,0.0,0.0,0.0,0.0,0.0,0.0
Kyrie Irving,PG,O,2020-03-10,BKN,LAL,12.0,226.0,107.0,3000,14,23.5,46.4,71.3,0.0,0.0,PG,3000,1,33.0,26.0,103,103,0%,18,20,21,30,33,34,46.4,48.4,33.4,63.4,0.0,0.0,0.0,0.0,0.0,0.0
John Wall,PG,O,2020-03-10,WAS,NY,-4.5,228.5,116.5,6100,24,19.8,41.6,79.5,0.0,0.0,PG,6100,1,,,101,111,1%,0,0,0,0,0,0,0.0,0.0,0.0,0.0,0.0,0.0,0.0,0.0,0.0,0.0
Kevon Looney,C,O,2020-03-10,GS,LAC,12.5,223.0,105.3,3000,2,11.3,15.0,22.0,0.0,0.0,C,3000,2,,,104,105,-2%,6,6,4,17,17,13,15.0,10.5,4.7,16.4,0.0,0.0,0.0,0.0,0.0,0.0
Chandler Hutchison,PF,O,2020-03-10,CHI,CLE,-4.0,217.5,110.8,3600,13,18.0,23.9,30.0,0.0,0.0,PF,3600,1,19.0,12.0,101,114,7%,11,11,7,30,28,19,23.9,16.7,9.3,24.0,0.0,0.0,0.0,0.0,0.0,0.0
Draymond Green,PF,O,2020-03-10,GS,LAC,12.5,223.0,105.3,5900,22,9.8,20.5,32.8,0.0,0.0,PF/C,5900,2,18.0,13.0,104,105,-4%,6,6,8,24,27,29,26.9,29.5,18.2,40.7,0.0,0.0,0.0,0.0,0.0,0.0
Seth Curry,SG,O,2020-03-10,DAL,SA,-4.0,232.0,118.0,5300,26,15.8,30.4,46.0,0.0,0.0,SG,5300,1,19.0,16.0,102,111,0%,11,12,9,26,31,25,30.4,20.9,9.4,32.4,0.0,0.0,0.0,0.0,0.0,0.0
Jaylen Brown,SG,O,2020-03-10,BOS,IND,-3.0,214.5,108.8,7300,12,33.5,36.6,39.3,0.0,0.0,SG,7300,1,24.0,17.0,101,105,-2%,20,19,16,40,38,34,37.0,35.0,26.0,44.0,0.0,0.0,0.0,0.0,0.0,0.0
Al-Farouq Aminu,PF,O,2020-03-10,ORL,MEM,2.0,218.5,108.3,3000,6,8.8,12.4,20.5,0.0,0.0,PF,3000,1,,,105,108,-2%,5,5,5,19,20,22,12.3,15.8,6.9,24.7,0.0,0.0,0.0,0.0,0.0,0.0
Klay Thompson,SG,O,2020-03-10,GS,LAC,12.5,223.0,105.3,3000,13,29.3,39.0,44.5,0.0,0.0,SG/SF,3000,2,,,104,105,-1%,0,0,0,0,0,0,0.0,0.0,0.0,0.0,0.0,0.0,0.0,0.0,0.0,0.0
Dejounte Murray,PG,O,2020-03-10,SA,DAL,4.0,232.0,114.0,6200,25,17.5,34.2,49.3,0.0,0.0,PG,6200,1,21.0,17.0,101,108,-3%,17,13,9,28,28,25,34.1,27.5,17.1,38.0,0.0,0.0,0.0,0.0,0.0,0.0
Jalen Brunson,PG,O,2020-03-10,DAL,SA,-4.0,232.0,118.0,3900,5,7.5,18.2,25.5,0.0,0.0,PG/SG,3900,1,22.0,15.0,102,111,3%,5,7,7,17,24,18,18.1,17.1,6.3,27.8,0.0,0.0,0.0,0.0,0.0,0.0
Brandon Clarke,PF,O,2020-03-10,MEM,ORL,-2.0,218.5,110.3,4400,23,0.8,24.7,42.0,0.0,0.0,PF/C,4400,2,19.0,22.0,101,107,-1%,9,10,8,29,25,22,28.7,25.0,17.5,32.6,0.0,0.0,0.0,0.0,0.0,0.0
Dylan Windler,SG,O,2020-03-10,CLE,CHI,4.0,217.5,106.8,3000,16,,,,0.0,0.0,SG/SF,3000,1,,,102,108,-12%,0,0,0,0,0,0,0.0,0.0,0.0,0.0,0.0,0.0,0.0,0.0,0.0,0.0
Evan Turner,PG,O,2020-03-10,MIN,HOU,13.0,249.5,118.3,3000,12,2.3,4.7,9.0,0.0,0.0,PG/SG,3000,1,,,106,108,6%,3,2,4,13,11,13,4.7,9.9,3.5,16.3,0.0,0.0,0.0,0.0,0.0,0.0
Evan Fournier,SG,O,2020-03-10,ORL,MEM,2.0,218.5,108.3,5800,5,19.3,32.0,46.5,0.0,0.0,SG/SF,5800,1,24.0,17.0,105,108,3%,12,13,14,31,31,32,32.0,29.9,21.7,38.1,0.0,0.0,0.0,0.0,0.0,0.0
Jonathan Isaac,SF,O,2020-03-10,ORL,MEM,2.0,218.5,108.3,5700,10,5.3,31.0,48.8,0.0,0.0,SF/PF,5700,1,18.0,17.0,105,108,-2%,13,10,10,31,31,31,35.1,31.5,20.2,42.9,0.0,0.0,0.0,0.0,0.0,0.0
Stephen Curry,PG,O,2020-03-10,GS,LAC,12.5,223.0,105.3,7800,21,28.8,39.9,55.3,0.0,0.0,PG,7800,2,,,104,105,0%,14,16,16,24,28,28,40.1,40.1,29.9,50.4,0.0,0.0,0.0,0.0,0.0,0.0
Ish Smith,PG,O,2020-03-10,WAS,NY,-4.5,228.5,116.5,4100,24,13.3,20.3,30.0,0.0,0.0,PG,4100,1,19.0,14.0,101,111,1%,8,8,10,21,23,26,20.3,24.1,14.6,33.7,0.0,0.0,0.0,0.0,0.0,0.0
Ky Bowman,PG,O,2020-03-10,GS,LAC,12.5,223.0,105.3,3600,21,-0.5,20.3,40.5,0.0,0.0,PG,3600,2,18.0,9.0,104,105,0%,10,8,7,28,24,23,20.3,17.2,6.2,28.1,0.0,0.0,0.0,24.1,17.5,4.9
Zach Collins,PF,O,2020-03-10,POR,PHO,-4.5,234.5,119.5,3000,24,14.5,17.8,21.0,0.0,0.0,PF/C,3000,2,,,104,109,1%,5,6,6,28,29,29,17.8,17.8,14.9,20.8,0.0,0.0,0.0,0.0,0.0,0.0
Kevin Durant,PF,O,2020-03-10,BKN,LAL,12.0,226.0,107.0,3000,9,16.5,42.8,61.8,0.0,0.0,PF,3000,1,,,103,103,-6%,0,0,0,0,0,0,0.0,0.0,0.0,0.0,0.0,0.0,0.0,0.0,0.0,0.0
Lonnie Walker IV,SG,O,2020-03-10,SA,DAL,4.0,232.0,114.0,3000,7,3.3,15.6,24.8,0.0,0.0,SG/SF,3000,1,18.0,11.0,101,108,-2%,6,5,5,20,20,15,15.6,11.2,2.6,19.9,0.0,0.0,0.0,0.0,0.0,0.0
Deandre Ayton,PF,O,2020-03-10,PHO,POR,4.5,234.5,115.0,8300,8,24.8,39.1,51.8,0.0,0.0,PF/C,8300,1,23.0,21.0,103,111,5%,15,17,16,36,36,34,45.1,42.8,32.6,53.1,0.0,0.0,0.0,0.0,0.0,0.0
Lou Williams,PG,O,2020-03-10,LAC,GS,-12.5,223.0,117.8,5400,4,13.3,25.9,40.5,0.0,0.0,PG/SG,5400,1,29.0,17.0,103,111,8%,8,10,15,24,24,30,25.9,32.6,22.1,43.0,0.0,0.0,0.0,0.0,0.0,0.0
Garrett Temple,PG,O,2020-03-10,BKN,LAL,12.0,226.0,107.0,3900,14,15.5,24.2,35.8,0.0,0.0,PG/SG,3900,1,17.0,10.0,103,103,-2%,7,10,10,22,27,28,24.2,21.8,13.3,30.2,0.0,0.0,0.0,0.0,0.0,0.0
Jontay Porter,C,O,2020-03-10,MEM,ORL,-2.0,218.5,110.3,3000,3,,,,0.0,0.0,C,3000,2,,,101,107,-5%,0,0,0,0,0,0,0.0,0.0,0.0,0.0,0.0,0.0,0.0,0.0,0.0,0.0
Jaren Jackson Jr.,PF,O,2020-03-10,MEM,ORL,-2.0,218.5,110.3,5100,23,14.0,21.2,32.3,0.0,0.0,PF/C,5100,2,23.0,16.0,101,107,-1%,9,12,13,33,30,29,25.7,30.9,21.2,40.5,0.0,0.0,0.0,0.0,0.0,0.0
Kenny Wooten,C,O,2020-03-10,NY,WAS,4.5,228.5,112.0,3000,21,,,,0.0,0.0,C,3000,1,,,105,113,0%,0,0,0,0,0,0,0.0,0.0,0.0,0.0,0.0,0.0,0.0,0.0,0.0,0.0
Isaac Bonga,SF,O,2020-03-10,WAS,NY,-4.5,228.5,116.5,3100,27,2.0,9.2,18.8,0.0,0.0,SF/PF,3100,1,10.0,11.0,101,111,1%,2,3,3,14,17,18,9.2,12.3,5.0,19.7,0.0,0.0,0.0,0.0,0.0,0.0
Dwight Howard,C,O,2020-03-10,LAL,BKN,-12.0,226.0,119.0,3400,10,3.5,11.7,18.8,0.0,0.0,C,3400,1,14.0,19.0,104,106,7%,3,4,4,12,18,20,17.9,21.3,11.9,30.6,0.0,0.0,0.0,0.0,0.0,0.0
Darius Garland,PG,O,2020-03-10,CLE,CHI,4.0,217.5,106.8,4100,3,13.5,23.8,36.8,0.0,0.0,PG,4100,1,21.0,9.0,102,108,-12%,14,13,12,33,34,31,23.8,21.7,13.9,29.4,0.0,0.0,0.0,0.0,0.0,0.0
Kevin Porter Jr.,SG,O,2020-03-10,CLE,CHI,4.0,217.5,106.8,4600,16,6.5,24.0,34.3,0.0,0.0,SG/SF,4600,1,21.0,11.0,102,108,-12%,14,14,9,38,35,24,33.0,19.5,10.4,28.7,0.0,0.0,0.0,0.0,0.0,0.0
Alen Smailagic,C,O,2020-03-10,GS,LAC,12.5,223.0,105.3,3000,2,1.0,6.9,16.8,0.0,0.0,C,3000,2,,,104,105,-4%,2,2,3,10,9,10,6.8,8.7,3.4,14.1,0.0,0.0,0.0,0.0,0.0,0.0
