Player Name,position,injury_status,game_date,team,opp,spread,over_under,implied_team_score,salary,L5_dvp_rank,L5_ppg_floor,L5_ppg_avg,L5_ppg_max,ppg_projection,value_projection,Pos,Salary,Rest,USG,PER,Opp Pace,Opp DEff,Opp DvP,L2 FGA,L5 FGA,S FGA,L2 Min,L5 Min,S Min,L5 FP,S FP,Floor FP,Ceil FP,Proj Min,Proj FP,Proj Val,Actual Min,Actual FP,Actual Val
Giannis Antetokounmpo,SF,Q,2020-01-01,MIL,MIN,-18.0,220.5,119.3,11200,6,45.5,56.1,64.3,58.5,5.22,SF/PF,11200,1,38.0,34.0,105,108,-3%,21,17,20,29,29,31,56.4,60.9,49.6,72.2,29.0,57.4,5.1,31.5,64.3,5.7
LeBron James,PG,,2020-01-01,LAL,PHO,-11.5,225.5,118.5,10300,28,42.3,52.2,61.3,58.0,5.63,PG/SF,10300,2,34.0,26.0,105,109,2%,13,18,20,36,36,36,52.5,55.6,44.5,66.7,35.5,57.6,5.6,38.1,73.8,7.2
Anthony Davis,PF,Q,2020-01-01,LAL,PHO,-11.5,225.5,118.5,9900,7,42.3,49.9,65.0,55.5,5.61,PF/C,9900,2,30.0,29.0,105,109,-3%,14,19,19,36,38,35,49.9,52.2,41.7,62.8,35.5,54.1,5.5,37.9,45.3,4.6
Damian Lillard,PG,,2020-01-01,POR,NY,-4.0,225.5,114.8,9200,6,34.8,48.2,54.0,45.8,4.97,PG,9200,1,30.0,25.0,101,110,3%,19,21,20,39,38,38,48.1,47.4,37.4,57.5,37.5,47.8,5.2,35.4,38.5,4.2
Hassan Whiteside,C,,2020-01-01,POR,NY,-4.0,225.5,114.8,8300,22,18.5,45.3,63.0,44.5,5.36,C,8300,1,20.0,25.0,101,110,-6%,12,10,11,36,33,29,45.3,40.9,29.7,52.1,33.5,44.8,5.4,33.1,43.5,5.2
Bradley Beal,SG,Q,2020-01-01,WAS,ORL,4.0,221.0,108.5,8700,18,22.0,46.3,60.0,43.0,4.94,SG,8700,1,33.0,21.0,100,105,2%,31,26,22,37,38,37,53.5,47.5,35.8,59.2,34.0,44.7,5.1,30.3,39.5,4.5
Nikola Vucevic,C,,2020-01-01,ORL,WAS,-4.0,221.0,112.5,8200,12,37.3,45.7,57.0,43.0,5.24,C,8200,1,25.0,23.0,106,114,7%,18,18,16,34,33,32,45.6,42.4,32.3,52.5,32.5,44.3,5.4,30.5,42.5,5.2
Julius Randle,PF,,2020-01-01,NY,POR,4.0,225.5,110.8,8000,4,25.5,43.7,61.0,42.8,5.34,PF/C,8000,3,27.0,17.0,104,109,-1%,24,19,15,37,33,32,43.6,36.6,27.0,46.2,34.5,42.0,5.3,29.9,48.3,6.0
Devin Booker,PG,,2020-01-01,PHO,LAL,11.5,225.5,107.0,7400,15,25.3,42.4,54.8,40.0,5.41,PG/SG,7400,1,29.0,20.0,103,102,0%,21,19,18,39,37,36,42.4,41.0,29.0,53.0,37.0,39.3,5.3,37.2,44.5,6.0
Gorgui Dieng,C,,2020-01-01,MIN,MIL,18.0,220.5,101.3,6400,18,25.8,38.8,48.5,37.0,5.78,C,6400,1,17.0,18.0,107,99,3%,10,10,6,28,33,17,38.8,19.4,6.0,32.8,30.0,36.5,5.7,23.5,26.5,4.1
Khris Middleton,SG,,2020-01-01,MIL,MIN,-18.0,220.5,119.3,7500,25,28.0,40.8,51.0,37.0,4.93,SG/SF,7500,1,26.0,21.0,105,108,6%,18,18,15,32,31,29,40.9,34.5,26.6,42.3,30.5,37.0,4.9,32.5,32.5,4.3
CJ McCollum,PG,,2020-01-01,POR,NY,-4.0,225.5,114.8,6800,6,26.5,35.2,42.0,36.5,5.37,PG/SG,6800,1,26.0,17.0,101,110,-2%,19,21,20,38,38,37,35.2,37.1,25.5,48.8,37.5,36.7,5.4,32.4,29.5,4.3
Ricky Rubio,PG,,2020-01-01,PHO,LAL,11.5,225.5,107.0,7000,15,20.5,39.5,46.8,34.8,4.96,PG,7000,1,24.0,17.0,103,102,-3%,14,12,13,34,32,33,39.5,38.2,28.2,48.2,33.5,35.3,5.0,26.0,27.3,3.9
Jonathan Isaac,SF,,2020-01-01,ORL,WAS,-4.0,221.0,112.5,6600,1,18.5,35.2,48.8,34.3,5.19,SF/PF,6600,1,18.0,17.0,106,114,4%,13,10,11,31,31,31,35.1,32.2,21.2,43.1,33.0,33.4,5.1,2.0,5.3,0.8
Shabazz Napier,PG,,2020-01-01,MIN,MIL,18.0,220.5,101.3,5800,3,16.5,27.2,43.3,33.5,5.78,PG/SG,5800,1,24.0,12.0,107,99,1%,18,13,8,28,26,20,27.2,19.2,8.6,29.7,31.5,31.1,5.4,31.1,37.0,6.4
Robert Covington,SF,,2020-01-01,MIN,MIL,18.0,220.5,101.3,5700,14,12.3,25.4,37.8,33.5,5.88,SF/PF,5700,1,17.0,13.0,107,99,-11%,11,11,10,35,33,29,27.4,26.2,17.6,34.8,31.5,29.9,5.2,33.3,33.3,5.8
Deandre Ayton,C,,2020-01-01,PHO,LAL,11.5,225.5,107.0,6700,11,20.0,34.4,43.3,33.3,4.96,C,6700,1,,,103,102,-13%,14,14,14,22,26,26,34.4,34.4,21.8,47.0,27.0,29.8,4.4,31.5,41.0,6.1
Kelly Oubre Jr.,SF,,2020-01-01,PHO,LAL,11.5,225.5,107.0,6500,27,15.8,36.6,51.8,32.0,4.92,SF/PF,6500,1,21.0,15.0,103,102,-4%,18,14,14,41,36,34,36.8,33.0,21.6,44.4,36.0,32.3,5.0,36.3,45.0,6.9
Carmelo Anthony,SF,,2020-01-01,POR,NY,-4.0,225.5,114.8,5900,9,18.5,24.2,38.8,31.0,5.25,SF/PF,5900,1,23.0,12.0,101,110,9%,15,15,15,35,35,33,27.5,29.4,19.6,39.2,34.5,31.6,5.4,31.3,35.8,6.1
Evan Fournier,SG,,2020-01-01,ORL,WAS,-4.0,221.0,112.5,6200,20,18.5,28.3,36.5,30.8,4.96,SG/SF,6200,1,25.0,18.0,106,114,9%,19,15,15,34,32,31,28.6,30.4,22.0,38.7,35.0,33.4,5.4,37.6,28.0,4.5
RJ Barrett,PG,,2020-01-01,NY,POR,4.0,225.5,110.8,5600,22,4.5,21.5,32.5,30.5,5.45,PG/SG,5600,3,23.0,10.0,104,109,-1%,12,13,13,28,29,32,21.4,26.9,15.5,38.3,29.5,26.1,4.7,24.6,11.0,2.0
Jarrett Culver,PG,,2020-01-01,MIN,MIL,18.0,220.5,101.3,4800,3,4.0,16.7,41.3,29.8,6.2,PG/SG,4800,1,20.0,9.0,107,99,1%,14,8,9,31,21,23,16.6,18.1,8.1,28.1,31.5,27.8,5.8,32.9,30.0,6.3
Elfrid Payton,PG,,2020-01-01,NY,POR,4.0,225.5,110.8,6100,22,16.8,27.2,35.3,29.5,4.84,PG,6100,3,21.0,15.0,104,109,4%,10,8,8,31,28,24,27.2,24.4,14.3,34.5,30.0,31.8,5.2,25.0,25.0,4.1
Markelle Fultz,PG,,2020-01-01,ORL,WAS,-4.0,221.0,112.5,5100,9,15.8,21.7,26.5,28.5,5.59,PG/SG,5100,1,22.0,14.0,106,114,8%,9,9,10,30,28,27,21.6,23.5,17.9,29.1,30.0,27.7,5.4,22.4,37.0,7.3
Marcus Morris Sr.,SF,,2020-01-01,NY,POR,4.0,225.5,110.8,5700,23,16.0,25.1,35.0,27.3,4.78,SF/PF,5700,3,,,104,109,-1%,13,11,14,29,26,32,25.1,31.1,19.0,43.2,28.5,27.4,4.8,33.4,32.3,5.7
Mitchell Robinson,C,,2020-01-01,NY,POR,4.0,225.5,110.8,6300,19,15.3,27.2,34.3,27.0,4.29,C,6300,3,15.0,24.0,104,109,8%,6,6,6,21,23,23,27.1,25.5,17.5,33.4,25.5,30.5,4.8,27.4,36.0,5.7
Eric Bledsoe,PG,,2020-01-01,MIL,MIN,-18.0,220.5,119.3,5500,17,22.8,30.8,46.8,27.0,4.91,PG,5500,1,25.0,20.0,105,108,6%,7,9,12,17,23,27,30.8,32.3,22.9,41.8,22.0,26.5,4.8,20.2,23.5,4.3
Brook Lopez,C,,2020-01-01,MIL,MIN,-18.0,220.5,119.3,5400,21,22.3,28.5,35.5,26.5,4.91,C,5400,1,17.0,14.0,105,108,0%,13,12,9,27,27,27,28.5,25.8,16.4,35.2,26.0,24.6,4.6,31.0,33.0,6.1
Troy Brown,SG,,2020-01-01,WAS,ORL,4.0,221.0,108.5,5500,18,13.0,28.7,52.8,26.5,4.82,SG/SF,5500,1,17.0,14.0,100,105,-6%,13,14,8,33,31,24,28.7,22.0,12.4,31.7,27.5,24.1,4.4,28.3,25.8,4.7
Ian Mahinmi,C,,2020-01-01,WAS,ORL,4.0,221.0,108.5,5300,17,13.8,26.6,41.8,25.8,4.86,C,5300,1,17.0,17.0,100,105,-5%,10,7,6,28,25,21,26.6,21.9,13.7,30.2,26.5,25.2,4.8,19.6,7.5,1.4
Isaiah Thomas,PG,,2020-01-01,WAS,ORL,4.0,221.0,108.5,5100,20,16.0,23.8,33.5,24.5,4.8,PG,5100,1,25.0,14.0,100,105,-2%,16,14,12,26,27,25,23.8,24.4,15.9,32.9,26.0,25.2,4.9,19.2,12.0,2.4
Kelan Martin,SF,,2020-01-01,MIN,MIL,18.0,220.5,101.3,4000,14,2.3,14.3,28.0,24.0,6.0,SF,4000,1,16.0,7.0,107,99,1%,12,6,6,32,19,16,14.3,11.2,2.0,20.4,30.0,24.1,6.0,23.5,13.8,3.5
Terrence Ross,SG,,2020-01-01,ORL,WAS,-4.0,221.0,112.5,4200,20,13.0,21.5,36.0,24.0,5.71,SG/SF,4200,1,22.0,13.0,106,114,9%,9,12,11,28,27,25,21.4,20.7,13.6,27.9,28.5,24.4,5.8,24.4,20.0,4.8
Jordan McRae,PG,,2020-01-01,WAS,ORL,4.0,221.0,108.5,5800,20,11.3,28.7,55.0,23.5,4.05,PG/SG,5800,1,22.0,19.0,100,105,2%,15,11,9,32,25,21,28.6,22.8,10.5,35.0,25.5,26.4,4.6,31.1,27.3,4.7
D.J. Augustin,PG,,2020-01-01,ORL,WAS,-4.0,221.0,112.5,4500,9,6.8,19.9,33.3,23.3,5.17,PG,4500,1,20.0,14.0,106,114,8%,8,10,8,29,28,26,23.9,21.8,13.8,29.8,28.5,25.8,5.7,31.4,46.8,10.4
Donte DiVincenzo,PG,,2020-01-01,MIL,MIN,-18.0,220.5,119.3,4000,17,13.8,19.9,23.8,23.3,5.81,PG/SF,4000,1,17.0,14.0,105,108,2%,5,6,8,26,25,24,19.9,21.9,13.8,30.0,25.5,24.2,6.0,24.5,21.0,5.3
Kyle Kuzma,SF,,2020-01-01,LAL,PHO,-11.5,225.5,118.5,4600,2,7.8,22.0,34.0,22.5,4.89,SF/PF,4600,2,22.0,11.0,105,109,-3%,12,13,10,28,26,24,22.0,19.7,10.8,28.6,27.5,24.2,5.3,27.2,29.0,6.3
Kent Bazemore,SG,,2020-01-01,POR,NY,-4.0,225.5,114.8,4200,30,5.3,17.9,34.5,21.8,5.18,SG/SF,4200,1,16.0,8.0,101,110,-2%,6,7,8,25,28,25,17.9,18.8,11.2,26.4,27.0,19.5,4.6,29.1,16.5,3.9
Ish Smith,PG,,2020-01-01,WAS,ORL,4.0,221.0,108.5,4400,20,3.8,21.8,37.3,21.3,4.83,PG,4400,1,19.0,13.0,100,105,-2%,15,12,10,26,24,26,21.8,22.8,12.9,32.8,22.0,19.2,4.4,28.4,23.3,5.3
Bobby Portis,PF,,2020-01-01,NY,POR,4.0,225.5,110.8,4400,4,13.0,24.5,51.0,21.0,4.77,PF/C,4400,3,21.0,14.0,104,109,-1%,9,11,9,19,22,22,24.5,21.3,11.1,31.5,19.5,19.0,4.3,20.8,27.0,6.1
Kentavious Caldwell-Pope,SG,,2020-01-01,LAL,PHO,-11.5,225.5,118.5,4200,16,14.8,23.4,30.3,20.8,4.94,SG/SF,4200,2,15.0,12.0,105,109,3%,8,8,8,29,29,27,23.4,18.2,11.8,24.5,27.0,19.3,4.6,24.9,12.3,2.9
Dwight Howard,C,,2020-01-01,LAL,PHO,-11.5,225.5,118.5,3800,26,8.0,18.9,29.0,20.3,5.33,C,3800,2,13.0,18.0,105,109,2%,6,6,4,19,19,20,21.4,20.2,12.3,28.1,19.0,20.1,5.3,15.8,15.0,3.9
Pat Connaughton,SG,,2020-01-01,MIL,MIN,-18.0,220.5,119.3,3600,25,12.5,20.9,27.8,19.8,5.49,SG/SF,3600,1,13.0,12.0,105,108,2%,5,6,4,25,21,18,20.7,15.5,7.9,23.0,22.5,19.5,5.4,26.1,16.0,4.4
Rajon Rondo,PG,,2020-01-01,LAL,PHO,-11.5,225.5,118.5,4000,28,8.5,18.8,27.5,19.3,4.81,PG,4000,2,21.0,15.0,105,109,5%,7,7,7,18,21,22,18.8,22.3,13.1,31.6,19.5,20.4,5.1,15.2,1.0,0.3
Dario Saric,SF,,2020-01-01,PHO,LAL,11.5,225.5,107.0,4000,27,4.0,16.1,27.5,18.8,4.69,SF/PF,4000,1,17.0,13.0,103,102,-6%,6,8,9,19,19,27,16.1,25.3,13.4,37.2,19.0,15.5,3.9,14.3,6.8,1.7
Anfernee Simons,PG,,2020-01-01,POR,NY,-4.0,225.5,114.8,3400,6,9.5,18.6,29.0,18.5,5.44,PG/SG,3400,1,19.0,11.0,101,110,-2%,11,9,9,26,25,22,18.6,16.1,8.3,23.8,25.0,18.7,5.5,25.9,12.8,3.8
JaVale McGee,C,,2020-01-01,LAL,PHO,-11.5,225.5,118.5,3900,26,11.0,16.3,24.8,18.3,4.68,C,3900,2,16.0,21.0,105,109,2%,4,4,5,14,15,16,16.3,19.0,9.0,29.0,15.0,17.3,4.4,19.5,20.3,5.2
Danny Green,SG,,2020-01-01,LAL,PHO,-11.5,225.5,118.5,3800,16,6.0,17.2,31.0,17.8,4.67,SG/SF,3800,2,14.0,11.0,105,109,3%,7,8,7,21,25,25,17.1,18.5,10.2,26.8,23.5,18.0,4.7,23.5,14.5,3.8
George Hill,PG,,2020-01-01,MIL,MIN,-18.0,220.5,119.3,4300,17,12.0,23.0,37.3,17.5,4.07,PG/SG,4300,1,17.0,20.0,105,108,6%,7,8,7,21,22,22,23.0,20.9,13.8,28.0,20.5,18.2,4.2,22.5,9.3,2.2
Kyle Korver,SG,,2020-01-01,MIL,MIN,-18.0,220.5,119.3,3200,25,12.8,15.3,18.3,17.0,5.31,SG/SF,3200,1,15.0,11.0,105,108,2%,4,5,5,22,20,18,15.2,12.7,6.5,18.9,21.0,16.4,5.1,18.2,17.5,5.5
Mikal Bridges,SG,,2020-01-01,PHO,LAL,11.5,225.5,107.0,3500,8,9.3,17.8,24.8,17.0,4.86,SG/SF,3500,1,13.0,13.0,103,102,-4%,9,6,5,28,23,22,17.8,17.1,8.4,25.7,26.0,18.9,5.4,24.9,16.3,4.7
Aron Baynes,C,,2020-01-01,PHO,LAL,11.5,225.5,107.0,4700,11,21.5,24.0,29.3,17.0,3.62,C,4700,1,20.0,17.0,103,102,-13%,12,11,10,29,30,25,24.2,26.2,15.7,36.6,22.5,19.2,4.1,20.8,15.3,3.3
Ersan Ilyasova,PF,,2020-01-01,MIL,MIN,-18.0,220.5,119.3,5000,24,11.5,29.4,47.0,16.8,3.35,PF/C,5000,1,17.0,20.0,105,108,-3%,9,8,6,23,20,17,29.4,19.4,9.5,29.2,18.0,17.8,3.6,16.9,19.8,4.0
Naz Reid,PF,,2020-01-01,MIN,MIL,18.0,220.5,101.3,3900,18,1.3,9.6,24.0,16.8,4.29,PF/C,3900,1,,,107,99,3%,8,6,6,11,8,8,9.6,9.6,-3.0,22.1,19.5,18.4,4.7,18.3,17.5,4.5
Gary Payton II,PG,,2020-01-01,WAS,ORL,4.0,221.0,108.5,5500,20,0.8,26.3,44.3,16.8,3.05,PG/SG,5500,1,,,100,105,-2%,9,8,8,22,27,27,32.7,32.7,22.1,43.3,21.0,21.3,3.9,9.8,7.3,1.3
Keita Bates-Diop,SF,,2020-01-01,MIN,MIL,18.0,220.5,101.3,4100,14,7.3,14.7,33.3,16.5,4.02,SF/PF,4100,1,14.0,14.0,107,99,-11%,6,5,5,19,17,18,14.7,13.4,3.8,23.1,24.5,17.9,4.4,21.2,18.3,4.5
Anzejs Pasecniks,C,,2020-01-01,WAS,ORL,4.0,221.0,108.5,3500,17,9.3,19.1,30.0,16.5,4.71,C,3500,1,,,100,105,-5%,3,6,6,19,21,21,19.1,17.3,9.1,25.5,20.0,16.1,4.6,23.8,20.5,5.9
Josh Okogie,SG,Q,2020-01-01,MIN,MIL,18.0,220.5,101.3,3800,21,7.0,10.1,12.8,16.5,4.34,SG/SF,3800,1,16.0,10.0,107,99,-3%,6,6,6,19,19,24,9.9,17.7,10.1,25.2,20.5,14.4,3.8,26.2,23.0,6.1
Mohamed Bamba,C,,2020-01-01,ORL,WAS,-4.0,221.0,112.5,3300,12,13.8,17.0,21.3,16.0,4.85,C,3300,1,,,106,114,7%,4,5,5,15,14,16,16.9,16.3,8.5,24.0,15.5,16.6,5.0,15.2,18.5,5.6
Gary Trent Jr.,SG,,2020-01-01,POR,NY,-4.0,225.5,114.8,3400,30,5.5,9.5,18.8,15.0,4.41,SG,3400,1,15.0,9.0,101,110,-2%,6,4,4,15,16,11,9.5,7.4,1.0,13.8,18.5,12.2,3.6,13.8,5.5,1.6
Cameron Johnson,SF,,2020-01-01,PHO,LAL,11.5,225.5,107.0,3100,27,6.8,14.9,22.8,14.5,4.68,SF/PF,3100,1,16.0,13.0,103,102,-3%,3,6,7,16,21,21,14.6,16.6,8.4,24.8,19.5,13.3,4.3,14.2,8.8,2.8
Kevin Knox,SF,Q,2020-01-01,NY,POR,4.0,225.5,110.8,3800,23,8.8,17.6,35.0,14.3,3.75,SF/PF,3800,3,,,104,109,8%,4,7,7,16,21,20,17.6,16.0,8.6,23.4,17.5,13.6,3.6,17.3,15.8,4.2
Alex Caruso,PG,,2020-01-01,LAL,PHO,-11.5,225.5,118.5,3000,28,1.5,11.5,20.8,13.8,4.58,PG/SG,3000,2,13.0,10.0,105,109,3%,6,4,5,18,17,20,11.4,13.4,6.7,20.2,16.0,12.2,4.1,3.7,0.0,0.0
Johnathan Williams,PF,,2020-01-01,WAS,ORL,4.0,221.0,108.5,3700,14,5.3,19.0,33.5,13.5,3.65,PF/C,3700,1,,,100,105,0%,1,2,2,16,21,21,12.7,12.7,2.7,22.6,16.5,13.0,3.5,12.1,13.0,3.5
Taj Gibson,PF,,2020-01-01,NY,POR,4.0,225.5,110.8,3100,4,5.3,9.2,12.3,13.5,4.35,PF/C,3100,3,14.0,12.0,104,109,-1%,3,3,4,12,14,16,9.2,13.5,6.9,20.1,12.5,11.3,3.6,9.9,3.5,1.1
Frank Ntilikina,PG,Q,2020-01-01,NY,POR,4.0,225.5,110.8,3000,22,3.8,11.1,22.5,13.5,4.5,PG/SG,3000,3,15.0,9.0,104,109,4%,4,4,6,16,13,23,11.1,16.1,5.2,26.9,15.5,10.8,3.6,23.0,34.3,11.4
Damyean Dotson,SG,Q,2020-01-01,NY,POR,4.0,225.5,110.8,3200,19,5.0,15.6,28.5,13.3,4.14,SG/SF,3200,3,17.0,11.0,104,109,-3%,5,7,6,26,22,17,15.6,11.9,4.7,19.2,22.0,15.7,4.9,13.3,4.3,1.3
Avery Bradley,PG,,2020-01-01,LAL,PHO,-11.5,225.5,118.5,3100,28,3.0,7.4,11.0,13.3,4.27,PG/SG,3100,2,16.0,7.0,105,109,3%,8,6,8,21,20,24,7.4,14.2,6.9,21.4,21.5,13.4,4.3,30.1,31.3,10.1
Isaac Bonga,SF,,2020-01-01,WAS,ORL,4.0,221.0,108.5,3000,3,4.5,10.2,18.5,13.3,4.42,SF,3000,1,10.0,9.0,100,105,-2%,4,3,3,18,14,16,10.2,10.6,4.5,16.7,0.0,0.0,0.0,12.7,11.3,3.8
Admiral Schofield,SF,,2020-01-01,WAS,ORL,4.0,221.0,108.5,3000,3,-0.5,4.8,12.5,12.5,4.17,SF/PF,3000,1,12.0,7.0,100,105,-2%,0,2,3,2,13,12,4.8,7.0,-1.2,15.1,0.0,0.0,0.0,3.9,0.0,0.0
Melvin Frazier,SG,,2020-01-01,ORL,WAS,-4.0,221.0,112.5,3000,20,0.0,2.4,4.8,11.8,3.92,SG/SF,3000,1,,,106,114,9%,1,1,1,3,3,3,2.4,2.1,0.3,3.9,0.0,0.0,0.0,12.7,4.0,1.3
Amile Jefferson,PF,,2020-01-01,ORL,WAS,-4.0,221.0,112.5,3000,29,0.0,1.1,2.0,11.8,3.92,PF/C,3000,1,,,106,114,4%,1,0,1,4,3,3,1.1,2.1,-0.5,4.6,0.0,0.0,0.0,13.1,14.5,4.8
Wes Iwundu,SG,,2020-01-01,ORL,WAS,-4.0,221.0,112.5,3000,20,4.8,8.4,12.0,10.8,3.58,SG/SF,3000,1,13.0,6.0,106,114,9%,4,4,3,22,18,15,8.4,8.2,4.0,12.5,26.5,16.6,5.5,22.0,20.5,6.8
Robin Lopez,C,,2020-01-01,MIL,MIN,-18.0,220.5,119.3,3600,21,2.0,18.4,29.0,10.8,2.99,C,3600,1,17.0,12.0,105,108,0%,8,7,5,22,18,15,18.4,12.3,4.4,20.1,15.0,12.7,3.5,16.7,9.8,2.7
Garrison Mathews,SG,,2020-01-01,WAS,ORL,4.0,221.0,108.5,3400,18,1.3,12.9,34.5,9.5,2.79,SG/SF,3400,1,,,100,105,-2%,6,4,3,19,14,12,12.8,9.0,-0.6,18.6,12.5,10.2,3.0,17.0,12.8,3.8
Anthony Tolliver,PF,,2020-01-01,POR,NY,-4.0,225.5,114.8,3200,5,5.0,11.3,17.8,8.0,2.5,PF/C,3200,1,11.0,7.0,101,110,9%,4,3,3,14,17,16,11.3,9.7,2.3,17.1,12.0,7.5,2.3,23.2,11.5,3.6
Jevon Carter,PG,,2020-01-01,PHO,LAL,11.5,225.5,107.0,3000,15,3.3,9.8,18.5,7.3,2.42,PG/SG,3000,1,14.0,10.0,103,102,-3%,1,2,4,7,12,14,9.8,10.8,3.2,18.5,0.0,0.0,0.0,3.6,-1.0,-0.3
Nassir Little,SF,,2020-01-01,POR,NY,-4.0,225.5,114.8,3000,9,0.0,2.7,5.8,7.0,2.33,SF/PF,3000,1,13.0,9.0,101,110,9%,1,1,4,11,10,14,2.7,9.7,0.9,18.5,11.0,8.4,2.8,11.0,2.5,0.8
Jordan Bell,PF,,2020-01-01,MIN,MIL,18.0,220.5,101.3,3000,18,1.3,8.8,17.5,6.8,2.25,PF/C,3000,1,,,107,99,1%,2,2,3,4,9,10,8.8,9.3,2.2,16.4,0.0,0.0,0.0,14.2,7.3,2.4
Elie Okobo,PG,,2020-01-01,PHO,LAL,11.5,225.5,107.0,3000,15,0.0,14.1,29.0,4.8,1.58,PG/SG,3000,1,20.0,16.0,103,102,-3%,2,4,4,8,13,11,14.1,11.0,1.2,20.7,0.0,0.0,0.0,10.8,8.0,2.7
Troy Daniels,SG,,2020-01-01,LAL,PHO,-11.5,225.5,118.5,3000,16,0.0,3.8,7.5,4.3,1.42,SG,3000,2,15.0,8.0,105,109,3%,3,2,4,7,8,13,3.6,7.7,2.1,13.4,0.0,0.0,0.0,4.2,0.0,0.0
Jake Layman,SF,O,2020-01-01,MIN,MIL,18.0,220.5,101.3,3700,14,9.0,21.2,35.3,0.0,0.0,SF/PF,3700,1,17.0,10.0,107,99,-11%,11,10,10,32,31,27,23.1,19.1,12.1,26.1,0.0,0.0,0.0,0.0,0.0,0.0
Skal Labissiere,PF,O,2020-01-01,POR,NY,-4.0,225.5,114.8,3200,5,1.3,18.9,28.0,0.0,0.0,PF/C,3200,1,14.0,16.0,101,110,9%,7,6,5,22,22,18,22.1,16.4,6.6,26.3,0.0,0.0,0.0,0.0,0.0,0.0
Michael Carter-Williams,PG,O,2020-01-01,ORL,WAS,-4.0,221.0,112.5,3200,9,3.5,17.4,22.0,0.0,0.0,PG/SG,3200,1,18.0,13.0,106,114,8%,3,6,5,16,18,16,17.4,14.9,6.7,23.2,0.0,0.0,0.0,0.0,0.0,0.0
Rodney Hood,SG,O,2020-01-01,POR,NY,-4.0,225.5,114.8,3000,30,6.0,16.1,28.3,0.0,0.0,SG/SF,3000,1,14.0,12.0,101,110,-2%,8,9,9,31,31,32,21.0,21.6,14.0,29.2,0.0,0.0,0.0,0.0,0.0,0.0
Davis Bertans,SF,O,2020-01-01,WAS,ORL,4.0,221.0,108.5,5600,3,20.5,29.0,43.3,0.0,0.0,SF/PF,5600,1,17.0,17.0,100,105,-6%,14,13,11,38,35,30,29.0,28.2,18.4,38.0,0.0,0.0,0.0,0.0,0.0,0.0
John Wall,PG,O,2020-01-01,WAS,ORL,4.0,221.0,108.5,3000,20,19.8,41.6,79.5,0.0,0.0,PG,3000,1,,,100,105,-2%,0,0,0,0,0,0,0.0,0.0,0.0,0.0,0.0,0.0,0.0,0.0,0.0,0.0
DeMarcus Cousins,PF,O,2020-01-01,LAL,PHO,-11.5,225.5,118.5,3000,7,11.3,22.5,37.0,0.0,0.0,PF,3000,2,,,105,109,2%,0,0,0,0,0,0,0.0,0.0,0.0,0.0,0.0,0.0,0.0,0.0,0.0,0.0
Al-Farouq Aminu,SF,O,2020-01-01,ORL,WAS,-4.0,221.0,112.5,3000,1,8.8,12.4,20.5,0.0,0.0,SF/PF,3000,1,13.0,8.0,106,114,4%,5,5,5,19,20,22,12.3,15.8,6.9,24.7,0.0,0.0,0.0,0.0,0.0,0.0
Jusuf Nurkic,C,O,2020-01-01,POR,NY,-4.0,225.5,114.8,7200,22,28.5,44.1,72.5,0.0,0.0,C,7200,1,,,101,110,-6%,0,0,0,0,0,0,0.0,0.0,0.0,0.0,0.0,0.0,0.0,0.0,0.0,0.0
C.J. Miles,SG,O,2020-01-01,WAS,ORL,4.0,221.0,108.5,3000,18,3.5,11.2,26.5,0.0,0.0,SG/SF,3000,1,,,100,105,-6%,5,5,6,17,17,17,13.2,13.9,5.1,22.6,0.0,0.0,0.0,0.0,0.0,0.0
Moritz Wagner,PF,O,2020-01-01,WAS,ORL,4.0,221.0,108.5,4900,14,15.0,23.2,35.3,0.0,0.0,PF/C,4900,1,21.0,19.0,100,105,0%,5,8,8,22,24,20,23.2,23.5,13.9,33.1,0.0,0.0,0.0,0.0,0.0,0.0
Andrew Wiggins,SG,O,2020-01-01,MIN,MIL,18.0,220.5,101.3,6900,21,33.8,39.4,47.5,0.0,0.0,SG/SF,6900,1,29.0,18.0,107,99,-11%,23,22,21,41,39,36,39.5,40.0,31.0,48.9,0.0,0.0,0.0,0.0,0.0,0.0
Karl-Anthony Towns,C,O,2020-01-01,MIN,MIL,18.0,220.5,101.3,10000,18,37.5,52.4,64.0,0.0,0.0,C,10000,1,29.0,29.0,107,99,3%,19,17,18,36,36,34,52.4,55.0,43.9,66.1,0.0,0.0,0.0,0.0,0.0,0.0
Thomas Bryant,PF,O,2020-01-01,WAS,ORL,4.0,221.0,108.5,5300,14,15.3,27.4,42.3,0.0,0.0,PF/C,5300,1,19.0,19.0,100,105,-5%,9,9,10,26,27,28,27.4,31.5,22.2,40.8,0.0,0.0,0.0,0.0,0.0,0.0
Zach Collins,PF,O,2020-01-01,POR,NY,-4.0,225.5,114.8,3900,5,14.5,17.8,21.0,0.0,0.0,PF/C,3900,1,,,101,110,-6%,5,6,6,28,29,29,17.8,17.8,14.9,20.8,0.0,0.0,0.0,0.0,0.0,0.0
Rui Hachimura,PF,O,2020-01-01,WAS,ORL,4.0,221.0,108.5,5200,14,9.0,24.4,39.5,0.0,0.0,PF/C,5200,1,19.0,14.0,100,105,0%,7,12,12,23,31,29,24.4,25.2,14.7,35.6,0.0,0.0,0.0,0.0,0.0,0.0
