Player Name,position,injury_status,game_date,team,opp,spread,over_under,implied_team_score,salary,L5_dvp_rank,L5_ppg_floor,L5_ppg_avg,L5_ppg_max,ppg_projection,value_projection,Pos,Salary,Rest,USG,PER,Opp Pace,Opp DEff,Opp DvP,L2 FGA,L5 FGA,S FGA,L2 Min,L5 Min,S Min,L5 FP,S FP,Floor FP,Ceil FP,Proj Min,Proj FP,Proj Val,Actual Min,Actual FP,Actual Val
Nikola Jokic,C,,2020-03-09,DEN,MIL,-6.0,221.0,113.5,9500,17,30.0,44.4,66.0,50.8,5.34,C,9500,1,28.0,25.0,107,99,0%,11,12,15,31,31,33,44.6,48.1,35.0,61.2,32.5,50.3,5.3,29.7,33.3,3.5
Trae Young,PG,,2020-03-09,ATL,CHA,-4.0,222.5,113.3,10300,18,23.8,43.6,62.5,49.8,4.83,PG,10300,1,36.0,24.0,98,110,-3%,17,19,21,29,32,36,43.6,52.5,37.8,67.1,36.0,51.6,5.0,43.5,61.5,6.0
John Collins,PF,,2020-03-09,ATL,CHA,-4.0,222.5,113.3,9000,29,19.8,44.4,55.8,44.3,4.92,PF,9000,1,22.0,24.0,98,110,7%,16,14,15,34,34,33,44.4,41.9,30.8,53.0,35.0,46.4,5.2,45.6,46.3,5.1
Rudy Gobert,C,,2020-03-09,UTA,TOR,-5.5,224.5,115.0,7900,28,25.8,37.5,45.8,42.5,5.38,C,7900,1,16.0,22.0,103,102,-8%,4,6,8,34,34,35,37.5,41.1,32.0,50.2,34.5,41.1,5.2,31.5,17.0,2.2
Pascal Siakam,PF,,2020-03-09,TOR,UTA,5.5,224.5,109.5,8700,28,33.3,43.4,52.3,42.3,4.86,PF,8700,0,28.0,19.0,101,107,-9%,16,19,19,38,40,36,43.4,42.9,32.4,53.4,37.5,42.5,4.9,38.9,52.8,6.1
Khris Middleton,SF,,2020-03-09,MIL,DEN,6.0,221.0,107.5,7600,28,23.3,33.1,47.0,41.5,5.46,SF,7600,0,26.0,21.0,100,107,-6%,23,18,16,36,32,31,33.1,37.7,27.2,48.3,28.0,38.8,5.1,0.0,0.0,0.0
Donovan Mitchell,PG,,2020-03-09,UTA,TOR,-5.5,224.5,115.0,7500,11,21.0,35.5,45.5,39.5,5.27,PG/SG,7500,1,31.0,19.0,103,102,-1%,15,17,20,33,34,35,35.5,39.4,30.1,48.7,34.0,40.0,5.3,34.3,26.3,3.5
Kyle Lowry,PG,,2020-03-09,TOR,UTA,5.5,224.5,109.5,8400,10,34.3,47.1,56.3,37.8,4.49,PG,8400,0,24.0,18.0,101,107,0%,15,15,15,35,37,37,47.1,42.0,31.9,52.1,35.0,38.7,4.6,42.7,44.3,5.3
Serge Ibaka,C,,2020-03-09,TOR,UTA,5.5,224.5,109.5,5900,1,11.8,30.5,40.0,36.0,6.1,C,5900,0,23.0,18.0,101,107,-9%,11,12,13,33,29,28,30.4,31.4,22.1,40.7,31.5,35.3,6.0,36.9,49.8,8.4
Devonte' Graham,PG,,2020-03-09,CHA,ATL,4.0,222.5,109.3,6400,12,27.5,32.3,37.8,35.5,5.55,PG,6400,1,26.0,16.0,106,112,1%,14,15,15,33,33,35,32.3,36.9,26.3,47.5,33.5,35.0,5.5,46.1,58.5,9.1
Jamal Murray,PG,,2020-03-09,DEN,MIL,-6.0,221.0,113.5,7000,26,18.0,29.2,34.3,35.5,5.07,PG,7000,1,26.0,18.0,107,99,-1%,14,14,16,33,33,34,29.1,34.6,24.1,45.1,35.0,35.3,5.0,38.5,39.8,5.7
Eric Bledsoe,PG,Q,2020-03-09,MIL,DEN,6.0,221.0,107.5,5700,6,8.8,24.9,43.8,35.0,6.14,PG,5700,0,25.0,18.0,100,107,-4%,16,11,12,32,27,28,24.9,32.1,21.3,42.9,0.0,0.0,0.0,0.0,0.0,0.0
Terry Rozier,PG,,2020-03-09,CHA,ATL,4.0,222.5,109.3,6600,12,23.8,32.1,40.3,35.0,5.3,PG/SG,6600,1,24.0,15.0,106,112,1%,14,15,15,36,36,35,32.1,31.9,21.5,42.4,35.0,34.1,5.2,43.8,55.0,8.3
Fred VanVleet,PG,Q,2020-03-09,TOR,UTA,5.5,224.5,109.5,6500,10,20.0,28.1,37.3,31.0,4.77,PG/SG,6500,0,23.0,16.0,101,107,0%,13,14,15,31,35,36,28.1,37.5,27.8,47.1,0.0,0.0,0.0,0.0,0.0,0.0
Norman Powell,SG,,2020-03-09,TOR,UTA,5.5,224.5,109.5,6800,14,29.3,40.7,50.8,31.0,4.56,SG/SF,6800,0,21.0,17.0,101,107,-8%,21,18,12,40,39,30,40.6,27.8,16.7,38.9,37.0,33.6,4.9,1.6,0.0,0.0
Donte DiVincenzo,PG,,2020-03-09,MIL,DEN,6.0,221.0,107.5,4800,6,19.3,29.9,40.8,30.8,6.41,PG/SG,4800,0,17.0,15.0,100,107,-3%,12,9,8,27,26,24,29.9,23.0,15.5,30.6,25.5,25.2,5.2,0.0,0.0,0.0
Miles Bridges,SF,,2020-03-09,CHA,ATL,4.0,222.5,109.3,5500,19,15.3,24.3,29.3,30.8,5.59,SF/PF,5500,1,20.0,12.0,106,112,17%,10,11,12,28,31,31,24.4,26.2,16.9,35.6,31.0,28.5,5.2,26.2,17.0,3.1
Mike Conley,PG,,2020-03-09,UTA,TOR,-5.5,224.5,115.0,5300,11,25.8,31.8,42.8,29.8,5.61,PG,5300,1,24.0,14.0,103,102,-3%,14,12,12,33,31,29,31.8,26.4,16.3,36.4,31.5,30.3,5.7,34.2,33.0,6.2
Bojan Bogdanovic,SF,,2020-03-09,UTA,TOR,-5.5,224.5,115.0,6100,16,12.5,32.7,48.8,29.8,4.88,SF/PF,6100,1,25.0,16.0,103,102,3%,17,15,15,34,34,34,31.9,30.8,21.8,39.9,33.5,31.5,5.2,24.1,8.8,1.4
Kevin Huerter,SG,,2020-03-09,ATL,CHA,-4.0,222.5,113.3,5800,15,28.0,34.4,45.0,29.0,5.0,SG/SF,5800,1,18.0,12.0,98,110,0%,13,12,11,37,35,32,34.6,27.0,17.3,36.8,35.5,29.6,5.1,46.2,25.8,4.4
Will Barton,SG,,2020-03-09,DEN,MIL,-6.0,221.0,113.5,6000,13,18.5,28.0,38.5,28.8,4.79,SG/SF,6000,1,21.0,16.0,107,99,-3%,14,14,13,35,32,33,28.0,32.0,22.3,41.8,34.0,30.4,5.1,32.2,36.0,6.0
PJ Washington,PF,,2020-03-09,CHA,ATL,4.0,222.5,109.3,5600,2,26.3,30.9,35.0,27.8,4.96,PF/C,5600,1,19.0,13.0,106,112,5%,13,14,10,32,33,31,30.9,26.4,17.9,34.9,32.5,28.1,5.0,16.5,6.0,1.1
Cody Zeller,PF,,2020-03-09,CHA,ATL,4.0,222.5,109.3,4900,2,18.5,21.8,24.8,26.0,5.31,PF/C,4900,1,21.0,18.0,106,112,9%,6,8,8,26,23,23,22.1,24.1,14.7,33.5,23.5,25.4,5.2,22.8,21.3,4.3
De'Andre Hunter,SF,,2020-03-09,ATL,CHA,-4.0,222.5,113.3,5200,22,11.8,26.0,37.0,25.3,4.86,SF/PF,5200,1,17.0,9.0,98,110,-3%,11,11,11,33,33,32,25.6,22.9,13.2,32.5,34.5,25.7,4.9,37.3,32.3,6.2
Brook Lopez,C,,2020-03-09,MIL,DEN,6.0,221.0,107.5,5100,8,16.8,26.3,33.0,24.8,4.85,C,5100,0,17.0,14.0,100,107,-2%,10,10,10,28,27,27,26.3,26.0,17.3,34.7,21.5,21.8,4.3,0.0,0.0,0.0
Joe Ingles,SG,,2020-03-09,UTA,TOR,-5.5,224.5,115.0,5100,24,14.5,24.1,33.8,24.5,4.8,SG/SF,5100,1,16.0,12.0,103,102,3%,5,4,8,28,28,30,24.1,24.9,15.6,34.2,28.0,24.3,4.8,31.8,39.8,7.8
OG Anunoby,SF,,2020-03-09,TOR,UTA,5.5,224.5,109.5,6200,2,16.5,36.0,60.8,24.5,3.95,SF/PF,6200,0,14.0,13.0,101,107,-8%,7,11,9,38,39,31,36.0,24.9,12.4,37.4,36.0,28.3,4.6,32.7,18.8,3.0
Cody Martin,SG,,2020-03-09,CHA,ATL,4.0,222.5,109.3,4500,27,19.0,22.6,27.8,24.5,5.44,SG/SF,4500,1,15.0,10.0,106,112,5%,4,5,4,31,30,18,22.6,13.4,4.4,22.4,26.5,21.9,4.9,35.5,24.0,5.3
Paul Millsap,PF,,2020-03-09,DEN,MIL,-6.0,221.0,113.5,4600,6,7.8,17.8,32.8,23.8,5.16,PF/C,4600,1,20.0,18.0,107,99,0%,8,7,9,23,22,24,17.8,24.4,14.4,34.3,24.0,24.3,5.3,20.8,38.5,8.4
Jordan Clarkson,PG,,2020-03-09,UTA,TOR,-5.5,224.5,115.0,4200,11,12.0,22.3,36.0,23.8,5.65,PG/SG,4200,1,26.0,18.0,103,102,-3%,13,12,12,26,24,24,22.3,24.1,14.7,33.4,23.0,23.2,5.5,23.6,16.0,3.8
Gary Harris,SG,,2020-03-09,DEN,MIL,-6.0,221.0,113.5,4400,13,9.5,24.4,31.8,22.0,5.0,SG,4400,1,15.0,10.0,107,99,-3%,10,8,10,33,31,32,24.4,20.9,13.6,28.2,32.5,20.5,4.7,32.4,27.5,6.3
Jerami Grant,PF,,2020-03-09,DEN,MIL,-6.0,221.0,113.5,4300,6,11.5,22.7,34.0,20.8,4.83,PF,4300,1,18.0,14.0,107,99,-8%,9,9,9,25,27,26,22.7,21.0,11.9,30.0,23.0,18.7,4.3,29.1,36.5,8.5
Monte Morris,PG,,2020-03-09,DEN,MIL,-6.0,221.0,113.5,3900,26,9.8,17.4,25.8,20.0,5.13,PG,3900,1,19.0,15.0,107,99,-1%,7,7,7,23,24,22,17.4,18.3,9.6,26.9,22.5,19.5,5.0,23.5,18.5,4.7
Dewayne Dedmon,C,,2020-03-09,ATL,CHA,-4.0,222.5,113.3,4100,21,10.0,19.7,30.0,19.8,4.82,C,4100,1,16.0,9.0,98,110,5%,10,7,6,21,20,17,19.6,15.7,5.9,25.5,22.0,23.0,5.6,27.8,33.8,8.2
Pat Connaughton,SG,,2020-03-09,MIL,DEN,6.0,221.0,107.5,3100,16,12.8,16.1,21.5,19.5,6.29,SG/SF,3100,0,12.0,12.0,100,107,-3%,6,5,5,18,20,19,16.4,15.2,8.3,22.0,25.5,22.2,7.2,29.4,9.8,3.2
Royce O'Neale,SF,,2020-03-09,UTA,TOR,-5.5,224.5,115.0,4000,16,12.5,21.0,29.3,19.5,4.88,SF,4000,1,10.0,9.0,103,102,3%,5,6,5,31,30,29,20.9,19.2,12.6,25.8,29.0,20.3,5.1,32.8,31.3,7.8
Mason Plumlee,PF,,2020-03-09,DEN,MIL,-6.0,221.0,113.5,3600,6,13.8,18.0,29.8,18.8,5.21,PF/C,3600,1,20.0,20.0,107,99,0%,5,5,5,17,15,17,18.0,19.2,11.0,27.5,15.5,17.7,4.9,14.7,20.0,5.6
Marvin Williams,PF,,2020-03-09,MIL,DEN,6.0,221.0,107.5,5000,19,2.8,10.9,18.3,18.8,3.75,PF,5000,0,10.0,11.0,100,107,-4%,3,3,5,23,20,20,10.8,14.1,5.6,22.5,20.5,16.1,3.2,0.0,0.0,0.0
Wesley Matthews,SG,,2020-03-09,MIL,DEN,6.0,221.0,107.5,3100,16,7.0,14.6,26.0,18.0,5.81,SG,3100,0,12.0,9.0,100,107,-3%,6,8,7,22,25,25,14.6,15.1,7.9,22.2,27.0,17.5,5.6,31.8,23.5,7.6
Jeff Teague,PG,,2020-03-09,ATL,CHA,-4.0,222.5,113.3,3800,18,8.5,16.7,20.5,18.0,4.74,PG/SG,3800,1,20.0,14.0,98,110,-3%,9,8,9,24,20,25,16.6,23.9,13.2,34.6,18.0,16.1,4.2,14.4,13.3,3.5
Bismack Biyombo,C,,2020-03-09,CHA,ATL,4.0,222.5,109.3,3900,30,7.8,22.3,33.8,16.5,4.23,C,3900,1,17.0,16.0,106,112,9%,9,6,5,27,21,19,22.3,18.2,8.1,28.4,17.5,16.6,4.3,34.5,24.5,6.3
Jalen McDaniels,SF,,2020-03-09,CHA,ATL,4.0,222.5,109.3,3400,19,5.5,14.4,25.3,15.5,4.56,SF/PF,3400,1,,,106,112,5%,4,5,4,15,18,17,14.3,12.6,4.4,20.7,18.0,14.7,4.3,28.2,20.0,5.9
Ersan Ilyasova,PF,,2020-03-09,MIL,DEN,6.0,221.0,107.5,4600,19,5.3,7.6,10.3,15.0,3.26,PF/C,4600,0,16.0,16.0,100,107,-4%,1,1,5,15,14,16,7.5,16.3,6.6,25.9,13.0,12.5,2.7,16.1,11.3,2.5
Brandon Goodwin,PG,,2020-03-09,ATL,CHA,-4.0,222.5,113.3,3300,18,2.0,9.6,18.8,14.8,4.47,PG,3300,1,23.0,12.0,98,110,-3%,4,4,6,9,11,13,9.6,11.9,2.2,21.5,0.0,0.0,0.0,0.0,0.0,0.0
Michael Porter Jr.,SF,,2020-03-09,DEN,MIL,-6.0,221.0,113.5,3400,6,5.5,16.6,25.5,14.0,4.12,SF/PF,3400,1,22.0,19.0,107,99,0%,6,7,6,15,16,14,16.6,16.2,3.5,28.8,11.0,12.1,3.6,11.9,1.3,0.4
Bruno Fernando,C,,2020-03-09,ATL,CHA,-4.0,222.5,113.3,3000,21,6.0,14.0,27.3,13.8,4.58,C,3000,1,15.0,12.0,98,110,7%,1,5,4,11,16,13,13.9,11.2,3.7,18.7,12.5,11.5,3.8,4.5,3.3,1.1
Sterling Brown,SG,,2020-03-09,MIL,DEN,6.0,221.0,107.5,3000,16,0.0,7.1,16.5,13.5,4.5,SG/SF,3000,0,16.0,9.0,100,107,-3%,4,3,5,9,13,14,7.1,12.0,2.8,21.1,21.0,16.4,5.5,36.4,31.0,10.3
Caleb Martin,SG,,2020-03-09,CHA,ATL,4.0,222.5,109.3,3200,27,8.0,12.9,19.3,13.3,4.14,SG/SF,3200,1,,,106,112,1%,4,5,4,18,20,15,12.9,9.4,3.0,15.8,21.0,15.8,4.9,36.5,41.5,13.0
Kyle Korver,SG,,2020-03-09,MIL,DEN,6.0,221.0,107.5,3000,16,3.0,11.0,17.3,13.0,4.33,SG/SF,3000,0,15.0,10.0,100,107,-3%,4,5,5,13,14,17,10.9,12.8,6.5,19.0,14.0,11.4,3.8,24.2,39.5,13.2
Tony Bradley,C,,2020-03-09,UTA,TOR,-5.5,224.5,115.0,3100,28,16.5,18.1,19.8,13.0,4.19,C,3100,1,15.0,22.0,103,102,-8%,5,5,3,14,14,11,18.1,11.7,4.4,19.0,13.5,14.2,4.6,15.8,19.5,6.3
Patrick McCaw,PG,,2020-03-09,TOR,UTA,5.5,224.5,109.5,3100,10,6.5,9.6,13.8,12.3,3.95,PG/SF,3100,0,10.0,8.0,101,107,-6%,2,4,5,20,24,25,9.6,13.2,4.4,22.1,23.0,11.4,3.7,42.6,17.5,5.6
Chris Boucher,PF,,2020-03-09,TOR,UTA,5.5,224.5,109.5,3500,28,5.3,17.6,45.8,12.0,3.43,PF/C,3500,0,19.0,20.0,101,107,-9%,7,6,5,18,16,13,17.6,15.6,4.3,26.8,10.5,10.4,3.0,5.5,2.0,0.6
Terence Davis,PG,,2020-03-09,TOR,UTA,5.5,224.5,109.5,3100,10,1.8,9.6,18.0,10.8,3.47,PG/SG,3100,0,19.0,15.0,101,107,-9%,6,5,6,11,12,18,9.6,16.9,5.9,27.8,12.0,10.7,3.5,5.5,-0.5,-0.2
Torrey Craig,SG,,2020-03-09,DEN,MIL,-6.0,221.0,113.5,3000,13,6.0,13.2,24.3,10.5,3.5,SG/SF,3000,1,12.0,11.0,107,99,-3%,5,5,4,12,14,18,13.2,12.4,3.2,21.6,0.0,0.0,0.0,4.9,0.0,0.0
Rondae Hollis-Jefferson,PF,,2020-03-09,TOR,UTA,5.5,224.5,109.5,3300,28,0.8,9.7,21.3,10.3,3.11,PF/C,3300,0,17.0,15.0,101,107,-8%,1,3,6,7,15,20,9.7,18.3,8.6,27.9,10.5,9.3,2.8,21.5,23.5,7.1
Georges Niang,SF,,2020-03-09,UTA,TOR,-5.5,224.5,115.0,3000,16,4.8,8.0,9.8,9.8,3.25,SF/PF,3000,1,16.0,12.0,103,102,3%,6,5,5,12,12,14,8.0,10.7,4.4,17.0,12.0,9.4,3.1,12.0,13.5,4.5
Robin Lopez,C,,2020-03-09,MIL,DEN,6.0,221.0,107.5,3000,8,3.5,8.0,13.0,7.3,2.42,C,3000,0,16.0,11.0,100,107,-2%,2,4,5,8,13,14,8.0,11.0,3.7,18.3,20.5,16.9,5.6,31.7,26.3,8.8
Vince Carter,SF,,2020-03-09,ATL,CHA,-4.0,222.5,113.3,3000,22,9.5,10.7,12.3,6.3,2.08,SF/PF,3000,1,16.0,7.0,98,110,0%,6,6,5,18,15,15,10.7,10.8,3.2,18.3,0.0,0.0,0.0,15.1,12.0,4.0
Treveon Graham,SF,,2020-03-09,ATL,CHA,-4.0,222.5,113.3,3000,22,6.8,12.0,18.5,5.0,1.67,SF,3000,1,13.0,6.0,98,110,0%,4,5,5,17,17,17,12.0,10.1,3.1,17.2,0.0,0.0,0.0,15.4,13.5,4.5
Damian Jones,C,,2020-03-09,ATL,CHA,-4.0,222.5,113.3,3000,21,1.3,8.1,21.8,4.0,1.33,C,3000,1,11.0,16.0,98,110,5%,3,2,3,12,10,16,8.1,13.6,5.2,22.0,0.0,0.0,0.0,0.0,0.0,0.0
Matt Thomas,SG,,2020-03-09,TOR,UTA,5.5,224.5,109.5,3000,14,2.3,3.4,5.0,2.5,0.83,SG,3000,0,,,101,107,0%,3,2,3,5,6,10,3.4,7.8,0.6,14.9,0.0,0.0,0.0,12.1,14.8,4.9
Bol Bol,C,O,2020-03-09,DEN,MIL,-6.0,221.0,113.5,3000,17,,,,0.0,0.0,C,3000,1,,,107,99,0%,0,0,0,0,0,0,0.0,0.0,0.0,0.0,0.0,0.0,0.0,0.0,0.0,0.0
DeAndre' Bembry,SG,O,2020-03-09,ATL,CHA,-4.0,222.5,113.3,3200,15,5.3,13.9,27.8,0.0,0.0,SG/SF,3200,1,14.0,10.0,98,110,0%,3,4,5,19,20,22,13.9,16.4,6.7,26.2,0.0,0.0,0.0,0.0,0.0,0.0
Nigel Williams-Goss,PG,O,2020-03-09,UTA,TOR,-5.5,224.5,115.0,3000,11,0.0,4.0,7.0,0.0,0.0,PG,3000,1,,,103,102,-3%,1,1,1,3,4,3,4.0,2.3,-0.4,5.0,0.0,0.0,0.0,0.0,0.0,0.0
Clint Capela,C,O,2020-03-09,ATL,CHA,-4.0,222.5,113.3,5800,21,10.8,28.4,41.8,0.0,0.0,C,5800,1,16.0,21.0,98,110,5%,10,10,10,31,31,34,33.1,39.9,28.9,50.9,0.0,0.0,0.0,0.0,0.0,0.0
Keita Bates-Diop,SF,O,2020-03-09,DEN,MIL,-6.0,221.0,113.5,3000,6,0.0,8.4,22.3,0.0,0.0,SF/PF,3000,1,8.0,13.0,107,99,-8%,1,2,5,9,12,17,8.3,13.5,4.2,22.8,0.0,0.0,0.0,0.0,0.0,0.0
Skal Labissiere,PF,O,2020-03-09,ATL,CHA,-4.0,222.5,113.3,3000,29,1.3,18.9,28.0,0.0,0.0,PF/C,3000,1,14.0,15.0,98,110,7%,7,6,5,22,22,18,22.1,16.4,6.6,26.3,0.0,0.0,0.0,0.0,0.0,0.0
Marc Gasol,C,O,2020-03-09,TOR,UTA,5.5,224.5,109.5,4700,1,9.0,22.4,31.0,0.0,0.0,C,4700,0,14.0,12.0,101,107,-1%,5,6,7,16,25,28,22.4,24.9,15.6,34.1,0.0,0.0,0.0,0.0,0.0,0.0
Kobi Simmons,SG,O,2020-03-09,CHA,ATL,4.0,222.5,109.3,3000,27,0.0,16.0,34.5,0.0,0.0,SG,3000,1,,,106,112,1%,0,0,0,0,0,0,0.0,0.0,0.0,0.0,0.0,0.0,0.0,0.0,0.0,0.0
George Hill,PG,O,2020-03-09,MIL,DEN,6.0,221.0,107.5,3700,6,6.8,20.2,31.8,0.0,0.0,PG,3700,0,16.0,18.0,100,107,-4%,7,7,7,21,22,21,20.1,19.8,12.5,27.1,0.0,0.0,0.0,0.0,0.0,0.0
Malik Monk,PG,O,2020-03-09,CHA,ATL,4.0,222.5,109.3,5200,12,15.8,28.8,40.5,0.0,0.0,PG/SG,5200,1,23.0,13.0,106,112,5%,14,14,9,27,29,22,28.8,18.9,7.9,29.8,0.0,0.0,0.0,0.0,0.0,0.0
Giannis Antetokounmpo,PF,O,2020-03-09,MIL,DEN,6.0,221.0,107.5,10800,19,40.3,57.9,77.5,0.0,0.0,PF,10800,0,37.0,32.0,100,107,-4%,22,22,20,32,31,32,57.9,60.5,49.6,71.5,0.0,0.0,0.0,0.0,0.0,0.0
