Lineup Num,,Player Name,Actual FP,team,Pos,Salary,DFN_MinProj,Avg Proj,Avg Value Proj,Avg Skewed Min,Avg Skewed FP,Proj Min Enhanced,Avg Proj Stan,DFN_MinProj Stan,Proj Min Enhanced Stan,Avg Skewed FP Stan,Avg Value Proj Stan,Actual FP Stan,predictions
0,0,Luka Doncic,59.0,DAL,PG/SG,9600,35.0,55.8,5.79,35.666666666666664,58.06,54.757009345794394,2.895098321666469,1.363131827161861,2.5233606556181702,3.3016853760914926,1.0494940994357749,2.560416788718524,2.2533210312999645
0,1,Shai Gilgeous-Alexander,21.3,OKC,PG/SG,7100,35.5,38.45,5.41,35.0,36.77,38.99928571428572,1.3377734664263987,1.4252806946616419,1.190225367287999,1.3492282625489784,0.6604386645512851,-0.24171143163355308,1.0321154045264276
0,2,Dorian Finney-Smith,19.8,DAL,SF/PF,3600,28.5,21.45,5.955,25.666666666666668,17.93,23.81785714285714,-0.18813561363591863,0.5551965496647092,-0.09415419343524158,-0.37854496521715436,1.2184260645829876,-0.35320194437965696,-0.25920448460042184
0,3,Lauri Markkanen,25.0,CHI,PF/C,6300,30.0,36.349999999999994,5.785,30.333333333333332,31.15,35.95054945054945,1.1492788153598765,0.741643152164052,0.9322961134793024,0.8338309408905034,1.0443749489767686,0.033298499806836385,0.8203734080954632
0,4,Russell Westbrook,36.3,HOU,PG,9000,34.0,49.65,5.53,31.333333333333332,49.63,53.875531914893614,2.3430782721145134,1.2388340921622993,2.4487858822257307,2.5285893936037804,0.7832982755674399,0.8731936958274853,1.8445985407631604
0,5,Thaddeus Young,25.8,CHI,SF/PF,4200,25.0,26.25,6.245,21.0,21.21,31.25,0.2427093030875592,0.12015447716624288,0.5346201233674928,-0.0777436814022437,1.5153367912053617,0.09276010660475849,0.05797468654030026
0,6,Jonas Valanciunas,19.8,MEM,C,6200,27.0,36.4,5.865,23.666666666666668,30.1,41.52676056338028,1.1537667832424132,0.3687499471653665,1.404054851196287,0.7375378469863402,1.1262813563208718,-0.35320194437965696,0.827419918859371
0,7,Tyus Jones,30.0,MEM,PG/SG,3900,30.0,26.9,6.9,21.0,20.119999999999997,38.42857142857142,0.30105288556053,0.741643152164052,1.1419417844792155,-0.1777050836456137,2.1859455013352065,0.40493354229384926,0.0700939049514017
1,0,Russell Westbrook,36.3,HOU,PG,9000,34.0,49.65,5.53,31.333333333333332,49.63,53.875531914893614,2.3430782721145134,1.2388340921622993,2.4487858822257307,2.5285893936037804,0.7832982755674399,0.8731936958274853,1.8445985407631604
1,1,Luka Doncic,59.0,DAL,PG/SG,9600,35.0,55.8,5.79,35.666666666666664,58.06,54.757009345794394,2.895098321666469,1.363131827161861,2.5233606556181702,3.3016853760914926,1.0494940994357749,2.560416788718524,2.2533210312999645
1,2,Miles Bridges,28.0,CHA,SF/PF,6100,34.0,30.85,5.08,35.666666666666664,26.07,29.408411214953272,0.6556023482808923,1.2388340921622993,0.3788179876434114,0.3679557818113127,0.3225747342568595,0.2562795252990441,0.4957319146774144
1,3,Maxi Kleber,21.0,DAL,PF/C,4100,29.5,25.5,6.199999999999999,26.333333333333332,23.4,28.56645569620253,0.1753897848495158,0.6794942846642711,0.3075868479496965,0.12309620016929698,1.4692644370743027,-0.2640095341827739,0.018391365103658533
1,4,Tyus Jones,30.0,MEM,PG/SG,3900,30.0,26.9,6.9,21.0,20.119999999999997,38.42857142857142,0.30105288556053,0.741643152164052,1.1419417844792155,-0.1777050836456137,2.1859455013352065,0.40493354229384926,0.0700939049514017
1,5,Lauri Markkanen,25.0,CHI,PF/C,6300,30.0,36.349999999999994,5.785,30.333333333333332,31.15,35.95054945054945,1.1492788153598765,0.741643152164052,0.9322961134793024,0.8338309408905034,1.0443749489767686,0.033298499806836385,0.8203734080954632
1,6,Dwight Powell,31.3,DAL,C,4800,28.0,26.9,5.62,27.0,17.939999999999998,27.896296296296295,0.30105288556053,0.49304768216492834,0.2508900073581575,-0.377627888132353,0.8754429838295558,0.5015586533404727,0.1440209757329587
1,7,Jonas Valanciunas,19.8,MEM,C,6200,27.0,36.4,5.865,23.666666666666668,30.1,41.52676056338028,1.1537667832424132,0.3687499471653665,1.404054851196287,0.7375378469863402,1.1262813563208718,-0.35320194437965696,0.827419918859371
2,0,Tyus Jones,30.0,MEM,PG/SG,3900,30.0,26.9,6.9,21.0,20.119999999999997,38.42857142857142,0.30105288556053,0.741643152164052,1.1419417844792155,-0.1777050836456137,2.1859455013352065,0.40493354229384926,0.0700939049514017
2,1,Luka Doncic,59.0,DAL,PG/SG,9600,35.0,55.8,5.79,35.666666666666664,58.06,54.757009345794394,2.895098321666469,1.363131827161861,2.5233606556181702,3.3016853760914926,1.0494940994357749,2.560416788718524,2.2533210312999645
2,2,Dorian Finney-Smith,19.8,DAL,SF/PF,3600,28.5,21.45,5.955,25.666666666666668,17.93,23.81785714285714,-0.18813561363591863,0.5551965496647092,-0.09415419343524158,-0.37854496521715436,1.2184260645829876,-0.35320194437965696,-0.25920448460042184
2,3,Miles Bridges,28.0,CHA,SF/PF,6100,34.0,30.85,5.08,35.666666666666664,26.07,29.408411214953272,0.6556023482808923,1.2388340921622993,0.3788179876434114,0.3679557818113127,0.3225747342568595,0.2562795252990441,0.4957319146774144
2,4,Russell Westbrook,36.3,HOU,PG,9000,34.0,49.65,5.53,31.333333333333332,49.63,53.875531914893614,2.3430782721145134,1.2388340921622993,2.4487858822257307,2.5285893936037804,0.7832982755674399,0.8731936958274853,1.8445985407631604
2,5,Thaddeus Young,25.8,CHI,SF/PF,4200,25.0,26.25,6.245,21.0,21.21,31.25,0.2427093030875592,0.12015447716624288,0.5346201233674928,-0.0777436814022437,1.5153367912053617,0.09276010660475849,0.05797468654030026
2,6,Jonas Valanciunas,19.8,MEM,C,6200,27.0,36.4,5.865,23.666666666666668,30.1,41.52676056338028,1.1537667832424132,0.3687499471653665,1.404054851196287,0.7375378469863402,1.1262813563208718,-0.35320194437965696,0.827419918859371
2,7,Zach LaVine,24.3,CHI,PG/SG,7300,32.0,40.05,5.49,32.0,36.25,40.05,1.4813884386675575,0.9902386221631756,1.2791179208696246,1.3015402541392973,0.7423450718953882,-0.018730406141345367,1.1250548484122753
3,0,Shai Gilgeous-Alexander,21.3,OKC,PG/SG,7100,35.5,38.45,5.41,35.0,36.77,38.99928571428572,1.3377734664263987,1.4252806946616419,1.190225367287999,1.3492282625489784,0.6604386645512851,-0.24171143163355308,1.0321154045264276
3,1,Luka Doncic,59.0,DAL,PG/SG,9600,35.0,55.8,5.79,35.666666666666664,58.06,54.757009345794394,2.895098321666469,1.363131827161861,2.5233606556181702,3.3016853760914926,1.0494940994357749,2.560416788718524,2.2533210312999645
3,2,Thaddeus Young,25.8,CHI,SF/PF,4200,25.0,26.25,6.245,21.0,21.21,31.25,0.2427093030875592,0.12015447716624288,0.5346201233674928,-0.0777436814022437,1.5153367912053617,0.09276010660475849,0.05797468654030026
3,3,Lauri Markkanen,25.0,CHI,PF/C,6300,30.0,36.349999999999994,5.785,30.333333333333332,31.15,35.95054945054945,1.1492788153598765,0.741643152164052,0.9322961134793024,0.8338309408905034,1.0443749489767686,0.033298499806836385,0.8203734080954632
3,4,Tyus Jones,30.0,MEM,PG/SG,3900,30.0,26.9,6.9,21.0,20.119999999999997,38.42857142857142,0.30105288556053,0.741643152164052,1.1419417844792155,-0.1777050836456137,2.1859455013352065,0.40493354229384926,0.0700939049514017
3,5,Maxi Kleber,21.0,DAL,PF/C,4100,29.5,25.5,6.199999999999999,26.333333333333332,23.4,28.56645569620253,0.1753897848495158,0.6794942846642711,0.3075868479496965,0.12309620016929698,1.4692644370743027,-0.2640095341827739,0.018391365103658533
3,6,Wendell Carter Jr.,41.5,CHI,PF/C,5500,28.5,28.45,5.155,25.0,27.689999999999998,32.433,0.44017988991915313,0.5551965496647092,0.6347043159180635,0.5165222695491647,0.39936199114195636,1.2596941400139787,0.336686933242666
3,7,Russell Westbrook,36.3,HOU,PG,9000,34.0,49.65,5.53,31.333333333333332,49.63,53.875531914893614,2.3430782721145134,1.2388340921622993,2.4487858822257307,2.5285893936037804,0.7832982755674399,0.8731936958274853,1.8445985407631604
4,0,Luka Doncic,59.0,DAL,PG/SG,9600,35.0,55.8,5.79,35.666666666666664,58.06,54.757009345794394,2.895098321666469,1.363131827161861,2.5233606556181702,3.3016853760914926,1.0494940994357749,2.560416788718524,2.2533210312999645
4,1,Tyus Jones,30.0,MEM,PG/SG,3900,30.0,26.9,6.9,21.0,20.119999999999997,38.42857142857142,0.30105288556053,0.741643152164052,1.1419417844792155,-0.1777050836456137,2.1859455013352065,0.40493354229384926,0.0700939049514017
4,2,Miles Bridges,28.0,CHA,SF/PF,6100,34.0,30.85,5.08,35.666666666666664,26.07,29.408411214953272,0.6556023482808923,1.2388340921622993,0.3788179876434114,0.3679557818113127,0.3225747342568595,0.2562795252990441,0.4957319146774144
4,3,Jaren Jackson Jr.,32.0,MEM,PF/C,4700,28.0,25.75,5.465,23.0,21.69,31.347826086956523,0.19782962426219694,0.49304768216492834,0.5428964081717409,-0.033723981331768946,0.7167493196003557,0.5535875592886544,0.10717165946669652
4,4,Russell Westbrook,36.3,HOU,PG,9000,34.0,49.65,5.53,31.333333333333332,49.63,53.875531914893614,2.3430782721145134,1.2388340921622993,2.4487858822257307,2.5285893936037804,0.7832982755674399,0.8731936958274853,1.8445985407631604
4,5,Maxi Kleber,21.0,DAL,PF/C,4100,29.5,25.5,6.199999999999999,26.333333333333332,23.4,28.56645569620253,0.1753897848495158,0.6794942846642711,0.3075868479496965,0.12309620016929698,1.4692644370743027,-0.2640095341827739,0.018391365103658533
4,6,Lauri Markkanen,25.0,CHI,PF/C,6300,30.0,36.349999999999994,5.785,30.333333333333332,31.15,35.95054945054945,1.1492788153598765,0.741643152164052,0.9322961134793024,0.8338309408905034,1.0443749489767686,0.033298499806836385,0.8203734080954632
4,7,Jonas Valanciunas,19.8,MEM,C,6200,27.0,36.4,5.865,23.666666666666668,30.1,41.52676056338028,1.1537667832424132,0.3687499471653665,1.404054851196287,0.7375378469863402,1.1262813563208718,-0.35320194437965696,0.827419918859371
5,0,Luka Doncic,59.0,DAL,PG/SG,9600,35.0,55.8,5.79,35.666666666666664,58.06,54.757009345794394,2.895098321666469,1.363131827161861,2.5233606556181702,3.3016853760914926,1.0494940994357749,2.560416788718524,2.2533210312999645
5,1,Tyus Jones,30.0,MEM,PG/SG,3900,30.0,26.9,6.9,21.0,20.119999999999997,38.42857142857142,0.30105288556053,0.741643152164052,1.1419417844792155,-0.1777050836456137,2.1859455013352065,0.40493354229384926,0.0700939049514017
5,2,Thaddeus Young,25.8,CHI,SF/PF,4200,25.0,26.25,6.245,21.0,21.21,31.25,0.2427093030875592,0.12015447716624288,0.5346201233674928,-0.0777436814022437,1.5153367912053617,0.09276010660475849,0.05797468654030026
5,3,Lauri Markkanen,25.0,CHI,PF/C,6300,30.0,36.349999999999994,5.785,30.333333333333332,31.15,35.95054945054945,1.1492788153598765,0.741643152164052,0.9322961134793024,0.8338309408905034,1.0443749489767686,0.033298499806836385,0.8203734080954632
5,4,Alec Burks,38.8,GS,PG/SG,4500,30.0,24.950000000000003,5.55,27.666666666666668,24.19,27.05421686746988,0.12602213814161756,0.741643152164052,0.17964838462143928,0.1955452898686202,0.8037748774034652,1.0590112170709918,0.04229112004200958
5,5,Miles Bridges,28.0,CHA,SF/PF,6100,34.0,30.85,5.08,35.666666666666664,26.07,29.408411214953272,0.6556023482808923,1.2388340921622993,0.3788179876434114,0.3679557818113127,0.3225747342568595,0.2562795252990441,0.4957319146774144
5,6,Jonas Valanciunas,19.8,MEM,C,6200,27.0,36.4,5.865,23.666666666666668,30.1,41.52676056338028,1.1537667832424132,0.3687499471653665,1.404054851196287,0.7375378469863402,1.1262813563208718,-0.35320194437965696,0.827419918859371
5,7,Russell Westbrook,36.3,HOU,PG,9000,34.0,49.65,5.53,31.333333333333332,49.63,53.875531914893614,2.3430782721145134,1.2388340921622993,2.4487858822257307,2.5285893936037804,0.7832982755674399,0.8731936958274853,1.8445985407631604
6,0,Russell Westbrook,36.3,HOU,PG,9000,34.0,49.65,5.53,31.333333333333332,49.63,53.875531914893614,2.3430782721145134,1.2388340921622993,2.4487858822257307,2.5285893936037804,0.7832982755674399,0.8731936958274853,1.8445985407631604
6,1,Luka Doncic,59.0,DAL,PG/SG,9600,35.0,55.8,5.79,35.666666666666664,58.06,54.757009345794394,2.895098321666469,1.363131827161861,2.5233606556181702,3.3016853760914926,1.0494940994357749,2.560416788718524,2.2533210312999645
6,2,Brandon Ingram,42.3,NO,SF/PF,8000,33.5,41.2,5.140000000000001,32.0,42.92,43.13125,1.5846116999658912,1.1766852246625183,1.5397979025234254,1.9132306697019357,0.38400453976493737,1.3191557468119006,1.2678763273896236
6,3,Thaddeus Young,25.8,CHI,SF/PF,4200,25.0,26.25,6.245,21.0,21.21,31.25,0.2427093030875592,0.12015447716624288,0.5346201233674928,-0.0777436814022437,1.5153367912053617,0.09276010660475849,0.05797468654030026
6,4,Zach LaVine,24.3,CHI,PG/SG,7300,32.0,40.05,5.49,32.0,36.25,40.05,1.4813884386675575,0.9902386221631756,1.2791179208696246,1.3015402541392973,0.7423450718953882,-0.018730406141345367,1.1250548484122753
6,5,Dorian Finney-Smith,19.8,DAL,SF/PF,3600,28.5,21.45,5.955,25.666666666666668,17.93,23.81785714285714,-0.18813561363591863,0.5551965496647092,-0.09415419343524158,-0.37854496521715436,1.2184260645829876,-0.35320194437965696,-0.25920448460042184
6,6,Maxi Kleber,21.0,DAL,PF/C,4100,29.5,25.5,6.199999999999999,26.333333333333332,23.4,28.56645569620253,0.1753897848495158,0.6794942846642711,0.3075868479496965,0.12309620016929698,1.4692644370743027,-0.2640095341827739,0.018391365103658533
6,7,Tyus Jones,30.0,MEM,PG/SG,3900,30.0,26.9,6.9,21.0,20.119999999999997,38.42857142857142,0.30105288556053,0.741643152164052,1.1419417844792155,-0.1777050836456137,2.1859455013352065,0.40493354229384926,0.0700939049514017
7,0,Russell Westbrook,36.3,HOU,PG,9000,34.0,49.65,5.53,31.333333333333332,49.63,53.875531914893614,2.3430782721145134,1.2388340921622993,2.4487858822257307,2.5285893936037804,0.7832982755674399,0.8731936958274853,1.8445985407631604
7,1,Luka Doncic,59.0,DAL,PG/SG,9600,35.0,55.8,5.79,35.666666666666664,58.06,54.757009345794394,2.895098321666469,1.363131827161861,2.5233606556181702,3.3016853760914926,1.0494940994357749,2.560416788718524,2.2533210312999645
7,2,Thaddeus Young,25.8,CHI,SF/PF,4200,25.0,26.25,6.245,21.0,21.21,31.25,0.2427093030875592,0.12015447716624288,0.5346201233674928,-0.0777436814022437,1.5153367912053617,0.09276010660475849,0.05797468654030026
7,3,Jae Crowder,40.5,MEM,SF/PF,5000,30.0,26.25,5.225,29.0,23.15,27.155172413793103,0.2427093030875592,0.741643152164052,0.1881894280172648,0.10016927304925806,0.47103009756804604,1.1853671315165764,0.15584355202923242
7,4,Zach LaVine,24.3,CHI,PG/SG,7300,32.0,40.05,5.49,32.0,36.25,40.05,1.4813884386675575,0.9902386221631756,1.2791179208696246,1.3015402541392973,0.7423450718953882,-0.018730406141345367,1.1250548484122753
7,5,Maxi Kleber,21.0,DAL,PF/C,4100,29.5,25.5,6.199999999999999,26.333333333333332,23.4,28.56645569620253,0.1753897848495158,0.6794942846642711,0.3075868479496965,0.12309620016929698,1.4692644370743027,-0.2640095341827739,0.018391365103658533
7,6,Jonas Valanciunas,19.8,MEM,C,6200,27.0,36.4,5.865,23.666666666666668,30.1,41.52676056338028,1.1537667832424132,0.3687499471653665,1.404054851196287,0.7375378469863402,1.1262813563208718,-0.35320194437965696,0.827419918859371
7,7,Tyus Jones,30.0,MEM,PG/SG,3900,30.0,26.9,6.9,21.0,20.119999999999997,38.42857142857142,0.30105288556053,0.741643152164052,1.1419417844792155,-0.1777050836456137,2.1859455013352065,0.40493354229384926,0.0700939049514017
8,0,Terry Rozier,33.3,CHA,PG,7000,34.0,38.5,5.49,34.0,31.920000000000005,38.5,1.3422614343089347,1.2388340921622993,1.1479847860823176,0.9044458764202238,0.7423450718953882,0.6502126703352775,1.0085879429323643
8,1,Luka Doncic,59.0,DAL,PG/SG,9600,35.0,55.8,5.79,35.666666666666664,58.06,54.757009345794394,2.895098321666469,1.363131827161861,2.5233606556181702,3.3016853760914926,1.0494940994357749,2.560416788718524,2.2533210312999645
8,2,Dorian Finney-Smith,19.8,DAL,SF/PF,3600,28.5,21.45,5.955,25.666666666666668,17.93,23.81785714285714,-0.18813561363591863,0.5551965496647092,-0.09415419343524158,-0.37854496521715436,1.2184260645829876,-0.35320194437965696,-0.25920448460042184
8,3,Danilo Gallinari,33.3,OKC,SF/PF,6400,30.0,32.5,5.09,29.666666666666668,29.840000000000003,32.865168539325836,0.8037052884045875,0.741643152164052,0.6712666483814497,0.7136938427814998,0.33281303517487215,0.6502126703352775,0.6192726715360448
8,4,Tyus Jones,30.0,MEM,PG/SG,3900,30.0,26.9,6.9,21.0,20.119999999999997,38.42857142857142,0.30105288556053,0.741643152164052,1.1419417844792155,-0.1777050836456137,2.1859455013352065,0.40493354229384926,0.0700939049514017
8,5,Maxi Kleber,21.0,DAL,PF/C,4100,29.5,25.5,6.199999999999999,26.333333333333332,23.4,28.56645569620253,0.1753897848495158,0.6794942846642711,0.3075868479496965,0.12309620016929698,1.4692644370743027,-0.2640095341827739,0.018391365103658533
8,6,Jonas Valanciunas,19.8,MEM,C,6200,27.0,36.4,5.865,23.666666666666668,30.1,41.52676056338028,1.1537667832424132,0.3687499471653665,1.404054851196287,0.7375378469863402,1.1262813563208718,-0.35320194437965696,0.827419918859371
8,7,Russell Westbrook,36.3,HOU,PG,9000,34.0,49.65,5.53,31.333333333333332,49.63,53.875531914893614,2.3430782721145134,1.2388340921622993,2.4487858822257307,2.5285893936037804,0.7832982755674399,0.8731936958274853,1.8445985407631604
9,0,Tyus Jones,30.0,MEM,PG/SG,3900,30.0,26.9,6.9,21.0,20.119999999999997,38.42857142857142,0.30105288556053,0.741643152164052,1.1419417844792155,-0.1777050836456137,2.1859455013352065,0.40493354229384926,0.0700939049514017
9,1,Luka Doncic,59.0,DAL,PG/SG,9600,35.0,55.8,5.79,35.666666666666664,58.06,54.757009345794394,2.895098321666469,1.363131827161861,2.5233606556181702,3.3016853760914926,1.0494940994357749,2.560416788718524,2.2533210312999645
9,2,Dorian Finney-Smith,19.8,DAL,SF/PF,3600,28.5,21.45,5.955,25.666666666666668,17.93,23.81785714285714,-0.18813561363591863,0.5551965496647092,-0.09415419343524158,-0.37854496521715436,1.2184260645829876,-0.35320194437965696,-0.25920448460042184
9,3,Maxi Kleber,21.0,DAL,PF/C,4100,29.5,25.5,6.199999999999999,26.333333333333332,23.4,28.56645569620253,0.1753897848495158,0.6794942846642711,0.3075868479496965,0.12309620016929698,1.4692644370743027,-0.2640095341827739,0.018391365103658533
9,4,Russell Westbrook,36.3,HOU,PG,9000,34.0,49.65,5.53,31.333333333333332,49.63,53.875531914893614,2.3430782721145134,1.2388340921622993,2.4487858822257307,2.5285893936037804,0.7832982755674399,0.8731936958274853,1.8445985407631604
9,5,PJ Washington,24.8,CHA,PF/C,6000,31.0,29.55,4.93,29.333333333333332,28.330000000000002,31.228977272727278,0.5389151833349503,0.8659408871636137,0.532841558122944,0.5752152029764647,0.16900022048666574,0.01843309810735592,0.43256826878483473
9,6,Jonas Valanciunas,19.8,MEM,C,6200,27.0,36.4,5.865,23.666666666666668,30.1,41.52676056338028,1.1537667832424132,0.3687499471653665,1.404054851196287,0.7375378469863402,1.1262813563208718,-0.35320194437965696,0.827419918859371
9,7,Zach LaVine,24.3,CHI,PG/SG,7300,32.0,40.05,5.49,32.0,36.25,40.05,1.4813884386675575,0.9902386221631756,1.2791179208696246,1.3015402541392973,0.7423450718953882,-0.018730406141345367,1.1250548484122753
10,0,Dennis Schroder,35.5,OKC,PG/SG,5600,28.5,28.9,5.154999999999999,29.333333333333332,28.04,28.078977272727272,0.4805716008619791,0.5551965496647092,0.2663451874261576,0.5486199675172193,0.3993619911419555,0.8137320890295634,0.35147517499921527
10,1,Luka Doncic,59.0,DAL,PG/SG,9600,35.0,55.8,5.79,35.666666666666664,58.06,54.757009345794394,2.895098321666469,1.363131827161861,2.5233606556181702,3.3016853760914926,1.0494940994357749,2.560416788718524,2.2533210312999645
10,2,Hamidou Diallo,18.3,OKC,SG/SF,4100,26.0,20.95,5.1,24.333333333333332,20.79,22.384931506849316,-0.23301529246128092,0.2444522121658047,-0.2153826002525332,-0.11626091896390923,0.34305133609288485,-0.4646924571257608,-0.21156938007247947
10,3,Thaddeus Young,25.8,CHI,SF/PF,4200,25.0,26.25,6.245,21.0,21.21,31.25,0.2427093030875592,0.12015447716624288,0.5346201233674928,-0.0777436814022437,1.5153367912053617,0.09276010660475849,0.05797468654030026
10,4,Zach LaVine,24.3,CHI,PG/SG,7300,32.0,40.05,5.49,32.0,36.25,40.05,1.4813884386675575,0.9902386221631756,1.2791179208696246,1.3015402541392973,0.7423450718953882,-0.018730406141345367,1.1250548484122753
10,5,Wendell Carter Jr.,41.5,CHI,PF/C,5500,28.5,28.45,5.155,25.0,27.689999999999998,32.433,0.44017988991915313,0.5551965496647092,0.6347043159180635,0.5165222695491647,0.39936199114195636,1.2596941400139787,0.336686933242666
10,6,Jonas Valanciunas,19.8,MEM,C,6200,27.0,36.4,5.865,23.666666666666668,30.1,41.52676056338028,1.1537667832424132,0.3687499471653665,1.404054851196287,0.7375378469863402,1.1262813563208718,-0.35320194437965696,0.827419918859371
10,7,Lauri Markkanen,25.0,CHI,PF/C,6300,30.0,36.349999999999994,5.785,30.333333333333332,31.15,35.95054945054945,1.1492788153598765,0.741643152164052,0.9322961134793024,0.8338309408905034,1.0443749489767686,0.033298499806836385,0.8203734080954632
11,0,Tyus Jones,30.0,MEM,PG/SG,3900,30.0,26.9,6.9,21.0,20.119999999999997,38.42857142857142,0.30105288556053,0.741643152164052,1.1419417844792155,-0.1777050836456137,2.1859455013352065,0.40493354229384926,0.0700939049514017
11,1,Luka Doncic,59.0,DAL,PG/SG,9600,35.0,55.8,5.79,35.666666666666664,58.06,54.757009345794394,2.895098321666469,1.363131827161861,2.5233606556181702,3.3016853760914926,1.0494940994357749,2.560416788718524,2.2533210312999645
11,2,Chandler Hutchison,26.0,CHI,SF/PF,3200,24.5,17.75,5.545,17.0,13.069999999999999,25.580882352941178,-0.5202452369435994,0.058005609666461976,0.055001304956610694,-0.824244428430711,0.7986557269444589,0.10762550830423895,-0.47830218392441515
11,3,Dorian Finney-Smith,19.8,DAL,SF/PF,3600,28.5,21.45,5.955,25.666666666666668,17.93,23.81785714285714,-0.18813561363591863,0.5551965496647092,-0.09415419343524158,-0.37854496521715436,1.2184260645829876,-0.35320194437965696,-0.25920448460042184
11,4,Russell Westbrook,36.3,HOU,PG,9000,34.0,49.65,5.53,31.333333333333332,49.63,53.875531914893614,2.3430782721145134,1.2388340921622993,2.4487858822257307,2.5285893936037804,0.7832982755674399,0.8731936958274853,1.8445985407631604
11,5,Jae Crowder,40.5,MEM,SF/PF,5000,30.0,26.25,5.225,29.0,23.15,27.155172413793103,0.2427093030875592,0.741643152164052,0.1881894280172648,0.10016927304925806,0.47103009756804604,1.1853671315165764,0.15584355202923242
11,6,Jonas Valanciunas,19.8,MEM,C,6200,27.0,36.4,5.865,23.666666666666668,30.1,41.52676056338028,1.1537667832424132,0.3687499471653665,1.404054851196287,0.7375378469863402,1.1262813563208718,-0.35320194437965696,0.827419918859371
11,7,Alec Burks,38.8,GS,PG/SG,4500,30.0,24.950000000000003,5.55,27.666666666666668,24.19,27.05421686746988,0.12602213814161756,0.741643152164052,0.17964838462143928,0.1955452898686202,0.8037748774034652,1.0590112170709918,0.04229112004200958
12,0,Shai Gilgeous-Alexander,21.3,OKC,PG/SG,7100,35.5,38.45,5.41,35.0,36.77,38.99928571428572,1.3377734664263987,1.4252806946616419,1.190225367287999,1.3492282625489784,0.6604386645512851,-0.24171143163355308,1.0321154045264276
12,1,D'Angelo Russell,48.3,GS,PG/SG,8500,33.5,41.95,4.955,33.666666666666664,42.23,41.74232673267328,1.6519312182039347,1.1766852246625183,1.422292185088856,1.849952350850628,0.19459597278169832,1.7651177977963162,1.3276383530170746
12,2,Ben McLemore,6.0,HOU,SG/SF,3300,13.0,11.9,3.585,20.0,9.98,7.734999999999999,-1.0453374792003378,-1.371418342828499,-1.454796434389625,-1.1076212476343918,-1.208051252986068,-1.3789146616438126,-0.7699841953965018
12,3,Brandon Ingram,42.3,NO,SF/PF,8000,33.5,41.2,5.140000000000001,32.0,42.92,43.13125,1.5846116999658912,1.1766852246625183,1.5397979025234254,1.9132306697019357,0.38400453976493737,1.3191557468119006,1.2678763273896236
12,4,Kris Dunn,21.3,CHI,PG/SG,3800,18.5,18.700000000000003,4.9,19.333333333333332,18.080000000000002,17.893965517241384,-0.4349738471754108,-0.6877808003309089,-0.5953274056979978,-0.3647888089451308,0.1382853177326277,-0.24171143163355308,-0.3784376394956137
12,5,Thaddeus Young,25.8,CHI,SF/PF,4200,25.0,26.25,6.245,21.0,21.21,31.25,0.2427093030875592,0.12015447716624288,0.5346201233674928,-0.0777436814022437,1.5153367912053617,0.09276010660475849,0.05797468654030026
12,6,Dwight Powell,31.3,DAL,C,4800,28.0,26.9,5.62,27.0,17.939999999999998,27.896296296296295,0.30105288556053,0.49304768216492834,0.2508900073581575,-0.377627888132353,0.8754429838295558,0.5015586533404727,0.1440209757329587
12,7,Russell Westbrook,36.3,HOU,PG,9000,34.0,49.65,5.53,31.333333333333332,49.63,53.875531914893614,2.3430782721145134,1.2388340921622993,2.4487858822257307,2.5285893936037804,0.7832982755674399,0.8731936958274853,1.8445985407631604
13,0,James Harden,75.0,HOU,PG/SG,11800,35.5,59.65,5.08,35.333333333333336,59.85,59.9313679245283,3.2406718486217585,1.4252806946616419,2.9611218562265402,3.465842174270971,0.3225747342568595,3.749648924676965,2.598663402314107
13,1,Austin Rivers,15.0,HOU,PG/SG,3600,17.5,14.05,3.875,22.333333333333332,13.270000000000001,11.009328358208956,-0.85235486025128,-0.8120785353304707,-1.1777816331412907,-0.8059028867346796,-0.9111405263636942,-0.7099715851671894,-0.6265724735727514
13,2,Brandon Ingram,42.3,NO,SF/PF,8000,33.5,41.2,5.140000000000001,32.0,42.92,43.13125,1.5846116999658912,1.1766852246625183,1.5397979025234254,1.9132306697019357,0.38400453976493737,1.3191557468119006,1.2678763273896236
13,3,Danuel House Jr.,32.3,HOU,SF/PF,5200,31.0,25.1,4.85,33.333333333333336,25.8,23.343,0.1394860417892261,0.8659408871636137,-0.13432806809266154,0.3431947005216707,0.08709381314256251,0.5758856618378749,0.11230088892075879
13,4,Terry Rozier,33.3,CHA,PG,7000,34.0,38.5,5.49,34.0,31.920000000000005,38.5,1.3422614343089347,1.2388340921622993,1.1479847860823176,0.9044458764202238,0.7423450718953882,0.6502126703352775,1.0085879429323643
13,5,Danilo Gallinari,33.3,OKC,SF/PF,6400,30.0,32.5,5.09,29.666666666666668,29.840000000000003,32.865168539325836,0.8037052884045875,0.741643152164052,0.6712666483814497,0.7136938427814998,0.33281303517487215,0.6502126703352775,0.6192726715360448
13,6,Willie Cauley-Stein,22.0,GS,C,3900,20.5,22.15,5.665,20.333333333333332,19.55,22.33155737704918,-0.12530406328041152,-0.4391853303317853,-0.2198981595797826,-0.2299784774793021,0.9215153379606137,-0.18968252568537133,-0.2011259651820464
13,7,Jalen Brunson,24.0,DAL,PG/SG,3700,20.0,17.5,4.715,16.0,17.02,21.875,-0.5426850763562805,-0.5013341978315662,-0.25852383703960813,-0.461998979934096,-0.051123249250611326,-0.04102850869056619,-0.4253816502714552
14,0,Ky Bowman,8.3,GS,PG,4000,20.0,12.7,3.1799999999999997,23.666666666666668,14.8,10.732394366197182,-0.9735299930797583,-0.5013341978315662,-1.2012108089488178,-0.6655900927600414,-1.6227024401655905,-1.2079625420997866,-0.6403812729714154
14,1,Ryan Arcidiacono,9.5,CHI,PG/SG,3200,17.0,11.7,3.67,12.666666666666666,9.540000000000001,15.702631578947368,-1.0632893507304828,-0.8742274028302517,-0.780718688726585,-1.1479726393656602,-1.1210256951829587,-1.1187701319029035,-0.7561838166568055
14,2,Miles Bridges,28.0,CHA,SF/PF,6100,34.0,30.85,5.08,35.666666666666664,26.07,29.408411214953272,0.6556023482808923,1.2388340921622993,0.3788179876434114,0.3679557818113127,0.3225747342568595,0.2562795252990441,0.4957319146774144
14,3,Jae Crowder,40.5,MEM,SF/PF,5000,30.0,26.25,5.225,29.0,23.15,27.155172413793103,0.2427093030875592,0.741643152164052,0.1881894280172648,0.10016927304925806,0.47103009756804604,1.1853671315165764,0.15584355202923242
14,4,Luka Doncic,59.0,DAL,PG/SG,9600,35.0,55.8,5.79,35.666666666666664,58.06,54.757009345794394,2.895098321666469,1.363131827161861,2.5233606556181702,3.3016853760914926,1.0494940994357749,2.560416788718524,2.2533210312999645
14,5,Danuel House Jr.,32.3,HOU,SF/PF,5200,31.0,25.1,4.85,33.333333333333336,25.8,23.343,0.1394860417892261,0.8659408871636137,-0.13432806809266154,0.3431947005216707,0.08709381314256251,0.5758856618378749,0.11230088892075879
14,6,Jonas Valanciunas,19.8,MEM,C,6200,27.0,36.4,5.865,23.666666666666668,30.1,41.52676056338028,1.1537667832424132,0.3687499471653665,1.404054851196287,0.7375378469863402,1.1262813563208718,-0.35320194437965696,0.827419918859371
14,7,Russell Westbrook,36.3,HOU,PG,9000,34.0,49.65,5.53,31.333333333333332,49.63,53.875531914893614,2.3430782721145134,1.2388340921622993,2.4487858822257307,2.5285893936037804,0.7832982755674399,0.8731936958274853,1.8445985407631604
15,0,Ryan Arcidiacono,9.5,CHI,PG/SG,3200,17.0,11.7,3.67,12.666666666666666,9.540000000000001,15.702631578947368,-1.0632893507304828,-0.8742274028302517,-0.780718688726585,-1.1479726393656602,-1.1210256951829587,-1.1187701319029035,-0.7561838166568055
15,1,Luka Doncic,59.0,DAL,PG/SG,9600,35.0,55.8,5.79,35.666666666666664,58.06,54.757009345794394,2.895098321666469,1.363131827161861,2.5233606556181702,3.3016853760914926,1.0494940994357749,2.560416788718524,2.2533210312999645
15,2,Miles Bridges,28.0,CHA,SF/PF,6100,34.0,30.85,5.08,35.666666666666664,26.07,29.408411214953272,0.6556023482808923,1.2388340921622993,0.3788179876434114,0.3679557818113127,0.3225747342568595,0.2562795252990441,0.4957319146774144
15,3,Solomon Hill,9.8,MEM,SF/PF,3100,18.0,13.7,4.4,16.333333333333332,13.959999999999999,15.09795918367347,-0.8837706354290338,-0.7499296678306898,-0.8318751962824663,-0.7426245678833724,-0.373629728168017,-1.0964720293536827,-0.6818930860886028
15,4,Tyus Jones,30.0,MEM,PG/SG,3900,30.0,26.9,6.9,21.0,20.119999999999997,38.42857142857142,0.30105288556053,0.741643152164052,1.1419417844792155,-0.1777050836456137,2.1859455013352065,0.40493354229384926,0.0700939049514017
15,5,Lauri Markkanen,25.0,CHI,PF/C,6300,30.0,36.349999999999994,5.785,30.333333333333332,31.15,35.95054945054945,1.1492788153598765,0.741643152164052,0.9322961134793024,0.8338309408905034,1.0443749489767686,0.033298499806836385,0.8203734080954632
15,6,Jonas Valanciunas,19.8,MEM,C,6200,27.0,36.4,5.865,23.666666666666668,30.1,41.52676056338028,1.1537667832424132,0.3687499471653665,1.404054851196287,0.7375378469863402,1.1262813563208718,-0.35320194437965696,0.827419918859371
15,7,Thaddeus Young,25.8,CHI,SF/PF,4200,25.0,26.25,6.245,21.0,21.21,31.25,0.2427093030875592,0.12015447716624288,0.5346201233674928,-0.0777436814022437,1.5153367912053617,0.09276010660475849,0.05797468654030026
16,0,D'Angelo Russell,48.3,GS,PG/SG,8500,33.5,41.95,4.955,33.666666666666664,42.23,41.74232673267328,1.6519312182039347,1.1766852246625183,1.422292185088856,1.849952350850628,0.19459597278169832,1.7651177977963162,1.3276383530170746
16,1,Tyus Jones,30.0,MEM,PG/SG,3900,30.0,26.9,6.9,21.0,20.119999999999997,38.42857142857142,0.30105288556053,0.741643152164052,1.1419417844792155,-0.1777050836456137,2.1859455013352065,0.40493354229384926,0.0700939049514017
16,2,Brandon Ingram,42.3,NO,SF/PF,8000,33.5,41.2,5.140000000000001,32.0,42.92,43.13125,1.5846116999658912,1.1766852246625183,1.5397979025234254,1.9132306697019357,0.38400453976493737,1.3191557468119006,1.2678763273896236
16,3,Kenrich Williams,33.3,NO,SF/PF,3200,19.0,10.95,3.4250000000000003,13.0,13.85,16.00384615384615,-1.1306088689685263,-0.6256319328311281,-0.7552353265007118,-0.7527124158161894,-1.3718640676742742,0.6502126703352775,-0.7641791640382173
16,4,Russell Westbrook,36.3,HOU,PG,9000,34.0,49.65,5.53,31.333333333333332,49.63,53.875531914893614,2.3430782721145134,1.2388340921622993,2.4487858822257307,2.5285893936037804,0.7832982755674399,0.8731936958274853,1.8445985407631604
16,5,Dwayne Bacon,18.8,CHA,SG/SF,4400,23.5,20.3,4.6,22.333333333333332,18.98,21.36044776119403,-0.2913588749342517,-0.06629212533309985,-0.3020559970953848,-0.28225187131299084,-0.16886370980775983,-0.4275289528770595,-0.22022054803056337
16,6,Nerlens Noel,6.8,OKC,C,4100,17.0,19.25,4.67,19.0,20.73,17.223684210526315,-0.38560620046751254,-0.8742274028302517,-0.6520345598521137,-0.12176338147271845,-0.09719560338166927,-1.3194530548458905,-0.3176899226255929
16,7,Dorian Finney-Smith,19.8,DAL,SF/PF,3600,28.5,21.45,5.955,25.666666666666668,17.93,23.81785714285714,-0.18813561363591863,0.5551965496647092,-0.09415419343524158,-0.37854496521715436,1.2184260645829876,-0.35320194437965696,-0.25920448460042184
17,0,Frank Jackson,7.5,NO,PG/SG,3400,22.5,17.6,5.175,21.0,17.919999999999998,18.857142857142858,-0.5337091405912079,-0.19058986033266165,-0.5138406547706558,-0.37946204230195607,0.4198385929779817,-1.2674241488977087,-0.46633414428330466
17,1,Zach LaVine,24.3,CHI,PG/SG,7300,32.0,40.05,5.49,32.0,36.25,40.05,1.4813884386675575,0.9902386221631756,1.2791179208696246,1.3015402541392973,0.7423450718953882,-0.018730406141345367,1.1250548484122753
17,2,Thaddeus Young,25.8,CHI,SF/PF,4200,25.0,26.25,6.245,21.0,21.21,31.25,0.2427093030875592,0.12015447716624288,0.5346201233674928,-0.0777436814022437,1.5153367912053617,0.09276010660475849,0.05797468654030026
17,3,Maxi Kleber,21.0,DAL,PF/C,4100,29.5,25.5,6.199999999999999,26.333333333333332,23.4,28.56645569620253,0.1753897848495158,0.6794942846642711,0.3075868479496965,0.12309620016929698,1.4692644370743027,-0.2640095341827739,0.018391365103658533
17,4,Cody Martin,19.3,CHA,PG/SF,3300,10.5,12.0,3.6449999999999996,16.666666666666668,9.74,7.56,-1.0363615434352655,-1.6821626803274035,-1.469601788317224,-1.129631097669629,-1.1466214474779912,-0.3903654486283582,-0.7752070989711202
17,5,Brandon Ingram,42.3,NO,SF/PF,8000,33.5,41.2,5.140000000000001,32.0,42.92,43.13125,1.5846116999658912,1.1766852246625183,1.5397979025234254,1.9132306697019357,0.38400453976493737,1.3191557468119006,1.2678763273896236
17,6,Bismack Biyombo,8.0,CHA,C,3300,10.5,10.7,3.23,13.666666666666666,12.220000000000002,8.220731707317073,-1.1530487083812073,-1.6821626803274035,-1.4137025495857032,-0.9021959806388429,-1.571510935575526,-1.2302606446490074,-0.8109508206473288
17,7,Luka Doncic,59.0,DAL,PG/SG,9600,35.0,55.8,5.79,35.666666666666664,58.06,54.757009345794394,2.895098321666469,1.363131827161861,2.5233606556181702,3.3016853760914926,1.0494940994357749,2.560416788718524,2.2533210312999645
18,0,Luka Doncic,59.0,DAL,PG/SG,9600,35.0,55.8,5.79,35.666666666666664,58.06,54.757009345794394,2.895098321666469,1.363131827161861,2.5233606556181702,3.3016853760914926,1.0494940994357749,2.560416788718524,2.2533210312999645
18,1,Ben McLemore,6.0,HOU,SG/SF,3300,13.0,11.9,3.585,20.0,9.98,7.734999999999999,-1.0453374792003378,-1.371418342828499,-1.454796434389625,-1.1076212476343918,-1.208051252986068,-1.3789146616438126,-0.7699841953965018
18,2,Terrance Ferguson,14.0,OKC,SG/SF,3100,23.0,11.55,3.7350000000000003,21.333333333333332,9.209999999999999,12.452343750000002,-1.0767532543780913,-0.12844099283288074,-1.0556996125787783,-1.1782361831641117,-1.0544767392158745,-0.7842985936645919,-0.7737312817832794
18,3,Dorian Finney-Smith,19.8,DAL,SF/PF,3600,28.5,21.45,5.955,25.666666666666668,17.93,23.81785714285714,-0.18813561363591863,0.5551965496647092,-0.09415419343524158,-0.37854496521715436,1.2184260645829876,-0.35320194437965696,-0.25920448460042184
18,4,Austin Rivers,15.0,HOU,PG/SG,3600,17.5,14.05,3.875,22.333333333333332,13.270000000000001,11.009328358208956,-0.85235486025128,-0.8120785353304707,-1.1777816331412907,-0.8059028867346796,-0.9111405263636942,-0.7099715851671894,-0.6265724735727514
18,5,Jaren Jackson Jr.,32.0,MEM,PF/C,4700,28.0,25.75,5.465,23.0,21.69,31.347826086956523,0.19782962426219694,0.49304768216492834,0.5428964081717409,-0.033723981331768946,0.7167493196003557,0.5535875592886544,0.10717165946669652
18,6,Jonas Valanciunas,19.8,MEM,C,6200,27.0,36.4,5.865,23.666666666666668,30.1,41.52676056338028,1.1537667832424132,0.3687499471653665,1.404054851196287,0.7375378469863402,1.1262813563208718,-0.35320194437965696,0.827419918859371
18,7,Brandon Ingram,42.3,NO,SF/PF,8000,33.5,41.2,5.140000000000001,32.0,42.92,43.13125,1.5846116999658912,1.1766852246625183,1.5397979025234254,1.9132306697019357,0.38400453976493737,1.3191557468119006,1.2678763273896236
19,0,Russell Westbrook,36.3,HOU,PG,9000,34.0,49.65,5.53,31.333333333333332,49.63,53.875531914893614,2.3430782721145134,1.2388340921622993,2.4487858822257307,2.5285893936037804,0.7832982755674399,0.8731936958274853,1.8445985407631604
19,1,Zach LaVine,24.3,CHI,PG/SG,7300,32.0,40.05,5.49,32.0,36.25,40.05,1.4813884386675575,0.9902386221631756,1.2791179208696246,1.3015402541392973,0.7423450718953882,-0.018730406141345367,1.1250548484122753
19,2,Chandler Hutchison,26.0,CHI,SF/PF,3200,24.5,17.75,5.545,17.0,13.069999999999999,25.580882352941178,-0.5202452369435994,0.058005609666461976,0.055001304956610694,-0.824244428430711,0.7986557269444589,0.10762550830423895,-0.47830218392441515
19,3,Justin Jackson,24.0,DAL,SF/PF,3100,15.5,10.25,3.2800000000000002,11.666666666666666,9.65,13.617857142857144,-1.1934404193240333,-1.0606740053295944,-0.957094822358167,-1.1378847914328432,-1.520319430985461,-0.04102850869056619,-0.8240120601734201
19,4,Cody Martin,19.3,CHA,PG/SF,3300,10.5,12.0,3.6449999999999996,16.666666666666668,9.74,7.56,-1.0363615434352655,-1.6821626803274035,-1.469601788317224,-1.129631097669629,-1.1466214474779912,-0.3903654486283582,-0.7752070989711202
19,5,Thaddeus Young,25.8,CHI,SF/PF,4200,25.0,26.25,6.245,21.0,21.21,31.25,0.2427093030875592,0.12015447716624288,0.5346201233674928,-0.0777436814022437,1.5153367912053617,0.09276010660475849,0.05797468654030026
19,6,Willie Cauley-Stein,22.0,GS,C,3900,20.5,22.15,5.665,20.333333333333332,19.55,22.33155737704918,-0.12530406328041152,-0.4391853303317853,-0.2198981595797826,-0.2299784774793021,0.9215153379606137,-0.18968252568537133,-0.2011259651820464
19,7,Shai Gilgeous-Alexander,21.3,OKC,PG/SG,7100,35.5,38.45,5.41,35.0,36.77,38.99928571428572,1.3377734664263987,1.4252806946616419,1.190225367287999,1.3492282625489784,0.6604386645512851,-0.24171143163355308,1.0321154045264276
20,0,Cody Martin,19.3,CHA,PG/SF,3300,10.5,12.0,3.6449999999999996,16.666666666666668,9.74,7.56,-1.0363615434352655,-1.6821626803274035,-1.469601788317224,-1.129631097669629,-1.1466214474779912,-0.3903654486283582,-0.7752070989711202
20,1,Tyus Jones,30.0,MEM,PG/SG,3900,30.0,26.9,6.9,21.0,20.119999999999997,38.42857142857142,0.30105288556053,0.741643152164052,1.1419417844792155,-0.1777050836456137,2.1859455013352065,0.40493354229384926,0.0700939049514017
20,2,Thaddeus Young,25.8,CHI,SF/PF,4200,25.0,26.25,6.245,21.0,21.21,31.25,0.2427093030875592,0.12015447716624288,0.5346201233674928,-0.0777436814022437,1.5153367912053617,0.09276010660475849,0.05797468654030026
20,3,Miles Bridges,28.0,CHA,SF/PF,6100,34.0,30.85,5.08,35.666666666666664,26.07,29.408411214953272,0.6556023482808923,1.2388340921622993,0.3788179876434114,0.3679557818113127,0.3225747342568595,0.2562795252990441,0.4957319146774144
20,4,Luka Doncic,59.0,DAL,PG/SG,9600,35.0,55.8,5.79,35.666666666666664,58.06,54.757009345794394,2.895098321666469,1.363131827161861,2.5233606556181702,3.3016853760914926,1.0494940994357749,2.560416788718524,2.2533210312999645
20,5,Dorian Finney-Smith,19.8,DAL,SF/PF,3600,28.5,21.45,5.955,25.666666666666668,17.93,23.81785714285714,-0.18813561363591863,0.5551965496647092,-0.09415419343524158,-0.37854496521715436,1.2184260645829876,-0.35320194437965696,-0.25920448460042184
20,6,Marquese Chriss,19.5,GS,PF/C,3200,17.0,14.2,4.445,13.333333333333334,14.779999999999998,18.105,-0.8388909566036715,-0.8742274028302517,-0.577473461651317,-0.6674242469296449,-0.327557374036959,-0.3755000469288778,-0.6419409418509197
20,7,Maxi Kleber,21.0,DAL,PF/C,4100,29.5,25.5,6.199999999999999,26.333333333333332,23.4,28.56645569620253,0.1753897848495158,0.6794942846642711,0.3075868479496965,0.12309620016929698,1.4692644370743027,-0.2640095341827739,0.018391365103658533
21,0,D'Angelo Russell,48.3,GS,PG/SG,8500,33.5,41.95,4.955,33.666666666666664,42.23,41.74232673267328,1.6519312182039347,1.1766852246625183,1.422292185088856,1.849952350850628,0.19459597278169832,1.7651177977963162,1.3276383530170746
21,1,Tyus Jones,30.0,MEM,PG/SG,3900,30.0,26.9,6.9,21.0,20.119999999999997,38.42857142857142,0.30105288556053,0.741643152164052,1.1419417844792155,-0.1777050836456137,2.1859455013352065,0.40493354229384926,0.0700939049514017
21,2,Thaddeus Young,25.8,CHI,SF/PF,4200,25.0,26.25,6.245,21.0,21.21,31.25,0.2427093030875592,0.12015447716624288,0.5346201233674928,-0.0777436814022437,1.5153367912053617,0.09276010660475849,0.05797468654030026
21,3,Glenn Robinson III,23.0,GS,SF/PF,5300,34.0,24.0,4.52,34.333333333333336,23.360000000000003,23.766990291262132,0.040750748373429,1.2388340921622993,-0.09845763195550868,0.11942789183009116,-0.25077011715186304,-0.11535551718796876,0.07157236948876891
21,4,Ryan Arcidiacono,9.5,CHI,PG/SG,3200,17.0,11.7,3.67,12.666666666666666,9.540000000000001,15.702631578947368,-1.0632893507304828,-0.8742274028302517,-0.780718688726585,-1.1479726393656602,-1.1210256951829587,-1.1187701319029035,-0.7561838166568055
21,5,Tim Hardaway Jr.,24.0,DAL,SG/SF,4000,23.0,19.05,4.79,24.0,18.15,18.25625,-0.4035580719976574,-0.12844099283288074,-0.564677405756749,-0.35836926935152025,0.025664007634485553,-0.04102850869056619,-0.3350081231015693
21,6,Lauri Markkanen,25.0,CHI,PF/C,6300,30.0,36.349999999999994,5.785,30.333333333333332,31.15,35.95054945054945,1.1492788153598765,0.741643152164052,0.9322961134793024,0.8338309408905034,1.0443749489767686,0.033298499806836385,0.8203734080954632
21,7,Maxi Kleber,21.0,DAL,PF/C,4100,29.5,25.5,6.199999999999999,26.333333333333332,23.4,28.56645569620253,0.1753897848495158,0.6794942846642711,0.3075868479496965,0.12309620016929698,1.4692644370743027,-0.2640095341827739,0.018391365103658533
22,0,Luka Doncic,59.0,DAL,PG/SG,9600,35.0,55.8,5.79,35.666666666666664,58.06,54.757009345794394,2.895098321666469,1.363131827161861,2.5233606556181702,3.3016853760914926,1.0494940994357749,2.560416788718524,2.2533210312999645
22,1,Dennis Schroder,35.5,OKC,PG/SG,5600,28.5,28.9,5.154999999999999,29.333333333333332,28.04,28.078977272727272,0.4805716008619791,0.5551965496647092,0.2663451874261576,0.5486199675172193,0.3993619911419555,0.8137320890295634,0.35147517499921527
22,2,Terrance Ferguson,14.0,OKC,SG/SF,3100,23.0,11.55,3.7350000000000003,21.333333333333332,9.209999999999999,12.452343750000002,-1.0767532543780913,-0.12844099283288074,-1.0556996125787783,-1.1782361831641117,-1.0544767392158745,-0.7842985936645919,-0.7737312817832794
22,3,Lauri Markkanen,25.0,CHI,PF/C,6300,30.0,36.349999999999994,5.785,30.333333333333332,31.15,35.95054945054945,1.1492788153598765,0.741643152164052,0.9322961134793024,0.8338309408905034,1.0443749489767686,0.033298499806836385,0.8203734080954632
22,4,Ben McLemore,6.0,HOU,SG/SF,3300,13.0,11.9,3.585,20.0,9.98,7.734999999999999,-1.0453374792003378,-1.371418342828499,-1.454796434389625,-1.1076212476343918,-1.208051252986068,-1.3789146616438126,-0.7699841953965018
22,5,Thaddeus Young,25.8,CHI,SF/PF,4200,25.0,26.25,6.245,21.0,21.21,31.25,0.2427093030875592,0.12015447716624288,0.5346201233674928,-0.0777436814022437,1.5153367912053617,0.09276010660475849,0.05797468654030026
22,6,Maxi Kleber,21.0,DAL,PF/C,4100,29.5,25.5,6.199999999999999,26.333333333333332,23.4,28.56645569620253,0.1753897848495158,0.6794942846642711,0.3075868479496965,0.12309620016929698,1.4692644370743027,-0.2640095341827739,0.018391365103658533
22,7,Seth Curry,19.3,DAL,PG/SG,3400,20.0,15.2,4.445,15.666666666666666,13.780000000000001,19.404255319148934,-0.749131598952947,-0.5013341978315662,-0.4675538339809407,-0.7591319554098002,-0.327557374036959,-0.3903654486283582,-0.5690360221257668
23,0,Tyus Jones,30.0,MEM,PG/SG,3900,30.0,26.9,6.9,21.0,20.119999999999997,38.42857142857142,0.30105288556053,0.741643152164052,1.1419417844792155,-0.1777050836456137,2.1859455013352065,0.40493354229384926,0.0700939049514017
23,1,Alec Burks,38.8,GS,PG/SG,4500,30.0,24.950000000000003,5.55,27.666666666666668,24.19,27.05421686746988,0.12602213814161756,0.741643152164052,0.17964838462143928,0.1955452898686202,0.8037748774034652,1.0590112170709918,0.04229112004200958
23,2,Josh Hart,26.8,NO,PG/SF,5300,26.0,22.3,4.225,26.333333333333332,24.88,22.017721518987344,-0.11184015963280265,0.2444522121658047,-0.24644930788708128,0.2588236087199274,-0.5527999942332433,0.16708711510216107,-0.028485468301727296
23,3,Brandon Ingram,42.3,NO,SF/PF,8000,33.5,41.2,5.140000000000001,32.0,42.92,43.13125,1.5846116999658912,1.1766852246625183,1.5397979025234254,1.9132306697019357,0.38400453976493737,1.3191557468119006,1.2678763273896236
23,4,Jordan Poole,19.8,GS,SG/SF,4200,29.5,20.0,4.779999999999999,26.666666666666668,18.0,22.125,-0.31828668222946915,0.6794942846642711,-0.23737333142875208,-0.37212542562354345,0.01542570671647197,-0.35320194437965696,-0.24600585960788912
23,5,Bruno Caboclo,18.0,MEM,PF/C,3300,13.0,15.1,4.58,10.333333333333334,10.959999999999999,18.996774193548386,-0.7581075347180194,-1.371418342828499,-0.50202756131427,-1.0177476933238394,-0.18934031164378518,-0.4869905596749816,-0.6115604853081471
23,6,Cody Zeller,24.0,CHA,C,5400,25.0,26.65,4.935,22.666666666666668,27.509999999999998,29.39338235294117,0.2786130461478489,0.12015447716624288,0.37754651552216445,0.5000148820227367,0.17411937094567206,-0.04102850869056619,0.221580288633042
23,7,Devonte' Graham,50.8,CHA,PG/SG,6700,31.0,33.099999999999994,4.945,33.333333333333336,34.480000000000004,30.782999999999994,0.8575609029950217,0.8659408871636137,0.49511097888641326,1.1392176101294222,0.18435767186368565,1.9509353190398226,0.6807170000903501
24,0,Alec Burks,38.8,GS,PG/SG,4500,30.0,24.950000000000003,5.55,27.666666666666668,24.19,27.05421686746988,0.12602213814161756,0.741643152164052,0.17964838462143928,0.1955452898686202,0.8037748774034652,1.0590112170709918,0.04229112004200958
24,1,Ben McLemore,6.0,HOU,SG/SF,3300,13.0,11.9,3.585,20.0,9.98,7.734999999999999,-1.0453374792003378,-1.371418342828499,-1.454796434389625,-1.1076212476343918,-1.208051252986068,-1.3789146616438126,-0.7699841953965018
24,2,Dorian Finney-Smith,19.8,DAL,SF/PF,3600,28.5,21.45,5.955,25.666666666666668,17.93,23.81785714285714,-0.18813561363591863,0.5551965496647092,-0.09415419343524158,-0.37854496521715436,1.2184260645829876,-0.35320194437965696,-0.25920448460042184
24,3,Thaddeus Young,25.8,CHI,SF/PF,4200,25.0,26.25,6.245,21.0,21.21,31.25,0.2427093030875592,0.12015447716624288,0.5346201233674928,-0.0777436814022437,1.5153367912053617,0.09276010660475849,0.05797468654030026
24,4,Cody Martin,19.3,CHA,PG/SF,3300,10.5,12.0,3.6449999999999996,16.666666666666668,9.74,7.56,-1.0363615434352655,-1.6821626803274035,-1.469601788317224,-1.129631097669629,-1.1466214474779912,-0.3903654486283582,-0.7752070989711202
24,5,P.J. Tucker,20.3,HOU,SF/PF,5800,34.0,24.9,4.295,34.333333333333336,26.459999999999997,24.65825242718446,0.12153417025908095,1.2388340921622993,-0.02305505272923373,0.4037217881185732,-0.48113188780715277,-0.31603844013095567,0.16460883332628223
24,6,Wendell Carter Jr.,41.5,CHI,PF/C,5500,28.5,28.45,5.155,25.0,27.689999999999998,32.433,0.44017988991915313,0.5551965496647092,0.6347043159180635,0.5165222695491647,0.39936199114195636,1.2596941400139787,0.336686933242666
24,7,Luka Doncic,59.0,DAL,PG/SG,9600,35.0,55.8,5.79,35.666666666666664,58.06,54.757009345794394,2.895098321666469,1.363131827161861,2.5233606556181702,3.3016853760914926,1.0494940994357749,2.560416788718524,2.2533210312999645
25,0,Luka Doncic,59.0,DAL,PG/SG,9600,35.0,55.8,5.79,35.666666666666664,58.06,54.757009345794394,2.895098321666469,1.363131827161861,2.5233606556181702,3.3016853760914926,1.0494940994357749,2.560416788718524,2.2533210312999645
25,1,Marko Guduric,27.8,MEM,SG/SF,3100,18.5,14.4,4.65,19.333333333333332,11.999999999999998,13.779310344827588,-0.8209390850735265,-0.6877808003309089,-0.9434355549415009,-0.9223716765044776,-0.11767220521769463,0.24141412359956363,-0.6696035898987338
25,2,Kenrich Williams,33.3,NO,SF/PF,3200,19.0,10.95,3.4250000000000003,13.0,13.85,16.00384615384615,-1.1306088689685263,-0.6256319328311281,-0.7552353265007118,-0.7527124158161894,-1.3718640676742742,0.6502126703352775,-0.7641791640382173
25,3,Dorian Finney-Smith,19.8,DAL,SF/PF,3600,28.5,21.45,5.955,25.666666666666668,17.93,23.81785714285714,-0.18813561363591863,0.5551965496647092,-0.09415419343524158,-0.37854496521715436,1.2184260645829876,-0.35320194437965696,-0.25920448460042184
25,4,Frank Jackson,7.5,NO,PG/SG,3400,22.5,17.6,5.175,21.0,17.919999999999998,18.857142857142858,-0.5337091405912079,-0.19058986033266165,-0.5138406547706558,-0.37946204230195607,0.4198385929779817,-1.2674241488977087,-0.46633414428330466
25,5,Ben McLemore,6.0,HOU,SG/SF,3300,13.0,11.9,3.585,20.0,9.98,7.734999999999999,-1.0453374792003378,-1.371418342828499,-1.454796434389625,-1.1076212476343918,-1.208051252986068,-1.3789146616438126,-0.7699841953965018
25,6,Jonas Valanciunas,19.8,MEM,C,6200,27.0,36.4,5.865,23.666666666666668,30.1,41.52676056338028,1.1537667832424132,0.3687499471653665,1.404054851196287,0.7375378469863402,1.1262813563208718,-0.35320194437965696,0.827419918859371
25,7,Lauri Markkanen,25.0,CHI,PF/C,6300,30.0,36.349999999999994,5.785,30.333333333333332,31.15,35.95054945054945,1.1492788153598765,0.741643152164052,0.9322961134793024,0.8338309408905034,1.0443749489767686,0.033298499806836385,0.8203734080954632
26,0,Russell Westbrook,36.3,HOU,PG,9000,34.0,49.65,5.53,31.333333333333332,49.63,53.875531914893614,2.3430782721145134,1.2388340921622993,2.4487858822257307,2.5285893936037804,0.7832982755674399,0.8731936958274853,1.8445985407631604
26,1,Ben McLemore,6.0,HOU,SG/SF,3300,13.0,11.9,3.585,20.0,9.98,7.734999999999999,-1.0453374792003378,-1.371418342828499,-1.454796434389625,-1.1076212476343918,-1.208051252986068,-1.3789146616438126,-0.7699841953965018
26,2,Terrance Ferguson,14.0,OKC,SG/SF,3100,23.0,11.55,3.7350000000000003,21.333333333333332,9.209999999999999,12.452343750000002,-1.0767532543780913,-0.12844099283288074,-1.0556996125787783,-1.1782361831641117,-1.0544767392158745,-0.7842985936645919,-0.7737312817832794
26,3,Dorian Finney-Smith,19.8,DAL,SF/PF,3600,28.5,21.45,5.955,25.666666666666668,17.93,23.81785714285714,-0.18813561363591863,0.5551965496647092,-0.09415419343524158,-0.37854496521715436,1.2184260645829876,-0.35320194437965696,-0.25920448460042184
26,4,Dwayne Bacon,18.8,CHA,SG/SF,4400,23.5,20.3,4.6,22.333333333333332,18.98,21.36044776119403,-0.2913588749342517,-0.06629212533309985,-0.3020559970953848,-0.28225187131299084,-0.16886370980775983,-0.4275289528770595,-0.22022054803056337
26,5,Kyle Anderson,26.8,MEM,SF/PF,3800,24.5,22.0,5.8100000000000005,20.333333333333332,18.32,26.508196721311478,-0.13876796692802007,0.058005609666461976,0.1334539759615845,-0.3427789589098936,1.0699707012718012,0.16708711510216107,-0.2058776035540269
26,6,Lauri Markkanen,25.0,CHI,PF/C,6300,30.0,36.349999999999994,5.785,30.333333333333332,31.15,35.95054945054945,1.1492788153598765,0.741643152164052,0.9322961134793024,0.8338309408905034,1.0443749489767686,0.033298499806836385,0.8203734080954632
26,7,Malik Monk,12.5,CHA,PG/SG,3400,19.0,19.25,5.65,19.0,14.85,19.25,-0.38560620046751254,-0.6256319328311281,-0.48060414595359635,-0.6610047073360338,0.9061578865835948,-0.8957891064106958,-0.4178981785534527
27,0,Ky Bowman,8.3,GS,PG,4000,20.0,12.7,3.1799999999999997,23.666666666666668,14.8,10.732394366197182,-0.9735299930797583,-0.5013341978315662,-1.2012108089488178,-0.6655900927600414,-1.6227024401655905,-1.2079625420997866,-0.6403812729714154
27,1,Coby White,16.3,CHI,PG/SG,4300,25.0,24.05,5.609999999999999,24.666666666666668,20.29,24.375,0.04523871625596529,0.12015447716624288,-0.04701878093104786,-0.16211477320398707,0.8652046829115422,-0.613346474120566,-0.053228253327559025
27,2,Marvin Williams,4.8,CHA,SF/PF,3300,17.0,16.0,4.865,18.0,13.719999999999999,15.11111111111111,-0.6773241128323673,-0.8742274028302517,-0.8307625166222128,-0.7646344179186098,0.10245126451958243,-1.4681070718406954,-0.5780839294872684
27,3,Thaddeus Young,25.8,CHI,SF/PF,4200,25.0,26.25,6.245,21.0,21.21,31.25,0.2427093030875592,0.12015447716624288,0.5346201233674928,-0.0777436814022437,1.5153367912053617,0.09276010660475849,0.05797468654030026
27,4,Chris Clemons,4.5,HOU,PG,3000,0.0,1.5,0.5,7.0,6.779999999999999,0.0,-1.9788347987678732,-2.9872888978228027,-2.1091930779895103,-1.40108591477089,-4.3665670861930455,-1.4904051743899163,-1.218995480028277
27,5,Jaren Jackson Jr.,32.0,MEM,PF/C,4700,28.0,25.75,5.465,23.0,21.69,31.347826086956523,0.19782962426219694,0.49304768216492834,0.5428964081717409,-0.033723981331768946,0.7167493196003557,0.5535875592886544,0.10717165946669652
27,6,Jonas Valanciunas,19.8,MEM,C,6200,27.0,36.4,5.865,23.666666666666668,30.1,41.52676056338028,1.1537667832424132,0.3687499471653665,1.404054851196287,0.7375378469863402,1.1262813563208718,-0.35320194437965696,0.827419918859371
27,7,Clint Capela,52.0,HOU,C,7400,31.0,37.55,5.0649999999999995,29.0,34.29,40.13965517241379,1.2569900445407463,0.8659408871636137,1.2867029297783452,1.1217931455181922,0.30721728287983957,2.0401277292367057,0.9943341245990756
