Lineup Num,,Player Name,Actual FP,team,Pos,Salary,DFN_MinProj,Avg Proj,Avg Value Proj,Avg Skewed Min,Avg Skewed FP,Proj Min Enhanced,Avg Proj Stan,DFN_MinProj Stan,Proj Min Enhanced Stan,Avg Skewed FP Stan,Avg Value Proj Stan,Actual FP Stan,predictions
0,0,Devin Booker,44.3,PHO,PG/SG,6900,34.5,40.0,5.805,34.333333333333336,38.62,40.19417475728155,1.495289970806137,1.1383429947568133,1.3686029046087913,1.4501893168603899,1.0147714385569664,1.6805140992800298,1.1380837083895727
0,1,Khris Middleton,43.5,MIL,SG/SF,7000,32.0,46.2,6.615,29.333333333333332,36.14,50.400000000000006,2.066875381807901,0.8554858177051479,2.228766988917099,1.21296039670821,1.8011316604097742,1.6167072041958332,1.48156603306373
0,2,Donte DiVincenzo,23.0,MIL,PG/SF,5100,27.0,28.950000000000003,5.67,25.333333333333332,24.290000000000003,30.8546052631579,0.4765772624884775,0.2897714636018171,0.5814483090038571,0.07942704840041427,0.8837114015814986,-0.018344482336706866,0.2918160161246492
0,3,John Collins,37.5,ATL,PF/C,7600,34.0,42.9,5.665,33.333333333333336,39.82,43.757999999999996,1.7626444372424457,1.0817715593464803,1.668968078774875,1.5649775040307998,0.878857326137963,1.138155491064358,1.3545768049357376
0,4,D'Angelo Russell,49.8,GS,PG/SG,7400,32.5,42.6,5.755000000000001,31.666666666666668,39.46,43.72105263157895,1.7349870786455863,0.912057253115481,1.665854092539596,1.530541047879677,0.9662306841216088,2.119186502983882,1.32276428356718
0,5,Jimmy Butler,40.3,MIA,SG/SF,7800,34.5,40.2,5.165,34.0,41.8,40.79117647058823,1.51372820987071,1.1383429947568133,1.4189192112125433,1.7543780128619757,0.39344978178437817,1.3614796238590463,1.229533968948605
0,6,Aron Baynes,23.0,PHO,C,4800,29.5,29.05,6.07,26.666666666666668,25.27,32.1365625,0.48579638202076375,0.5726286406534825,0.689493816988371,0.17317073458958193,1.2720374370643668,-0.018344482336706866,0.28438864506102435
0,7,Ersan Ilyasova,42.8,MIL,PF/C,3300,27.0,26.85,8.125,16.333333333333332,18.589999999999996,44.38469387755103,0.28297575231046057,0.2897714636018171,1.7217868908263465,-0.4658168406590325,3.2670624443575997,1.560876170997161,-0.017961803577838022
1,0,Devin Booker,44.3,PHO,PG/SG,6900,34.5,40.0,5.805,34.333333333333336,38.62,40.19417475728155,1.495289970806137,1.1383429947568133,1.3686029046087913,1.4501893168603899,1.0147714385569664,1.6805140992800298,1.1380837083895727
1,1,George Hill,15.3,MIL,PG/SG,4200,25.0,26.0,6.165,23.0,22.88,28.26086956521739,0.20461323628602507,0.06348572196048477,0.36284391019264434,-0.055449071524817505,1.3642648704915477,-0.6324858475220999,0.041640788581911836
1,2,Jimmy Butler,40.3,MIA,SG/SF,7800,34.5,40.2,5.165,34.0,41.8,40.79117647058823,1.51372820987071,1.1383429947568133,1.4189192112125433,1.7543780128619757,0.39344978178437817,1.3614796238590463,1.229533968948605
1,3,Al Horford,24.0,PHI,PF/C,5700,31.0,31.55,5.515000000000001,31.0,30.950000000000006,31.55,0.7162743703279266,0.7423429468844818,0.6400573448067547,0.7165014871961886,0.733235062831888,0.061414136518539,0.5290610622724268
1,4,Khris Middleton,43.5,MIL,SG/SF,7000,32.0,46.2,6.615,29.333333333333332,36.14,50.400000000000006,2.066875381807901,0.8554858177051479,2.228766988917099,1.21296039670821,1.8011316604097742,1.6167072041958332,1.48156603306373
1,5,Ersan Ilyasova,42.8,MIL,PF/C,3300,27.0,26.85,8.125,16.333333333333332,18.589999999999996,44.38469387755103,0.28297575231046057,0.2897714636018171,1.7217868908263465,-0.4658168406590325,3.2670624443575997,1.560876170997161,-0.017961803577838022
1,6,John Collins,37.5,ATL,PF/C,7600,34.0,42.9,5.665,33.333333333333336,39.82,43.757999999999996,1.7626444372424457,1.0817715593464803,1.668968078774875,1.5649775040307998,0.878857326137963,1.138155491064358,1.3545768049357376
1,7,D'Angelo Russell,49.8,GS,PG/SG,7400,32.5,42.6,5.755000000000001,31.666666666666668,39.46,43.72105263157895,1.7349870786455863,0.912057253115481,1.665854092539596,1.530541047879677,0.9662306841216088,2.119186502983882,1.32276428356718
2,0,Shai Gilgeous-Alexander,37.5,OKC,PG/SG,6800,36.0,34.8,5.135,35.666666666666664,33.78000000000001,35.12523364485981,1.0158957551272378,1.3080573009878125,0.9413840382569699,0.9872102952730717,0.36432532912316284,1.138155491064358,0.8101699069139192
2,1,D'Angelo Russell,49.8,GS,PG/SG,7400,32.5,42.6,5.755000000000001,31.666666666666668,39.46,43.72105263157895,1.7349870786455863,0.912057253115481,1.665854092539596,1.530541047879677,0.9662306841216088,2.119186502983882,1.32276428356718
2,2,Khris Middleton,43.5,MIL,SG/SF,7000,32.0,46.2,6.615,29.333333333333332,36.14,50.400000000000006,2.066875381807901,0.8554858177051479,2.228766988917099,1.21296039670821,1.8011316604097742,1.6167072041958332,1.48156603306373
2,3,John Collins,37.5,ATL,PF/C,7600,34.0,42.9,5.665,33.333333333333336,39.82,43.757999999999996,1.7626444372424457,1.0817715593464803,1.668968078774875,1.5649775040307998,0.878857326137963,1.138155491064358,1.3545768049357376
2,4,Devin Booker,44.3,PHO,PG/SG,6900,34.5,40.0,5.805,34.333333333333336,38.62,40.19417475728155,1.495289970806137,1.1383429947568133,1.3686029046087913,1.4501893168603899,1.0147714385569664,1.6805140992800298,1.1380837083895727
2,5,Ersan Ilyasova,42.8,MIL,PF/C,3300,27.0,26.85,8.125,16.333333333333332,18.589999999999996,44.38469387755103,0.28297575231046057,0.2897714636018171,1.7217868908263465,-0.4658168406590325,3.2670624443575997,1.560876170997161,-0.017961803577838022
2,6,Willie Cauley-Stein,19.5,GS,C,4500,28.0,30.1,6.6850000000000005,27.666666666666668,25.76,30.46265060240964,0.5825971371097722,0.40291433442248326,0.5484137122089096,0.22004257768416607,1.8690887166192762,-0.29749964833006737,0.29343990188320274
2,7,Al Horford,24.0,PHI,PF/C,5700,31.0,31.55,5.515000000000001,31.0,30.950000000000006,31.55,0.7162743703279266,0.7423429468844818,0.6400573448067547,0.7165014871961886,0.733235062831888,0.061414136518539,0.5290610622724268
3,0,Devin Booker,44.3,PHO,PG/SG,6900,34.5,40.0,5.805,34.333333333333336,38.62,40.19417475728155,1.495289970806137,1.1383429947568133,1.3686029046087913,1.4501893168603899,1.0147714385569664,1.6805140992800298,1.1380837083895727
3,1,Jimmy Butler,40.3,MIA,SG/SF,7800,34.5,40.2,5.165,34.0,41.8,40.79117647058823,1.51372820987071,1.1383429947568133,1.4189192112125433,1.7543780128619757,0.39344978178437817,1.3614796238590463,1.229533968948605
3,2,De'Andre Hunter,9.5,ATL,SF/PF,4700,35.5,25.700000000000003,5.484999999999999,35.0,23.58,26.06714285714286,0.1769558776891658,1.2514858655774794,0.17795294055548538,0.011510704324588103,0.7041106101706718,-1.095085836882526,0.09351339205517903
3,3,Ersan Ilyasova,42.8,MIL,PF/C,3300,27.0,26.85,8.125,16.333333333333332,18.589999999999996,44.38469387755103,0.28297575231046057,0.2897714636018171,1.7217868908263465,-0.4658168406590325,3.2670624443575997,1.560876170997161,-0.017961803577838022
3,4,D'Angelo Russell,49.8,GS,PG/SG,7400,32.5,42.6,5.755000000000001,31.666666666666668,39.46,43.72105263157895,1.7349870786455863,0.912057253115481,1.665854092539596,1.530541047879677,0.9662306841216088,2.119186502983882,1.32276428356718
3,5,Khris Middleton,43.5,MIL,SG/SF,7000,32.0,46.2,6.615,29.333333333333332,36.14,50.400000000000006,2.066875381807901,0.8554858177051479,2.228766988917099,1.21296039670821,1.8011316604097742,1.6167072041958332,1.48156603306373
3,6,Aron Baynes,23.0,PHO,C,4800,29.5,29.05,6.07,26.666666666666668,25.27,32.1365625,0.48579638202076375,0.5726286406534825,0.689493816988371,0.17317073458958193,1.2720374370643668,-0.018344482336706866,0.28438864506102435
3,7,John Collins,37.5,ATL,PF/C,7600,34.0,42.9,5.665,33.333333333333336,39.82,43.757999999999996,1.7626444372424457,1.0817715593464803,1.668968078774875,1.5649775040307998,0.878857326137963,1.138155491064358,1.3545768049357376
4,0,Devin Booker,44.3,PHO,PG/SG,6900,34.5,40.0,5.805,34.333333333333336,38.62,40.19417475728155,1.495289970806137,1.1383429947568133,1.3686029046087913,1.4501893168603899,1.0147714385569664,1.6805140992800298,1.1380837083895727
4,1,Kevin Huerter,20.3,ATL,PG/SG,5200,32.0,28.65,5.515000000000001,30.0,24.35,30.56,0.4489199038916175,0.8554858177051479,0.5566184828614368,0.08516645775893464,0.733235062831888,-0.23369275324587063,0.2945164120123343
4,2,Khris Middleton,43.5,MIL,SG/SF,7000,32.0,46.2,6.615,29.333333333333332,36.14,50.400000000000006,2.066875381807901,0.8554858177051479,2.228766988917099,1.21296039670821,1.8011316604097742,1.6167072041958332,1.48156603306373
4,3,Ersan Ilyasova,42.8,MIL,PF/C,3300,27.0,26.85,8.125,16.333333333333332,18.589999999999996,44.38469387755103,0.28297575231046057,0.2897714636018171,1.7217868908263465,-0.4658168406590325,3.2670624443575997,1.560876170997161,-0.017961803577838022
4,4,D'Angelo Russell,49.8,GS,PG/SG,7400,32.5,42.6,5.755000000000001,31.666666666666668,39.46,43.72105263157895,1.7349870786455863,0.912057253115481,1.665854092539596,1.530541047879677,0.9662306841216088,2.119186502983882,1.32276428356718
4,5,Tobias Harris,44.3,PHI,SF/PF,6600,34.5,34.45,5.225,34.666666666666664,35.21,34.284375000000004,0.9836288367642356,1.1383429947568133,0.8705150600913291,1.1239995516511425,0.45169868710680794,1.6805140992800298,0.7855118597120038
4,6,Al Horford,24.0,PHI,PF/C,5700,31.0,31.55,5.515000000000001,31.0,30.950000000000006,31.55,0.7162743703279266,0.7423429468844818,0.6400573448067547,0.7165014871961886,0.733235062831888,0.061414136518539,0.5290610622724268
4,7,John Collins,37.5,ATL,PF/C,7600,34.0,42.9,5.665,33.333333333333336,39.82,43.757999999999996,1.7626444372424457,1.0817715593464803,1.668968078774875,1.5649775040307998,0.878857326137963,1.138155491064358,1.3545768049357376
5,0,Aaron Holiday,34.8,IND,PG/SG,5400,29.5,29.55,5.45,28.0,24.009999999999998,31.133035714285715,0.5318919796821964,0.5726286406534825,0.6049148948351968,0.05264313806065156,0.6701320820659216,0.9228072201551941,0.35080867359010715
5,1,Devin Booker,44.3,PHO,PG/SG,6900,34.5,40.0,5.805,34.333333333333336,38.62,40.19417475728155,1.495289970806137,1.1383429947568133,1.3686029046087913,1.4501893168603899,1.0147714385569664,1.6805140992800298,1.1380837083895727
5,2,Draymond Green,32.3,GS,PG/SF,6300,32.5,33.099999999999994,5.25,31.0,30.5,34.7016129032258,0.859170723078367,0.912057253115481,0.9056805710060878,0.6734559170072844,0.47596906432448755,0.7234106730170794,0.660754688091504
5,3,Ersan Ilyasova,42.8,MIL,PF/C,3300,27.0,26.85,8.125,16.333333333333332,18.589999999999996,44.38469387755103,0.28297575231046057,0.2897714636018171,1.7217868908263465,-0.4658168406590325,3.2670624443575997,1.560876170997161,-0.017961803577838022
5,4,Khris Middleton,43.5,MIL,SG/SF,7000,32.0,46.2,6.615,29.333333333333332,36.14,50.400000000000006,2.066875381807901,0.8554858177051479,2.228766988917099,1.21296039670821,1.8011316604097742,1.6167072041958332,1.48156603306373
5,5,John Collins,37.5,ATL,PF/C,7600,34.0,42.9,5.665,33.333333333333336,39.82,43.757999999999996,1.7626444372424457,1.0817715593464803,1.668968078774875,1.5649775040307998,0.878857326137963,1.138155491064358,1.3545768049357376
5,6,Al Horford,24.0,PHI,PF/C,5700,31.0,31.55,5.515000000000001,31.0,30.950000000000006,31.55,0.7162743703279266,0.7423429468844818,0.6400573448067547,0.7165014871961886,0.733235062831888,0.061414136518539,0.5290610622724268
5,7,D'Angelo Russell,49.8,GS,PG/SG,7400,32.5,42.6,5.755000000000001,31.666666666666668,39.46,43.72105263157895,1.7349870786455863,0.912057253115481,1.665854092539596,1.530541047879677,0.9662306841216088,2.119186502983882,1.32276428356718
6,0,Devin Booker,44.3,PHO,PG/SG,6900,34.5,40.0,5.805,34.333333333333336,38.62,40.19417475728155,1.495289970806137,1.1383429947568133,1.3686029046087913,1.4501893168603899,1.0147714385569664,1.6805140992800298,1.1380837083895727
6,1,D'Angelo Russell,49.8,GS,PG/SG,7400,32.5,42.6,5.755000000000001,31.666666666666668,39.46,43.72105263157895,1.7349870786455863,0.912057253115481,1.665854092539596,1.530541047879677,0.9662306841216088,2.119186502983882,1.32276428356718
6,2,Josh Richardson,35.3,PHI,SG/SF,5900,34.0,28.9,4.885,33.666666666666664,28.7,29.186138613861385,0.4719677027223338,1.0817715593464803,0.44082713889171676,0.5012736362516697,0.12162155694637045,0.962686529582817,0.39221925283394127
6,3,John Collins,37.5,ATL,PF/C,7600,34.0,42.9,5.665,33.333333333333336,39.82,43.757999999999996,1.7626444372424457,1.0817715593464803,1.668968078774875,1.5649775040307998,0.878857326137963,1.138155491064358,1.3545768049357376
6,4,Khris Middleton,43.5,MIL,SG/SF,7000,32.0,46.2,6.615,29.333333333333332,36.14,50.400000000000006,2.066875381807901,0.8554858177051479,2.228766988917099,1.21296039670821,1.8011316604097742,1.6167072041958332,1.48156603306373
6,5,Ersan Ilyasova,42.8,MIL,PF/C,3300,27.0,26.85,8.125,16.333333333333332,18.589999999999996,44.38469387755103,0.28297575231046057,0.2897714636018171,1.7217868908263465,-0.4658168406590325,3.2670624443575997,1.560876170997161,-0.017961803577838022
6,6,Willie Cauley-Stein,19.5,GS,C,4500,28.0,30.1,6.6850000000000005,27.666666666666668,25.76,30.46265060240964,0.5825971371097722,0.40291433442248326,0.5484137122089096,0.22004257768416607,1.8690887166192762,-0.29749964833006737,0.29343990188320274
6,7,Tobias Harris,44.3,PHI,SF/PF,6600,34.5,34.45,5.225,34.666666666666664,35.21,34.284375000000004,0.9836288367642356,1.1383429947568133,0.8705150600913291,1.1239995516511425,0.45169868710680794,1.6805140992800298,0.7855118597120038
7,0,Goran Dragic,28.3,MIA,PG,5300,28.0,27.05,5.1,28.333333333333332,29.630000000000003,26.731764705882355,0.3014139913750335,0.40291433442248326,0.23396838568964373,0.5902344813087376,0.33034680101841174,0.4043761975960963,0.24403421825108232
7,1,Khris Middleton,43.5,MIL,SG/SF,7000,32.0,46.2,6.615,29.333333333333332,36.14,50.400000000000006,2.066875381807901,0.8554858177051479,2.228766988917099,1.21296039670821,1.8011316604097742,1.6167072041958332,1.48156603306373
7,2,Draymond Green,32.3,GS,PG/SF,6300,32.5,33.099999999999994,5.25,31.0,30.5,34.7016129032258,0.859170723078367,0.912057253115481,0.9056805710060878,0.6734559170072844,0.47596906432448755,0.7234106730170794,0.660754688091504
7,3,Al Horford,24.0,PHI,PF/C,5700,31.0,31.55,5.515000000000001,31.0,30.950000000000006,31.55,0.7162743703279266,0.7423429468844818,0.6400573448067547,0.7165014871961886,0.733235062831888,0.061414136518539,0.5290610622724268
7,4,Devin Booker,44.3,PHO,PG/SG,6900,34.5,40.0,5.805,34.333333333333336,38.62,40.19417475728155,1.495289970806137,1.1383429947568133,1.3686029046087913,1.4501893168603899,1.0147714385569664,1.6805140992800298,1.1380837083895727
7,5,Ersan Ilyasova,42.8,MIL,PF/C,3300,27.0,26.85,8.125,16.333333333333332,18.589999999999996,44.38469387755103,0.28297575231046057,0.2897714636018171,1.7217868908263465,-0.4658168406590325,3.2670624443575997,1.560876170997161,-0.017961803577838022
7,6,John Collins,37.5,ATL,PF/C,7600,34.0,42.9,5.665,33.333333333333336,39.82,43.757999999999996,1.7626444372424457,1.0817715593464803,1.668968078774875,1.5649775040307998,0.878857326137963,1.138155491064358,1.3545768049357376
7,7,D'Angelo Russell,49.8,GS,PG/SG,7400,32.5,42.6,5.755000000000001,31.666666666666668,39.46,43.72105263157895,1.7349870786455863,0.912057253115481,1.665854092539596,1.530541047879677,0.9662306841216088,2.119186502983882,1.32276428356718
8,0,Kevin Huerter,20.3,ATL,PG/SG,5200,32.0,28.65,5.515000000000001,30.0,24.35,30.56,0.4489199038916175,0.8554858177051479,0.5566184828614368,0.08516645775893464,0.733235062831888,-0.23369275324587063,0.2945164120123343
8,1,Jimmy Butler,40.3,MIA,SG/SF,7800,34.5,40.2,5.165,34.0,41.8,40.79117647058823,1.51372820987071,1.1383429947568133,1.4189192112125433,1.7543780128619757,0.39344978178437817,1.3614796238590463,1.229533968948605
8,2,Terrence Ross,27.3,ORL,SG/SF,4500,25.5,21.35,4.755000000000001,25.666666666666668,20.689999999999998,21.211363636363636,-0.22407582196529766,0.12005715737081786,-0.2313002837268786,-0.26493751311081537,-0.004584404585560626,0.3246175787408504,-0.18304072513895164
8,3,John Collins,37.5,ATL,PF/C,7600,34.0,42.9,5.665,33.333333333333336,39.82,43.757999999999996,1.7626444372424457,1.0817715593464803,1.668968078774875,1.5649775040307998,0.878857326137963,1.138155491064358,1.3545768049357376
8,4,Devin Booker,44.3,PHO,PG/SG,6900,34.5,40.0,5.805,34.333333333333336,38.62,40.19417475728155,1.495289970806137,1.1383429947568133,1.3686029046087913,1.4501893168603899,1.0147714385569664,1.6805140992800298,1.1380837083895727
8,5,Khris Middleton,43.5,MIL,SG/SF,7000,32.0,46.2,6.615,29.333333333333332,36.14,50.400000000000006,2.066875381807901,0.8554858177051479,2.228766988917099,1.21296039670821,1.8011316604097742,1.6167072041958332,1.48156603306373
8,6,Ersan Ilyasova,42.8,MIL,PF/C,3300,27.0,26.85,8.125,16.333333333333332,18.589999999999996,44.38469387755103,0.28297575231046057,0.2897714636018171,1.7217868908263465,-0.4658168406590325,3.2670624443575997,1.560876170997161,-0.017961803577838022
8,7,D'Angelo Russell,49.8,GS,PG/SG,7400,32.5,42.6,5.755000000000001,31.666666666666668,39.46,43.72105263157895,1.7349870786455863,0.912057253115481,1.665854092539596,1.530541047879677,0.9662306841216088,2.119186502983882,1.32276428356718
9,0,Kevin Huerter,20.3,ATL,PG/SG,5200,32.0,28.65,5.515000000000001,30.0,24.35,30.56,0.4489199038916175,0.8554858177051479,0.5566184828614368,0.08516645775893464,0.733235062831888,-0.23369275324587063,0.2945164120123343
9,1,D'Angelo Russell,49.8,GS,PG/SG,7400,32.5,42.6,5.755000000000001,31.666666666666668,39.46,43.72105263157895,1.7349870786455863,0.912057253115481,1.665854092539596,1.530541047879677,0.9662306841216088,2.119186502983882,1.32276428356718
9,2,Khris Middleton,43.5,MIL,SG/SF,7000,32.0,46.2,6.615,29.333333333333332,36.14,50.400000000000006,2.066875381807901,0.8554858177051479,2.228766988917099,1.21296039670821,1.8011316604097742,1.6167072041958332,1.48156603306373
9,3,Ersan Ilyasova,42.8,MIL,PF/C,3300,27.0,26.85,8.125,16.333333333333332,18.589999999999996,44.38469387755103,0.28297575231046057,0.2897714636018171,1.7217868908263465,-0.4658168406590325,3.2670624443575997,1.560876170997161,-0.017961803577838022
9,4,Aaron Holiday,34.8,IND,PG/SG,5400,29.5,29.55,5.45,28.0,24.009999999999998,31.133035714285715,0.5318919796821964,0.5726286406534825,0.6049148948351968,0.05264313806065156,0.6701320820659216,0.9228072201551941,0.35080867359010715
9,5,Ben Simmons,41.3,PHI,PG/SF,8400,36.0,41.05,4.885,37.0,42.83,39.94054054054054,1.592090725895145,1.3080573009878125,1.3472261870378195,1.852904540183244,0.12162155694637045,1.4412382427142922,1.311946668960099
9,6,John Collins,37.5,ATL,PF/C,7600,34.0,42.9,5.665,33.333333333333336,39.82,43.757999999999996,1.7626444372424457,1.0817715593464803,1.668968078774875,1.5649775040307998,0.878857326137963,1.138155491064358,1.3545768049357376
9,7,Donte DiVincenzo,23.0,MIL,PG/SF,5100,27.0,28.950000000000003,5.67,25.333333333333332,24.290000000000003,30.8546052631579,0.4765772624884775,0.2897714636018171,0.5814483090038571,0.07942704840041427,0.8837114015814986,-0.018344482336706866,0.2918160161246492
10,0,Ben Simmons,41.3,PHI,PG/SF,8400,36.0,41.05,4.885,37.0,42.83,39.94054054054054,1.592090725895145,1.3080573009878125,1.3472261870378195,1.852904540183244,0.12162155694637045,1.4412382427142922,1.311946668960099
10,1,Khris Middleton,43.5,MIL,SG/SF,7000,32.0,46.2,6.615,29.333333333333332,36.14,50.400000000000006,2.066875381807901,0.8554858177051479,2.228766988917099,1.21296039670821,1.8011316604097742,1.6167072041958332,1.48156603306373
10,2,Donte DiVincenzo,23.0,MIL,PG/SF,5100,27.0,28.950000000000003,5.67,25.333333333333332,24.290000000000003,30.8546052631579,0.4765772624884775,0.2897714636018171,0.5814483090038571,0.07942704840041427,0.8837114015814986,-0.018344482336706866,0.2918160161246492
10,3,Ersan Ilyasova,42.8,MIL,PF/C,3300,27.0,26.85,8.125,16.333333333333332,18.589999999999996,44.38469387755103,0.28297575231046057,0.2897714636018171,1.7217868908263465,-0.4658168406590325,3.2670624443575997,1.560876170997161,-0.017961803577838022
10,4,D'Angelo Russell,49.8,GS,PG/SG,7400,32.5,42.6,5.755000000000001,31.666666666666668,39.46,43.72105263157895,1.7349870786455863,0.912057253115481,1.665854092539596,1.530541047879677,0.9662306841216088,2.119186502983882,1.32276428356718
10,5,Evan Fournier,36.5,ORL,SG/SF,5700,31.5,27.200000000000003,4.745,31.0,28.279999999999994,27.63870967741936,0.31524267067346345,0.7989143822948148,0.3104072304089127,0.4610977707420258,-0.014292555472632976,1.0583968722091122,0.28239135173724067
10,6,Myles Turner,23.5,IND,C,5600,27.5,25.75,4.619999999999999,29.333333333333332,28.810000000000002,24.140625000000004,0.1815654374553088,0.3463428990121502,0.015582781447069082,0.5117958867422908,-0.13564444156103003,0.021534827090916066,0.18236722034477934
10,7,Devin Booker,44.3,PHO,PG/SG,6900,34.5,40.0,5.805,34.333333333333336,38.62,40.19417475728155,1.495289970806137,1.1383429947568133,1.3686029046087913,1.4501893168603899,1.0147714385569664,1.6805140992800298,1.1380837083895727
11,0,Kevin Huerter,20.3,ATL,PG/SG,5200,32.0,28.65,5.515000000000001,30.0,24.35,30.56,0.4489199038916175,0.8554858177051479,0.5566184828614368,0.08516645775893464,0.733235062831888,-0.23369275324587063,0.2945164120123343
11,1,Sterling Brown,9.8,MIL,SG/SF,3000,16.0,15.65,5.1899999999999995,17.333333333333332,13.809999999999999,14.446153846153848,-0.749565635305629,-0.9548001154255107,-0.8014835218242794,-0.923056452887831,0.4177201590020569,-1.071158251225952,-0.6761611237219899
11,2,Draymond Green,32.3,GS,PG/SF,6300,32.5,33.099999999999994,5.25,31.0,30.5,34.7016129032258,0.859170723078367,0.912057253115481,0.9056805710060878,0.6734559170072844,0.47596906432448755,0.7234106730170794,0.660754688091504
11,3,John Collins,37.5,ATL,PF/C,7600,34.0,42.9,5.665,33.333333333333336,39.82,43.757999999999996,1.7626444372424457,1.0817715593464803,1.668968078774875,1.5649775040307998,0.878857326137963,1.138155491064358,1.3545768049357376
11,4,Khris Middleton,43.5,MIL,SG/SF,7000,32.0,46.2,6.615,29.333333333333332,36.14,50.400000000000006,2.066875381807901,0.8554858177051479,2.228766988917099,1.21296039670821,1.8011316604097742,1.6167072041958332,1.48156603306373
11,5,Jimmy Butler,40.3,MIA,SG/SF,7800,34.5,40.2,5.165,34.0,41.8,40.79117647058823,1.51372820987071,1.1383429947568133,1.4189192112125433,1.7543780128619757,0.39344978178437817,1.3614796238590463,1.229533968948605
11,6,Al Horford,24.0,PHI,PF/C,5700,31.0,31.55,5.515000000000001,31.0,30.950000000000006,31.55,0.7162743703279266,0.7423429468844818,0.6400573448067547,0.7165014871961886,0.733235062831888,0.061414136518539,0.5290610622724268
11,7,Devin Booker,44.3,PHO,PG/SG,6900,34.5,40.0,5.805,34.333333333333336,38.62,40.19417475728155,1.495289970806137,1.1383429947568133,1.3686029046087913,1.4501893168603899,1.0147714385569664,1.6805140992800298,1.1380837083895727
12,0,D'Angelo Russell,49.8,GS,PG/SG,7400,32.5,42.6,5.755000000000001,31.666666666666668,39.46,43.72105263157895,1.7349870786455863,0.912057253115481,1.665854092539596,1.530541047879677,0.9662306841216088,2.119186502983882,1.32276428356718
12,1,Alec Burks,23.3,GS,PG/SG,6100,27.5,29.35,4.83,29.333333333333332,30.609999999999996,27.515625000000004,0.5134537406176234,0.3463428990121502,0.3000334471697434,0.6839781674979049,0.0682267270674764,0.00558310331986695,0.419077344609579
12,2,Tobias Harris,44.3,PHI,SF/PF,6600,34.5,34.45,5.225,34.666666666666664,35.21,34.284375000000004,0.9836288367642356,1.1383429947568133,0.8705150600913291,1.1239995516511425,0.45169868710680794,1.6805140992800298,0.7855118597120038
12,3,Ersan Ilyasova,42.8,MIL,PF/C,3300,27.0,26.85,8.125,16.333333333333332,18.589999999999996,44.38469387755103,0.28297575231046057,0.2897714636018171,1.7217868908263465,-0.4658168406590325,3.2670624443575997,1.560876170997161,-0.017961803577838022
12,4,Devin Booker,44.3,PHO,PG/SG,6900,34.5,40.0,5.805,34.333333333333336,38.62,40.19417475728155,1.495289970806137,1.1383429947568133,1.3686029046087913,1.4501893168603899,1.0147714385569664,1.6805140992800298,1.1380837083895727
12,5,John Collins,37.5,ATL,PF/C,7600,34.0,42.9,5.665,33.333333333333336,39.82,43.757999999999996,1.7626444372424457,1.0817715593464803,1.668968078774875,1.5649775040307998,0.878857326137963,1.138155491064358,1.3545768049357376
12,6,Al Horford,24.0,PHI,PF/C,5700,31.0,31.55,5.515000000000001,31.0,30.950000000000006,31.55,0.7162743703279266,0.7423429468844818,0.6400573448067547,0.7165014871961886,0.733235062831888,0.061414136518539,0.5290610622724268
12,7,Willie Cauley-Stein,19.5,GS,C,4500,28.0,30.1,6.6850000000000005,27.666666666666668,25.76,30.46265060240964,0.5825971371097722,0.40291433442248326,0.5484137122089096,0.22004257768416607,1.8690887166192762,-0.29749964833006737,0.29343990188320274
13,0,Kevin Huerter,20.3,ATL,PG/SG,5200,32.0,28.65,5.515000000000001,30.0,24.35,30.56,0.4489199038916175,0.8554858177051479,0.5566184828614368,0.08516645775893464,0.733235062831888,-0.23369275324587063,0.2945164120123343
13,1,Kendrick Nunn,29.5,MIA,PG/SG,5400,28.0,24.7,4.555,29.666666666666668,26.859999999999996,23.312359550561798,0.08476468236630033,0.40291433442248326,-0.05422482106783096,0.32526508259037445,-0.19874742232699558,0.5000865402223912,0.1041992667708746
13,2,Khris Middleton,43.5,MIL,SG/SF,7000,32.0,46.2,6.615,29.333333333333332,36.14,50.400000000000006,2.066875381807901,0.8554858177051479,2.228766988917099,1.21296039670821,1.8011316604097742,1.6167072041958332,1.48156603306373
13,3,John Collins,37.5,ATL,PF/C,7600,34.0,42.9,5.665,33.333333333333336,39.82,43.757999999999996,1.7626444372424457,1.0817715593464803,1.668968078774875,1.5649775040307998,0.878857326137963,1.138155491064358,1.3545768049357376
13,4,George Hill,15.3,MIL,PG/SG,4200,25.0,26.0,6.165,23.0,22.88,28.26086956521739,0.20461323628602507,0.06348572196048477,0.36284391019264434,-0.055449071524817505,1.3642648704915477,-0.6324858475220999,0.041640788581911836
13,5,Jonathan Isaac,18.5,ORL,SF/PF,6000,32.0,28.700000000000003,4.795,31.333333333333332,31.04,29.310638297872345,0.45352946365776114,0.8554858177051479,0.45132018126184426,0.7251106012339686,0.03424819896272533,-0.37725826718531325,0.4019421598479274
13,6,Ersan Ilyasova,42.8,MIL,PF/C,3300,27.0,26.85,8.125,16.333333333333332,18.589999999999996,44.38469387755103,0.28297575231046057,0.2897714636018171,1.7217868908263465,-0.4658168406590325,3.2670624443575997,1.560876170997161,-0.017961803577838022
13,7,Devin Booker,44.3,PHO,PG/SG,6900,34.5,40.0,5.805,34.333333333333336,38.62,40.19417475728155,1.495289970806137,1.1383429947568133,1.3686029046087913,1.4501893168603899,1.0147714385569664,1.6805140992800298,1.1380837083895727
14,0,Aaron Holiday,34.8,IND,PG/SG,5400,29.5,29.55,5.45,28.0,24.009999999999998,31.133035714285715,0.5318919796821964,0.5726286406534825,0.6049148948351968,0.05264313806065156,0.6701320820659216,0.9228072201551941,0.35080867359010715
14,1,Cam Reddish,22.8,ATL,SG/SF,4000,26.0,19.700000000000003,4.945,26.333333333333332,18.4,19.450632911392407,-0.376191294248025,0.17662859278115095,-0.37969762502359944,-0.4839916369610138,0.1798704622688011,-0.03429620610775598,-0.32597905384158155
14,2,Jimmy Butler,40.3,MIA,SG/SF,7800,34.5,40.2,5.165,34.0,41.8,40.79117647058823,1.51372820987071,1.1383429947568133,1.4189192112125433,1.7543780128619757,0.39344978178437817,1.3614796238590463,1.229533968948605
14,3,Al Horford,24.0,PHI,PF/C,5700,31.0,31.55,5.515000000000001,31.0,30.950000000000006,31.55,0.7162743703279266,0.7423429468844818,0.6400573448067547,0.7165014871961886,0.733235062831888,0.061414136518539,0.5290610622724268
14,4,George Hill,15.3,MIL,PG/SG,4200,25.0,26.0,6.165,23.0,22.88,28.26086956521739,0.20461323628602507,0.06348572196048477,0.36284391019264434,-0.055449071524817505,1.3642648704915477,-0.6324858475220999,0.041640788581911836
14,5,Khris Middleton,43.5,MIL,SG/SF,7000,32.0,46.2,6.615,29.333333333333332,36.14,50.400000000000006,2.066875381807901,0.8554858177051479,2.228766988917099,1.21296039670821,1.8011316604097742,1.6167072041958332,1.48156603306373
14,6,John Collins,37.5,ATL,PF/C,7600,34.0,42.9,5.665,33.333333333333336,39.82,43.757999999999996,1.7626444372424457,1.0817715593464803,1.668968078774875,1.5649775040307998,0.878857326137963,1.138155491064358,1.3545768049357376
14,7,Ersan Ilyasova,42.8,MIL,PF/C,3300,27.0,26.85,8.125,16.333333333333332,18.589999999999996,44.38469387755103,0.28297575231046057,0.2897714636018171,1.7217868908263465,-0.4658168406590325,3.2670624443575997,1.560876170997161,-0.017961803577838022
15,0,Devonte' Graham,48.3,CHA,PG,7500,35.0,37.2,4.965,35.666666666666664,37.779999999999994,36.504672897196265,1.2371546239021147,1.1949144301671464,1.05764549415359,1.3698375858411027,0.19928676404294407,1.999548574701013,1.0087635346205135
15,1,Jimmy Butler,40.3,MIA,SG/SF,7800,34.5,40.2,5.165,34.0,41.8,40.79117647058823,1.51372820987071,1.1383429947568133,1.4189192112125433,1.7543780128619757,0.39344978178437817,1.3614796238590463,1.229533968948605
15,2,Khris Middleton,43.5,MIL,SG/SF,7000,32.0,46.2,6.615,29.333333333333332,36.14,50.400000000000006,2.066875381807901,0.8554858177051479,2.228766988917099,1.21296039670821,1.8011316604097742,1.6167072041958332,1.48156603306373
15,3,Ersan Ilyasova,42.8,MIL,PF/C,3300,27.0,26.85,8.125,16.333333333333332,18.589999999999996,44.38469387755103,0.28297575231046057,0.2897714636018171,1.7217868908263465,-0.4658168406590325,3.2670624443575997,1.560876170997161,-0.017961803577838022
15,4,Alec Burks,23.3,GS,PG/SG,6100,27.5,29.35,4.83,29.333333333333332,30.609999999999996,27.515625000000004,0.5134537406176234,0.3463428990121502,0.3000334471697434,0.6839781674979049,0.0682267270674764,0.00558310331986695,0.419077344609579
15,5,Tobias Harris,44.3,PHI,SF/PF,6600,34.5,34.45,5.225,34.666666666666664,35.21,34.284375000000004,0.9836288367642356,1.1383429947568133,0.8705150600913291,1.1239995516511425,0.45169868710680794,1.6805140992800298,0.7855118597120038
15,6,Al Horford,24.0,PHI,PF/C,5700,31.0,31.55,5.515000000000001,31.0,30.950000000000006,31.55,0.7162743703279266,0.7423429468844818,0.6400573448067547,0.7165014871961886,0.733235062831888,0.061414136518539,0.5290610622724268
15,7,Terrance Ferguson,6.3,OKC,SG/SF,3300,30.0,14.75,4.445,28.666666666666668,12.129999999999999,15.436046511627907,-0.8325377110962077,0.6292000760638156,-0.7180537062129939,-1.0837599149264046,-0.30553708208478364,-1.3503134172193128,-0.6533923165864428
16,0,Kevin Huerter,20.3,ATL,PG/SG,5200,32.0,28.65,5.515000000000001,30.0,24.35,30.56,0.4489199038916175,0.8554858177051479,0.5566184828614368,0.08516645775893464,0.733235062831888,-0.23369275324587063,0.2945164120123343
16,1,Malik Monk,14.0,CHA,PG/SG,3500,20.5,16.950000000000003,4.82,19.666666666666668,18.05,17.668220338983055,-0.6297170813859041,-0.445657196732513,-0.5299223488204305,-0.5174715248857165,0.05851857618040491,-0.7361720520339197,-0.5087408359781859
16,2,Jimmy Butler,40.3,MIA,SG/SF,7800,34.5,40.2,5.165,34.0,41.8,40.79117647058823,1.51372820987071,1.1383429947568133,1.4189192112125433,1.7543780128619757,0.39344978178437817,1.3614796238590463,1.229533968948605
16,3,Ersan Ilyasova,42.8,MIL,PF/C,3300,27.0,26.85,8.125,16.333333333333332,18.589999999999996,44.38469387755103,0.28297575231046057,0.2897714636018171,1.7217868908263465,-0.4658168406590325,3.2670624443575997,1.560876170997161,-0.017961803577838022
16,4,D'Angelo Russell,49.8,GS,PG/SG,7400,32.5,42.6,5.755000000000001,31.666666666666668,39.46,43.72105263157895,1.7349870786455863,0.912057253115481,1.665854092539596,1.530541047879677,0.9662306841216088,2.119186502983882,1.32276428356718
16,5,Tobias Harris,44.3,PHI,SF/PF,6600,34.5,34.45,5.225,34.666666666666664,35.21,34.284375000000004,0.9836288367642356,1.1383429947568133,0.8705150600913291,1.1239995516511425,0.45169868710680794,1.6805140992800298,0.7855118597120038
16,6,Willie Cauley-Stein,19.5,GS,C,4500,28.0,30.1,6.6850000000000005,27.666666666666668,25.76,30.46265060240964,0.5825971371097722,0.40291433442248326,0.5484137122089096,0.22004257768416607,1.8690887166192762,-0.29749964833006737,0.29343990188320274
16,7,Devin Booker,44.3,PHO,PG/SG,6900,34.5,40.0,5.805,34.333333333333336,38.62,40.19417475728155,1.495289970806137,1.1383429947568133,1.3686029046087913,1.4501893168603899,1.0147714385569664,1.6805140992800298,1.1380837083895727
17,0,D'Angelo Russell,49.8,GS,PG/SG,7400,32.5,42.6,5.755000000000001,31.666666666666668,39.46,43.72105263157895,1.7349870786455863,0.912057253115481,1.665854092539596,1.530541047879677,0.9662306841216088,2.119186502983882,1.32276428356718
17,1,Shai Gilgeous-Alexander,37.5,OKC,PG/SG,6800,36.0,34.8,5.135,35.666666666666664,33.78000000000001,35.12523364485981,1.0158957551272378,1.3080573009878125,0.9413840382569699,0.9872102952730717,0.36432532912316284,1.138155491064358,0.8101699069139192
17,2,Mikal Bridges,14.5,PHO,SG/SF,3700,20.5,16.55,4.48,21.666666666666668,16.73,15.658846153846154,-0.6665935595150504,-0.445657196732513,-0.6992757783458076,-0.6437385307731672,-0.2715585539800326,-0.6962927426062967,-0.5259109478297006
17,3,Tobias Harris,44.3,PHI,SF/PF,6600,34.5,34.45,5.225,34.666666666666664,35.21,34.284375000000004,0.9836288367642356,1.1383429947568133,0.8705150600913291,1.1239995516511425,0.45169868710680794,1.6805140992800298,0.7855118597120038
17,4,Goran Dragic,28.3,MIA,PG,5300,28.0,27.05,5.1,28.333333333333332,29.630000000000003,26.731764705882355,0.3014139913750335,0.40291433442248326,0.23396838568964373,0.5902344813087376,0.33034680101841174,0.4043761975960963,0.24403421825108232
17,5,Allen Crabbe,32.5,ATL,SG/SF,3200,0.0,3.0,0.94,18.333333333333332,8.559999999999999,0.0,-1.915784256139873,-2.7650860485561695,-2.019029619208171,-1.4252547717583735,-3.708243968003413,0.7393623967881288,-1.2607455153509102
17,6,Nikola Vucevic,44.0,ORL,C,7700,32.5,40.4,5.245,32.0,41.42,41.03125,1.5321664489352829,0.912057253115481,1.4391530112906379,1.718028420258013,0.47111498888095177,1.6565865136234563,1.2297681847417794
17,7,Draymond Green,32.3,GS,PG/SF,6300,32.5,33.099999999999994,5.25,31.0,30.5,34.7016129032258,0.859170723078367,0.912057253115481,0.9056805710060878,0.6734559170072844,0.47596906432448755,0.7234106730170794,0.660754688091504
18,0,D'Angelo Russell,49.8,GS,PG/SG,7400,32.5,42.6,5.755000000000001,31.666666666666668,39.46,43.72105263157895,1.7349870786455863,0.912057253115481,1.665854092539596,1.530541047879677,0.9662306841216088,2.119186502983882,1.32276428356718
18,1,Devin Booker,44.3,PHO,PG/SG,6900,34.5,40.0,5.805,34.333333333333336,38.62,40.19417475728155,1.495289970806137,1.1383429947568133,1.3686029046087913,1.4501893168603899,1.0147714385569664,1.6805140992800298,1.1380837083895727
18,2,Jimmy Butler,40.3,MIA,SG/SF,7800,34.5,40.2,5.165,34.0,41.8,40.79117647058823,1.51372820987071,1.1383429947568133,1.4189192112125433,1.7543780128619757,0.39344978178437817,1.3614796238590463,1.229533968948605
18,3,John Collins,37.5,ATL,PF/C,7600,34.0,42.9,5.665,33.333333333333336,39.82,43.757999999999996,1.7626444372424457,1.0817715593464803,1.668968078774875,1.5649775040307998,0.878857326137963,1.138155491064358,1.3545768049357376
18,4,Malik Monk,14.0,CHA,PG/SG,3500,20.5,16.950000000000003,4.82,19.666666666666668,18.05,17.668220338983055,-0.6297170813859041,-0.445657196732513,-0.5299223488204305,-0.5174715248857165,0.05851857618040491,-0.7361720520339197,-0.5087408359781859
18,5,Sterling Brown,9.8,MIL,SG/SF,3000,16.0,15.65,5.1899999999999995,17.333333333333332,13.809999999999999,14.446153846153848,-0.749565635305629,-0.9548001154255107,-0.8014835218242794,-0.923056452887831,0.4177201590020569,-1.071158251225952,-0.6761611237219899
18,6,D.J. Wilson,6.8,MIL,PF/C,3000,11.0,10.7,3.585,10.333333333333334,9.120000000000001,11.39032258064516,-1.2059120521538116,-1.5205144695288415,-1.0590341108050523,-1.3716869510788487,-1.1404380583729496,-1.3104341077916897,-0.9156800716820269
18,7,Cam Reddish,22.8,ATL,SG/SF,4000,26.0,19.700000000000003,4.945,26.333333333333332,18.4,19.450632911392407,-0.376191294248025,0.17662859278115095,-0.37969762502359944,-0.4839916369610138,0.1798704622688011,-0.03429620610775598,-0.32597905384158155
19,0,Markelle Fultz,25.3,ORL,PG/SG,5000,28.0,24.05,4.8,27.0,23.830000000000002,24.94074074074074,0.024840405406438122,0.40291433442248326,0.08301787925711147,0.035424909985090465,0.03910227440626107,0.16510034103035867,0.027952649847429276
19,1,Evan Fournier,36.5,ORL,SG/SF,5700,31.5,27.200000000000003,4.745,31.0,28.279999999999994,27.63870967741936,0.31524267067346345,0.7989143822948148,0.3104072304089127,0.4610977707420258,-0.014292555472632976,1.0583968722091122,0.28239135173724067
19,2,Tobias Harris,44.3,PHI,SF/PF,6600,34.5,34.45,5.225,34.666666666666664,35.21,34.284375000000004,0.9836288367642356,1.1383429947568133,0.8705150600913291,1.1239995516511425,0.45169868710680794,1.6805140992800298,0.7855118597120038
19,3,Ersan Ilyasova,42.8,MIL,PF/C,3300,27.0,26.85,8.125,16.333333333333332,18.589999999999996,44.38469387755103,0.28297575231046057,0.2897714636018171,1.7217868908263465,-0.4658168406590325,3.2670624443575997,1.560876170997161,-0.017961803577838022
19,4,Kendrick Nunn,29.5,MIA,PG/SG,5400,28.0,24.7,4.555,29.666666666666668,26.859999999999996,23.312359550561798,0.08476468236630033,0.40291433442248326,-0.05422482106783096,0.32526508259037445,-0.19874742232699558,0.5000865402223912,0.1041992667708746
19,5,Cam Reddish,22.8,ATL,SG/SF,4000,26.0,19.700000000000003,4.945,26.333333333333332,18.4,19.450632911392407,-0.376191294248025,0.17662859278115095,-0.37969762502359944,-0.4839916369610138,0.1798704622688011,-0.03429620610775598,-0.32597905384158155
19,6,Nerlens Noel,23.8,OKC,C,3900,19.5,21.6,5.555,18.333333333333332,21.060000000000002,22.97454545454546,-0.20102802313458137,-0.5588000675531791,-0.08269636017963858,-0.22954448873327193,0.772067666380174,0.04546241274748988,-0.23247356634123953
19,7,Joel Embiid,44.3,PHI,C,9700,31.5,48.2,4.984999999999999,30.0,49.779999999999994,50.61,2.251257772453631,0.7989143822948148,2.246466141450954,2.5177194575452,0.21870306581708707,1.6805140992800298,1.8434325406651355
20,0,Malik Monk,14.0,CHA,PG/SG,3500,20.5,16.950000000000003,4.82,19.666666666666668,18.05,17.668220338983055,-0.6297170813859041,-0.445657196732513,-0.5299223488204305,-0.5174715248857165,0.05851857618040491,-0.7361720520339197,-0.5087408359781859
20,1,George Hill,15.3,MIL,PG/SG,4200,25.0,26.0,6.165,23.0,22.88,28.26086956521739,0.20461323628602507,0.06348572196048477,0.36284391019264434,-0.055449071524817505,1.3642648704915477,-0.6324858475220999,0.041640788581911836
20,2,Damion Lee,34.5,GS,SG/SF,5900,32.0,29.950000000000003,5.085,28.666666666666668,26.71,33.43255813953488,0.5687684578113426,0.8554858177051479,0.7987225051185581,0.3109165591940737,0.3157845746878045,0.8988796344986205,0.4416330169432678
20,3,John Collins,37.5,ATL,PF/C,7600,34.0,42.9,5.665,33.333333333333336,39.82,43.757999999999996,1.7626444372424457,1.0817715593464803,1.668968078774875,1.5649775040307998,0.878857326137963,1.138155491064358,1.3545768049357376
20,4,Kevin Huerter,20.3,ATL,PG/SG,5200,32.0,28.65,5.515000000000001,30.0,24.35,30.56,0.4489199038916175,0.8554858177051479,0.5566184828614368,0.08516645775893464,0.733235062831888,-0.23369275324587063,0.2945164120123343
20,5,Jimmy Butler,40.3,MIA,SG/SF,7800,34.5,40.2,5.165,34.0,41.8,40.79117647058823,1.51372820987071,1.1383429947568133,1.4189192112125433,1.7543780128619757,0.39344978178437817,1.3614796238590463,1.229533968948605
20,6,D.J. Wilson,6.8,MIL,PF/C,3000,11.0,10.7,3.585,10.333333333333334,9.120000000000001,11.39032258064516,-1.2059120521538116,-1.5205144695288415,-1.0590341108050523,-1.3716869510788487,-1.1404380583729496,-1.3104341077916897,-0.9156800716820269
20,7,Aron Baynes,23.0,PHO,C,4800,29.5,29.05,6.07,26.666666666666668,25.27,32.1365625,0.48579638202076375,0.5726286406534825,0.689493816988371,0.17317073458958193,1.2720374370643668,-0.018344482336706866,0.28438864506102435
21,0,Trae Young,14.0,ATL,PG,10800,37.0,53.75,4.955,37.666666666666664,53.17,52.798672566371685,2.7629189064955324,1.4212001718084788,2.430931139540844,2.841996086301608,0.1895786131558726,-0.7361720520339197,2.2384235312019087
21,1,Cody Martin,21.0,CHA,SG/SF,3400,0.0,8.4,2.465,20.333333333333332,12.02,0.0,-1.4179518013964012,-2.7650860485561695,-2.019029619208171,-1.0942821654170254,-2.2277509577249797,-0.17786172004719858,-1.0203527808209598
21,2,Dwayne Bacon,5.0,CHA,SG/SF,3000,0.0,2.9,0.96,11.333333333333334,8.999999999999998,0.0,-1.9250033756721596,-2.7650860485561695,-2.019029619208171,-1.3831657697958901,-3.68882766622927,-1.4539996217311324,-1.2651349596822132
21,3,John Collins,37.5,ATL,PF/C,7600,34.0,42.9,5.665,33.333333333333336,39.82,43.757999999999996,1.7626444372424457,1.0817715593464803,1.668968078774875,1.5649775040307998,0.878857326137963,1.138155491064358,1.3545768049357376
21,4,Draymond Green,32.3,GS,PG/SF,6300,32.5,33.099999999999994,5.25,31.0,30.5,34.7016129032258,0.859170723078367,0.912057253115481,0.9056805710060878,0.6734559170072844,0.47596906432448755,0.7234106730170794,0.660754688091504
21,5,Ersan Ilyasova,42.8,MIL,PF/C,3300,27.0,26.85,8.125,16.333333333333332,18.589999999999996,44.38469387755103,0.28297575231046057,0.2897714636018171,1.7217868908263465,-0.4658168406590325,3.2670624443575997,1.560876170997161,-0.017961803577838022
21,6,Damian Jones,14.0,ATL,C,3000,11.5,10.05,3.36,13.666666666666666,13.75,8.456707317073171,-1.2658363291136736,-1.4639430341185085,-1.3062841299746082,-0.9287958622463514,-1.358871453332063,-0.7361720520339197,-0.9144549010836152
21,7,Alec Burks,23.3,GS,PG/SG,6100,27.5,29.35,4.83,29.333333333333332,30.609999999999996,27.515625000000004,0.5134537406176234,0.3463428990121502,0.3000334471697434,0.6839781674979049,0.0682267270674764,0.00558310331986695,0.419077344609579
22,0,Shai Gilgeous-Alexander,37.5,OKC,PG/SG,6800,36.0,34.8,5.135,35.666666666666664,33.78000000000001,35.12523364485981,1.0158957551272378,1.3080573009878125,0.9413840382569699,0.9872102952730717,0.36432532912316284,1.138155491064358,0.8101699069139192
22,1,Jeremy Lamb,26.5,IND,SG/SF,5000,30.0,27.1,5.425,29.333333333333332,26.46,27.715909090909093,0.30602355114117685,0.6292000760638156,0.316913726575003,0.2870023535335717,0.645861704848242,0.26081068365665366,0.20474790938070683
22,2,Pat Connaughton,27.8,MIL,SG/SF,3100,16.0,16.75,5.404999999999999,16.333333333333332,14.35,16.408163265306122,-0.6481553204504774,-0.9548001154255107,-0.6361220742888656,-0.8714017686611466,0.6264454030740981,0.3644968881684733,-0.6117232229825489
22,3,Marvin Williams,8.0,CHA,SF/PF,3700,20.5,16.55,4.449999999999999,22.0,15.989999999999998,15.42159090909091,-0.6665935595150504,-0.445657196732513,-0.719272048661904,-0.7145245795282534,-0.30068300664124875,-1.2147237651653948,-0.5303784925260187
22,4,Damion Lee,34.5,GS,SG/SF,5900,32.0,29.950000000000003,5.085,28.666666666666668,26.71,33.43255813953488,0.5687684578113426,0.8554858177051479,0.7987225051185581,0.3109165591940737,0.3157845746878045,0.8988796344986205,0.4416330169432678
22,5,Ben Simmons,41.3,PHI,PG/SF,8400,36.0,41.05,4.885,37.0,42.83,39.94054054054054,1.592090725895145,1.3080573009878125,1.3472261870378195,1.852904540183244,0.12162155694637045,1.4412382427142922,1.311946668960099
22,6,Bismack Biyombo,29.5,CHA,C,4600,21.5,21.75,4.744999999999999,22.666666666666668,19.91,20.63051470588235,-0.18719934383615175,-0.33251432591184676,-0.2802552066779022,-0.33954983477158146,-0.014292555472633839,0.5000865402223912,-0.173979062681338
22,7,Cameron Johnson,17.0,PHO,SF/PF,3500,20.5,16.25,4.654999999999999,22.0,17.29,15.142045454545455,-0.69425091811191,-0.445657196732513,-0.742832608853075,-0.5901707100936427,-0.10166591345627896,-0.49689619546818203,-0.5566434646025484
23,0,Goran Dragic,28.3,MIA,PG,5300,28.0,27.05,5.1,28.333333333333332,29.630000000000003,26.731764705882355,0.3014139913750335,0.40291433442248326,0.23396838568964373,0.5902344813087376,0.33034680101841174,0.4043761975960963,0.24403421825108232
23,1,Pat Connaughton,27.8,MIL,SG/SF,3100,16.0,16.75,5.404999999999999,16.333333333333332,14.35,16.408163265306122,-0.6481553204504774,-0.9548001154255107,-0.6361220742888656,-0.8714017686611466,0.6264454030740981,0.3644968881684733,-0.6117232229825489
23,2,Deonte Burton,11.3,OKC,SG/SF,3000,0.0,4.5,1.5,9.0,4.54,0.0,-1.7774974631555753,-2.7650860485561695,-2.019029619208171,-1.809795198779246,-3.1645875183273984,-0.9515203229430834,-1.2438339301402541
23,3,De'Andre Hunter,9.5,ATL,SF/PF,4700,35.5,25.700000000000003,5.484999999999999,35.0,23.58,26.06714285714286,0.1769558776891658,1.2514858655774794,0.17795294055548538,0.011510704324588103,0.7041106101706718,-1.095085836882526,0.09351339205517903
23,4,Edmond Sumner,25.5,IND,SG/SF,3000,15.0,13.850000000000001,4.59,14.666666666666666,10.63,14.164772727272728,-0.9155097868867862,-1.067942986246177,-0.8251987948872499,-1.2272451488894165,-0.1647688942222445,0.18105206480140779,-0.7680208535602283
23,5,Donte DiVincenzo,23.0,MIL,PG/SF,5100,27.0,28.950000000000003,5.67,25.333333333333332,24.290000000000003,30.8546052631579,0.4765772624884775,0.2897714636018171,0.5814483090038571,0.07942704840041427,0.8837114015814986,-0.018344482336706866,0.2918160161246492
23,6,Aron Baynes,23.0,PHO,C,4800,29.5,29.05,6.07,26.666666666666668,25.27,32.1365625,0.48579638202076375,0.5726286406534825,0.689493816988371,0.17317073458958193,1.2720374370643668,-0.018344482336706866,0.28438864506102435
23,7,Damion Lee,34.5,GS,SG/SF,5900,32.0,29.950000000000003,5.085,28.666666666666668,26.71,33.43255813953488,0.5687684578113426,0.8554858177051479,0.7987225051185581,0.3109165591940737,0.3157845746878045,0.8988796344986205,0.4416330169432678
24,0,Jevon Carter,11.3,PHO,PG/SG,3000,13.0,9.4,3.115,13.666666666666666,11.139999999999999,8.941463414634146,-1.325760606073536,-1.294228727887509,-1.2654280722962836,-1.1784601693419927,-1.5967211500653191,-0.9515203229430834,-0.9504075142733542
24,1,Kendrick Nunn,29.5,MIA,PG/SG,5400,28.0,24.7,4.555,29.666666666666668,26.859999999999996,23.312359550561798,0.08476468236630033,0.40291433442248326,-0.05422482106783096,0.32526508259037445,-0.19874742232699558,0.5000865402223912,0.1041992667708746
24,2,Wes Iwundu,7.5,ORL,SG/SF,3100,16.5,11.7,3.7849999999999997,13.0,8.719999999999999,14.849999999999998,-1.1137208568309465,-0.8982286800151776,-0.7674466900284043,-1.4099496801356521,-0.9462750406315161,-1.2546030745930177,-0.8458910133891581
24,3,Doug McDermott,19.8,IND,SF/PF,3400,22.0,16.05,4.705,22.333333333333332,16.41,15.81044776119403,-0.712689157176483,-0.2759428905015137,-0.6864985403799614,-0.6743487140186099,-0.05312515902091979,-0.27357206267349354,-0.573941583606461
24,4,George Hill,15.3,MIL,PG/SG,4200,25.0,26.0,6.165,23.0,22.88,28.26086956521739,0.20461323628602507,0.06348572196048477,0.36284391019264434,-0.055449071524817505,1.3642648704915477,-0.6324858475220999,0.041640788581911836
24,5,Terrance Ferguson,6.3,OKC,SG/SF,3300,30.0,14.75,4.445,28.666666666666668,12.129999999999999,15.436046511627907,-0.8325377110962077,0.6292000760638156,-0.7180537062129939,-1.0837599149264046,-0.30553708208478364,-1.3503134172193128,-0.6533923165864428
24,6,Al Horford,24.0,PHI,PF/C,5700,31.0,31.55,5.515000000000001,31.0,30.950000000000006,31.55,0.7162743703279266,0.7423429468844818,0.6400573448067547,0.7165014871961886,0.733235062831888,0.061414136518539,0.5290610622724268
24,7,Jimmy Butler,40.3,MIA,SG/SF,7800,34.5,40.2,5.165,34.0,41.8,40.79117647058823,1.51372820987071,1.1383429947568133,1.4189192112125433,1.7543780128619757,0.39344978178437817,1.3614796238590463,1.229533968948605
25,0,Ky Bowman,17.3,GS,PG,3100,20.5,15.4,4.99,21.333333333333332,16.4,14.7984375,-0.7726134341363453,-0.445657196732513,-0.771792464088056,-0.6753052822450301,0.22355714126062365,-0.4729686098116082,-0.6449626097737292
25,1,Wes Iwundu,7.5,ORL,SG/SF,3100,16.5,11.7,3.7849999999999997,13.0,8.719999999999999,14.849999999999998,-1.1137208568309465,-0.8982286800151776,-0.7674466900284043,-1.4099496801356521,-0.9462750406315161,-1.2546030745930177,-0.8458910133891581
25,2,T.J. Warren,26.5,IND,SF/PF,5800,33.0,25.3,4.345,32.666666666666664,26.920000000000005,25.558163265306124,0.14007939956001952,0.9686286885258141,0.13505528611482934,0.3310044919488958,-0.4026185909555011,0.26081068365665366,0.17904354241575668
25,3,D.J. Wilson,6.8,MIL,PF/C,3000,11.0,10.7,3.585,10.333333333333334,9.120000000000001,11.39032258064516,-1.2059120521538116,-1.5205144695288415,-1.0590341108050523,-1.3716869510788487,-1.1404380583729496,-1.3104341077916897,-0.9156800716820269
25,4,Allen Crabbe,32.5,ATL,SG/SF,3200,0.0,3.0,0.94,18.333333333333332,8.559999999999999,0.0,-1.915784256139873,-2.7650860485561695,-2.019029619208171,-1.4252547717583735,-3.708243968003413,0.7393623967881288,-1.2607455153509102
25,5,De'Andre Hunter,9.5,ATL,SF/PF,4700,35.5,25.700000000000003,5.484999999999999,35.0,23.58,26.06714285714286,0.1769558776891658,1.2514858655774794,0.17795294055548538,0.011510704324588103,0.7041106101706718,-1.095085836882526,0.09351339205517903
25,6,John Collins,37.5,ATL,PF/C,7600,34.0,42.9,5.665,33.333333333333336,39.82,43.757999999999996,1.7626444372424457,1.0817715593464803,1.668968078774875,1.5649775040307998,0.878857326137963,1.138155491064358,1.3545768049357376
25,7,Brook Lopez,35.0,MIL,C,5200,28.5,30.9,5.955,28.333333333333332,27.119999999999997,31.081764705882353,0.656350093368064,0.45948576983281636,0.6005936881766459,0.3501358564772967,1.1603937018630421,0.9387589439262435,0.4163046045146015
