Lineup Num,,Player Name,Actual FP,team,Pos,Salary,DFN_MinProj,Avg Proj,Avg Value Proj,Avg Skewed Min,Avg Skewed FP,Proj Min Enhanced,Avg Proj Stan,DFN_MinProj Stan,Proj Min Enhanced Stan,Avg Skewed FP Stan,Avg Value Proj Stan,Actual FP Stan,predictions
0,0,Shabazz Napier,20.0,WAS,PG/SG,5000,29.5,30.0,5.975,26.0,25.240000000000002,34.03846153846153,0.6931090126978907,0.6801044264270242,0.8736970986613808,0.37074112851436186,1.1686330700635306,-0.05645456733620467,0.47807795862889196
0,1,Brad Wanamaker,15.0,BOS,PG/SG,3500,31.0,25.3,7.25,20.666666666666668,17.52,37.949999999999996,0.3254623134998155,0.8084171482062762,1.1492673188404001,-0.2920314590647707,1.991229657230025,-0.385772876797397,0.1583789834241525
0,2,Kevin Porter Jr.,6.5,CLE,SG/SF,5300,38.5,32.5,6.145,32.333333333333336,24.82,38.69845360824742,0.888665767590484,1.4499807571025363,1.201996322440023,0.3346835525061706,1.2783126150190631,-0.945614002881424,0.6302825921142339
0,3,Domantas Sabonis,37.0,IND,PF/C,8700,35.5,45.55,5.22,35.666666666666664,44.85,45.337149532710285,1.9094720281298203,1.1933553135440322,1.6696964142566457,2.0542865226110956,0.6815268557021946,1.0632276848318494,1.5103451762217441
0,4,Caris LeVert,30.0,BKN,PG/SG,7200,33.5,39.7,5.525,32.666666666666664,34.94,40.71275510204082,1.4518692216811526,1.0222716845050295,1.3439050654089606,1.2034994315606806,0.8783048628282977,0.6021820515861801,1.0966532856436069
0,5,Cedi Osman,24.8,CLE,SF/PF,4100,36.0,24.05,5.845000000000001,30.333333333333332,21.71,28.542857142857144,0.22768393605351891,1.2361262208037829,0.4865284875881194,0.06768578730266005,1.0847604768622414,0.25969100974654,0.14114560221560765
0,6,Naz Reid,41.3,MIN,C,5100,26.5,31.05,6.09,22.333333333333332,21.749999999999996,36.84291044776119,0.7752428497527799,0.4234789828685202,1.071272198846528,0.07111984216058265,1.2428280563569791,1.3464414309684747,0.506490117461115
0,7,Luka Doncic,73.3,DAL,PG,10900,36.0,63.35,5.835,35.666666666666664,57.65,63.942056074766356,3.3018361229650846,1.2361262208037829,2.980423189058181,3.1531840771464443,1.0783087389236803,3.4540786115201056,2.5716494613169427
1,0,Luka Doncic,73.3,DAL,PG,10900,36.0,63.35,5.835,35.666666666666664,57.65,63.942056074766356,3.3018361229650846,1.2361262208037829,2.980423189058181,3.1531840771464443,1.0783087389236803,3.4540786115201056,2.5716494613169427
1,1,Brad Wanamaker,15.0,BOS,PG/SG,3500,31.0,25.3,7.25,20.666666666666668,17.52,37.949999999999996,0.3254623134998155,0.8084171482062762,1.1492673188404001,-0.2920314590647707,1.991229657230025,-0.385772876797397,0.1583789834241525
1,2,Brandon Ingram,43.3,NO,SF/PF,7900,35.5,40.35,5.13,36.0,41.45,39.78958333333333,1.5027139779532268,1.1933553135440322,1.2788670630814265,1.7623918596876438,0.6234612142551481,1.4781687547529516,1.19899053209601
1,3,Bobby Portis,29.0,NY,PF/C,4000,23.5,25.0,6.265000000000001,19.666666666666668,21.160000000000004,29.8728813559322,0.3019955029127043,0.1668535393100162,0.5802294875512809,0.02046753300621952,1.3557334702817925,0.5363183896939416,0.15446181040369647
1,4,Shabazz Napier,20.0,WAS,PG/SG,5000,29.5,30.0,5.975,26.0,25.240000000000002,34.03846153846153,0.6931090126978907,0.6801044264270242,0.8736970986613808,0.37074112851436186,1.1686330700635306,-0.05645456733620467,0.47807795862889196
1,5,Kevin Porter Jr.,6.5,CLE,SG/SF,5300,38.5,32.5,6.145,32.333333333333336,24.82,38.69845360824742,0.888665767590484,1.4499807571025363,1.201996322440023,0.3346835525061706,1.2783126150190631,-0.945614002881424,0.6302825921142339
1,6,Zion Williamson,32.0,NO,PF/C,8000,32.5,41.55,5.18,32.0,39.27,42.19921875,1.5965812203016712,0.9367298699855282,1.4486273169690558,1.5752358699308422,0.6557199039479517,0.733909375370657,1.2463576723960756
1,7,Naz Reid,41.3,MIN,C,5100,26.5,31.05,6.09,22.333333333333332,21.749999999999996,36.84291044776119,0.7752428497527799,0.4234789828685202,1.071272198846528,0.07111984216058265,1.2428280563569791,1.3464414309684747,0.506490117461115
2,0,Brad Wanamaker,15.0,BOS,PG/SG,3500,31.0,25.3,7.25,20.666666666666668,17.52,37.949999999999996,0.3254623134998155,0.8084171482062762,1.1492673188404001,-0.2920314590647707,1.991229657230025,-0.385772876797397,0.1583789834241525
2,1,Caris LeVert,30.0,BKN,PG/SG,7200,33.5,39.7,5.525,32.666666666666664,34.94,40.71275510204082,1.4518692216811526,1.0222716845050295,1.3439050654089606,1.2034994315606806,0.8783048628282977,0.6021820515861801,1.0966532856436069
2,2,Kevin Porter Jr.,6.5,CLE,SG/SF,5300,38.5,32.5,6.145,32.333333333333336,24.82,38.69845360824742,0.888665767590484,1.4499807571025363,1.201996322440023,0.3346835525061706,1.2783126150190631,-0.945614002881424,0.6302825921142339
2,3,T.J. Warren,25.0,IND,SF/PF,6100,36.0,32.25,5.295,35.0,30.01,33.17142857142857,0.8691100921012247,1.2361262208037829,0.8126141084320663,0.7802521703216755,0.7299148902414003,0.2728637421249877,0.6606148908139909
2,4,Shabazz Napier,20.0,WAS,PG/SG,5000,29.5,30.0,5.975,26.0,25.240000000000002,34.03846153846153,0.6931090126978907,0.6801044264270242,0.8736970986613808,0.37074112851436186,1.1686330700635306,-0.05645456733620467,0.47807795862889196
2,5,Larry Nance Jr.,53.3,CLE,PF/C,6500,37.5,34.85,5.34,29.0,27.55,45.0646551724138,1.0724891171895217,1.364438942583035,1.6504990238684891,0.569057796559413,0.7589477109649236,2.1368053736753363,0.8409694010832645
2,6,Naz Reid,41.3,MIN,C,5100,26.5,31.05,6.09,22.333333333333332,21.749999999999996,36.84291044776119,0.7752428497527799,0.4234789828685202,1.071272198846528,0.07111984216058265,1.2428280563569791,1.3464414309684747,0.506490117461115
2,7,Luka Doncic,73.3,DAL,PG,10900,36.0,63.35,5.835,35.666666666666664,57.65,63.942056074766356,3.3018361229650846,1.2361262208037829,2.980423189058181,3.1531840771464443,1.0783087389236803,3.4540786115201056,2.5716494613169427
3,0,Caris LeVert,30.0,BKN,PG/SG,7200,33.5,39.7,5.525,32.666666666666664,34.94,40.71275510204082,1.4518692216811526,1.0222716845050295,1.3439050654089606,1.2034994315606806,0.8783048628282977,0.6021820515861801,1.0966532856436069
3,1,Brad Wanamaker,15.0,BOS,PG/SG,3500,31.0,25.3,7.25,20.666666666666668,17.52,37.949999999999996,0.3254623134998155,0.8084171482062762,1.1492673188404001,-0.2920314590647707,1.991229657230025,-0.385772876797397,0.1583789834241525
3,2,Kevin Porter Jr.,6.5,CLE,SG/SF,5300,38.5,32.5,6.145,32.333333333333336,24.82,38.69845360824742,0.888665767590484,1.4499807571025363,1.201996322440023,0.3346835525061706,1.2783126150190631,-0.945614002881424,0.6302825921142339
3,3,Danilo Gallinari,38.8,OKC,SF/PF,6200,31.5,31.4,5.08,30.666666666666668,30.9,32.25326086956522,0.8026207954377428,0.8511880554660269,0.7479286456016094,0.8566598909104612,0.5912025245623446,1.1817822762378785,0.6243635754979365
3,4,Shabazz Napier,20.0,WAS,PG/SG,5000,29.5,30.0,5.975,26.0,25.240000000000002,34.03846153846153,0.6931090126978907,0.6801044264270242,0.8736970986613808,0.37074112851436186,1.1686330700635306,-0.05645456733620467,0.47807795862889196
3,5,Larry Nance Jr.,53.3,CLE,PF/C,6500,37.5,34.85,5.34,29.0,27.55,45.0646551724138,1.0724891171895217,1.364438942583035,1.6504990238684891,0.569057796559413,0.7589477109649236,2.1368053736753363,0.8409694010832645
3,6,Naz Reid,41.3,MIN,C,5100,26.5,31.05,6.09,22.333333333333332,21.749999999999996,36.84291044776119,0.7752428497527799,0.4234789828685202,1.071272198846528,0.07111984216058265,1.2428280563569791,1.3464414309684747,0.506490117461115
3,7,Luka Doncic,73.3,DAL,PG,10900,36.0,63.35,5.835,35.666666666666664,57.65,63.942056074766356,3.3018361229650846,1.2361262208037829,2.980423189058181,3.1531840771464443,1.0783087389236803,3.4540786115201056,2.5716494613169427
4,0,Luka Doncic,73.3,DAL,PG,10900,36.0,63.35,5.835,35.666666666666664,57.65,63.942056074766356,3.3018361229650846,1.2361262208037829,2.980423189058181,3.1531840771464443,1.0783087389236803,3.4540786115201056,2.5716494613169427
4,1,Shabazz Napier,20.0,WAS,PG/SG,5000,29.5,30.0,5.975,26.0,25.240000000000002,34.03846153846153,0.6931090126978907,0.6801044264270242,0.8736970986613808,0.37074112851436186,1.1686330700635306,-0.05645456733620467,0.47807795862889196
4,2,Kevin Porter Jr.,6.5,CLE,SG/SF,5300,38.5,32.5,6.145,32.333333333333336,24.82,38.69845360824742,0.888665767590484,1.4499807571025363,1.201996322440023,0.3346835525061706,1.2783126150190631,-0.945614002881424,0.6302825921142339
4,3,Grant Williams,19.8,BOS,SF/PF,3100,23.5,18.6,5.995,17.0,11.280000000000001,25.711764705882356,-0.1986297896123343,0.1668535393100162,0.2870763349695179,-0.8277440169007532,1.1815365459406522,-0.06962729971465233,-0.25505012921968745
4,4,Brad Wanamaker,15.0,BOS,PG/SG,3500,31.0,25.3,7.25,20.666666666666668,17.52,37.949999999999996,0.3254623134998155,0.8084171482062762,1.1492673188404001,-0.2920314590647707,1.991229657230025,-0.385772876797397,0.1583789834241525
4,5,Zion Williamson,32.0,NO,PF/C,8000,32.5,41.55,5.18,32.0,39.27,42.19921875,1.5965812203016712,0.9367298699855282,1.4486273169690558,1.5752358699308422,0.6557199039479517,0.733909375370657,1.2463576723960756
4,6,Domantas Sabonis,37.0,IND,PF/C,8700,35.5,45.55,5.22,35.666666666666664,44.85,45.337149532710285,1.9094720281298203,1.1933553135440322,1.6696964142566457,2.0542865226110956,0.6815268557021946,1.0632276848318494,1.5103451762217441
4,7,Naz Reid,41.3,MIN,C,5100,26.5,31.05,6.09,22.333333333333332,21.749999999999996,36.84291044776119,0.7752428497527799,0.4234789828685202,1.071272198846528,0.07111984216058265,1.2428280563569791,1.3464414309684747,0.506490117461115
5,0,Luka Doncic,73.3,DAL,PG,10900,36.0,63.35,5.835,35.666666666666664,57.65,63.942056074766356,3.3018361229650846,1.2361262208037829,2.980423189058181,3.1531840771464443,1.0783087389236803,3.4540786115201056,2.5716494613169427
5,1,Brad Wanamaker,15.0,BOS,PG/SG,3500,31.0,25.3,7.25,20.666666666666668,17.52,37.949999999999996,0.3254623134998155,0.8084171482062762,1.1492673188404001,-0.2920314590647707,1.991229657230025,-0.385772876797397,0.1583789834241525
5,2,Kevin Porter Jr.,6.5,CLE,SG/SF,5300,38.5,32.5,6.145,32.333333333333336,24.82,38.69845360824742,0.888665767590484,1.4499807571025363,1.201996322440023,0.3346835525061706,1.2783126150190631,-0.945614002881424,0.6302825921142339
5,3,Larry Nance Jr.,53.3,CLE,PF/C,6500,37.5,34.85,5.34,29.0,27.55,45.0646551724138,1.0724891171895217,1.364438942583035,1.6504990238684891,0.569057796559413,0.7589477109649236,2.1368053736753363,0.8409694010832645
5,4,Shabazz Napier,20.0,WAS,PG/SG,5000,29.5,30.0,5.975,26.0,25.240000000000002,34.03846153846153,0.6931090126978907,0.6801044264270242,0.8736970986613808,0.37074112851436186,1.1686330700635306,-0.05645456733620467,0.47807795862889196
5,5,Domantas Sabonis,37.0,IND,PF/C,8700,35.5,45.55,5.22,35.666666666666664,44.85,45.337149532710285,1.9094720281298203,1.1933553135440322,1.6696964142566457,2.0542865226110956,0.6815268557021946,1.0632276848318494,1.5103451762217441
5,6,Naz Reid,41.3,MIN,C,5100,26.5,31.05,6.09,22.333333333333332,21.749999999999996,36.84291044776119,0.7752428497527799,0.4234789828685202,1.071272198846528,0.07111984216058265,1.2428280563569791,1.3464414309684747,0.506490117461115
5,7,Aaron Holiday,16.3,IND,PG/SG,4400,31.5,24.45,5.54,24.666666666666668,20.330000000000002,31.22331081081081,0.2589730168363337,0.8511880554660269,0.6753680489833891,-0.050789105295682174,0.8879824697361386,-0.300150116337487,0.1718794343302496
6,0,Donte DiVincenzo,40.8,MIL,PG/SG,4300,26.5,23.65,5.484999999999999,25.333333333333332,22.689999999999998,24.739144736842103,0.19639485527070383,0.4234789828685202,0.21855467740322226,0.15182013132177244,0.852497911074054,1.3135096000223554,0.10733840766178772
6,1,Caris LeVert,30.0,BKN,PG/SG,7200,33.5,39.7,5.525,32.666666666666664,34.94,40.71275510204082,1.4518692216811526,1.0222716845050295,1.3439050654089606,1.2034994315606806,0.8783048628282977,0.6021820515861801,1.0966532856436069
6,2,Kevin Porter Jr.,6.5,CLE,SG/SF,5300,38.5,32.5,6.145,32.333333333333336,24.82,38.69845360824742,0.888665767590484,1.4499807571025363,1.201996322440023,0.3346835525061706,1.2783126150190631,-0.945614002881424,0.6302825921142339
6,3,Bobby Portis,29.0,NY,PF/C,4000,23.5,25.0,6.265000000000001,19.666666666666668,21.160000000000004,29.8728813559322,0.3019955029127043,0.1668535393100162,0.5802294875512809,0.02046753300621952,1.3557334702817925,0.5363183896939416,0.15446181040369647
6,4,Shabazz Napier,20.0,WAS,PG/SG,5000,29.5,30.0,5.975,26.0,25.240000000000002,34.03846153846153,0.6931090126978907,0.6801044264270242,0.8736970986613808,0.37074112851436186,1.1686330700635306,-0.05645456733620467,0.47807795862889196
6,5,Zion Williamson,32.0,NO,PF/C,8000,32.5,41.55,5.18,32.0,39.27,42.19921875,1.5965812203016712,0.9367298699855282,1.4486273169690558,1.5752358699308422,0.6557199039479517,0.733909375370657,1.2463576723960756
6,6,Naz Reid,41.3,MIN,C,5100,26.5,31.05,6.09,22.333333333333332,21.749999999999996,36.84291044776119,0.7752428497527799,0.4234789828685202,1.071272198846528,0.07111984216058265,1.2428280563569791,1.3464414309684747,0.506490117461115
6,7,Luka Doncic,73.3,DAL,PG,10900,36.0,63.35,5.835,35.666666666666664,57.65,63.942056074766356,3.3018361229650846,1.2361262208037829,2.980423189058181,3.1531840771464443,1.0783087389236803,3.4540786115201056,2.5716494613169427
7,0,Brad Wanamaker,15.0,BOS,PG/SG,3500,31.0,25.3,7.25,20.666666666666668,17.52,37.949999999999996,0.3254623134998155,0.8084171482062762,1.1492673188404001,-0.2920314590647707,1.991229657230025,-0.385772876797397,0.1583789834241525
7,1,Kevin Porter Jr.,6.5,CLE,SG/SF,5300,38.5,32.5,6.145,32.333333333333336,24.82,38.69845360824742,0.888665767590484,1.4499807571025363,1.201996322440023,0.3346835525061706,1.2783126150190631,-0.945614002881424,0.6302825921142339
7,2,Jerome Robinson,14.0,WAS,SG/SF,3100,28.0,19.65,6.345000000000001,20.333333333333332,12.33,27.059016393442622,-0.11649595255744535,0.5517917046477723,0.38199102079661706,-0.7376000768802754,1.4073473737902784,-0.4516365386896355,-0.19498210081002446
7,3,Domantas Sabonis,37.0,IND,PF/C,8700,35.5,45.55,5.22,35.666666666666664,44.85,45.337149532710285,1.9094720281298203,1.1933553135440322,1.6696964142566457,2.0542865226110956,0.6815268557021946,1.0632276848318494,1.5103451762217441
7,4,Caris LeVert,30.0,BKN,PG/SG,7200,33.5,39.7,5.525,32.666666666666664,34.94,40.71275510204082,1.4518692216811526,1.0222716845050295,1.3439050654089606,1.2034994315606806,0.8783048628282977,0.6021820515861801,1.0966532856436069
7,5,Bobby Portis,29.0,NY,PF/C,4000,23.5,25.0,6.265000000000001,19.666666666666668,21.160000000000004,29.8728813559322,0.3019955029127043,0.1668535393100162,0.5802294875512809,0.02046753300621952,1.3557334702817925,0.5363183896939416,0.15446181040369647
7,6,Larry Nance Jr.,53.3,CLE,PF/C,6500,37.5,34.85,5.34,29.0,27.55,45.0646551724138,1.0724891171895217,1.364438942583035,1.6504990238684891,0.569057796559413,0.7589477109649236,2.1368053736753363,0.8409694010832645
7,7,Luka Doncic,73.3,DAL,PG,10900,36.0,63.35,5.835,35.666666666666664,57.65,63.942056074766356,3.3018361229650846,1.2361262208037829,2.980423189058181,3.1531840771464443,1.0783087389236803,3.4540786115201056,2.5716494613169427
8,0,Brad Wanamaker,15.0,BOS,PG/SG,3500,31.0,25.3,7.25,20.666666666666668,17.52,37.949999999999996,0.3254623134998155,0.8084171482062762,1.1492673188404001,-0.2920314590647707,1.991229657230025,-0.385772876797397,0.1583789834241525
8,1,Caris LeVert,30.0,BKN,PG/SG,7200,33.5,39.7,5.525,32.666666666666664,34.94,40.71275510204082,1.4518692216811526,1.0222716845050295,1.3439050654089606,1.2034994315606806,0.8783048628282977,0.6021820515861801,1.0966532856436069
8,2,Kevin Porter Jr.,6.5,CLE,SG/SF,5300,38.5,32.5,6.145,32.333333333333336,24.82,38.69845360824742,0.888665767590484,1.4499807571025363,1.201996322440023,0.3346835525061706,1.2783126150190631,-0.945614002881424,0.6302825921142339
8,3,Larry Nance Jr.,53.3,CLE,PF/C,6500,37.5,34.85,5.34,29.0,27.55,45.0646551724138,1.0724891171895217,1.364438942583035,1.6504990238684891,0.569057796559413,0.7589477109649236,2.1368053736753363,0.8409694010832645
8,4,Luka Doncic,73.3,DAL,PG,10900,36.0,63.35,5.835,35.666666666666664,57.65,63.942056074766356,3.3018361229650846,1.2361262208037829,2.980423189058181,3.1531840771464443,1.0783087389236803,3.4540786115201056,2.5716494613169427
8,5,Grant Williams,19.8,BOS,SF/PF,3100,23.5,18.6,5.995,17.0,11.280000000000001,25.711764705882356,-0.1986297896123343,0.1668535393100162,0.2870763349695179,-0.8277440169007532,1.1815365459406522,-0.06962729971465233,-0.25505012921968745
8,6,Naz Reid,41.3,MIN,C,5100,26.5,31.05,6.09,22.333333333333332,21.749999999999996,36.84291044776119,0.7752428497527799,0.4234789828685202,1.071272198846528,0.07111984216058265,1.2428280563569791,1.3464414309684747,0.506490117461115
8,7,Julius Randle,46.8,NY,PF/C,7700,33.0,39.55,5.12,31.666666666666668,39.589999999999996,41.21526315789473,1.4401358163875966,0.979500777245279,1.3793070579893756,1.6027083087942253,0.6170094763165875,1.7086915713757862,1.150281963457328
9,0,Luka Doncic,73.3,DAL,PG,10900,36.0,63.35,5.835,35.666666666666664,57.65,63.942056074766356,3.3018361229650846,1.2361262208037829,2.980423189058181,3.1531840771464443,1.0783087389236803,3.4540786115201056,2.5716494613169427
9,1,Shabazz Napier,20.0,WAS,PG/SG,5000,29.5,30.0,5.975,26.0,25.240000000000002,34.03846153846153,0.6931090126978907,0.6801044264270242,0.8736970986613808,0.37074112851436186,1.1686330700635306,-0.05645456733620467,0.47807795862889196
9,2,Cedi Osman,24.8,CLE,SF/PF,4100,36.0,24.05,5.845000000000001,30.333333333333332,21.71,28.542857142857144,0.22768393605351891,1.2361262208037829,0.4865284875881194,0.06768578730266005,1.0847604768622414,0.25969100974654,0.14114560221560765
9,3,Domantas Sabonis,37.0,IND,PF/C,8700,35.5,45.55,5.22,35.666666666666664,44.85,45.337149532710285,1.9094720281298203,1.1933553135440322,1.6696964142566457,2.0542865226110956,0.6815268557021946,1.0632276848318494,1.5103451762217441
9,4,Brad Wanamaker,15.0,BOS,PG/SG,3500,31.0,25.3,7.25,20.666666666666668,17.52,37.949999999999996,0.3254623134998155,0.8084171482062762,1.1492673188404001,-0.2920314590647707,1.991229657230025,-0.385772876797397,0.1583789834241525
9,5,Kevin Porter Jr.,6.5,CLE,SG/SF,5300,38.5,32.5,6.145,32.333333333333336,24.82,38.69845360824742,0.888665767590484,1.4499807571025363,1.201996322440023,0.3346835525061706,1.2783126150190631,-0.945614002881424,0.6302825921142339
9,6,Larry Nance Jr.,53.3,CLE,PF/C,6500,37.5,34.85,5.34,29.0,27.55,45.0646551724138,1.0724891171895217,1.364438942583035,1.6504990238684891,0.569057796559413,0.7589477109649236,2.1368053736753363,0.8409694010832645
9,7,Dennis Schroder,40.3,OKC,PG/SG,5900,30.0,28.4,4.825,30.666666666666668,29.919999999999998,27.78260869565217,0.5679526895666309,0.7228753336867749,0.43296853054128703,0.7725255468913484,0.4266832071290457,1.280577769076236,0.4515707983463288
10,0,Luka Doncic,73.3,DAL,PG,10900,36.0,63.35,5.835,35.666666666666664,57.65,63.942056074766356,3.3018361229650846,1.2361262208037829,2.980423189058181,3.1531840771464443,1.0783087389236803,3.4540786115201056,2.5716494613169427
10,1,Donte DiVincenzo,40.8,MIL,PG/SG,4300,26.5,23.65,5.484999999999999,25.333333333333332,22.689999999999998,24.739144736842103,0.19639485527070383,0.4234789828685202,0.21855467740322226,0.15182013132177244,0.852497911074054,1.3135096000223554,0.10733840766178772
10,2,Jimmy Butler,36.3,MIA,SG/SF,7800,34.0,39.55,5.085,35.333333333333336,41.330000000000005,38.057547169811315,1.4401358163875966,1.0650425917647803,1.1568440811695833,1.7520896951138751,0.5944283935316248,1.0171231215072822,1.148078793375873
10,3,Bobby Portis,29.0,NY,PF/C,4000,23.5,25.0,6.265000000000001,19.666666666666668,21.160000000000004,29.8728813559322,0.3019955029127043,0.1668535393100162,0.5802294875512809,0.02046753300621952,1.3557334702817925,0.5363183896939416,0.15446181040369647
10,4,Kevin Porter Jr.,6.5,CLE,SG/SF,5300,38.5,32.5,6.145,32.333333333333336,24.82,38.69845360824742,0.888665767590484,1.4499807571025363,1.201996322440023,0.3346835525061706,1.2783126150190631,-0.945614002881424,0.6302825921142339
10,5,Svi Mykhailiuk,23.3,DET,SG/SF,3900,30.0,21.15,5.425000000000001,27.666666666666668,17.05,22.933734939759034,0.0008381003781105898,0.7228753336867749,0.09136247919590625,-0.33238160364536545,0.8137874834426905,0.16089551690818232,-0.06638060271646788
10,6,Domantas Sabonis,37.0,IND,PF/C,8700,35.5,45.55,5.22,35.666666666666664,44.85,45.337149532710285,1.9094720281298203,1.1933553135440322,1.6696964142566457,2.0542865226110956,0.6815268557021946,1.0632276848318494,1.5103451762217441
10,7,Shabazz Napier,20.0,WAS,PG/SG,5000,29.5,30.0,5.975,26.0,25.240000000000002,34.03846153846153,0.6931090126978907,0.6801044264270242,0.8736970986613808,0.37074112851436186,1.1686330700635306,-0.05645456733620467,0.47807795862889196
11,0,Shabazz Napier,20.0,WAS,PG/SG,5000,29.5,30.0,5.975,26.0,25.240000000000002,34.03846153846153,0.6931090126978907,0.6801044264270242,0.8736970986613808,0.37074112851436186,1.1686330700635306,-0.05645456733620467,0.47807795862889196
11,1,Brad Wanamaker,15.0,BOS,PG/SG,3500,31.0,25.3,7.25,20.666666666666668,17.52,37.949999999999996,0.3254623134998155,0.8084171482062762,1.1492673188404001,-0.2920314590647707,1.991229657230025,-0.385772876797397,0.1583789834241525
11,2,Kyle Anderson,18.8,MEM,SF/PF,4300,29.0,22.5,5.215,23.333333333333332,18.520000000000003,27.964285714285715,0.10643874802011105,0.6373335191672735,0.445767784982626,-0.20618008761669626,0.6783009867329144,-0.13549096160689078,0.05141123838499272
11,3,Brandon Ingram,43.3,NO,SF/PF,7900,35.5,40.35,5.13,36.0,41.45,39.78958333333333,1.5027139779532268,1.1933553135440322,1.2788670630814265,1.7623918596876438,0.6234612142551481,1.4781687547529516,1.19899053209601
11,4,Luka Doncic,73.3,DAL,PG,10900,36.0,63.35,5.835,35.666666666666664,57.65,63.942056074766356,3.3018361229650846,1.2361262208037829,2.980423189058181,3.1531840771464443,1.0783087389236803,3.4540786115201056,2.5716494613169427
11,5,Zion Williamson,32.0,NO,PF/C,8000,32.5,41.55,5.18,32.0,39.27,42.19921875,1.5965812203016712,0.9367298699855282,1.4486273169690558,1.5752358699308422,0.6557199039479517,0.733909375370657,1.2463576723960756
11,6,Larry Nance Jr.,53.3,CLE,PF/C,6500,37.5,34.85,5.34,29.0,27.55,45.0646551724138,1.0724891171895217,1.364438942583035,1.6504990238684891,0.569057796559413,0.7589477109649236,2.1368053736753363,0.8409694010832645
11,7,Grant Williams,19.8,BOS,SF/PF,3100,23.5,18.6,5.995,17.0,11.280000000000001,25.711764705882356,-0.1986297896123343,0.1668535393100162,0.2870763349695179,-0.8277440169007532,1.1815365459406522,-0.06962729971465233,-0.25505012921968745
12,0,Brad Wanamaker,15.0,BOS,PG/SG,3500,31.0,25.3,7.25,20.666666666666668,17.52,37.949999999999996,0.3254623134998155,0.8084171482062762,1.1492673188404001,-0.2920314590647707,1.991229657230025,-0.385772876797397,0.1583789834241525
12,1,Caris LeVert,30.0,BKN,PG/SG,7200,33.5,39.7,5.525,32.666666666666664,34.94,40.71275510204082,1.4518692216811526,1.0222716845050295,1.3439050654089606,1.2034994315606806,0.8783048628282977,0.6021820515861801,1.0966532856436069
12,2,Kevin Porter Jr.,6.5,CLE,SG/SF,5300,38.5,32.5,6.145,32.333333333333336,24.82,38.69845360824742,0.888665767590484,1.4499807571025363,1.201996322440023,0.3346835525061706,1.2783126150190631,-0.945614002881424,0.6302825921142339
12,3,Zion Williamson,32.0,NO,PF/C,8000,32.5,41.55,5.18,32.0,39.27,42.19921875,1.5965812203016712,0.9367298699855282,1.4486273169690558,1.5752358699308422,0.6557199039479517,0.733909375370657,1.2463576723960756
12,4,Luka Doncic,73.3,DAL,PG,10900,36.0,63.35,5.835,35.666666666666664,57.65,63.942056074766356,3.3018361229650846,1.2361262208037829,2.980423189058181,3.1531840771464443,1.0783087389236803,3.4540786115201056,2.5716494613169427
12,5,Grant Williams,19.8,BOS,SF/PF,3100,23.5,18.6,5.995,17.0,11.280000000000001,25.711764705882356,-0.1986297896123343,0.1668535393100162,0.2870763349695179,-0.8277440169007532,1.1815365459406522,-0.06962729971465233,-0.25505012921968745
12,6,Larry Nance Jr.,53.3,CLE,PF/C,6500,37.5,34.85,5.34,29.0,27.55,45.0646551724138,1.0724891171895217,1.364438942583035,1.6504990238684891,0.569057796559413,0.7589477109649236,2.1368053736753363,0.8409694010832645
12,7,Moe Harkless,6.5,NY,SF/PF,3800,28.5,18.75,4.92,26.333333333333332,17.490000000000002,20.292721518987342,-0.1868963843187788,0.5945626119075229,-0.0946984932357831,-0.29460700020821273,0.4879747175453726,-0.945614002881424,-0.175404391522377
13,0,Shabazz Napier,20.0,WAS,PG/SG,5000,29.5,30.0,5.975,26.0,25.240000000000002,34.03846153846153,0.6931090126978907,0.6801044264270242,0.8736970986613808,0.37074112851436186,1.1686330700635306,-0.05645456733620467,0.47807795862889196
13,1,Frank Ntilikina,7.0,NY,PG/SG,3700,21.0,16.8,4.565,22.333333333333332,16.44,15.797014925373137,-0.3394306531350015,-0.04700099698873714,-0.4114237071239436,-0.3847509402286906,0.2589380207264666,-0.9126821719353049,-0.30319603614120705
13,2,Kyle Anderson,18.8,MEM,SF/PF,4300,29.0,22.5,5.215,23.333333333333332,18.520000000000003,27.964285714285715,0.10643874802011105,0.6373335191672735,0.445767784982626,-0.20618008761669626,0.6783009867329144,-0.13549096160689078,0.05141123838499272
13,3,Zion Williamson,32.0,NO,PF/C,8000,32.5,41.55,5.18,32.0,39.27,42.19921875,1.5965812203016712,0.9367298699855282,1.4486273169690558,1.5752358699308422,0.6557199039479517,0.733909375370657,1.2463576723960756
13,4,Luka Doncic,73.3,DAL,PG,10900,36.0,63.35,5.835,35.666666666666664,57.65,63.942056074766356,3.3018361229650846,1.2361262208037829,2.980423189058181,3.1531840771464443,1.0783087389236803,3.4540786115201056,2.5716494613169427
13,5,Danilo Gallinari,38.8,OKC,SF/PF,6200,31.5,31.4,5.08,30.666666666666668,30.9,32.25326086956522,0.8026207954377428,0.8511880554660269,0.7479286456016094,0.8566598909104612,0.5912025245623446,1.1817822762378785,0.6243635754979365
13,6,Larry Nance Jr.,53.3,CLE,PF/C,6500,37.5,34.85,5.34,29.0,27.55,45.0646551724138,1.0724891171895217,1.364438942583035,1.6504990238684891,0.569057796559413,0.7589477109649236,2.1368053736753363,0.8409694010832645
13,7,Brad Wanamaker,15.0,BOS,PG/SG,3500,31.0,25.3,7.25,20.666666666666668,17.52,37.949999999999996,0.3254623134998155,0.8084171482062762,1.1492673188404001,-0.2920314590647707,1.991229657230025,-0.385772876797397,0.1583789834241525
14,0,RJ Barrett,28.0,NY,PG/SG,5800,31.5,27.5,4.765000000000001,31.0,27.04,27.943548387096772,0.4975522578052975,0.8511880554660269,0.4443068278999916,0.525273597120895,0.3879727794976815,0.4704547278017031,0.388762681333763
14,1,Caris LeVert,30.0,BKN,PG/SG,7200,33.5,39.7,5.525,32.666666666666664,34.94,40.71275510204082,1.4518692216811526,1.0222716845050295,1.3439050654089606,1.2034994315606806,0.8783048628282977,0.6021820515861801,1.0966532856436069
14,2,Jerome Robinson,14.0,WAS,SG/SF,3100,28.0,19.65,6.345000000000001,20.333333333333332,12.33,27.059016393442622,-0.11649595255744535,0.5517917046477723,0.38199102079661706,-0.7376000768802754,1.4073473737902784,-0.4516365386896355,-0.19498210081002446
14,3,Domantas Sabonis,37.0,IND,PF/C,8700,35.5,45.55,5.22,35.666666666666664,44.85,45.337149532710285,1.9094720281298203,1.1933553135440322,1.6696964142566457,2.0542865226110956,0.6815268557021946,1.0632276848318494,1.5103451762217441
14,4,Brad Wanamaker,15.0,BOS,PG/SG,3500,31.0,25.3,7.25,20.666666666666668,17.52,37.949999999999996,0.3254623134998155,0.8084171482062762,1.1492673188404001,-0.2920314590647707,1.991229657230025,-0.385772876797397,0.1583789834241525
14,5,Bobby Portis,29.0,NY,PF/C,4000,23.5,25.0,6.265000000000001,19.666666666666668,21.160000000000004,29.8728813559322,0.3019955029127043,0.1668535393100162,0.5802294875512809,0.02046753300621952,1.3557334702817925,0.5363183896939416,0.15446181040369647
14,6,Julius Randle,46.8,NY,PF/C,7700,33.0,39.55,5.12,31.666666666666668,39.589999999999996,41.21526315789473,1.4401358163875966,0.979500777245279,1.3793070579893756,1.6027083087942253,0.6170094763165875,1.7086915713757862,1.150281963457328
14,7,Jrue Holiday,39.5,NO,PG/SG,8300,36.5,40.45,4.890000000000001,37.0,41.470000000000006,39.90337837837838,1.5105362481489306,1.2788971280635335,1.2868839919514063,1.7641088871166055,0.46861950372969075,1.2278868395624456,1.2163064417023188
15,0,Luka Doncic,73.3,DAL,PG,10900,36.0,63.35,5.835,35.666666666666664,57.65,63.942056074766356,3.3018361229650846,1.2361262208037829,2.980423189058181,3.1531840771464443,1.0783087389236803,3.4540786115201056,2.5716494613169427
15,1,Kevin Porter Jr.,6.5,CLE,SG/SF,5300,38.5,32.5,6.145,32.333333333333336,24.82,38.69845360824742,0.888665767590484,1.4499807571025363,1.201996322440023,0.3346835525061706,1.2783126150190631,-0.945614002881424,0.6302825921142339
15,2,Grant Williams,19.8,BOS,SF/PF,3100,23.5,18.6,5.995,17.0,11.280000000000001,25.711764705882356,-0.1986297896123343,0.1668535393100162,0.2870763349695179,-0.8277440169007532,1.1815365459406522,-0.06962729971465233,-0.25505012921968745
15,3,Bobby Portis,29.0,NY,PF/C,4000,23.5,25.0,6.265000000000001,19.666666666666668,21.160000000000004,29.8728813559322,0.3019955029127043,0.1668535393100162,0.5802294875512809,0.02046753300621952,1.3557334702817925,0.5363183896939416,0.15446181040369647
15,4,Caris LeVert,30.0,BKN,PG/SG,7200,33.5,39.7,5.525,32.666666666666664,34.94,40.71275510204082,1.4518692216811526,1.0222716845050295,1.3439050654089606,1.2034994315606806,0.8783048628282977,0.6021820515861801,1.0966532856436069
15,5,Jerome Robinson,14.0,WAS,SG/SF,3100,28.0,19.65,6.345000000000001,20.333333333333332,12.33,27.059016393442622,-0.11649595255744535,0.5517917046477723,0.38199102079661706,-0.7376000768802754,1.4073473737902784,-0.4516365386896355,-0.19498210081002446
15,6,Larry Nance Jr.,53.3,CLE,PF/C,6500,37.5,34.85,5.34,29.0,27.55,45.0646551724138,1.0724891171895217,1.364438942583035,1.6504990238684891,0.569057796559413,0.7589477109649236,2.1368053736753363,0.8409694010832645
15,7,Lauri Markkanen,18.0,CHI,PF/C,5000,19.5,20.35,4.05,32.0,26.25,12.400781250000001,-0.06174006118751902,-0.17531371876798915,-0.6506903974312332,0.4574510136769166,-0.0733264831094119,-0.18818189112068162,-0.04888716250084281
16,0,Shabazz Napier,20.0,WAS,PG/SG,5000,29.5,30.0,5.975,26.0,25.240000000000002,34.03846153846153,0.6931090126978907,0.6801044264270242,0.8736970986613808,0.37074112851436186,1.1686330700635306,-0.05645456733620467,0.47807795862889196
16,1,Jerome Robinson,14.0,WAS,SG/SF,3100,28.0,19.65,6.345000000000001,20.333333333333332,12.33,27.059016393442622,-0.11649595255744535,0.5517917046477723,0.38199102079661706,-0.7376000768802754,1.4073473737902784,-0.4516365386896355,-0.19498210081002446
16,2,Kevin Porter Jr.,6.5,CLE,SG/SF,5300,38.5,32.5,6.145,32.333333333333336,24.82,38.69845360824742,0.888665767590484,1.4499807571025363,1.201996322440023,0.3346835525061706,1.2783126150190631,-0.945614002881424,0.6302825921142339
16,3,Kyle Anderson,18.8,MEM,SF/PF,4300,29.0,22.5,5.215,23.333333333333332,18.520000000000003,27.964285714285715,0.10643874802011105,0.6373335191672735,0.445767784982626,-0.20618008761669626,0.6783009867329144,-0.13549096160689078,0.05141123838499272
16,4,Luka Doncic,73.3,DAL,PG,10900,36.0,63.35,5.835,35.666666666666664,57.65,63.942056074766356,3.3018361229650846,1.2361262208037829,2.980423189058181,3.1531840771464443,1.0783087389236803,3.4540786115201056,2.5716494613169427
16,5,Anthony Tolliver,11.5,MEM,PF/C,3100,13.0,8.25,2.63,14.666666666666666,8.59,7.3125,-1.0082347548676704,-0.7313355131447479,-1.0091628496856795,-1.0586842060960728,-0.989473270385037,-0.6162956934202317,-0.767006816785372
16,6,Larry Nance Jr.,53.3,CLE,PF/C,6500,37.5,34.85,5.34,29.0,27.55,45.0646551724138,1.0724891171895217,1.364438942583035,1.6504990238684891,0.569057796559413,0.7589477109649236,2.1368053736753363,0.8409694010832645
16,7,Caris LeVert,30.0,BKN,PG/SG,7200,33.5,39.7,5.525,32.666666666666664,34.94,40.71275510204082,1.4518692216811526,1.0222716845050295,1.3439050654089606,1.2034994315606806,0.8783048628282977,0.6021820515861801,1.0966532856436069
17,0,Luka Doncic,73.3,DAL,PG,10900,36.0,63.35,5.835,35.666666666666664,57.65,63.942056074766356,3.3018361229650846,1.2361262208037829,2.980423189058181,3.1531840771464443,1.0783087389236803,3.4540786115201056,2.5716494613169427
17,1,Caris LeVert,30.0,BKN,PG/SG,7200,33.5,39.7,5.525,32.666666666666664,34.94,40.71275510204082,1.4518692216811526,1.0222716845050295,1.3439050654089606,1.2034994315606806,0.8783048628282977,0.6021820515861801,1.0966532856436069
17,2,Sterling Brown,10.8,MIL,SG/SF,3000,15.0,12.3,4.075,12.0,10.8,15.375000000000002,-0.6914328119416693,-0.5602518841057451,-0.4411549105998688,-0.8689526751958289,-0.05719713826300981,-0.6624002567447986,-0.5593229160496745
17,3,Jake Layman,6.0,MIN,SF/PF,3100,14.0,11.65,3.7350000000000003,17.0,13.790000000000001,9.594117647058823,-0.7422775682137436,-0.6457936986252465,-0.8484215241058098,-0.6122570745660871,-0.2765562281740749,-0.9785458338275433,-0.5886554431777783
17,4,Brad Wanamaker,15.0,BOS,PG/SG,3500,31.0,25.3,7.25,20.666666666666668,17.52,37.949999999999996,0.3254623134998155,0.8084171482062762,1.1492673188404001,-0.2920314590647707,1.991229657230025,-0.385772876797397,0.1583789834241525
17,5,Kevin Porter Jr.,6.5,CLE,SG/SF,5300,38.5,32.5,6.145,32.333333333333336,24.82,38.69845360824742,0.888665767590484,1.4499807571025363,1.201996322440023,0.3346835525061706,1.2783126150190631,-0.945614002881424,0.6302825921142339
17,6,Larry Nance Jr.,53.3,CLE,PF/C,6500,37.5,34.85,5.34,29.0,27.55,45.0646551724138,1.0724891171895217,1.364438942583035,1.6504990238684891,0.569057796559413,0.7589477109649236,2.1368053736753363,0.8409694010832645
17,7,Naz Reid,41.3,MIN,C,5100,26.5,31.05,6.09,22.333333333333332,21.749999999999996,36.84291044776119,0.7752428497527799,0.4234789828685202,1.071272198846528,0.07111984216058265,1.2428280563569791,1.3464414309684747,0.506490117461115
18,0,CJ McCollum,39.5,POR,PG/SG,8600,36.0,41.3,4.785,37.666666666666664,42.54,39.47256637168142,1.577025544812412,1.2361262208037829,1.2565330288435164,1.8559698545660441,0.4008762553748027,1.2278868395624456,1.2673906102854258
18,1,Brad Wanamaker,15.0,BOS,PG/SG,3500,31.0,25.3,7.25,20.666666666666668,17.52,37.949999999999996,0.3254623134998155,0.8084171482062762,1.1492673188404001,-0.2920314590647707,1.991229657230025,-0.385772876797397,0.1583789834241525
18,2,Grant Williams,19.8,BOS,SF/PF,3100,23.5,18.6,5.995,17.0,11.280000000000001,25.711764705882356,-0.1986297896123343,0.1668535393100162,0.2870763349695179,-0.8277440169007532,1.1815365459406522,-0.06962729971465233,-0.25505012921968745
18,3,T.J. Warren,25.0,IND,SF/PF,6100,36.0,32.25,5.295,35.0,30.01,33.17142857142857,0.8691100921012247,1.2361262208037829,0.8126141084320663,0.7802521703216755,0.7299148902414003,0.2728637421249877,0.6606148908139909
18,4,Kevin Porter Jr.,6.5,CLE,SG/SF,5300,38.5,32.5,6.145,32.333333333333336,24.82,38.69845360824742,0.888665767590484,1.4499807571025363,1.201996322440023,0.3346835525061706,1.2783126150190631,-0.945614002881424,0.6302825921142339
18,5,Larry Nance Jr.,53.3,CLE,PF/C,6500,37.5,34.85,5.34,29.0,27.55,45.0646551724138,1.0724891171895217,1.364438942583035,1.6504990238684891,0.569057796559413,0.7589477109649236,2.1368053736753363,0.8409694010832645
18,6,Lauri Markkanen,18.0,CHI,PF/C,5000,19.5,20.35,4.05,32.0,26.25,12.400781250000001,-0.06174006118751902,-0.17531371876798915,-0.6506903974312332,0.4574510136769166,-0.0733264831094119,-0.18818189112068162,-0.04888716250084281
18,7,Caris LeVert,30.0,BKN,PG/SG,7200,33.5,39.7,5.525,32.666666666666664,34.94,40.71275510204082,1.4518692216811526,1.0222716845050295,1.3439050654089606,1.2034994315606806,0.8783048628282977,0.6021820515861801,1.0966532856436069
19,0,Shabazz Napier,20.0,WAS,PG/SG,5000,29.5,30.0,5.975,26.0,25.240000000000002,34.03846153846153,0.6931090126978907,0.6801044264270242,0.8736970986613808,0.37074112851436186,1.1686330700635306,-0.05645456733620467,0.47807795862889196
19,1,Brad Wanamaker,15.0,BOS,PG/SG,3500,31.0,25.3,7.25,20.666666666666668,17.52,37.949999999999996,0.3254623134998155,0.8084171482062762,1.1492673188404001,-0.2920314590647707,1.991229657230025,-0.385772876797397,0.1583789834241525
19,2,Derrick Jones Jr.,18.5,MIA,SF/PF,3700,21.0,16.9,4.565,22.333333333333332,19.160000000000004,15.891044776119402,-0.3316083829392979,-0.04700099698873714,-0.4047992479940295,-0.15123520988992875,0.2589380207264666,-0.1552500601745624,-0.2737341978826888
19,3,Larry Nance Jr.,53.3,CLE,PF/C,6500,37.5,34.85,5.34,29.0,27.55,45.0646551724138,1.0724891171895217,1.364438942583035,1.6504990238684891,0.569057796559413,0.7589477109649236,2.1368053736753363,0.8409694010832645
19,4,Caris LeVert,30.0,BKN,PG/SG,7200,33.5,39.7,5.525,32.666666666666664,34.94,40.71275510204082,1.4518692216811526,1.0222716845050295,1.3439050654089606,1.2034994315606806,0.8783048628282977,0.6021820515861801,1.0966532856436069
19,5,Anthony Tolliver,11.5,MEM,PF/C,3100,13.0,8.25,2.63,14.666666666666666,8.59,7.3125,-1.0082347548676704,-0.7313355131447479,-1.0091628496856795,-1.0586842060960728,-0.989473270385037,-0.6162956934202317,-0.767006816785372
19,6,Bobby Portis,29.0,NY,PF/C,4000,23.5,25.0,6.265000000000001,19.666666666666668,21.160000000000004,29.8728813559322,0.3019955029127043,0.1668535393100162,0.5802294875512809,0.02046753300621952,1.3557334702817925,0.5363183896939416,0.15446181040369647
19,7,Luka Doncic,73.3,DAL,PG,10900,36.0,63.35,5.835,35.666666666666664,57.65,63.942056074766356,3.3018361229650846,1.2361262208037829,2.980423189058181,3.1531840771464443,1.0783087389236803,3.4540786115201056,2.5716494613169427
20,0,Shabazz Napier,20.0,WAS,PG/SG,5000,29.5,30.0,5.975,26.0,25.240000000000002,34.03846153846153,0.6931090126978907,0.6801044264270242,0.8736970986613808,0.37074112851436186,1.1686330700635306,-0.05645456733620467,0.47807795862889196
20,1,Kevin Porter Jr.,6.5,CLE,SG/SF,5300,38.5,32.5,6.145,32.333333333333336,24.82,38.69845360824742,0.888665767590484,1.4499807571025363,1.201996322440023,0.3346835525061706,1.2783126150190631,-0.945614002881424,0.6302825921142339
20,2,T.J. Warren,25.0,IND,SF/PF,6100,36.0,32.25,5.295,35.0,30.01,33.17142857142857,0.8691100921012247,1.2361262208037829,0.8126141084320663,0.7802521703216755,0.7299148902414003,0.2728637421249877,0.6606148908139909
20,3,Timothe Luwawu-Cabarrot,12.8,BKN,SF/PF,3200,22.0,16.45,5.154999999999999,21.0,12.830000000000002,17.233333333333334,-0.36680859881996464,0.0385408175307642,-0.3102342176632944,-0.6946743911562382,0.6395905591015496,-0.5306729329603216,-0.36606267707021556
20,4,Brad Wanamaker,15.0,BOS,PG/SG,3500,31.0,25.3,7.25,20.666666666666668,17.52,37.949999999999996,0.3254623134998155,0.8084171482062762,1.1492673188404001,-0.2920314590647707,1.991229657230025,-0.385772876797397,0.1583789834241525
20,5,Jerome Robinson,14.0,WAS,SG/SF,3100,28.0,19.65,6.345000000000001,20.333333333333332,12.33,27.059016393442622,-0.11649595255744535,0.5517917046477723,0.38199102079661706,-0.7376000768802754,1.4073473737902784,-0.4516365386896355,-0.19498210081002446
20,6,Domantas Sabonis,37.0,IND,PF/C,8700,35.5,45.55,5.22,35.666666666666664,44.85,45.337149532710285,1.9094720281298203,1.1933553135440322,1.6696964142566457,2.0542865226110956,0.6815268557021946,1.0632276848318494,1.5103451762217441
20,7,Caris LeVert,30.0,BKN,PG/SG,7200,33.5,39.7,5.525,32.666666666666664,34.94,40.71275510204082,1.4518692216811526,1.0222716845050295,1.3439050654089606,1.2034994315606806,0.8783048628282977,0.6021820515861801,1.0966532856436069
21,0,Brad Wanamaker,15.0,BOS,PG/SG,3500,31.0,25.3,7.25,20.666666666666668,17.52,37.949999999999996,0.3254623134998155,0.8084171482062762,1.1492673188404001,-0.2920314590647707,1.991229657230025,-0.385772876797397,0.1583789834241525
21,1,Shabazz Napier,20.0,WAS,PG/SG,5000,29.5,30.0,5.975,26.0,25.240000000000002,34.03846153846153,0.6931090126978907,0.6801044264270242,0.8736970986613808,0.37074112851436186,1.1686330700635306,-0.05645456733620467,0.47807795862889196
21,2,Danilo Gallinari,38.8,OKC,SF/PF,6200,31.5,31.4,5.08,30.666666666666668,30.9,32.25326086956522,0.8026207954377428,0.8511880554660269,0.7479286456016094,0.8566598909104612,0.5912025245623446,1.1817822762378785,0.6243635754979365
21,3,Zion Williamson,32.0,NO,PF/C,8000,32.5,41.55,5.18,32.0,39.27,42.19921875,1.5965812203016712,0.9367298699855282,1.4486273169690558,1.5752358699308422,0.6557199039479517,0.733909375370657,1.2463576723960756
21,4,Gary Trent Jr.,13.8,POR,SG/SF,4500,20.5,15.75,3.505,28.666666666666668,15.99,11.263081395348836,-0.4215644901898907,-0.0897719042484878,-0.730842031507343,-0.4233840573803241,-0.42494620076097217,-0.4648092710680832,-0.3428133854863936
21,5,Kevin Porter Jr.,6.5,CLE,SG/SF,5300,38.5,32.5,6.145,32.333333333333336,24.82,38.69845360824742,0.888665767590484,1.4499807571025363,1.201996322440023,0.3346835525061706,1.2783126150190631,-0.945614002881424,0.6302825921142339
21,6,Larry Nance Jr.,53.3,CLE,PF/C,6500,37.5,34.85,5.34,29.0,27.55,45.0646551724138,1.0724891171895217,1.364438942583035,1.6504990238684891,0.569057796559413,0.7589477109649236,2.1368053736753363,0.8409694010832645
21,7,Bobby Portis,29.0,NY,PF/C,4000,23.5,25.0,6.265000000000001,19.666666666666668,21.160000000000004,29.8728813559322,0.3019955029127043,0.1668535393100162,0.5802294875512809,0.02046753300621952,1.3557334702817925,0.5363183896939416,0.15446181040369647
22,0,Brad Wanamaker,15.0,BOS,PG/SG,3500,31.0,25.3,7.25,20.666666666666668,17.52,37.949999999999996,0.3254623134998155,0.8084171482062762,1.1492673188404001,-0.2920314590647707,1.991229657230025,-0.385772876797397,0.1583789834241525
22,1,Jerome Robinson,14.0,WAS,SG/SF,3100,28.0,19.65,6.345000000000001,20.333333333333332,12.33,27.059016393442622,-0.11649595255744535,0.5517917046477723,0.38199102079661706,-0.7376000768802754,1.4073473737902784,-0.4516365386896355,-0.19498210081002446
22,2,Kevin Porter Jr.,6.5,CLE,SG/SF,5300,38.5,32.5,6.145,32.333333333333336,24.82,38.69845360824742,0.888665767590484,1.4499807571025363,1.201996322440023,0.3346835525061706,1.2783126150190631,-0.945614002881424,0.6302825921142339
22,3,Taurean Prince,21.3,BKN,PF,4700,25.0,23.55,5.005,27.333333333333332,24.549999999999997,21.539634146341466,0.18857258507500027,0.2951662610892682,-0.006852754112249539,0.3115036822151903,0.5428144900231389,0.029168193123705388,0.11632841560049104
22,4,Caris LeVert,30.0,BKN,PG/SG,7200,33.5,39.7,5.525,32.666666666666664,34.94,40.71275510204082,1.4518692216811526,1.0222716845050295,1.3439050654089606,1.2034994315606806,0.8783048628282977,0.6021820515861801,1.0966532856436069
22,5,Moe Harkless,6.5,NY,SF/PF,3800,28.5,18.75,4.92,26.333333333333332,17.490000000000002,20.292721518987342,-0.1868963843187788,0.5945626119075229,-0.0946984932357831,-0.29460700020821273,0.4879747175453726,-0.945614002881424,-0.175404391522377
22,6,Zion Williamson,32.0,NO,PF/C,8000,32.5,41.55,5.18,32.0,39.27,42.19921875,1.5965812203016712,0.9367298699855282,1.4486273169690558,1.5752358699308422,0.6557199039479517,0.733909375370657,1.2463576723960756
22,7,Naz Reid,41.3,MIN,C,5100,26.5,31.05,6.09,22.333333333333332,21.749999999999996,36.84291044776119,0.7752428497527799,0.4234789828685202,1.071272198846528,0.07111984216058265,1.2428280563569791,1.3464414309684747,0.506490117461115
23,0,Caris LeVert,30.0,BKN,PG/SG,7200,33.5,39.7,5.525,32.666666666666664,34.94,40.71275510204082,1.4518692216811526,1.0222716845050295,1.3439050654089606,1.2034994315606806,0.8783048628282977,0.6021820515861801,1.0966532856436069
23,1,Deonte Burton,0.0,OKC,SG/SF,3000,0.0,0.5,0.165,10.0,5.24,0.0,-1.6144606950347093,-1.8433791018982653,-1.524332840949554,-1.346286300447121,-2.579826672240259,-1.373727805180974,-1.1299278213901365
23,2,Kevin Porter Jr.,6.5,CLE,SG/SF,5300,38.5,32.5,6.145,32.333333333333336,24.82,38.69845360824742,0.888665767590484,1.4499807571025363,1.201996322440023,0.3346835525061706,1.2783126150190631,-0.945614002881424,0.6302825921142339
23,3,Larry Nance Jr.,53.3,CLE,PF/C,6500,37.5,34.85,5.34,29.0,27.55,45.0646551724138,1.0724891171895217,1.364438942583035,1.6504990238684891,0.569057796559413,0.7589477109649236,2.1368053736753363,0.8409694010832645
23,4,Sterling Brown,10.8,MIL,SG/SF,3000,15.0,12.3,4.075,12.0,10.8,15.375000000000002,-0.6914328119416693,-0.5602518841057451,-0.4411549105998688,-0.8689526751958289,-0.05719713826300981,-0.6624002567447986,-0.5593229160496745
23,5,Denzel Valentine,15.5,CHI,SG/SF,3800,22.0,22.35,5.895,15.0,15.010000000000002,32.78,0.09470534272655556,0.0385408175307642,0.7850377318545227,-0.5075184013994366,1.1170191665550446,-0.3528410458512778,0.005531359960387355
23,6,Domantas Sabonis,37.0,IND,PF/C,8700,35.5,45.55,5.22,35.666666666666664,44.85,45.337149532710285,1.9094720281298203,1.1933553135440322,1.6696964142566457,2.0542865226110956,0.6815268557021946,1.0632276848318494,1.5103451762217441
23,7,CJ McCollum,39.5,POR,PG/SG,8600,36.0,41.3,4.785,37.666666666666664,42.54,39.47256637168142,1.577025544812412,1.2361262208037829,1.2565330288435164,1.8559698545660441,0.4008762553748027,1.2278868395624456,1.2673906102854258
24,0,Donte DiVincenzo,40.8,MIL,PG/SG,4300,26.5,23.65,5.484999999999999,25.333333333333332,22.689999999999998,24.739144736842103,0.19639485527070383,0.4234789828685202,0.21855467740322226,0.15182013132177244,0.852497911074054,1.3135096000223554,0.10733840766178772
24,1,Frank Ntilikina,7.0,NY,PG/SG,3700,21.0,16.8,4.565,22.333333333333332,16.44,15.797014925373137,-0.3394306531350015,-0.04700099698873714,-0.4114237071239436,-0.3847509402286906,0.2589380207264666,-0.9126821719353049,-0.30319603614120705
24,2,Kevin Porter Jr.,6.5,CLE,SG/SF,5300,38.5,32.5,6.145,32.333333333333336,24.82,38.69845360824742,0.888665767590484,1.4499807571025363,1.201996322440023,0.3346835525061706,1.2783126150190631,-0.945614002881424,0.6302825921142339
24,3,Larry Nance Jr.,53.3,CLE,PF/C,6500,37.5,34.85,5.34,29.0,27.55,45.0646551724138,1.0724891171895217,1.364438942583035,1.6504990238684891,0.569057796559413,0.7589477109649236,2.1368053736753363,0.8409694010832645
24,4,Spencer Dinwiddie,18.5,BKN,PG/SG,7800,33.0,38.9,4.97,30.333333333333332,38.480000000000004,42.31978021978022,1.3892910601155226,0.979500777245279,1.4571209445018334,1.5074132864868637,0.5202334072381761,-0.1552500601745624,1.122864435927003
24,5,Bobby Portis,29.0,NY,PF/C,4000,23.5,25.0,6.265000000000001,19.666666666666668,21.160000000000004,29.8728813559322,0.3019955029127043,0.1668535393100162,0.5802294875512809,0.02046753300621952,1.3557334702817925,0.5363183896939416,0.15446181040369647
24,6,Naz Reid,41.3,MIN,C,5100,26.5,31.05,6.09,22.333333333333332,21.749999999999996,36.84291044776119,0.7752428497527799,0.4234789828685202,1.071272198846528,0.07111984216058265,1.2428280563569791,1.3464414309684747,0.506490117461115
24,7,Brad Wanamaker,15.0,BOS,PG/SG,3500,31.0,25.3,7.25,20.666666666666668,17.52,37.949999999999996,0.3254623134998155,0.8084171482062762,1.1492673188404001,-0.2920314590647707,1.991229657230025,-0.385772876797397,0.1583789834241525
25,0,Caris LeVert,30.0,BKN,PG/SG,7200,33.5,39.7,5.525,32.666666666666664,34.94,40.71275510204082,1.4518692216811526,1.0222716845050295,1.3439050654089606,1.2034994315606806,0.8783048628282977,0.6021820515861801,1.0966532856436069
25,1,Shabazz Napier,20.0,WAS,PG/SG,5000,29.5,30.0,5.975,26.0,25.240000000000002,34.03846153846153,0.6931090126978907,0.6801044264270242,0.8736970986613808,0.37074112851436186,1.1686330700635306,-0.05645456733620467,0.47807795862889196
25,2,Kevin Porter Jr.,6.5,CLE,SG/SF,5300,38.5,32.5,6.145,32.333333333333336,24.82,38.69845360824742,0.888665767590484,1.4499807571025363,1.201996322440023,0.3346835525061706,1.2783126150190631,-0.945614002881424,0.6302825921142339
25,3,Zion Williamson,32.0,NO,PF/C,8000,32.5,41.55,5.18,32.0,39.27,42.19921875,1.5965812203016712,0.9367298699855282,1.4486273169690558,1.5752358699308422,0.6557199039479517,0.733909375370657,1.2463576723960756
25,4,Jerome Robinson,14.0,WAS,SG/SF,3100,28.0,19.65,6.345000000000001,20.333333333333332,12.33,27.059016393442622,-0.11649595255744535,0.5517917046477723,0.38199102079661706,-0.7376000768802754,1.4073473737902784,-0.4516365386896355,-0.19498210081002446
25,5,Terrence Ross,38.5,ORL,SG/SF,5700,29.5,25.6,4.484999999999999,28.666666666666668,26.639999999999997,26.344186046511627,0.3489291240869268,0.6801044264270242,0.3316307960330488,0.49093304854166525,0.20732411721798005,1.162023177670207,0.29277658510349724
25,6,Larry Nance Jr.,53.3,CLE,PF/C,6500,37.5,34.85,5.34,29.0,27.55,45.0646551724138,1.0724891171895217,1.364438942583035,1.6504990238684891,0.569057796559413,0.7589477109649236,2.1368053736753363,0.8409694010832645
25,7,Boban Marjanovic,0.0,DAL,C,3500,0.0,2.75,0.785,9.666666666666666,10.57,0.0,-1.4384596156313756,-1.8433791018982653,-1.524332840949554,-0.888698490628886,-2.1798189200494935,-1.373727805180974,-1.0012650818495559
26,0,Brad Wanamaker,15.0,BOS,PG/SG,3500,31.0,25.3,7.25,20.666666666666668,17.52,37.949999999999996,0.3254623134998155,0.8084171482062762,1.1492673188404001,-0.2920314590647707,1.991229657230025,-0.385772876797397,0.1583789834241525
26,1,Terrence Ross,38.5,ORL,SG/SF,5700,29.5,25.6,4.484999999999999,28.666666666666668,26.639999999999997,26.344186046511627,0.3489291240869268,0.6801044264270242,0.3316307960330488,0.49093304854166525,0.20732411721798005,1.162023177670207,0.29277658510349724
26,2,Timothe Luwawu-Cabarrot,12.8,BKN,SF/PF,3200,22.0,16.45,5.154999999999999,21.0,12.830000000000002,17.233333333333334,-0.36680859881996464,0.0385408175307642,-0.3102342176632944,-0.6946743911562382,0.6395905591015496,-0.5306729329603216,-0.36606267707021556
26,3,Doug McDermott,24.3,IND,SF/PF,3300,16.0,12.350000000000001,3.73,16.333333333333332,15.030000000000001,12.097959183673472,-0.6875216768438174,-0.47471006958624384,-0.6720243928177558,-0.5058013739704752,-0.27978209714335545,0.22675917880042082,-0.5247632029529622
26,4,Luka Doncic,73.3,DAL,PG,10900,36.0,63.35,5.835,35.666666666666664,57.65,63.942056074766356,3.3018361229650846,1.2361262208037829,2.980423189058181,3.1531840771464443,1.0783087389236803,3.4540786115201056,2.5716494613169427
26,5,Bobby Portis,29.0,NY,PF/C,4000,23.5,25.0,6.265000000000001,19.666666666666668,21.160000000000004,29.8728813559322,0.3019955029127043,0.1668535393100162,0.5802294875512809,0.02046753300621952,1.3557334702817925,0.5363183896939416,0.15446181040369647
26,6,Zion Williamson,32.0,NO,PF/C,8000,32.5,41.55,5.18,32.0,39.27,42.19921875,1.5965812203016712,0.9367298699855282,1.4486273169690558,1.5752358699308422,0.6557199039479517,0.733909375370657,1.2463576723960756
26,7,Boban Marjanovic,0.0,DAL,C,3500,0.0,2.75,0.785,9.666666666666666,10.57,0.0,-1.4384596156313756,-1.8433791018982653,-1.524332840949554,-0.888698490628886,-2.1798189200494935,-1.373727805180974,-1.0012650818495559
27,0,Donovan Mitchell,39.8,UTA,PG/SG,8100,35.0,39.8,4.9,34.666666666666664,41.0,40.18269230769231,1.459691491876856,1.1505844062842816,1.3065618250487787,1.7237587425360101,0.4750712416682514,1.2476459381301168,1.1802322651989665
27,1,Svi Mykhailiuk,23.3,DET,SG/SF,3900,30.0,21.15,5.425000000000001,27.666666666666668,17.05,22.933734939759034,0.0008381003781105898,0.7228753336867749,0.09136247919590625,-0.33238160364536545,0.8137874834426905,0.16089551690818232,-0.06638060271646788
27,2,Jerome Robinson,14.0,WAS,SG/SF,3100,28.0,19.65,6.345000000000001,20.333333333333332,12.33,27.059016393442622,-0.11649595255744535,0.5517917046477723,0.38199102079661706,-0.7376000768802754,1.4073473737902784,-0.4516365386896355,-0.19498210081002446
27,3,Bojan Bogdanovic,33.0,UTA,SF/PF,6200,33.5,30.05,4.859999999999999,33.666666666666664,29.55,29.90123762376238,0.6970201477957426,1.0222716845050295,0.5822272035513287,0.7407605394555613,0.4492642899140078,0.7997730372628955,0.5446991130782565
27,4,Josh Okogie,12.5,MIN,SG/SF,4300,27.5,22.05,5.115,26.333333333333332,20.05,23.026898734177216,0.07123853213944432,0.5090207973880215,0.09792592414038817,-0.07482748930114302,0.6137836073473072,-0.5504320315279932,0.013342361780540029
27,5,James Johnson,29.5,MIN,PF/C,4700,23.5,23.8,5.05,22.333333333333332,21.799999999999997,25.043283582089554,0.2081282605642596,0.1668535393100162,0.2399814406509671,0.0754124107329864,0.5718473107466622,0.5692502206400608,0.12266742935235773
27,6,Enes Kanter,27.3,BOS,C,3500,15.0,19.05,5.45,18.333333333333332,20.93,15.58636363636364,-0.16342957373166755,-0.5602518841057451,-0.42626421621368676,0.0007217175731621273,0.829916828289092,0.42435016447713625,-0.20327699449319403
27,7,Nicolo Melli,14.0,NO,PF/C,4100,21.5,19.4,4.71,20.0,16.74,20.855,-0.13605162804670468,-0.004230089728986467,-0.05508563851425752,-0.3589955287942686,0.35248822083559705,-0.4516365386896355,-0.14855533551539377
28,0,Markelle Fultz,24.5,ORL,PG/SG,5200,30.0,26.35,5.05,28.333333333333332,26.009999999999998,27.900000000000002,0.4075961505547047,0.7228753336867749,0.44123881802646014,0.4368466845293786,0.5718473107466622,0.23993191117886845,0.3100552783330667
28,1,Sterling Brown,10.8,MIL,SG/SF,3000,15.0,12.3,4.075,12.0,10.8,15.375000000000002,-0.6914328119416693,-0.5602518841057451,-0.4411549105998688,-0.8689526751958289,-0.05719713826300981,-0.6624002567447986,-0.5593229160496745
28,2,Andre Iguodala,14.8,MIA,SG/SF,3200,14.5,12.35,3.86,15.333333333333334,13.309999999999999,11.678804347826086,-0.6875216768438175,-0.6030227913654959,-0.7015541012788442,-0.6534657328611629,-0.1959095039420659,-0.3989456091758447,-0.5503873581739296
28,3,Davis Bertans,36.0,WAS,PF,5600,29.5,28.6,5.085,30.0,28.02,28.123333333333335,0.5835972299580386,0.6801044264270242,0.45697278471121433,0.6094079411400077,0.5944283935316248,0.9973640229396109,0.43482680701700066
28,4,Jordan McLaughlin,22.3,MIN,PG,3800,17.0,17.1,4.484999999999999,18.333333333333332,18.18,15.856363636363639,-0.31596384254789023,-0.38916825506674246,-0.4072425549977899,-0.23536955390904174,0.20732411721798005,0.09503185501594386,-0.27548639785583473
28,5,Jarrod Uthoff,2.0,MEM,PF,3000,0.0,4.75,1.585,3.0,0.95,0.0,-1.2820142117173008,-1.8433791018982653,-1.524332840949554,-1.7145886839593591,-1.6636798849646344,-1.242000481396497,-1.0244415956852686
28,6,Kelly Olynyk,26.8,MIA,PF/C,3900,14.5,15.0,3.8499999999999996,16.0,19.0,13.59375,-0.48023151665766867,-0.6030227913654959,-0.5666450366769665,-0.16497142932162093,-0.20236124188062682,0.391418333531017,-0.3602761993027564
28,7,Yuta Watanabe,10.0,MEM,SF,3000,0.0,1.25,0.415,8.666666666666666,3.29,0.0,-1.5557936685669314,-1.8433791018982653,-1.524332840949554,-1.5136964747708657,-2.4185332237762407,-0.7150911862585894,-1.1218407253463727
