Lineup Num,,Player Name,Actual FP,team,Pos,Salary,DFN_MinProj,Avg Proj,Avg Value Proj,Avg Skewed Min,Avg Skewed FP,Proj Min Enhanced,Avg Proj Stan,DFN_MinProj Stan,Proj Min Enhanced Stan,Avg Skewed FP Stan,Avg Value Proj Stan,Actual FP Stan,predictions
0,0,Donovan Mitchell,19.8,UTA,PG/SG,6900,35.5,40.45,5.855,35.333333333333336,38.89,40.64080188679245,1.4508388761107693,1.1911140898803267,1.3234534161339162,1.4268955755083041,1.0353270548850506,-0.12357080509564301,1.1087374046944933
0,1,CJ McCollum,50.0,POR,PG/SG,6600,39.0,43.55,6.62,35.666666666666664,36.71,47.62009345794393,1.6933610737292617,1.4979450794334987,1.8088312425774293,1.2348709253499854,1.5460871924321269,1.8673200321194021,1.246703938043321
0,2,LeBron James,50.3,LAL,PG/SF,10500,34.5,57.1,5.415,35.333333333333336,55.8,55.75330188679245,2.7534177762229963,1.1034480928651347,2.3744587119217493,2.9164078847638857,0.7415565182566664,1.88709709341624,2.1891989591382743
0,3,Jayson Tatum,52.8,BOS,SF/PF,7800,35.5,45.1,5.79,38.0,43.62,42.132894736842104,1.8146221725385083,1.1911140898803267,1.4272216535009532,1.843536215530711,0.9919291347013117,2.0519059375565587,1.3910940246125005
0,4,Anfernee Simons,19.8,POR,PG/SG,3500,30.0,25.25,7.22,22.333333333333332,18.330000000000002,33.917910447761194,0.26169777811041783,0.7089511062967704,0.8559070468747904,-0.3841258957096001,1.9466833787435593,-0.12357080509564301,0.07140094305987017
0,5,Brandon Ingram,29.5,NO,SF/PF,6800,33.5,38.95,5.715,34.666666666666664,41.83,37.6391826923077,1.3334894256502083,1.0157820958499426,1.114704521553808,1.6858645991163117,0.9418546114123826,0.515887510168792,1.0539129234498534
0,6,Naz Reid,38.8,MIN,PF/C,4500,25.5,28.3,6.29,13.0,17.240000000000002,55.51153846153847,0.5003083273802252,0.31445411972840615,2.3576451707955464,-0.4801382207887594,1.325759289960839,1.128976410370776,0.3788172573851788
0,7,Frank Ntilikina,24.5,NY,PG/SG,3100,28.0,21.15,6.82,18.666666666666668,16.07,31.724999999999994,-0.0590573864817823,0.5336191122663863,0.7034001490229796,-0.5831973220205178,1.679619254535938,0.18626982188815536,-0.1447672980518587
1,0,Anfernee Simons,19.8,POR,PG/SG,3500,30.0,25.25,7.22,22.333333333333332,18.330000000000002,33.917910447761194,0.26169777811041783,0.7089511062967704,0.8559070468747904,-0.3841258957096001,1.9466833787435593,-0.12357080509564301,0.07140094305987017
1,1,CJ McCollum,50.0,POR,PG/SG,6600,39.0,43.55,6.62,35.666666666666664,36.71,47.62009345794393,1.6933610737292617,1.4979450794334987,1.8088312425774293,1.2348709253499854,1.5460871924321269,1.8673200321194021,1.246703938043321
1,2,LeBron James,50.3,LAL,PG/SF,10500,34.5,57.1,5.415,35.333333333333336,55.8,55.75330188679245,2.7534177762229963,1.1034480928651347,2.3744587119217493,2.9164078847638857,0.7415565182566664,1.88709709341624,2.1891989591382743
1,3,Jayson Tatum,52.8,BOS,SF/PF,7800,35.5,45.1,5.79,38.0,43.62,42.132894736842104,1.8146221725385083,1.1911140898803267,1.4272216535009532,1.843536215530711,0.9919291347013117,2.0519059375565587,1.3910940246125005
1,4,Donovan Mitchell,19.8,UTA,PG/SG,6900,35.5,40.45,5.855,35.333333333333336,38.89,40.64080188679245,1.4508388761107693,1.1911140898803267,1.3234534161339162,1.4268955755083041,1.0353270548850506,-0.12357080509564301,1.1087374046944933
1,5,Brandon Ingram,29.5,NO,SF/PF,6800,33.5,38.95,5.715,34.666666666666664,41.83,37.6391826923077,1.3334894256502083,1.0157820958499426,1.114704521553808,1.6858645991163117,0.9418546114123826,0.515887510168792,1.0539129234498534
1,6,Naz Reid,38.8,MIN,PF/C,4500,25.5,28.3,6.29,13.0,17.240000000000002,55.51153846153847,0.5003083273802252,0.31445411972840615,2.3576451707955464,-0.4801382207887594,1.325759289960839,1.128976410370776,0.3788172573851788
1,7,Kentavious Caldwell-Pope,20.3,LAL,SG/SF,3400,26.0,18.8,5.545,27.666666666666668,17.8,17.667469879518073,-0.24290485886999436,0.3582871182360022,-0.2742368139099221,-0.4308107877205676,0.8283523586241434,-0.09060903626757935,-0.2740328187276606
2,0,CJ McCollum,50.0,POR,PG/SG,6600,39.0,43.55,6.62,35.666666666666664,36.71,47.62009345794393,1.6933610737292617,1.4979450794334987,1.8088312425774293,1.2348709253499854,1.5460871924321269,1.8673200321194021,1.246703938043321
2,1,Donovan Mitchell,19.8,UTA,PG/SG,6900,35.5,40.45,5.855,35.333333333333336,38.89,40.64080188679245,1.4508388761107693,1.1911140898803267,1.3234534161339162,1.4268955755083041,1.0353270548850506,-0.12357080509564301,1.1087374046944933
2,2,Brandon Ingram,29.5,NO,SF/PF,6800,33.5,38.95,5.715,34.666666666666664,41.83,37.6391826923077,1.3334894256502083,1.0157820958499426,1.114704521553808,1.6858645991163117,0.9418546114123826,0.515887510168792,1.0539129234498534
2,3,Naz Reid,38.8,MIN,PF/C,4500,25.5,28.3,6.29,13.0,17.240000000000002,55.51153846153847,0.5003083273802252,0.31445411972840615,2.3576451707955464,-0.4801382207887594,1.325759289960839,1.128976410370776,0.3788172573851788
2,4,Frank Ntilikina,24.5,NY,PG/SG,3100,28.0,21.15,6.82,18.666666666666668,16.07,31.724999999999994,-0.0590573864817823,0.5336191122663863,0.7034001490229796,-0.5831973220205178,1.679619254535938,0.18626982188815536,-0.1447672980518587
2,5,Jayson Tatum,52.8,BOS,SF/PF,7800,35.5,45.1,5.79,38.0,43.62,42.132894736842104,1.8146221725385083,1.1911140898803267,1.4272216535009532,1.843536215530711,0.9919291347013117,2.0519059375565587,1.3910940246125005
2,6,Anthony Davis,66.8,LAL,PF/C,9900,35.0,54.2,5.49,35.666666666666664,52.04,53.186915887850475,2.5265421719992447,1.1472810913727307,2.1959782966414343,2.58520940559174,0.7916310415455955,2.974835464742341,1.9932193098642497
2,7,Anfernee Simons,19.8,POR,PG/SG,3500,30.0,25.25,7.22,22.333333333333332,18.330000000000002,33.917910447761194,0.26169777811041783,0.7089511062967704,0.8559070468747904,-0.3841258957096001,1.9466833787435593,-0.12357080509564301,0.07140094305987017
3,0,CJ McCollum,50.0,POR,PG/SG,6600,39.0,43.55,6.62,35.666666666666664,36.71,47.62009345794393,1.6933610737292617,1.4979450794334987,1.8088312425774293,1.2348709253499854,1.5460871924321269,1.8673200321194021,1.246703938043321
3,1,Donovan Mitchell,19.8,UTA,PG/SG,6900,35.5,40.45,5.855,35.333333333333336,38.89,40.64080188679245,1.4508388761107693,1.1911140898803267,1.3234534161339162,1.4268955755083041,1.0353270548850506,-0.12357080509564301,1.1087374046944933
3,2,Brandon Ingram,29.5,NO,SF/PF,6800,33.5,38.95,5.715,34.666666666666664,41.83,37.6391826923077,1.3334894256502083,1.0157820958499426,1.114704521553808,1.6858645991163117,0.9418546114123826,0.515887510168792,1.0539129234498534
3,3,Jayson Tatum,52.8,BOS,SF/PF,7800,35.5,45.1,5.79,38.0,43.62,42.132894736842104,1.8146221725385083,1.1911140898803267,1.4272216535009532,1.843536215530711,0.9919291347013117,2.0519059375565587,1.3910940246125005
3,4,Frank Ntilikina,24.5,NY,PG/SG,3100,28.0,21.15,6.82,18.666666666666668,16.07,31.724999999999994,-0.0590573864817823,0.5336191122663863,0.7034001490229796,-0.5831973220205178,1.679619254535938,0.18626982188815536,-0.1447672980518587
3,5,Gary Trent Jr.,22.8,POR,SG/SF,4400,33.0,24.9,5.675000000000001,22.666666666666668,16.939999999999998,36.25147058823529,0.23431623966962017,0.9719490973423466,1.0181954879452737,-0.5065636313610055,0.9151481989916209,0.07419980787273896,0.12118769508802743
3,6,Naz Reid,38.8,MIN,PF/C,4500,25.5,28.3,6.29,13.0,17.240000000000002,55.51153846153847,0.5003083273802252,0.31445411972840615,2.3576451707955464,-0.4801382207887594,1.325759289960839,1.128976410370776,0.3788172573851788
3,7,Anthony Davis,66.8,LAL,PF/C,9900,35.0,54.2,5.49,35.666666666666664,52.04,53.186915887850475,2.5265421719992447,1.1472810913727307,2.1959782966414343,2.58520940559174,0.7916310415455955,2.974835464742341,1.9932193098642497
4,0,Donovan Mitchell,19.8,UTA,PG/SG,6900,35.5,40.45,5.855,35.333333333333336,38.89,40.64080188679245,1.4508388761107693,1.1911140898803267,1.3234534161339162,1.4268955755083041,1.0353270548850506,-0.12357080509564301,1.1087374046944933
4,1,Anfernee Simons,19.8,POR,PG/SG,3500,30.0,25.25,7.22,22.333333333333332,18.330000000000002,33.917910447761194,0.26169777811041783,0.7089511062967704,0.8559070468747904,-0.3841258957096001,1.9466833787435593,-0.12357080509564301,0.07140094305987017
4,2,Trevor Ariza,31.0,POR,SF,4500,35.5,26.35,5.835,30.333333333333332,21.75,30.83818681318682,0.347754041781496,1.1911140898803267,0.6417263455017137,-0.08287621518599943,1.0219738486746692,0.614772816652983,0.1998394889666967
4,3,Naz Reid,38.8,MIN,PF/C,4500,25.5,28.3,6.29,13.0,17.240000000000002,55.51153846153847,0.5003083273802252,0.31445411972840615,2.3576451707955464,-0.4801382207887594,1.325759289960839,1.128976410370776,0.3788172573851788
4,4,CJ McCollum,50.0,POR,PG/SG,6600,39.0,43.55,6.62,35.666666666666664,36.71,47.62009345794393,1.6933610737292617,1.4979450794334987,1.8088312425774293,1.2348709253499854,1.5460871924321269,1.8673200321194021,1.246703938043321
4,5,Danilo Gallinari,24.3,OKC,SF/PF,6200,31.5,32.75,5.29,31.666666666666668,32.73,32.57763157894737,0.8484450304132227,0.8404501018195585,0.7626967779612515,0.8842938117581924,0.6580989794417845,0.17308511435692994,0.6503867010342536
4,6,Anthony Davis,66.8,LAL,PF/C,9900,35.0,54.2,5.49,35.666666666666664,52.04,53.186915887850475,2.5265421719992447,1.1472810913727307,2.1959782966414343,2.58520940559174,0.7916310415455955,2.974835464742341,1.9932193098642497
4,7,Jayson Tatum,52.8,BOS,SF/PF,7800,35.5,45.1,5.79,38.0,43.62,42.132894736842104,1.8146221725385083,1.1911140898803267,1.4272216535009532,1.843536215530711,0.9919291347013117,2.0519059375565587,1.3910940246125005
5,0,CJ McCollum,50.0,POR,PG/SG,6600,39.0,43.55,6.62,35.666666666666664,36.71,47.62009345794393,1.6933610737292617,1.4979450794334987,1.8088312425774293,1.2348709253499854,1.5460871924321269,1.8673200321194021,1.246703938043321
5,1,Anfernee Simons,19.8,POR,PG/SG,3500,30.0,25.25,7.22,22.333333333333332,18.330000000000002,33.917910447761194,0.26169777811041783,0.7089511062967704,0.8559070468747904,-0.3841258957096001,1.9466833787435593,-0.12357080509564301,0.07140094305987017
5,2,DeMar DeRozan,35.3,SA,SG/SF,6800,34.0,37.5,5.49,34.0,39.22,37.5,1.2200516235383325,1.0596150943575386,1.1050250015076608,1.4559635271377742,0.7916310415455955,0.8982440285743303,0.9667454635626811
5,3,Danilo Gallinari,24.3,OKC,SF/PF,6200,31.5,32.75,5.29,31.666666666666668,32.73,32.57763157894737,0.8484450304132227,0.8404501018195585,0.7626967779612515,0.8842938117581924,0.6580989794417845,0.17308511435692994,0.6503867010342536
5,4,Joe Ingles,21.8,UTA,SG/SF,4700,32.0,28.15,6.005,31.666666666666668,25.43,28.446315789473683,0.48857338233416897,0.8842831003271545,0.4753826490409049,0.24127548783354763,1.1354761014629084,0.008276270216611635,0.3001748712193916
5,5,Naz Reid,38.8,MIN,PF/C,4500,25.5,28.3,6.29,13.0,17.240000000000002,55.51153846153847,0.5003083273802252,0.31445411972840615,2.3576451707955464,-0.4801382207887594,1.325759289960839,1.128976410370776,0.3788172573851788
5,6,Anthony Davis,66.8,LAL,PF/C,9900,35.0,54.2,5.49,35.666666666666664,52.04,53.186915887850475,2.5265421719992447,1.1472810913727307,2.1959782966414343,2.58520940559174,0.7916310415455955,2.974835464742341,1.9932193098642497
5,7,Jayson Tatum,52.8,BOS,SF/PF,7800,35.5,45.1,5.79,38.0,43.62,42.132894736842104,1.8146221725385083,1.1911140898803267,1.4272216535009532,1.843536215530711,0.9919291347013117,2.0519059375565587,1.3910940246125005
6,0,Anfernee Simons,19.8,POR,PG/SG,3500,30.0,25.25,7.22,22.333333333333332,18.330000000000002,33.917910447761194,0.26169777811041783,0.7089511062967704,0.8559070468747904,-0.3841258957096001,1.9466833787435593,-0.12357080509564301,0.07140094305987017
6,1,Donovan Mitchell,19.8,UTA,PG/SG,6900,35.5,40.45,5.855,35.333333333333336,38.89,40.64080188679245,1.4508388761107693,1.1911140898803267,1.3234534161339162,1.4268955755083041,1.0353270548850506,-0.12357080509564301,1.1087374046944933
6,2,Danilo Gallinari,24.3,OKC,SF/PF,6200,31.5,32.75,5.29,31.666666666666668,32.73,32.57763157894737,0.8484450304132227,0.8404501018195585,0.7626967779612515,0.8842938117581924,0.6580989794417845,0.17308511435692994,0.6503867010342536
6,3,Bojan Bogdanovic,25.5,UTA,SF/PF,6000,34.0,32.1,5.375,34.0,31.360000000000003,32.1,0.7975936018803131,1.0596150943575386,0.7294796848986087,0.7636177701449376,0.7148501058359041,0.2521933595442827,0.5995362529919513
6,4,CJ McCollum,50.0,POR,PG/SG,6600,39.0,43.55,6.62,35.666666666666664,36.71,47.62009345794393,1.6933610737292617,1.4979450794334987,1.8088312425774293,1.2348709253499854,1.5460871924321269,1.8673200321194021,1.246703938043321
6,5,Jayson Tatum,52.8,BOS,SF/PF,7800,35.5,45.1,5.79,38.0,43.62,42.132894736842104,1.8146221725385083,1.1911140898803267,1.4272216535009532,1.843536215530711,0.9919291347013117,2.0519059375565587,1.3910940246125005
6,6,Anthony Davis,66.8,LAL,PF/C,9900,35.0,54.2,5.49,35.666666666666664,52.04,53.186915887850475,2.5265421719992447,1.1472810913727307,2.1959782966414343,2.58520940559174,0.7916310415455955,2.974835464742341,1.9932193098642497
6,7,Frank Ntilikina,24.5,NY,PG/SG,3100,28.0,21.15,6.82,18.666666666666668,16.07,31.724999999999994,-0.0590573864817823,0.5336191122663863,0.7034001490229796,-0.5831973220205178,1.679619254535938,0.18626982188815536,-0.1447672980518587
7,0,Donovan Mitchell,19.8,UTA,PG/SG,6900,35.5,40.45,5.855,35.333333333333336,38.89,40.64080188679245,1.4508388761107693,1.1911140898803267,1.3234534161339162,1.4268955755083041,1.0353270548850506,-0.12357080509564301,1.1087374046944933
7,1,CJ McCollum,50.0,POR,PG/SG,6600,39.0,43.55,6.62,35.666666666666664,36.71,47.62009345794393,1.6933610737292617,1.4979450794334987,1.8088312425774293,1.2348709253499854,1.5460871924321269,1.8673200321194021,1.246703938043321
7,2,Jayson Tatum,52.8,BOS,SF/PF,7800,35.5,45.1,5.79,38.0,43.62,42.132894736842104,1.8146221725385083,1.1911140898803267,1.4272216535009532,1.843536215530711,0.9919291347013117,2.0519059375565587,1.3910940246125005
7,3,Naz Reid,38.8,MIN,PF/C,4500,25.5,28.3,6.29,13.0,17.240000000000002,55.51153846153847,0.5003083273802252,0.31445411972840615,2.3576451707955464,-0.4801382207887594,1.325759289960839,1.128976410370776,0.3788172573851788
7,4,Anfernee Simons,19.8,POR,PG/SG,3500,30.0,25.25,7.22,22.333333333333332,18.330000000000002,33.917910447761194,0.26169777811041783,0.7089511062967704,0.8559070468747904,-0.3841258957096001,1.9466833787435593,-0.12357080509564301,0.07140094305987017
7,5,Maxi Kleber,34.3,DAL,PF/C,4000,22.5,18.4,4.615,23.666666666666668,19.04,17.49295774647887,-0.2741980456594774,0.05145612868283,-0.2863733350681312,-0.32158575735528555,0.20742826984142285,0.8323204909182029,-0.24333230076264623
7,6,Anthony Davis,66.8,LAL,PF/C,9900,35.0,54.2,5.49,35.666666666666664,52.04,53.186915887850475,2.5265421719992447,1.1472810913727307,2.1959782966414343,2.58520940559174,0.7916310415455955,2.974835464742341,1.9932193098642497
7,7,Brandon Ingram,29.5,NO,SF/PF,6800,33.5,38.95,5.715,34.666666666666664,41.83,37.6391826923077,1.3334894256502083,1.0157820958499426,1.114704521553808,1.6858645991163117,0.9418546114123826,0.515887510168792,1.0539129234498534
8,0,Darius Garland,23.5,CLE,PG,4600,34.0,24.5,5.34,31.333333333333332,22.339999999999996,26.585106382978722,0.20302305288013733,1.0596150943575386,0.34594404240425747,-0.030906241060583244,0.6914819949677371,0.12034628423202805,0.11145229169336678
8,1,Anfernee Simons,19.8,POR,PG/SG,3500,30.0,25.25,7.22,22.333333333333332,18.330000000000002,33.917910447761194,0.26169777811041783,0.7089511062967704,0.8559070468747904,-0.3841258957096001,1.9466833787435593,-0.12357080509564301,0.07140094305987017
8,2,Jayson Tatum,52.8,BOS,SF/PF,7800,35.5,45.1,5.79,38.0,43.62,42.132894736842104,1.8146221725385083,1.1911140898803267,1.4272216535009532,1.843536215530711,0.9919291347013117,2.0519059375565587,1.3910940246125005
8,3,Naz Reid,38.8,MIN,PF/C,4500,25.5,28.3,6.29,13.0,17.240000000000002,55.51153846153847,0.5003083273802252,0.31445411972840615,2.3576451707955464,-0.4801382207887594,1.325759289960839,1.128976410370776,0.3788172573851788
8,4,Donovan Mitchell,19.8,UTA,PG/SG,6900,35.5,40.45,5.855,35.333333333333336,38.89,40.64080188679245,1.4508388761107693,1.1911140898803267,1.3234534161339162,1.4268955755083041,1.0353270548850506,-0.12357080509564301,1.1087374046944933
8,5,Bojan Bogdanovic,25.5,UTA,SF/PF,6000,34.0,32.1,5.375,34.0,31.360000000000003,32.1,0.7975936018803131,1.0596150943575386,0.7294796848986087,0.7636177701449376,0.7148501058359041,0.2521933595442827,0.5995362529919513
8,6,Anthony Davis,66.8,LAL,PF/C,9900,35.0,54.2,5.49,35.666666666666664,52.04,53.186915887850475,2.5265421719992447,1.1472810913727307,2.1959782966414343,2.58520940559174,0.7916310415455955,2.974835464742341,1.9932193098642497
8,7,CJ McCollum,50.0,POR,PG/SG,6600,39.0,43.55,6.62,35.666666666666664,36.71,47.62009345794393,1.6933610737292617,1.4979450794334987,1.8088312425774293,1.2348709253499854,1.5460871924321269,1.8673200321194021,1.246703938043321
9,0,Frank Ntilikina,24.5,NY,PG/SG,3100,28.0,21.15,6.82,18.666666666666668,16.07,31.724999999999994,-0.0590573864817823,0.5336191122663863,0.7034001490229796,-0.5831973220205178,1.679619254535938,0.18626982188815536,-0.1447672980518587
9,1,Anfernee Simons,19.8,POR,PG/SG,3500,30.0,25.25,7.22,22.333333333333332,18.330000000000002,33.917910447761194,0.26169777811041783,0.7089511062967704,0.8559070468747904,-0.3841258957096001,1.9466833787435593,-0.12357080509564301,0.07140094305987017
9,2,Jayson Tatum,52.8,BOS,SF/PF,7800,35.5,45.1,5.79,38.0,43.62,42.132894736842104,1.8146221725385083,1.1911140898803267,1.4272216535009532,1.843536215530711,0.9919291347013117,2.0519059375565587,1.3910940246125005
9,3,Danilo Gallinari,24.3,OKC,SF/PF,6200,31.5,32.75,5.29,31.666666666666668,32.73,32.57763157894737,0.8484450304132227,0.8404501018195585,0.7626967779612515,0.8842938117581924,0.6580989794417845,0.17308511435692994,0.6503867010342536
9,4,CJ McCollum,50.0,POR,PG/SG,6600,39.0,43.55,6.62,35.666666666666664,36.71,47.62009345794393,1.6933610737292617,1.4979450794334987,1.8088312425774293,1.2348709253499854,1.5460871924321269,1.8673200321194021,1.246703938043321
9,5,Zion Williamson,36.5,NO,PF/C,8000,31.5,42.55,5.29,29.0,38.11,46.218103448275855,1.6151281067555543,0.8404501018195585,1.7113292458989986,1.3581895080204653,0.6580989794417845,0.9773522737616833,1.2583490703006386
9,6,Anthony Davis,66.8,LAL,PF/C,9900,35.0,54.2,5.49,35.666666666666664,52.04,53.186915887850475,2.5265421719992447,1.1472810913727307,2.1959782966414343,2.58520940559174,0.7916310415455955,2.974835464742341,1.9932193098642497
9,7,Naz Reid,38.8,MIN,PF/C,4500,25.5,28.3,6.29,13.0,17.240000000000002,55.51153846153847,0.5003083273802252,0.31445411972840615,2.3576451707955464,-0.4801382207887594,1.325759289960839,1.128976410370776,0.3788172573851788
10,0,Marcus Smart,31.8,BOS,PG/SG,5900,34.0,32.7,5.535,34.333333333333336,30.020000000000003,32.38252427184466,0.8445333820645377,1.0596150943575386,0.7491279565874317,0.6455842695889069,0.8216757555189529,0.6675116467778849,0.609378493653164
10,1,CJ McCollum,50.0,POR,PG/SG,6600,39.0,43.55,6.62,35.666666666666664,36.71,47.62009345794393,1.6933610737292617,1.4979450794334987,1.8088312425774293,1.2348709253499854,1.5460871924321269,1.8673200321194021,1.246703938043321
10,2,Brandon Ingram,29.5,NO,SF/PF,6800,33.5,38.95,5.715,34.666666666666664,41.83,37.6391826923077,1.3334894256502083,1.0157820958499426,1.114704521553808,1.6858645991163117,0.9418546114123826,0.515887510168792,1.0539129234498534
10,3,Naz Reid,38.8,MIN,PF/C,4500,25.5,28.3,6.29,13.0,17.240000000000002,55.51153846153847,0.5003083273802252,0.31445411972840615,2.3576451707955464,-0.4801382207887594,1.325759289960839,1.128976410370776,0.3788172573851788
10,4,Donovan Mitchell,19.8,UTA,PG/SG,6900,35.5,40.45,5.855,35.333333333333336,38.89,40.64080188679245,1.4508388761107693,1.1911140898803267,1.3234534161339162,1.4268955755083041,1.0353270548850506,-0.12357080509564301,1.1087374046944933
10,5,Danilo Gallinari,24.3,OKC,SF/PF,6200,31.5,32.75,5.29,31.666666666666668,32.73,32.57763157894737,0.8484450304132227,0.8404501018195585,0.7626967779612515,0.8842938117581924,0.6580989794417845,0.17308511435692994,0.6503867010342536
10,6,Anthony Davis,66.8,LAL,PF/C,9900,35.0,54.2,5.49,35.666666666666664,52.04,53.186915887850475,2.5265421719992447,1.1472810913727307,2.1959782966414343,2.58520940559174,0.7916310415455955,2.974835464742341,1.9932193098642497
10,7,Frank Ntilikina,24.5,NY,PG/SG,3100,28.0,21.15,6.82,18.666666666666668,16.07,31.724999999999994,-0.0590573864817823,0.5336191122663863,0.7034001490229796,-0.5831973220205178,1.679619254535938,0.18626982188815536,-0.1447672980518587
11,0,CJ McCollum,50.0,POR,PG/SG,6600,39.0,43.55,6.62,35.666666666666664,36.71,47.62009345794393,1.6933610737292617,1.4979450794334987,1.8088312425774293,1.2348709253499854,1.5460871924321269,1.8673200321194021,1.246703938043321
11,1,Donovan Mitchell,19.8,UTA,PG/SG,6900,35.5,40.45,5.855,35.333333333333336,38.89,40.64080188679245,1.4508388761107693,1.1911140898803267,1.3234534161339162,1.4268955755083041,1.0353270548850506,-0.12357080509564301,1.1087374046944933
11,2,Jayson Tatum,52.8,BOS,SF/PF,7800,35.5,45.1,5.79,38.0,43.62,42.132894736842104,1.8146221725385083,1.1911140898803267,1.4272216535009532,1.843536215530711,0.9919291347013117,2.0519059375565587,1.3910940246125005
11,3,Brandon Ingram,29.5,NO,SF/PF,6800,33.5,38.95,5.715,34.666666666666664,41.83,37.6391826923077,1.3334894256502083,1.0157820958499426,1.114704521553808,1.6858645991163117,0.9418546114123826,0.515887510168792,1.0539129234498534
11,4,Anfernee Simons,19.8,POR,PG/SG,3500,30.0,25.25,7.22,22.333333333333332,18.330000000000002,33.917910447761194,0.26169777811041783,0.7089511062967704,0.8559070468747904,-0.3841258957096001,1.9466833787435593,-0.12357080509564301,0.07140094305987017
11,5,Anthony Davis,66.8,LAL,PF/C,9900,35.0,54.2,5.49,35.666666666666664,52.04,53.186915887850475,2.5265421719992447,1.1472810913727307,2.1959782966414343,2.58520940559174,0.7916310415455955,2.974835464742341,1.9932193098642497
11,6,Naz Reid,38.8,MIN,PF/C,4500,25.5,28.3,6.29,13.0,17.240000000000002,55.51153846153847,0.5003083273802252,0.31445411972840615,2.3576451707955464,-0.4801382207887594,1.325759289960839,1.128976410370776,0.3788172573851788
11,7,Tyus Jones,18.3,MEM,PG,3300,17.5,15.9,4.8100000000000005,18.0,18.42,15.458333333333332,-0.4697804630937456,-0.38687385639313027,-0.4278721627376214,-0.37619827253792637,0.33762203039263866,-0.222456111579834,-0.39144012501174225
12,0,Donovan Mitchell,19.8,UTA,PG/SG,6900,35.5,40.45,5.855,35.333333333333336,38.89,40.64080188679245,1.4508388761107693,1.1911140898803267,1.3234534161339162,1.4268955755083041,1.0353270548850506,-0.12357080509564301,1.1087374046944933
12,1,Anfernee Simons,19.8,POR,PG/SG,3500,30.0,25.25,7.22,22.333333333333332,18.330000000000002,33.917910447761194,0.26169777811041783,0.7089511062967704,0.8559070468747904,-0.3841258957096001,1.9466833787435593,-0.12357080509564301,0.07140094305987017
12,2,LeBron James,50.3,LAL,PG/SF,10500,34.5,57.1,5.415,35.333333333333336,55.8,55.75330188679245,2.7534177762229963,1.1034480928651347,2.3744587119217493,2.9164078847638857,0.7415565182566664,1.88709709341624,2.1891989591382743
12,3,Brandon Ingram,29.5,NO,SF/PF,6800,33.5,38.95,5.715,34.666666666666664,41.83,37.6391826923077,1.3334894256502083,1.0157820958499426,1.114704521553808,1.6858645991163117,0.9418546114123826,0.515887510168792,1.0539129234498534
12,4,CJ McCollum,50.0,POR,PG/SG,6600,39.0,43.55,6.62,35.666666666666664,36.71,47.62009345794393,1.6933610737292617,1.4979450794334987,1.8088312425774293,1.2348709253499854,1.5460871924321269,1.8673200321194021,1.246703938043321
12,5,Brandon Clarke,37.5,MEM,PF/C,4900,23.0,23.45,4.800000000000001,23.0,25.03,23.45,0.1208784375577446,0.09528912719042602,0.12791172403410847,0.2060416070705535,0.33094542728744825,1.0432758114178107,0.08866992231454668
12,6,Naz Reid,38.8,MIN,PF/C,4500,25.5,28.3,6.29,13.0,17.240000000000002,55.51153846153847,0.5003083273802252,0.31445411972840615,2.3576451707955464,-0.4801382207887594,1.325759289960839,1.128976410370776,0.3788172573851788
12,7,Dennis Schroder,23.8,OKC,PG/SG,5600,31.0,31.05,5.525,31.333333333333332,31.650000000000006,30.71968085106383,0.7154489865579203,0.7966171033119624,0.633484797526614,0.7891623336981087,0.8149991524137625,0.1401233455288663,0.5365326303783496
13,0,LeBron James,50.3,LAL,PG/SF,10500,34.5,57.1,5.415,35.333333333333336,55.8,55.75330188679245,2.7534177762229963,1.1034480928651347,2.3744587119217493,2.9164078847638857,0.7415565182566664,1.88709709341624,2.1891989591382743
13,1,Frank Ntilikina,24.5,NY,PG/SG,3100,28.0,21.15,6.82,18.666666666666668,16.07,31.724999999999994,-0.0590573864817823,0.5336191122663863,0.7034001490229796,-0.5831973220205178,1.679619254535938,0.18626982188815536,-0.1447672980518587
13,2,Juancho Hernangomez,29.3,MIN,SF/PF,4700,34.0,27.0,5.765000000000001,24.0,15.98,38.25,0.39860547031440563,1.0596150943575386,1.157184073258918,-0.5911249451921914,0.9752376269383357,0.5027028026375666,0.2204640650212631
13,3,Anthony Davis,66.8,LAL,PF/C,9900,35.0,54.2,5.49,35.666666666666664,52.04,53.186915887850475,2.5265421719992447,1.1472810913727307,2.1959782966414343,2.58520940559174,0.7916310415455955,2.974835464742341,1.9932193098642497
13,4,Anfernee Simons,19.8,POR,PG/SG,3500,30.0,25.25,7.22,22.333333333333332,18.330000000000002,33.917910447761194,0.26169777811041783,0.7089511062967704,0.8559070468747904,-0.3841258957096001,1.9466833787435593,-0.12357080509564301,0.07140094305987017
13,5,Brandon Ingram,29.5,NO,SF/PF,6800,33.5,38.95,5.715,34.666666666666664,41.83,37.6391826923077,1.3334894256502083,1.0157820958499426,1.114704521553808,1.6858645991163117,0.9418546114123826,0.515887510168792,1.0539129234498534
13,6,Maxi Kleber,34.3,DAL,PF/C,4000,22.5,18.4,4.615,23.666666666666668,19.04,17.49295774647887,-0.2741980456594774,0.05145612868283,-0.2863733350681312,-0.32158575735528555,0.20742826984142285,0.8323204909182029,-0.24333230076264623
13,7,DeMar DeRozan,35.3,SA,SG/SF,6800,34.0,37.5,5.49,34.0,39.22,37.5,1.2200516235383325,1.0596150943575386,1.1050250015076608,1.4559635271377742,0.7916310415455955,0.8982440285743303,0.9667454635626811
14,0,Anfernee Simons,19.8,POR,PG/SG,3500,30.0,25.25,7.22,22.333333333333332,18.330000000000002,33.917910447761194,0.26169777811041783,0.7089511062967704,0.8559070468747904,-0.3841258957096001,1.9466833787435593,-0.12357080509564301,0.07140094305987017
14,1,Frank Ntilikina,24.5,NY,PG/SG,3100,28.0,21.15,6.82,18.666666666666668,16.07,31.724999999999994,-0.0590573864817823,0.5336191122663863,0.7034001490229796,-0.5831973220205178,1.679619254535938,0.18626982188815536,-0.1447672980518587
14,2,Brandon Ingram,29.5,NO,SF/PF,6800,33.5,38.95,5.715,34.666666666666664,41.83,37.6391826923077,1.3334894256502083,1.0157820958499426,1.114704521553808,1.6858645991163117,0.9418546114123826,0.515887510168792,1.0539129234498534
14,3,Anthony Davis,66.8,LAL,PF/C,9900,35.0,54.2,5.49,35.666666666666664,52.04,53.186915887850475,2.5265421719992447,1.1472810913727307,2.1959782966414343,2.58520940559174,0.7916310415455955,2.974835464742341,1.9932193098642497
14,4,Donovan Mitchell,19.8,UTA,PG/SG,6900,35.5,40.45,5.855,35.333333333333336,38.89,40.64080188679245,1.4508388761107693,1.1911140898803267,1.3234534161339162,1.4268955755083041,1.0353270548850506,-0.12357080509564301,1.1087374046944933
14,5,Naz Reid,38.8,MIN,PF/C,4500,25.5,28.3,6.29,13.0,17.240000000000002,55.51153846153847,0.5003083273802252,0.31445411972840615,2.3576451707955464,-0.4801382207887594,1.325759289960839,1.128976410370776,0.3788172573851788
14,6,Dwight Howard,11.8,LAL,C,4400,21.0,24.75,5.635,23.0,23.29,22.59782608695652,0.22258129462356419,-0.08004286683995808,0.06864692366746249,0.05277422575152835,0.8884417865708581,-0.6509591063446616,0.09153580497793257
14,7,Zion Williamson,36.5,NO,PF/C,8000,31.5,42.55,5.29,29.0,38.11,46.218103448275855,1.6151281067555543,0.8404501018195585,1.7113292458989986,1.3581895080204653,0.6580989794417845,0.9773522737616833,1.2583490703006386
15,0,Donovan Mitchell,19.8,UTA,PG/SG,6900,35.5,40.45,5.855,35.333333333333336,38.89,40.64080188679245,1.4508388761107693,1.1911140898803267,1.3234534161339162,1.4268955755083041,1.0353270548850506,-0.12357080509564301,1.1087374046944933
15,1,Anfernee Simons,19.8,POR,PG/SG,3500,30.0,25.25,7.22,22.333333333333332,18.330000000000002,33.917910447761194,0.26169777811041783,0.7089511062967704,0.8559070468747904,-0.3841258957096001,1.9466833787435593,-0.12357080509564301,0.07140094305987017
15,2,Bojan Bogdanovic,25.5,UTA,SF/PF,6000,34.0,32.1,5.375,34.0,31.360000000000003,32.1,0.7975936018803131,1.0596150943575386,0.7294796848986087,0.7636177701449376,0.7148501058359041,0.2521933595442827,0.5995362529919513
15,3,Brandon Ingram,29.5,NO,SF/PF,6800,33.5,38.95,5.715,34.666666666666664,41.83,37.6391826923077,1.3334894256502083,1.0157820958499426,1.114704521553808,1.6858645991163117,0.9418546114123826,0.515887510168792,1.0539129234498534
15,4,CJ McCollum,50.0,POR,PG/SG,6600,39.0,43.55,6.62,35.666666666666664,36.71,47.62009345794393,1.6933610737292617,1.4979450794334987,1.8088312425774293,1.2348709253499854,1.5460871924321269,1.8673200321194021,1.246703938043321
15,5,Jayson Tatum,52.8,BOS,SF/PF,7800,35.5,45.1,5.79,38.0,43.62,42.132894736842104,1.8146221725385083,1.1911140898803267,1.4272216535009532,1.843536215530711,0.9919291347013117,2.0519059375565587,1.3910940246125005
15,6,Naz Reid,38.8,MIN,PF/C,4500,25.5,28.3,6.29,13.0,17.240000000000002,55.51153846153847,0.5003083273802252,0.31445411972840615,2.3576451707955464,-0.4801382207887594,1.325759289960839,1.128976410370776,0.3788172573851788
15,7,Michael Carter-Williams,17.3,ORL,PG/SG,4200,14.5,16.1,3.8449999999999998,18.666666666666668,18.660000000000004,12.506250000000001,-0.45413386969900404,-0.6498718474387064,-0.6331760646029866,-0.3550579440801297,-0.3066701692582494,-0.2883796492359613,-0.358215224914648
16,0,Ricky Rubio,36.8,PHO,PG,5700,29.5,28.95,5.09,28.0,31.910000000000004,30.500892857142855,0.5511597559131349,0.6651181077891744,0.6182690926289636,0.8120643561940548,0.5245669173379734,0.9971293350585213,0.45561602198444007
16,1,CJ McCollum,50.0,POR,PG/SG,6600,39.0,43.55,6.62,35.666666666666664,36.71,47.62009345794393,1.6933610737292617,1.4979450794334987,1.8088312425774293,1.2348709253499854,1.5460871924321269,1.8673200321194021,1.246703938043321
16,2,Gary Trent Jr.,22.8,POR,SG/SF,4400,33.0,24.9,5.675000000000001,22.666666666666668,16.939999999999998,36.25147058823529,0.23431623966962017,0.9719490973423466,1.0181954879452737,-0.5065636313610055,0.9151481989916209,0.07419980787273896,0.12118769508802743
16,3,Anthony Davis,66.8,LAL,PF/C,9900,35.0,54.2,5.49,35.666666666666664,52.04,53.186915887850475,2.5265421719992447,1.1472810913727307,2.1959782966414343,2.58520940559174,0.7916310415455955,2.974835464742341,1.9932193098642497
16,4,Anfernee Simons,19.8,POR,PG/SG,3500,30.0,25.25,7.22,22.333333333333332,18.330000000000002,33.917910447761194,0.26169777811041783,0.7089511062967704,0.8559070468747904,-0.3841258957096001,1.9466833787435593,-0.12357080509564301,0.07140094305987017
16,5,Brandon Ingram,29.5,NO,SF/PF,6800,33.5,38.95,5.715,34.666666666666664,41.83,37.6391826923077,1.3334894256502083,1.0157820958499426,1.114704521553808,1.6858645991163117,0.9418546114123826,0.515887510168792,1.0539129234498534
16,6,Dwight Howard,11.8,LAL,C,4400,21.0,24.75,5.635,23.0,23.29,22.59782608695652,0.22258129462356419,-0.08004286683995808,0.06864692366746249,0.05277422575152835,0.8884417865708581,-0.6509591063446616,0.09153580497793257
16,7,Naz Reid,38.8,MIN,PF/C,4500,25.5,28.3,6.29,13.0,17.240000000000002,55.51153846153847,0.5003083273802252,0.31445411972840615,2.3576451707955464,-0.4801382207887594,1.325759289960839,1.128976410370776,0.3788172573851788
17,0,CJ McCollum,50.0,POR,PG/SG,6600,39.0,43.55,6.62,35.666666666666664,36.71,47.62009345794393,1.6933610737292617,1.4979450794334987,1.8088312425774293,1.2348709253499854,1.5460871924321269,1.8673200321194021,1.246703938043321
17,1,Donovan Mitchell,19.8,UTA,PG/SG,6900,35.5,40.45,5.855,35.333333333333336,38.89,40.64080188679245,1.4508388761107693,1.1911140898803267,1.3234534161339162,1.4268955755083041,1.0353270548850506,-0.12357080509564301,1.1087374046944933
17,2,Brandon Ingram,29.5,NO,SF/PF,6800,33.5,38.95,5.715,34.666666666666664,41.83,37.6391826923077,1.3334894256502083,1.0157820958499426,1.114704521553808,1.6858645991163117,0.9418546114123826,0.515887510168792,1.0539129234498534
17,3,Zion Williamson,36.5,NO,PF/C,8000,31.5,42.55,5.29,29.0,38.11,46.218103448275855,1.6151281067555543,0.8404501018195585,1.7113292458989986,1.3581895080204653,0.6580989794417845,0.9773522737616833,1.2583490703006386
17,4,Anfernee Simons,19.8,POR,PG/SG,3500,30.0,25.25,7.22,22.333333333333332,18.330000000000002,33.917910447761194,0.26169777811041783,0.7089511062967704,0.8559070468747904,-0.3841258957096001,1.9466833787435593,-0.12357080509564301,0.07140094305987017
17,5,Trevor Ariza,31.0,POR,SF,4500,35.5,26.35,5.835,30.333333333333332,21.75,30.83818681318682,0.347754041781496,1.1911140898803267,0.6417263455017137,-0.08287621518599943,1.0219738486746692,0.614772816652983,0.1998394889666967
17,6,Naz Reid,38.8,MIN,PF/C,4500,25.5,28.3,6.29,13.0,17.240000000000002,55.51153846153847,0.5003083273802252,0.31445411972840615,2.3576451707955464,-0.4801382207887594,1.325759289960839,1.128976410370776,0.3788172573851788
17,7,Larry Nance Jr.,23.5,CLE,PF/C,6100,20.0,20.9,3.4450000000000003,27.666666666666668,25.1,15.108433734939757,-0.07861562822520914,-0.16770886385515013,-0.4522060804154169,0.2122075362040775,-0.5737342934658708,0.12034628423202805,-0.02828089188952584
18,0,Victor Oladipo,11.8,IND,PG/SG,6400,32.5,29.6,4.635,26.333333333333332,21.619999999999997,36.53164556962025,0.6020111844460448,0.9281160988347505,1.0376803772212273,-0.09432722643397279,0.22078147605180365,-0.6509591063446616,0.43877386353410586
18,1,Anfernee Simons,19.8,POR,PG/SG,3500,30.0,25.25,7.22,22.333333333333332,18.330000000000002,33.917910447761194,0.26169777811041783,0.7089511062967704,0.8559070468747904,-0.3841258957096001,1.9466833787435593,-0.12357080509564301,0.07140094305987017
18,2,Josh Okogie,20.3,MIN,SG/SF,4300,29.0,22.25,5.1899999999999995,26.0,20.51,24.81730769230769,0.026998877189295868,0.6212851092815783,0.22300172407293886,-0.19210124555128147,0.5913329483898787,-0.09060903626757935,-0.020956589194681394
18,3,Anthony Davis,66.8,LAL,PF/C,9900,35.0,54.2,5.49,35.666666666666664,52.04,53.186915887850475,2.5265421719992447,1.1472810913727307,2.1959782966414343,2.58520940559174,0.7916310415455955,2.974835464742341,1.9932193098642497
18,4,CJ McCollum,50.0,POR,PG/SG,6600,39.0,43.55,6.62,35.666666666666664,36.71,47.62009345794393,1.6933610737292617,1.4979450794334987,1.8088312425774293,1.2348709253499854,1.5460871924321269,1.8673200321194021,1.246703938043321
18,5,Jayson Tatum,52.8,BOS,SF/PF,7800,35.5,45.1,5.79,38.0,43.62,42.132894736842104,1.8146221725385083,1.1911140898803267,1.4272216535009532,1.843536215530711,0.9919291347013117,2.0519059375565587,1.3910940246125005
18,6,Dwight Howard,11.8,LAL,C,4400,21.0,24.75,5.635,23.0,23.29,22.59782608695652,0.22258129462356419,-0.08004286683995808,0.06864692366746249,0.05277422575152835,0.8884417865708581,-0.6509591063446616,0.09153580497793257
18,7,Frank Ntilikina,24.5,NY,PG/SG,3100,28.0,21.15,6.82,18.666666666666668,16.07,31.724999999999994,-0.0590573864817823,0.5336191122663863,0.7034001490229796,-0.5831973220205178,1.679619254535938,0.18626982188815536,-0.1447672980518587
19,0,Donovan Mitchell,19.8,UTA,PG/SG,6900,35.5,40.45,5.855,35.333333333333336,38.89,40.64080188679245,1.4508388761107693,1.1911140898803267,1.3234534161339162,1.4268955755083041,1.0353270548850506,-0.12357080509564301,1.1087374046944933
19,1,CJ McCollum,50.0,POR,PG/SG,6600,39.0,43.55,6.62,35.666666666666664,36.71,47.62009345794393,1.6933610737292617,1.4979450794334987,1.8088312425774293,1.2348709253499854,1.5460871924321269,1.8673200321194021,1.246703938043321
19,2,DeMar DeRozan,35.3,SA,SG/SF,6800,34.0,37.5,5.49,34.0,39.22,37.5,1.2200516235383325,1.0596150943575386,1.1050250015076608,1.4559635271377742,0.7916310415455955,0.8982440285743303,0.9667454635626811
19,3,Jayson Tatum,52.8,BOS,SF/PF,7800,35.5,45.1,5.79,38.0,43.62,42.132894736842104,1.8146221725385083,1.1911140898803267,1.4272216535009532,1.843536215530711,0.9919291347013117,2.0519059375565587,1.3910940246125005
19,4,Anfernee Simons,19.8,POR,PG/SG,3500,30.0,25.25,7.22,22.333333333333332,18.330000000000002,33.917910447761194,0.26169777811041783,0.7089511062967704,0.8559070468747904,-0.3841258957096001,1.9466833787435593,-0.12357080509564301,0.07140094305987017
19,5,Marko Guduric,1.3,MEM,SG/SF,3000,0.0,3.65,1.21,9.333333333333334,7.869999999999999,0.0,-1.4281343085216605,-1.9210288041589911,-1.502928586055201,-1.3054918776619,-2.065955087475958,-1.3431562517339986,-1.0344707451930388
19,6,Zion Williamson,36.5,NO,PF/C,8000,31.5,42.55,5.29,29.0,38.11,46.218103448275855,1.6151281067555543,0.8404501018195585,1.7113292458989986,1.3581895080204653,0.6580989794417845,0.9773522737616833,1.2583490703006386
19,7,Tyus Jones,18.3,MEM,PG,3300,17.5,15.9,4.8100000000000005,18.0,18.42,15.458333333333332,-0.4697804630937456,-0.38687385639313027,-0.4278721627376214,-0.37619827253792637,0.33762203039263866,-0.222456111579834,-0.39144012501174225
20,0,Anfernee Simons,19.8,POR,PG/SG,3500,30.0,25.25,7.22,22.333333333333332,18.330000000000002,33.917910447761194,0.26169777811041783,0.7089511062967704,0.8559070468747904,-0.3841258957096001,1.9466833787435593,-0.12357080509564301,0.07140094305987017
20,1,Kentavious Caldwell-Pope,20.3,LAL,SG/SF,3400,26.0,18.8,5.545,27.666666666666668,17.8,17.667469879518073,-0.24290485886999436,0.3582871182360022,-0.2742368139099221,-0.4308107877205676,0.8283523586241434,-0.09060903626757935,-0.2740328187276606
20,2,Bojan Bogdanovic,25.5,UTA,SF/PF,6000,34.0,32.1,5.375,34.0,31.360000000000003,32.1,0.7975936018803131,1.0596150943575386,0.7294796848986087,0.7636177701449376,0.7148501058359041,0.2521933595442827,0.5995362529919513
20,3,Anthony Davis,66.8,LAL,PF/C,9900,35.0,54.2,5.49,35.666666666666664,52.04,53.186915887850475,2.5265421719992447,1.1472810913727307,2.1959782966414343,2.58520940559174,0.7916310415455955,2.974835464742341,1.9932193098642497
20,4,CJ McCollum,50.0,POR,PG/SG,6600,39.0,43.55,6.62,35.666666666666664,36.71,47.62009345794393,1.6933610737292617,1.4979450794334987,1.8088312425774293,1.2348709253499854,1.5460871924321269,1.8673200321194021,1.246703938043321
20,5,Jordan McRae,0.0,DEN,SG/SF,4000,0.0,2.4,0.595,18.0,18.440000000000005,0.0,-1.5259255172387947,-1.9210288041589911,-1.502928586055201,-0.3744365784997764,-2.4765661784451765,-1.428856850686964,-0.9594255887845736
20,6,Naz Reid,38.8,MIN,PF/C,4500,25.5,28.3,6.29,13.0,17.240000000000002,55.51153846153847,0.5003083273802252,0.31445411972840615,2.3576451707955464,-0.4801382207887594,1.325759289960839,1.128976410370776,0.3788172573851788
20,7,Brandon Ingram,29.5,NO,SF/PF,6800,33.5,38.95,5.715,34.666666666666664,41.83,37.6391826923077,1.3334894256502083,1.0157820958499426,1.114704521553808,1.6858645991163117,0.9418546114123826,0.515887510168792,1.0539129234498534
21,0,Jarrett Culver,9.3,MIN,PG/SF,3400,20.0,17.1,5.02,21.333333333333332,17.6,16.03125,-0.37590090272529675,-0.16770886385515013,-0.3880284273720776,-0.4484277281020646,0.4778306956016395,-0.81576795048498,-0.3471454599726337
21,1,Brad Wanamaker,12.0,BOS,PG/SG,3600,25.0,20.35,5.665,21.666666666666668,17.189999999999998,23.48076923076923,-0.12164376006074794,0.2706211212208101,0.1300515833880062,-0.4845424558841341,0.9084715958864299,-0.6377743988134362,-0.1753413437074443
21,2,Aaron Gordon,42.0,ORL,SF/PF,7300,34.0,33.75,4.595000000000001,36.0,34.05,31.875,0.9266779973869301,1.0596150943575386,0.7138319633732315,1.0005656182760734,0.19407506363104204,1.3399317308703835,0.7373212803415524
21,3,Noah Vonleh,0.0,DEN,PF/C,3000,0.0,4.4,1.46,12.0,10.36,0.0,-1.3694595832913796,-1.9210288041589911,-1.502928586055201,-1.0861609699122607,-1.8990400098461941,-1.428856850686964,-0.9836675876590166
21,4,DeMar DeRozan,35.3,SA,SG/SF,6800,34.0,37.5,5.49,34.0,39.22,37.5,1.2200516235383325,1.0596150943575386,1.1050250015076608,1.4559635271377742,0.7916310415455955,0.8982440285743303,0.9667454635626811
21,5,Trevor Ariza,31.0,POR,SF,4500,35.5,26.35,5.835,30.333333333333332,21.75,30.83818681318682,0.347754041781496,1.1911140898803267,0.6417263455017137,-0.08287621518599943,1.0219738486746692,0.614772816652983,0.1998394889666967
21,6,Hassan Whiteside,49.5,POR,C,9200,34.0,50.05,5.46,31.0,43.23,54.89354838709677,2.2018753590583593,1.0596150943575386,2.314666785949721,1.8091831817867914,0.7716012322300237,1.8343582632913384,1.7164976115713406
21,7,Grant Williams,9.3,BOS,SF/PF,3100,12.0,11.0,3.5250000000000004,15.333333333333334,11.120000000000001,8.608695652173912,-0.8531220012649116,-0.8690368399766866,-0.9042331537799007,-1.0192165964625715,-0.5203214686243465,-0.81576795048498,-0.690560711866554
22,0,Marcus Smart,31.8,BOS,PG/SG,5900,34.0,32.7,5.535,34.333333333333336,30.020000000000003,32.38252427184466,0.8445333820645377,1.0596150943575386,0.7491279565874317,0.6455842695889069,0.8216757555189529,0.6675116467778849,0.609378493653164
22,1,Lonnie Walker IV,6.5,SA,SG/SF,3100,16.5,13.35,4.29,20.0,11.97,11.01375,-0.6692745288766994,-0.47453985340832233,-0.7369726173879886,-0.9443445998412088,-0.009561331077269968,-1.0003538559221365,-0.585562826340416
22,2,Dillon Brooks,15.0,MEM,SG/SF,5000,30.0,25.6,5.125,28.333333333333332,24.76,27.10588235294118,0.2890793165512155,0.7089511062967704,0.38216163064906067,0.18225873755553243,0.5479350282061405,-0.44000378584505423,0.19982175045557224
22,3,Moe Harkless,6.8,NY,SF/PF,3200,24.0,12.8,3.9850000000000003,23.0,14.4,13.356521739130436,-0.7123026607122382,0.18295512420561807,-0.574043551737159,-0.7302987742060187,-0.21319772578558138,-0.9805767946252982,-0.5568388991180258
22,4,Allen Crabbe,-0.5,MIN,SG/SF,3000,14.5,9.85,3.3,16.0,9.610000000000001,8.9265625,-0.943089913284675,-0.6498718474387064,-0.8821269674824249,-1.1522244963428747,-0.670545038491134,-1.4618186195150278,-0.7486151610686079
22,5,Danilo Gallinari,24.3,OKC,SF/PF,6200,31.5,32.75,5.29,31.666666666666668,32.73,32.57763157894737,0.8484450304132227,0.8404501018195585,0.7626967779612515,0.8842938117581924,0.6580989794417845,0.17308511435692994,0.6503867010342536
22,6,Domantas Sabonis,48.8,IND,PF/C,9600,35.0,42.1,4.36,35.0,43.49999999999999,42.1,1.5799232716173863,1.1472810913727307,1.424933974915372,1.8329660513018122,0.037174890659064035,1.7882117869320493,1.3068274450476924
22,7,Victor Oladipo,11.8,IND,PG/SG,6400,32.5,29.6,4.635,26.333333333333332,21.619999999999997,36.53164556962025,0.6020111844460448,0.9281160988347505,1.0376803772212273,-0.09432722643397279,0.22078147605180365,-0.6509591063446616,0.43877386353410586
23,0,Devin Booker,39.8,PHO,PG/SG,7900,35.5,41.7,5.275,35.0,41.88000000000001,42.29571428571429,1.5486300848279035,1.1911140898803267,1.4385450088771288,1.690268834211687,0.6480840747839989,1.1948999480269034,1.233901200083662
23,1,Seth Curry,16.0,DAL,SG,5100,28.0,21.700000000000003,4.235,29.0,22.54,20.951724137931038,-0.016029254646242937,0.5336191122663863,-0.04583194255801017,-0.01328930067908587,-0.04628264815581777,-0.3740802481889269,-0.010587335436382808
23,2,Justin Jackson,9.0,DAL,SF/PF,3000,11.0,6.8,2.24,13.666666666666666,9.1,5.473170731707317,-1.1817004625544822,-0.9567028369918786,-1.122294579519197,-1.1971476943156925,-1.3782649676413314,-0.8355450117818182,-0.8772951208764614
23,3,Bobby Portis,29.5,NY,PF/C,3700,17.0,16.8,4.55,19.333333333333332,19.14,14.77241379310345,-0.399370792817409,-0.4307068549007263,-0.4755747314235412,-0.31277728716453684,0.16403034965768407,0.515887510168792,-0.3346391640896364
23,4,Marko Guduric,1.3,MEM,SG/SF,3000,0.0,3.65,1.21,9.333333333333334,7.869999999999999,0.0,-1.4281343085216605,-1.9210288041589911,-1.502928586055201,-1.3054918776619,-2.065955087475958,-1.3431562517339986,-1.0344707451930388
23,5,Juancho Hernangomez,29.3,MIN,SF/PF,4700,34.0,27.0,5.765000000000001,24.0,15.98,38.25,0.39860547031440563,1.0596150943575386,1.157184073258918,-0.5911249451921914,0.9752376269383357,0.5027028026375666,0.2204640650212631
23,6,Naz Reid,38.8,MIN,PF/C,4500,25.5,28.3,6.29,13.0,17.240000000000002,55.51153846153847,0.5003083273802252,0.31445411972840615,2.3576451707955464,-0.4801382207887594,1.325759289960839,1.128976410370776,0.3788172573851788
23,7,RJ Barrett,23.5,NY,PG/SG,5400,31.0,25.5,4.720000000000001,27.333333333333332,25.04,28.920731707317074,0.2812560198538447,0.7966171033119624,0.5083761075725476,0.20692245408962817,0.27753260244592387,0.12034628423202805,0.22672080659607738
