Lineup Num,,Player Name,Actual FP,team,Pos,Salary,DFN_MinProj,Avg Proj,Avg Value Proj,Avg Skewed Min,Avg Skewed FP,Proj Min Enhanced,Avg Proj Stan,DFN_MinProj Stan,Proj Min Enhanced Stan,Avg Skewed FP Stan,Avg Value Proj Stan,Actual FP Stan,predictions
0,0,Jamal Murray,26.5,DEN,PG/SG,6400,33.5,35.3,5.505,33.666666666666664,35.54,35.125247524752474,1.1502438552144634,1.1005387407482772,1.0698670837516167,1.2405530523830344,0.7904311009115563,0.37953894291665824,0.8896839766322502
0,1,Brandon Goodwin,20.0,ATL,PG/SG,3100,26.5,26.15,8.425,14.666666666666666,15.77,47.248295454545456,0.36617553085144,0.4250087608204154,2.026993635540443,-0.62198944521262,2.799114874385362,-0.11848982903862258,0.11245365539902544
0,2,Draymond Green,29.5,GS,PG/SF,5100,31.0,31.55,6.185,30.0,29.15,32.60166666666667,0.8289043780165032,0.8592780336311837,0.870627894164316,0.6385476624166089,1.258206774186278,0.6093983761267878,0.5707301507583333
0,3,John Collins,22.3,ATL,PF/C,8000,32.5,46.4,5.775,30.666666666666668,41.540000000000006,49.17391304347826,2.1014087077204264,1.0040344579014397,2.1790230371919663,1.8058163293468148,0.9761655594176962,0.05773573642247685,1.6218445786848126
0,4,Alec Burks,19.5,GS,PG/SG,5400,31.5,30.55,5.66,29.0,30.410000000000004,33.18362068965517,0.7432138507637138,0.9075301750546024,0.9165737363772928,0.7572529505790031,0.8970564382021181,-0.15679973457364418,0.5595702530600195
0,5,Kawhi Leonard,47.8,LAC,SF/PF,9000,35.5,49.349999999999994,5.505,34.333333333333336,47.07,51.026941747572806,2.354195763116155,1.293547306441952,2.325321475025992,2.326800649615098,0.7904311009115563,2.011540918708578,1.8636725271110053
0,6,Omari Spellman,28.0,GS,PF/C,4100,25.0,24.3,5.9350000000000005,21.0,21.44,28.92857142857143,0.2076480554337797,0.28025233655015924,0.5806334142290969,-0.08781564848184793,1.0862304237176308,0.4944686595217231,0.08663065628283177
0,7,Nikola Jokic,51.8,DEN,C,8800,33.0,50.35,5.715,31.333333333333332,46.37,53.02819148936171,2.439886290368945,1.0522865993248585,2.4833221094967493,2.260853267302657,0.9348912353052204,2.318020162988751,1.9100304475638243
1,0,Alec Burks,19.5,GS,PG/SG,5400,31.5,30.55,5.66,29.0,30.410000000000004,33.18362068965517,0.7432138507637138,0.9075301750546024,0.9165737363772928,0.7572529505790031,0.8970564382021181,-0.15679973457364418,0.5595702530600195
1,1,Mikal Bridges,14.5,PHO,SG/SF,3800,26.0,20.2,5.3149999999999995,23.666666666666668,17.4,22.191549295774646,-0.14368310630265718,0.3767566193969967,0.04873889392104239,-0.46842625497079327,0.6597290745553839,-0.5398987899238602,-0.18175821868208478
1,2,Kawhi Leonard,47.8,LAC,SF/PF,9000,35.5,49.349999999999994,5.505,34.333333333333336,47.07,51.026941747572806,2.354195763116155,1.293547306441952,2.325321475025992,2.326800649615098,0.7904311009115563,2.011540918708578,1.8636725271110053
1,3,John Collins,22.3,ATL,PF/C,8000,32.5,46.4,5.775,30.666666666666668,41.540000000000006,49.17391304347826,2.1014087077204264,1.0040344579014397,2.1790230371919663,1.8058163293468148,0.9761655594176962,0.05773573642247685,1.6218445786848126
1,4,Draymond Green,29.5,GS,PG/SF,5100,31.0,31.55,6.185,30.0,29.15,32.60166666666667,0.8289043780165032,0.8592780336311837,0.870627894164316,0.6385476624166089,1.258206774186278,0.6093983761267878,0.5707301507583333
1,5,Jaren Jackson Jr.,37.3,MEM,PF/C,6600,31.0,34.5,5.225,29.0,33.44,36.87931034482759,1.081691433412232,0.8592780336311837,1.2083520677525128,1.0427109054457113,0.5978175883866708,1.2070329024731246,0.8488532313053199
1,6,Nikola Jokic,51.8,DEN,C,8800,33.0,50.35,5.715,31.333333333333332,46.37,53.02819148936171,2.439886290368945,1.0522865993248585,2.4833221094967493,2.260853267302657,0.9348912353052204,2.318020162988751,1.9100304475638243
1,7,Brandon Goodwin,20.0,ATL,PG/SG,3100,26.5,26.15,8.425,14.666666666666666,15.77,47.248295454545456,0.36617553085144,0.4250087608204154,2.026993635540443,-0.62198944521262,2.799114874385362,-0.11848982903862258,0.11245365539902544
2,0,Brandon Goodwin,20.0,ATL,PG/SG,3100,26.5,26.15,8.425,14.666666666666666,15.77,47.248295454545456,0.36617553085144,0.4250087608204154,2.026993635540443,-0.62198944521262,2.799114874385362,-0.11848982903862258,0.11245365539902544
2,1,Jamal Murray,26.5,DEN,PG/SG,6400,33.5,35.3,5.505,33.666666666666664,35.54,35.125247524752474,1.1502438552144634,1.1005387407482772,1.0698670837516167,1.2405530523830344,0.7904311009115563,0.37953894291665824,0.8896839766322502
2,2,Draymond Green,29.5,GS,PG/SF,5100,31.0,31.55,6.185,30.0,29.15,32.60166666666667,0.8289043780165032,0.8592780336311837,0.870627894164316,0.6385476624166089,1.258206774186278,0.6093983761267878,0.5707301507583333
2,3,Omari Spellman,28.0,GS,PF/C,4100,25.0,24.3,5.9350000000000005,21.0,21.44,28.92857142857143,0.2076480554337797,0.28025233655015924,0.5806334142290969,-0.08781564848184793,1.0862304237176308,0.4944686595217231,0.08663065628283177
2,4,Alec Burks,19.5,GS,PG/SG,5400,31.5,30.55,5.66,29.0,30.410000000000004,33.18362068965517,0.7432138507637138,0.9075301750546024,0.9165737363772928,0.7572529505790031,0.8970564382021181,-0.15679973457364418,0.5595702530600195
2,5,Kawhi Leonard,47.8,LAC,SF/PF,9000,35.5,49.349999999999994,5.505,34.333333333333336,47.07,51.026941747572806,2.354195763116155,1.293547306441952,2.325321475025992,2.326800649615098,0.7904311009115563,2.011540918708578,1.8636725271110053
2,6,Nikola Jokic,51.8,DEN,C,8800,33.0,50.35,5.715,31.333333333333332,46.37,53.02819148936171,2.439886290368945,1.0522865993248585,2.4833221094967493,2.260853267302657,0.9348912353052204,2.318020162988751,1.9100304475638243
2,7,Deandre Ayton,34.8,PHO,PF/C,7700,31.0,39.75,5.18,33.0,37.75,37.34090909090909,1.5315667014893768,0.8592780336311837,1.2447957425367453,1.4487583593980267,0.5668618453023142,1.0154833747980165,1.1820478424538965
3,0,Draymond Green,29.5,GS,PG/SF,5100,31.0,31.55,6.185,30.0,29.15,32.60166666666667,0.8289043780165032,0.8592780336311837,0.870627894164316,0.6385476624166089,1.258206774186278,0.6093983761267878,0.5707301507583333
3,1,Brandon Goodwin,20.0,ATL,PG/SG,3100,26.5,26.15,8.425,14.666666666666666,15.77,47.248295454545456,0.36617553085144,0.4250087608204154,2.026993635540443,-0.62198944521262,2.799114874385362,-0.11848982903862258,0.11245365539902544
3,2,Kawhi Leonard,47.8,LAC,SF/PF,9000,35.5,49.349999999999994,5.505,34.333333333333336,47.07,51.026941747572806,2.354195763116155,1.293547306441952,2.325321475025992,2.326800649615098,0.7904311009115563,2.011540918708578,1.8636725271110053
3,3,Deandre Ayton,34.8,PHO,PF/C,7700,31.0,39.75,5.18,33.0,37.75,37.34090909090909,1.5315667014893768,0.8592780336311837,1.2447957425367453,1.4487583593980267,0.5668618453023142,1.0154833747980165,1.1820478424538965
3,4,Glenn Robinson III,20.3,GS,SG/SF,4400,33.0,22.85,5.17,31.666666666666668,23.310000000000002,23.812105263157896,0.08339679091723505,1.0522865993248585,0.17668338065613878,0.0883580728385302,0.5599827912835684,-0.09550388571760957,0.043270763718357606
3,5,John Collins,22.3,ATL,PF/C,8000,32.5,46.4,5.775,30.666666666666668,41.540000000000006,49.17391304347826,2.1014087077204264,1.0040344579014397,2.1790230371919663,1.8058163293468148,0.9761655594176962,0.05773573642247685,1.6218445786848126
3,6,Nikola Jokic,51.8,DEN,C,8800,33.0,50.35,5.715,31.333333333333332,46.37,53.02819148936171,2.439886290368945,1.0522865993248585,2.4833221094967493,2.260853267302657,0.9348912353052204,2.318020162988751,1.9100304475638243
3,7,Mikal Bridges,14.5,PHO,SG/SF,3800,26.0,20.2,5.3149999999999995,23.666666666666668,17.4,22.191549295774646,-0.14368310630265718,0.3767566193969967,0.04873889392104239,-0.46842625497079327,0.6597290745553839,-0.5398987899238602,-0.18175821868208478
4,0,Brandon Goodwin,20.0,ATL,PG/SG,3100,26.5,26.15,8.425,14.666666666666666,15.77,47.248295454545456,0.36617553085144,0.4250087608204154,2.026993635540443,-0.62198944521262,2.799114874385362,-0.11848982903862258,0.11245365539902544
4,1,Kevin Huerter,22.8,ATL,PG/SG,6000,33.5,31.0,5.16,31.333333333333332,27.7,33.1436170212766,0.781774588027469,1.1005387407482772,0.9134154074326392,0.5019423704836955,0.5531037372648228,0.09604564195749844,0.5872158781132838
4,2,Dario Saric,15.5,PHO,SF/PF,3100,19.5,17.05,5.5,21.0,19.509999999999998,15.832142857142857,-0.41360826714894383,-0.25052121910744657,-0.4533424961123008,-0.2696420025718641,0.7869915739021834,-0.463278978853817,-0.38868561374676514
4,3,Kawhi Leonard,47.8,LAC,SF/PF,9000,35.5,49.349999999999994,5.505,34.333333333333336,47.07,51.026941747572806,2.354195763116155,1.293547306441952,2.325321475025992,2.326800649615098,0.7904311009115563,2.011540918708578,1.8636725271110053
4,4,Draymond Green,29.5,GS,PG/SF,5100,31.0,31.55,6.185,30.0,29.15,32.60166666666667,0.8289043780165032,0.8592780336311837,0.870627894164316,0.6385476624166089,1.258206774186278,0.6093983761267878,0.5707301507583333
4,5,John Collins,22.3,ATL,PF/C,8000,32.5,46.4,5.775,30.666666666666668,41.540000000000006,49.17391304347826,2.1014087077204264,1.0040344579014397,2.1790230371919663,1.8058163293468148,0.9761655594176962,0.05773573642247685,1.6218445786848126
4,6,Nikola Jokic,51.8,DEN,C,8800,33.0,50.35,5.715,31.333333333333332,46.37,53.02819148936171,2.439886290368945,1.0522865993248585,2.4833221094967493,2.260853267302657,0.9348912353052204,2.318020162988751,1.9100304475638243
4,7,Jaren Jackson Jr.,37.3,MEM,PF/C,6600,31.0,34.5,5.225,29.0,33.44,36.87931034482759,1.081691433412232,0.8592780336311837,1.2083520677525128,1.0427109054457113,0.5978175883866708,1.2070329024731246,0.8488532313053199
5,0,Brandon Goodwin,20.0,ATL,PG/SG,3100,26.5,26.15,8.425,14.666666666666666,15.77,47.248295454545456,0.36617553085144,0.4250087608204154,2.026993635540443,-0.62198944521262,2.799114874385362,-0.11848982903862258,0.11245365539902544
5,1,Mikal Bridges,14.5,PHO,SG/SF,3800,26.0,20.2,5.3149999999999995,23.666666666666668,17.4,22.191549295774646,-0.14368310630265718,0.3767566193969967,0.04873889392104239,-0.46842625497079327,0.6597290745553839,-0.5398987899238602,-0.18175821868208478
5,2,Kawhi Leonard,47.8,LAC,SF/PF,9000,35.5,49.349999999999994,5.505,34.333333333333336,47.07,51.026941747572806,2.354195763116155,1.293547306441952,2.325321475025992,2.326800649615098,0.7904311009115563,2.011540918708578,1.8636725271110053
5,3,Omari Spellman,28.0,GS,PF/C,4100,25.0,24.3,5.9350000000000005,21.0,21.44,28.92857142857143,0.2076480554337797,0.28025233655015924,0.5806334142290969,-0.08781564848184793,1.0862304237176308,0.4944686595217231,0.08663065628283177
5,4,Draymond Green,29.5,GS,PG/SF,5100,31.0,31.55,6.185,30.0,29.15,32.60166666666667,0.8289043780165032,0.8592780336311837,0.870627894164316,0.6385476624166089,1.258206774186278,0.6093983761267878,0.5707301507583333
5,5,John Collins,22.3,ATL,PF/C,8000,32.5,46.4,5.775,30.666666666666668,41.540000000000006,49.17391304347826,2.1014087077204264,1.0040344579014397,2.1790230371919663,1.8058163293468148,0.9761655594176962,0.05773573642247685,1.6218445786848126
5,6,Nikola Jokic,51.8,DEN,C,8800,33.0,50.35,5.715,31.333333333333332,46.37,53.02819148936171,2.439886290368945,1.0522865993248585,2.4833221094967493,2.260853267302657,0.9348912353052204,2.318020162988751,1.9100304475638243
5,7,DeMar DeRozan,44.0,SA,SG/SF,7900,34.0,37.8,4.79,35.333333333333336,39.52,36.37358490566037,1.364470173346437,1.148790882171696,1.1684245471698014,1.615511026102342,0.298578738571224,1.7203856366424144,1.1098361687406486
6,0,Draymond Green,29.5,GS,PG/SF,5100,31.0,31.55,6.185,30.0,29.15,32.60166666666667,0.8289043780165032,0.8592780336311837,0.870627894164316,0.6385476624166089,1.258206774186278,0.6093983761267878,0.5707301507583333
6,1,Brandon Goodwin,20.0,ATL,PG/SG,3100,26.5,26.15,8.425,14.666666666666666,15.77,47.248295454545456,0.36617553085144,0.4250087608204154,2.026993635540443,-0.62198944521262,2.799114874385362,-0.11848982903862258,0.11245365539902544
6,2,Kawhi Leonard,47.8,LAC,SF/PF,9000,35.5,49.349999999999994,5.505,34.333333333333336,47.07,51.026941747572806,2.354195763116155,1.293547306441952,2.325321475025992,2.326800649615098,0.7904311009115563,2.011540918708578,1.8636725271110053
6,3,John Collins,22.3,ATL,PF/C,8000,32.5,46.4,5.775,30.666666666666668,41.540000000000006,49.17391304347826,2.1014087077204264,1.0040344579014397,2.1790230371919663,1.8058163293468148,0.9761655594176962,0.05773573642247685,1.6218445786848126
6,4,Kyle Lowry,48.8,TOR,PG,8200,37.0,42.15,5.115,39.666666666666664,42.21,39.31638655462185,1.7372239668960712,1.4383037307122082,1.4007616303175927,1.8689373952744364,0.5221479941804662,2.0881607297786213,1.3766188782204085
6,5,Dario Saric,15.5,PHO,SF/PF,3100,19.5,17.05,5.5,21.0,19.509999999999998,15.832142857142857,-0.41360826714894383,-0.25052121910744657,-0.4533424961123008,-0.2696420025718641,0.7869915739021834,-0.463278978853817,-0.38868561374676514
6,6,Nikola Jokic,51.8,DEN,C,8800,33.0,50.35,5.715,31.333333333333332,46.37,53.02819148936171,2.439886290368945,1.0522865993248585,2.4833221094967493,2.260853267302657,0.9348912353052204,2.318020162988751,1.9100304475638243
6,7,Glenn Robinson III,20.3,GS,SG/SF,4400,33.0,22.85,5.17,31.666666666666668,23.310000000000002,23.812105263157896,0.08339679091723505,1.0522865993248585,0.17668338065613878,0.0883580728385302,0.5599827912835684,-0.09550388571760957,0.043270763718357606
7,0,Kyle Lowry,48.8,TOR,PG,8200,37.0,42.15,5.115,39.666666666666664,42.21,39.31638655462185,1.7372239668960712,1.4383037307122082,1.4007616303175927,1.8689373952744364,0.5221479941804662,2.0881607297786213,1.3766188782204085
7,1,Brandon Goodwin,20.0,ATL,PG/SG,3100,26.5,26.15,8.425,14.666666666666666,15.77,47.248295454545456,0.36617553085144,0.4250087608204154,2.026993635540443,-0.62198944521262,2.799114874385362,-0.11848982903862258,0.11245365539902544
7,2,Mikal Bridges,14.5,PHO,SG/SF,3800,26.0,20.2,5.3149999999999995,23.666666666666668,17.4,22.191549295774646,-0.14368310630265718,0.3767566193969967,0.04873889392104239,-0.46842625497079327,0.6597290745553839,-0.5398987899238602,-0.18175821868208478
7,3,Kawhi Leonard,47.8,LAC,SF/PF,9000,35.5,49.349999999999994,5.505,34.333333333333336,47.07,51.026941747572806,2.354195763116155,1.293547306441952,2.325321475025992,2.326800649615098,0.7904311009115563,2.011540918708578,1.8636725271110053
7,4,Draymond Green,29.5,GS,PG/SF,5100,31.0,31.55,6.185,30.0,29.15,32.60166666666667,0.8289043780165032,0.8592780336311837,0.870627894164316,0.6385476624166089,1.258206774186278,0.6093983761267878,0.5707301507583333
7,5,John Collins,22.3,ATL,PF/C,8000,32.5,46.4,5.775,30.666666666666668,41.540000000000006,49.17391304347826,2.1014087077204264,1.0040344579014397,2.1790230371919663,1.8058163293468148,0.9761655594176962,0.05773573642247685,1.6218445786848126
7,6,Nikola Jokic,51.8,DEN,C,8800,33.0,50.35,5.715,31.333333333333332,46.37,53.02819148936171,2.439886290368945,1.0522865993248585,2.4833221094967493,2.260853267302657,0.9348912353052204,2.318020162988751,1.9100304475638243
7,7,Eric Paschall,32.8,GS,SF/PF,3400,22.0,19.25,5.640000000000001,21.666666666666668,21.55,19.546153846153846,-0.22508910719280711,-0.009260511990353005,-0.1601176774194823,-0.07745248840417869,0.8832983301646266,0.8622437526579302,-0.2319400151202037
8,0,Devonte' Graham,44.3,CHA,PG,6900,36.0,38.9,5.66,35.333333333333336,37.3,39.63396226415094,1.4587297533245056,1.3417994478653708,1.425834544782153,1.406363613625743,0.8970564382021181,1.743371579963427,1.1244282135691188
8,1,Alec Burks,19.5,GS,PG/SG,5400,31.5,30.55,5.66,29.0,30.410000000000004,33.18362068965517,0.7432138507637138,0.9075301750546024,0.9165737363772928,0.7572529505790031,0.8970564382021181,-0.15679973457364418,0.5595702530600195
8,2,Glenn Robinson III,20.3,GS,SG/SF,4400,33.0,22.85,5.17,31.666666666666668,23.310000000000002,23.812105263157896,0.08339679091723505,1.0522865993248585,0.17668338065613878,0.0883580728385302,0.5599827912835684,-0.09550388571760957,0.043270763718357606
8,3,John Collins,22.3,ATL,PF/C,8000,32.5,46.4,5.775,30.666666666666668,41.540000000000006,49.17391304347826,2.1014087077204264,1.0040344579014397,2.1790230371919663,1.8058163293468148,0.9761655594176962,0.05773573642247685,1.6218445786848126
8,4,Brandon Goodwin,20.0,ATL,PG/SG,3100,26.5,26.15,8.425,14.666666666666666,15.77,47.248295454545456,0.36617553085144,0.4250087608204154,2.026993635540443,-0.62198944521262,2.799114874385362,-0.11848982903862258,0.11245365539902544
8,5,Mikal Bridges,14.5,PHO,SG/SF,3800,26.0,20.2,5.3149999999999995,23.666666666666668,17.4,22.191549295774646,-0.14368310630265718,0.3767566193969967,0.04873889392104239,-0.46842625497079327,0.6597290745553839,-0.5398987899238602,-0.18175821868208478
8,6,Nikola Jokic,51.8,DEN,C,8800,33.0,50.35,5.715,31.333333333333332,46.37,53.02819148936171,2.439886290368945,1.0522865993248585,2.4833221094967493,2.260853267302657,0.9348912353052204,2.318020162988751,1.9100304475638243
8,7,Kawhi Leonard,47.8,LAC,SF/PF,9000,35.5,49.349999999999994,5.505,34.333333333333336,47.07,51.026941747572806,2.354195763116155,1.293547306441952,2.325321475025992,2.326800649615098,0.7904311009115563,2.011540918708578,1.8636725271110053
9,0,Brandon Goodwin,20.0,ATL,PG/SG,3100,26.5,26.15,8.425,14.666666666666666,15.77,47.248295454545456,0.36617553085144,0.4250087608204154,2.026993635540443,-0.62198944521262,2.799114874385362,-0.11848982903862258,0.11245365539902544
9,1,Alec Burks,19.5,GS,PG/SG,5400,31.5,30.55,5.66,29.0,30.410000000000004,33.18362068965517,0.7432138507637138,0.9075301750546024,0.9165737363772928,0.7572529505790031,0.8970564382021181,-0.15679973457364418,0.5595702530600195
9,2,Draymond Green,29.5,GS,PG/SF,5100,31.0,31.55,6.185,30.0,29.15,32.60166666666667,0.8289043780165032,0.8592780336311837,0.870627894164316,0.6385476624166089,1.258206774186278,0.6093983761267878,0.5707301507583333
9,3,Cody Zeller,34.0,CHA,PF/C,3900,19.5,21.1,5.404999999999999,20.0,22.46,20.5725,-0.0665616317751465,-0.25052121910744657,-0.07908663960939999,0.008279108601994588,0.7216405607240969,0.9541875259419823,-0.10604538397440523
9,4,Devonte' Graham,44.3,CHA,PG,6900,36.0,38.9,5.66,35.333333333333336,37.3,39.63396226415094,1.4587297533245056,1.3417994478653708,1.425834544782153,1.406363613625743,0.8970564382021181,1.743371579963427,1.1244282135691188
9,5,Kawhi Leonard,47.8,LAC,SF/PF,9000,35.5,49.349999999999994,5.505,34.333333333333336,47.07,51.026941747572806,2.354195763116155,1.293547306441952,2.325321475025992,2.326800649615098,0.7904311009115563,2.011540918708578,1.8636725271110053
9,6,Nikola Jokic,51.8,DEN,C,8800,33.0,50.35,5.715,31.333333333333332,46.37,53.02819148936171,2.439886290368945,1.0522865993248585,2.4833221094967493,2.260853267302657,0.9348912353052204,2.318020162988751,1.9100304475638243
9,7,Ricky Rubio,27.0,PHO,PG,6800,34.0,36.0,5.279999999999999,33.666666666666664,35.8,36.35643564356436,1.2102272242914163,1.148790882171696,1.1670705960684995,1.265047794384798,0.6356523854897731,0.41784884845167986,0.9502203346890021
10,0,Draymond Green,29.5,GS,PG/SF,5100,31.0,31.55,6.185,30.0,29.15,32.60166666666667,0.8289043780165032,0.8592780336311837,0.870627894164316,0.6385476624166089,1.258206774186278,0.6093983761267878,0.5707301507583333
10,1,Brandon Goodwin,20.0,ATL,PG/SG,3100,26.5,26.15,8.425,14.666666666666666,15.77,47.248295454545456,0.36617553085144,0.4250087608204154,2.026993635540443,-0.62198944521262,2.799114874385362,-0.11848982903862258,0.11245365539902544
10,2,Kawhi Leonard,47.8,LAC,SF/PF,9000,35.5,49.349999999999994,5.505,34.333333333333336,47.07,51.026941747572806,2.354195763116155,1.293547306441952,2.325321475025992,2.326800649615098,0.7904311009115563,2.011540918708578,1.8636725271110053
10,3,Deandre Ayton,34.8,PHO,PF/C,7700,31.0,39.75,5.18,33.0,37.75,37.34090909090909,1.5315667014893768,0.8592780336311837,1.2447957425367453,1.4487583593980267,0.5668618453023142,1.0154833747980165,1.1820478424538965
10,4,De'Anthony Melton,28.8,MEM,PG/SG,4300,18.0,20.0,4.640000000000001,18.333333333333332,20.46,19.63636363636364,-0.160821211753215,-0.39527764337770266,-0.15299552580042422,-0.18014198371926535,0.1953929282900358,0.5557645083777577,-0.15149434527504993
10,5,Mikal Bridges,14.5,PHO,SG/SF,3800,26.0,20.2,5.3149999999999995,23.666666666666668,17.4,22.191549295774646,-0.14368310630265718,0.3767566193969967,0.04873889392104239,-0.46842625497079327,0.6597290745553839,-0.5398987899238602,-0.18175821868208478
10,6,John Collins,22.3,ATL,PF/C,8000,32.5,46.4,5.775,30.666666666666668,41.540000000000006,49.17391304347826,2.1014087077204264,1.0040344579014397,2.1790230371919663,1.8058163293468148,0.9761655594176962,0.05773573642247685,1.6218445786848126
10,7,Nikola Jokic,51.8,DEN,C,8800,33.0,50.35,5.715,31.333333333333332,46.37,53.02819148936171,2.439886290368945,1.0522865993248585,2.4833221094967493,2.260853267302657,0.9348912353052204,2.318020162988751,1.9100304475638243
11,0,Patrick Beverley,29.0,LAC,PG/SG,4800,32.0,26.0,5.43,29.666666666666668,26.3,28.044943820224717,0.3533219517635217,0.9557823164780211,0.5108701458876559,0.37004760585881363,0.7388381957709619,0.5710884705917663,0.2540846853454338
11,1,De'Anthony Melton,28.8,MEM,PG/SG,4300,18.0,20.0,4.640000000000001,18.333333333333332,20.46,19.63636363636364,-0.160821211753215,-0.39527764337770266,-0.15299552580042422,-0.18014198371926535,0.1953929282900358,0.5557645083777577,-0.15149434527504993
11,2,Kawhi Leonard,47.8,LAC,SF/PF,9000,35.5,49.349999999999994,5.505,34.333333333333336,47.07,51.026941747572806,2.354195763116155,1.293547306441952,2.325321475025992,2.326800649615098,0.7904311009115563,2.011540918708578,1.8636725271110053
11,3,Omari Spellman,28.0,GS,PF/C,4100,25.0,24.3,5.9350000000000005,21.0,21.44,28.92857142857143,0.2076480554337797,0.28025233655015924,0.5806334142290969,-0.08781564848184793,1.0862304237176308,0.4944686595217231,0.08663065628283177
11,4,Brandon Goodwin,20.0,ATL,PG/SG,3100,26.5,26.15,8.425,14.666666666666666,15.77,47.248295454545456,0.36617553085144,0.4250087608204154,2.026993635540443,-0.62198944521262,2.799114874385362,-0.11848982903862258,0.11245365539902544
11,5,Draymond Green,29.5,GS,PG/SF,5100,31.0,31.55,6.185,30.0,29.15,32.60166666666667,0.8289043780165032,0.8592780336311837,0.870627894164316,0.6385476624166089,1.258206774186278,0.6093983761267878,0.5707301507583333
11,6,Deandre Ayton,34.8,PHO,PF/C,7700,31.0,39.75,5.18,33.0,37.75,37.34090909090909,1.5315667014893768,0.8592780336311837,1.2447957425367453,1.4487583593980267,0.5668618453023142,1.0154833747980165,1.1820478424538965
11,7,Nikola Jokic,51.8,DEN,C,8800,33.0,50.35,5.715,31.333333333333332,46.37,53.02819148936171,2.439886290368945,1.0522865993248585,2.4833221094967493,2.260853267302657,0.9348912353052204,2.318020162988751,1.9100304475638243
12,0,Draymond Green,29.5,GS,PG/SF,5100,31.0,31.55,6.185,30.0,29.15,32.60166666666667,0.8289043780165032,0.8592780336311837,0.870627894164316,0.6385476624166089,1.258206774186278,0.6093983761267878,0.5707301507583333
12,1,Mikal Bridges,14.5,PHO,SG/SF,3800,26.0,20.2,5.3149999999999995,23.666666666666668,17.4,22.191549295774646,-0.14368310630265718,0.3767566193969967,0.04873889392104239,-0.46842625497079327,0.6597290745553839,-0.5398987899238602,-0.18175821868208478
12,2,Kawhi Leonard,47.8,LAC,SF/PF,9000,35.5,49.349999999999994,5.505,34.333333333333336,47.07,51.026941747572806,2.354195763116155,1.293547306441952,2.325321475025992,2.326800649615098,0.7904311009115563,2.011540918708578,1.8636725271110053
12,3,Jae Crowder,19.5,MEM,SF/PF,5000,29.5,25.65,5.125,29.333333333333332,27.330000000000002,25.795738636363634,0.32333026722504526,0.7145216093609276,0.33329318550923787,0.4670844684042626,0.529027048199212,-0.15679973457364418,0.2448996158254655
12,4,Devonte' Graham,44.3,CHA,PG,6900,36.0,38.9,5.66,35.333333333333336,37.3,39.63396226415094,1.4587297533245056,1.3417994478653708,1.425834544782153,1.406363613625743,0.8970564382021181,1.743371579963427,1.1244282135691188
12,5,Omari Spellman,28.0,GS,PF/C,4100,25.0,24.3,5.9350000000000005,21.0,21.44,28.92857142857143,0.2076480554337797,0.28025233655015924,0.5806334142290969,-0.08781564848184793,1.0862304237176308,0.4944686595217231,0.08663065628283177
12,6,Deandre Ayton,34.8,PHO,PF/C,7700,31.0,39.75,5.18,33.0,37.75,37.34090909090909,1.5315667014893768,0.8592780336311837,1.2447957425367453,1.4487583593980267,0.5668618453023142,1.0154833747980165,1.1820478424538965
12,7,Alec Burks,19.5,GS,PG/SG,5400,31.5,30.55,5.66,29.0,30.410000000000004,33.18362068965517,0.7432138507637138,0.9075301750546024,0.9165737363772928,0.7572529505790031,0.8970564382021181,-0.15679973457364418,0.5595702530600195
13,0,Draymond Green,29.5,GS,PG/SF,5100,31.0,31.55,6.185,30.0,29.15,32.60166666666667,0.8289043780165032,0.8592780336311837,0.870627894164316,0.6385476624166089,1.258206774186278,0.6093983761267878,0.5707301507583333
13,1,Alec Burks,19.5,GS,PG/SG,5400,31.5,30.55,5.66,29.0,30.410000000000004,33.18362068965517,0.7432138507637138,0.9075301750546024,0.9165737363772928,0.7572529505790031,0.8970564382021181,-0.15679973457364418,0.5595702530600195
13,2,Lonnie Walker IV,6.0,SA,SG/SF,3500,19.5,16.3,4.68,16.333333333333332,13.280000000000001,19.460204081632654,-0.47787616258853594,-0.25052121910744657,-0.1669034958225475,-0.8565737051525885,0.22290914436501882,-1.1911671840192275,-0.4231428200287037
13,3,Kawhi Leonard,47.8,LAC,SF/PF,9000,35.5,49.349999999999994,5.505,34.333333333333336,47.07,51.026941747572806,2.354195763116155,1.293547306441952,2.325321475025992,2.326800649615098,0.7904311009115563,2.011540918708578,1.8636725271110053
13,4,Patrick Beverley,29.0,LAC,PG/SG,4800,32.0,26.0,5.43,29.666666666666668,26.3,28.044943820224717,0.3533219517635217,0.9557823164780211,0.5108701458876559,0.37004760585881363,0.7388381957709619,0.5710884705917663,0.2540846853454338
13,5,Glenn Robinson III,20.3,GS,SG/SF,4400,33.0,22.85,5.17,31.666666666666668,23.310000000000002,23.812105263157896,0.08339679091723505,1.0522865993248585,0.17668338065613878,0.0883580728385302,0.5599827912835684,-0.09550388571760957,0.043270763718357606
13,6,John Collins,22.3,ATL,PF/C,8000,32.5,46.4,5.775,30.666666666666668,41.540000000000006,49.17391304347826,2.1014087077204264,1.0040344579014397,2.1790230371919663,1.8058163293468148,0.9761655594176962,0.05773573642247685,1.6218445786848126
13,7,Jaren Jackson Jr.,37.3,MEM,PF/C,6600,31.0,34.5,5.225,29.0,33.44,36.87931034482759,1.081691433412232,0.8592780336311837,1.2083520677525128,1.0427109054457113,0.5978175883866708,1.2070329024731246,0.8488532313053199
14,0,Devonte' Graham,44.3,CHA,PG,6900,36.0,38.9,5.66,35.333333333333336,37.3,39.63396226415094,1.4587297533245056,1.3417994478653708,1.425834544782153,1.406363613625743,0.8970564382021181,1.743371579963427,1.1244282135691188
14,1,Brandon Goodwin,20.0,ATL,PG/SG,3100,26.5,26.15,8.425,14.666666666666666,15.77,47.248295454545456,0.36617553085144,0.4250087608204154,2.026993635540443,-0.62198944521262,2.799114874385362,-0.11848982903862258,0.11245365539902544
14,2,Draymond Green,29.5,GS,PG/SF,5100,31.0,31.55,6.185,30.0,29.15,32.60166666666667,0.8289043780165032,0.8592780336311837,0.870627894164316,0.6385476624166089,1.258206774186278,0.6093983761267878,0.5707301507583333
14,3,Omari Spellman,28.0,GS,PF/C,4100,25.0,24.3,5.9350000000000005,21.0,21.44,28.92857142857143,0.2076480554337797,0.28025233655015924,0.5806334142290969,-0.08781564848184793,1.0862304237176308,0.4944686595217231,0.08663065628283177
14,4,Grayson Allen,22.0,MEM,PG/SG,3000,12.0,11.05,3.675,14.0,11.27,9.471428571428572,-0.9277514306656806,-0.9743033404587271,-0.9555271419585045,-1.0459369029354548,-0.46843578451894485,0.03474979310146383,-0.7430097512072994
14,5,Deandre Ayton,34.8,PHO,PF/C,7700,31.0,39.75,5.18,33.0,37.75,37.34090909090909,1.5315667014893768,0.8592780336311837,1.2447957425367453,1.4487583593980267,0.5668618453023142,1.0154833747980165,1.1820478424538965
14,6,John Collins,22.3,ATL,PF/C,8000,32.5,46.4,5.775,30.666666666666668,41.540000000000006,49.17391304347826,2.1014087077204264,1.0040344579014397,2.1790230371919663,1.8058163293468148,0.9761655594176962,0.05773573642247685,1.6218445786848126
14,7,Jaren Jackson Jr.,37.3,MEM,PF/C,6600,31.0,34.5,5.225,29.0,33.44,36.87931034482759,1.081691433412232,0.8592780336311837,1.2083520677525128,1.0427109054457113,0.5978175883866708,1.2070329024731246,0.8488532313053199
15,0,Kevin Huerter,22.8,ATL,PG/SG,6000,33.5,31.0,5.16,31.333333333333332,27.7,33.1436170212766,0.781774588027469,1.1005387407482772,0.9134154074326392,0.5019423704836955,0.5531037372648228,0.09604564195749844,0.5872158781132838
15,1,Brandon Goodwin,20.0,ATL,PG/SG,3100,26.5,26.15,8.425,14.666666666666666,15.77,47.248295454545456,0.36617553085144,0.4250087608204154,2.026993635540443,-0.62198944521262,2.799114874385362,-0.11848982903862258,0.11245365539902544
15,2,Nicolas Batum,12.0,CHA,SG/SF,3000,0.0,4.15,1.375,20.666666666666668,12.19,0.0,-1.519016068709928,-2.132354734620776,-1.7033057386929977,-0.9592632004676753,-2.0506182088305036,-0.7314483175989682,-1.0586147724519208
15,3,Deandre Ayton,34.8,PHO,PF/C,7700,31.0,39.75,5.18,33.0,37.75,37.34090909090909,1.5315667014893768,0.8592780336311837,1.2447957425367453,1.4487583593980267,0.5668618453023142,1.0154833747980165,1.1820478424538965
15,4,Ricky Rubio,27.0,PHO,PG,6800,34.0,36.0,5.279999999999999,33.666666666666664,35.8,36.35643564356436,1.2102272242914163,1.148790882171696,1.1670705960684995,1.265047794384798,0.6356523854897731,0.41784884845167986,0.9502203346890021
15,5,Draymond Green,29.5,GS,PG/SF,5100,31.0,31.55,6.185,30.0,29.15,32.60166666666667,0.8289043780165032,0.8592780336311837,0.870627894164316,0.6385476624166089,1.258206774186278,0.6093983761267878,0.5707301507583333
15,6,Jaren Jackson Jr.,37.3,MEM,PF/C,6600,31.0,34.5,5.225,29.0,33.44,36.87931034482759,1.081691433412232,0.8592780336311837,1.2083520677525128,1.0427109054457113,0.5978175883866708,1.2070329024731246,0.8488532313053199
15,7,Jamal Murray,26.5,DEN,PG/SG,6400,33.5,35.3,5.505,33.666666666666664,35.54,35.125247524752474,1.1502438552144634,1.1005387407482772,1.0698670837516167,1.2405530523830344,0.7904311009115563,0.37953894291665824,0.8896839766322502
16,0,Alec Burks,19.5,GS,PG/SG,5400,31.5,30.55,5.66,29.0,30.410000000000004,33.18362068965517,0.7432138507637138,0.9075301750546024,0.9165737363772928,0.7572529505790031,0.8970564382021181,-0.15679973457364418,0.5595702530600195
16,1,Dwayne Bacon,34.8,CHA,SG/SF,3400,23.0,16.4,4.805,21.0,13.8,17.96190476190476,-0.4693071098632572,0.08724377085648441,-0.28519570003914774,-0.8075842211490609,0.3088973195993427,1.0154833747980165,-0.4247037807816554
16,2,Kawhi Leonard,47.8,LAC,SF/PF,9000,35.5,49.349999999999994,5.505,34.333333333333336,47.07,51.026941747572806,2.354195763116155,1.293547306441952,2.325321475025992,2.326800649615098,0.7904311009115563,2.011540918708578,1.8636725271110053
16,3,Jaren Jackson Jr.,37.3,MEM,PF/C,6600,31.0,34.5,5.225,29.0,33.44,36.87931034482759,1.081691433412232,0.8592780336311837,1.2083520677525128,1.0427109054457113,0.5978175883866708,1.2070329024731246,0.8488532313053199
16,4,Grayson Allen,22.0,MEM,PG/SG,3000,12.0,11.05,3.675,14.0,11.27,9.471428571428572,-0.9277514306656806,-0.9743033404587271,-0.9555271419585045,-1.0459369029354548,-0.46843578451894485,0.03474979310146383,-0.7430097512072994
16,5,Mikal Bridges,14.5,PHO,SG/SF,3800,26.0,20.2,5.3149999999999995,23.666666666666668,17.4,22.191549295774646,-0.14368310630265718,0.3767566193969967,0.04873889392104239,-0.46842625497079327,0.6597290745553839,-0.5398987899238602,-0.18175821868208478
16,6,John Collins,22.3,ATL,PF/C,8000,32.5,46.4,5.775,30.666666666666668,41.540000000000006,49.17391304347826,2.1014087077204264,1.0040344579014397,2.1790230371919663,1.8058163293468148,0.9761655594176962,0.05773573642247685,1.6218445786848126
16,7,Brandon Goodwin,20.0,ATL,PG/SG,3100,26.5,26.15,8.425,14.666666666666666,15.77,47.248295454545456,0.36617553085144,0.4250087608204154,2.026993635540443,-0.62198944521262,2.799114874385362,-0.11848982903862258,0.11245365539902544
17,0,Terry Rozier,10.0,CHA,PG/SG,7100,36.5,35.7,5.02,37.333333333333336,35.78000000000001,34.903125,1.1845200661155797,1.3900515892887895,1.0523302920617572,1.2631635834615864,0.4567969810023796,-0.8846879397390547,0.9413731403630761
17,1,Derrick White,29.5,SA,PG/SG,3600,21.0,18.450000000000003,5.135,22.0,19.89,17.611363636363638,-0.2936415289950384,-0.10576479483719042,-0.312871266504971,-0.23384199503082445,0.5359061022179576,0.6093983761267878,-0.2769651741164547
17,2,OG Anunoby,17.3,TOR,SF/PF,5400,30.0,25.65,4.73,32.0,25.51,24.046875,0.32333026722504526,0.7627737507843463,0.19521868217349328,0.29562127439191604,0.25730441445874885,-0.3253633189277392,0.23900813197820103
17,3,Trey Lyles,10.3,SA,PF/C,3300,19.0,15.55,4.725,17.666666666666668,15.65,16.723584905660378,-0.542144058028128,-0.29877336053086523,-0.3829622700372801,-0.6332947107518955,0.25386488744937535,-0.8617019964180416,-0.4611205772198228
17,4,Dwayne Bacon,34.8,CHA,SG/SF,3400,23.0,16.4,4.805,21.0,13.8,17.96190476190476,-0.4693071098632572,0.08724377085648441,-0.28519570003914774,-0.8075842211490609,0.3088973195993427,1.0154833747980165,-0.4247037807816554
17,5,Montrezl Harrell,40.0,LAC,PF/C,6100,29.5,33.75,5.555,30.666666666666668,34.15,32.466032608695656,1.01742353797264,0.7145216093609276,0.8599194519505488,1.1096003932197587,0.8248263710052858,1.4139063923622415,0.7692537521621556
17,6,LaMarcus Aldridge,24.5,SA,PF/C,7300,33.0,37.4,5.119999999999999,33.333333333333336,38.1,37.025999999999996,1.3301939624453214,1.0522865993248585,1.2199333602336897,1.4817320505542473,0.5255875211898384,0.22629932077657183,1.0599180912437733
17,7,DeMar DeRozan,44.0,SA,SG/SF,7900,34.0,37.8,4.79,35.333333333333336,39.52,36.37358490566037,1.364470173346437,1.148790882171696,1.1684245471698014,1.615511026102342,0.298578738571224,1.7203856366424144,1.1098361687406486
18,0,Devin Booker,31.5,PHO,PG/SG,8400,36.5,42.9,5.13,37.333333333333336,43.4,41.94241071428571,1.8014918623356633,1.3900515892887895,1.6080888192727993,1.9810479452055858,0.5324665752085848,0.7626379982668743,1.4430788352646244
18,1,Allen Crabbe,6.0,ATL,SG/SF,3200,20.5,12.7,3.975,19.0,11.24,13.702631578947368,-0.7863620606985781,-0.15401693626060914,-0.6214695049716537,-1.0487632193202736,-0.26206416395656745,-1.1911671840192275,-0.6350930748667231
18,2,OG Anunoby,17.3,TOR,SF/PF,5400,30.0,25.65,4.73,32.0,25.51,24.046875,0.32333026722504526,0.7627737507843463,0.19521868217349328,0.29562127439191604,0.25730441445874885,-0.3253633189277392,0.23900813197820103
18,3,Dario Saric,15.5,PHO,SF/PF,3100,19.5,17.05,5.5,21.0,19.509999999999998,15.832142857142857,-0.41360826714894383,-0.25052121910744657,-0.4533424961123008,-0.2696420025718641,0.7869915739021834,-0.463278978853817,-0.38868561374676514
18,4,Brandon Goodwin,20.0,ATL,PG/SG,3100,26.5,26.15,8.425,14.666666666666666,15.77,47.248295454545456,0.36617553085144,0.4250087608204154,2.026993635540443,-0.62198944521262,2.799114874385362,-0.11848982903862258,0.11245365539902544
18,5,Caris LeVert,21.5,BKN,PG/SF,5500,26.0,27.35,4.99,25.333333333333332,26.589999999999996,28.069736842105264,0.4690041635547876,0.3767566193969967,0.5128275793382517,0.3973686642453959,0.4361598189461423,-0.0035601124335577733,0.34815714581902635
18,6,Trey Lyles,10.3,SA,PF/C,3300,19.0,15.55,4.725,17.666666666666668,15.65,16.723584905660378,-0.542144058028128,-0.29877336053086523,-0.3829622700372801,-0.6332947107518955,0.25386488744937535,-0.8617019964180416,-0.4611205772198228
18,7,LaMarcus Aldridge,24.5,SA,PF/C,7300,33.0,37.4,5.119999999999999,33.333333333333336,38.1,37.025999999999996,1.3301939624453214,1.0522865993248585,1.2199333602336897,1.4817320505542473,0.5255875211898384,0.22629932077657183,1.0599180912437733
19,0,Terence Davis,7.3,TOR,PG/SG,5700,20.0,16.65,2.91,20.333333333333332,17.35,16.37704918032787,-0.4478844780500598,-0.20226907768402783,-0.41032160621906877,-0.4731367822788245,-0.9946834169530065,-1.0915614296281713,-0.2895317264431654
19,1,Elie Okobo,12.0,PHO,PG/SG,3000,12.5,10.9,3.64,12.0,10.379999999999999,11.354166666666666,-0.9406050097535991,-0.9260511990353084,-0.8068831184874637,-1.1297842890184155,-0.49251247358455535,-0.7314483175989682,-0.7460674743006016
19,2,Garrett Temple,15.5,BKN,SG/SF,3700,19.0,14.35,3.86,30.0,20.49,9.088333333333333,-0.6449726907314755,-0.29877336053086523,-0.9857728876132507,-0.17731566733444667,-0.3411732851721455,-0.463278978853817,-0.4807267413756652
19,3,Kelly Oubre Jr.,56.3,PHO,SF/PF,6700,36.5,36.2,5.425000000000001,36.0,35.620000000000005,36.702777777777776,1.2273653297419744,1.3900515892887895,1.1944146480411233,1.2480898960758853,0.7353986687615897,2.6628093128039456,0.956399130575486
19,4,Patrick McCaw,7.0,TOR,SG/SF,5000,24.5,13.8,2.75,33.0,17.099999999999998,10.245454545454546,-0.6921024807205096,0.23200019512674053,-0.8944170303921041,-0.4966894188189823,-1.1047482812529412,-1.1145473729491842,-0.47119052691246627
19,5,Norman Powell,33.3,TOR,SG/SF,5900,26.0,22.9,3.9,32.0,26.18,18.60625,0.08768131727987427,0.3767566193969967,-0.23432401005893833,0.35874234031953794,-0.31365706909716184,0.9005536581929519,0.10241694783419808
19,6,DeAndre Jordan,25.0,BKN,C,4700,19.5,23.0,4.895,20.333333333333332,24.54,22.05737704918033,0.09625037000515334,-0.25052121910744657,0.03814586315251939,0.20423704461610476,0.37080880576805575,0.26460922631159345,0.053425957384379254
19,7,Draymond Green,29.5,GS,PG/SF,5100,31.0,31.55,6.185,30.0,29.15,32.60166666666667,0.8289043780165032,0.8592780336311837,0.870627894164316,0.6385476624166089,1.258206774186278,0.6093983761267878,0.5707301507583333
20,0,Patty Mills,16.0,SA,PG/SG,3700,22.0,17.1,4.595,22.333333333333332,18.18,16.844776119402987,-0.4093237407863043,-0.009260511990353005,-0.37339410457358496,-0.3949420289655018,0.16443718520567863,-0.4249690733187954,-0.34178749666064634
20,1,Grayson Allen,22.0,MEM,PG/SG,3000,12.0,11.05,3.675,14.0,11.27,9.471428571428572,-0.9277514306656806,-0.9743033404587271,-0.9555271419585045,-1.0459369029354548,-0.46843578451894485,0.03474979310146383,-0.7430097512072994
20,2,Dwayne Bacon,34.8,CHA,SG/SF,3400,23.0,16.4,4.805,21.0,13.8,17.96190476190476,-0.4693071098632572,0.08724377085648441,-0.28519570003914774,-0.8075842211490609,0.3088973195993427,1.0154833747980165,-0.4247037807816554
20,3,Vince Carter,17.5,ATL,SF/PF,3000,13.5,9.8,3.285,13.333333333333334,9.26,9.9225,-1.0348645897316673,-0.829546916188471,-0.9199146092407193,-1.235300100718321,-0.7367188912500351,-0.3100393567137306,-0.8054207701004326
20,4,Spencer Dinwiddie,22.5,BKN,PG/SG,7500,30.5,35.45,4.735,33.0,38.03000000000001,32.76439393939394,1.1630974343023823,0.811025892207765,0.8834753723174537,1.4751373123230038,0.26074394146812174,0.07305969863648543,0.9451030311768416
20,5,Mikal Bridges,14.5,PHO,SG/SF,3800,26.0,20.2,5.3149999999999995,23.666666666666668,17.4,22.191549295774646,-0.14368310630265718,0.3767566193969967,0.04873889392104239,-0.46842625497079327,0.6597290745553839,-0.5398987899238602,-0.18175821868208478
20,6,Cody Zeller,34.0,CHA,PF/C,3900,19.5,21.1,5.404999999999999,20.0,22.46,20.5725,-0.0665616317751465,-0.25052121910744657,-0.07908663960939999,0.008279108601994588,0.7216405607240969,0.9541875259419823,-0.10604538397440523
20,7,Jonas Valanciunas,62.8,MEM,C,6300,26.0,34.0,5.4,25.666666666666668,33.88,34.44155844155844,1.0388461697858373,0.3767566193969967,1.015889158523341,1.084163545756389,0.7182010337147247,3.1608380847592263,0.7967509454995932
21,0,Derrick White,29.5,SA,PG/SG,3600,21.0,18.450000000000003,5.135,22.0,19.89,17.611363636363638,-0.2936415289950384,-0.10576479483719042,-0.312871266504971,-0.23384199503082445,0.5359061022179576,0.6093983761267878,-0.2769651741164547
21,1,Dwayne Bacon,34.8,CHA,SG/SF,3400,23.0,16.4,4.805,21.0,13.8,17.96190476190476,-0.4693071098632572,0.08724377085648441,-0.28519570003914774,-0.8075842211490609,0.3088973195993427,1.0154833747980165,-0.4247037807816554
21,2,Norman Powell,33.3,TOR,SG/SF,5900,26.0,22.9,3.9,32.0,26.18,18.60625,0.08768131727987427,0.3767566193969967,-0.23432401005893833,0.35874234031953794,-0.31365706909716184,0.9005536581929519,0.10241694783419808
21,3,Cameron Johnson,1.3,PHO,SF/PF,3000,12.0,9.25,3.065,14.666666666666666,12.190000000000001,7.568181818181818,-1.0819943797207017,-0.9743033404587271,-1.1057903441406518,-0.9592632004676751,-0.8880580796624452,-1.5512802960484304,-0.8118809271470393
21,4,Caris LeVert,21.5,BKN,PG/SF,5500,26.0,27.35,4.99,25.333333333333332,26.589999999999996,28.069736842105264,0.4690041635547876,0.3767566193969967,0.5128275793382517,0.3973686642453959,0.4361598189461423,-0.0035601124335577733,0.34815714581902635
21,5,Serge Ibaka,44.5,TOR,PF/C,7800,33.0,37.65,4.835,32.0,33.39,38.8265625,1.3516165942585188,1.0522865993248585,1.3620895396768162,1.03800037813768,0.3295344816555806,1.758695542177436,1.0552801614270235
21,6,Alex Len,16.5,ATL,C,5200,23.5,28.55,5.49,22.666666666666668,23.91,29.599632352941175,0.5718327962581349,0.13549591227990312,0.633614333903907,0.14488440053490798,0.7801125198834378,-0.3866591677837738,0.36873833963028646
21,7,Matt Thomas,8.3,TOR,SG,3000,0.0,3.15,1.04,12.666666666666666,8.169999999999998,0.0,-1.6047065959627174,-2.132354734620776,-1.7033057386929977,-1.3379895960334078,-2.2810665184584913,-1.014941618558128,-1.1332768014863999
22,0,Kyle Lowry,48.8,TOR,PG,8200,37.0,42.15,5.115,39.666666666666664,42.21,39.31638655462185,1.7372239668960712,1.4383037307122082,1.4007616303175927,1.8689373952744364,0.5221479941804662,2.0881607297786213,1.3766188782204085
22,1,Spencer Dinwiddie,22.5,BKN,PG/SG,7500,30.5,35.45,4.735,33.0,38.03000000000001,32.76439393939394,1.1630974343023823,0.811025892207765,0.8834753723174537,1.4751373123230038,0.26074394146812174,0.07305969863648543,0.9451030311768416
22,2,Eric Paschall,32.8,GS,SF/PF,3400,22.0,19.25,5.640000000000001,21.666666666666668,21.55,19.546153846153846,-0.22508910719280711,-0.009260511990353005,-0.1601176774194823,-0.07745248840417869,0.8832983301646266,0.8622437526579302,-0.2319400151202037
22,3,Kelly Oubre Jr.,56.3,PHO,SF/PF,6700,36.5,36.2,5.425000000000001,36.0,35.620000000000005,36.702777777777776,1.2273653297419744,1.3900515892887895,1.1944146480411233,1.2480898960758853,0.7353986687615897,2.6628093128039456,0.956399130575486
22,4,Malik Monk,3.0,CHA,PG/SG,3500,17.5,15.0,4.295,18.666666666666668,14.819999999999999,14.062499999999998,-0.5892738480171623,-0.4435297848011214,-0.5930575393558686,-0.7114894640652186,-0.04193443535669849,-1.421026617229357,-0.49345943643265416
22,5,Dzanan Musa,6.0,BKN,SF/PF,3000,0.0,1.4,0.46,12.0,7.719999999999999,0.0,-1.754665018655099,-2.132354734620776,-1.7033057386929977,-1.3803843418056914,-2.680051651545754,-1.1911671840192275,-1.202585111326261
22,6,Patrick Patterson,1.5,LAC,PF/C,3000,12.5,5.550000000000001,1.825,10.333333333333334,8.77,6.713709677419355,-1.3990493305560225,-0.9260511990353084,-1.1732517596546261,-1.2814632683370297,-1.7410607779869376,-1.535956333834422,-0.9853518064913073
22,7,Tyler Johnson,5.3,PHO,PG/SG,3000,10.0,8.0,2.665,13.0,10.92,6.153846153846154,-1.1891075387866885,-1.167311906152402,-1.2174535352223907,-1.0789105940916752,-1.1632202404122813,-1.2448010517682577,-0.8814382984035724
23,0,Patrick Beverley,29.0,LAC,PG/SG,4800,32.0,26.0,5.43,29.666666666666668,26.3,28.044943820224717,0.3533219517635217,0.9557823164780211,0.5108701458876559,0.37004760585881363,0.7388381957709619,0.5710884705917663,0.2540846853454338
23,1,Joe Harris,21.8,BKN,SG/SF,5100,31.0,26.6,5.195,34.0,25.959999999999997,24.25294117647059,0.4047362681151955,0.8592780336311837,0.21148780938208056,0.3380160201641991,0.5771804263304334,0.019425830887455243,0.2728262080209023
23,2,Rudy Gay,22.5,SA,SF/PF,4600,22.0,22.55,4.895,23.333333333333332,23.29,21.261428571428574,0.05768963274139815,-0.009260511990353005,-0.0246950516342552,0.0864738619153173,0.37080880576805575,0.07305969863648543,0.014911960284870136
23,3,Solomon Hill,10.3,MEM,SF/PF,3100,13.5,10.1,3.2800000000000002,16.666666666666668,13.26,8.181,-1.0091574315558307,-0.829546916188471,-1.0574077462466294,-0.8584579160758012,-0.740158418259408,-0.8617019964180416,-0.7615398790523592
23,4,Jerome Robinson,0.0,LAC,SG,3000,0.0,2.9,0.96,9.666666666666666,6.18,0.0,-1.6261292277759147,-2.132354734620776,-1.7033057386929977,-1.5254685828930614,-2.336098950608459,-1.6508860504394867,-1.161368073905467
23,5,Jordan Poole,21.3,GS,SG/SF,3100,18.5,13.85,4.49,16.666666666666668,12.59,15.3735,-0.6878179543578702,-0.34702550195428394,-0.489552800558999,-0.9215789820034233,0.09220711800884691,-0.01888407464756636,-0.5789541797211377
23,6,Omari Spellman,28.0,GS,PF/C,4100,25.0,24.3,5.9350000000000005,21.0,21.44,28.92857142857143,0.2076480554337797,0.28025233655015924,0.5806334142290969,-0.08781564848184793,1.0862304237176308,0.4944686595217231,0.08663065628283177
23,7,Alex Len,16.5,ATL,C,5200,23.5,28.55,5.49,22.666666666666668,23.91,29.599632352941175,0.5718327962581349,0.13549591227990312,0.633614333903907,0.14488440053490798,0.7801125198834378,-0.3866591677837738,0.36873833963028646
24,0,Caris LeVert,21.5,BKN,PG/SF,5500,26.0,27.35,4.99,25.333333333333332,26.589999999999996,28.069736842105264,0.4690041635547876,0.3767566193969967,0.5128275793382517,0.3973686642453959,0.4361598189461423,-0.0035601124335577733,0.34815714581902635
24,1,Brandon Goodwin,20.0,ATL,PG/SG,3100,26.5,26.15,8.425,14.666666666666666,15.77,47.248295454545456,0.36617553085144,0.4250087608204154,2.026993635540443,-0.62198944521262,2.799114874385362,-0.11848982903862258,0.11245365539902544
24,2,Marco Belinelli,17.0,SA,SG/SF,3000,0.0,1.15,0.375,16.666666666666668,9.19,0.0,-1.7760876504682963,-2.132354734620776,-1.7033057386929977,-1.2418948389495652,-2.7385236107050943,-0.3483492622487522,-1.1980006972197283
24,3,Dario Saric,15.5,PHO,SF/PF,3100,19.5,17.05,5.5,21.0,19.509999999999998,15.832142857142857,-0.41360826714894383,-0.25052121910744657,-0.4533424961123008,-0.2696420025718641,0.7869915739021834,-0.463278978853817,-0.38868561374676514
24,4,Joe Harris,21.8,BKN,SG/SF,5100,31.0,26.6,5.195,34.0,25.959999999999997,24.25294117647059,0.4047362681151955,0.8592780336311837,0.21148780938208056,0.3380160201641991,0.5771804263304334,0.019425830887455243,0.2728262080209023
24,5,Wilson Chandler,9.8,BKN,SF/PF,3300,16.5,12.55,3.8049999999999997,19.666666666666668,15.929999999999998,10.529237288135594,-0.7992156397864963,-0.5400340676479588,-0.8720121038808447,-0.6069157578269193,-0.3790080822752481,-0.9000119019530632,-0.6132036390695524
24,6,Bismack Biyombo,15.3,CHA,C,4300,24.5,22.25,5.165,23.333333333333332,19.589999999999996,23.3625,0.031982474565561254,0.23200019512674053,0.14118660313908638,-0.26210515887901387,0.5565432642741955,-0.4786029410678256,-0.035549997356952114
24,7,Aron Baynes,20.8,PHO,C,4600,19.5,20.55,4.484999999999999,22.333333333333332,23.549999999999997,17.942910447761196,-0.11369142176418076,-0.25052121910744657,-0.2866953198134079,0.1109686039170809,0.08876759099947343,-0.057193980182587964,-0.09264988309784153
25,0,Brandon Goodwin,20.0,ATL,PG/SG,3100,26.5,26.15,8.425,14.666666666666666,15.77,47.248295454545456,0.36617553085144,0.4250087608204154,2.026993635540443,-0.62198944521262,2.799114874385362,-0.11848982903862258,0.11245365539902544
25,1,Glenn Robinson III,20.3,GS,SG/SF,4400,33.0,22.85,5.17,31.666666666666668,23.310000000000002,23.812105263157896,0.08339679091723505,1.0522865993248585,0.17668338065613878,0.0883580728385302,0.5599827912835684,-0.09550388571760957,0.043270763718357606
25,2,Rondae Hollis-Jefferson,19.5,TOR,SF/PF,4800,20.5,19.15,3.98,24.0,20.93,16.357291666666665,-0.23365815991808617,-0.15401693626060914,-0.4118814813455208,-0.13586302702376937,-0.25862463694719456,-0.15679973457364418,-0.1754363342173976
25,3,Moe Harkless,10.8,LAC,SF/PF,3800,18.5,15.55,4.1,21.666666666666668,15.929999999999998,13.277307692307692,-0.542144058028128,-0.34702550195428394,-0.6550492439424462,-0.6069157578269193,-0.1760759887222439,-0.82339209088302,-0.44618069878081695
25,4,Bryn Forbes,9.8,SA,PG/SG,4000,26.0,19.1,4.775,26.666666666666668,19.4,18.622500000000002,-0.2379426862807254,0.3767566193969967,-0.2330410565841485,-0.28000516264953335,0.2882601575431054,-0.9000119019530632,-0.21571648331655444
25,5,Justin Anderson,2.3,BKN,SF/PF,3000,0.0,3.65,1.21,6.0,2.8099999999999996,0.0,-1.5618613323363226,-2.132354734620776,-1.7033057386929977,-1.8429581234543844,-2.164122600139811,-1.4746604849783873,-1.1651139647029933
25,6,Patrick Patterson,1.5,LAC,PF/C,3000,12.5,5.550000000000001,1.825,10.333333333333334,8.77,6.713709677419355,-1.3990493305560225,-0.9260511990353084,-1.1732517596546261,-1.2814632683370297,-1.7410607779869376,-1.535956333834422,-0.9853518064913073
25,7,Bismack Biyombo,15.3,CHA,C,4300,24.5,22.25,5.165,23.333333333333332,19.589999999999996,23.3625,0.031982474565561254,0.23200019512674053,0.14118660313908638,-0.26210515887901387,0.5565432642741955,-0.4786029410678256,-0.035549997356952114
26,0,Grayson Allen,22.0,MEM,PG/SG,3000,12.0,11.05,3.675,14.0,11.27,9.471428571428572,-0.9277514306656806,-0.9743033404587271,-0.9555271419585045,-1.0459369029354548,-0.46843578451894485,0.03474979310146383,-0.7430097512072994
26,1,Lonnie Walker IV,6.0,SA,SG/SF,3500,19.5,16.3,4.68,16.333333333333332,13.280000000000001,19.460204081632654,-0.47787616258853594,-0.25052121910744657,-0.1669034958225475,-0.8565737051525885,0.22290914436501882,-1.1911671840192275,-0.4231428200287037
26,2,Justin Anderson,2.3,BKN,SF/PF,3000,0.0,3.65,1.21,6.0,2.8099999999999996,0.0,-1.5618613323363226,-2.132354734620776,-1.7033057386929977,-1.8429581234543844,-2.164122600139811,-1.4746604849783873,-1.1651139647029933
26,3,Mason Plumlee,19.0,DEN,PF/C,4000,16.5,19.1,4.745,19.0,18.72,16.58684210526316,-0.2379426862807254,-0.5400340676479588,-0.39375824855556124,-0.3440683340387617,0.2676229954868675,-0.1951096401086658,-0.24225127183270065
26,4,Timothe Luwawu-Cabarrot,5.5,BKN,SG/SF,3000,0.0,1.75,0.585,19.0,8.95,0.0,-1.7246733341166225,-2.132354734620776,-1.7033057386929977,-1.2645053700281164,-2.5940634763114305,-1.229477089554249,-1.178523035391147
26,5,Brandon Clarke,29.3,MEM,PF/C,4700,21.0,23.6,5.0,20.666666666666668,23.6,23.980645161290322,0.14766468635682714,-0.10576479483719042,0.1899897712991958,0.11567913122511281,0.4430388729648881,0.5940744139127793,0.08482741177901121
26,6,Jerami Grant,22.5,DEN,PF/C,5300,29.5,24.1,4.535,25.666666666666668,18.52,27.69935064935065,0.19050994998322185,0.7145216093609276,0.4835852253069524,-0.3629104432708876,0.12316286109320346,0.07305969863648543,0.12002525081304068
26,7,Michael Porter Jr.,22.0,DEN,SF/PF,3600,12.0,14.55,4.04,11.666666666666666,11.89,14.965714285714288,-0.6278345852809175,-0.9743033404587271,-0.5217478835813006,-0.9875263643158642,-0.21735031283471906,0.03474979310146383,-0.5323131568966198
