Lineup Num,,Player Name,Actual FP,team,Pos,Salary,DFN_MinProj,Avg Proj,Avg Value Proj,Avg Skewed Min,Avg Skewed FP,Proj Min Enhanced,Avg Proj Stan,DFN_MinProj Stan,Proj Min Enhanced Stan,Avg Skewed FP Stan,Avg Value Proj Stan,Actual FP Stan,predictions
0,0,Alec Burks,42.3,GS,PG/SG,5300,28.0,33.3,6.300000000000001,26.333333333333332,29.560000000000002,35.407594936708854,0.9545969350552432,0.47669065450382214,0.9908940956188957,0.6687823685990966,1.6538493024533183,1.3016950785153418,0.636256089360007
0,1,Devin Booker,22.5,PHO,PG/SG,8600,37.5,43.9,5.1,36.666666666666664,44.66,44.89772727272727,1.9216320211560665,1.495408174915494,1.7579647528986997,2.105195715055086,0.5435473907774072,-0.053210539677898794,1.5438492573691038
0,2,Jayson Tatum,45.3,BOS,SF/PF,7500,33.5,42.099999999999994,5.615,31.333333333333332,40.339999999999996,45.011170212765954,1.7574185159691338,1.0664744821105794,1.7671341456424612,1.6942483205723127,1.0200519612049859,1.5069838085446208,1.3612434747723599
0,3,Harrison Barnes,31.8,SAC,SF/PF,4300,33.5,25.25,5.845000000000001,32.333333333333336,23.549999999999997,26.161082474226802,0.220197647969241,1.0664744821105794,0.24351480300117465,0.09707083136727492,1.2328598276095357,0.5831845234128659,0.08394227156913671
0,4,Jeff Teague,35.3,ATL,PG/SG,3900,29.5,24.950000000000003,6.41,25.333333333333332,24.65,29.053618421052636,0.19282873043808588,0.637540789305665,0.4773133815010864,0.20171021422168492,1.7556269776902762,0.8226880417803577,0.06280632787999654
0,5,Kristaps Porzingis,59.0,DAL,PF/C,7000,33.0,41.599999999999994,5.96,28.666666666666668,37.0,47.88837209302324,1.7118036534172083,1.012857770509965,1.999693298589068,1.3765251035416504,1.3392637608118099,2.444469009011662,1.2925306862467785
0,6,Deandre Ayton,57.8,PHO,C,7700,35.5,45.15,5.84,34.333333333333336,41.790000000000006,46.68422330097087,2.0356691775358806,1.2809413285130367,1.9023640756996623,1.832182052516763,1.2282335696442186,2.36235351699995,1.5459309765744211
0,7,Markelle Fultz,39.3,ORL,PG/SG,5400,31.5,28.9,5.33,29.666666666666668,26.159999999999997,30.685955056179772,0.5531861445982978,0.8520076357081222,0.6092522724748871,0.3453515488672837,0.7563552571819571,1.0964063484860629,0.38113014839211534
1,0,Jeff Teague,35.3,ATL,PG/SG,3900,29.5,24.950000000000003,6.41,25.333333333333332,24.65,29.053618421052636,0.19282873043808588,0.637540789305665,0.4773133815010864,0.20171021422168492,1.7556269776902762,0.8226880417803577,0.06280632787999654
1,1,Markelle Fultz,39.3,ORL,PG/SG,5400,31.5,28.9,5.33,29.666666666666668,26.159999999999997,30.685955056179772,0.5531861445982978,0.8520076357081222,0.6092522724748871,0.3453515488672837,0.7563552571819571,1.0964063484860629,0.38113014839211534
1,2,Jayson Tatum,45.3,BOS,SF/PF,7500,33.5,42.099999999999994,5.615,31.333333333333332,40.339999999999996,45.011170212765954,1.7574185159691338,1.0664744821105794,1.7671341456424612,1.6942483205723127,1.0200519612049859,1.5069838085446208,1.3612434747723599
1,3,Kristaps Porzingis,59.0,DAL,PF/C,7000,33.0,41.599999999999994,5.96,28.666666666666668,37.0,47.88837209302324,1.7118036534172083,1.012857770509965,1.999693298589068,1.3765251035416504,1.3392637608118099,2.444469009011662,1.2925306862467785
1,4,Brad Wanamaker,35.3,BOS,PG/SG,3600,26.0,21.45,5.975,18.333333333333332,15.55,30.419999999999998,-0.12647530742539378,0.262223808101365,0.5877555943962864,-0.663942862119342,1.3531425347077584,0.8226880417803577,-0.20082332942683678
1,5,Draymond Green,42.0,GS,PG/SF,6500,30.0,34.25,5.29,28.333333333333332,31.630000000000003,36.26470588235294,1.041265173903902,0.6911575009062794,1.0601728615157224,0.8656946617887588,0.7193451934594267,1.2811662055124142,0.7832382918525251
1,6,Deandre Ayton,57.8,PHO,C,7700,35.5,45.15,5.84,34.333333333333336,41.790000000000006,46.68422330097087,2.0356691775358806,1.2809413285130367,1.9023640756996623,1.832182052516763,1.2282335696442186,2.36235351699995,1.5459309765744211
1,7,John Collins,47.8,ATL,PF/C,8300,34.5,43.8,5.285,31.666666666666668,40.379999999999995,47.71894736842105,1.9125090486456813,1.173707905311808,1.985998996944105,1.6980533890397456,0.7147189354941105,1.6780577502356866,1.4962579807762255
2,0,Devonte' Graham,25.8,CHA,PG,7500,36.0,35.2,4.7,35.666666666666664,35.379999999999995,35.52897196261683,1.127933412752561,1.334558040113651,1.0007047865287086,1.22241983061061,0.1734467535521043,0.17260706335430806,0.9125468211324975
2,1,Jeff Teague,35.3,ATL,PG/SG,3900,29.5,24.950000000000003,6.41,25.333333333333332,24.65,29.053618421052636,0.19282873043808588,0.637540789305665,0.4773133815010864,0.20171021422168492,1.7556269776902762,0.8226880417803577,0.06280632787999654
2,2,Jayson Tatum,45.3,BOS,SF/PF,7500,33.5,42.099999999999994,5.615,31.333333333333332,40.339999999999996,45.011170212765954,1.7574185159691338,1.0664744821105794,1.7671341456424612,1.6942483205723127,1.0200519612049859,1.5069838085446208,1.3612434747723599
2,3,Aaron Gordon,44.5,ORL,SF/PF,6100,34.0,32.65,5.365,34.0,30.55,32.65,0.8952976137377401,1.1200911937111937,0.7680025609471903,0.7629578131680653,0.7887390629391713,1.45224014720348,0.6526828058439661
2,4,Alec Burks,42.3,GS,PG/SG,5300,28.0,33.3,6.300000000000001,26.333333333333332,29.560000000000002,35.407594936708854,0.9545969350552432,0.47669065450382214,0.9908940956188957,0.6687823685990966,1.6538493024533183,1.3016950785153418,0.636256089360007
2,5,Caris LeVert,45.8,BKN,PG/SF,4700,28.5,26.950000000000003,5.74,22.666666666666668,22.81,33.88566176470588,0.37528818064578834,0.5303073661044364,0.8678789218311239,0.026677064719762972,1.1357084103378932,1.541198596882834,0.22878766914322352
2,6,Deandre Ayton,57.8,PHO,C,7700,35.5,45.15,5.84,34.333333333333336,41.790000000000006,46.68422330097087,2.0356691775358806,1.2809413285130367,1.9023640756996623,1.832182052516763,1.2282335696442186,2.36235351699995,1.5459309765744211
2,7,Kristaps Porzingis,59.0,DAL,PF/C,7000,33.0,41.599999999999994,5.96,28.666666666666668,37.0,47.88837209302324,1.7118036534172083,1.012857770509965,1.999693298589068,1.3765251035416504,1.3392637608118099,2.444469009011662,1.2925306862467785
3,0,Draymond Green,42.0,GS,PG/SF,6500,30.0,34.25,5.29,28.333333333333332,31.630000000000003,36.26470588235294,1.041265173903902,0.6911575009062794,1.0601728615157224,0.8656946617887588,0.7193451934594267,1.2811662055124142,0.7832382918525251
3,1,Jeff Teague,35.3,ATL,PG/SG,3900,29.5,24.950000000000003,6.41,25.333333333333332,24.65,29.053618421052636,0.19282873043808588,0.637540789305665,0.4773133815010864,0.20171021422168492,1.7556269776902762,0.8226880417803577,0.06280632787999654
3,2,Caris LeVert,45.8,BKN,PG/SF,4700,28.5,26.950000000000003,5.74,22.666666666666668,22.81,33.88566176470588,0.37528818064578834,0.5303073661044364,0.8678789218311239,0.026677064719762972,1.1357084103378932,1.541198596882834,0.22878766914322352
3,3,Jaren Jackson Jr.,31.3,MEM,PF/C,6100,30.5,33.2,5.455,27.333333333333332,31.360000000000003,37.04634146341464,0.9454739625448586,0.7447742125068937,1.1233510868227288,0.8400104496335855,0.8720117063148644,0.5489697350746527,0.716195207976251
3,4,Spencer Dinwiddie,24.8,BKN,PG/SG,8000,34.5,42.75,5.34,31.333333333333332,38.79,47.070478723404264,1.8167178372866377,1.173707905311808,1.9335844201873111,1.5468019174592809,0.7656077731125894,0.10417748667788176,1.4114209209191713
3,5,Kristaps Porzingis,59.0,DAL,PF/C,7000,33.0,41.599999999999994,5.96,28.666666666666668,37.0,47.88837209302324,1.7118036534172083,1.012857770509965,1.999693298589068,1.3765251035416504,1.3392637608118099,2.444469009011662,1.2925306862467785
3,6,John Collins,47.8,ATL,PF/C,8300,34.5,43.8,5.285,31.666666666666668,40.379999999999995,47.71894736842105,1.9125090486456813,1.173707905311808,1.985998996944105,1.6980533890397456,0.7147189354941105,1.6780577502356866,1.4962579807762255
3,7,Alec Burks,42.3,GS,PG/SG,5300,28.0,33.3,6.300000000000001,26.333333333333332,29.560000000000002,35.407594936708854,0.9545969350552432,0.47669065450382214,0.9908940956188957,0.6687823685990966,1.6538493024533183,1.3016950785153418,0.636256089360007
4,0,Caris LeVert,45.8,BKN,PG/SF,4700,28.5,26.950000000000003,5.74,22.666666666666668,22.81,33.88566176470588,0.37528818064578834,0.5303073661044364,0.8678789218311239,0.026677064719762972,1.1357084103378932,1.541198596882834,0.22878766914322352
4,1,Joe Harris,26.5,BKN,SG/SF,4800,32.5,25.8,5.355,30.666666666666668,24.46,27.342391304347828,0.27037399677635926,0.9592410589093509,0.33899791205458807,0.18363613900137796,0.7794865470085388,0.22050776702780645,0.16406413315687468
4,2,Aaron Gordon,44.5,ORL,SF/PF,6100,34.0,32.65,5.365,34.0,30.55,32.65,0.8952976137377401,1.1200911937111937,0.7680025609471903,0.7629578131680653,0.7887390629391713,1.45224014720348,0.6526828058439661
4,3,Jayson Tatum,45.3,BOS,SF/PF,7500,33.5,42.099999999999994,5.615,31.333333333333332,40.339999999999996,45.011170212765954,1.7574185159691338,1.0664744821105794,1.7671341456424612,1.6942483205723127,1.0200519612049859,1.5069838085446208,1.3612434747723599
4,4,Alec Burks,42.3,GS,PG/SG,5300,28.0,33.3,6.300000000000001,26.333333333333332,29.560000000000002,35.407594936708854,0.9545969350552432,0.47669065450382214,0.9908940956188957,0.6687823685990966,1.6538493024533183,1.3016950785153418,0.636256089360007
4,5,Kristaps Porzingis,59.0,DAL,PF/C,7000,33.0,41.599999999999994,5.96,28.666666666666668,37.0,47.88837209302324,1.7118036534172083,1.012857770509965,1.999693298589068,1.3765251035416504,1.3392637608118099,2.444469009011662,1.2925306862467785
4,6,Deandre Ayton,57.8,PHO,C,7700,35.5,45.15,5.84,34.333333333333336,41.790000000000006,46.68422330097087,2.0356691775358806,1.2809413285130367,1.9023640756996623,1.832182052516763,1.2282335696442186,2.36235351699995,1.5459309765744211
4,7,Collin Sexton,44.5,CLE,PG/SG,6600,34.5,32.8,4.98,33.0,31.18,34.29090909090909,0.9089820725033176,1.173707905311808,0.9006343484010759,0.8228876415301363,0.4325171996098169,1.45224014720348,0.7038318106475308
5,0,Jeff Teague,35.3,ATL,PG/SG,3900,29.5,24.950000000000003,6.41,25.333333333333332,24.65,29.053618421052636,0.19282873043808588,0.637540789305665,0.4773133815010864,0.20171021422168492,1.7556269776902762,0.8226880417803577,0.06280632787999654
5,1,Markelle Fultz,39.3,ORL,PG/SG,5400,31.5,28.9,5.33,29.666666666666668,26.159999999999997,30.685955056179772,0.5531861445982978,0.8520076357081222,0.6092522724748871,0.3453515488672837,0.7563552571819571,1.0964063484860629,0.38113014839211534
5,2,Harrison Barnes,31.8,SAC,SF/PF,4300,33.5,25.25,5.845000000000001,32.333333333333336,23.549999999999997,26.161082474226802,0.220197647969241,1.0664744821105794,0.24351480300117465,0.09707083136727492,1.2328598276095357,0.5831845234128659,0.08394227156913671
5,3,Jayson Tatum,45.3,BOS,SF/PF,7500,33.5,42.099999999999994,5.615,31.333333333333332,40.339999999999996,45.011170212765954,1.7574185159691338,1.0664744821105794,1.7671341456424612,1.6942483205723127,1.0200519612049859,1.5069838085446208,1.3612434747723599
5,4,Collin Sexton,44.5,CLE,PG/SG,6600,34.5,32.8,4.98,33.0,31.18,34.29090909090909,0.9089820725033176,1.173707905311808,0.9006343484010759,0.8228876415301363,0.4325171996098169,1.45224014720348,0.7038318106475308
5,5,Jaylen Brown,28.8,BOS,SG/SF,7600,36.0,39.15,5.15,33.666666666666664,36.47,41.86336633663367,1.488290826912773,1.334558040113651,1.512702710678326,1.3261079463481618,0.5898099704305708,0.377895793383587,1.1604151836770238
5,6,Kristaps Porzingis,59.0,DAL,PF/C,7000,33.0,41.599999999999994,5.96,28.666666666666668,37.0,47.88837209302324,1.7118036534172083,1.012857770509965,1.999693298589068,1.3765251035416504,1.3392637608118099,2.444469009011662,1.2925306862467785
5,7,Deandre Ayton,57.8,PHO,C,7700,35.5,45.15,5.84,34.333333333333336,41.790000000000006,46.68422330097087,2.0356691775358806,1.2809413285130367,1.9023640756996623,1.832182052516763,1.2282335696442186,2.36235351699995,1.5459309765744211
6,0,Caris LeVert,45.8,BKN,PG/SF,4700,28.5,26.950000000000003,5.74,22.666666666666668,22.81,33.88566176470588,0.37528818064578834,0.5303073661044364,0.8678789218311239,0.026677064719762972,1.1357084103378932,1.541198596882834,0.22878766914322352
6,1,Alec Burks,42.3,GS,PG/SG,5300,28.0,33.3,6.300000000000001,26.333333333333332,29.560000000000002,35.407594936708854,0.9545969350552432,0.47669065450382214,0.9908940956188957,0.6687823685990966,1.6538493024533183,1.3016950785153418,0.636256089360007
6,2,Jayson Tatum,45.3,BOS,SF/PF,7500,33.5,42.099999999999994,5.615,31.333333333333332,40.339999999999996,45.011170212765954,1.7574185159691338,1.0664744821105794,1.7671341456424612,1.6942483205723127,1.0200519612049859,1.5069838085446208,1.3612434747723599
6,3,Harrison Barnes,31.8,SAC,SF/PF,4300,33.5,25.25,5.845000000000001,32.333333333333336,23.549999999999997,26.161082474226802,0.220197647969241,1.0664744821105794,0.24351480300117465,0.09707083136727492,1.2328598276095357,0.5831845234128659,0.08394227156913671
6,4,Garrett Temple,9.5,BKN,PG/SG,4000,28.0,21.65,5.425,29.666666666666668,21.310000000000002,20.433707865168536,-0.10822936240462361,0.47669065450382214,-0.21941878425596495,-0.11601300280897742,0.8442541585229664,-0.9427950364714408,-0.15598840358024066
6,5,John Collins,47.8,ATL,PF/C,8300,34.5,43.8,5.285,31.666666666666668,40.379999999999995,47.71894736842105,1.9125090486456813,1.173707905311808,1.985998996944105,1.6980533890397456,0.7147189354941105,1.6780577502356866,1.4962579807762255
6,6,Kristaps Porzingis,59.0,DAL,PF/C,7000,33.0,41.599999999999994,5.96,28.666666666666668,37.0,47.88837209302324,1.7118036534172083,1.012857770509965,1.999693298589068,1.3765251035416504,1.3392637608118099,2.444469009011662,1.2925306862467785
6,7,Deandre Ayton,57.8,PHO,C,7700,35.5,45.15,5.84,34.333333333333336,41.790000000000006,46.68422330097087,2.0356691775358806,1.2809413285130367,1.9023640756996623,1.832182052516763,1.2282335696442186,2.36235351699995,1.5459309765744211
7,0,Spencer Dinwiddie,24.8,BKN,PG/SG,8000,34.5,42.75,5.34,31.333333333333332,38.79,47.070478723404264,1.8167178372866377,1.173707905311808,1.9335844201873111,1.5468019174592809,0.7656077731125894,0.10417748667788176,1.4114209209191713
7,1,Jaylen Brown,28.8,BOS,SG/SF,7600,36.0,39.15,5.15,33.666666666666664,36.47,41.86336633663367,1.488290826912773,1.334558040113651,1.512702710678326,1.3261079463481618,0.5898099704305708,0.377895793383587,1.1604151836770238
7,2,Jayson Tatum,45.3,BOS,SF/PF,7500,33.5,42.099999999999994,5.615,31.333333333333332,40.339999999999996,45.011170212765954,1.7574185159691338,1.0664744821105794,1.7671341456424612,1.6942483205723127,1.0200519612049859,1.5069838085446208,1.3612434747723599
7,3,Harrison Barnes,31.8,SAC,SF/PF,4300,33.5,25.25,5.845000000000001,32.333333333333336,23.549999999999997,26.161082474226802,0.220197647969241,1.0664744821105794,0.24351480300117465,0.09707083136727492,1.2328598276095357,0.5831845234128659,0.08394227156913671
7,4,Brad Wanamaker,35.3,BOS,PG/SG,3600,26.0,21.45,5.975,18.333333333333332,15.55,30.419999999999998,-0.12647530742539378,0.262223808101365,0.5877555943962864,-0.663942862119342,1.3531425347077584,0.8226880417803577,-0.20082332942683678
7,5,Caris LeVert,45.8,BKN,PG/SF,4700,28.5,26.950000000000003,5.74,22.666666666666668,22.81,33.88566176470588,0.37528818064578834,0.5303073661044364,0.8678789218311239,0.026677064719762972,1.1357084103378932,1.541198596882834,0.22878766914322352
7,6,Kristaps Porzingis,59.0,DAL,PF/C,7000,33.0,41.599999999999994,5.96,28.666666666666668,37.0,47.88837209302324,1.7118036534172083,1.012857770509965,1.999693298589068,1.3765251035416504,1.3392637608118099,2.444469009011662,1.2925306862467785
7,7,Kevin Love,63.3,CLE,PF,7100,34.0,40.45,5.68,30.666666666666668,37.61,44.846739130434784,1.60688946954778,1.1200911937111937,1.7538434712940867,1.4345523976700048,1.0801933147540972,2.7387161887202947,1.2324705838160679
8,0,Alec Burks,42.3,GS,PG/SG,5300,28.0,33.3,6.300000000000001,26.333333333333332,29.560000000000002,35.407594936708854,0.9545969350552432,0.47669065450382214,0.9908940956188957,0.6687823685990966,1.6538493024533183,1.3016950785153418,0.636256089360007
8,1,Markelle Fultz,39.3,ORL,PG/SG,5400,31.5,28.9,5.33,29.666666666666668,26.159999999999997,30.685955056179772,0.5531861445982978,0.8520076357081222,0.6092522724748871,0.3453515488672837,0.7563552571819571,1.0964063484860629,0.38113014839211534
8,2,Jayson Tatum,45.3,BOS,SF/PF,7500,33.5,42.099999999999994,5.615,31.333333333333332,40.339999999999996,45.011170212765954,1.7574185159691338,1.0664744821105794,1.7671341456424612,1.6942483205723127,1.0200519612049859,1.5069838085446208,1.3612434747723599
8,3,Kristaps Porzingis,59.0,DAL,PF/C,7000,33.0,41.599999999999994,5.96,28.666666666666668,37.0,47.88837209302324,1.7118036534172083,1.012857770509965,1.999693298589068,1.3765251035416504,1.3392637608118099,2.444469009011662,1.2925306862467785
8,4,Jeff Teague,35.3,ATL,PG/SG,3900,29.5,24.950000000000003,6.41,25.333333333333332,24.65,29.053618421052636,0.19282873043808588,0.637540789305665,0.4773133815010864,0.20171021422168492,1.7556269776902762,0.8226880417803577,0.06280632787999654
8,5,Jaylen Brown,28.8,BOS,SG/SF,7600,36.0,39.15,5.15,33.666666666666664,36.47,41.86336633663367,1.488290826912773,1.334558040113651,1.512702710678326,1.3261079463481618,0.5898099704305708,0.377895793383587,1.1604151836770238
8,6,Deandre Ayton,57.8,PHO,C,7700,35.5,45.15,5.84,34.333333333333336,41.790000000000006,46.68422330097087,2.0356691775358806,1.2809413285130367,1.9023640756996623,1.832182052516763,1.2282335696442186,2.36235351699995,1.5459309765744211
8,7,Daniel Theis,13.5,BOS,C,5600,25.0,24.5,4.375,26.0,23.94,23.557692307692307,0.15177535414135257,0.15499038490013636,0.03308736790418127,0.13417024892474788,-0.12726001419345487,-0.6690767297657356,0.12098356014102127
9,0,Markelle Fultz,39.3,ORL,PG/SG,5400,31.5,28.9,5.33,29.666666666666668,26.159999999999997,30.685955056179772,0.5531861445982978,0.8520076357081222,0.6092522724748871,0.3453515488672837,0.7563552571819571,1.0964063484860629,0.38113014839211534
9,1,Jordan Poole,3.0,GS,SG/SF,3000,21.0,17.4,5.785,18.0,14.02,20.299999999999997,-0.4959556940959914,-0.27394330790477806,-0.23022615515310682,-0.8094867309986575,1.1773447320257397,-1.3875872848682118,-0.5019868460859788
9,2,Andrew Wiggins,26.5,MIN,SG/SF,7000,34.5,35.65,5.08,34.666666666666664,38.230000000000004,35.47860576923077,1.1689867890492938,1.173707905311808,0.99663377595716,1.4935309589152181,0.5250423589161425,0.22050776702780645,0.9456460383980979
9,3,Kristaps Porzingis,59.0,DAL,PF/C,7000,33.0,41.599999999999994,5.96,28.666666666666668,37.0,47.88837209302324,1.7118036534172083,1.012857770509965,1.999693298589068,1.3765251035416504,1.3392637608118099,2.444469009011662,1.2925306862467785
9,4,Jeff Teague,35.3,ATL,PG/SG,3900,29.5,24.950000000000003,6.41,25.333333333333332,24.65,29.053618421052636,0.19282873043808588,0.637540789305665,0.4773133815010864,0.20171021422168492,1.7556269776902762,0.8226880417803577,0.06280632787999654
9,5,Jayson Tatum,45.3,BOS,SF/PF,7500,33.5,42.099999999999994,5.615,31.333333333333332,40.339999999999996,45.011170212765954,1.7574185159691338,1.0664744821105794,1.7671341456424612,1.6942483205723127,1.0200519612049859,1.5069838085446208,1.3612434747723599
9,6,Deandre Ayton,57.8,PHO,C,7700,35.5,45.15,5.84,34.333333333333336,41.790000000000006,46.68422330097087,2.0356691775358806,1.2809413285130367,1.9023640756996623,1.832182052516763,1.2282335696442186,2.36235351699995,1.5459309765744211
9,7,John Collins,47.8,ATL,PF/C,8300,34.5,43.8,5.285,31.666666666666668,40.379999999999995,47.71894736842105,1.9125090486456813,1.173707905311808,1.985998996944105,1.6980533890397456,0.7147189354941105,1.6780577502356866,1.4962579807762255
10,0,Devin Booker,22.5,PHO,PG/SG,8600,37.5,43.9,5.1,36.666666666666664,44.66,44.89772727272727,1.9216320211560665,1.495408174915494,1.7579647528986997,2.105195715055086,0.5435473907774072,-0.053210539677898794,1.5438492573691038
10,1,Jeff Teague,35.3,ATL,PG/SG,3900,29.5,24.950000000000003,6.41,25.333333333333332,24.65,29.053618421052636,0.19282873043808588,0.637540789305665,0.4773133815010864,0.20171021422168492,1.7556269776902762,0.8226880417803577,0.06280632787999654
10,2,Jayson Tatum,45.3,BOS,SF/PF,7500,33.5,42.099999999999994,5.615,31.333333333333332,40.339999999999996,45.011170212765954,1.7574185159691338,1.0664744821105794,1.7671341456424612,1.6942483205723127,1.0200519612049859,1.5069838085446208,1.3612434747723599
10,3,Harrison Barnes,31.8,SAC,SF/PF,4300,33.5,25.25,5.845000000000001,32.333333333333336,23.549999999999997,26.161082474226802,0.220197647969241,1.0664744821105794,0.24351480300117465,0.09707083136727492,1.2328598276095357,0.5831845234128659,0.08394227156913671
10,4,Markelle Fultz,39.3,ORL,PG/SG,5400,31.5,28.9,5.33,29.666666666666668,26.159999999999997,30.685955056179772,0.5531861445982978,0.8520076357081222,0.6092522724748871,0.3453515488672837,0.7563552571819571,1.0964063484860629,0.38113014839211534
10,5,John Collins,47.8,ATL,PF/C,8300,34.5,43.8,5.285,31.666666666666668,40.379999999999995,47.71894736842105,1.9125090486456813,1.173707905311808,1.985998996944105,1.6980533890397456,0.7147189354941105,1.6780577502356866,1.4962579807762255
10,6,Myles Turner,28.8,IND,C,4900,29.0,27.8,5.685,29.333333333333332,26.2,27.48409090909091,0.4528334469840617,0.5839240777050507,0.3504512411650824,0.34915661733471703,1.0848195727194134,0.377895793383587,0.27552857544709647
10,7,Kristaps Porzingis,59.0,DAL,PF/C,7000,33.0,41.599999999999994,5.96,28.666666666666668,37.0,47.88837209302324,1.7118036534172083,1.012857770509965,1.999693298589068,1.3765251035416504,1.3392637608118099,2.444469009011662,1.2925306862467785
11,0,Brad Wanamaker,35.3,BOS,PG/SG,3600,26.0,21.45,5.975,18.333333333333332,15.55,30.419999999999998,-0.12647530742539378,0.262223808101365,0.5877555943962864,-0.663942862119342,1.3531425347077584,0.8226880417803577,-0.20082332942683678
11,1,Jeff Teague,35.3,ATL,PG/SG,3900,29.5,24.950000000000003,6.41,25.333333333333332,24.65,29.053618421052636,0.19282873043808588,0.637540789305665,0.4773133815010864,0.20171021422168492,1.7556269776902762,0.8226880417803577,0.06280632787999654
11,2,Gordon Hayward,43.8,BOS,SF/PF,7900,35.5,38.6,4.885,34.333333333333336,35.54,39.91165048543689,1.4381144781056552,1.2809413285130367,1.3549489610157543,1.2376401044803427,0.34461829826880674,1.4043394435299814,1.12258116180089
11,3,Kristaps Porzingis,59.0,DAL,PF/C,7000,33.0,41.599999999999994,5.96,28.666666666666668,37.0,47.88837209302324,1.7118036534172083,1.012857770509965,1.999693298589068,1.3765251035416504,1.3392637608118099,2.444469009011662,1.2925306862467785
11,4,Alec Burks,42.3,GS,PG/SG,5300,28.0,33.3,6.300000000000001,26.333333333333332,29.560000000000002,35.407594936708854,0.9545969350552432,0.47669065450382214,0.9908940956188957,0.6687823685990966,1.6538493024533183,1.3016950785153418,0.636256089360007
11,5,John Collins,47.8,ATL,PF/C,8300,34.5,43.8,5.285,31.666666666666668,40.379999999999995,47.71894736842105,1.9125090486456813,1.173707905311808,1.985998996944105,1.6980533890397456,0.7147189354941105,1.6780577502356866,1.4962579807762255
11,6,Myles Turner,28.8,IND,C,4900,29.0,27.8,5.685,29.333333333333332,26.2,27.48409090909091,0.4528334469840617,0.5839240777050507,0.3504512411650824,0.34915661733471703,1.0848195727194134,0.377895793383587,0.27552857544709647
11,7,Devin Booker,22.5,PHO,PG/SG,8600,37.5,43.9,5.1,36.666666666666664,44.66,44.89772727272727,1.9216320211560665,1.495408174915494,1.7579647528986997,2.105195715055086,0.5435473907774072,-0.053210539677898794,1.5438492573691038
12,0,Devin Booker,22.5,PHO,PG/SG,8600,37.5,43.9,5.1,36.666666666666664,44.66,44.89772727272727,1.9216320211560665,1.495408174915494,1.7579647528986997,2.105195715055086,0.5435473907774072,-0.053210539677898794,1.5438492573691038
12,1,Markelle Fultz,39.3,ORL,PG/SG,5400,31.5,28.9,5.33,29.666666666666668,26.159999999999997,30.685955056179772,0.5531861445982978,0.8520076357081222,0.6092522724748871,0.3453515488672837,0.7563552571819571,1.0964063484860629,0.38113014839211534
12,2,Terrence Ross,25.8,ORL,SG/SF,4700,30.0,24.6,5.255,29.0,22.4,25.448275862068968,0.1608983266517378,0.6911575009062794,0.1858999018447279,-0.012324887071426174,0.6869613877022125,0.17260706335430806,0.06656775278750598
12,3,Harrison Barnes,31.8,SAC,SF/PF,4300,33.5,25.25,5.845000000000001,32.333333333333336,23.549999999999997,26.161082474226802,0.220197647969241,1.0664744821105794,0.24351480300117465,0.09707083136727492,1.2328598276095357,0.5831845234128659,0.08394227156913671
12,4,Jeff Teague,35.3,ATL,PG/SG,3900,29.5,24.950000000000003,6.41,25.333333333333332,24.65,29.053618421052636,0.19282873043808588,0.637540789305665,0.4773133815010864,0.20171021422168492,1.7556269776902762,0.8226880417803577,0.06280632787999654
12,5,Jayson Tatum,45.3,BOS,SF/PF,7500,33.5,42.099999999999994,5.615,31.333333333333332,40.339999999999996,45.011170212765954,1.7574185159691338,1.0664744821105794,1.7671341456424612,1.6942483205723127,1.0200519612049859,1.5069838085446208,1.3612434747723599
12,6,John Collins,47.8,ATL,PF/C,8300,34.5,43.8,5.285,31.666666666666668,40.379999999999995,47.71894736842105,1.9125090486456813,1.173707905311808,1.985998996944105,1.6980533890397456,0.7147189354941105,1.6780577502356866,1.4962579807762255
12,7,Kristaps Porzingis,59.0,DAL,PF/C,7000,33.0,41.599999999999994,5.96,28.666666666666668,37.0,47.88837209302324,1.7118036534172083,1.012857770509965,1.999693298589068,1.3765251035416504,1.3392637608118099,2.444469009011662,1.2925306862467785
13,0,Caris LeVert,45.8,BKN,PG/SF,4700,28.5,26.950000000000003,5.74,22.666666666666668,22.81,33.88566176470588,0.37528818064578834,0.5303073661044364,0.8678789218311239,0.026677064719762972,1.1357084103378932,1.541198596882834,0.22878766914322352
13,1,Devin Booker,22.5,PHO,PG/SG,8600,37.5,43.9,5.1,36.666666666666664,44.66,44.89772727272727,1.9216320211560665,1.495408174915494,1.7579647528986997,2.105195715055086,0.5435473907774072,-0.053210539677898794,1.5438492573691038
13,2,Jayson Tatum,45.3,BOS,SF/PF,7500,33.5,42.099999999999994,5.615,31.333333333333332,40.339999999999996,45.011170212765954,1.7574185159691338,1.0664744821105794,1.7671341456424612,1.6942483205723127,1.0200519612049859,1.5069838085446208,1.3612434747723599
13,3,John Collins,47.8,ATL,PF/C,8300,34.5,43.8,5.285,31.666666666666668,40.379999999999995,47.71894736842105,1.9125090486456813,1.173707905311808,1.985998996944105,1.6980533890397456,0.7147189354941105,1.6780577502356866,1.4962579807762255
13,4,Jeff Teague,35.3,ATL,PG/SG,3900,29.5,24.950000000000003,6.41,25.333333333333332,24.65,29.053618421052636,0.19282873043808588,0.637540789305665,0.4773133815010864,0.20171021422168492,1.7556269776902762,0.8226880417803577,0.06280632787999654
13,5,Reggie Bullock,16.0,NY,SG/SF,3600,26.0,18.05,5.025,24.0,16.869999999999997,19.554166666666667,-0.4366563727784879,0.262223808101365,-0.2905105479270449,-0.5383756026940504,0.47415352129766347,-0.4980027880746698,-0.3891741216715387
13,6,Kristaps Porzingis,59.0,DAL,PF/C,7000,33.0,41.599999999999994,5.96,28.666666666666668,37.0,47.88837209302324,1.7118036534172083,1.012857770509965,1.999693298589068,1.3765251035416504,1.3392637608118099,2.444469009011662,1.2925306862467785
13,7,Aaron Gordon,44.5,ORL,SF/PF,6100,34.0,32.65,5.365,34.0,30.55,32.65,0.8952976137377401,1.1200911937111937,0.7680025609471903,0.7629578131680653,0.7887390629391713,1.45224014720348,0.6526828058439661
14,0,Alec Burks,42.3,GS,PG/SG,5300,28.0,33.3,6.300000000000001,26.333333333333332,29.560000000000002,35.407594936708854,0.9545969350552432,0.47669065450382214,0.9908940956188957,0.6687823685990966,1.6538493024533183,1.3016950785153418,0.636256089360007
14,1,Devin Booker,22.5,PHO,PG/SG,8600,37.5,43.9,5.1,36.666666666666664,44.66,44.89772727272727,1.9216320211560665,1.495408174915494,1.7579647528986997,2.105195715055086,0.5435473907774072,-0.053210539677898794,1.5438492573691038
14,2,Isaac Bonga,1.0,WAS,SF,3400,19.5,14.55,4.279999999999999,23.0,13.529999999999998,12.335869565217392,-0.7559604106419672,-0.4347934427066209,-0.8739527704379927,-0.856098819724713,-0.21515891553446503,-1.5244464382210645,-0.6256185461400121
14,3,Harrison Barnes,31.8,SAC,SF/PF,4300,33.5,25.25,5.845000000000001,32.333333333333336,23.549999999999997,26.161082474226802,0.220197647969241,1.0664744821105794,0.24351480300117465,0.09707083136727492,1.2328598276095357,0.5831845234128659,0.08394227156913671
14,4,Jeff Teague,35.3,ATL,PG/SG,3900,29.5,24.950000000000003,6.41,25.333333333333332,24.65,29.053618421052636,0.19282873043808588,0.637540789305665,0.4773133815010864,0.20171021422168492,1.7556269776902762,0.8226880417803577,0.06280632787999654
14,5,John Collins,47.8,ATL,PF/C,8300,34.5,43.8,5.285,31.666666666666668,40.379999999999995,47.71894736842105,1.9125090486456813,1.173707905311808,1.985998996944105,1.6980533890397456,0.7147189354941105,1.6780577502356866,1.4962579807762255
14,6,Kristaps Porzingis,59.0,DAL,PF/C,7000,33.0,41.599999999999994,5.96,28.666666666666668,37.0,47.88837209302324,1.7118036534172083,1.012857770509965,1.999693298589068,1.3765251035416504,1.3392637608118099,2.444469009011662,1.2925306862467785
14,7,Deandre Ayton,57.8,PHO,C,7700,35.5,45.15,5.84,34.333333333333336,41.790000000000006,46.68422330097087,2.0356691775358806,1.2809413285130367,1.9023640756996623,1.832182052516763,1.2282335696442186,2.36235351699995,1.5459309765744211
15,0,Alec Burks,42.3,GS,PG/SG,5300,28.0,33.3,6.300000000000001,26.333333333333332,29.560000000000002,35.407594936708854,0.9545969350552432,0.47669065450382214,0.9908940956188957,0.6687823685990966,1.6538493024533183,1.3016950785153418,0.636256089360007
15,1,Joe Harris,26.5,BKN,SG/SF,4800,32.5,25.8,5.355,30.666666666666668,24.46,27.342391304347828,0.27037399677635926,0.9592410589093509,0.33899791205458807,0.18363613900137796,0.7794865470085388,0.22050776702780645,0.16406413315687468
15,2,Draymond Green,42.0,GS,PG/SF,6500,30.0,34.25,5.29,28.333333333333332,31.630000000000003,36.26470588235294,1.041265173903902,0.6911575009062794,1.0601728615157224,0.8656946617887588,0.7193451934594267,1.2811662055124142,0.7832382918525251
15,3,Miles Bridges,34.0,CHA,SF/PF,5800,35.0,28.4,4.890000000000001,32.0,25.419999999999998,31.0625,0.5075712820463723,1.2273246169124223,0.6396877361043385,0.2749577822197718,0.34924455623412376,0.7337295921010037,0.37558946858747216
15,4,Devonte' Graham,25.8,CHA,PG,7500,36.0,35.2,4.7,35.666666666666664,35.379999999999995,35.52897196261683,1.127933412752561,1.334558040113651,1.0007047865287086,1.22241983061061,0.1734467535521043,0.17260706335430806,0.9125468211324975
15,5,Jayson Tatum,45.3,BOS,SF/PF,7500,33.5,42.099999999999994,5.615,31.333333333333332,40.339999999999996,45.011170212765954,1.7574185159691338,1.0664744821105794,1.7671341456424612,1.6942483205723127,1.0200519612049859,1.5069838085446208,1.3612434747723599
15,6,Kristaps Porzingis,59.0,DAL,PF/C,7000,33.0,41.599999999999994,5.96,28.666666666666668,37.0,47.88837209302324,1.7118036534172083,1.012857770509965,1.999693298589068,1.3765251035416504,1.3392637608118099,2.444469009011662,1.2925306862467785
15,7,Myles Turner,28.8,IND,C,4900,29.0,27.8,5.685,29.333333333333332,26.2,27.48409090909091,0.4528334469840617,0.5839240777050507,0.3504512411650824,0.34915661733471703,1.0848195727194134,0.377895793383587,0.27552857544709647
16,0,Jevon Carter,7.5,PHO,PG/SG,3000,18.5,14.55,4.84,16.333333333333332,12.25,16.48010204081633,-0.7559604106419672,-0.5420268659078495,-0.5389817693579697,-0.9778610106825716,0.3029819765809602,-1.0796541898242935,-0.6479709013341884
16,1,Markelle Fultz,39.3,ORL,PG/SG,5400,31.5,28.9,5.33,29.666666666666668,26.159999999999997,30.685955056179772,0.5531861445982978,0.8520076357081222,0.6092522724748871,0.3453515488672837,0.7563552571819571,1.0964063484860629,0.38113014839211534
16,2,Jaylen Brown,28.8,BOS,SG/SF,7600,36.0,39.15,5.15,33.666666666666664,36.47,41.86336633663367,1.488290826912773,1.334558040113651,1.512702710678326,1.3261079463481618,0.5898099704305708,0.377895793383587,1.1604151836770238
16,3,Josh Jackson,9.5,MEM,SF/PF,3300,0.0,2.4,0.72,17.0,11.9,0.0,-1.86440157065376,-2.5258451951305787,-1.8710393484191818,-1.011155359772611,-3.5090545868396648,-0.9427950364714408,-1.1847291501107615
16,4,Jeff Teague,35.3,ATL,PG/SG,3900,29.5,24.950000000000003,6.41,25.333333333333332,24.65,29.053618421052636,0.19282873043808588,0.637540789305665,0.4773133815010864,0.20171021422168492,1.7556269776902762,0.8226880417803577,0.06280632787999654
16,5,Jayson Tatum,45.3,BOS,SF/PF,7500,33.5,42.099999999999994,5.615,31.333333333333332,40.339999999999996,45.011170212765954,1.7574185159691338,1.0664744821105794,1.7671341456424612,1.6942483205723127,1.0200519612049859,1.5069838085446208,1.3612434747723599
16,6,Deandre Ayton,57.8,PHO,C,7700,35.5,45.15,5.84,34.333333333333336,41.790000000000006,46.68422330097087,2.0356691775358806,1.2809413285130367,1.9023640756996623,1.832182052516763,1.2282335696442186,2.36235351699995,1.5459309765744211
16,7,Devin Booker,22.5,PHO,PG/SG,8600,37.5,43.9,5.1,36.666666666666664,44.66,44.89772727272727,1.9216320211560665,1.495408174915494,1.7579647528986997,2.105195715055086,0.5435473907774072,-0.053210539677898794,1.5438492573691038
17,0,Bryn Forbes,13.3,SA,PG/SG,3100,24.5,15.8,5.09,22.333333333333332,16.82,17.332835820895525,-0.6419232542621531,0.10137367329952206,-0.47005680203296507,-0.5431319382783415,0.5342948748467748,-0.6827626451010208,-0.5350888967052009
17,1,Devin Booker,22.5,PHO,PG/SG,8600,37.5,43.9,5.1,36.666666666666664,44.66,44.89772727272727,1.9216320211560665,1.495408174915494,1.7579647528986997,2.105195715055086,0.5435473907774072,-0.053210539677898794,1.5438492573691038
17,2,Aaron Gordon,44.5,ORL,SF/PF,6100,34.0,32.65,5.365,34.0,30.55,32.65,0.8952976137377401,1.1200911937111937,0.7680025609471903,0.7629578131680653,0.7887390629391713,1.45224014720348,0.6526828058439661
17,3,Miles Bridges,34.0,CHA,SF/PF,5800,35.0,28.4,4.890000000000001,32.0,25.419999999999998,31.0625,0.5075712820463723,1.2273246169124223,0.6396877361043385,0.2749577822197718,0.34924455623412376,0.7337295921010037,0.37558946858747216
17,4,Brad Wanamaker,35.3,BOS,PG/SG,3600,26.0,21.45,5.975,18.333333333333332,15.55,30.419999999999998,-0.12647530742539378,0.262223808101365,0.5877555943962864,-0.663942862119342,1.3531425347077584,0.8226880417803577,-0.20082332942683678
17,5,Robert Covington,37.0,MIN,SF/PF,5500,31.5,27.2,4.96,31.333333333333332,27.559999999999995,27.34468085106383,0.39809561192175086,0.8520076357081222,0.3391829720771603,0.4785289452274416,0.4140121677485513,0.9390183221302827,0.3028358847572095
17,6,John Collins,47.8,ATL,PF/C,8300,34.5,43.8,5.285,31.666666666666668,40.379999999999995,47.71894736842105,1.9125090486456813,1.173707905311808,1.985998996944105,1.6980533890397456,0.7147189354941105,1.6780577502356866,1.4962579807762255
17,7,Jeff Teague,35.3,ATL,PG/SG,3900,29.5,24.950000000000003,6.41,25.333333333333332,24.65,29.053618421052636,0.19282873043808588,0.637540789305665,0.4773133815010864,0.20171021422168492,1.7556269776902762,0.8226880417803577,0.06280632787999654
18,0,Brad Wanamaker,35.3,BOS,PG/SG,3600,26.0,21.45,5.975,18.333333333333332,15.55,30.419999999999998,-0.12647530742539378,0.262223808101365,0.5877555943962864,-0.663942862119342,1.3531425347077584,0.8226880417803577,-0.20082332942683678
18,1,Damion Lee,32.8,GS,SG,5700,30.0,30.15,5.29,28.666666666666668,24.610000000000003,31.552325581395348,0.6672233009781119,0.6911575009062794,0.6792794738557036,0.19790514575425225,0.7193451934594267,0.651614100089292,0.44164054937039915
18,2,Matisse Thybulle,8.3,PHI,SG/SF,3700,23.0,14.8,3.995,22.666666666666668,14.1,15.01764705882353,-0.7331529793660044,-0.05947646150232083,-0.6571894259595209,-0.8018765940637914,-0.478855619557493,-1.0249105284831523,-0.5684863090738262
18,3,Gary Clark,5.5,ORL,PF/C,3000,11.0,9.100000000000001,3.01,10.666666666666666,8.600000000000001,9.384375000000002,-1.2531624124579563,-1.3462775399170641,-1.1125168700666535,-1.3250735083358405,-1.390228438724803,-1.216513343177146,-0.9276607190150028
18,4,Darius Garland,28.3,CLE,PG,5400,34.5,26.25,4.875,32.333333333333336,22.25,28.009020618556697,0.3114273730730922,1.173707905311808,0.39288038366896383,-0.02659389382430011,0.3353657823381744,0.34368100504537386,0.1992568325727717
18,5,Al Horford,13.0,PHI,PF/C,6300,30.5,29.15,4.64,30.666666666666668,30.909999999999997,28.99157608695652,0.5759935758742607,0.7447742125068937,0.47229860907123766,0.7972034293749627,0.11793165796830833,-0.7032915181039487,0.48159827345188966
18,6,Andre Drummond,54.0,DET,C,9400,34.0,51.1,5.415,34.0,48.86,51.1,2.578486041903796,1.1200911937111937,2.2592835173885253,2.50472790413556,0.835001642592334,2.1023211256295298,2.0165122646596476
18,7,Karl-Anthony Towns,51.0,MIN,C,10600,35.0,52.099999999999994,4.890000000000001,35.333333333333336,52.839999999999996,51.60849056603773,2.6697157670076463,1.2273246169124223,2.3003839129257684,2.883332216645152,0.34924455623412376,1.897032395600251,2.1548462957725802
19,0,Jeff Teague,35.3,ATL,PG/SG,3900,29.5,24.950000000000003,6.41,25.333333333333332,24.65,29.053618421052636,0.19282873043808588,0.637540789305665,0.4773133815010864,0.20171021422168492,1.7556269776902762,0.8226880417803577,0.06280632787999654
19,1,Spencer Dinwiddie,24.8,BKN,PG/SG,8000,34.5,42.75,5.34,31.333333333333332,38.79,47.070478723404264,1.8167178372866377,1.173707905311808,1.9335844201873111,1.5468019174592809,0.7656077731125894,0.10417748667788176,1.4114209209191713
19,2,Miles Bridges,34.0,CHA,SF/PF,5800,35.0,28.4,4.890000000000001,32.0,25.419999999999998,31.0625,0.5075712820463723,1.2273246169124223,0.6396877361043385,0.2749577822197718,0.34924455623412376,0.7337295921010037,0.37558946858747216
19,3,Harrison Barnes,31.8,SAC,SF/PF,4300,33.5,25.25,5.845000000000001,32.333333333333336,23.549999999999997,26.161082474226802,0.220197647969241,1.0664744821105794,0.24351480300117465,0.09707083136727492,1.2328598276095357,0.5831845234128659,0.08394227156913671
19,4,Jarrett Culver,9.8,MIN,PG/SG,4100,25.5,19.65,4.805,24.333333333333332,18.409999999999997,20.59212328767123,-0.2906888126123261,0.20860709650075066,-0.2066143450806328,-0.3918804666978767,0.270598170823746,-0.9222661634685129,-0.2610671139673375
19,5,Jordan Poole,3.0,GS,SG/SF,3000,21.0,17.4,5.785,18.0,14.02,20.299999999999997,-0.4959556940959914,-0.27394330790477806,-0.23022615515310682,-0.8094867309986575,1.1773447320257397,-1.3875872848682118,-0.5019868460859788
19,6,Kristaps Porzingis,59.0,DAL,PF/C,7000,33.0,41.599999999999994,5.96,28.666666666666668,37.0,47.88837209302324,1.7118036534172083,1.012857770509965,1.999693298589068,1.3765251035416504,1.3392637608118099,2.444469009011662,1.2925306862467785
19,7,Markelle Fultz,39.3,ORL,PG/SG,5400,31.5,28.9,5.33,29.666666666666668,26.159999999999997,30.685955056179772,0.5531861445982978,0.8520076357081222,0.6092522724748871,0.3453515488672837,0.7563552571819571,1.0964063484860629,0.38113014839211534
20,0,Spencer Dinwiddie,24.8,BKN,PG/SG,8000,34.5,42.75,5.34,31.333333333333332,38.79,47.070478723404264,1.8167178372866377,1.173707905311808,1.9335844201873111,1.5468019174592809,0.7656077731125894,0.10417748667788176,1.4114209209191713
20,1,Markelle Fultz,39.3,ORL,PG/SG,5400,31.5,28.9,5.33,29.666666666666668,26.159999999999997,30.685955056179772,0.5531861445982978,0.8520076357081222,0.6092522724748871,0.3453515488672837,0.7563552571819571,1.0964063484860629,0.38113014839211534
20,2,Josh Jackson,9.5,MEM,SF/PF,3300,0.0,2.4,0.72,17.0,11.9,0.0,-1.86440157065376,-2.5258451951305787,-1.8710393484191818,-1.011155359772611,-3.5090545868396648,-0.9427950364714408,-1.1847291501107615
20,3,Harrison Barnes,31.8,SAC,SF/PF,4300,33.5,25.25,5.845000000000001,32.333333333333336,23.549999999999997,26.161082474226802,0.220197647969241,1.0664744821105794,0.24351480300117465,0.09707083136727492,1.2328598276095357,0.5831845234128659,0.08394227156913671
20,4,Cody Martin,34.0,CHA,SG/SF,3100,22.0,15.850000000000001,5.1,19.0,12.13,18.35263157894737,-0.6373617680069605,-0.16670988470354944,-0.3876285097054652,-0.9892762160848708,0.5435473907774072,0.7337295921010037,-0.5799267142951005
20,5,Bogdan Bogdanovic,31.5,SAC,SG/SF,5300,28.0,25.85,4.859999999999999,27.333333333333332,25.45,26.480487804878052,0.27493548303155185,0.47669065450382214,0.26933177248551377,0.2778115835703467,0.32148700844222494,0.5626556504099379,0.20317321181455783
20,6,Kristaps Porzingis,59.0,DAL,PF/C,7000,33.0,41.599999999999994,5.96,28.666666666666668,37.0,47.88837209302324,1.7118036534172083,1.012857770509965,1.999693298589068,1.3765251035416504,1.3392637608118099,2.444469009011662,1.2925306862467785
20,7,Deandre Ayton,57.8,PHO,C,7700,35.5,45.15,5.84,34.333333333333336,41.790000000000006,46.68422330097087,2.0356691775358806,1.2809413285130367,1.9023640756996623,1.832182052516763,1.2282335696442186,2.36235351699995,1.5459309765744211
21,0,Draymond Green,42.0,GS,PG/SF,6500,30.0,34.25,5.29,28.333333333333332,31.630000000000003,36.26470588235294,1.041265173903902,0.6911575009062794,1.0601728615157224,0.8656946617887588,0.7193451934594267,1.2811662055124142,0.7832382918525251
21,1,Alec Burks,42.3,GS,PG/SG,5300,28.0,33.3,6.300000000000001,26.333333333333332,29.560000000000002,35.407594936708854,0.9545969350552432,0.47669065450382214,0.9908940956188957,0.6687823685990966,1.6538493024533183,1.3016950785153418,0.636256089360007
21,2,Josh Jackson,9.5,MEM,SF/PF,3300,0.0,2.4,0.72,17.0,11.9,0.0,-1.86440157065376,-2.5258451951305787,-1.8710393484191818,-1.011155359772611,-3.5090545868396648,-0.9427950364714408,-1.1847291501107615
21,3,Miles Bridges,34.0,CHA,SF/PF,5800,35.0,28.4,4.890000000000001,32.0,25.419999999999998,31.0625,0.5075712820463723,1.2273246169124223,0.6396877361043385,0.2749577822197718,0.34924455623412376,0.7337295921010037,0.37558946858747216
21,4,Bradley Beal,58.5,WAS,SG/SF,10100,35.5,50.8,5.05,35.333333333333336,50.239999999999995,51.03962264150943,2.55111712437264,1.2809413285130367,2.254403322000058,2.6360027662620014,0.49728481112424444,2.4102542206734485,2.0384123916399655
21,5,Harrison Barnes,31.8,SAC,SF/PF,4300,33.5,25.25,5.845000000000001,32.333333333333336,23.549999999999997,26.161082474226802,0.220197647969241,1.0664744821105794,0.24351480300117465,0.09707083136727492,1.2328598276095357,0.5831845234128659,0.08394227156913671
21,6,Dewayne Dedmon,35.5,SAC,C,4700,22.5,23.15,4.904999999999999,22.0,17.07,23.676136363636363,0.028615225251153256,-0.11309317310293514,0.04266099202521346,-0.5193502603568847,0.36312333013007153,0.8363739571156432,-0.06624473464547392
21,7,Jeff Teague,35.3,ATL,PG/SG,3900,29.5,24.950000000000003,6.41,25.333333333333332,24.65,29.053618421052636,0.19282873043808588,0.637540789305665,0.4773133815010864,0.20171021422168492,1.7556269776902762,0.8226880417803577,0.06280632787999654
22,0,Jevon Carter,7.5,PHO,PG/SG,3000,18.5,14.55,4.84,16.333333333333332,12.25,16.48010204081633,-0.7559604106419672,-0.5420268659078495,-0.5389817693579697,-0.9778610106825716,0.3029819765809602,-1.0796541898242935,-0.6479709013341884
22,1,Brad Wanamaker,35.3,BOS,PG/SG,3600,26.0,21.45,5.975,18.333333333333332,15.55,30.419999999999998,-0.12647530742539378,0.262223808101365,0.5877555943962864,-0.663942862119342,1.3531425347077584,0.8226880417803577,-0.20082332942683678
22,2,Tim Hardaway Jr.,38.5,DAL,SG/SF,5600,30.5,25.65,4.6,28.666666666666668,22.35,27.290406976744187,0.25668953801078137,0.7447742125068937,0.3347961105484245,-0.017081222655717262,0.08092159424577795,1.0416626871449222,0.17886205099584335
22,3,Jayson Tatum,45.3,BOS,SF/PF,7500,33.5,42.099999999999994,5.615,31.333333333333332,40.339999999999996,45.011170212765954,1.7574185159691338,1.0664744821105794,1.7671341456424612,1.6942483205723127,1.0200519612049859,1.5069838085446208,1.3612434747723599
22,4,Bogdan Bogdanovic,31.5,SAC,SG/SF,5300,28.0,25.85,4.859999999999999,27.333333333333332,25.45,26.480487804878052,0.27493548303155185,0.47669065450382214,0.26933177248551377,0.2778115835703467,0.32148700844222494,0.5626556504099379,0.20317321181455783
22,5,Mike Scott,22.8,PHI,PF,3400,11.5,10.55,3.075,17.0,11.570000000000002,7.136764705882353,-1.1208793110573723,-1.2926608283164498,-1.2941872456286674,-1.0425471746289339,-1.3300870851756907,-0.032681666674970855,-0.8317228901252729
22,6,Deandre Ayton,57.8,PHO,C,7700,35.5,45.15,5.84,34.333333333333336,41.790000000000006,46.68422330097087,2.0356691775358806,1.2809413285130367,1.9023640756996623,1.832182052516763,1.2282335696442186,2.36235351699995,1.5459309765744211
22,7,Alec Burks,42.3,GS,PG/SG,5300,28.0,33.3,6.300000000000001,26.333333333333332,29.560000000000002,35.407594936708854,0.9545969350552432,0.47669065450382214,0.9908940956188957,0.6687823685990966,1.6538493024533183,1.3016950785153418,0.636256089360007
23,0,Gary Payton II,1.5,WAS,PG/SG,3100,13.5,12.75,4.125,17.333333333333332,14.530000000000001,9.930288461538462,-0.9201739158288995,-1.0781939819139925,-1.0683916478955275,-0.7609721080388856,-0.3585729124592695,-1.4902316498828512,-0.7222127345704734
23,1,Brad Wanamaker,35.3,BOS,PG/SG,3600,26.0,21.45,5.975,18.333333333333332,15.55,30.419999999999998,-0.12647530742539378,0.262223808101365,0.5877555943962864,-0.663942862119342,1.3531425347077584,0.8226880417803577,-0.20082332942683678
23,2,Buddy Hield,25.0,SAC,SG/SF,6200,28.5,31.3,5.029999999999999,30.333333333333332,34.28,29.40824175824176,0.7721374848475411,0.5303073661044364,0.5059769603335967,1.1177804477562006,0.4787797792629788,0.11786340201316697,0.6183202091538159
23,3,Robert Covington,37.0,MIN,SF/PF,5500,31.5,27.2,4.96,31.333333333333332,27.559999999999995,27.34468085106383,0.39809561192175086,0.8520076357081222,0.3391829720771603,0.4785289452274416,0.4140121677485513,0.9390183221302827,0.3028358847572095
23,4,Spencer Dinwiddie,24.8,BKN,PG/SG,8000,34.5,42.75,5.34,31.333333333333332,38.79,47.070478723404264,1.8167178372866377,1.173707905311808,1.9335844201873111,1.5468019174592809,0.7656077731125894,0.10417748667788176,1.4114209209191713
23,5,Jimmy Butler,56.8,MIA,SG/SF,8100,34.5,40.15,4.975,34.333333333333336,41.51,40.34490291262136,1.5795205520166244,1.173707905311808,1.3899679905004256,1.8055465732447304,0.42789094164449987,2.2939239403235234,1.2746531147706832
23,6,Ivica Zubac,18.5,LAC,C,4200,20.0,21.5,5.12,19.333333333333332,21.259999999999998,22.241379310344833,-0.12191382117020116,-0.38117673110600664,-0.07330788985519546,-0.12076933839326917,0.5620524226386728,-0.32692884638360403,-0.13448715142164347
23,7,Maxi Kleber,18.0,DAL,PF/C,5000,26.0,20.7,4.15,22.333333333333332,21.02,24.098507462686566,-0.19489760125328223,0.262223808101365,0.07680050295013292,-0.14359974919786755,-0.33544162263268773,-0.3611436347218172,-0.10718864080945306
24,0,Jordan McLaughlin,16.8,MIN,PG,3000,17.5,13.600000000000001,4.525,18.666666666666668,13.7,12.750000000000002,-0.8426286494906259,-0.6492602891090781,-0.8404793378702922,-0.8399272787381223,0.011527724766034225,-0.4432591267335287,-0.689919347608844
24,1,Andrew Wiggins,26.5,MIN,SG/SF,7000,34.5,35.65,5.08,34.666666666666664,38.230000000000004,35.47860576923077,1.1689867890492938,1.173707905311808,0.99663377595716,1.4935309589152181,0.5250423589161425,0.22050776702780645,0.9456460383980979
24,2,Josh Jackson,9.5,MEM,SF/PF,3300,0.0,2.4,0.72,17.0,11.9,0.0,-1.86440157065376,-2.5258451951305787,-1.8710393484191818,-1.011155359772611,-3.5090545868396648,-0.9427950364714408,-1.1847291501107615
24,3,Harrison Barnes,31.8,SAC,SF/PF,4300,33.5,25.25,5.845000000000001,32.333333333333336,23.549999999999997,26.161082474226802,0.220197647969241,1.0664744821105794,0.24351480300117465,0.09707083136727492,1.2328598276095357,0.5831845234128659,0.08394227156913671
24,4,Bogdan Bogdanovic,31.5,SAC,SG/SF,5300,28.0,25.85,4.859999999999999,27.333333333333332,25.45,26.480487804878052,0.27493548303155185,0.47669065450382214,0.26933177248551377,0.2778115835703467,0.32148700844222494,0.5626556504099379,0.20317321181455783
24,5,Jayson Tatum,45.3,BOS,SF/PF,7500,33.5,42.099999999999994,5.615,31.333333333333332,40.339999999999996,45.011170212765954,1.7574185159691338,1.0664744821105794,1.7671341456424612,1.6942483205723127,1.0200519612049859,1.5069838085446208,1.3612434747723599
24,6,Deandre Ayton,57.8,PHO,C,7700,35.5,45.15,5.84,34.333333333333336,41.790000000000006,46.68422330097087,2.0356691775358806,1.2809413285130367,1.9023640756996623,1.832182052516763,1.2282335696442186,2.36235351699995,1.5459309765744211
24,7,Jeff Teague,35.3,ATL,PG/SG,3900,29.5,24.950000000000003,6.41,25.333333333333332,24.65,29.053618421052636,0.19282873043808588,0.637540789305665,0.4773133815010864,0.20171021422168492,1.7556269776902762,0.8226880417803577,0.06280632787999654
25,0,Caris LeVert,45.8,BKN,PG/SF,4700,28.5,26.950000000000003,5.74,22.666666666666668,22.81,33.88566176470588,0.37528818064578834,0.5303073661044364,0.8678789218311239,0.026677064719762972,1.1357084103378932,1.541198596882834,0.22878766914322352
25,1,Mikal Bridges,37.0,PHO,SG/SF,4500,33.5,23.45,5.21,29.666666666666668,20.13,26.48005617977528,0.05598414278230869,1.0664744821105794,0.2692968849897908,-0.22826252259825375,0.6453250660143659,0.9390183221302827,-0.013504072135934417
25,2,Jaylen Brown,28.8,BOS,SG/SF,7600,36.0,39.15,5.15,33.666666666666664,36.47,41.86336633663367,1.488290826912773,1.334558040113651,1.512702710678326,1.3261079463481618,0.5898099704305708,0.377895793383587,1.1604151836770238
25,3,Keita Bates-Diop,0.0,MIN,SF/PF,3000,15.5,13.25,4.4350000000000005,18.0,15.030000000000001,11.409722222222223,-0.8745590532769739,-0.8637271355115353,-0.948811626560889,-0.713408752195972,-0.07174491860965891,-1.5928760148974908,-0.6979285978315826
25,4,Bruce Brown,27.3,DET,PG/SF,3800,30.0,21.45,5.67,27.333333333333332,23.389999999999997,23.54268292682927,-0.12647530742539378,0.6911575009062794,0.03187418612374639,0.08185055749754255,1.0709407988234647,0.2752514283689475,-0.13777619783113193
25,5,Tony Snell,9.5,DET,SG/SF,3300,31.0,18.35,5.54,31.0,16.869999999999997,18.35,-0.40928745524733245,0.7983909241075079,-0.3878412155899955,-0.5383756026940504,0.9506580917252413,-0.9427950364714408,-0.4124978190205836
25,6,Kelly Olynyk,13.5,MIA,C,3600,0.0,8.4,2.325,21.0,16.44,0.0,-1.3170232200306524,-2.5258451951305787,-1.8710393484191818,-0.5792800887189558,-2.0240257799731345,-0.6690767297657356,-0.8985974559442916
25,7,Javonte Green,8.3,BOS,SG,3000,23.5,16.85,5.6,11.333333333333334,10.17,34.93897058823529,-0.5461320429031093,-0.005859749901706535,0.9530160161281992,-1.175724570989092,1.0061731873090365,-1.0249105284831523,-0.4660375528802879
26,0,Brad Wanamaker,35.3,BOS,PG/SG,3600,26.0,21.45,5.975,18.333333333333332,15.55,30.419999999999998,-0.12647530742539378,0.262223808101365,0.5877555943962864,-0.663942862119342,1.3531425347077584,0.8226880417803577,-0.20082332942683678
26,1,Alec Burks,42.3,GS,PG/SG,5300,28.0,33.3,6.300000000000001,26.333333333333332,29.560000000000002,35.407594936708854,0.9545969350552432,0.47669065450382214,0.9908940956188957,0.6687823685990966,1.6538493024533183,1.3016950785153418,0.636256089360007
26,2,Rudy Gay,10.8,SA,SF/PF,4100,16.5,17.450000000000003,4.235,21.0,20.19,13.710714285714289,-0.4913942078407984,-0.7564937123103067,-0.7628264967392973,-0.2225549198971039,-0.2567952372223108,-0.8538365867920865,-0.3753911211976649
26,3,Cedi Osman,22.5,CLE,SF/PF,4200,28.0,21.0,4.99,25.0,21.64,23.52,-0.1675286837221268,0.47669065450382214,0.030040765158063948,-0.08462118795265462,0.4417697155404493,-0.053210539677898794,-0.14023655010005956
26,4,Elie Okobo,17.0,PHO,PG,3000,20.5,15.55,5.175,15.333333333333334,11.25,20.78967391304348,-0.664730685538116,-0.3275600195053923,-0.1906466764870984,-1.0729877223683988,0.6129412602571518,-0.4295732113982435,-0.5953154609322571
26,5,Sekou Doumbouya,19.8,DET,SF/PF,3000,28.0,17.85,5.96,21.666666666666668,13.790000000000001,23.067692307692308,-0.45490231779925805,0.47669065450382214,-0.006518467795344556,-0.8313658746863977,1.3392637608118099,-0.23797039670424977,-0.4709293607669994
26,6,Christian Wood,32.8,DET,PF/C,4400,18.0,19.7,4.5,16.666666666666668,20.28,21.276,-0.28612732635713345,-0.5956435775084639,-0.1513377966985406,-0.21399351584537948,-0.011603565060547565,0.651614100089292,-0.21394736432797767
26,7,Cody Martin,34.0,CHA,SG/SF,3100,22.0,15.850000000000001,5.1,19.0,12.13,18.35263157894737,-0.6373617680069605,-0.16670988470354944,-0.3876285097054652,-0.9892762160848708,0.5435473907774072,0.7337295921010037,-0.5799267142951005
27,0,Brad Wanamaker,35.3,BOS,PG/SG,3600,26.0,21.45,5.975,18.333333333333332,15.55,30.419999999999998,-0.12647530742539378,0.262223808101365,0.5877555943962864,-0.663942862119342,1.3531425347077584,0.8226880417803577,-0.20082332942683678
27,1,Aaron Holiday,18.0,IND,PG/SG,4400,25.0,18.3,4.175,24.666666666666668,20.080000000000002,18.5472972972973,-0.41384894150252505,0.15499038490013636,-0.37189402305791947,-0.23301885818254484,-0.31231033280610676,-0.3611436347218172,-0.2915029238423063
27,2,Matisse Thybulle,8.3,PHI,SG/SF,3700,23.0,14.8,3.995,22.666666666666668,14.1,15.01764705882353,-0.7331529793660044,-0.05947646150232083,-0.6571894259595209,-0.8018765940637914,-0.478855619557493,-1.0249105284831523,-0.5684863090738262
27,3,Vince Carter,12.5,ATL,SF/PF,3500,23.5,17.0,4.880000000000001,19.0,13.8,21.026315789473685,-0.5324475841375318,-0.005859749901706535,-0.1715193310227673,-0.8304146075695394,0.3399920403034914,-0.7375063064421619,-0.46425852267978107
27,4,Kent Bazemore,16.5,SAC,SG/SF,3500,18.5,15.15,4.305,19.666666666666668,17.05,14.251271186440679,-0.7012225755796565,-0.5420268659078495,-0.7191342359302884,-0.5212527945906013,-0.19202762570788323,-0.4637879997364566,-0.5406280689940766
27,5,Meyers Leonard,9.8,MIA,PF,4000,23.0,17.35,4.35,20.0,15.830000000000002,19.9525,-0.5005171803511836,-0.05947646150232083,-0.2583139672053214,-0.6373073828473103,-0.15039130402003667,-0.9222661634685129,-0.39514667245304064
27,6,LaMarcus Aldridge,50.3,SA,PF/C,6900,33.0,37.4,5.41,33.0,37.06,37.4,1.3286388079810334,1.012857770509965,1.1519366825242277,1.3822327062428001,0.8303753846270178,1.8491316919267524,1.0221387621973579
27,7,Wes Iwundu,17.0,ORL,SF,3000,25.0,16.25,5.390000000000001,16.666666666666668,12.41,24.375,-0.6008698779654201,0.15499038490013636,0.0991489070419307,-0.9626407368128392,0.811870352765753,-0.4295732113982435,-0.5317416598442796
