Lineup Num,,Player Name,Actual FP,team,Pos,Salary,DFN_MinProj,Avg Proj,Avg Value Proj,Avg Skewed Min,Avg Skewed FP,Proj Min Enhanced,Avg Proj Stan,DFN_MinProj Stan,Proj Min Enhanced Stan,Avg Skewed FP Stan,Avg Value Proj Stan,Actual FP Stan,predictions
0,0,RJ Barrett,33.3,NY,PG/SG,5200,31.0,29.8,5.71,30.333333333333332,26.140000000000004,30.454945054945057,0.7140843829534016,0.8499262432172335,0.5755681792302056,0.4688982268217768,1.1688627539287026,0.8043901599809017,0.46462158503283096
0,1,Kendrick Nunn,15.8,MIA,PG/SG,4600,28.0,24.5,5.3149999999999995,28.0,25.2,24.5,0.22174410214536736,0.531406008758524,0.09647142974100036,0.37680058928838517,0.8120853196926734,-0.43069427262683874,0.12691986385345952
0,2,Kawhi Leonard,61.3,LAC,SF/PF,9900,33.5,51.75,5.215,32.0,47.29,54.17578125,2.753116300639505,1.1153597719328248,2.4839947744981896,2.5410950713230775,0.7217619186202614,2.780525252153287,2.160464620528557
0,3,Rudy Gay,25.8,SA,SF/PF,4200,21.5,23.3,5.535,22.666666666666668,22.74,22.100735294117644,0.11027083101902006,-0.1587211659020135,-0.0965580459546434,0.13577911233929754,1.010796802051981,0.2750682602918702,-0.0037702370448021148
0,4,Buddy Hield,27.8,SAC,SG/SF,6600,34.5,37.65,5.73,36.0,36.970000000000006,36.081250000000004,1.4433053649049237,1.2215331834190615,1.0282246497668155,1.5299805826586135,1.1869274341431855,0.416220766875612,1.0726295894726585
0,5,T.J. Warren,29.3,IND,SF/PF,5700,33.0,30.450000000000003,5.359999999999999,31.333333333333332,29.21,32.069680851063836,0.7744657381468399,1.0622730661897066,0.7054794822004913,0.7696851919574264,0.8527308501752588,0.5220851468134183,0.5684867799203552
0,6,Bobby Portis,24.8,NY,PF/C,6400,29.0,34.55,5.385,21.333333333333332,25.369999999999997,46.96640625,1.1553327478285262,0.6375794202447604,1.9039746237697612,0.3934565450125089,0.8753117004433623,0.2044920069999993,0.8631775812449913
0,7,DeMar DeRozan,62.8,SA,SG/SF,7200,34.0,38.599999999999994,5.34,34.0,38.42,38.599999999999994,1.5315550378799483,1.1684464776759431,1.2308671471604484,1.672046087364376,0.8346661699607768,2.886389632091093,1.1855635464012106
1,0,RJ Barrett,33.3,NY,PG/SG,5200,31.0,29.8,5.71,30.333333333333332,26.140000000000004,30.454945054945057,0.7140843829534016,0.8499262432172335,0.5755681792302056,0.4688982268217768,1.1688627539287026,0.8043901599809017,0.46462158503283096
1,1,Terrence Ross,27.5,ORL,SG/SF,4500,28.5,25.6,5.6899999999999995,24.666666666666668,22.560000000000002,29.578378378378382,0.3239279340111859,0.5844927145016422,0.5050452371075224,0.11814339451375493,1.1507980737142198,0.39504789088805065,0.17270180352077966
1,2,Evan Fournier,39.3,ORL,SG/SF,6100,34.0,31.75,5.1899999999999995,30.333333333333332,29.389999999999997,35.58791208791209,0.895228448533716,1.1684464776759431,0.9885338402126888,0.787320909782969,0.699181068352158,1.227847679732127,0.6823392030256716
1,3,Rudy Gay,25.8,SA,SF/PF,4200,21.5,23.3,5.535,22.666666666666668,22.74,22.100735294117644,0.11027083101902006,-0.1587211659020135,-0.0965580459546434,0.13577911233929754,1.010796802051981,0.2750682602918702,-0.0037702370448021148
1,4,Buddy Hield,27.8,SAC,SG/SF,6600,34.5,37.65,5.73,36.0,36.970000000000006,36.081250000000004,1.4433053649049237,1.2215331834190615,1.0282246497668155,1.5299805826586135,1.1869274341431855,0.416220766875612,1.0726295894726585
1,5,LaMarcus Aldridge,39.8,SA,PF/C,7400,32.5,39.4,5.32,33.0,38.7,38.8030303030303,1.6058705519641803,1.0091863604465883,1.2472016653351965,1.6994794262041097,0.8166014897462948,1.2631358063780624,1.2376124039984449
1,6,John Collins,44.8,ATL,PF/C,8500,33.0,43.65,5.145,30.666666666666668,40.43,46.97119565217391,2.0006717205366606,1.0622730661897066,1.9043599484020368,1.868978269749606,0.6585355378695724,1.616017072837417,1.5710078434293775
1,7,DeMar DeRozan,62.8,SA,SG/SF,7200,34.0,38.599999999999994,5.34,34.0,38.42,38.599999999999994,1.5315550378799483,1.1684464776759431,1.2308671471604484,1.672046087364376,0.8346661699607768,2.886389632091093,1.1855635464012106
2,0,Kendrick Nunn,15.8,MIA,PG/SG,4600,28.0,24.5,5.3149999999999995,28.0,25.2,24.5,0.22174410214536736,0.531406008758524,0.09647142974100036,0.37680058928838517,0.8120853196926734,-0.43069427262683874,0.12691986385345952
2,1,RJ Barrett,33.3,NY,PG/SG,5200,31.0,29.8,5.71,30.333333333333332,26.140000000000004,30.454945054945057,0.7140843829534016,0.8499262432172335,0.5755681792302056,0.4688982268217768,1.1688627539287026,0.8043901599809017,0.46462158503283096
2,2,Draymond Green,25.5,GS,PG/SF,5700,29.5,30.05,5.29,28.333333333333332,28.990000000000002,31.28735294117647,0.737307981104724,0.6906661259878788,0.6425383878321268,0.7481304257262072,0.7895044694245708,0.25389538430430886,0.5396135700183798
2,3,John Collins,44.8,ATL,PF/C,8500,33.0,43.65,5.145,30.666666666666668,40.43,46.97119565217391,2.0006717205366606,1.0622730661897066,1.9043599484020368,1.868978269749606,0.6585355378695724,1.616017072837417,1.5710078434293775
2,4,Evan Fournier,39.3,ORL,SG/SF,6100,34.0,31.75,5.1899999999999995,30.333333333333332,29.389999999999997,35.58791208791209,0.895228448533716,1.1684464776759431,0.9885338402126888,0.787320909782969,0.699181068352158,1.227847679732127,0.6823392030256716
2,5,DeMar DeRozan,62.8,SA,SG/SF,7200,34.0,38.599999999999994,5.34,34.0,38.42,38.599999999999994,1.5315550378799483,1.1684464776759431,1.2308671471604484,1.672046087364376,0.8346661699607768,2.886389632091093,1.1855635464012106
2,6,Lauri Markkanen,23.8,CHI,PF/C,6100,32.5,33.05,5.395,31.333333333333332,30.189999999999998,34.28058510638297,1.015991158920592,1.0091863604465883,0.8833546821195312,0.8657018778964934,0.8843440405506033,0.13391575370812842,0.7442830039535161
2,7,Buddy Hield,27.8,SAC,SG/SF,6600,34.5,37.65,5.73,36.0,36.970000000000006,36.081250000000004,1.4433053649049237,1.2215331834190615,1.0282246497668155,1.5299805826586135,1.1869274341431855,0.416220766875612,1.0726295894726585
3,0,RJ Barrett,33.3,NY,PG/SG,5200,31.0,29.8,5.71,30.333333333333332,26.140000000000004,30.454945054945057,0.7140843829534016,0.8499262432172335,0.5755681792302056,0.4688982268217768,1.1688627539287026,0.8043901599809017,0.46462158503283096
3,1,Terrence Ross,27.5,ORL,SG/SF,4500,28.5,25.6,5.6899999999999995,24.666666666666668,22.560000000000002,29.578378378378382,0.3239279340111859,0.5844927145016422,0.5050452371075224,0.11814339451375493,1.1507980737142198,0.39504789088805065,0.17270180352077966
3,2,Buddy Hield,27.8,SAC,SG/SF,6600,34.5,37.65,5.73,36.0,36.970000000000006,36.081250000000004,1.4433053649049237,1.2215331834190615,1.0282246497668155,1.5299805826586135,1.1869274341431855,0.416220766875612,1.0726295894726585
3,3,Nemanja Bjelica,37.8,SAC,PF,6000,30.5,29.450000000000003,4.904999999999999,29.666666666666668,26.77,30.277247191011238,0.6815713455415505,0.7968395374741153,0.5612717469010491,0.5306232392111768,0.4417593752957826,1.1219832997943207,0.505145976660772
3,4,Evan Fournier,39.3,ORL,SG/SF,6100,34.0,31.75,5.1899999999999995,30.333333333333332,29.389999999999997,35.58791208791209,0.895228448533716,1.1684464776759431,0.9885338402126888,0.787320909782969,0.699181068352158,1.227847679732127,0.6823392030256716
3,5,Rudy Gay,25.8,SA,SF/PF,4200,21.5,23.3,5.535,22.666666666666668,22.74,22.100735294117644,0.11027083101902006,-0.1587211659020135,-0.0965580459546434,0.13577911233929754,1.010796802051981,0.2750682602918702,-0.0037702370448021148
3,6,LaMarcus Aldridge,39.8,SA,PF/C,7400,32.5,39.4,5.32,33.0,38.7,38.8030303030303,1.6058705519641803,1.0091863604465883,1.2472016653351965,1.6994794262041097,0.8166014897462948,1.2631358063780624,1.2376124039984449
3,7,Kawhi Leonard,61.3,LAC,SF/PF,9900,33.5,51.75,5.215,32.0,47.29,54.17578125,2.753116300639505,1.1153597719328248,2.4839947744981896,2.5410950713230775,0.7217619186202614,2.780525252153287,2.160464620528557
4,0,RJ Barrett,33.3,NY,PG/SG,5200,31.0,29.8,5.71,30.333333333333332,26.140000000000004,30.454945054945057,0.7140843829534016,0.8499262432172335,0.5755681792302056,0.4688982268217768,1.1688627539287026,0.8043901599809017,0.46462158503283096
4,1,Kendrick Nunn,15.8,MIA,PG/SG,4600,28.0,24.5,5.3149999999999995,28.0,25.2,24.5,0.22174410214536736,0.531406008758524,0.09647142974100036,0.37680058928838517,0.8120853196926734,-0.43069427262683874,0.12691986385345952
4,2,Rudy Gay,25.8,SA,SF/PF,4200,21.5,23.3,5.535,22.666666666666668,22.74,22.100735294117644,0.11027083101902006,-0.1587211659020135,-0.0965580459546434,0.13577911233929754,1.010796802051981,0.2750682602918702,-0.0037702370448021148
4,3,Kawhi Leonard,61.3,LAC,SF/PF,9900,33.5,51.75,5.215,32.0,47.29,54.17578125,2.753116300639505,1.1153597719328248,2.4839947744981896,2.5410950713230775,0.7217619186202614,2.780525252153287,2.160464620528557
4,4,Buddy Hield,27.8,SAC,SG/SF,6600,34.5,37.65,5.73,36.0,36.970000000000006,36.081250000000004,1.4433053649049237,1.2215331834190615,1.0282246497668155,1.5299805826586135,1.1869274341431855,0.416220766875612,1.0726295894726585
4,5,Draymond Green,25.5,GS,PG/SF,5700,29.5,30.05,5.29,28.333333333333332,28.990000000000002,31.28735294117647,0.737307981104724,0.6906661259878788,0.6425383878321268,0.7481304257262072,0.7895044694245708,0.25389538430430886,0.5396135700183798
4,6,Bobby Portis,24.8,NY,PF/C,6400,29.0,34.55,5.385,21.333333333333332,25.369999999999997,46.96640625,1.1553327478285262,0.6375794202447604,1.9039746237697612,0.3934565450125089,0.8753117004433623,0.2044920069999993,0.8631775812449913
4,7,Spencer Dinwiddie,59.5,BKN,PG/SG,7400,33.0,37.0,5.0,32.0,37.86,38.15625,1.3829240097114857,1.0622730661897066,1.1951658635005282,1.6171794096849088,0.5275666063145749,2.6534879962279194,1.1047483910578695
5,0,Spencer Dinwiddie,59.5,BKN,PG/SG,7400,33.0,37.0,5.0,32.0,37.86,38.15625,1.3829240097114857,1.0622730661897066,1.1951658635005282,1.6171794096849088,0.5275666063145749,2.6534879962279194,1.1047483910578695
5,1,Zach LaVine,56.5,CHI,PG/SG,8300,37.5,42.5,5.1,36.333333333333336,40.88,43.86467889908257,1.8938431690405777,1.540053417877771,1.6544295015368888,1.9130675643134636,0.617890007386987,2.441759236352307,1.4945986046897786
5,2,Terrence Ross,27.5,ORL,SG/SF,4500,28.5,25.6,5.6899999999999995,24.666666666666668,22.560000000000002,29.578378378378382,0.3239279340111859,0.5844927145016422,0.5050452371075224,0.11814339451375493,1.1507980737142198,0.39504789088805065,0.17270180352077966
5,3,LaMarcus Aldridge,39.8,SA,PF/C,7400,32.5,39.4,5.32,33.0,38.7,38.8030303030303,1.6058705519641803,1.0091863604465883,1.2472016653351965,1.6994794262041097,0.8166014897462948,1.2631358063780624,1.2376124039984449
5,4,Buddy Hield,27.8,SAC,SG/SF,6600,34.5,37.65,5.73,36.0,36.970000000000006,36.081250000000004,1.4433053649049237,1.2215331834190615,1.0282246497668155,1.5299805826586135,1.1869274341431855,0.416220766875612,1.0726295894726585
5,5,Rudy Gay,25.8,SA,SF/PF,4200,21.5,23.3,5.535,22.666666666666668,22.74,22.100735294117644,0.11027083101902006,-0.1587211659020135,-0.0965580459546434,0.13577911233929754,1.010796802051981,0.2750682602918702,-0.0037702370448021148
5,6,Lauri Markkanen,23.8,CHI,PF/C,6100,32.5,33.05,5.395,31.333333333333332,30.189999999999998,34.28058510638297,1.015991158920592,1.0091863604465883,0.8833546821195312,0.8657018778964934,0.8843440405506033,0.13391575370812842,0.7442830039535161
5,7,RJ Barrett,33.3,NY,PG/SG,5200,31.0,29.8,5.71,30.333333333333332,26.140000000000004,30.454945054945057,0.7140843829534016,0.8499262432172335,0.5755681792302056,0.4688982268217768,1.1688627539287026,0.8043901599809017,0.46462158503283096
6,0,Delon Wright,14.8,DAL,PG/SG,4900,28.0,24.85,5.095,24.666666666666668,22.130000000000003,28.208108108108107,0.2542571395572188,0.531406008758524,0.39480206502938114,0.07601362415273559,0.6133738373333664,-0.5012705259187097,0.15727721162269395
6,1,RJ Barrett,33.3,NY,PG/SG,5200,31.0,29.8,5.71,30.333333333333332,26.140000000000004,30.454945054945057,0.7140843829534016,0.8499262432172335,0.5755681792302056,0.4688982268217768,1.1688627539287026,0.8043901599809017,0.46462158503283096
6,2,Terrence Ross,27.5,ORL,SG/SF,4500,28.5,25.6,5.6899999999999995,24.666666666666668,22.560000000000002,29.578378378378382,0.3239279340111859,0.5844927145016422,0.5050452371075224,0.11814339451375493,1.1507980737142198,0.39504789088805065,0.17270180352077966
6,3,T.J. Warren,29.3,IND,SF/PF,5700,33.0,30.450000000000003,5.359999999999999,31.333333333333332,29.21,32.069680851063836,0.7744657381468399,1.0622730661897066,0.7054794822004913,0.7696851919574264,0.8527308501752588,0.5220851468134183,0.5684867799203552
6,4,Buddy Hield,27.8,SAC,SG/SF,6600,34.5,37.65,5.73,36.0,36.970000000000006,36.081250000000004,1.4433053649049237,1.2215331834190615,1.0282246497668155,1.5299805826586135,1.1869274341431855,0.416220766875612,1.0726295894726585
6,5,Kawhi Leonard,61.3,LAC,SF/PF,9900,33.5,51.75,5.215,32.0,47.29,54.17578125,2.753116300639505,1.1153597719328248,2.4839947744981896,2.5410950713230775,0.7217619186202614,2.780525252153287,2.160464620528557
6,6,John Collins,44.8,ATL,PF/C,8500,33.0,43.65,5.145,30.666666666666668,40.43,46.97119565217391,2.0006717205366606,1.0622730661897066,1.9043599484020368,1.868978269749606,0.6585355378695724,1.616017072837417,1.5710078434293775
6,7,Kendrick Nunn,15.8,MIA,PG/SG,4600,28.0,24.5,5.3149999999999995,28.0,25.2,24.5,0.22174410214536736,0.531406008758524,0.09647142974100036,0.37680058928838517,0.8120853196926734,-0.43069427262683874,0.12691986385345952
7,0,Zach LaVine,56.5,CHI,PG/SG,8300,37.5,42.5,5.1,36.333333333333336,40.88,43.86467889908257,1.8938431690405777,1.540053417877771,1.6544295015368888,1.9130675643134636,0.617890007386987,2.441759236352307,1.4945986046897786
7,1,Buddy Hield,27.8,SAC,SG/SF,6600,34.5,37.65,5.73,36.0,36.970000000000006,36.081250000000004,1.4433053649049237,1.2215331834190615,1.0282246497668155,1.5299805826586135,1.1869274341431855,0.416220766875612,1.0726295894726585
7,2,T.J. Warren,29.3,IND,SF/PF,5700,33.0,30.450000000000003,5.359999999999999,31.333333333333332,29.21,32.069680851063836,0.7744657381468399,1.0622730661897066,0.7054794822004913,0.7696851919574264,0.8527308501752588,0.5220851468134183,0.5684867799203552
7,3,Lauri Markkanen,23.8,CHI,PF/C,6100,32.5,33.05,5.395,31.333333333333332,30.189999999999998,34.28058510638297,1.015991158920592,1.0091863604465883,0.8833546821195312,0.8657018778964934,0.8843440405506033,0.13391575370812842,0.7442830039535161
7,4,RJ Barrett,33.3,NY,PG/SG,5200,31.0,29.8,5.71,30.333333333333332,26.140000000000004,30.454945054945057,0.7140843829534016,0.8499262432172335,0.5755681792302056,0.4688982268217768,1.1688627539287026,0.8043901599809017,0.46462158503283096
7,5,DeMar DeRozan,62.8,SA,SG/SF,7200,34.0,38.599999999999994,5.34,34.0,38.42,38.599999999999994,1.5315550378799483,1.1684464776759431,1.2308671471604484,1.672046087364376,0.8346661699607768,2.886389632091093,1.1855635464012106
7,6,Trey Lyles,8.8,SA,PF/C,3500,19.0,16.75,4.78,18.0,16.05,17.680555555555557,-0.498187440545626,-0.4241546946176048,-0.4521774052205334,-0.51968173351005,0.32885512395526795,-0.924728045669935,-0.43481992600333585
7,7,LaMarcus Aldridge,39.8,SA,PF/C,7400,32.5,39.4,5.32,33.0,38.7,38.8030303030303,1.6058705519641803,1.0091863604465883,1.2472016653351965,1.6994794262041097,0.8166014897462948,1.2631358063780624,1.2376124039984449
8,0,RJ Barrett,33.3,NY,PG/SG,5200,31.0,29.8,5.71,30.333333333333332,26.140000000000004,30.454945054945057,0.7140843829534016,0.8499262432172335,0.5755681792302056,0.4688982268217768,1.1688627539287026,0.8043901599809017,0.46462158503283096
8,1,Terrence Ross,27.5,ORL,SG/SF,4500,28.5,25.6,5.6899999999999995,24.666666666666668,22.560000000000002,29.578378378378382,0.3239279340111859,0.5844927145016422,0.5050452371075224,0.11814339451375493,1.1507980737142198,0.39504789088805065,0.17270180352077966
8,2,Rudy Gay,25.8,SA,SF/PF,4200,21.5,23.3,5.535,22.666666666666668,22.74,22.100735294117644,0.11027083101902006,-0.1587211659020135,-0.0965580459546434,0.13577911233929754,1.010796802051981,0.2750682602918702,-0.0037702370448021148
8,3,Lauri Markkanen,23.8,CHI,PF/C,6100,32.5,33.05,5.395,31.333333333333332,30.189999999999998,34.28058510638297,1.015991158920592,1.0091863604465883,0.8833546821195312,0.8657018778964934,0.8843440405506033,0.13391575370812842,0.7442830039535161
8,4,DeMar DeRozan,62.8,SA,SG/SF,7200,34.0,38.599999999999994,5.34,34.0,38.42,38.599999999999994,1.5315550378799483,1.1684464776759431,1.2308671471604484,1.672046087364376,0.8346661699607768,2.886389632091093,1.1855635464012106
8,5,Montrezl Harrell,29.5,LAC,PF/C,6700,29.0,34.349999999999994,5.12,30.0,34.190000000000005,33.20499999999999,1.1367538693074681,0.6375794202447604,0.7968199914527939,1.2576067184641162,0.6359546876014698,0.5362003974717925,0.8696653407340695
8,6,John Collins,44.8,ATL,PF/C,8500,33.0,43.65,5.145,30.666666666666668,40.43,46.97119565217391,2.0006717205366606,1.0622730661897066,1.9043599484020368,1.868978269749606,0.6585355378695724,1.616017072837417,1.5710078434293775
8,7,LaMarcus Aldridge,39.8,SA,PF/C,7400,32.5,39.4,5.32,33.0,38.7,38.8030303030303,1.6058705519641803,1.0091863604465883,1.2472016653351965,1.6994794262041097,0.8166014897462948,1.2631358063780624,1.2376124039984449
9,0,RJ Barrett,33.3,NY,PG/SG,5200,31.0,29.8,5.71,30.333333333333332,26.140000000000004,30.454945054945057,0.7140843829534016,0.8499262432172335,0.5755681792302056,0.4688982268217768,1.1688627539287026,0.8043901599809017,0.46462158503283096
9,1,Joe Ingles,18.0,UTA,SG/SF,5600,31.0,29.1,5.21,29.0,26.9,31.10689655172414,0.649058308129699,0.8499262432172335,0.6280200222026449,0.5433601465296244,0.7172457485666408,-0.27542651538472285,0.46899616010316
9,2,Kawhi Leonard,61.3,LAC,SF/PF,9900,33.5,51.75,5.215,32.0,47.29,54.17578125,2.753116300639505,1.1153597719328248,2.4839947744981896,2.5410950713230775,0.7217619186202614,2.780525252153287,2.160464620528557
9,3,Rudy Gay,25.8,SA,SF/PF,4200,21.5,23.3,5.535,22.666666666666668,22.74,22.100735294117644,0.11027083101902006,-0.1587211659020135,-0.0965580459546434,0.13577911233929754,1.010796802051981,0.2750682602918702,-0.0037702370448021148
9,4,Draymond Green,25.5,GS,PG/SF,5700,29.5,30.05,5.29,28.333333333333332,28.990000000000002,31.28735294117647,0.737307981104724,0.6906661259878788,0.6425383878321268,0.7481304257262072,0.7895044694245708,0.25389538430430886,0.5396135700183798
9,5,Evan Fournier,39.3,ORL,SG/SF,6100,34.0,31.75,5.1899999999999995,30.333333333333332,29.389999999999997,35.58791208791209,0.895228448533716,1.1684464776759431,0.9885338402126888,0.787320909782969,0.699181068352158,1.227847679732127,0.6823392030256716
9,6,Montrezl Harrell,29.5,LAC,PF/C,6700,29.0,34.349999999999994,5.12,30.0,34.190000000000005,33.20499999999999,1.1367538693074681,0.6375794202447604,0.7968199914527939,1.2576067184641162,0.6359546876014698,0.5362003974717925,0.8696653407340695
9,7,Buddy Hield,27.8,SAC,SG/SF,6600,34.5,37.65,5.73,36.0,36.970000000000006,36.081250000000004,1.4433053649049237,1.2215331834190615,1.0282246497668155,1.5299805826586135,1.1869274341431855,0.416220766875612,1.0726295894726585
10,0,Devonte' Graham,13.5,CHA,PG,7600,36.5,36.8,4.82,37.666666666666664,37.94,35.66017699115044,1.3643451311904276,1.4338800063915345,0.9943478116136336,1.625017506496261,0.3649844843842329,-0.5930196551981418,1.0944319813682133
10,1,RJ Barrett,33.3,NY,PG/SG,5200,31.0,29.8,5.71,30.333333333333332,26.140000000000004,30.454945054945057,0.7140843829534016,0.8499262432172335,0.5755681792302056,0.4688982268217768,1.1688627539287026,0.8043901599809017,0.46462158503283096
10,2,DeMar DeRozan,62.8,SA,SG/SF,7200,34.0,38.599999999999994,5.34,34.0,38.42,38.599999999999994,1.5315550378799483,1.1684464776759431,1.2308671471604484,1.672046087364376,0.8346661699607768,2.886389632091093,1.1855635464012106
10,3,Rudy Gay,25.8,SA,SF/PF,4200,21.5,23.3,5.535,22.666666666666668,22.74,22.100735294117644,0.11027083101902006,-0.1587211659020135,-0.0965580459546434,0.13577911233929754,1.010796802051981,0.2750682602918702,-0.0037702370448021148
10,4,Buddy Hield,27.8,SAC,SG/SF,6600,34.5,37.65,5.73,36.0,36.970000000000006,36.081250000000004,1.4433053649049237,1.2215331834190615,1.0282246497668155,1.5299805826586135,1.1869274341431855,0.416220766875612,1.0726295894726585
10,5,Lauri Markkanen,23.8,CHI,PF/C,6100,32.5,33.05,5.395,31.333333333333332,30.189999999999998,34.28058510638297,1.015991158920592,1.0091863604465883,0.8833546821195312,0.8657018778964934,0.8843440405506033,0.13391575370812842,0.7442830039535161
10,6,LaMarcus Aldridge,39.8,SA,PF/C,7400,32.5,39.4,5.32,33.0,38.7,38.8030303030303,1.6058705519641803,1.0091863604465883,1.2472016653351965,1.6994794262041097,0.8166014897462948,1.2631358063780624,1.2376124039984449
10,7,Joe Ingles,18.0,UTA,SG/SF,5600,31.0,29.1,5.21,29.0,26.9,31.10689655172414,0.649058308129699,0.8499262432172335,0.6280200222026449,0.5433601465296244,0.7172457485666408,-0.27542651538472285,0.46899616010316
11,0,Kendrick Nunn,15.8,MIA,PG/SG,4600,28.0,24.5,5.3149999999999995,28.0,25.2,24.5,0.22174410214536736,0.531406008758524,0.09647142974100036,0.37680058928838517,0.8120853196926734,-0.43069427262683874,0.12691986385345952
11,1,RJ Barrett,33.3,NY,PG/SG,5200,31.0,29.8,5.71,30.333333333333332,26.140000000000004,30.454945054945057,0.7140843829534016,0.8499262432172335,0.5755681792302056,0.4688982268217768,1.1688627539287026,0.8043901599809017,0.46462158503283096
11,2,T.J. Warren,29.3,IND,SF/PF,5700,33.0,30.450000000000003,5.359999999999999,31.333333333333332,29.21,32.069680851063836,0.7744657381468399,1.0622730661897066,0.7054794822004913,0.7696851919574264,0.8527308501752588,0.5220851468134183,0.5684867799203552
11,3,Kawhi Leonard,61.3,LAC,SF/PF,9900,33.5,51.75,5.215,32.0,47.29,54.17578125,2.753116300639505,1.1153597719328248,2.4839947744981896,2.5410950713230775,0.7217619186202614,2.780525252153287,2.160464620528557
11,4,Dillon Brooks,44.5,MEM,SG/SF,5300,28.5,25.75,4.855,28.666666666666668,26.130000000000003,25.600290697674417,0.3378620929019792,0.5844927145016422,0.18499377409265397,0.4679184647203576,0.39659767475957736,1.594844196849856,0.25047115163813416
11,5,Bobby Portis,24.8,NY,PF/C,6400,29.0,34.55,5.385,21.333333333333332,25.369999999999997,46.96640625,1.1553327478285262,0.6375794202447604,1.9039746237697612,0.3934565450125089,0.8753117004433623,0.2044920069999993,0.8631775812449913
11,6,Lauri Markkanen,23.8,CHI,PF/C,6100,32.5,33.05,5.395,31.333333333333332,30.189999999999998,34.28058510638297,1.015991158920592,1.0091863604465883,0.8833546821195312,0.8657018778964934,0.8843440405506033,0.13391575370812842,0.7442830039535161
11,7,Buddy Hield,27.8,SAC,SG/SF,6600,34.5,37.65,5.73,36.0,36.970000000000006,36.081250000000004,1.4433053649049237,1.2215331834190615,1.0282246497668155,1.5299805826586135,1.1869274341431855,0.416220766875612,1.0726295894726585
12,0,RJ Barrett,33.3,NY,PG/SG,5200,31.0,29.8,5.71,30.333333333333332,26.140000000000004,30.454945054945057,0.7140843829534016,0.8499262432172335,0.5755681792302056,0.4688982268217768,1.1688627539287026,0.8043901599809017,0.46462158503283096
12,1,DeMar DeRozan,62.8,SA,SG/SF,7200,34.0,38.599999999999994,5.34,34.0,38.42,38.599999999999994,1.5315550378799483,1.1684464776759431,1.2308671471604484,1.672046087364376,0.8346661699607768,2.886389632091093,1.1855635464012106
12,2,Buddy Hield,27.8,SAC,SG/SF,6600,34.5,37.65,5.73,36.0,36.970000000000006,36.081250000000004,1.4433053649049237,1.2215331834190615,1.0282246497668155,1.5299805826586135,1.1869274341431855,0.416220766875612,1.0726295894726585
12,3,Rudy Gay,25.8,SA,SF/PF,4200,21.5,23.3,5.535,22.666666666666668,22.74,22.100735294117644,0.11027083101902006,-0.1587211659020135,-0.0965580459546434,0.13577911233929754,1.010796802051981,0.2750682602918702,-0.0037702370448021148
12,4,Zach LaVine,56.5,CHI,PG/SG,8300,37.5,42.5,5.1,36.333333333333336,40.88,43.86467889908257,1.8938431690405777,1.540053417877771,1.6544295015368888,1.9130675643134636,0.617890007386987,2.441759236352307,1.4945986046897786
12,5,Kawhi Leonard,61.3,LAC,SF/PF,9900,33.5,51.75,5.215,32.0,47.29,54.17578125,2.753116300639505,1.1153597719328248,2.4839947744981896,2.5410950713230775,0.7217619186202614,2.780525252153287,2.160464620528557
12,6,Harry Giles III,15.8,SAC,PF/C,4000,18.5,17.3,4.305,14.0,13.320000000000002,22.860714285714288,-0.44709552461271673,-0.47724140036072304,-0.03541500245138218,-0.7871567871974519,-0.10018103113869127,-0.43069427262683874,-0.3627970034399328
12,7,Terrence Ross,27.5,ORL,SG/SF,4500,28.5,25.6,5.6899999999999995,24.666666666666668,22.560000000000002,29.578378378378382,0.3239279340111859,0.5844927145016422,0.5050452371075224,0.11814339451375493,1.1507980737142198,0.39504789088805065,0.17270180352077966
13,0,Seth Curry,23.8,DAL,PG/SG,3700,23.0,17.95,4.865,24.0,17.91,17.202083333333334,-0.3867141694192787,0.0005389513273413156,-0.49067221655337423,-0.33744598264610587,0.4056300148668184,0.13391575370812842,-0.3507521623387562
13,1,DeMar DeRozan,62.8,SA,SG/SF,7200,34.0,38.599999999999994,5.34,34.0,38.42,38.599999999999994,1.5315550378799483,1.1684464776759431,1.2308671471604484,1.672046087364376,0.8346661699607768,2.886389632091093,1.1855635464012106
13,2,Evan Fournier,39.3,ORL,SG/SF,6100,34.0,31.75,5.1899999999999995,30.333333333333332,29.389999999999997,35.58791208791209,0.895228448533716,1.1684464776759431,0.9885338402126888,0.787320909782969,0.699181068352158,1.227847679732127,0.6823392030256716
13,3,LaMarcus Aldridge,39.8,SA,PF/C,7400,32.5,39.4,5.32,33.0,38.7,38.8030303030303,1.6058705519641803,1.0091863604465883,1.2472016653351965,1.6994794262041097,0.8166014897462948,1.2631358063780624,1.2376124039984449
13,4,Kendrick Nunn,15.8,MIA,PG/SG,4600,28.0,24.5,5.3149999999999995,28.0,25.2,24.5,0.22174410214536736,0.531406008758524,0.09647142974100036,0.37680058928838517,0.8120853196926734,-0.43069427262683874,0.12691986385345952
13,5,Terrence Ross,27.5,ORL,SG/SF,4500,28.5,25.6,5.6899999999999995,24.666666666666668,22.560000000000002,29.578378378378382,0.3239279340111859,0.5844927145016422,0.5050452371075224,0.11814339451375493,1.1507980737142198,0.39504789088805065,0.17270180352077966
13,6,Lauri Markkanen,23.8,CHI,PF/C,6100,32.5,33.05,5.395,31.333333333333332,30.189999999999998,34.28058510638297,1.015991158920592,1.0091863604465883,0.8833546821195312,0.8657018778964934,0.8843440405506033,0.13391575370812842,0.7442830039535161
13,7,Kawhi Leonard,61.3,LAC,SF/PF,9900,33.5,51.75,5.215,32.0,47.29,54.17578125,2.753116300639505,1.1153597719328248,2.4839947744981896,2.5410950713230775,0.7217619186202614,2.780525252153287,2.160464620528557
14,0,Kendrick Nunn,15.8,MIA,PG/SG,4600,28.0,24.5,5.3149999999999995,28.0,25.2,24.5,0.22174410214536736,0.531406008758524,0.09647142974100036,0.37680058928838517,0.8120853196926734,-0.43069427262683874,0.12691986385345952
14,1,Zach LaVine,56.5,CHI,PG/SG,8300,37.5,42.5,5.1,36.333333333333336,40.88,43.86467889908257,1.8938431690405777,1.540053417877771,1.6544295015368888,1.9130675643134636,0.617890007386987,2.441759236352307,1.4945986046897786
14,2,Pat Connaughton,9.5,MIL,SG/SF,3200,15.0,13.7,4.295,22.0,15.8,9.34090909090909,-0.781515337991759,-0.8488483405625509,-1.1231319608437387,-0.5441757860455264,-0.10921337124593232,-0.8753246683656255,-0.6394526083020368
14,3,Taurean Prince,31.5,BKN,SF/PF,5300,30.5,24.85,4.665,31.666666666666668,27.21,23.934473684210527,0.2542571395572188,0.7968395374741153,0.05097280344883179,0.5737327716736154,0.2249832127219935,0.6773529040555343,0.21166091361725048
14,4,Donovan Mitchell,14.3,UTA,PG/SG,8200,33.5,40.2,4.885,35.0,40.260000000000005,38.47714285714286,1.6801860660484123,1.1153597719328248,1.2209828481028935,1.8523223140254825,0.4236946950813005,-0.5365586525646451,1.3300809686830621
14,5,John Collins,44.8,ATL,PF/C,8500,33.0,43.65,5.145,30.666666666666668,40.43,46.97119565217391,2.0006717205366606,1.0622730661897066,1.9043599484020368,1.868978269749606,0.6585355378695724,1.616017072837417,1.5710078434293775
14,6,Montrezl Harrell,29.5,LAC,PF/C,6700,29.0,34.349999999999994,5.12,30.0,34.190000000000005,33.20499999999999,1.1367538693074681,0.6375794202447604,0.7968199914527939,1.2576067184641162,0.6359546876014698,0.5362003974717925,0.8696653407340695
14,7,Terrence Ross,27.5,ORL,SG/SF,4500,28.5,25.6,5.6899999999999995,24.666666666666668,22.560000000000002,29.578378378378382,0.3239279340111859,0.5844927145016422,0.5050452371075224,0.11814339451375493,1.1507980737142198,0.39504789088805065,0.17270180352077966
15,0,Kendrick Nunn,15.8,MIA,PG/SG,4600,28.0,24.5,5.3149999999999995,28.0,25.2,24.5,0.22174410214536736,0.531406008758524,0.09647142974100036,0.37680058928838517,0.8120853196926734,-0.43069427262683874,0.12691986385345952
15,1,Terrence Ross,27.5,ORL,SG/SF,4500,28.5,25.6,5.6899999999999995,24.666666666666668,22.560000000000002,29.578378378378382,0.3239279340111859,0.5844927145016422,0.5050452371075224,0.11814339451375493,1.1507980737142198,0.39504789088805065,0.17270180352077966
15,2,Justin Jackson,3.0,DAL,SF/PF,3200,19.5,15.35,4.8,18.333333333333332,13.229999999999999,16.326818181818183,-0.6282395901930313,-0.37106798887448655,-0.5610904463041028,-0.7959746461102237,0.34691980416975,-1.3340703147627864,-0.5542752999370468
15,3,Thaddeus Young,20.3,CHI,SF/PF,5700,29.0,27.4,4.8,26.0,22.2,30.56153846153846,0.49113784070070665,0.6375794202447604,0.5841440022050076,0.08287195886266865,0.34691980416975,-0.11310113281341973,0.34725684139849705
15,4,Draymond Green,25.5,GS,PG/SF,5700,29.5,30.05,5.29,28.333333333333332,28.990000000000002,31.28735294117647,0.737307981104724,0.6906661259878788,0.6425383878321268,0.7481304257262072,0.7895044694245708,0.25389538430430886,0.5396135700183798
15,5,Kawhi Leonard,61.3,LAC,SF/PF,9900,33.5,51.75,5.215,32.0,47.29,54.17578125,2.753116300639505,1.1153597719328248,2.4839947744981896,2.5410950713230775,0.7217619186202614,2.780525252153287,2.160464620528557
15,6,Bobby Portis,24.8,NY,PF/C,6400,29.0,34.55,5.385,21.333333333333332,25.369999999999997,46.96640625,1.1553327478285262,0.6375794202447604,1.9039746237697612,0.3934565450125089,0.8753117004433623,0.2044920069999993,0.8631775812449913
15,7,Buddy Hield,27.8,SAC,SG/SF,6600,34.5,37.65,5.73,36.0,36.970000000000006,36.081250000000004,1.4433053649049237,1.2215331834190615,1.0282246497668155,1.5299805826586135,1.1869274341431855,0.416220766875612,1.0726295894726585
16,0,RJ Barrett,33.3,NY,PG/SG,5200,31.0,29.8,5.71,30.333333333333332,26.140000000000004,30.454945054945057,0.7140843829534016,0.8499262432172335,0.5755681792302056,0.4688982268217768,1.1688627539287026,0.8043901599809017,0.46462158503283096
16,1,Spencer Dinwiddie,59.5,BKN,PG/SG,7400,33.0,37.0,5.0,32.0,37.86,38.15625,1.3829240097114857,1.0622730661897066,1.1951658635005282,1.6171794096849088,0.5275666063145749,2.6534879962279194,1.1047483910578695
16,2,Draymond Green,25.5,GS,PG/SF,5700,29.5,30.05,5.29,28.333333333333332,28.990000000000002,31.28735294117647,0.737307981104724,0.6906661259878788,0.6425383878321268,0.7481304257262072,0.7895044694245708,0.25389538430430886,0.5396135700183798
16,3,Bobby Portis,24.8,NY,PF/C,6400,29.0,34.55,5.385,21.333333333333332,25.369999999999997,46.96640625,1.1553327478285262,0.6375794202447604,1.9039746237697612,0.3934565450125089,0.8753117004433623,0.2044920069999993,0.8631775812449913
16,4,DeMar DeRozan,62.8,SA,SG/SF,7200,34.0,38.599999999999994,5.34,34.0,38.42,38.599999999999994,1.5315550378799483,1.1684464776759431,1.2308671471604484,1.672046087364376,0.8346661699607768,2.886389632091093,1.1855635464012106
16,5,Trey Lyles,8.8,SA,PF/C,3500,19.0,16.75,4.78,18.0,16.05,17.680555555555557,-0.498187440545626,-0.4241546946176048,-0.4521774052205334,-0.51968173351005,0.32885512395526795,-0.924728045669935,-0.43481992600333585
16,6,Patrick Patterson,3.5,LAC,PF/C,3000,10.0,7.15,2.375,12.0,10.09,5.958333333333333,-1.3899736095564048,-1.3797153979937335,-1.3952723475984043,-1.103619945955807,-1.8434226718362496,-1.2987821881168509,-0.9745776935379579
16,7,John Collins,44.8,ATL,PF/C,8500,33.0,43.65,5.145,30.666666666666668,40.43,46.97119565217391,2.0006717205366606,1.0622730661897066,1.9043599484020368,1.868978269749606,0.6585355378695724,1.616017072837417,1.5710078434293775
17,0,Kendrick Nunn,15.8,MIA,PG/SG,4600,28.0,24.5,5.3149999999999995,28.0,25.2,24.5,0.22174410214536736,0.531406008758524,0.09647142974100036,0.37680058928838517,0.8120853196926734,-0.43069427262683874,0.12691986385345952
17,1,Donovan Mitchell,14.3,UTA,PG/SG,8200,33.5,40.2,4.885,35.0,40.260000000000005,38.47714285714286,1.6801860660484123,1.1153597719328248,1.2209828481028935,1.8523223140254825,0.4236946950813005,-0.5365586525646451,1.3300809686830621
17,2,DeMar DeRozan,62.8,SA,SG/SF,7200,34.0,38.599999999999994,5.34,34.0,38.42,38.599999999999994,1.5315550378799483,1.1684464776759431,1.2308671471604484,1.672046087364376,0.8346661699607768,2.886389632091093,1.1855635464012106
17,3,Patrick Patterson,3.5,LAC,PF/C,3000,10.0,7.15,2.375,12.0,10.09,5.958333333333333,-1.3899736095564048,-1.3797153979937335,-1.3952723475984043,-1.103619945955807,-1.8434226718362496,-1.2987821881168509,-0.9745776935379579
17,4,Jordan Poole,8.0,GS,SG/SF,3200,13.5,9.7,3.025,16.666666666666668,11.9,7.856999999999999,-1.153092908412917,-1.0081084577919057,-1.2425177847988493,-0.9262830055989579,-1.2563205648655693,-0.9811890483034318,-0.8361720106620557
17,5,Buddy Hield,27.8,SAC,SG/SF,6600,34.5,37.65,5.73,36.0,36.970000000000006,36.081250000000004,1.4433053649049237,1.2215331834190615,1.0282246497668155,1.5299805826586135,1.1869274341431855,0.416220766875612,1.0726295894726585
17,6,Bobby Portis,24.8,NY,PF/C,6400,29.0,34.55,5.385,21.333333333333332,25.369999999999997,46.96640625,1.1553327478285262,0.6375794202447604,1.9039746237697612,0.3934565450125089,0.8753117004433623,0.2044920069999993,0.8631775812449913
17,7,Zach LaVine,56.5,CHI,PG/SG,8300,37.5,42.5,5.1,36.333333333333336,40.88,43.86467889908257,1.8938431690405777,1.540053417877771,1.6544295015368888,1.9130675643134636,0.617890007386987,2.441759236352307,1.4945986046897786
18,0,RJ Barrett,33.3,NY,PG/SG,5200,31.0,29.8,5.71,30.333333333333332,26.140000000000004,30.454945054945057,0.7140843829534016,0.8499262432172335,0.5755681792302056,0.4688982268217768,1.1688627539287026,0.8043901599809017,0.46462158503283096
18,1,Pat Connaughton,9.5,MIL,SG/SF,3200,15.0,13.7,4.295,22.0,15.8,9.34090909090909,-0.781515337991759,-0.8488483405625509,-1.1231319608437387,-0.5441757860455264,-0.10921337124593232,-0.8753246683656255,-0.6394526083020368
18,2,Kawhi Leonard,61.3,LAC,SF/PF,9900,33.5,51.75,5.215,32.0,47.29,54.17578125,2.753116300639505,1.1153597719328248,2.4839947744981896,2.5410950713230775,0.7217619186202614,2.780525252153287,2.160464620528557
18,3,Patrick Patterson,3.5,LAC,PF/C,3000,10.0,7.15,2.375,12.0,10.09,5.958333333333333,-1.3899736095564048,-1.3797153979937335,-1.3952723475984043,-1.103619945955807,-1.8434226718362496,-1.2987821881168509,-0.9745776935379579
18,4,Joe Ingles,18.0,UTA,SG/SF,5600,31.0,29.1,5.21,29.0,26.9,31.10689655172414,0.649058308129699,0.8499262432172335,0.6280200222026449,0.5433601465296244,0.7172457485666408,-0.27542651538472285,0.46899616010316
18,5,Lauri Markkanen,23.8,CHI,PF/C,6100,32.5,33.05,5.395,31.333333333333332,30.189999999999998,34.28058510638297,1.015991158920592,1.0091863604465883,0.8833546821195312,0.8657018778964934,0.8843440405506033,0.13391575370812842,0.7442830039535161
18,6,DeAndre Jordan,22.0,BKN,C,4700,20.5,23.5,4.994999999999999,21.0,25.14,22.94047619047619,0.12884970954007788,-0.26489457738825,-0.028997870311302763,0.37092201667987096,0.5230504362609536,0.006878497782760741,0.07305480647539533
18,7,Evan Fournier,39.3,ORL,SG/SF,6100,34.0,31.75,5.1899999999999995,30.333333333333332,29.389999999999997,35.58791208791209,0.895228448533716,1.1684464776759431,0.9885338402126888,0.787320909782969,0.699181068352158,1.227847679732127,0.6823392030256716
19,0,Draymond Green,25.5,GS,PG/SF,5700,29.5,30.05,5.29,28.333333333333332,28.990000000000002,31.28735294117647,0.737307981104724,0.6906661259878788,0.6425383878321268,0.7481304257262072,0.7895044694245708,0.25389538430430886,0.5396135700183798
19,1,Evan Fournier,39.3,ORL,SG/SF,6100,34.0,31.75,5.1899999999999995,30.333333333333332,29.389999999999997,35.58791208791209,0.895228448533716,1.1684464776759431,0.9885338402126888,0.787320909782969,0.699181068352158,1.227847679732127,0.6823392030256716
19,2,Kawhi Leonard,61.3,LAC,SF/PF,9900,33.5,51.75,5.215,32.0,47.29,54.17578125,2.753116300639505,1.1153597719328248,2.4839947744981896,2.5410950713230775,0.7217619186202614,2.780525252153287,2.160464620528557
19,3,Trey Lyles,8.8,SA,PF/C,3500,19.0,16.75,4.78,18.0,16.05,17.680555555555557,-0.498187440545626,-0.4241546946176048,-0.4521774052205334,-0.51968173351005,0.32885512395526795,-0.924728045669935,-0.43481992600333585
19,4,Buddy Hield,27.8,SAC,SG/SF,6600,34.5,37.65,5.73,36.0,36.970000000000006,36.081250000000004,1.4433053649049237,1.2215331834190615,1.0282246497668155,1.5299805826586135,1.1869274341431855,0.416220766875612,1.0726295894726585
19,5,Rudy Gay,25.8,SA,SF/PF,4200,21.5,23.3,5.535,22.666666666666668,22.74,22.100735294117644,0.11027083101902006,-0.1587211659020135,-0.0965580459546434,0.13577911233929754,1.010796802051981,0.2750682602918702,-0.0037702370448021148
19,6,Patrick Patterson,3.5,LAC,PF/C,3000,10.0,7.15,2.375,12.0,10.09,5.958333333333333,-1.3899736095564048,-1.3797153979937335,-1.3952723475984043,-1.103619945955807,-1.8434226718362496,-1.2987821881168509,-0.9745776935379579
19,7,Moe Harkless,15.5,LAC,SF/PF,4400,21.5,18.35,4.15,21.0,16.29,18.786904761904765,-0.34955641237716273,-0.1587211659020135,-0.3631676320536577,-0.49616744307599286,-0.24018230280092986,-0.4518671486144001,-0.28272931849163074
20,0,Cory Joseph,6.5,SAC,PG/SG,3300,23.5,16.35,4.96,24.333333333333332,17.75,15.790068493150686,-0.5353451975877417,0.05362565707045958,-0.6042738894353532,-0.35312217626881076,0.49143724588560994,-1.087053428241238,-0.463249463556619
20,1,Cam Reddish,27.0,ATL,SG/SF,3500,21.0,14.25,4.085,22.333333333333332,16.35,13.399253731343284,-0.7304234220588497,-0.21180787164513173,-0.7966235367358862,-0.4902888704674783,-0.2988925134979982,0.3597597642421152,-0.5568367165799881
20,2,Kelly Oubre Jr.,36.3,PHO,SF/PF,7000,37.5,34.85,4.965,37.0,35.85,35.32094594594595,1.1832010656101135,1.540053417877771,0.9670554538196123,1.420247227299679,0.4959534159392304,1.0161189198565144,0.9462604196572142
20,3,JaMychal Green,16.3,LAC,SF/PF,5000,23.5,22.8,4.550000000000001,23.666666666666668,20.0,22.639436619718307,0.06382363471637532,0.05362565707045958,-0.0532175866121206,-0.13267570344952337,0.12111130148871992,-0.3954061459809033,0.01574052879544946
20,4,Timothe Luwawu-Cabarrot,16.3,BKN,SG/SF,3200,18.5,13.25,4.155,18.666666666666668,11.15,13.131696428571427,-0.8233178146641391,-0.47724140036072304,-0.8181494841421765,-0.999765163205387,-0.23566613274730933,-0.3954061459809033,-0.6740070533045939
20,5,JJ Redick,18.5,NO,SG/SF,5600,32.0,27.5,4.885,30.0,25.56,29.333333333333332,0.5004272799612357,0.95609965470347,0.48533048181149674,0.4120720249394711,0.4236946950813005,-0.2401383887387874,0.37369930547985997
20,6,Rudy Gobert,48.8,UTA,C,8600,33.5,43.75,5.095,34.666666666666664,40.37,42.27764423076923,2.00996115979719,1.1153597719328248,1.5267468539389566,1.8630996971410914,0.6133738373333664,1.8983220860049006,1.5524506586252427
20,7,Damion Lee,26.5,GS,SG/SF,5300,32.0,28.2,5.295,30.333333333333332,26.0,29.74945054945055,0.5654533547849383,0.95609965470347,0.5188086086134738,0.45518155740190963,0.7940206394781913,0.32447163759617975,0.3932290563073304
21,0,RJ Barrett,33.3,NY,PG/SG,5200,31.0,29.8,5.71,30.333333333333332,26.140000000000004,30.454945054945057,0.7140843829534016,0.8499262432172335,0.5755681792302056,0.4688982268217768,1.1688627539287026,0.8043901599809017,0.46462158503283096
21,1,Kentavious Caldwell-Pope,17.8,LAL,SG/SF,3600,25.5,17.5,4.875,24.0,17.46,18.59375,-0.4285166460916589,0.2659724800429326,-0.3787076274227314,-0.3815352772099633,0.41466235497405945,-0.28954176604309695,-0.3722121719046959
21,2,Draymond Green,25.5,GS,PG/SF,5700,29.5,30.05,5.29,28.333333333333332,28.990000000000002,31.28735294117647,0.737307981104724,0.6906661259878788,0.6425383878321268,0.7481304257262072,0.7895044694245708,0.25389538430430886,0.5396135700183798
21,3,John Collins,44.8,ATL,PF/C,8500,33.0,43.65,5.145,30.666666666666668,40.43,46.97119565217391,2.0006717205366606,1.0622730661897066,1.9043599484020368,1.868978269749606,0.6585355378695724,1.616017072837417,1.5710078434293775
21,4,Marco Belinelli,0.0,SA,SG/SF,3000,0.0,2.65,0.875,16.666666666666668,9.489999999999998,0.0,-1.8079983762802077,-2.441449512856099,-1.8746416962715164,-1.1624056720409504,-3.198273687922435,-1.545799074638399,-1.1885865630322858
21,5,Thaddeus Young,20.3,CHI,SF/PF,5700,29.0,27.4,4.8,26.0,22.2,30.56153846153846,0.49113784070070665,0.6375794202447604,0.5841440022050076,0.08287195886266865,0.34691980416975,-0.11310113281341973,0.34725684139849705
21,6,DeAndre Jordan,22.0,BKN,C,4700,20.5,23.5,4.994999999999999,21.0,25.14,22.94047619047619,0.12884970954007788,-0.26489457738825,-0.028997870311302763,0.37092201667987096,0.5230504362609536,0.006878497782760741,0.07305480647539533
21,7,Kendrick Nunn,15.8,MIA,PG/SG,4600,28.0,24.5,5.3149999999999995,28.0,25.2,24.5,0.22174410214536736,0.531406008758524,0.09647142974100036,0.37680058928838517,0.8120853196926734,-0.43069427262683874,0.12691986385345952
22,0,Lonzo Ball,44.5,NO,PG,7300,36.0,36.55,5.015000000000001,34.0,34.11,38.699999999999996,1.341121533039105,1.380793300648416,1.2389125068584588,1.2497686216527633,0.5411151164754373,1.594844196849856,1.0477026254044148
22,1,Coby White,34.3,CHI,PG/SG,4300,24.0,20.6,4.805,26.0,20.9,19.01538461538462,-0.14054402901526145,0.10671236281357785,-0.3447856060037166,-0.04449711432180857,0.35143597422337053,0.8749664132727726,-0.14760477691867835
22,2,Chandler Hutchison,6.0,CHI,SF/PF,3000,12.0,7.6,2.525,12.0,10.56,7.6,-1.3481711328840247,-1.1673685750212606,-1.2631943592227357,-1.0575711271891113,-1.7079375702276312,-1.1223415548871736,-0.9422540910325777
22,3,Bobby Portis,24.8,NY,PF/C,6400,29.0,34.55,5.385,21.333333333333332,25.369999999999997,46.96640625,1.1553327478285262,0.6375794202447604,1.9039746237697612,0.3934565450125089,0.8753117004433623,0.2044920069999993,0.8631775812449913
22,4,Wesley Matthews,5.8,MIL,SG/SF,3200,24.5,15.7,4.9,26.0,14.4,14.794230769230769,-0.59572655278118,0.15979906855669612,-0.684392616333189,-0.6813424802441942,0.43724320524216287,-1.1364568055455477,-0.5342306840213452
22,5,DeMar DeRozan,62.8,SA,SG/SF,7200,34.0,38.599999999999994,5.34,34.0,38.42,38.599999999999994,1.5315550378799483,1.1684464776759431,1.2308671471604484,1.672046087364376,0.8346661699607768,2.886389632091093,1.1855635464012106
22,6,Trey Lyles,8.8,SA,PF/C,3500,19.0,16.75,4.78,18.0,16.05,17.680555555555557,-0.498187440545626,-0.4241546946176048,-0.4521774052205334,-0.51968173351005,0.32885512395526795,-0.924728045669935,-0.43481992600333585
22,7,Aaron Holiday,35.3,IND,PG/SG,5600,25.0,24.0,4.275,26.666666666666668,23.02,22.499999999999996,0.17529690584272262,0.21288577429981437,-0.06443576421920538,0.1632124511790312,-0.1272780514604144,0.9455426665646435,0.13599371803963958
23,0,De'Anthony Melton,29.0,MEM,PG/SG,4200,18.0,18.25,4.365,18.666666666666668,19.35,17.598214285714285,-0.35884585163769184,-0.5303281061038413,-0.458802056559173,-0.1963602400417618,-0.04598699049524341,0.500912270825857,-0.2858187736191549
23,1,Jeremy Lamb,7.3,IND,SG/SF,5900,29.0,28.65,4.835,30.0,28.990000000000002,27.695,0.6072558314573185,0.6375794202447604,0.3535206720924286,0.7481304257262072,0.3785329945450945,-1.0305924256077414,0.4658511834704234
23,2,Kelly Oubre Jr.,36.3,PHO,SF/PF,7000,37.5,34.85,4.965,37.0,35.85,35.32094594594595,1.1832010656101135,1.540053417877771,0.9670554538196123,1.420247227299679,0.4959534159392304,1.0161189198565144,0.9462604196572142
23,3,Meyers Leonard,14.5,MIA,PF/C,3800,25.0,19.25,5.085,24.0,16.89,20.052083333333336,-0.26595145903240236,0.21288577429981437,-0.26137946516008137,-0.43738171699084943,0.6043414972261254,-0.5224434019062709,-0.27887118551257933
23,4,RJ Barrett,33.3,NY,PG/SG,5200,31.0,29.8,5.71,30.333333333333332,26.140000000000004,30.454945054945057,0.7140843829534016,0.8499262432172335,0.5755681792302056,0.4688982268217768,1.1688627539287026,0.8043901599809017,0.46462158503283096
23,5,Davis Bertans,25.8,WAS,SF/PF,5900,25.5,27.950000000000003,4.745,34.333333333333336,28.310000000000002,20.758980582524273,0.5422297566336163,0.2659724800429326,-0.20450703876733042,0.6815066028297115,0.29724193357992346,0.2750682602918702,0.3793565348222796
23,6,Mitchell Robinson,20.0,NY,C,5800,23.0,28.0,4.8149999999999995,23.666666666666668,24.98,27.211267605633804,0.5468744762638805,0.0005389513273413156,0.3146026609898705,0.35524582305716607,0.3604683143306116,-0.13427400880098106,0.3828135749129384
23,7,Justin Anderson,3.3,BKN,SF/PF,3000,0.0,2.9,0.96,2.0,2.18,0.0,-1.7847747781288852,-2.441449512856099,-1.8746416962715164,-1.8786117681782795,-3.1214987970108847,-1.312897438775225,-1.247391372409921
24,0,Frank Ntilikina,17.3,NY,PG/SG,3500,18.5,15.100000000000001,4.285,19.666666666666668,17.119999999999997,14.204237288135593,-0.6514631883443535,-0.47724140036072304,-0.7318597140821081,-0.41484718865821146,-0.11824571135317337,-0.3248298926890324,-0.5101631463237705
24,1,Kadeem Allen,3.5,NY,PG/SG,3300,0.0,7.15,2.16,7.666666666666667,8.09,0.0,-1.3899736095564048,-2.441449512856099,-1.8746416962715164,-1.299572366239618,-2.037617984141936,-1.2987821881168509,-1.022182231811366
24,2,Buddy Hield,27.8,SAC,SG/SF,6600,34.5,37.65,5.73,36.0,36.970000000000006,36.081250000000004,1.4433053649049237,1.2215331834190615,1.0282246497668155,1.5299805826586135,1.1869274341431855,0.416220766875612,1.0726295894726585
24,3,LaMarcus Aldridge,39.8,SA,PF/C,7400,32.5,39.4,5.32,33.0,38.7,38.8030303030303,1.6058705519641803,1.0091863604465883,1.2472016653351965,1.6994794262041097,0.8166014897462948,1.2631358063780624,1.2376124039984449
24,4,Emmanuel Mudiay,25.8,UTA,PG,4400,18.5,15.7,3.54,19.0,16.28,15.286842105263158,-0.59572655278118,-0.47724140036072304,-0.6447602624362092,-0.49714720517741173,-0.7911550493426456,0.2750682602918702,-0.42241872028935773
24,5,Vince Carter,3.5,ATL,SF/PF,3000,12.0,10.95,3.665,15.333333333333334,9.85,8.569565217391304,-1.036974917656305,-1.1673685750212606,-1.18518934997681,-1.1271342363898642,-0.6782507980021301,-1.2987821881168509,-0.8225471824677141
24,6,Alex Len,29.5,ATL,C,5200,22.5,25.700000000000003,4.925000000000001,21.666666666666668,23.52,26.68846153846154,0.33321737327171497,-0.05254775441577695,0.27254103236284055,0.21220055624998393,0.4598240555102663,0.5362003974717925,0.21950231690642433
24,7,Myles Turner,56.0,IND,C,6100,33.0,32.5,5.35,31.0,28.720000000000006,34.596774193548384,0.964899242987683,1.0622730661897066,0.9087932315078437,0.7216768489878932,0.8436985100680179,2.4064711097063713,0.7030811546333262
25,0,Donovan Mitchell,14.3,UTA,PG/SG,8200,33.5,40.2,4.885,35.0,40.260000000000005,38.47714285714286,1.6801860660484123,1.1153597719328248,1.2209828481028935,1.8523223140254825,0.4236946950813005,-0.5365586525646451,1.3300809686830621
25,1,Joe Ingles,18.0,UTA,SG/SF,5600,31.0,29.1,5.21,29.0,26.9,31.10689655172414,0.649058308129699,0.8499262432172335,0.6280200222026449,0.5433601465296244,0.7172457485666408,-0.27542651538472285,0.46899616010316
25,2,Rodions Kurucs,26.8,BKN,SF/PF,3100,21.5,15.9,5.140000000000001,14.666666666666666,10.68,23.30795454545455,-0.577147674260122,-0.1587211659020135,0.0005670851590373225,-1.0458139819720826,0.6540193678159527,0.3456445135837411,-0.5255896520796609
25,3,Bojan Bogdanovic,24.8,UTA,SF/PF,6300,32.5,30.9,4.9,33.0,30.5,30.43181818181818,0.8162682148192199,1.0091863604465883,0.5737075391002459,0.8960745030404843,0.43724320524216287,0.2044920069999993,0.6300222769661555
25,4,E'Twaun Moore,25.0,NO,SG/SF,4700,24.5,21.95,4.695,23.0,20.47,23.381521739130434,-0.015136598998120851,0.15979906855669612,0.006485830509994122,-0.0866268846828279,0.25208023304371746,0.21860725765837344,-0.03604681993407451
25,5,Tim Hardaway Jr.,35.3,DAL,SG/SF,5000,29.0,23.9,4.775,26.666666666666668,23.46,25.991249999999997,0.16600746658219354,0.6375794202447604,0.2164478562375783,0.20632198364146973,0.3243389539016474,0.9455426665646435,0.12285422895894249
25,6,Khem Birch,22.3,ORL,PF/C,4100,29.5,19.25,4.68,22.0,16.07,25.8125,-0.26595145903240236,0.6906661259878788,0.2020667757773852,-0.5177222093072119,0.2385317228828551,0.02805137377032206,-0.2193488909623537
25,7,Luke Kornet,5.0,CHI,PF/C,3000,0.0,2.15,0.71,5.333333333333333,5.01,0.0,-1.8544455725828524,-2.441449512856099,-1.8746416962715164,-1.601339093476687,-3.3473072996919155,-1.1929178081790446,-1.2484924021245405
26,0,Tomas Satoransky,24.8,CHI,PG/SF,5800,33.5,29.15,5.02,30.333333333333332,26.35,32.19313186813187,0.6537030277599633,1.1153597719328248,0.7154115605744668,0.4894732309515767,0.545631286529057,0.2044920069999993,0.48909119570520243
26,1,Allen Crabbe,3.5,ATL,SG/SF,3400,16.5,12.85,3.755,17.666666666666668,11.55,12.00141509433962,-0.860475571706255,-0.6895882233331961,-0.9090846830805951,-0.9605746791486248,-0.5969597370369591,-1.2987821881168509,-0.6744243280097386
26,2,Jared Dudley,12.5,LAL,SF/PF,3000,16.0,10.55,3.49,4.666666666666667,4.85,36.17142857142857,-1.0741326746984206,-0.7426749290763144,1.0354798402087706,-1.6170152870993915,-0.8363167498788516,-0.6635959084900127,-0.7123035810914408
26,3,Maxi Kleber,12.0,DAL,PF/C,5800,25.5,20.8,3.565,26.666666666666668,22.1,19.89,-0.1219651504942036,0.2659724800429326,-0.27441965233727317,0.0730743378484783,-0.7685741990745425,-0.6988840351359482,-0.02973324520955474
26,4,Justin James,1.5,SAC,SG/SF,3000,0.0,6.4,2.125,5.666666666666667,6.1,0.0,-1.459644404010372,-2.441449512856099,-1.8746416962715164,-1.4945450244220098,-2.0692311745172804,-1.4399346947005927,-1.0832782273577983
26,5,Derrick Jones Jr.,20.0,MIA,SF/PF,5300,30.0,23.1,4.345000000000001,30.0,21.620000000000005,23.1,0.09169195249796223,0.743752831730997,-0.01616360603114335,0.026045756980363974,-0.06405167070972549,-0.13427400880098106,0.07185027303754477
26,6,Mo Bamba,10.5,ORL,C,3300,15.5,16.05,4.835,15.333333333333334,16.270000000000003,16.224456521739132,-0.5632135153693286,-0.7957616348194326,-0.569325810050317,-0.4981269672788306,0.3785329945450945,-0.8047484150737545,-0.49057193033646207
26,7,Doug McDermott,29.0,IND,SF/PF,3000,21.0,14.65,4.865,20.0,13.830000000000002,15.3825,-0.6932656650167338,-0.21180787164513173,-0.6370642407250863,-0.7371889200250801,0.4056300148668184,0.500912270825857,-0.5997687797937101
