Lineup Num,,Player Name,Actual FP,team,Pos,Salary,DFN_MinProj,Avg Proj,Avg Value Proj,Avg Skewed Min,Avg Skewed FP,Proj Min Enhanced,Avg Proj Stan,DFN_MinProj Stan,Proj Min Enhanced Stan,Avg Skewed FP Stan,Avg Value Proj Stan,Actual FP Stan,predictions
0,0,Terry Rozier,46.5,CHA,PG/SG,6800,36.5,38.4,5.625,34.333333333333336,32.9,40.82330097087378,1.3477429081978354,1.2860793609662724,1.3817808221265604,0.9521108855948228,0.8881064466755503,1.6238272207541382,0.9997114494729081
0,1,Collin Sexton,40.8,CLE,PG/SG,6500,36.0,35.1,5.404999999999999,34.666666666666664,31.22,36.45,1.0647194876845316,1.2374557058574231,1.041764663750509,0.797519238193532,0.7242882635568477,1.2357481880314858,0.7909022954118164
0,2,Khris Middleton,76.5,MIL,SF,7000,31.5,45.15,6.43,30.333333333333332,37.25000000000001,46.886538461538464,1.9266544501568663,0.7998428098777807,1.853186456595288,1.3523928297588803,1.4875320712689826,3.666348445610203,1.3956224033300237
0,3,Ersan Ilyasova,22.3,MIL,PF,3300,26.0,28.6,8.655000000000001,16.333333333333332,19.560000000000002,45.5265306122449,0.5072491139462056,0.2649826036804398,1.7474483316965386,-0.2754204098416171,3.1443296050831293,-0.023806567296420743,0.19827211036460163
0,4,Bradley Beal,60.5,WAS,SG/SF,8300,35.0,43.6,5.25,34.333333333333336,46.34,44.44660194174757,1.7937192071884964,1.1402083956397249,1.6634858511107826,2.1888440648051497,0.6088709072686718,2.577003792353635,1.457780161098902
0,5,Jaylen Brown,37.8,BOS,SG/SF,6400,35.5,35.75,5.585,33.666666666666664,34.790000000000006,37.69678217821782,1.120466525058364,1.188832050748574,1.1386996996404921,1.1260264889212757,0.8583213224721499,1.0314960655458791,0.8603122946739632
0,6,Marc Gasol,17.8,TOR,C,4900,28.5,28.4,5.8100000000000005,29.666666666666668,26.3,27.28314606741573,0.4900961793696415,0.5081008792246856,0.32905852271193337,0.34478655651832335,1.0258626461162774,-0.33018475102483047,0.2996356270179819
0,7,Eric Bledsoe,60.0,MIL,PG,6600,29.0,40.8,6.18,27.666666666666668,31.419999999999998,42.766265060240954,1.553578123116602,0.5567245343335349,1.532842729351586,0.8159230057413047,1.3013750449977302,2.542961771939367,1.089496147936643
1,0,Terry Rozier,46.5,CHA,PG/SG,6800,36.5,38.4,5.625,34.333333333333336,32.9,40.82330097087378,1.3477429081978354,1.2860793609662724,1.3817808221265604,0.9521108855948228,0.8881064466755503,1.6238272207541382,0.9997114494729081
1,1,Collin Sexton,40.8,CLE,PG/SG,6500,36.0,35.1,5.404999999999999,34.666666666666664,31.22,36.45,1.0647194876845316,1.2374557058574231,1.041764663750509,0.797519238193532,0.7242882635568477,1.2357481880314858,0.7909022954118164
1,2,Khris Middleton,76.5,MIL,SF,7000,31.5,45.15,6.43,30.333333333333332,37.25000000000001,46.886538461538464,1.9266544501568663,0.7998428098777807,1.853186456595288,1.3523928297588803,1.4875320712689826,3.666348445610203,1.3956224033300237
1,3,Ersan Ilyasova,22.3,MIL,PF,3300,26.0,28.6,8.655000000000001,16.333333333333332,19.560000000000002,45.5265306122449,0.5072491139462056,0.2649826036804398,1.7474483316965386,-0.2754204098416171,3.1443296050831293,-0.023806567296420743,0.19827211036460163
1,4,Eric Bledsoe,60.0,MIL,PG,6600,29.0,40.8,6.18,27.666666666666668,31.419999999999998,42.766265060240954,1.553578123116602,0.5567245343335349,1.532842729351586,0.8159230057413047,1.3013750449977302,2.542961771939367,1.089496147936643
1,5,Pascal Siakam,41.3,TOR,PF/C,8000,34.0,42.2,5.295,34.666666666666664,42.7,41.38846153846154,1.6736486651525495,1.0429610854220266,1.425721023438254,1.8538954954356863,0.6423791719974972,1.2697902084457535,1.3235272387502213
1,6,Marc Gasol,17.8,TOR,C,4900,28.5,28.4,5.8100000000000005,29.666666666666668,26.3,27.28314606741573,0.4900961793696415,0.5081008792246856,0.32905852271193337,0.34478655651832335,1.0258626461162774,-0.33018475102483047,0.2996356270179819
1,7,Jaylen Brown,37.8,BOS,SG/SF,6400,35.5,35.75,5.585,33.666666666666664,34.790000000000006,37.69678217821782,1.120466525058364,1.188832050748574,1.1386996996404921,1.1260264889212757,0.8583213224721499,1.0314960655458791,0.8603122946739632
2,0,Marcus Smart,34.5,BOS,PG/SG,5800,35.5,31.55,5.42,32.333333333333336,30.51,34.63994845360825,0.7602548989505228,1.188832050748574,0.9010364638471322,0.7321858633989391,0.7354576851331234,0.8068187308117123,0.5819525041700943
2,1,Bradley Beal,60.5,WAS,SG/SF,8300,35.0,43.6,5.25,34.333333333333336,46.34,44.44660194174757,1.7937192071884964,1.1402083956397249,1.6634858511107826,2.1888440648051497,0.6088709072686718,2.577003792353635,1.457780161098902
2,2,Jaylen Brown,37.8,BOS,SG/SF,6400,35.5,35.75,5.585,33.666666666666664,34.790000000000006,37.69678217821782,1.120466525058364,1.188832050748574,1.1386996996404921,1.1260264889212757,0.8583213224721499,1.0314960655458791,0.8603122946739632
2,3,Brandon Ingram,38.8,NO,SF/PF,7600,34.5,39.75,5.215,34.0,40.65,40.33455882352941,1.4635252165896417,1.0915847405308756,1.3437820133358425,1.6652568780710155,0.5828089235906964,1.0995801063744146,1.1697202660566735
2,4,Eric Bledsoe,60.0,MIL,PG,6600,29.0,40.8,6.18,27.666666666666668,31.419999999999998,42.766265060240954,1.553578123116602,0.5567245343335349,1.532842729351586,0.8159230057413047,1.3013750449977302,2.542961771939367,1.089496147936643
2,5,Khris Middleton,76.5,MIL,SF,7000,31.5,45.15,6.43,30.333333333333332,37.25000000000001,46.886538461538464,1.9266544501568663,0.7998428098777807,1.853186456595288,1.3523928297588803,1.4875320712689826,3.666348445610203,1.3956224033300237
2,6,Marc Gasol,17.8,TOR,C,4900,28.5,28.4,5.8100000000000005,29.666666666666668,26.3,27.28314606741573,0.4900961793696415,0.5081008792246856,0.32905852271193337,0.34478655651832335,1.0258626461162774,-0.33018475102483047,0.2996356270179819
2,7,Ersan Ilyasova,22.3,MIL,PF,3300,26.0,28.6,8.655000000000001,16.333333333333332,19.560000000000002,45.5265306122449,0.5072491139462056,0.2649826036804398,1.7474483316965386,-0.2754204098416171,3.1443296050831293,-0.023806567296420743,0.19827211036460163
3,0,Eric Bledsoe,60.0,MIL,PG,6600,29.0,40.8,6.18,27.666666666666668,31.419999999999998,42.766265060240954,1.553578123116602,0.5567245343335349,1.532842729351586,0.8159230057413047,1.3013750449977302,2.542961771939367,1.089496147936643
3,1,Jaylen Brown,37.8,BOS,SG/SF,6400,35.5,35.75,5.585,33.666666666666664,34.790000000000006,37.69678217821782,1.120466525058364,1.188832050748574,1.1386996996404921,1.1260264889212757,0.8583213224721499,1.0314960655458791,0.8603122946739632
3,2,Khris Middleton,76.5,MIL,SF,7000,31.5,45.15,6.43,30.333333333333332,37.25000000000001,46.886538461538464,1.9266544501568663,0.7998428098777807,1.853186456595288,1.3523928297588803,1.4875320712689826,3.666348445610203,1.3956224033300237
3,3,Brandon Ingram,38.8,NO,SF/PF,7600,34.5,39.75,5.215,34.0,40.65,40.33455882352941,1.4635252165896417,1.0915847405308756,1.3437820133358425,1.6652568780710155,0.5828089235906964,1.0995801063744146,1.1697202660566735
3,4,Kyle Lowry,40.5,TOR,PG,7200,34.0,39.8,5.529999999999999,35.666666666666664,39.67999999999999,37.94018691588785,1.4678134502337825,1.0429610854220266,1.1576239731776408,1.5759986054643174,0.8173667766924739,1.2153229757829254,1.1305239809477756
3,5,Ersan Ilyasova,22.3,MIL,PF,3300,26.0,28.6,8.655000000000001,16.333333333333332,19.560000000000002,45.5265306122449,0.5072491139462056,0.2649826036804398,1.7474483316965386,-0.2754204098416171,3.1443296050831293,-0.023806567296420743,0.19827211036460163
3,6,Marc Gasol,17.8,TOR,C,4900,28.5,28.4,5.8100000000000005,29.666666666666668,26.3,27.28314606741573,0.4900961793696415,0.5081008792246856,0.32905852271193337,0.34478655651832335,1.0258626461162774,-0.33018475102483047,0.2996356270179819
3,7,Collin Sexton,40.8,CLE,PG/SG,6500,36.0,35.1,5.404999999999999,34.666666666666664,31.22,36.45,1.0647194876845316,1.2374557058574231,1.041764663750509,0.797519238193532,0.7242882635568477,1.2357481880314858,0.7909022954118164
4,0,Eric Bledsoe,60.0,MIL,PG,6600,29.0,40.8,6.18,27.666666666666668,31.419999999999998,42.766265060240954,1.553578123116602,0.5567245343335349,1.532842729351586,0.8159230057413047,1.3013750449977302,2.542961771939367,1.089496147936643
4,1,Bradley Beal,60.5,WAS,SG/SF,8300,35.0,43.6,5.25,34.333333333333336,46.34,44.44660194174757,1.7937192071884964,1.1402083956397249,1.6634858511107826,2.1888440648051497,0.6088709072686718,2.577003792353635,1.457780161098902
4,2,Khris Middleton,76.5,MIL,SF,7000,31.5,45.15,6.43,30.333333333333332,37.25000000000001,46.886538461538464,1.9266544501568663,0.7998428098777807,1.853186456595288,1.3523928297588803,1.4875320712689826,3.666348445610203,1.3956224033300237
4,3,Davis Bertans,26.3,WAS,PF,5300,30.0,28.5,5.369999999999999,29.0,27.54,29.482758620689655,0.49867264665792355,0.6539718445512331,0.5000743789864007,0.45888991531451406,0.6982262798788723,0.24852959601772123,0.35580219118025885
4,4,Jaylen Brown,37.8,BOS,SG/SF,6400,35.5,35.75,5.585,33.666666666666664,34.790000000000006,37.69678217821782,1.120466525058364,1.188832050748574,1.1386996996404921,1.1260264889212757,0.8583213224721499,1.0314960655458791,0.8603122946739632
4,5,Ersan Ilyasova,22.3,MIL,PF,3300,26.0,28.6,8.655000000000001,16.333333333333332,19.560000000000002,45.5265306122449,0.5072491139462056,0.2649826036804398,1.7474483316965386,-0.2754204098416171,3.1443296050831293,-0.023806567296420743,0.19827211036460163
4,6,Pascal Siakam,41.3,TOR,PF/C,8000,34.0,42.2,5.295,34.666666666666664,42.7,41.38846153846154,1.6736486651525495,1.0429610854220266,1.425721023438254,1.8538954954356863,0.6423791719974972,1.2697902084457535,1.3235272387502213
4,7,Marc Gasol,17.8,TOR,C,4900,28.5,28.4,5.8100000000000005,29.666666666666668,26.3,27.28314606741573,0.4900961793696415,0.5081008792246856,0.32905852271193337,0.34478655651832335,1.0258626461162774,-0.33018475102483047,0.2996356270179819
5,0,Terry Rozier,46.5,CHA,PG/SG,6800,36.5,38.4,5.625,34.333333333333336,32.9,40.82330097087378,1.3477429081978354,1.2860793609662724,1.3817808221265604,0.9521108855948228,0.8881064466755503,1.6238272207541382,0.9997114494729081
5,1,Jaylen Brown,37.8,BOS,SG/SF,6400,35.5,35.75,5.585,33.666666666666664,34.790000000000006,37.69678217821782,1.120466525058364,1.188832050748574,1.1386996996404921,1.1260264889212757,0.8583213224721499,1.0314960655458791,0.8603122946739632
5,2,Jimmy Butler,35.0,MIA,SG/SF,8100,34.0,40.75,5.005,32.333333333333336,42.25000000000001,42.850515463917525,1.5492898894724612,1.0429610854220266,1.5393930442717174,1.812487018453198,0.42643702152284446,0.84086075122598,1.2659235576299297
5,3,Ersan Ilyasova,22.3,MIL,PF,3300,26.0,28.6,8.655000000000001,16.333333333333332,19.560000000000002,45.5265306122449,0.5072491139462056,0.2649826036804398,1.7474483316965386,-0.2754204098416171,3.1443296050831293,-0.023806567296420743,0.19827211036460163
5,4,Eric Bledsoe,60.0,MIL,PG,6600,29.0,40.8,6.18,27.666666666666668,31.419999999999998,42.766265060240954,1.553578123116602,0.5567245343335349,1.532842729351586,0.8159230057413047,1.3013750449977302,2.542961771939367,1.089496147936643
5,5,Khris Middleton,76.5,MIL,SF,7000,31.5,45.15,6.43,30.333333333333332,37.25000000000001,46.886538461538464,1.9266544501568663,0.7998428098777807,1.853186456595288,1.3523928297588803,1.4875320712689826,3.666348445610203,1.3956224033300237
5,6,Marc Gasol,17.8,TOR,C,4900,28.5,28.4,5.8100000000000005,29.666666666666668,26.3,27.28314606741573,0.4900961793696415,0.5081008792246856,0.32905852271193337,0.34478655651832335,1.0258626461162774,-0.33018475102483047,0.2996356270179819
5,7,Collin Sexton,40.8,CLE,PG/SG,6500,36.0,35.1,5.404999999999999,34.666666666666664,31.22,36.45,1.0647194876845316,1.2374557058574231,1.041764663750509,0.797519238193532,0.7242882635568477,1.2357481880314858,0.7909022954118164
6,0,Eric Bledsoe,60.0,MIL,PG,6600,29.0,40.8,6.18,27.666666666666668,31.419999999999998,42.766265060240954,1.553578123116602,0.5567245343335349,1.532842729351586,0.8159230057413047,1.3013750449977302,2.542961771939367,1.089496147936643
6,1,Collin Sexton,40.8,CLE,PG/SG,6500,36.0,35.1,5.404999999999999,34.666666666666664,31.22,36.45,1.0647194876845316,1.2374557058574231,1.041764663750509,0.797519238193532,0.7242882635568477,1.2357481880314858,0.7909022954118164
6,2,Khris Middleton,76.5,MIL,SF,7000,31.5,45.15,6.43,30.333333333333332,37.25000000000001,46.886538461538464,1.9266544501568663,0.7998428098777807,1.853186456595288,1.3523928297588803,1.4875320712689826,3.666348445610203,1.3956224033300237
6,3,Jaren Jackson Jr.,27.5,MEM,PF/C,6300,31.5,32.15,5.09,29.666666666666668,31.53,34.13679775280899,0.8117137026802143,0.7998428098777807,0.8619174163566045,0.82604507789258,0.4897304104550702,0.3302304450119638,0.6363543779751895
6,4,Terry Rozier,46.5,CHA,PG/SG,6800,36.5,38.4,5.625,34.333333333333336,32.9,40.82330097087378,1.3477429081978354,1.2860793609662724,1.3817808221265604,0.9521108855948228,0.8881064466755503,1.6238272207541382,0.9997114494729081
6,5,Ersan Ilyasova,22.3,MIL,PF,3300,26.0,28.6,8.655000000000001,16.333333333333332,19.560000000000002,45.5265306122449,0.5072491139462056,0.2649826036804398,1.7474483316965386,-0.2754204098416171,3.1443296050831293,-0.023806567296420743,0.19827211036460163
6,6,Marc Gasol,17.8,TOR,C,4900,28.5,28.4,5.8100000000000005,29.666666666666668,26.3,27.28314606741573,0.4900961793696415,0.5081008792246856,0.32905852271193337,0.34478655651832335,1.0258626461162774,-0.33018475102483047,0.2996356270179819
6,7,Bradley Beal,60.5,WAS,SG/SF,8300,35.0,43.6,5.25,34.333333333333336,46.34,44.44660194174757,1.7937192071884964,1.1402083956397249,1.6634858511107826,2.1888440648051497,0.6088709072686718,2.577003792353635,1.457780161098902
7,0,Terry Rozier,46.5,CHA,PG/SG,6800,36.5,38.4,5.625,34.333333333333336,32.9,40.82330097087378,1.3477429081978354,1.2860793609662724,1.3817808221265604,0.9521108855948228,0.8881064466755503,1.6238272207541382,0.9997114494729081
7,1,Collin Sexton,40.8,CLE,PG/SG,6500,36.0,35.1,5.404999999999999,34.666666666666664,31.22,36.45,1.0647194876845316,1.2374557058574231,1.041764663750509,0.797519238193532,0.7242882635568477,1.2357481880314858,0.7909022954118164
7,2,Jaylen Brown,37.8,BOS,SG/SF,6400,35.5,35.75,5.585,33.666666666666664,34.790000000000006,37.69678217821782,1.120466525058364,1.188832050748574,1.1386996996404921,1.1260264889212757,0.8583213224721499,1.0314960655458791,0.8603122946739632
7,3,Ersan Ilyasova,22.3,MIL,PF,3300,26.0,28.6,8.655000000000001,16.333333333333332,19.560000000000002,45.5265306122449,0.5072491139462056,0.2649826036804398,1.7474483316965386,-0.2754204098416171,3.1443296050831293,-0.023806567296420743,0.19827211036460163
7,4,Eric Bledsoe,60.0,MIL,PG,6600,29.0,40.8,6.18,27.666666666666668,31.419999999999998,42.766265060240954,1.553578123116602,0.5567245343335349,1.532842729351586,0.8159230057413047,1.3013750449977302,2.542961771939367,1.089496147936643
7,5,Brandon Ingram,38.8,NO,SF/PF,7600,34.5,39.75,5.215,34.0,40.65,40.33455882352941,1.4635252165896417,1.0915847405308756,1.3437820133358425,1.6652568780710155,0.5828089235906964,1.0995801063744146,1.1697202660566735
7,6,Serge Ibaka,43.0,TOR,C,5400,23.5,28.3,5.245,24.0,28.98,27.710416666666667,0.48151971208135974,0.02186432813619395,0.36227803097626193,0.5913970416584777,0.6051477667432469,1.385533077854264,0.35147951925175297
7,7,Khris Middleton,76.5,MIL,SF,7000,31.5,45.15,6.43,30.333333333333332,37.25000000000001,46.886538461538464,1.9266544501568663,0.7998428098777807,1.853186456595288,1.3523928297588803,1.4875320712689826,3.666348445610203,1.3956224033300237
8,0,Collin Sexton,40.8,CLE,PG/SG,6500,36.0,35.1,5.404999999999999,34.666666666666664,31.22,36.45,1.0647194876845316,1.2374557058574231,1.041764663750509,0.797519238193532,0.7242882635568477,1.2357481880314858,0.7909022954118164
8,1,Delon Wright,5.0,DAL,PG/SG,4100,24.5,24.450000000000003,5.98,24.666666666666668,22.169999999999998,24.2847972972973,0.15132572148250525,0.11911163835389228,0.09594238525031808,-0.03525124334318351,1.1524494239807288,-1.2016604736300849,0.01591049655637952
8,2,Jaylen Brown,37.8,BOS,SG/SF,6400,35.5,35.75,5.585,33.666666666666664,34.790000000000006,37.69678217821782,1.120466525058364,1.188832050748574,1.1386996996404921,1.1260264889212757,0.8583213224721499,1.0314960655458791,0.8603122946739632
8,3,Ersan Ilyasova,22.3,MIL,PF,3300,26.0,28.6,8.655000000000001,16.333333333333332,19.560000000000002,45.5265306122449,0.5072491139462056,0.2649826036804398,1.7474483316965386,-0.2754204098416171,3.1443296050831293,-0.023806567296420743,0.19827211036460163
8,4,Eric Bledsoe,60.0,MIL,PG,6600,29.0,40.8,6.18,27.666666666666668,31.419999999999998,42.766265060240954,1.553578123116602,0.5567245343335349,1.532842729351586,0.8159230057413047,1.3013750449977302,2.542961771939367,1.089496147936643
8,5,Brandon Ingram,38.8,NO,SF/PF,7600,34.5,39.75,5.215,34.0,40.65,40.33455882352941,1.4635252165896417,1.0915847405308756,1.3437820133358425,1.6652568780710155,0.5828089235906964,1.0995801063744146,1.1697202660566735
8,6,Pascal Siakam,41.3,TOR,PF/C,8000,34.0,42.2,5.295,34.666666666666664,42.7,41.38846153846154,1.6736486651525495,1.0429610854220266,1.425721023438254,1.8538954954356863,0.6423791719974972,1.2697902084457535,1.3235272387502213
8,7,Khris Middleton,76.5,MIL,SF,7000,31.5,45.15,6.43,30.333333333333332,37.25000000000001,46.886538461538464,1.9266544501568663,0.7998428098777807,1.853186456595288,1.3523928297588803,1.4875320712689826,3.666348445610203,1.3956224033300237
9,0,Eric Bledsoe,60.0,MIL,PG,6600,29.0,40.8,6.18,27.666666666666668,31.419999999999998,42.766265060240954,1.553578123116602,0.5567245343335349,1.532842729351586,0.8159230057413047,1.3013750449977302,2.542961771939367,1.089496147936643
9,1,Donte DiVincenzo,29.3,MIL,PG/SG,4300,25.5,26.5,6.165,23.333333333333332,23.82,28.960714285714285,0.32714330089228477,0.21635894857159063,0.4594863859663729,0.1165798389259416,1.2902056234214554,0.4527817185033277,0.16178799334778116
9,2,Khris Middleton,76.5,MIL,SF,7000,31.5,45.15,6.43,30.333333333333332,37.25000000000001,46.886538461538464,1.9266544501568663,0.7998428098777807,1.853186456595288,1.3523928297588803,1.4875320712689826,3.666348445610203,1.3956224033300237
9,3,Ersan Ilyasova,22.3,MIL,PF,3300,26.0,28.6,8.655000000000001,16.333333333333332,19.560000000000002,45.5265306122449,0.5072491139462056,0.2649826036804398,1.7474483316965386,-0.2754204098416171,3.1443296050831293,-0.023806567296420743,0.19827211036460163
9,4,Jaylen Brown,37.8,BOS,SG/SF,6400,35.5,35.75,5.585,33.666666666666664,34.790000000000006,37.69678217821782,1.120466525058364,1.188832050748574,1.1386996996404921,1.1260264889212757,0.8583213224721499,1.0314960655458791,0.8603122946739632
9,5,Bradley Beal,60.5,WAS,SG/SF,8300,35.0,43.6,5.25,34.333333333333336,46.34,44.44660194174757,1.7937192071884964,1.1402083956397249,1.6634858511107826,2.1888440648051497,0.6088709072686718,2.577003792353635,1.457780161098902
9,6,Al Horford,41.3,PHI,PF/C,6800,31.0,32.85,4.84,33.0,31.110000000000003,30.85909090909091,0.871748973698188,0.7512191547689315,0.607081699193227,0.7873971660422574,0.30357338418381785,1.2697902084457535,0.6623017386951524
9,7,Terry Rozier,46.5,CHA,PG/SG,6800,36.5,38.4,5.625,34.333333333333336,32.9,40.82330097087378,1.3477429081978354,1.2860793609662724,1.3817808221265604,0.9521108855948228,0.8881064466755503,1.6238272207541382,0.9997114494729081
10,0,Malik Monk,18.0,CHA,PG/SG,4800,26.0,25.6,5.3149999999999995,23.333333333333332,19.8,28.525714285714287,0.24995509529774745,0.2649826036804398,0.42566593091911137,-0.25333588878429,0.657271734099197,-0.31656794285912343,0.11509635754934637
10,1,Bradley Beal,60.5,WAS,SG/SF,8300,35.0,43.6,5.25,34.333333333333336,46.34,44.44660194174757,1.7937192071884964,1.1402083956397249,1.6634858511107826,2.1888440648051497,0.6088709072686718,2.577003792353635,1.457780161098902
10,2,Khris Middleton,76.5,MIL,SF,7000,31.5,45.15,6.43,30.333333333333332,37.25000000000001,46.886538461538464,1.9266544501568663,0.7998428098777807,1.853186456595288,1.3523928297588803,1.4875320712689826,3.666348445610203,1.3956224033300237
10,3,Ersan Ilyasova,22.3,MIL,PF,3300,26.0,28.6,8.655000000000001,16.333333333333332,19.560000000000002,45.5265306122449,0.5072491139462056,0.2649826036804398,1.7474483316965386,-0.2754204098416171,3.1443296050831293,-0.023806567296420743,0.19827211036460163
10,4,Terry Rozier,46.5,CHA,PG/SG,6800,36.5,38.4,5.625,34.333333333333336,32.9,40.82330097087378,1.3477429081978354,1.2860793609662724,1.3817808221265604,0.9521108855948228,0.8881064466755503,1.6238272207541382,0.9997114494729081
10,5,Jimmy Butler,35.0,MIA,SG/SF,8100,34.0,40.75,5.005,32.333333333333336,42.25000000000001,42.850515463917525,1.5492898894724612,1.0429610854220266,1.5393930442717174,1.812487018453198,0.42643702152284446,0.84086075122598,1.2659235576299297
10,6,Marc Gasol,17.8,TOR,C,4900,28.5,28.4,5.8100000000000005,29.666666666666668,26.3,27.28314606741573,0.4900961793696415,0.5081008792246856,0.32905852271193337,0.34478655651832335,1.0258626461162774,-0.33018475102483047,0.2996356270179819
10,7,Eric Bledsoe,60.0,MIL,PG,6600,29.0,40.8,6.18,27.666666666666668,31.419999999999998,42.766265060240954,1.553578123116602,0.5567245343335349,1.532842729351586,0.8159230057413047,1.3013750449977302,2.542961771939367,1.089496147936643
11,0,Dante Exum,4.8,CLE,PG/SG,3100,27.5,21.6,6.949999999999999,17.0,11.959999999999999,34.94117647058824,-0.09310359623353012,0.4108535690069873,0.9244563916798852,-0.9747635766569807,1.8747386859131872,-1.215277281795792,-0.22671127906070945
11,1,Terry Rozier,46.5,CHA,PG/SG,6800,36.5,38.4,5.625,34.333333333333336,32.9,40.82330097087378,1.3477429081978354,1.2860793609662724,1.3817808221265604,0.9521108855948228,0.8881064466755503,1.6238272207541382,0.9997114494729081
11,2,Bradley Beal,60.5,WAS,SG/SF,8300,35.0,43.6,5.25,34.333333333333336,46.34,44.44660194174757,1.7937192071884964,1.1402083956397249,1.6634858511107826,2.1888440648051497,0.6088709072686718,2.577003792353635,1.457780161098902
11,3,Ersan Ilyasova,22.3,MIL,PF,3300,26.0,28.6,8.655000000000001,16.333333333333332,19.560000000000002,45.5265306122449,0.5072491139462056,0.2649826036804398,1.7474483316965386,-0.2754204098416171,3.1443296050831293,-0.023806567296420743,0.19827211036460163
11,4,Eric Bledsoe,60.0,MIL,PG,6600,29.0,40.8,6.18,27.666666666666668,31.419999999999998,42.766265060240954,1.553578123116602,0.5567245343335349,1.532842729351586,0.8159230057413047,1.3013750449977302,2.542961771939367,1.089496147936643
11,5,Davis Bertans,26.3,WAS,PF,5300,30.0,28.5,5.369999999999999,29.0,27.54,29.482758620689655,0.49867264665792355,0.6539718445512331,0.5000743789864007,0.45888991531451406,0.6982262798788723,0.24852959601772123,0.35580219118025885
11,6,Pascal Siakam,41.3,TOR,PF/C,8000,34.0,42.2,5.295,34.666666666666664,42.7,41.38846153846154,1.6736486651525495,1.0429610854220266,1.425721023438254,1.8538954954356863,0.6423791719974972,1.2697902084457535,1.3235272387502213
11,7,Khris Middleton,76.5,MIL,SF,7000,31.5,45.15,6.43,30.333333333333332,37.25000000000001,46.886538461538464,1.9266544501568663,0.7998428098777807,1.853186456595288,1.3523928297588803,1.4875320712689826,3.666348445610203,1.3956224033300237
12,0,Shake Milton,16.8,PHI,PG/SG,4100,21.0,18.15,4.404999999999999,16.0,11.61,23.821875,-0.3889917176792573,-0.2212539474080519,0.05995102261556302,-1.0069701698655829,-0.020339841528161543,-0.398268791853366,-0.35094451462371057
12,1,Jaylen Brown,37.8,BOS,SG/SF,6400,35.5,35.75,5.585,33.666666666666664,34.790000000000006,37.69678217821782,1.120466525058364,1.188832050748574,1.1386996996404921,1.1260264889212757,0.8583213224721499,1.0314960655458791,0.8603122946739632
12,2,Bradley Beal,60.5,WAS,SG/SF,8300,35.0,43.6,5.25,34.333333333333336,46.34,44.44660194174757,1.7937192071884964,1.1402083956397249,1.6634858511107826,2.1888440648051497,0.6088709072686718,2.577003792353635,1.457780161098902
12,3,Jaren Jackson Jr.,27.5,MEM,PF/C,6300,31.5,32.15,5.09,29.666666666666668,31.53,34.13679775280899,0.8117137026802143,0.7998428098777807,0.8619174163566045,0.82604507789258,0.4897304104550702,0.3302304450119638,0.6363543779751895
12,4,Eric Bledsoe,60.0,MIL,PG,6600,29.0,40.8,6.18,27.666666666666668,31.419999999999998,42.766265060240954,1.553578123116602,0.5567245343335349,1.532842729351586,0.8159230057413047,1.3013750449977302,2.542961771939367,1.089496147936643
12,5,Ersan Ilyasova,22.3,MIL,PF,3300,26.0,28.6,8.655000000000001,16.333333333333332,19.560000000000002,45.5265306122449,0.5072491139462056,0.2649826036804398,1.7474483316965386,-0.2754204098416171,3.1443296050831293,-0.023806567296420743,0.19827211036460163
12,6,Pascal Siakam,41.3,TOR,PF/C,8000,34.0,42.2,5.295,34.666666666666664,42.7,41.38846153846154,1.6736486651525495,1.0429610854220266,1.425721023438254,1.8538954954356863,0.6423791719974972,1.2697902084457535,1.3235272387502213
12,7,Khris Middleton,76.5,MIL,SF,7000,31.5,45.15,6.43,30.333333333333332,37.25000000000001,46.886538461538464,1.9266544501568663,0.7998428098777807,1.853186456595288,1.3523928297588803,1.4875320712689826,3.666348445610203,1.3956224033300237
13,0,Eric Bledsoe,60.0,MIL,PG,6600,29.0,40.8,6.18,27.666666666666668,31.419999999999998,42.766265060240954,1.553578123116602,0.5567245343335349,1.532842729351586,0.8159230057413047,1.3013750449977302,2.542961771939367,1.089496147936643
13,1,Collin Sexton,40.8,CLE,PG/SG,6500,36.0,35.1,5.404999999999999,34.666666666666664,31.22,36.45,1.0647194876845316,1.2374557058574231,1.041764663750509,0.797519238193532,0.7242882635568477,1.2357481880314858,0.7909022954118164
13,2,Jaylen Brown,37.8,BOS,SG/SF,6400,35.5,35.75,5.585,33.666666666666664,34.790000000000006,37.69678217821782,1.120466525058364,1.188832050748574,1.1386996996404921,1.1260264889212757,0.8583213224721499,1.0314960655458791,0.8603122946739632
13,3,Ersan Ilyasova,22.3,MIL,PF,3300,26.0,28.6,8.655000000000001,16.333333333333332,19.560000000000002,45.5265306122449,0.5072491139462056,0.2649826036804398,1.7474483316965386,-0.2754204098416171,3.1443296050831293,-0.023806567296420743,0.19827211036460163
13,4,Terry Rozier,46.5,CHA,PG/SG,6800,36.5,38.4,5.625,34.333333333333336,32.9,40.82330097087378,1.3477429081978354,1.2860793609662724,1.3817808221265604,0.9521108855948228,0.8881064466755503,1.6238272207541382,0.9997114494729081
13,5,Meyers Leonard,4.0,MIA,PF,3300,20.0,16.75,5.0649999999999995,21.666666666666668,15.37,15.46153846153846,-0.5090622597152042,-0.3185012576257502,-0.5900498649224087,-0.6609793399674558,0.4711147078279447,-1.2697445144586204,-0.4736073888876285
13,6,Pascal Siakam,41.3,TOR,PF/C,8000,34.0,42.2,5.295,34.666666666666664,42.7,41.38846153846154,1.6736486651525495,1.0429610854220266,1.425721023438254,1.8538954954356863,0.6423791719974972,1.2697902084457535,1.3235272387502213
13,7,Khris Middleton,76.5,MIL,SF,7000,31.5,45.15,6.43,30.333333333333332,37.25000000000001,46.886538461538464,1.9266544501568663,0.7998428098777807,1.853186456595288,1.3523928297588803,1.4875320712689826,3.666348445610203,1.3956224033300237
14,0,Eric Bledsoe,60.0,MIL,PG,6600,29.0,40.8,6.18,27.666666666666668,31.419999999999998,42.766265060240954,1.553578123116602,0.5567245343335349,1.532842729351586,0.8159230057413047,1.3013750449977302,2.542961771939367,1.089496147936643
14,1,Jaylen Brown,37.8,BOS,SG/SF,6400,35.5,35.75,5.585,33.666666666666664,34.790000000000006,37.69678217821782,1.120466525058364,1.188832050748574,1.1386996996404921,1.1260264889212757,0.8583213224721499,1.0314960655458791,0.8603122946739632
14,2,Khris Middleton,76.5,MIL,SF,7000,31.5,45.15,6.43,30.333333333333332,37.25000000000001,46.886538461538464,1.9266544501568663,0.7998428098777807,1.853186456595288,1.3523928297588803,1.4875320712689826,3.666348445610203,1.3956224033300237
14,3,Ersan Ilyasova,22.3,MIL,PF,3300,26.0,28.6,8.655000000000001,16.333333333333332,19.560000000000002,45.5265306122449,0.5072491139462056,0.2649826036804398,1.7474483316965386,-0.2754204098416171,3.1443296050831293,-0.023806567296420743,0.19827211036460163
14,4,Jimmy Butler,35.0,MIA,SG/SF,8100,34.0,40.75,5.005,32.333333333333336,42.25000000000001,42.850515463917525,1.5492898894724612,1.0429610854220266,1.5393930442717174,1.812487018453198,0.42643702152284446,0.84086075122598,1.2659235576299297
14,5,Jaren Jackson Jr.,27.5,MEM,PF/C,6300,31.5,32.15,5.09,29.666666666666668,31.53,34.13679775280899,0.8117137026802143,0.7998428098777807,0.8619174163566045,0.82604507789258,0.4897304104550702,0.3302304450119638,0.6363543779751895
14,6,Brandon Clarke,24.5,MEM,PF/C,4900,23.0,24.05,4.92,23.333333333333332,24.029999999999998,23.70642857142857,0.11701985232937732,-0.02675932697265522,0.05097527376989205,0.1359037948511027,0.36314363259061866,0.1259783225263573,0.06590550629179277
14,7,Collin Sexton,40.8,CLE,PG/SG,6500,36.0,35.1,5.404999999999999,34.666666666666664,31.22,36.45,1.0647194876845316,1.2374557058574231,1.041764663750509,0.797519238193532,0.7242882635568477,1.2357481880314858,0.7909022954118164
15,0,Collin Sexton,40.8,CLE,PG/SG,6500,36.0,35.1,5.404999999999999,34.666666666666664,31.22,36.45,1.0647194876845316,1.2374557058574231,1.041764663750509,0.797519238193532,0.7242882635568477,1.2357481880314858,0.7909022954118164
15,1,Terry Rozier,46.5,CHA,PG/SG,6800,36.5,38.4,5.625,34.333333333333336,32.9,40.82330097087378,1.3477429081978354,1.2860793609662724,1.3817808221265604,0.9521108855948228,0.8881064466755503,1.6238272207541382,0.9997114494729081
15,2,Jaylen Brown,37.8,BOS,SG/SF,6400,35.5,35.75,5.585,33.666666666666664,34.790000000000006,37.69678217821782,1.120466525058364,1.188832050748574,1.1386996996404921,1.1260264889212757,0.8583213224721499,1.0314960655458791,0.8603122946739632
15,3,Brandon Ingram,38.8,NO,SF/PF,7600,34.5,39.75,5.215,34.0,40.65,40.33455882352941,1.4635252165896417,1.0915847405308756,1.3437820133358425,1.6652568780710155,0.5828089235906964,1.0995801063744146,1.1697202660566735
15,4,Bradley Beal,60.5,WAS,SG/SF,8300,35.0,43.6,5.25,34.333333333333336,46.34,44.44660194174757,1.7937192071884964,1.1402083956397249,1.6634858511107826,2.1888440648051497,0.6088709072686718,2.577003792353635,1.457780161098902
15,5,Ersan Ilyasova,22.3,MIL,PF,3300,26.0,28.6,8.655000000000001,16.333333333333332,19.560000000000002,45.5265306122449,0.5072491139462056,0.2649826036804398,1.7474483316965386,-0.2754204098416171,3.1443296050831293,-0.023806567296420743,0.19827211036460163
15,6,Marc Gasol,17.8,TOR,C,4900,28.5,28.4,5.8100000000000005,29.666666666666668,26.3,27.28314606741573,0.4900961793696415,0.5081008792246856,0.32905852271193337,0.34478655651832335,1.0258626461162774,-0.33018475102483047,0.2996356270179819
15,7,Draymond Green,46.3,GS,PG/SF,5400,30.5,28.85,5.33,29.0,28.369999999999997,30.342241379310344,0.5286902821669105,0.7025954996600823,0.5668975927837053,0.5352655506377707,0.6684411556754726,1.610210412588431,0.39082076693717965
16,0,Marcus Smart,34.5,BOS,PG/SG,5800,35.5,31.55,5.42,32.333333333333336,30.51,34.63994845360825,0.7602548989505228,1.188832050748574,0.9010364638471322,0.7321858633989391,0.7354576851331234,0.8068187308117123,0.5819525041700943
16,1,Jaylen Brown,37.8,BOS,SG/SF,6400,35.5,35.75,5.585,33.666666666666664,34.790000000000006,37.69678217821782,1.120466525058364,1.188832050748574,1.1386996996404921,1.1260264889212757,0.8583213224721499,1.0314960655458791,0.8603122946739632
16,2,Brandon Ingram,38.8,NO,SF/PF,7600,34.5,39.75,5.215,34.0,40.65,40.33455882352941,1.4635252165896417,1.0915847405308756,1.3437820133358425,1.6652568780710155,0.5828089235906964,1.0995801063744146,1.1697202660566735
16,3,Ersan Ilyasova,22.3,MIL,PF,3300,26.0,28.6,8.655000000000001,16.333333333333332,19.560000000000002,45.5265306122449,0.5072491139462056,0.2649826036804398,1.7474483316965386,-0.2754204098416171,3.1443296050831293,-0.023806567296420743,0.19827211036460163
16,4,Terry Rozier,46.5,CHA,PG/SG,6800,36.5,38.4,5.625,34.333333333333336,32.9,40.82330097087378,1.3477429081978354,1.2860793609662724,1.3817808221265604,0.9521108855948228,0.8881064466755503,1.6238272207541382,0.9997114494729081
16,5,Khris Middleton,76.5,MIL,SF,7000,31.5,45.15,6.43,30.333333333333332,37.25000000000001,46.886538461538464,1.9266544501568663,0.7998428098777807,1.853186456595288,1.3523928297588803,1.4875320712689826,3.666348445610203,1.3956224033300237
16,6,Pascal Siakam,41.3,TOR,PF/C,8000,34.0,42.2,5.295,34.666666666666664,42.7,41.38846153846154,1.6736486651525495,1.0429610854220266,1.425721023438254,1.8538954954356863,0.6423791719974972,1.2697902084457535,1.3235272387502213
16,7,Terence Davis,24.5,TOR,PG/SG,3100,18.0,15.1,4.845000000000001,15.0,15.819999999999999,18.119999999999997,-0.6505739699718563,-0.5129958780611469,-0.38335933858582816,-0.6195708629849672,0.3072965247092435,0.1259783225263573,-0.5303259592643438
17,0,Eric Bledsoe,60.0,MIL,PG,6600,29.0,40.8,6.18,27.666666666666668,31.419999999999998,42.766265060240954,1.553578123116602,0.5567245343335349,1.532842729351586,0.8159230057413047,1.3013750449977302,2.542961771939367,1.089496147936643
17,1,Jimmy Butler,35.0,MIA,SG/SF,8100,34.0,40.75,5.005,32.333333333333336,42.25000000000001,42.850515463917525,1.5492898894724612,1.0429610854220266,1.5393930442717174,1.812487018453198,0.42643702152284446,0.84086075122598,1.2659235576299297
17,2,Khris Middleton,76.5,MIL,SF,7000,31.5,45.15,6.43,30.333333333333332,37.25000000000001,46.886538461538464,1.9266544501568663,0.7998428098777807,1.853186456595288,1.3523928297588803,1.4875320712689826,3.666348445610203,1.3956224033300237
17,3,Pascal Siakam,41.3,TOR,PF/C,8000,34.0,42.2,5.295,34.666666666666664,42.7,41.38846153846154,1.6736486651525495,1.0429610854220266,1.425721023438254,1.8538954954356863,0.6423791719974972,1.2697902084457535,1.3235272387502213
17,4,Jaylen Brown,37.8,BOS,SG/SF,6400,35.5,35.75,5.585,33.666666666666664,34.790000000000006,37.69678217821782,1.120466525058364,1.188832050748574,1.1386996996404921,1.1260264889212757,0.8583213224721499,1.0314960655458791,0.8603122946739632
17,5,Ersan Ilyasova,22.3,MIL,PF,3300,26.0,28.6,8.655000000000001,16.333333333333332,19.560000000000002,45.5265306122449,0.5072491139462056,0.2649826036804398,1.7474483316965386,-0.2754204098416171,3.1443296050831293,-0.023806567296420743,0.19827211036460163
17,6,Marc Gasol,17.8,TOR,C,4900,28.5,28.4,5.8100000000000005,29.666666666666668,26.3,27.28314606741573,0.4900961793696415,0.5081008792246856,0.32905852271193337,0.34478655651832335,1.0258626461162774,-0.33018475102483047,0.2996356270179819
17,7,Elie Okobo,2.8,PHO,PG,3100,10.5,9.15,2.965,13.666666666666666,10.25,7.029878048780488,-1.1608737736246317,-1.2423507046938844,-1.2455960533441484,-1.1321157891904372,-1.0926043128505745,-1.351445363452863,-0.8781177912494041
18,0,Eric Bledsoe,60.0,MIL,PG,6600,29.0,40.8,6.18,27.666666666666668,31.419999999999998,42.766265060240954,1.553578123116602,0.5567245343335349,1.532842729351586,0.8159230057413047,1.3013750449977302,2.542961771939367,1.089496147936643
18,1,Bradley Beal,60.5,WAS,SG/SF,8300,35.0,43.6,5.25,34.333333333333336,46.34,44.44660194174757,1.7937192071884964,1.1402083956397249,1.6634858511107826,2.1888440648051497,0.6088709072686718,2.577003792353635,1.457780161098902
18,2,Derrick Jones Jr.,19.0,MIA,SF/PF,3900,23.0,18.4,4.7,23.333333333333332,17.839999999999996,18.13714285714286,-0.3675505494585524,-0.02675932697265522,-0.38202651277115746,-0.433692810752463,0.1993254494719168,-0.24848390203058793,-0.32205574025616196
18,3,Ersan Ilyasova,22.3,MIL,PF,3300,26.0,28.6,8.655000000000001,16.333333333333332,19.560000000000002,45.5265306122449,0.5072491139462056,0.2649826036804398,1.7474483316965386,-0.2754204098416171,3.1443296050831293,-0.023806567296420743,0.19827211036460163
18,4,Collin Sexton,40.8,CLE,PG/SG,6500,36.0,35.1,5.404999999999999,34.666666666666664,31.22,36.45,1.0647194876845316,1.2374557058574231,1.041764663750509,0.797519238193532,0.7242882635568477,1.2357481880314858,0.7909022954118164
18,5,John Collins,44.5,ATL,PF/C,8200,31.5,39.849999999999994,4.875,28.333333333333332,39.13,44.30382352941176,1.472101683877923,0.7998428098777807,1.6523850904760176,1.5253882447079434,0.3296353678617933,1.4876591390970673,1.1996351582860234
18,6,Pascal Siakam,41.3,TOR,PF/C,8000,34.0,42.2,5.295,34.666666666666664,42.7,41.38846153846154,1.6736486651525495,1.0429610854220266,1.425721023438254,1.8538954954356863,0.6423791719974972,1.2697902084457535,1.3235272387502213
18,7,Raul Neto,28.0,PHI,PG,3100,14.0,13.3,4.3,13.333333333333334,10.319999999999999,13.965,-0.8049503811609311,-0.9019851189319402,-0.7064029954165688,-1.125674470548717,-0.09852579256208718,0.36427246542623154,-0.6824893615807684
19,0,Delon Wright,5.0,DAL,PG/SG,4100,24.5,24.450000000000003,5.98,24.666666666666668,22.169999999999998,24.2847972972973,0.15132572148250525,0.11911163835389228,0.09594238525031808,-0.03525124334318351,1.1524494239807288,-1.2016604736300849,0.01591049655637952
19,1,Collin Sexton,40.8,CLE,PG/SG,6500,36.0,35.1,5.404999999999999,34.666666666666664,31.22,36.45,1.0647194876845316,1.2374557058574231,1.041764663750509,0.797519238193532,0.7242882635568477,1.2357481880314858,0.7909022954118164
19,2,Jaylen Brown,37.8,BOS,SG/SF,6400,35.5,35.75,5.585,33.666666666666664,34.790000000000006,37.69678217821782,1.120466525058364,1.188832050748574,1.1386996996404921,1.1260264889212757,0.8583213224721499,1.0314960655458791,0.8603122946739632
19,3,Brandon Clarke,24.5,MEM,PF/C,4900,23.0,24.05,4.92,23.333333333333332,24.029999999999998,23.70642857142857,0.11701985232937732,-0.02675932697265522,0.05097527376989205,0.1359037948511027,0.36314363259061866,0.1259783225263573,0.06590550629179277
19,4,Pat Connaughton,13.8,MIL,SG/SF,3000,12.0,8.9,2.975,13.333333333333334,12.06,8.01,-1.1823149418453365,-1.096479739367337,-1.1693933627877027,-0.9655616928830941,-1.0851580317997243,-0.6025209143389725,-0.8661789074525689
19,5,Jimmy Butler,35.0,MIA,SG/SF,8100,34.0,40.75,5.005,32.333333333333336,42.25000000000001,42.850515463917525,1.5492898894724612,1.0429610854220266,1.5393930442717174,1.812487018453198,0.42643702152284446,0.84086075122598,1.2659235576299297
19,6,Pascal Siakam,41.3,TOR,PF/C,8000,34.0,42.2,5.295,34.666666666666664,42.7,41.38846153846154,1.6736486651525495,1.0429610854220266,1.425721023438254,1.8538954954356863,0.6423791719974972,1.2697902084457535,1.3235272387502213
19,7,Bradley Beal,60.5,WAS,SG/SF,8300,35.0,43.6,5.25,34.333333333333336,46.34,44.44660194174757,1.7937192071884964,1.1402083956397249,1.6634858511107826,2.1888440648051497,0.6088709072686718,2.577003792353635,1.457780161098902
20,0,Eric Bledsoe,60.0,MIL,PG,6600,29.0,40.8,6.18,27.666666666666668,31.419999999999998,42.766265060240954,1.553578123116602,0.5567245343335349,1.532842729351586,0.8159230057413047,1.3013750449977302,2.542961771939367,1.089496147936643
20,1,Jimmy Butler,35.0,MIA,SG/SF,8100,34.0,40.75,5.005,32.333333333333336,42.25000000000001,42.850515463917525,1.5492898894724612,1.0429610854220266,1.5393930442717174,1.812487018453198,0.42643702152284446,0.84086075122598,1.2659235576299297
20,2,Pat Connaughton,13.8,MIL,SG/SF,3000,12.0,8.9,2.975,13.333333333333334,12.06,8.01,-1.1823149418453365,-1.096479739367337,-1.1693933627877027,-0.9655616928830941,-1.0851580317997243,-0.6025209143389725,-0.8661789074525689
20,3,Brandon Ingram,38.8,NO,SF/PF,7600,34.5,39.75,5.215,34.0,40.65,40.33455882352941,1.4635252165896417,1.0915847405308756,1.3437820133358425,1.6652568780710155,0.5828089235906964,1.0995801063744146,1.1697202660566735
20,4,Marcus Smart,34.5,BOS,PG/SG,5800,35.5,31.55,5.42,32.333333333333336,30.51,34.63994845360825,0.7602548989505228,1.188832050748574,0.9010364638471322,0.7321858633989391,0.7354576851331234,0.8068187308117123,0.5819525041700943
20,5,Jaylen Brown,37.8,BOS,SG/SF,6400,35.5,35.75,5.585,33.666666666666664,34.790000000000006,37.69678217821782,1.120466525058364,1.188832050748574,1.1386996996404921,1.1260264889212757,0.8583213224721499,1.0314960655458791,0.8603122946739632
20,6,James Johnson,5.8,MIA,PF/C,3500,14.0,11.3,3.205,16.0,13.76,9.887500000000001,-0.9764797269265699,-0.9019851189319402,-1.0234211688768202,-0.8091296687270262,-0.9138935676301722,-1.1471932409672565,-0.7199365694439425
20,7,Pascal Siakam,41.3,TOR,PF/C,8000,34.0,42.2,5.295,34.666666666666664,42.7,41.38846153846154,1.6736486651525495,1.0429610854220266,1.425721023438254,1.8538954954356863,0.6423791719974972,1.2697902084457535,1.3235272387502213
21,0,Eric Bledsoe,60.0,MIL,PG,6600,29.0,40.8,6.18,27.666666666666668,31.419999999999998,42.766265060240954,1.553578123116602,0.5567245343335349,1.532842729351586,0.8159230057413047,1.3013750449977302,2.542961771939367,1.089496147936643
21,1,Bradley Beal,60.5,WAS,SG/SF,8300,35.0,43.6,5.25,34.333333333333336,46.34,44.44660194174757,1.7937192071884964,1.1402083956397249,1.6634858511107826,2.1888440648051497,0.6088709072686718,2.577003792353635,1.457780161098902
21,2,Isaac Bonga,9.5,WAS,SF/PF,3300,21.0,14.55,4.385,17.333333333333332,13.330000000000002,17.62788461538462,-0.6977445400574069,-0.2212539474080519,-0.4216204104098518,-0.8486977689547373,-0.035232403629861415,-0.8952822899016751,-0.5619204051390934
21,3,Larry Nance Jr.,46.8,CLE,PF/C,5500,23.5,23.15,4.1899999999999995,24.666666666666668,24.55,22.055067567567566,0.039831646734839694,0.02186432813619395,-0.07741502645512413,0.18375359047531206,-0.18043488412143843,1.6442524330026986,0.052508983690308306
21,4,Ja Morant,38.5,MEM,PG,7000,33.0,35.5,5.045,31.666666666666668,34.2,36.99473684210526,1.0990253568376593,0.9457137752043282,1.084116957729838,1.071735374655346,0.4562221457262448,1.0791548941258542,0.8636752598300462
21,5,Maxi Kleber,15.3,DAL,PF/C,4200,21.5,19.1,4.5600000000000005,23.0,20.380000000000003,17.854347826086958,-0.3075152784405786,-0.17263029229920274,-0.4040133096341806,-0.19996496289574892,0.09507751476001575,-0.5003948530961693,-0.2536245113833573
21,6,Marc Gasol,17.8,TOR,C,4900,28.5,28.4,5.8100000000000005,29.666666666666668,26.3,27.28314606741573,0.4900961793696415,0.5081008792246856,0.32905852271193337,0.34478655651832335,1.0258626461162774,-0.33018475102483047,0.2996356270179819
21,7,Khris Middleton,76.5,MIL,SF,7000,31.5,45.15,6.43,30.333333333333332,37.25000000000001,46.886538461538464,1.9266544501568663,0.7998428098777807,1.853186456595288,1.3523928297588803,1.4875320712689826,3.666348445610203,1.3956224033300237
22,0,Terry Rozier,46.5,CHA,PG/SG,6800,36.5,38.4,5.625,34.333333333333336,32.9,40.82330097087378,1.3477429081978354,1.2860793609662724,1.3817808221265604,0.9521108855948228,0.8881064466755503,1.6238272207541382,0.9997114494729081
22,1,Jalen Brunson,19.5,DAL,PG/SG,3000,14.0,12.7,4.234999999999999,16.0,15.580000000000002,11.112499999999999,-0.8564091848906229,-0.9019851189319402,-0.9281796575368307,-0.6416553840422942,-0.14692661939261306,-0.2144418816163202,-0.6738515612900002
22,2,JJ Redick,24.3,NO,SG/SF,4400,24.5,20.7,4.685,26.0,22.44,19.50576923076923,-0.17029180182806775,0.11911163835389228,-0.27561831335569215,-0.010406157153690055,0.18815602789564126,0.11236151436065026,-0.14141336119269554
22,3,John Collins,44.5,ATL,PF/C,8200,31.5,39.849999999999994,4.875,28.333333333333332,39.13,44.30382352941176,1.472101683877923,0.7998428098777807,1.6523850904760176,1.5253882447079434,0.3296353678617933,1.4876591390970673,1.1996351582860234
22,4,Jaylen Brown,37.8,BOS,SG/SF,6400,35.5,35.75,5.585,33.666666666666664,34.790000000000006,37.69678217821782,1.120466525058364,1.188832050748574,1.1386996996404921,1.1260264889212757,0.8583213224721499,1.0314960655458791,0.8603122946739632
22,5,Al Horford,41.3,PHI,PF/C,6800,31.0,32.85,4.84,33.0,31.110000000000003,30.85909090909091,0.871748973698188,0.7512191547689315,0.607081699193227,0.7873971660422574,0.30357338418381785,1.2697902084457535,0.6623017386951524
22,6,Daniel Theis,32.8,BOS,C,5700,29.5,28.4,4.984999999999999,27.0,25.18,31.02962962962963,0.4900961793696415,0.605348189442384,0.6203407730594276,0.24172545825079603,0.4115444594211439,0.6910758614032018,0.3556303740060811
22,7,Eric Bledsoe,60.0,MIL,PG,6600,29.0,40.8,6.18,27.666666666666668,31.419999999999998,42.766265060240954,1.553578123116602,0.5567245343335349,1.532842729351586,0.8159230057413047,1.3013750449977302,2.542961771939367,1.089496147936643
23,0,Collin Sexton,40.8,CLE,PG/SG,6500,36.0,35.1,5.404999999999999,34.666666666666664,31.22,36.45,1.0647194876845316,1.2374557058574231,1.041764663750509,0.797519238193532,0.7242882635568477,1.2357481880314858,0.7909022954118164
23,1,Reggie Bullock,11.5,NY,SG/SF,3900,27.0,18.6,4.77,26.666666666666668,18.119999999999997,18.8325,-0.3503976148819883,0.36222991389813813,-0.3279637656635891,-0.4079275361855811,0.25144941682786703,-0.7591142082446042,-0.30523172293386275
23,2,Jaylen Brown,37.8,BOS,SG/SF,6400,35.5,35.75,5.585,33.666666666666664,34.790000000000006,37.69678217821782,1.120466525058364,1.188832050748574,1.1386996996404921,1.1260264889212757,0.8583213224721499,1.0314960655458791,0.8603122946739632
23,3,Meyers Leonard,4.0,MIA,PF,3300,20.0,16.75,5.0649999999999995,21.666666666666668,15.37,15.46153846153846,-0.5090622597152042,-0.3185012576257502,-0.5900498649224087,-0.6609793399674558,0.4711147078279447,-1.2697445144586204,-0.4736073888876285
23,4,Terry Rozier,46.5,CHA,PG/SG,6800,36.5,38.4,5.625,34.333333333333336,32.9,40.82330097087378,1.3477429081978354,1.2860793609662724,1.3817808221265604,0.9521108855948228,0.8881064466755503,1.6238272207541382,0.9997114494729081
23,5,Bradley Beal,60.5,WAS,SG/SF,8300,35.0,43.6,5.25,34.333333333333336,46.34,44.44660194174757,1.7937192071884964,1.1402083956397249,1.6634858511107826,2.1888440648051497,0.6088709072686718,2.577003792353635,1.457780161098902
23,6,Marc Gasol,17.8,TOR,C,4900,28.5,28.4,5.8100000000000005,29.666666666666668,26.3,27.28314606741573,0.4900961793696415,0.5081008792246856,0.32905852271193337,0.34478655651832335,1.0258626461162774,-0.33018475102483047,0.2996356270179819
23,7,Ersan Ilyasova,22.3,MIL,PF,3300,26.0,28.6,8.655000000000001,16.333333333333332,19.560000000000002,45.5265306122449,0.5072491139462056,0.2649826036804398,1.7474483316965386,-0.2754204098416171,3.1443296050831293,-0.023806567296420743,0.19827211036460163
24,0,Gary Payton II,4.0,WAS,PG/SG,3200,18.5,16.25,5.08,16.0,16.43,18.7890625,-0.551944596156614,-0.46437222295229774,-0.33134095190753254,-0.5634393719642603,0.4822841294042203,-1.2697445144586204,-0.4707595999473322
24,1,Shake Milton,16.8,PHI,PG/SG,4100,21.0,18.15,4.404999999999999,16.0,11.61,23.821875,-0.3889917176792573,-0.2212539474080519,0.05995102261556302,-1.0069701698655829,-0.020339841528161543,-0.398268791853366,-0.35094451462371057
24,2,Khris Middleton,76.5,MIL,SF,7000,31.5,45.15,6.43,30.333333333333332,37.25000000000001,46.886538461538464,1.9266544501568663,0.7998428098777807,1.853186456595288,1.3523928297588803,1.4875320712689826,3.666348445610203,1.3956224033300237
24,3,Ersan Ilyasova,22.3,MIL,PF,3300,26.0,28.6,8.655000000000001,16.333333333333332,19.560000000000002,45.5265306122449,0.5072491139462056,0.2649826036804398,1.7474483316965386,-0.2754204098416171,3.1443296050831293,-0.023806567296420743,0.19827211036460163
24,4,Elie Okobo,2.8,PHO,PG,3100,10.5,9.15,2.965,13.666666666666666,10.25,7.029878048780488,-1.1608737736246317,-1.2423507046938844,-1.2455960533441484,-1.1321157891904372,-1.0926043128505745,-1.351445363452863,-0.8781177912494041
24,5,Brandon Ingram,38.8,NO,SF/PF,7600,34.5,39.75,5.215,34.0,40.65,40.33455882352941,1.4635252165896417,1.0915847405308756,1.3437820133358425,1.6652568780710155,0.5828089235906964,1.0995801063744146,1.1697202660566735
24,6,John Collins,44.5,ATL,PF/C,8200,31.5,39.849999999999994,4.875,28.333333333333332,39.13,44.30382352941176,1.472101683877923,0.7998428098777807,1.6523850904760176,1.5253882447079434,0.3296353678617933,1.4876591390970673,1.1996351582860234
24,7,Eric Bledsoe,60.0,MIL,PG,6600,29.0,40.8,6.18,27.666666666666668,31.419999999999998,42.766265060240954,1.553578123116602,0.5567245343335349,1.532842729351586,0.8159230057413047,1.3013750449977302,2.542961771939367,1.089496147936643
25,0,Jevon Carter,8.5,PHO,PG/SG,3100,15.0,10.9,3.505,12.666666666666666,10.16,12.907894736842106,-1.0107855960796976,-0.8047378087142419,-0.7885909977909487,-1.140397484586935,-0.6905051361046696,-0.9633663307302106,-0.7755179847970769
25,1,Cody Martin,17.0,CHA,SG/SF,3000,0.0,5.0,1.665,10.333333333333334,7.9399999999999995,0.0,-1.5167971660883321,-2.263447461979717,-1.792156224692452,-1.3446793043672123,-2.0606208494610865,-0.3846519836876589,-1.1042349688482982
25,2,Khris Middleton,76.5,MIL,SF,7000,31.5,45.15,6.43,30.333333333333332,37.25000000000001,46.886538461538464,1.9266544501568663,0.7998428098777807,1.853186456595288,1.3523928297588803,1.4875320712689826,3.666348445610203,1.3956224033300237
25,3,Tobias Harris,28.3,PHI,SF/PF,7400,35.0,37.3,5.015000000000001,37.333333333333336,36.0,34.96874999999999,1.253401768026734,1.1402083956397249,0.9266001832016428,1.2373692825853,0.433883302573695,0.38469767767479224,0.9689668278179532
25,4,Terry Rozier,46.5,CHA,PG/SG,6800,36.5,38.4,5.625,34.333333333333336,32.9,40.82330097087378,1.3477429081978354,1.2860793609662724,1.3817808221265604,0.9521108855948228,0.8881064466755503,1.6238272207541382,0.9997114494729081
25,5,Ersan Ilyasova,22.3,MIL,PF,3300,26.0,28.6,8.655000000000001,16.333333333333332,19.560000000000002,45.5265306122449,0.5072491139462056,0.2649826036804398,1.7474483316965386,-0.2754204098416171,3.1443296050831293,-0.023806567296420743,0.19827211036460163
25,6,Marc Gasol,17.8,TOR,C,4900,28.5,28.4,5.8100000000000005,29.666666666666668,26.3,27.28314606741573,0.4900961793696415,0.5081008792246856,0.32905852271193337,0.34478655651832335,1.0258626461162774,-0.33018475102483047,0.2996356270179819
25,7,Bradley Beal,60.5,WAS,SG/SF,8300,35.0,43.6,5.25,34.333333333333336,46.34,44.44660194174757,1.7937192071884964,1.1402083956397249,1.6634858511107826,2.1888440648051497,0.6088709072686718,2.577003792353635,1.457780161098902
26,0,Kyle Lowry,40.5,TOR,PG,7200,34.0,39.8,5.529999999999999,35.666666666666664,39.67999999999999,37.94018691588785,1.4678134502337825,1.0429610854220266,1.1576239731776408,1.5759986054643174,0.8173667766924739,1.2153229757829254,1.1305239809477756
26,1,Marko Guduric,16.5,MEM,SG/SF,3000,0.0,1.65,0.54,9.666666666666666,6.83,0.0,-1.8041088202457771,-2.263447461979717,-1.792156224692452,-1.4468202142573507,-2.898327467681722,-0.4186940041019267,-1.234410163163043
26,2,Khris Middleton,76.5,MIL,SF,7000,31.5,45.15,6.43,30.333333333333332,37.25000000000001,46.886538461538464,1.9266544501568663,0.7998428098777807,1.853186456595288,1.3523928297588803,1.4875320712689826,3.666348445610203,1.3956224033300237
26,3,Derrick Jones Jr.,19.0,MIA,SF/PF,3900,23.0,18.4,4.7,23.333333333333332,17.839999999999996,18.13714285714286,-0.3675505494585524,-0.02675932697265522,-0.38202651277115746,-0.433692810752463,0.1993254494719168,-0.24848390203058793,-0.32205574025616196
26,4,Jimmy Butler,35.0,MIA,SG/SF,8100,34.0,40.75,5.005,32.333333333333336,42.25000000000001,42.850515463917525,1.5492898894724612,1.0429610854220266,1.5393930442717174,1.812487018453198,0.42643702152284446,0.84086075122598,1.2659235576299297
26,5,Ersan Ilyasova,22.3,MIL,PF,3300,26.0,28.6,8.655000000000001,16.333333333333332,19.560000000000002,45.5265306122449,0.5072491139462056,0.2649826036804398,1.7474483316965386,-0.2754204098416171,3.1443296050831293,-0.023806567296420743,0.19827211036460163
26,6,Larry Nance Jr.,46.8,CLE,PF/C,5500,23.5,23.15,4.1899999999999995,24.666666666666668,24.55,22.055067567567566,0.039831646734839694,0.02186432813619395,-0.07741502645512413,0.18375359047531206,-0.18043488412143843,1.6442524330026986,0.052508983690308306
26,7,Ja Morant,38.5,MEM,PG,7000,33.0,35.5,5.045,31.666666666666668,34.2,36.99473684210526,1.0990253568376593,0.9457137752043282,1.084116957729838,1.071735374655346,0.4562221457262448,1.0791548941258542,0.8636752598300462
27,0,Eric Bledsoe,60.0,MIL,PG,6600,29.0,40.8,6.18,27.666666666666668,31.419999999999998,42.766265060240954,1.553578123116602,0.5567245343335349,1.532842729351586,0.8159230057413047,1.3013750449977302,2.542961771939367,1.089496147936643
27,1,Delon Wright,5.0,DAL,PG/SG,4100,24.5,24.450000000000003,5.98,24.666666666666668,22.169999999999998,24.2847972972973,0.15132572148250525,0.11911163835389228,0.09594238525031808,-0.03525124334318351,1.1524494239807288,-1.2016604736300849,0.01591049655637952
27,2,Jimmy Butler,35.0,MIA,SG/SF,8100,34.0,40.75,5.005,32.333333333333336,42.25000000000001,42.850515463917525,1.5492898894724612,1.0429610854220266,1.5393930442717174,1.812487018453198,0.42643702152284446,0.84086075122598,1.2659235576299297
27,3,Brandon Ingram,38.8,NO,SF/PF,7600,34.5,39.75,5.215,34.0,40.65,40.33455882352941,1.4635252165896417,1.0915847405308756,1.3437820133358425,1.6652568780710155,0.5828089235906964,1.0995801063744146,1.1697202660566735
27,4,Malik Beasley,9.8,DEN,PG/SG,3900,21.5,18.1,4.62,20.666666666666668,15.080000000000002,18.82983870967742,-0.393279951323398,-0.17263029229920274,-0.32817067612272116,-0.687664802911726,0.13975520106511602,-0.8748570776531145,-0.3592349603202782
27,5,Ersan Ilyasova,22.3,MIL,PF,3300,26.0,28.6,8.655000000000001,16.333333333333332,19.560000000000002,45.5265306122449,0.5072491139462056,0.2649826036804398,1.7474483316965386,-0.2754204098416171,3.1443296050831293,-0.023806567296420743,0.19827211036460163
27,6,Taj Gibson,10.8,NY,C,3400,17.5,14.6,4.279999999999999,18.0,15.26,14.194444444444445,-0.693456306413266,-0.561619533169996,-0.6885641091655865,-0.6711014121187308,-0.1134183546637877,-0.806773036824579,-0.5569906500132489
27,7,Troy Brown Jr.,32.8,WAS,SF/PF,4500,29.5,25.9,5.755000000000001,27.0,24.28,28.298148148148147,0.275684497162593,0.605348189442384,0.40797307959535367,0.15890850428581893,0.984908100336602,0.6910758614032018,0.15512699724858725
28,0,Collin Sexton,40.8,CLE,PG/SG,6500,36.0,35.1,5.404999999999999,34.666666666666664,31.22,36.45,1.0647194876845316,1.2374557058574231,1.041764663750509,0.797519238193532,0.7242882635568477,1.2357481880314858,0.7909022954118164
28,1,D'Angelo Russell,50.3,GS,PG/SG,7600,34.0,39.1,5.135,33.333333333333336,42.04,39.882000000000005,1.4077781792158093,1.0429610854220266,1.3085963918475252,1.7931630625280361,0.5232386751838956,1.882546575902573,1.1506403292727942
28,2,Solomon Hill,16.3,MEM,SF/PF,3000,20.0,14.100000000000001,4.6899999999999995,17.666666666666668,14.02,15.962264150943398,-0.7363386428546755,-0.3185012576257502,-0.5511193576361356,-0.7852047709149216,0.19187916842106623,-0.43231081226763374,-0.6059072252668859
28,3,Admiral Schofield,0.0,WAS,SF/PF,3900,0.0,8.75,2.245,15.666666666666666,7.410000000000001,0.0,-1.1951796427777595,-2.263447461979717,-1.792156224692452,-1.3934492883688099,-1.628736548511781,-1.5420806777727625,-0.9406574945759648
28,4,Tyler Herro,18.8,MIA,SG,5200,30.5,25.1,4.805,31.0,24.360000000000003,24.69516129032258,0.20707275885633775,0.7025954996600823,0.1278474357770453,0.1662700113049282,0.27751140050584244,-0.262100710196295,0.14265197086323753
28,5,Jaren Jackson Jr.,27.5,MEM,PF/C,6300,31.5,32.15,5.09,29.666666666666668,31.53,34.13679775280899,0.8117137026802143,0.7998428098777807,0.8619174163566045,0.82604507789258,0.4897304104550702,0.3302304450119638,0.6363543779751895
28,6,Marquese Chriss,24.3,GS,PF/C,4300,22.5,22.2,5.16,18.333333333333332,20.060000000000002,27.245454545454546,-0.041644792503838665,-0.07538298208150439,0.326128075759862,-0.2294109909721853,0.5418543778110211,0.11236151436065026,-0.06551850440318213
28,7,Marcus Smart,34.5,BOS,PG/SG,5800,35.5,31.55,5.42,32.333333333333336,30.51,34.63994845360825,0.7602548989505228,1.188832050748574,0.9010364638471322,0.7321858633989391,0.7354576851331234,0.8068187308117123,0.5819525041700943
