Lineup Num,,Player Name,Actual FP,team,Pos,Salary,DFN_MinProj,Avg Proj,Avg Value Proj,Avg Skewed Min,Avg Skewed FP,Proj Min Enhanced,Avg Proj Stan,DFN_MinProj Stan,Proj Min Enhanced Stan,Avg Skewed FP Stan,Avg Value Proj Stan,Actual FP Stan,predictions
0,0,Jalen Brunson,16.8,DAL,PG/SG,3800,25.0,27.5,7.23,18.333333333333332,18.64,37.5,0.252385454870209,0.09016518424618052,0.9022649800205003,-0.40637465215714436,2.0178866911691986,-0.45215167722309624,0.036737702312808485
0,1,Torrey Craig,21.8,DEN,SG/SF,3600,31.0,21.1,5.84,24.0,15.739999999999998,27.25416666666667,-0.2336680878818487,0.703610455635374,0.18132672910041664,-0.6317949163178138,0.9220687516727867,-0.15743158377548194,-0.26738130194990317
0,2,LeBron James,49.5,LAL,PG/SF,10300,35.5,58.45,5.695,34.666666666666664,55.42999999999999,59.85504807692308,2.6029100092727386,1.1636944091772692,2.4752565303884198,2.453353457660449,0.8077568083440246,1.4753177339243013,2.045256810482015
0,3,Anthony Davis,78.3,LAL,PF/C,9600,35.0,53.8,5.585,33.333333333333336,50.65999999999999,56.489999999999995,2.2497617321169465,1.1125739698948365,2.238478144881571,2.082575988678934,0.7210374030601356,3.17290547218256,1.77008569766149
0,4,Malik Beasley,28.5,DEN,PG/SG,3300,24.5,20.4,6.17,20.666666666666668,15.48,24.18387096774193,-0.28683019412035526,0.03904474496374772,-0.0347116875883437,-0.6520050089667012,1.1822269675244528,0.23749334144432122,-0.3415020003885968
0,5,Solomon Hill,11.3,MEM,SF/PF,3000,28.0,21.1,7.05,18.333333333333332,15.760000000000002,32.225454545454554,-0.2336680878818487,0.39688781994077726,0.5311266401036099,-0.6302402938063607,1.8759822097955623,-0.776343780015472,-0.30932394632179205
0,6,Zion Williamson,35.5,NO,PF/C,7000,29.5,39.25,5.585,25.666666666666668,33.21,45.11201298701299,1.1447493810165652,0.5502491377880757,1.4378769844617958,0.726167847436287,0.7210374030601356,0.6501014722709813,0.8603878304532406
0,7,Nikola Jokic,43.5,DEN,C,9400,35.0,49.65,5.29,35.0,49.35000000000001,49.65,1.9345863879886591,1.1125739698948365,1.7571880949790053,1.9807482141787711,0.48847172525334326,1.1216536217871642,1.5407940119091816
1,0,Malik Beasley,28.5,DEN,PG/SG,3300,24.5,20.4,6.17,20.666666666666668,15.48,24.18387096774193,-0.28683019412035526,0.03904474496374772,-0.0347116875883437,-0.6520050089667012,1.1822269675244528,0.23749334144432122,-0.3415020003885968
1,1,Jalen Brunson,16.8,DAL,PG/SG,3800,25.0,27.5,7.23,18.333333333333332,18.64,37.5,0.252385454870209,0.09016518424618052,0.9022649800205003,-0.40637465215714436,2.0178866911691986,-0.45215167722309624,0.036737702312808485
1,2,Solomon Hill,11.3,MEM,SF/PF,3000,28.0,21.1,7.05,18.333333333333332,15.760000000000002,32.225454545454554,-0.2336680878818487,0.39688781994077726,0.5311266401036099,-0.6302402938063607,1.8759822097955623,-0.776343780015472,-0.30932394632179205
1,3,Kristaps Porzingis,56.0,DAL,PF/C,6800,28.0,38.099999999999994,5.6,26.333333333333332,34.779999999999994,40.51139240506329,1.0574116350533045,0.39688781994077726,1.1141587228434708,0.8482057145853386,0.7328627765079384,1.8584538554062,0.7928789794514698
1,4,Will Barton,48.3,DEN,PG/SF,5800,33.5,31.2,5.359999999999999,33.666666666666664,30.98,31.045544554455446,0.5333851592737424,0.959212652047538,0.4481034034883326,0.5528274374092896,0.5436568013430901,1.4045849114968738,0.39584889923857147
1,5,Zion Williamson,35.5,NO,PF/C,7000,29.5,39.25,5.585,25.666666666666668,33.21,45.11201298701299,1.1447493810165652,0.5502491377880757,1.4378769844617958,0.726167847436287,0.7210374030601356,0.6501014722709813,0.8603878304532406
1,6,Anthony Davis,78.3,LAL,PF/C,9600,35.0,53.8,5.585,33.333333333333336,50.65999999999999,56.489999999999995,2.2497617321169465,1.1125739698948365,2.238478144881571,2.082575988678934,0.7210374030601356,3.17290547218256,1.77008569766149
1,7,James Harden,75.0,HOU,PG/SG,10600,37.0,59.4,5.585,37.0,57.11999999999999,59.4,2.6750585820249975,1.3170557270245675,2.443237508217312,2.584719059878218,0.7210374030601356,2.9783902105071345,2.109599253808181
2,0,Jalen Brunson,16.8,DAL,PG/SG,3800,25.0,27.5,7.23,18.333333333333332,18.64,37.5,0.252385454870209,0.09016518424618052,0.9022649800205003,-0.40637465215714436,2.0178866911691986,-0.45215167722309624,0.036737702312808485
2,1,James Harden,75.0,HOU,PG/SG,10600,37.0,59.4,5.585,37.0,57.11999999999999,59.4,2.6750585820249975,1.3170557270245675,2.443237508217312,2.584719059878218,0.7210374030601356,2.9783902105071345,2.109599253808181
2,2,Will Barton,48.3,DEN,PG/SF,5800,33.5,31.2,5.359999999999999,33.666666666666664,30.98,31.045544554455446,0.5333851592737424,0.959212652047538,0.4481034034883326,0.5528274374092896,0.5436568013430901,1.4045849114968738,0.39584889923857147
2,3,Anthony Davis,78.3,LAL,PF/C,9600,35.0,53.8,5.585,33.333333333333336,50.65999999999999,56.489999999999995,2.2497617321169465,1.1125739698948365,2.238478144881571,2.082575988678934,0.7210374030601356,3.17290547218256,1.77008569766149
2,4,Malik Beasley,28.5,DEN,PG/SG,3300,24.5,20.4,6.17,20.666666666666668,15.48,24.18387096774193,-0.28683019412035526,0.03904474496374772,-0.0347116875883437,-0.6520050089667012,1.1822269675244528,0.23749334144432122,-0.3415020003885968
2,5,Solomon Hill,11.3,MEM,SF/PF,3000,28.0,21.1,7.05,18.333333333333332,15.760000000000002,32.225454545454554,-0.2336680878818487,0.39688781994077726,0.5311266401036099,-0.6302402938063607,1.8759822097955623,-0.776343780015472,-0.30932394632179205
2,6,Kristaps Porzingis,56.0,DAL,PF/C,6800,28.0,38.099999999999994,5.6,26.333333333333332,34.779999999999994,40.51139240506329,1.0574116350533045,0.39688781994077726,1.1141587228434708,0.8482057145853386,0.7328627765079384,1.8584538554062,0.7928789794514698
2,7,Ja Morant,21.3,MEM,PG,6900,32.5,39.2,5.67,29.333333333333332,35.5,43.43181818181819,1.140952087713815,0.8569717734826724,1.3196516859766731,0.9041721249976431,0.788047852597686,-0.18690359312024338,0.8655802610620833
3,0,Will Barton,48.3,DEN,PG/SF,5800,33.5,31.2,5.359999999999999,33.666666666666664,30.98,31.045544554455446,0.5333851592737424,0.959212652047538,0.4481034034883326,0.5528274374092896,0.5436568013430901,1.4045849114968738,0.39584889923857147
3,1,CJ McCollum,35.0,POR,PG/SG,6400,36.5,35.8,5.574999999999999,37.0,37.160000000000004,35.31621621621621,0.8827361431267838,1.2659352877421348,0.748605125302121,1.0332057934482333,0.7131538207615997,0.6206294629262199,0.6814966419269032
3,2,LeBron James,49.5,LAL,PG/SF,10300,35.5,58.45,5.695,34.666666666666664,55.42999999999999,59.85504807692308,2.6029100092727386,1.1636944091772692,2.4752565303884198,2.453353457660449,0.8077568083440246,1.4753177339243013,2.045256810482015
3,3,Solomon Hill,11.3,MEM,SF/PF,3000,28.0,21.1,7.05,18.333333333333332,15.760000000000002,32.225454545454554,-0.2336680878818487,0.39688781994077726,0.5311266401036099,-0.6302402938063607,1.8759822097955623,-0.776343780015472,-0.30932394632179205
3,4,Jalen Brunson,16.8,DAL,PG/SG,3800,25.0,27.5,7.23,18.333333333333332,18.64,37.5,0.252385454870209,0.09016518424618052,0.9022649800205003,-0.40637465215714436,2.0178866911691986,-0.45215167722309624,0.036737702312808485
3,5,Zion Williamson,35.5,NO,PF/C,7000,29.5,39.25,5.585,25.666666666666668,33.21,45.11201298701299,1.1447493810165652,0.5502491377880757,1.4378769844617958,0.726167847436287,0.7210374030601356,0.6501014722709813,0.8603878304532406
3,6,Kristaps Porzingis,56.0,DAL,PF/C,6800,28.0,38.099999999999994,5.6,26.333333333333332,34.779999999999994,40.51139240506329,1.0574116350533045,0.39688781994077726,1.1141587228434708,0.8482057145853386,0.7328627765079384,1.8584538554062,0.7928789794514698
3,7,Ja Morant,21.3,MEM,PG,6900,32.5,39.2,5.67,29.333333333333332,35.5,43.43181818181819,1.140952087713815,0.8569717734826724,1.3196516859766731,0.9041721249976431,0.788047852597686,-0.18690359312024338,0.8655802610620833
4,0,James Harden,75.0,HOU,PG/SG,10600,37.0,59.4,5.585,37.0,57.11999999999999,59.4,2.6750585820249975,1.3170557270245675,2.443237508217312,2.584719059878218,0.7210374030601356,2.9783902105071345,2.109599253808181
4,1,Jalen Brunson,16.8,DAL,PG/SG,3800,25.0,27.5,7.23,18.333333333333332,18.64,37.5,0.252385454870209,0.09016518424618052,0.9022649800205003,-0.40637465215714436,2.0178866911691986,-0.45215167722309624,0.036737702312808485
4,2,Solomon Hill,11.3,MEM,SF/PF,3000,28.0,21.1,7.05,18.333333333333332,15.760000000000002,32.225454545454554,-0.2336680878818487,0.39688781994077726,0.5311266401036099,-0.6302402938063607,1.8759822097955623,-0.776343780015472,-0.30932394632179205
4,3,Kristaps Porzingis,56.0,DAL,PF/C,6800,28.0,38.099999999999994,5.6,26.333333333333332,34.779999999999994,40.51139240506329,1.0574116350533045,0.39688781994077726,1.1141587228434708,0.8482057145853386,0.7328627765079384,1.8584538554062,0.7928789794514698
4,4,Kentavious Caldwell-Pope,13.3,LAL,SG/SF,3400,27.5,19.35,5.68,28.333333333333332,18.75,18.780882352941177,-0.36657335347811454,0.3457673806583445,-0.4148878074772985,-0.39782422834415354,0.7959314348962211,-0.6584557426364263,-0.3629227244662794
4,5,Will Barton,48.3,DEN,PG/SF,5800,33.5,31.2,5.359999999999999,33.666666666666664,30.98,31.045544554455446,0.5333851592737424,0.959212652047538,0.4481034034883326,0.5528274374092896,0.5436568013430901,1.4045849114968738,0.39584889923857147
4,6,Anthony Davis,78.3,LAL,PF/C,9600,35.0,53.8,5.585,33.333333333333336,50.65999999999999,56.489999999999995,2.2497617321169465,1.1125739698948365,2.238478144881571,2.082575988678934,0.7210374030601356,3.17290547218256,1.77008569766149
4,7,Zion Williamson,35.5,NO,PF/C,7000,29.5,39.25,5.585,25.666666666666668,33.21,45.11201298701299,1.1447493810165652,0.5502491377880757,1.4378769844617958,0.726167847436287,0.7210374030601356,0.6501014722709813,0.8603878304532406
5,0,Jalen Brunson,16.8,DAL,PG/SG,3800,25.0,27.5,7.23,18.333333333333332,18.64,37.5,0.252385454870209,0.09016518424618052,0.9022649800205003,-0.40637465215714436,2.0178866911691986,-0.45215167722309624,0.036737702312808485
5,1,J.J. Barea,29.8,DAL,PG/SG,3600,20.5,20.2,5.59,16.0,17.84,25.881249999999998,-0.302019367331357,-0.36991876929571466,0.08472276257818462,-0.4685595526152601,0.7249791942094033,0.314120565740701,-0.2888779502722537
5,2,Will Barton,48.3,DEN,PG/SF,5800,33.5,31.2,5.359999999999999,33.666666666666664,30.98,31.045544554455446,0.5333851592737424,0.959212652047538,0.4481034034883326,0.5528274374092896,0.5436568013430901,1.4045849114968738,0.39584889923857147
5,3,Kristaps Porzingis,56.0,DAL,PF/C,6800,28.0,38.099999999999994,5.6,26.333333333333332,34.779999999999994,40.51139240506329,1.0574116350533045,0.39688781994077726,1.1141587228434708,0.8482057145853386,0.7328627765079384,1.8584538554062,0.7928789794514698
5,4,LeBron James,49.5,LAL,PG/SF,10300,35.5,58.45,5.695,34.666666666666664,55.42999999999999,59.85504807692308,2.6029100092727386,1.1636944091772692,2.4752565303884198,2.453353457660449,0.8077568083440246,1.4753177339243013,2.045256810482015
5,5,Solomon Hill,11.3,MEM,SF/PF,3000,28.0,21.1,7.05,18.333333333333332,15.760000000000002,32.225454545454554,-0.2336680878818487,0.39688781994077726,0.5311266401036099,-0.6302402938063607,1.8759822097955623,-0.776343780015472,-0.30932394632179205
5,6,Anthony Davis,78.3,LAL,PF/C,9600,35.0,53.8,5.585,33.333333333333336,50.65999999999999,56.489999999999995,2.2497617321169465,1.1125739698948365,2.238478144881571,2.082575988678934,0.7210374030601356,3.17290547218256,1.77008569766149
5,7,Ja Morant,21.3,MEM,PG,6900,32.5,39.2,5.67,29.333333333333332,35.5,43.43181818181819,1.140952087713815,0.8569717734826724,1.3196516859766731,0.9041721249976431,0.788047852597686,-0.18690359312024338,0.8655802610620833
6,0,James Harden,75.0,HOU,PG/SG,10600,37.0,59.4,5.585,37.0,57.11999999999999,59.4,2.6750585820249975,1.3170557270245675,2.443237508217312,2.584719059878218,0.7210374030601356,2.9783902105071345,2.109599253808181
6,1,Jalen Brunson,16.8,DAL,PG/SG,3800,25.0,27.5,7.23,18.333333333333332,18.64,37.5,0.252385454870209,0.09016518424618052,0.9022649800205003,-0.40637465215714436,2.0178866911691986,-0.45215167722309624,0.036737702312808485
6,2,Solomon Hill,11.3,MEM,SF/PF,3000,28.0,21.1,7.05,18.333333333333332,15.760000000000002,32.225454545454554,-0.2336680878818487,0.39688781994077726,0.5311266401036099,-0.6302402938063607,1.8759822097955623,-0.776343780015472,-0.30932394632179205
6,3,Anthony Davis,78.3,LAL,PF/C,9600,35.0,53.8,5.585,33.333333333333336,50.65999999999999,56.489999999999995,2.2497617321169465,1.1125739698948365,2.238478144881571,2.082575988678934,0.7210374030601356,3.17290547218256,1.77008569766149
6,4,Ja Morant,21.3,MEM,PG,6900,32.5,39.2,5.67,29.333333333333332,35.5,43.43181818181819,1.140952087713815,0.8569717734826724,1.3196516859766731,0.9041721249976431,0.788047852597686,-0.18690359312024338,0.8655802610620833
6,5,Kristaps Porzingis,56.0,DAL,PF/C,6800,28.0,38.099999999999994,5.6,26.333333333333332,34.779999999999994,40.51139240506329,1.0574116350533045,0.39688781994077726,1.1141587228434708,0.8482057145853386,0.7328627765079384,1.8584538554062,0.7928789794514698
6,6,Jerami Grant,36.0,DEN,PF/C,5700,34.0,27.9,4.890000000000001,32.0,24.72,29.643749999999997,0.28276380129221257,1.0103330913299708,0.34946747204578754,0.06623059132453449,0.17312843331193026,0.6795734816157427,0.20292758263144056
6,7,Torrey Craig,21.8,DEN,SG/SF,3600,31.0,21.1,5.84,24.0,15.739999999999998,27.25416666666667,-0.2336680878818487,0.703610455635374,0.18132672910041664,-0.6317949163178138,0.9220687516727867,-0.15743158377548194,-0.26738130194990317
7,0,James Harden,75.0,HOU,PG/SG,10600,37.0,59.4,5.585,37.0,57.11999999999999,59.4,2.6750585820249975,1.3170557270245675,2.443237508217312,2.584719059878218,0.7210374030601356,2.9783902105071345,2.109599253808181
7,1,Kentavious Caldwell-Pope,13.3,LAL,SG/SF,3400,27.5,19.35,5.68,28.333333333333332,18.75,18.780882352941177,-0.36657335347811454,0.3457673806583445,-0.4148878074772985,-0.39782422834415354,0.7959314348962211,-0.6584557426364263,-0.3629227244662794
7,2,LeBron James,49.5,LAL,PG/SF,10300,35.5,58.45,5.695,34.666666666666664,55.42999999999999,59.85504807692308,2.6029100092727386,1.1636944091772692,2.4752565303884198,2.453353457660449,0.8077568083440246,1.4753177339243013,2.045256810482015
7,3,Solomon Hill,11.3,MEM,SF/PF,3000,28.0,21.1,7.05,18.333333333333332,15.760000000000002,32.225454545454554,-0.2336680878818487,0.39688781994077726,0.5311266401036099,-0.6302402938063607,1.8759822097955623,-0.776343780015472,-0.30932394632179205
7,4,Jalen Brunson,16.8,DAL,PG/SG,3800,25.0,27.5,7.23,18.333333333333332,18.64,37.5,0.252385454870209,0.09016518424618052,0.9022649800205003,-0.40637465215714436,2.0178866911691986,-0.45215167722309624,0.036737702312808485
7,5,Kelly Oubre Jr.,46.8,PHO,SF/PF,6300,36.0,33.55,5.32,34.333333333333336,34.21,35.17864077669903,0.7118579445030135,1.2148148484597021,0.7389247612450167,0.8038989730089316,0.5121224721489495,1.3161688834625895,0.5623297865903112
7,6,Anthony Davis,78.3,LAL,PF/C,9600,35.0,53.8,5.585,33.333333333333336,50.65999999999999,56.489999999999995,2.2497617321169465,1.1125739698948365,2.238478144881571,2.082575988678934,0.7210374030601356,3.17290547218256,1.77008569766149
7,7,Mario Hezonja,5.5,POR,SF/PF,3000,19.0,14.0,4.65,17.666666666666668,11.379999999999999,15.056603773584904,-0.772883736872413,-0.523280087143013,-0.6769431032827719,-0.9707026238145441,-0.016077541852917973,-1.1182190884147047,-0.647534308737427
8,0,Jalen Brunson,16.8,DAL,PG/SG,3800,25.0,27.5,7.23,18.333333333333332,18.64,37.5,0.252385454870209,0.09016518424618052,0.9022649800205003,-0.40637465215714436,2.0178866911691986,-0.45215167722309624,0.036737702312808485
8,1,James Harden,75.0,HOU,PG/SG,10600,37.0,59.4,5.585,37.0,57.11999999999999,59.4,2.6750585820249975,1.3170557270245675,2.443237508217312,2.584719059878218,0.7210374030601356,2.9783902105071345,2.109599253808181
8,2,Danny Green,12.8,LAL,SF,3500,25.0,19.6,5.585,25.0,19.240000000000002,19.6,-0.34758688696436224,0.09016518424618052,-0.35725137864264733,-0.3597359768135575,0.7210374030601356,-0.6879277519811877,-0.3377599957615083
8,3,Anthony Davis,78.3,LAL,PF/C,9600,35.0,53.8,5.585,33.333333333333336,50.65999999999999,56.489999999999995,2.2497617321169465,1.1125739698948365,2.238478144881571,2.082575988678934,0.7210374030601356,3.17290547218256,1.77008569766149
8,4,CJ McCollum,35.0,POR,PG/SG,6400,36.5,35.8,5.574999999999999,37.0,37.160000000000004,35.31621621621621,0.8827361431267838,1.2659352877421348,0.748605125302121,1.0332057934482333,0.7131538207615997,0.6206294629262199,0.6814966419269032
8,5,Will Barton,48.3,DEN,PG/SF,5800,33.5,31.2,5.359999999999999,33.666666666666664,30.98,31.045544554455446,0.5333851592737424,0.959212652047538,0.4481034034883326,0.5528274374092896,0.5436568013430901,1.4045849114968738,0.39584889923857147
8,6,Zion Williamson,35.5,NO,PF/C,7000,29.5,39.25,5.585,25.666666666666668,33.21,45.11201298701299,1.1447493810165652,0.5502491377880757,1.4378769844617958,0.726167847436287,0.7210374030601356,0.6501014722709813,0.8603878304532406
8,7,Malik Beasley,28.5,DEN,PG/SG,3300,24.5,20.4,6.17,20.666666666666668,15.48,24.18387096774193,-0.28683019412035526,0.03904474496374772,-0.0347116875883437,-0.6520050089667012,1.1822269675244528,0.23749334144432122,-0.3415020003885968
9,0,Jalen Brunson,16.8,DAL,PG/SG,3800,25.0,27.5,7.23,18.333333333333332,18.64,37.5,0.252385454870209,0.09016518424618052,0.9022649800205003,-0.40637465215714436,2.0178866911691986,-0.45215167722309624,0.036737702312808485
9,1,Josh Hart,28.3,NO,SG/SF,3900,25.5,20.85,5.33,27.333333333333332,24.43,19.451524390243904,-0.25265455439560097,0.14128562352861332,-0.3676987227404289,0.04368856490846763,0.5200060544474847,0.22570453770641669,-0.2182585159094803
9,2,Solomon Hill,11.3,MEM,SF/PF,3000,28.0,21.1,7.05,18.333333333333332,15.760000000000002,32.225454545454554,-0.2336680878818487,0.39688781994077726,0.5311266401036099,-0.6302402938063607,1.8759822097955623,-0.776343780015472,-0.30932394632179205
9,3,Kristaps Porzingis,56.0,DAL,PF/C,6800,28.0,38.099999999999994,5.6,26.333333333333332,34.779999999999994,40.51139240506329,1.0574116350533045,0.39688781994077726,1.1141587228434708,0.8482057145853386,0.7328627765079384,1.8584538554062,0.7928789794514698
9,4,CJ McCollum,35.0,POR,PG/SG,6400,36.5,35.8,5.574999999999999,37.0,37.160000000000004,35.31621621621621,0.8827361431267838,1.2659352877421348,0.748605125302121,1.0332057934482333,0.7131538207615997,0.6206294629262199,0.6814966419269032
9,5,Will Barton,48.3,DEN,PG/SF,5800,33.5,31.2,5.359999999999999,33.666666666666664,30.98,31.045544554455446,0.5333851592737424,0.959212652047538,0.4481034034883326,0.5528274374092896,0.5436568013430901,1.4045849114968738,0.39584889923857147
9,6,Anthony Davis,78.3,LAL,PF/C,9600,35.0,53.8,5.585,33.333333333333336,50.65999999999999,56.489999999999995,2.2497617321169465,1.1125739698948365,2.238478144881571,2.082575988678934,0.7210374030601356,3.17290547218256,1.77008569766149
9,7,LeBron James,49.5,LAL,PG/SF,10300,35.5,58.45,5.695,34.666666666666664,55.42999999999999,59.85504807692308,2.6029100092727386,1.1636944091772692,2.4752565303884198,2.453353457660449,0.8077568083440246,1.4753177339243013,2.045256810482015
10,0,James Harden,75.0,HOU,PG/SG,10600,37.0,59.4,5.585,37.0,57.11999999999999,59.4,2.6750585820249975,1.3170557270245675,2.443237508217312,2.584719059878218,0.7210374030601356,2.9783902105071345,2.109599253808181
10,1,Malik Beasley,28.5,DEN,PG/SG,3300,24.5,20.4,6.17,20.666666666666668,15.48,24.18387096774193,-0.28683019412035526,0.03904474496374772,-0.0347116875883437,-0.6520050089667012,1.1822269675244528,0.23749334144432122,-0.3415020003885968
10,2,Will Barton,48.3,DEN,PG/SF,5800,33.5,31.2,5.359999999999999,33.666666666666664,30.98,31.045544554455446,0.5333851592737424,0.959212652047538,0.4481034034883326,0.5528274374092896,0.5436568013430901,1.4045849114968738,0.39584889923857147
10,3,Anthony Davis,78.3,LAL,PF/C,9600,35.0,53.8,5.585,33.333333333333336,50.65999999999999,56.489999999999995,2.2497617321169465,1.1125739698948365,2.238478144881571,2.082575988678934,0.7210374030601356,3.17290547218256,1.77008569766149
10,4,Tyus Jones,19.3,MEM,PG,3100,17.0,16.8,5.395,19.0,16.36,15.031578947368423,-0.5602353119183876,-0.7277618442727442,-0.6787039512153059,-0.5836016184627741,0.571249339387964,-0.3047916304992891,-0.5140001503600342
10,5,Kristaps Porzingis,56.0,DAL,PF/C,6800,28.0,38.099999999999994,5.6,26.333333333333332,34.779999999999994,40.51139240506329,1.0574116350533045,0.39688781994077726,1.1141587228434708,0.8482057145853386,0.7328627765079384,1.8584538554062,0.7928789794514698
10,6,Zion Williamson,35.5,NO,PF/C,7000,29.5,39.25,5.585,25.666666666666668,33.21,45.11201298701299,1.1447493810165652,0.5502491377880757,1.4378769844617958,0.726167847436287,0.7210374030601356,0.6501014722709813,0.8603878304532406
10,7,Jalen Brunson,16.8,DAL,PG/SG,3800,25.0,27.5,7.23,18.333333333333332,18.64,37.5,0.252385454870209,0.09016518424618052,0.9022649800205003,-0.40637465215714436,2.0178866911691986,-0.45215167722309624,0.036737702312808485
11,0,Jalen Brunson,16.8,DAL,PG/SG,3800,25.0,27.5,7.23,18.333333333333332,18.64,37.5,0.252385454870209,0.09016518424618052,0.9022649800205003,-0.40637465215714436,2.0178866911691986,-0.45215167722309624,0.036737702312808485
11,1,Langston Galloway,9.0,DET,SG,3400,21.5,15.05,4.405,26.333333333333332,17.65,12.287658227848102,-0.6931405775146534,-0.267677890730849,-0.8717773050203673,-0.48332846647406263,-0.2092253081670338,-0.9119150230013746,-0.5422312696804997
11,2,Torrey Craig,21.8,DEN,SG/SF,3600,31.0,21.1,5.84,24.0,15.739999999999998,27.25416666666667,-0.2336680878818487,0.703610455635374,0.18132672910041664,-0.6317949163178138,0.9220687516727867,-0.15743158377548194,-0.26738130194990317
11,3,Solomon Hill,11.3,MEM,SF/PF,3000,28.0,21.1,7.05,18.333333333333332,15.760000000000002,32.225454545454554,-0.2336680878818487,0.39688781994077726,0.5311266401036099,-0.6302402938063607,1.8759822097955623,-0.776343780015472,-0.30932394632179205
11,4,Ja Morant,21.3,MEM,PG,6900,32.5,39.2,5.67,29.333333333333332,35.5,43.43181818181819,1.140952087713815,0.8569717734826724,1.3196516859766731,0.9041721249976431,0.788047852597686,-0.18690359312024338,0.8655802610620833
11,5,LeBron James,49.5,LAL,PG/SF,10300,35.5,58.45,5.695,34.666666666666664,55.42999999999999,59.85504807692308,2.6029100092727386,1.1636944091772692,2.4752565303884198,2.453353457660449,0.8077568083440246,1.4753177339243013,2.045256810482015
11,6,Anthony Davis,78.3,LAL,PF/C,9600,35.0,53.8,5.585,33.333333333333336,50.65999999999999,56.489999999999995,2.2497617321169465,1.1125739698948365,2.238478144881571,2.082575988678934,0.7210374030601356,3.17290547218256,1.77008569766149
11,7,Nikola Jokic,43.5,DEN,C,9400,35.0,49.65,5.29,35.0,49.35000000000001,49.65,1.9345863879886591,1.1125739698948365,1.7571880949790053,1.9807482141787711,0.48847172525334326,1.1216536217871642,1.5407940119091816
12,0,LeBron James,49.5,LAL,PG/SF,10300,35.5,58.45,5.695,34.666666666666664,55.42999999999999,59.85504807692308,2.6029100092727386,1.1636944091772692,2.4752565303884198,2.453353457660449,0.8077568083440246,1.4753177339243013,2.045256810482015
12,1,Jalen Brunson,16.8,DAL,PG/SG,3800,25.0,27.5,7.23,18.333333333333332,18.64,37.5,0.252385454870209,0.09016518424618052,0.9022649800205003,-0.40637465215714436,2.0178866911691986,-0.45215167722309624,0.036737702312808485
12,2,Will Barton,48.3,DEN,PG/SF,5800,33.5,31.2,5.359999999999999,33.666666666666664,30.98,31.045544554455446,0.5333851592737424,0.959212652047538,0.4481034034883326,0.5528274374092896,0.5436568013430901,1.4045849114968738,0.39584889923857147
12,3,Anthony Davis,78.3,LAL,PF/C,9600,35.0,53.8,5.585,33.333333333333336,50.65999999999999,56.489999999999995,2.2497617321169465,1.1125739698948365,2.238478144881571,2.082575988678934,0.7210374030601356,3.17290547218256,1.77008569766149
12,4,J.J. Barea,29.8,DAL,PG/SG,3600,20.5,20.2,5.59,16.0,17.84,25.881249999999998,-0.302019367331357,-0.36991876929571466,0.08472276257818462,-0.4685595526152601,0.7249791942094033,0.314120565740701,-0.2888779502722537
12,5,Pat Connaughton,27.0,MIL,SG/SF,3000,21.0,17.15,5.715,16.333333333333332,13.87,22.05,-0.5336542587991346,-0.31879833001328184,-0.184859474803278,-0.7771521211386591,0.8235239729410949,0.14907731341003694,-0.4969233532972855
12,6,Zion Williamson,35.5,NO,PF/C,7000,29.5,39.25,5.585,25.666666666666668,33.21,45.11201298701299,1.1447493810165652,0.5502491377880757,1.4378769844617958,0.726167847436287,0.7210374030601356,0.6501014722709813,0.8603878304532406
12,7,Jerami Grant,36.0,DEN,PF/C,5700,34.0,27.9,4.890000000000001,32.0,24.72,29.643749999999997,0.28276380129221257,1.0103330913299708,0.34946747204578754,0.06623059132453449,0.17312843331193026,0.6795734816157427,0.20292758263144056
13,0,Ja Morant,21.3,MEM,PG,6900,32.5,39.2,5.67,29.333333333333332,35.5,43.43181818181819,1.140952087713815,0.8569717734826724,1.3196516859766731,0.9041721249976431,0.788047852597686,-0.18690359312024338,0.8655802610620833
13,1,CJ McCollum,35.0,POR,PG/SG,6400,36.5,35.8,5.574999999999999,37.0,37.160000000000004,35.31621621621621,0.8827361431267838,1.2659352877421348,0.748605125302121,1.0332057934482333,0.7131538207615997,0.6206294629262199,0.6814966419269032
13,2,Danuel House Jr.,27.8,HOU,SF/PF,4600,30.0,20.3,4.39,32.0,21.8,19.03125,-0.294424780725856,0.6013695770705084,-0.3972709277482153,-0.16074429534758752,-0.22105068161483724,0.19623252836165525,-0.21486419818299823
13,3,Anthony Davis,78.3,LAL,PF/C,9600,35.0,53.8,5.585,33.333333333333336,50.65999999999999,56.489999999999995,2.2497617321169465,1.1125739698948365,2.238478144881571,2.082575988678934,0.7210374030601356,3.17290547218256,1.77008569766149
13,4,Jalen Brunson,16.8,DAL,PG/SG,3800,25.0,27.5,7.23,18.333333333333332,18.64,37.5,0.252385454870209,0.09016518424618052,0.9022649800205003,-0.40637465215714436,2.0178866911691986,-0.45215167722309624,0.036737702312808485
13,5,Solomon Hill,11.3,MEM,SF/PF,3000,28.0,21.1,7.05,18.333333333333332,15.760000000000002,32.225454545454554,-0.2336680878818487,0.39688781994077726,0.5311266401036099,-0.6302402938063607,1.8759822097955623,-0.776343780015472,-0.30932394632179205
13,6,Kristaps Porzingis,56.0,DAL,PF/C,6800,28.0,38.099999999999994,5.6,26.333333333333332,34.779999999999994,40.51139240506329,1.0574116350533045,0.39688781994077726,1.1141587228434708,0.8482057145853386,0.7328627765079384,1.8584538554062,0.7928789794514698
13,7,Zion Williamson,35.5,NO,PF/C,7000,29.5,39.25,5.585,25.666666666666668,33.21,45.11201298701299,1.1447493810165652,0.5502491377880757,1.4378769844617958,0.726167847436287,0.7210374030601356,0.6501014722709813,0.8603878304532406
14,0,Jalen Brunson,16.8,DAL,PG/SG,3800,25.0,27.5,7.23,18.333333333333332,18.64,37.5,0.252385454870209,0.09016518424618052,0.9022649800205003,-0.40637465215714436,2.0178866911691986,-0.45215167722309624,0.036737702312808485
14,1,Kentavious Caldwell-Pope,13.3,LAL,SG/SF,3400,27.5,19.35,5.68,28.333333333333332,18.75,18.780882352941177,-0.36657335347811454,0.3457673806583445,-0.4148878074772985,-0.39782422834415354,0.7959314348962211,-0.6584557426364263,-0.3629227244662794
14,2,LeBron James,49.5,LAL,PG/SF,10300,35.5,58.45,5.695,34.666666666666664,55.42999999999999,59.85504807692308,2.6029100092727386,1.1636944091772692,2.4752565303884198,2.453353457660449,0.8077568083440246,1.4753177339243013,2.045256810482015
14,3,Josh Jackson,24.3,MEM,SF/PF,3000,10.5,8.5,2.85,0.0,1.7,0.0,-1.1905860001749626,-1.3923275549443705,-1.7363866093576024,-1.7231399193577435,-1.4351223555892787,-0.01007153705167477,-0.9799030626200717
14,4,James Harden,75.0,HOU,PG/SG,10600,37.0,59.4,5.585,37.0,57.11999999999999,59.4,2.6750585820249975,1.3170557270245675,2.443237508217312,2.584719059878218,0.7210374030601356,2.9783902105071345,2.109599253808181
14,5,Danuel House Jr.,27.8,HOU,SF/PF,4600,30.0,20.3,4.39,32.0,21.8,19.03125,-0.294424780725856,0.6013695770705084,-0.3972709277482153,-0.16074429534758752,-0.22105068161483724,0.19623252836165525,-0.21486419818299823
14,6,Kristaps Porzingis,56.0,DAL,PF/C,6800,28.0,38.099999999999994,5.6,26.333333333333332,34.779999999999994,40.51139240506329,1.0574116350533045,0.39688781994077726,1.1141587228434708,0.8482057145853386,0.7328627765079384,1.8584538554062,0.7928789794514698
14,7,CJ McCollum,35.0,POR,PG/SG,6400,36.5,35.8,5.574999999999999,37.0,37.160000000000004,35.31621621621621,0.8827361431267838,1.2659352877421348,0.748605125302121,1.0332057934482333,0.7131538207615997,0.6206294629262199,0.6814966419269032
15,0,Ja Morant,21.3,MEM,PG,6900,32.5,39.2,5.67,29.333333333333332,35.5,43.43181818181819,1.140952087713815,0.8569717734826724,1.3196516859766731,0.9041721249976431,0.788047852597686,-0.18690359312024338,0.8655802610620833
15,1,J.J. Barea,29.8,DAL,PG/SG,3600,20.5,20.2,5.59,16.0,17.84,25.881249999999998,-0.302019367331357,-0.36991876929571466,0.08472276257818462,-0.4685595526152601,0.7249791942094033,0.314120565740701,-0.2888779502722537
15,2,Solomon Hill,11.3,MEM,SF/PF,3000,28.0,21.1,7.05,18.333333333333332,15.760000000000002,32.225454545454554,-0.2336680878818487,0.39688781994077726,0.5311266401036099,-0.6302402938063607,1.8759822097955623,-0.776343780015472,-0.30932394632179205
15,3,Danuel House Jr.,27.8,HOU,SF/PF,4600,30.0,20.3,4.39,32.0,21.8,19.03125,-0.294424780725856,0.6013695770705084,-0.3972709277482153,-0.16074429534758752,-0.22105068161483724,0.19623252836165525,-0.21486419818299823
15,4,LeBron James,49.5,LAL,PG/SF,10300,35.5,58.45,5.695,34.666666666666664,55.42999999999999,59.85504807692308,2.6029100092727386,1.1636944091772692,2.4752565303884198,2.453353457660449,0.8077568083440246,1.4753177339243013,2.045256810482015
15,5,Anthony Davis,78.3,LAL,PF/C,9600,35.0,53.8,5.585,33.333333333333336,50.65999999999999,56.489999999999995,2.2497617321169465,1.1125739698948365,2.238478144881571,2.082575988678934,0.7210374030601356,3.17290547218256,1.77008569766149
15,6,Kristaps Porzingis,56.0,DAL,PF/C,6800,28.0,38.099999999999994,5.6,26.333333333333332,34.779999999999994,40.51139240506329,1.0574116350533045,0.39688781994077726,1.1141587228434708,0.8482057145853386,0.7328627765079384,1.8584538554062,0.7928789794514698
15,7,Justin Jackson,-0.5,DAL,SF/PF,3000,17.0,13.55,4.49,19.333333333333332,12.09,11.914655172413793,-0.807059376597167,-0.7277618442727442,-0.8980233078220907,-0.9155135246579664,-0.14221485862948346,-1.4718832005518419,-0.6717926275001979
16,0,Will Barton,48.3,DEN,PG/SF,5800,33.5,31.2,5.359999999999999,33.666666666666664,30.98,31.045544554455446,0.5333851592737424,0.959212652047538,0.4481034034883326,0.5528274374092896,0.5436568013430901,1.4045849114968738,0.39584889923857147
16,1,Jalen Brunson,16.8,DAL,PG/SG,3800,25.0,27.5,7.23,18.333333333333332,18.64,37.5,0.252385454870209,0.09016518424618052,0.9022649800205003,-0.40637465215714436,2.0178866911691986,-0.45215167722309624,0.036737702312808485
16,2,Gary Trent Jr.,12.0,POR,SG/SF,3800,26.5,18.3,4.8149999999999995,24.666666666666668,15.64,19.660135135135135,-0.4463165128358741,0.2435265020934789,-0.3530200274452663,-0.6395680288750781,0.1140015660729144,-0.7350829669328061,-0.38669787624347557
16,3,Kristaps Porzingis,56.0,DAL,PF/C,6800,28.0,38.099999999999994,5.6,26.333333333333332,34.779999999999994,40.51139240506329,1.0574116350533045,0.39688781994077726,1.1141587228434708,0.8482057145853386,0.7328627765079384,1.8584538554062,0.7928789794514698
16,4,Kentavious Caldwell-Pope,13.3,LAL,SG/SF,3400,27.5,19.35,5.68,28.333333333333332,18.75,18.780882352941177,-0.36657335347811454,0.3457673806583445,-0.4148878074772985,-0.39782422834415354,0.7959314348962211,-0.6584557426364263,-0.3629227244662794
16,5,Zion Williamson,35.5,NO,PF/C,7000,29.5,39.25,5.585,25.666666666666668,33.21,45.11201298701299,1.1447493810165652,0.5502491377880757,1.4378769844617958,0.726167847436287,0.7210374030601356,0.6501014722709813,0.8603878304532406
16,6,Anthony Davis,78.3,LAL,PF/C,9600,35.0,53.8,5.585,33.333333333333336,50.65999999999999,56.489999999999995,2.2497617321169465,1.1125739698948365,2.238478144881571,2.082575988678934,0.7210374030601356,3.17290547218256,1.77008569766149
16,7,CJ McCollum,35.0,POR,PG/SG,6400,36.5,35.8,5.574999999999999,37.0,37.160000000000004,35.31621621621621,0.8827361431267838,1.2659352877421348,0.748605125302121,1.0332057934482333,0.7131538207615997,0.6206294629262199,0.6814966419269032
17,0,LeBron James,49.5,LAL,PG/SF,10300,35.5,58.45,5.695,34.666666666666664,55.42999999999999,59.85504807692308,2.6029100092727386,1.1636944091772692,2.4752565303884198,2.453353457660449,0.8077568083440246,1.4753177339243013,2.045256810482015
17,1,James Harden,75.0,HOU,PG/SG,10600,37.0,59.4,5.585,37.0,57.11999999999999,59.4,2.6750585820249975,1.3170557270245675,2.443237508217312,2.584719059878218,0.7210374030601356,2.9783902105071345,2.109599253808181
17,2,Svi Mykhailiuk,23.0,DET,SG/SF,3700,23.0,16.9,4.55,24.666666666666668,16.2,15.758108108108106,-0.5526407253128869,-0.11431657288355067,-0.6275824225562312,-0.5960385985543972,-0.09491336483827176,-0.08669876134805454,-0.45606465835407467
17,3,Solomon Hill,11.3,MEM,SF/PF,3000,28.0,21.1,7.05,18.333333333333332,15.760000000000002,32.225454545454554,-0.2336680878818487,0.39688781994077726,0.5311266401036099,-0.6302402938063607,1.8759822097955623,-0.776343780015472,-0.30932394632179205
17,4,Josh Hart,28.3,NO,SG/SF,3900,25.5,20.85,5.33,27.333333333333332,24.43,19.451524390243904,-0.25265455439560097,0.14128562352861332,-0.3676987227404289,0.04368856490846763,0.5200060544474847,0.22570453770641669,-0.2182585159094803
17,5,Will Barton,48.3,DEN,PG/SF,5800,33.5,31.2,5.359999999999999,33.666666666666664,30.98,31.045544554455446,0.5333851592737424,0.959212652047538,0.4481034034883326,0.5528274374092896,0.5436568013430901,1.4045849114968738,0.39584889923857147
17,6,Kristaps Porzingis,56.0,DAL,PF/C,6800,28.0,38.099999999999994,5.6,26.333333333333332,34.779999999999994,40.51139240506329,1.0574116350533045,0.39688781994077726,1.1141587228434708,0.8482057145853386,0.7328627765079384,1.8584538554062,0.7928789794514698
17,7,Josh Jackson,24.3,MEM,SF/PF,3000,10.5,8.5,2.85,0.0,1.7,0.0,-1.1905860001749626,-1.3923275549443705,-1.7363866093576024,-1.7231399193577435,-1.4351223555892787,-0.01007153705167477,-0.9799030626200717
18,0,Patrick McCaw,5.5,TOR,PG/SF,3000,20.0,11.2,3.715,23.333333333333332,13.6,9.6,-0.9855321618264383,-0.4210392085781474,-1.0608918024768081,-0.7981395250432731,-0.7531924867659723,-1.1182190884147047,-0.7368034204503079
18,1,Fred VanVleet,44.0,TOR,PG/SG,7300,35.5,36.05,4.95,35.666666666666664,37.71,35.881542056074764,0.9017226096405362,1.1636944091772692,0.7883837366583685,1.0759579125131877,0.22042992710314196,1.1511256311319256,0.7365424157968791
18,2,Sterling Brown,14.3,MIL,SG/SF,3000,18.0,12.85,4.3,9.666666666666666,12.95,23.927586206896553,-0.8602214828356735,-0.6255209657078786,-0.05274491936269157,-0.8486647566654921,-0.29200292230165514,-0.5995117239469034,-0.6183330066598042
18,3,Brandon Ingram,36.8,NO,SF/PF,7400,34.0,40.0,5.42,33.0,40.6,41.21212121212121,1.2017087805578222,1.0103330913299708,1.1634648343225749,1.3006008654181305,0.5909582951343025,0.7267286965673608,0.951526254207656
18,4,Kyrie Irving,71.3,BKN,PG,9000,33.0,45.0,4.98,35.0,46.62,42.42857142857143,1.5814381108328672,0.9080922127651052,1.2490591889101939,1.7685422413654506,0.24408067399874817,2.7602973413559,1.2730188108362246
18,5,Will Barton,48.3,DEN,PG/SF,5800,33.5,31.2,5.359999999999999,33.666666666666664,30.98,31.045544554455446,0.5333851592737424,0.959212652047538,0.4481034034883326,0.5528274374092896,0.5436568013430901,1.4045849114968738,0.39584889923857147
18,6,Kristaps Porzingis,56.0,DAL,PF/C,6800,28.0,38.099999999999994,5.6,26.333333333333332,34.779999999999994,40.51139240506329,1.0574116350533045,0.39688781994077726,1.1141587228434708,0.8482057145853386,0.7328627765079384,1.8584538554062,0.7928789794514698
18,7,Serge Ibaka,32.0,TOR,C,6900,33.0,37.6,5.43,27.666666666666668,32.64,44.848192771084335,1.0194387020258004,0.9080922127651052,1.41931352760659,0.6818611058598796,0.5988418774328378,0.44379740685765123,0.7861983142059114
19,0,CJ McCollum,35.0,POR,PG/SG,6400,36.5,35.8,5.574999999999999,37.0,37.160000000000004,35.31621621621621,0.8827361431267838,1.2659352877421348,0.748605125302121,1.0332057934482333,0.7131538207615997,0.6206294629262199,0.6814966419269032
19,1,J.J. Barea,29.8,DAL,PG/SG,3600,20.5,20.2,5.59,16.0,17.84,25.881249999999998,-0.302019367331357,-0.36991876929571466,0.08472276257818462,-0.4685595526152601,0.7249791942094033,0.314120565740701,-0.2888779502722537
19,2,Will Barton,48.3,DEN,PG/SF,5800,33.5,31.2,5.359999999999999,33.666666666666664,30.98,31.045544554455446,0.5333851592737424,0.959212652047538,0.4481034034883326,0.5528274374092896,0.5436568013430901,1.4045849114968738,0.39584889923857147
19,3,Kristaps Porzingis,56.0,DAL,PF/C,6800,28.0,38.099999999999994,5.6,26.333333333333332,34.779999999999994,40.51139240506329,1.0574116350533045,0.39688781994077726,1.1141587228434708,0.8482057145853386,0.7328627765079384,1.8584538554062,0.7928789794514698
19,4,Malik Beasley,28.5,DEN,PG/SG,3300,24.5,20.4,6.17,20.666666666666668,15.48,24.18387096774193,-0.28683019412035526,0.03904474496374772,-0.0347116875883437,-0.6520050089667012,1.1822269675244528,0.23749334144432122,-0.3415020003885968
19,5,Chris Boucher,22.8,TOR,PF/C,4100,15.5,17.6,4.305,12.0,15.14,22.733333333333334,-0.49947861907438035,-0.8811231621200426,-0.13677737917461033,-0.6784335916614004,-0.2880611311523876,-0.09848756508595907,-0.3825437824775241
19,6,Nikola Jokic,43.5,DEN,C,9400,35.0,49.65,5.29,35.0,49.35000000000001,49.65,1.9345863879886591,1.1125739698948365,1.7571880949790053,1.9807482141787711,0.48847172525334326,1.1216536217871642,1.5407940119091816
19,7,Gary Trent Jr.,12.0,POR,SG/SF,3800,26.5,18.3,4.8149999999999995,24.666666666666668,15.64,19.660135135135135,-0.4463165128358741,0.2435265020934789,-0.3530200274452663,-0.6395680288750781,0.1140015660729144,-0.7350829669328061,-0.38669787624347557
20,0,Lonzo Ball,40.0,NO,PG,7000,34.5,36.65,5.22,33.666666666666664,33.87,37.557178217821786,0.9472901292735416,1.0614535306124036,0.9062882705627205,0.7774703903142323,0.4332866491635957,0.9153495563738342,0.7239982530542425
20,1,Kentavious Caldwell-Pope,13.3,LAL,SG/SF,3400,27.5,19.35,5.68,28.333333333333332,18.75,18.780882352941177,-0.36657335347811454,0.3457673806583445,-0.4148878074772985,-0.39782422834415354,0.7959314348962211,-0.6584557426364263,-0.3629227244662794
20,2,Jae Crowder,26.3,MEM,SF,4500,30.5,27.7,6.155,28.666666666666668,26.32,29.471511627906974,0.2675746280812108,0.6524900163529412,0.33734808393178345,0.19060039224076591,1.1704015940766501,0.10781650032737096,0.13348824854800295
20,3,Solomon Hill,11.3,MEM,SF/PF,3000,28.0,21.1,7.05,18.333333333333332,15.760000000000002,32.225454545454554,-0.2336680878818487,0.39688781994077726,0.5311266401036099,-0.6302402938063607,1.8759822097955623,-0.776343780015472,-0.30932394632179205
20,4,Devin Booker,35.3,PHO,PG/SG,9100,37.5,44.0,4.85,35.666666666666664,44.42,46.26168224299066,1.5054922447778583,1.3681761663070005,1.5187723607163188,1.5975337651056327,0.1415941041177882,0.6383126685330766,1.236887546595263
20,5,Danny Green,12.8,LAL,SF,3500,25.0,19.6,5.585,25.0,19.240000000000002,19.6,-0.34758688696436224,0.09016518424618052,-0.35725137864264733,-0.3597359768135575,0.7210374030601356,-0.6879277519811877,-0.3377599957615083
20,6,Hassan Whiteside,63.5,POR,C,8400,33.0,42.4,5.0649999999999995,32.666666666666664,41.78,42.83265306122449,1.3839788590898436,0.9080922127651052,1.2774920060365538,1.3923235935938512,0.3110911235362978,2.300533995577622,1.10426981696468
20,7,Langston Galloway,9.0,DET,SG,3400,21.5,15.05,4.405,26.333333333333332,17.65,12.287658227848102,-0.6931405775146534,-0.267677890730849,-0.8717773050203673,-0.48332846647406263,-0.2092253081670338,-0.9119150230013746,-0.5422312696804997
21,0,Ty Jerome,20.5,PHO,PG,3000,15.0,12.75,4.26,13.0,10.55,14.711538461538462,-0.8678160694411743,-0.9322436014024754,-0.7012232935246544,-1.035219458039839,-0.32353725149579654,-0.2340588080718617,-0.6954142278359509
21,1,Zach LaVine,38.0,CHI,SG,8500,36.0,43.4,5.095,37.333333333333336,41.760000000000005,41.849999999999994,1.4599247251448526,1.2148148484597021,1.2083485643883598,1.3907689710823985,0.334741870431904,0.7974615189947885,1.145305303935932
21,2,Brandon Ingram,36.8,NO,SF/PF,7400,34.0,40.0,5.42,33.0,40.6,41.21212121212121,1.2017087805578222,1.0103330913299708,1.1634648343225749,1.3006008654181305,0.5909582951343025,0.7267286965673608,0.951526254207656
21,3,Dario Saric,2.5,PHO,SF/PF,3900,20.5,17.25,4.42,24.333333333333332,21.029999999999998,14.532534246575343,-0.5260596721936336,-0.36991876929571466,-0.7138187536931294,-0.2205972620385241,-0.19739993471923103,-1.2950511444832733,-0.3966902213132911
21,4,Kentavious Caldwell-Pope,13.3,LAL,SG/SF,3400,27.5,19.35,5.68,28.333333333333332,18.75,18.780882352941177,-0.36657335347811454,0.3457673806583445,-0.4148878074772985,-0.39782422834415354,0.7959314348962211,-0.6584557426364263,-0.3629227244662794
21,5,Will Barton,48.3,DEN,PG/SF,5800,33.5,31.2,5.359999999999999,33.666666666666664,30.98,31.045544554455446,0.5333851592737424,0.959212652047538,0.4481034034883326,0.5528274374092896,0.5436568013430901,1.4045849114968738,0.39584889923857147
21,6,Caleb Swanigan,12.5,POR,C,3000,11.5,9.75,3.265,9.333333333333334,6.49,12.013392857142856,-1.0956536676062014,-1.290086676379505,-0.8910757251889746,-1.3508078278647762,-1.1079536902000622,-0.7056109575880446,-0.8335137132120712
21,7,Zion Williamson,35.5,NO,PF/C,7000,29.5,39.25,5.585,25.666666666666668,33.21,45.11201298701299,1.1447493810165652,0.5502491377880757,1.4378769844617958,0.726167847436287,0.7210374030601356,0.6501014722709813,0.8603878304532406
22,0,Caris LeVert,19.5,BKN,PG/SF,4000,22.5,21.85,5.470000000000001,24.333333333333332,23.409999999999997,20.203767123287673,-0.17670868834059192,-0.16543701216598344,-0.31476788318992044,-0.03559718317563008,0.6303762066269798,-0.29300282676138456,-0.18522178397688624
22,1,Ben McLemore,18.5,HOU,SG/SF,3900,22.5,15.700000000000001,4.005,22.666666666666668,16.28,15.584558823529411,-0.6437757645788975,-0.16543701216598344,-0.639794051771938,-0.5898201085085856,-0.5245686001084475,-0.35194684545090743,-0.48216348265388914
22,2,Jae Crowder,26.3,MEM,SF,4500,30.5,27.7,6.155,28.666666666666668,26.32,29.471511627906974,0.2675746280812108,0.6524900163529412,0.33734808393178345,0.19060039224076591,1.1704015940766501,0.10781650032737096,0.13348824854800295
22,3,Jerami Grant,36.0,DEN,PF/C,5700,34.0,27.9,4.890000000000001,32.0,24.72,29.643749999999997,0.28276380129221257,1.0103330913299708,0.34946747204578754,0.06623059132453449,0.17312843331193026,0.6795734816157427,0.20292758263144056
22,4,LeBron James,49.5,LAL,PG/SF,10300,35.5,58.45,5.695,34.666666666666664,55.42999999999999,59.85504807692308,2.6029100092727386,1.1636944091772692,2.4752565303884198,2.453353457660449,0.8077568083440246,1.4753177339243013,2.045256810482015
22,5,Zion Williamson,35.5,NO,PF/C,7000,29.5,39.25,5.585,25.666666666666668,33.21,45.11201298701299,1.1447493810165652,0.5502491377880757,1.4378769844617958,0.726167847436287,0.7210374030601356,0.6501014722709813,0.8603878304532406
22,6,Thon Maker,8.8,DET,PF/C,3300,12.0,12.45,3.775,14.333333333333334,11.690000000000001,10.423255813953487,-0.8905998292576771,-1.2389662370970722,-1.0029641954913913,-0.9466059748870241,-0.7058909929747602,-0.9237038267392792,-0.697109761371374
22,7,Juancho Hernangomez,20.8,DEN,SF/PF,3000,10.0,6.85,2.285,11.333333333333334,6.970000000000001,6.044117647058823,-1.3158966791657278,-1.4434479942268033,-1.3110980590696024,-1.3134968875899065,-1.880544755456525,-0.2163756024650048,-0.9445064478329684
23,0,Reggie Jackson,13.3,DET,PG,4800,25.5,25.9,5.404999999999999,23.333333333333332,26.619999999999997,28.305000000000003,0.13087206918219446,0.14128562352861332,0.2552676103049897,0.21391972991255906,0.5791329216864991,-0.6584557426364263,0.08524486108244035
23,1,Devin Booker,35.3,PHO,PG/SG,9100,37.5,44.0,4.85,35.666666666666664,44.42,46.26168224299066,1.5054922447778583,1.3681761663070005,1.5187723607163188,1.5975337651056327,0.1415941041177882,0.6383126685330766,1.236887546595263
23,2,Caris LeVert,19.5,BKN,PG/SF,4000,22.5,21.85,5.470000000000001,24.333333333333332,23.409999999999997,20.203767123287673,-0.17670868834059192,-0.16543701216598344,-0.31476788318992044,-0.03559718317563008,0.6303762066269798,-0.29300282676138456,-0.18522178397688624
23,3,Taurean Prince,30.5,BKN,PF,5200,28.5,26.25,5.050000000000001,28.666666666666668,27.57,26.09738372093023,0.15745312230144776,0.4480082592232101,0.09993080487820502,0.28776429920657165,0.29926575008849576,0.35538137882336696,0.11933174675362276
23,4,Sterling Brown,14.3,MIL,SG/SF,3000,18.0,12.85,4.3,9.666666666666666,12.95,23.927586206896553,-0.8602214828356735,-0.6255209657078786,-0.05274491936269157,-0.8486647566654921,-0.29200292230165514,-0.5995117239469034,-0.6183330066598042
23,5,Bruce Brown,12.0,DET,PG/SF,3900,20.0,17.75,4.555,24.666666666666668,21.21,14.391891891891891,-0.4880867391661291,-0.4210392085781474,-0.7237149182989793,-0.2066056594354478,-0.09097157368900417,-0.7350829669328061,-0.3801553991575394
23,6,Christian Wood,15.3,DET,PF/C,4500,19.0,21.8,4.85,20.333333333333332,21.859999999999996,20.37049180327869,-0.18050598164334244,-0.523280087143013,-0.30303646074067103,-0.15608042781322923,0.1415941041177882,-0.5405677052573805,-0.16677496506531275
23,7,Wesley Matthews,13.0,MIL,SG,3000,27.5,16.5,5.5,23.666666666666668,15.0,19.172535211267604,-0.5830190717348904,0.3457673806583445,-0.3873295291544317,-0.6893159492415707,0.6540269535225853,-0.6761389482432832,-0.518673314524842
24,0,Russell Westbrook,58.5,HOU,PG,10500,37.5,55.95,5.35,38.0,55.589999999999996,55.213815789473685,2.4130453441352167,1.3681761663070005,2.1486806650030514,2.465790437752072,0.535773219044555,2.0058139021300074,1.923081688925522
24,1,Terence Davis,10.8,TOR,PG/SG,3500,12.5,11.05,3.17,15.333333333333334,15.029999999999998,9.008152173913043,-0.9969240417346896,-1.1878457978146393,-1.1025366079961234,-0.6869840154743915,-1.182847722036148,-0.8058157893602335,-0.7065027798393252
24,2,Juancho Hernangomez,20.8,DEN,SF/PF,3000,10.0,6.85,2.285,11.333333333333334,6.970000000000001,6.044117647058823,-1.3158966791657278,-1.4434479942268033,-1.3110980590696024,-1.3134968875899065,-1.880544755456525,-0.2163756024650048,-0.9445064478329684
24,3,Josh Jackson,24.3,MEM,SF/PF,3000,10.5,8.5,2.85,0.0,1.7,0.0,-1.1905860001749626,-1.3923275549443705,-1.7363866093576024,-1.7231399193577435,-1.4351223555892787,-0.01007153705167477,-0.9799030626200717
24,4,Gary Trent Jr.,12.0,POR,SG/SF,3800,26.5,18.3,4.8149999999999995,24.666666666666668,15.64,19.660135135135135,-0.4463165128358741,0.2435265020934789,-0.3530200274452663,-0.6395680288750781,0.1140015660729144,-0.7350829669328061,-0.38669787624347557
24,5,Sterling Brown,14.3,MIL,SG/SF,3000,18.0,12.85,4.3,9.666666666666666,12.95,23.927586206896553,-0.8602214828356735,-0.6255209657078786,-0.05274491936269157,-0.8486647566654921,-0.29200292230165514,-0.5995117239469034,-0.6183330066598042
24,6,Deandre Ayton,30.0,PHO,C,8300,36.0,42.3,5.08,34.0,41.36,44.78823529411765,1.3763842724843427,1.2148148484597021,1.4150946771561033,1.3596765208533401,0.32291649698410124,0.32590936947860555,1.1071741628378942
24,7,Kyle Korver,8.0,MIL,SG/SF,3200,21.0,14.45,4.52,17.333333333333332,14.170000000000002,17.50673076923077,-0.738708097147659,-0.31879833001328184,-0.5045422635163942,-0.7538327834668656,-0.11856411173387796,-0.9708590416908975,-0.5792222733580507
25,0,Terence Davis,10.8,TOR,PG/SG,3500,12.5,11.05,3.17,15.333333333333334,15.029999999999998,9.008152173913043,-0.9969240417346896,-1.1878457978146393,-1.1025366079961234,-0.6869840154743915,-1.182847722036148,-0.8058157893602335,-0.7065027798393252
25,1,Hamidou Diallo,2.0,OKC,SG/SF,3000,18.5,13.25,4.390000000000001,19.666666666666668,14.410000000000002,12.463983050847457,-0.8298431364136698,-0.5744005264254458,-0.8593703777015924,-0.7351773133294308,-0.22105068161483654,-1.3245231538280346,-0.6556993005261491
25,2,Caris LeVert,19.5,BKN,PG/SF,4000,22.5,21.85,5.470000000000001,24.333333333333332,23.409999999999997,20.203767123287673,-0.17670868834059192,-0.16543701216598344,-0.31476788318992044,-0.03559718317563008,0.6303762066269798,-0.29300282676138456,-0.18522178397688624
25,3,Kyle Anderson,31.5,MEM,SF/PF,3800,27.5,24.2,6.375,19.666666666666668,17.46,33.83898305084745,0.0017640968886791586,0.3457673806583445,0.6446610282439258,-0.49809738033286494,1.3438404046444272,0.4143253975128898,-0.10050489361983415
25,4,Russell Westbrook,58.5,HOU,PG,10500,37.5,55.95,5.35,38.0,55.589999999999996,55.213815789473685,2.4130453441352167,1.3681761663070005,2.1486806650030514,2.465790437752072,0.535773219044555,2.0058139021300074,1.923081688925522
25,5,Trevor Ariza,23.5,POR,SF/PF,5000,34.5,24.7,4.95,30.666666666666668,19.979999999999997,27.787499999999998,0.03973702991618368,1.0614535306124036,0.2188542183715715,-0.3022149438898009,0.22042992710314196,-0.05722675200329311,-0.00431450524116739
25,6,Willie Cauley-Stein,14.0,DAL,C,3800,0.0,6.9,1.81,19.666666666666668,18.78,0.0,-1.312099385862977,-2.4658567798754594,-1.7363866093576024,-0.3954922945769741,-2.255014914636954,-0.6171949295537603,-0.8471778955146059
25,7,Thabo Sefolosha,12.3,HOU,SF/PF,3100,13.5,12.2,3.92,12.333333333333334,8.78,13.354054054054053,-0.9095862957714294,-1.0856049192497739,-0.7967413839077138,-1.17280355030342,-0.5915790496459978,-0.7173997613259492,-0.7261968106170664
26,0,Ricky Rubio,24.0,PHO,PG,5900,32.5,33.2,5.619999999999999,30.666666666666668,32.67999999999999,35.18478260869565,0.6852768913837608,0.8569717734826724,0.7393569253719389,0.6849703508827848,0.7486299411050087,-0.027754742658531673,0.5135725215865422
26,1,PJ Dozier,23.3,DEN,SG/SF,3000,12.5,10.95,3.625,13.333333333333334,12.01,10.265624999999998,-1.0045186283401906,-1.1878457978146393,-1.0140557367653469,-0.921732014703778,-0.8241447274527902,-0.06901555574119764,-0.7571662803001228
26,2,Sterling Brown,14.3,MIL,SG/SF,3000,18.0,12.85,4.3,9.666666666666666,12.95,23.927586206896553,-0.8602214828356735,-0.6255209657078786,-0.05274491936269157,-0.8486647566654921,-0.29200292230165514,-0.5995117239469034,-0.6183330066598042
26,3,OG Anunoby,10.0,TOR,SF/PF,4500,28.5,21.35,4.734999999999999,28.333333333333332,22.169999999999998,21.475588235294122,-0.21468162136809646,0.4480082592232101,-0.22527740856057524,-0.13198377888570922,0.050932907684631656,-0.8529710043118518,-0.16849555027926214
26,4,Kentavious Caldwell-Pope,13.3,LAL,SG/SF,3400,27.5,19.35,5.68,28.333333333333332,18.75,18.780882352941177,-0.36657335347811454,0.3457673806583445,-0.4148878074772985,-0.39782422834415354,0.7959314348962211,-0.6584557426364263,-0.3629227244662794
26,5,Pat Connaughton,27.0,MIL,SG/SF,3000,21.0,17.15,5.715,16.333333333333332,13.87,22.05,-0.5336542587991346,-0.31879833001328184,-0.184859474803278,-0.7771521211386591,0.8235239729410949,0.14907731341003694,-0.4969233532972855
26,6,Jonas Valanciunas,38.0,MEM,C,6300,33.0,38.85,6.16,29.0,35.37,44.20862068965517,1.1143710345945619,0.9080922127651052,1.3743106505616585,0.894067078673199,1.1743433852259175,0.7974615189947885,0.8246040144705499
26,7,Cheick Diallo,8.8,PHO,PF/C,3000,0.0,2.25,0.75,8.0,6.789999999999999,0.0,-1.6652476630187691,-2.4658567798754594,-1.7363866093576024,-1.3274884901929827,-3.0906746382816994,-0.9237038267392792,-1.1140672316484537
