Lineup Num,,Player Name,Actual FP,team,Pos,Salary,DFN_MinProj,Avg Proj,Avg Value Proj,Avg Skewed Min,Avg Skewed FP,Proj Min Enhanced,Avg Proj Stan,DFN_MinProj Stan,Proj Min Enhanced Stan,Avg Skewed FP Stan,Avg Value Proj Stan,Actual FP Stan,predictions
0,0,Jeff Teague,20.5,ATL,PG/SG,3300,26.0,26.5,8.004999999999999,20.333333333333332,23.059999999999995,33.885245901639344,0.41369094662109673,0.4040115598944575,0.8273670601887205,0.1840792868019044,2.3192377146771777,-0.02413541395582725,0.20124505372997897
0,1,Aaron Holiday,24.3,IND,PG/SG,4000,32.0,28.05,7.04,26.0,20.669999999999998,34.52307692307692,0.5353078975312846,0.9324816571971603,0.8712843890563974,-0.019555491516387368,1.7096115209048548,0.2256661204869837,0.3095912669145856
0,2,Dario Saric,42.5,PHO,SF/PF,4900,33.5,30.950000000000003,6.29,25.666666666666668,24.35,40.395779220779225,0.7628492895567973,1.064599181522836,1.2756444616801068,0.2939909453921128,1.235808779631028,1.422083995976236,0.5527219716961497
0,3,Domantas Sabonis,44.0,IND,PF/C,8700,36.5,48.3,5.5649999999999995,35.333333333333336,45.3,49.894811320754705,2.1241745142611568,1.3288342301741873,1.9296924816697858,2.078990362031534,0.7777994630663283,1.5206898648352403,1.6651260284430545
0,4,Devin Booker,50.8,PHO,PG/SG,8400,38.5,48.2,5.755,37.333333333333336,42.339999999999996,49.706250000000004,2.116328259363726,1.5049909292750883,1.9167092474635798,1.8267899671268713,0.8978294908556981,1.9677031369960596,1.6284567739854539
0,5,DeMar DeRozan,43.3,SA,SG/SF,7200,35.5,41.349999999999994,5.765000000000001,35.666666666666664,39.42999999999999,41.15677570093458,1.5788597988896693,1.2407558806237369,1.3280422466150592,1.57884971402803,0.9041468607393495,1.474673792701038,1.2144334856256018
0,6,Myles Turner,34.5,IND,C,5200,32.0,32.7,6.300000000000001,30.666666666666668,29.520000000000003,34.12173913043478,0.900158750261848,0.9324816571971603,0.8436506063865508,0.7344896081141087,1.2421261495146794,0.896186028728213,0.6390939879569547
0,7,Jimmy Butler,53.0,MIA,SG/SF,7900,34.0,42.45,5.37,34.666666666666664,41.45,41.633653846153855,1.665168602761416,1.1086383562980613,1.3608772979523236,1.75095944298324,0.6546107503351337,2.1123250779892664,1.3020876470300147
1,0,Jeff Teague,20.5,ATL,PG/SG,3300,26.0,26.5,8.004999999999999,20.333333333333332,23.059999999999995,33.885245901639344,0.41369094662109673,0.4040115598944575,0.8273670601887205,0.1840792868019044,2.3192377146771777,-0.02413541395582725,0.20124505372997897
1,1,Devin Booker,50.8,PHO,PG/SG,8400,38.5,48.2,5.755,37.333333333333336,42.339999999999996,49.706250000000004,2.116328259363726,1.5049909292750883,1.9167092474635798,1.8267899671268713,0.8978294908556981,1.9677031369960596,1.6284567739854539
1,2,Bradley Beal,52.8,WAS,SG/SF,10400,37.5,55.75,5.37,37.333333333333336,51.989999999999995,55.99888392857143,2.7087205041198015,1.4169125797246378,2.349983366151171,2.648997335650519,0.6546107503351337,2.0991776288080652,2.1299797207292137
1,3,Dario Saric,42.5,PHO,SF/PF,4900,33.5,30.950000000000003,6.29,25.666666666666668,24.35,40.395779220779225,0.7628492895567973,1.064599181522836,1.2756444616801068,0.2939909453921128,1.235808779631028,1.422083995976236,0.5527219716961497
1,4,Aaron Holiday,24.3,IND,PG/SG,4000,32.0,28.05,7.04,26.0,20.669999999999998,34.52307692307692,0.5353078975312846,0.9324816571971603,0.8712843890563974,-0.019555491516387368,1.7096115209048548,0.2256661204869837,0.3095912669145856
1,5,Domantas Sabonis,44.0,IND,PF/C,8700,36.5,48.3,5.5649999999999995,35.333333333333336,45.3,49.894811320754705,2.1241745142611568,1.3288342301741873,1.9296924816697858,2.078990362031534,0.7777994630663283,1.5206898648352403,1.6651260284430545
1,6,Myles Turner,34.5,IND,C,5200,32.0,32.7,6.300000000000001,30.666666666666668,29.520000000000003,34.12173913043478,0.900158750261848,0.9324816571971603,0.8436506063865508,0.7344896081141087,1.2421261495146794,0.896186028728213,0.6390939879569547
1,7,Shabazz Napier,21.8,WAS,PG/SG,5100,28.0,27.85,5.445,25.666666666666668,23.689999999999998,30.381818181818183,0.5196153877364217,0.5801682589953584,0.5861414343344926,0.23775707355526193,0.7019910244625165,0.06132300572197653,0.36066282002931843
2,0,Jeff Teague,20.5,ATL,PG/SG,3300,26.0,26.5,8.004999999999999,20.333333333333332,23.059999999999995,33.885245901639344,0.41369094662109673,0.4040115598944575,0.8273670601887205,0.1840792868019044,2.3192377146771777,-0.02413541395582725,0.20124505372997897
2,1,Bradley Beal,52.8,WAS,SG/SF,10400,37.5,55.75,5.37,37.333333333333336,51.989999999999995,55.99888392857143,2.7087205041198015,1.4169125797246378,2.349983366151171,2.648997335650519,0.6546107503351337,2.0991776288080652,2.1299797207292137
2,2,Danilo Gallinari,27.8,OKC,SF/PF,6100,32.0,34.2,5.585,31.0,32.120000000000005,35.303225806451614,1.01785257372332,0.9324816571971603,0.925000896917203,0.9560169820168533,0.7904342028336306,0.45574648115799377,0.7716191109360448
2,3,Domantas Sabonis,44.0,IND,PF/C,8700,36.5,48.3,5.5649999999999995,35.333333333333336,45.3,49.894811320754705,2.1241745142611568,1.3288342301741873,1.9296924816697858,2.078990362031534,0.7777994630663283,1.5206898648352403,1.6651260284430545
2,4,Aaron Holiday,24.3,IND,PG/SG,4000,32.0,28.05,7.04,26.0,20.669999999999998,34.52307692307692,0.5353078975312846,0.9324816571971603,0.8712843890563974,-0.019555491516387368,1.7096115209048548,0.2256661204869837,0.3095912669145856
2,5,Dario Saric,42.5,PHO,SF/PF,4900,33.5,30.950000000000003,6.29,25.666666666666668,24.35,40.395779220779225,0.7628492895567973,1.064599181522836,1.2756444616801068,0.2939909453921128,1.235808779631028,1.422083995976236,0.5527219716961497
2,6,Myles Turner,34.5,IND,C,5200,32.0,32.7,6.300000000000001,30.666666666666668,29.520000000000003,34.12173913043478,0.900158750261848,0.9324816571971603,0.8436506063865508,0.7344896081141087,1.2421261495146794,0.896186028728213,0.6390939879569547
2,7,DeMar DeRozan,43.3,SA,SG/SF,7200,35.5,41.349999999999994,5.765000000000001,35.666666666666664,39.42999999999999,41.15677570093458,1.5788597988896693,1.2407558806237369,1.3280422466150592,1.57884971402803,0.9041468607393495,1.474673792701038,1.2144334856256018
3,0,Aaron Holiday,24.3,IND,PG/SG,4000,32.0,28.05,7.04,26.0,20.669999999999998,34.52307692307692,0.5353078975312846,0.9324816571971603,0.8712843890563974,-0.019555491516387368,1.7096115209048548,0.2256661204869837,0.3095912669145856
3,1,Devin Booker,50.8,PHO,PG/SG,8400,38.5,48.2,5.755,37.333333333333336,42.339999999999996,49.706250000000004,2.116328259363726,1.5049909292750883,1.9167092474635798,1.8267899671268713,0.8978294908556981,1.9677031369960596,1.6284567739854539
3,2,Jimmy Butler,53.0,MIA,SG/SF,7900,34.0,42.45,5.37,34.666666666666664,41.45,41.633653846153855,1.665168602761416,1.1086383562980613,1.3608772979523236,1.75095944298324,0.6546107503351337,2.1123250779892664,1.3020876470300147
3,3,Dario Saric,42.5,PHO,SF/PF,4900,33.5,30.950000000000003,6.29,25.666666666666668,24.35,40.395779220779225,0.7628492895567973,1.064599181522836,1.2756444616801068,0.2939909453921128,1.235808779631028,1.422083995976236,0.5527219716961497
3,4,DeMar DeRozan,43.3,SA,SG/SF,7200,35.5,41.349999999999994,5.765000000000001,35.666666666666664,39.42999999999999,41.15677570093458,1.5788597988896693,1.2407558806237369,1.3280422466150592,1.57884971402803,0.9041468607393495,1.474673792701038,1.2144334856256018
3,5,Mikal Bridges,33.3,PHO,SG/SF,5200,38.5,31.4,6.035,33.666666666666664,23.080000000000002,35.90792079207921,0.7981574365952386,1.5049909292750883,0.9666366713713642,0.18578334352423378,1.0747158475979268,0.8173013336410093,0.5538150238445337
3,6,Domantas Sabonis,44.0,IND,PF/C,8700,36.5,48.3,5.5649999999999995,35.333333333333336,45.3,49.894811320754705,2.1241745142611568,1.3288342301741873,1.9296924816697858,2.078990362031534,0.7777994630663283,1.5206898648352403,1.6651260284430545
3,7,Jeff Teague,20.5,ATL,PG/SG,3300,26.0,26.5,8.004999999999999,20.333333333333332,23.059999999999995,33.885245901639344,0.41369094662109673,0.4040115598944575,0.8273670601887205,0.1840792868019044,2.3192377146771777,-0.02413541395582725,0.20124505372997897
4,0,Jeff Teague,20.5,ATL,PG/SG,3300,26.0,26.5,8.004999999999999,20.333333333333332,23.059999999999995,33.885245901639344,0.41369094662109673,0.4040115598944575,0.8273670601887205,0.1840792868019044,2.3192377146771777,-0.02413541395582725,0.20124505372997897
4,1,Bradley Beal,52.8,WAS,SG/SF,10400,37.5,55.75,5.37,37.333333333333336,51.989999999999995,55.99888392857143,2.7087205041198015,1.4169125797246378,2.349983366151171,2.648997335650519,0.6546107503351337,2.0991776288080652,2.1299797207292137
4,2,Justin Holiday,16.8,IND,SG/SF,3400,28.5,23.1,6.779999999999999,23.0,20.3,28.62391304347826,0.14691828010842692,0.6242074337705836,0.4651023260379876,-0.05108054087947002,1.5453599039299277,-0.26736322380803784,0.03645397148618384
4,3,Danilo Gallinari,27.8,OKC,SF/PF,6100,32.0,34.2,5.585,31.0,32.120000000000005,35.303225806451614,1.01785257372332,0.9324816571971603,0.925000896917203,0.9560169820168533,0.7904342028336306,0.45574648115799377,0.7716191109360448
4,4,Aaron Holiday,24.3,IND,PG/SG,4000,32.0,28.05,7.04,26.0,20.669999999999998,34.52307692307692,0.5353078975312846,0.9324816571971603,0.8712843890563974,-0.019555491516387368,1.7096115209048548,0.2256661204869837,0.3095912669145856
4,5,Domantas Sabonis,44.0,IND,PF/C,8700,36.5,48.3,5.5649999999999995,35.333333333333336,45.3,49.894811320754705,2.1241745142611568,1.3288342301741873,1.9296924816697858,2.078990362031534,0.7777994630663283,1.5206898648352403,1.6651260284430545
4,6,Myles Turner,34.5,IND,C,5200,32.0,32.7,6.300000000000001,30.666666666666668,29.520000000000003,34.12173913043478,0.900158750261848,0.9324816571971603,0.8436506063865508,0.7344896081141087,1.2421261495146794,0.896186028728213,0.6390939879569547
4,7,Devin Booker,50.8,PHO,PG/SG,8400,38.5,48.2,5.755,37.333333333333336,42.339999999999996,49.706250000000004,2.116328259363726,1.5049909292750883,1.9167092474635798,1.8267899671268713,0.8978294908556981,1.9677031369960596,1.6284567739854539
5,0,Jeff Teague,20.5,ATL,PG/SG,3300,26.0,26.5,8.004999999999999,20.333333333333332,23.059999999999995,33.885245901639344,0.41369094662109673,0.4040115598944575,0.8273670601887205,0.1840792868019044,2.3192377146771777,-0.02413541395582725,0.20124505372997897
5,1,Aaron Holiday,24.3,IND,PG/SG,4000,32.0,28.05,7.04,26.0,20.669999999999998,34.52307692307692,0.5353078975312846,0.9324816571971603,0.8712843890563974,-0.019555491516387368,1.7096115209048548,0.2256661204869837,0.3095912669145856
5,2,Bradley Beal,52.8,WAS,SG/SF,10400,37.5,55.75,5.37,37.333333333333336,51.989999999999995,55.99888392857143,2.7087205041198015,1.4169125797246378,2.349983366151171,2.648997335650519,0.6546107503351337,2.0991776288080652,2.1299797207292137
5,3,Jae Crowder,8.5,MIA,PF,4800,29.5,25.5,5.28,30.333333333333332,25.560000000000002,24.79945054945055,0.3352283976467821,0.7122857833210341,0.20177211561054095,0.3970863770930055,0.5977544213822746,-0.8129823648278617,0.23846589184158729
5,4,Devin Booker,50.8,PHO,PG/SG,8400,38.5,48.2,5.755,37.333333333333336,42.339999999999996,49.706250000000004,2.116328259363726,1.5049909292750883,1.9167092474635798,1.8267899671268713,0.8978294908556981,1.9677031369960596,1.6284567739854539
5,5,Mikal Bridges,33.3,PHO,SG/SF,5200,38.5,31.4,6.035,33.666666666666664,23.080000000000002,35.90792079207921,0.7981574365952386,1.5049909292750883,0.9666366713713642,0.18578334352423378,1.0747158475979268,0.8173013336410093,0.5538150238445337
5,6,Myles Turner,34.5,IND,C,5200,32.0,32.7,6.300000000000001,30.666666666666668,29.520000000000003,34.12173913043478,0.900158750261848,0.9324816571971603,0.8436506063865508,0.7344896081141087,1.2421261495146794,0.896186028728213,0.6390939879569547
5,7,Domantas Sabonis,44.0,IND,PF/C,8700,36.5,48.3,5.5649999999999995,35.333333333333336,45.3,49.894811320754705,2.1241745142611568,1.3288342301741873,1.9296924816697858,2.078990362031534,0.7777994630663283,1.5206898648352403,1.6651260284430545
6,0,Devin Booker,50.8,PHO,PG/SG,8400,38.5,48.2,5.755,37.333333333333336,42.339999999999996,49.706250000000004,2.116328259363726,1.5049909292750883,1.9167092474635798,1.8267899671268713,0.8978294908556981,1.9677031369960596,1.6284567739854539
6,1,Bradley Beal,52.8,WAS,SG/SF,10400,37.5,55.75,5.37,37.333333333333336,51.989999999999995,55.99888392857143,2.7087205041198015,1.4169125797246378,2.349983366151171,2.648997335650519,0.6546107503351337,2.0991776288080652,2.1299797207292137
6,2,Terrence Ross,30.8,ORL,SG/SF,5700,32.0,30.4,5.35,29.333333333333332,27.839999999999996,33.163636363636364,0.7196948876209239,0.9324816571971603,0.7776812306674439,0.5913488434384886,0.6419760105678314,0.6529582188760024,0.5480817907923157
6,3,Dario Saric,42.5,PHO,SF/PF,4900,33.5,30.950000000000003,6.29,25.666666666666668,24.35,40.395779220779225,0.7628492895567973,1.064599181522836,1.2756444616801068,0.2939909453921128,1.235808779631028,1.422083995976236,0.5527219716961497
6,4,Jeff Teague,20.5,ATL,PG/SG,3300,26.0,26.5,8.004999999999999,20.333333333333332,23.059999999999995,33.885245901639344,0.41369094662109673,0.4040115598944575,0.8273670601887205,0.1840792868019044,2.3192377146771777,-0.02413541395582725,0.20124505372997897
6,5,Justin Holiday,16.8,IND,SG/SF,3400,28.5,23.1,6.779999999999999,23.0,20.3,28.62391304347826,0.14691828010842692,0.6242074337705836,0.4651023260379876,-0.05108054087947002,1.5453599039299277,-0.26736322380803784,0.03645397148618384
6,6,Myles Turner,34.5,IND,C,5200,32.0,32.7,6.300000000000001,30.666666666666668,29.520000000000003,34.12173913043478,0.900158750261848,0.9324816571971603,0.8436506063865508,0.7344896081141087,1.2421261495146794,0.896186028728213,0.6390939879569547
6,7,Domantas Sabonis,44.0,IND,PF/C,8700,36.5,48.3,5.5649999999999995,35.333333333333336,45.3,49.894811320754705,2.1241745142611568,1.3288342301741873,1.9296924816697858,2.078990362031534,0.7777994630663283,1.5206898648352403,1.6651260284430545
7,0,Aaron Holiday,24.3,IND,PG/SG,4000,32.0,28.05,7.04,26.0,20.669999999999998,34.52307692307692,0.5353078975312846,0.9324816571971603,0.8712843890563974,-0.019555491516387368,1.7096115209048548,0.2256661204869837,0.3095912669145856
7,1,Mikal Bridges,33.3,PHO,SG/SF,5200,38.5,31.4,6.035,33.666666666666664,23.080000000000002,35.90792079207921,0.7981574365952386,1.5049909292750883,0.9666366713713642,0.18578334352423378,1.0747158475979268,0.8173013336410093,0.5538150238445337
7,2,Bradley Beal,52.8,WAS,SG/SF,10400,37.5,55.75,5.37,37.333333333333336,51.989999999999995,55.99888392857143,2.7087205041198015,1.4169125797246378,2.349983366151171,2.648997335650519,0.6546107503351337,2.0991776288080652,2.1299797207292137
7,3,Domantas Sabonis,44.0,IND,PF/C,8700,36.5,48.3,5.5649999999999995,35.333333333333336,45.3,49.894811320754705,2.1241745142611568,1.3288342301741873,1.9296924816697858,2.078990362031534,0.7777994630663283,1.5206898648352403,1.6651260284430545
7,4,Jeff Teague,20.5,ATL,PG/SG,3300,26.0,26.5,8.004999999999999,20.333333333333332,23.059999999999995,33.885245901639344,0.41369094662109673,0.4040115598944575,0.8273670601887205,0.1840792868019044,2.3192377146771777,-0.02413541395582725,0.20124505372997897
7,5,Duncan Robinson,38.8,MIA,SG/SF,4700,32.5,24.700000000000003,5.234999999999999,32.333333333333336,23.16,24.827319587628867,0.2724583584673305,0.9765208319723855,0.2036910152465988,0.19259957041354886,0.5693262569058445,1.178856186124025,0.18621987772673176
7,6,Myles Turner,34.5,IND,C,5200,32.0,32.7,6.300000000000001,30.666666666666668,29.520000000000003,34.12173913043478,0.900158750261848,0.9324816571971603,0.8436506063865508,0.7344896081141087,1.2421261495146794,0.896186028728213,0.6390939879569547
7,7,Devin Booker,50.8,PHO,PG/SG,8400,38.5,48.2,5.755,37.333333333333336,42.339999999999996,49.706250000000004,2.116328259363726,1.5049909292750883,1.9167092474635798,1.8267899671268713,0.8978294908556981,1.9677031369960596,1.6284567739854539
8,0,Jeff Teague,20.5,ATL,PG/SG,3300,26.0,26.5,8.004999999999999,20.333333333333332,23.059999999999995,33.885245901639344,0.41369094662109673,0.4040115598944575,0.8273670601887205,0.1840792868019044,2.3192377146771777,-0.02413541395582725,0.20124505372997897
8,1,Bradley Beal,52.8,WAS,SG/SF,10400,37.5,55.75,5.37,37.333333333333336,51.989999999999995,55.99888392857143,2.7087205041198015,1.4169125797246378,2.349983366151171,2.648997335650519,0.6546107503351337,2.0991776288080652,2.1299797207292137
8,2,Mikal Bridges,33.3,PHO,SG/SF,5200,38.5,31.4,6.035,33.666666666666664,23.080000000000002,35.90792079207921,0.7981574365952386,1.5049909292750883,0.9666366713713642,0.18578334352423378,1.0747158475979268,0.8173013336410093,0.5538150238445337
8,3,Domantas Sabonis,44.0,IND,PF/C,8700,36.5,48.3,5.5649999999999995,35.333333333333336,45.3,49.894811320754705,2.1241745142611568,1.3288342301741873,1.9296924816697858,2.078990362031534,0.7777994630663283,1.5206898648352403,1.6651260284430545
8,4,Aaron Holiday,24.3,IND,PG/SG,4000,32.0,28.05,7.04,26.0,20.669999999999998,34.52307692307692,0.5353078975312846,0.9324816571971603,0.8712843890563974,-0.019555491516387368,1.7096115209048548,0.2256661204869837,0.3095912669145856
8,5,Dario Saric,42.5,PHO,SF/PF,4900,33.5,30.950000000000003,6.29,25.666666666666668,24.35,40.395779220779225,0.7628492895567973,1.064599181522836,1.2756444616801068,0.2939909453921128,1.235808779631028,1.422083995976236,0.5527219716961497
8,6,Myles Turner,34.5,IND,C,5200,32.0,32.7,6.300000000000001,30.666666666666668,29.520000000000003,34.12173913043478,0.900158750261848,0.9324816571971603,0.8436506063865508,0.7344896081141087,1.2421261495146794,0.896186028728213,0.6390939879569547
8,7,Jrue Holiday,45.5,NO,PG/SG,8100,36.5,41.55,5.109999999999999,37.0,40.96999999999999,40.98851351351351,1.5945523086845326,1.3288342301741873,1.3164566924908483,1.7100620816473477,0.4903591333602067,1.6192957336942444,1.2658980931646604
9,0,Jeff Teague,20.5,ATL,PG/SG,3300,26.0,26.5,8.004999999999999,20.333333333333332,23.059999999999995,33.885245901639344,0.41369094662109673,0.4040115598944575,0.8273670601887205,0.1840792868019044,2.3192377146771777,-0.02413541395582725,0.20124505372997897
9,1,Aaron Holiday,24.3,IND,PG/SG,4000,32.0,28.05,7.04,26.0,20.669999999999998,34.52307692307692,0.5353078975312846,0.9324816571971603,0.8712843890563974,-0.019555491516387368,1.7096115209048548,0.2256661204869837,0.3095912669145856
9,2,Dario Saric,42.5,PHO,SF/PF,4900,33.5,30.950000000000003,6.29,25.666666666666668,24.35,40.395779220779225,0.7628492895567973,1.064599181522836,1.2756444616801068,0.2939909453921128,1.235808779631028,1.422083995976236,0.5527219716961497
9,3,John Collins,47.5,ATL,PF,8500,35.5,48.0,5.63,34.0,42.68,50.117647058823536,2.1006357495688626,1.2407558806237369,1.9450356526089845,1.855758931406461,0.8188623673100602,1.7507702255062503,1.6246115307308255
9,4,Bradley Beal,52.8,WAS,SG/SF,10400,37.5,55.75,5.37,37.333333333333336,51.989999999999995,55.99888392857143,2.7087205041198015,1.4169125797246378,2.349983366151171,2.648997335650519,0.6546107503351337,2.0991776288080652,2.1299797207292137
9,5,Duncan Robinson,38.8,MIA,SG/SF,4700,32.5,24.700000000000003,5.234999999999999,32.333333333333336,23.16,24.827319587628867,0.2724583584673305,0.9765208319723855,0.2036910152465988,0.19259957041354886,0.5693262569058445,1.178856186124025,0.18621987772673176
9,6,Domantas Sabonis,44.0,IND,PF/C,8700,36.5,48.3,5.5649999999999995,35.333333333333336,45.3,49.894811320754705,2.1241745142611568,1.3288342301741873,1.9296924816697858,2.078990362031534,0.7777994630663283,1.5206898648352403,1.6651260284430545
9,7,Myles Turner,34.5,IND,C,5200,32.0,32.7,6.300000000000001,30.666666666666668,29.520000000000003,34.12173913043478,0.900158750261848,0.9324816571971603,0.8436506063865508,0.7344896081141087,1.2421261495146794,0.896186028728213,0.6390939879569547
10,0,Jeff Teague,20.5,ATL,PG/SG,3300,26.0,26.5,8.004999999999999,20.333333333333332,23.059999999999995,33.885245901639344,0.41369094662109673,0.4040115598944575,0.8273670601887205,0.1840792868019044,2.3192377146771777,-0.02413541395582725,0.20124505372997897
10,1,DeMar DeRozan,43.3,SA,SG/SF,7200,35.5,41.349999999999994,5.765000000000001,35.666666666666664,39.42999999999999,41.15677570093458,1.5788597988896693,1.2407558806237369,1.3280422466150592,1.57884971402803,0.9041468607393495,1.474673792701038,1.2144334856256018
10,2,Bradley Beal,52.8,WAS,SG/SF,10400,37.5,55.75,5.37,37.333333333333336,51.989999999999995,55.99888392857143,2.7087205041198015,1.4169125797246378,2.349983366151171,2.648997335650519,0.6546107503351337,2.0991776288080652,2.1299797207292137
10,3,Derrick Jones Jr.,17.3,MIA,SF/PF,3500,21.5,16.9,4.845000000000001,21.333333333333332,18.9,17.03203125,-0.3395495235323243,0.0076589869174303535,-0.33304713331571206,-0.17036451144248646,0.3229488314434553,-0.23449460085503637,-0.2772886872388735
10,4,Devin Booker,50.8,PHO,PG/SG,8400,38.5,48.2,5.755,37.333333333333336,42.339999999999996,49.706250000000004,2.116328259363726,1.5049909292750883,1.9167092474635798,1.8267899671268713,0.8978294908556981,1.9677031369960596,1.6284567739854539
10,5,Danilo Gallinari,27.8,OKC,SF/PF,6100,32.0,34.2,5.585,31.0,32.120000000000005,35.303225806451614,1.01785257372332,0.9324816571971603,0.925000896917203,0.9560169820168533,0.7904342028336306,0.45574648115799377,0.7716191109360448
10,6,Myles Turner,34.5,IND,C,5200,32.0,32.7,6.300000000000001,30.666666666666668,29.520000000000003,34.12173913043478,0.900158750261848,0.9324816571971603,0.8436506063865508,0.7344896081141087,1.2421261495146794,0.896186028728213,0.6390939879569547
10,7,Eric Bledsoe,24.0,MIL,PG,5700,29.0,31.25,5.475,26.0,30.01,34.855769230769226,0.7863880542490915,0.6682466085458089,0.8941916434820889,0.7762389978111642,0.7209431341134692,0.2059449467151828,0.608297054773128
11,0,Devin Booker,50.8,PHO,PG/SG,8400,38.5,48.2,5.755,37.333333333333336,42.339999999999996,49.706250000000004,2.116328259363726,1.5049909292750883,1.9167092474635798,1.8267899671268713,0.8978294908556981,1.9677031369960596,1.6284567739854539
11,1,Aaron Holiday,24.3,IND,PG/SG,4000,32.0,28.05,7.04,26.0,20.669999999999998,34.52307692307692,0.5353078975312846,0.9324816571971603,0.8712843890563974,-0.019555491516387368,1.7096115209048548,0.2256661204869837,0.3095912669145856
11,2,Mikal Bridges,33.3,PHO,SG/SF,5200,38.5,31.4,6.035,33.666666666666664,23.080000000000002,35.90792079207921,0.7981574365952386,1.5049909292750883,0.9666366713713642,0.18578334352423378,1.0747158475979268,0.8173013336410093,0.5538150238445337
11,3,Dario Saric,42.5,PHO,SF/PF,4900,33.5,30.950000000000003,6.29,25.666666666666668,24.35,40.395779220779225,0.7628492895567973,1.064599181522836,1.2756444616801068,0.2939909453921128,1.235808779631028,1.422083995976236,0.5527219716961497
11,4,Goran Dragic,19.8,MIA,PG,5900,29.0,31.5,5.32,29.666666666666668,31.2,30.792134831460675,0.8060036914926701,0.6682466085458089,0.6143934487969096,0.8776303727897279,0.6230239009168788,-0.0701514860900292,0.6113717722776274
11,5,Danilo Gallinari,27.8,OKC,SF/PF,6100,32.0,34.2,5.585,31.0,32.120000000000005,35.303225806451614,1.01785257372332,0.9324816571971603,0.925000896917203,0.9560169820168533,0.7904342028336306,0.45574648115799377,0.7716191109360448
11,6,Domantas Sabonis,44.0,IND,PF/C,8700,36.5,48.3,5.5649999999999995,35.333333333333336,45.3,49.894811320754705,2.1241745142611568,1.3288342301741873,1.9296924816697858,2.078990362031534,0.7777994630663283,1.5206898648352403,1.6651260284430545
11,7,Myles Turner,34.5,IND,C,5200,32.0,32.7,6.300000000000001,30.666666666666668,29.520000000000003,34.12173913043478,0.900158750261848,0.9324816571971603,0.8436506063865508,0.7344896081141087,1.2421261495146794,0.896186028728213,0.6390939879569547
12,0,Devin Booker,50.8,PHO,PG/SG,8400,38.5,48.2,5.755,37.333333333333336,42.339999999999996,49.706250000000004,2.116328259363726,1.5049909292750883,1.9167092474635798,1.8267899671268713,0.8978294908556981,1.9677031369960596,1.6284567739854539
12,1,Aaron Holiday,24.3,IND,PG/SG,4000,32.0,28.05,7.04,26.0,20.669999999999998,34.52307692307692,0.5353078975312846,0.9324816571971603,0.8712843890563974,-0.019555491516387368,1.7096115209048548,0.2256661204869837,0.3095912669145856
12,2,Dario Saric,42.5,PHO,SF/PF,4900,33.5,30.950000000000003,6.29,25.666666666666668,24.35,40.395779220779225,0.7628492895567973,1.064599181522836,1.2756444616801068,0.2939909453921128,1.235808779631028,1.422083995976236,0.5527219716961497
12,3,Domantas Sabonis,44.0,IND,PF/C,8700,36.5,48.3,5.5649999999999995,35.333333333333336,45.3,49.894811320754705,2.1241745142611568,1.3288342301741873,1.9296924816697858,2.078990362031534,0.7777994630663283,1.5206898648352403,1.6651260284430545
12,4,Justin Holiday,16.8,IND,SG/SF,3400,28.5,23.1,6.779999999999999,23.0,20.3,28.62391304347826,0.14691828010842692,0.6242074337705836,0.4651023260379876,-0.05108054087947002,1.5453599039299277,-0.26736322380803784,0.03645397148618384
12,5,DeMar DeRozan,43.3,SA,SG/SF,7200,35.5,41.349999999999994,5.765000000000001,35.666666666666664,39.42999999999999,41.15677570093458,1.5788597988896693,1.2407558806237369,1.3280422466150592,1.57884971402803,0.9041468607393495,1.474673792701038,1.2144334856256018
12,6,TJ Leaf,0.0,IND,C,3000,0.0,2.65,0.875,5.333333333333333,5.529999999999999,0.0,-1.4576408464163086,-1.8860255284172547,-1.50577359620382,-1.3095264303192917,-2.1850470123660015,-1.3717489550288862,-1.0560139708477903
12,7,John Collins,47.5,ATL,PF,8500,35.5,48.0,5.63,34.0,42.68,50.117647058823536,2.1006357495688626,1.2407558806237369,1.9450356526089845,1.855758931406461,0.8188623673100602,1.7507702255062503,1.6246115307308255
13,0,Jeff Teague,20.5,ATL,PG/SG,3300,26.0,26.5,8.004999999999999,20.333333333333332,23.059999999999995,33.885245901639344,0.41369094662109673,0.4040115598944575,0.8273670601887205,0.1840792868019044,2.3192377146771777,-0.02413541395582725,0.20124505372997897
13,1,Aaron Holiday,24.3,IND,PG/SG,4000,32.0,28.05,7.04,26.0,20.669999999999998,34.52307692307692,0.5353078975312846,0.9324816571971603,0.8712843890563974,-0.019555491516387368,1.7096115209048548,0.2256661204869837,0.3095912669145856
13,2,Bradley Beal,52.8,WAS,SG/SF,10400,37.5,55.75,5.37,37.333333333333336,51.989999999999995,55.99888392857143,2.7087205041198015,1.4169125797246378,2.349983366151171,2.648997335650519,0.6546107503351337,2.0991776288080652,2.1299797207292137
13,3,Gary Clark,1.3,ORL,PF/C,3000,0.0,3.0,1.0,15.333333333333334,7.4,0.0,-1.4301789542752983,-1.8860255284172547,-1.50577359620382,-1.1501971267815485,-2.106079888820364,-1.2862905353510823,-1.0280374905726095
13,4,Jimmy Butler,53.0,MIA,SG/SF,7900,34.0,42.45,5.37,34.666666666666664,41.45,41.633653846153855,1.665168602761416,1.1086383562980613,1.3608772979523236,1.75095944298324,0.6546107503351337,2.1123250779892664,1.3020876470300147
13,5,Danilo Gallinari,27.8,OKC,SF/PF,6100,32.0,34.2,5.585,31.0,32.120000000000005,35.303225806451614,1.01785257372332,0.9324816571971603,0.925000896917203,0.9560169820168533,0.7904342028336306,0.45574648115799377,0.7716191109360448
13,6,Domantas Sabonis,44.0,IND,PF/C,8700,36.5,48.3,5.5649999999999995,35.333333333333336,45.3,49.894811320754705,2.1241745142611568,1.3288342301741873,1.9296924816697858,2.078990362031534,0.7777994630663283,1.5206898648352403,1.6651260284430545
13,7,Dario Saric,42.5,PHO,SF/PF,4900,33.5,30.950000000000003,6.29,25.666666666666668,24.35,40.395779220779225,0.7628492895567973,1.064599181522836,1.2756444616801068,0.2939909453921128,1.235808779631028,1.422083995976236,0.5527219716961497
14,0,Jeff Teague,20.5,ATL,PG/SG,3300,26.0,26.5,8.004999999999999,20.333333333333332,23.059999999999995,33.885245901639344,0.41369094662109673,0.4040115598944575,0.8273670601887205,0.1840792868019044,2.3192377146771777,-0.02413541395582725,0.20124505372997897
14,1,Aaron Holiday,24.3,IND,PG/SG,4000,32.0,28.05,7.04,26.0,20.669999999999998,34.52307692307692,0.5353078975312846,0.9324816571971603,0.8712843890563974,-0.019555491516387368,1.7096115209048548,0.2256661204869837,0.3095912669145856
14,2,Bradley Beal,52.8,WAS,SG/SF,10400,37.5,55.75,5.37,37.333333333333336,51.989999999999995,55.99888392857143,2.7087205041198015,1.4169125797246378,2.349983366151171,2.648997335650519,0.6546107503351337,2.0991776288080652,2.1299797207292137
14,3,Danilo Gallinari,27.8,OKC,SF/PF,6100,32.0,34.2,5.585,31.0,32.120000000000005,35.303225806451614,1.01785257372332,0.9324816571971603,0.925000896917203,0.9560169820168533,0.7904342028336306,0.45574648115799377,0.7716191109360448
14,4,Justin Holiday,16.8,IND,SG/SF,3400,28.5,23.1,6.779999999999999,23.0,20.3,28.62391304347826,0.14691828010842692,0.6242074337705836,0.4651023260379876,-0.05108054087947002,1.5453599039299277,-0.26736322380803784,0.03645397148618384
14,5,James Ennis III,13.8,ORL,SF/PF,4200,27.5,21.3,5.08,23.666666666666668,16.14,24.75,0.00568569195466044,0.5361290842201332,0.19836723881729187,-0.4055243391238612,0.471407023709254,-0.46457496152604644,-0.04112742642206298
14,6,Myles Turner,34.5,IND,C,5200,32.0,32.7,6.300000000000001,30.666666666666668,29.520000000000003,34.12173913043478,0.900158750261848,0.9324816571971603,0.8436506063865508,0.7344896081141087,1.2421261495146794,0.896186028728213,0.6390939879569547
14,7,DeMar DeRozan,43.3,SA,SG/SF,7200,35.5,41.349999999999994,5.765000000000001,35.666666666666664,39.42999999999999,41.15677570093458,1.5788597988896693,1.2407558806237369,1.3280422466150592,1.57884971402803,0.9041468607393495,1.474673792701038,1.2144334856256018
15,0,Javonte Green,6.8,BOS,PG/SG,3200,0.0,4.5,1.405,11.333333333333334,6.7,0.0,-1.3124851308138263,-1.8860255284172547,-1.50577359620382,-1.2098391120630567,-1.850226408532497,-0.9247356828680665,-0.9794394619141565
15,1,Devin Booker,50.8,PHO,PG/SG,8400,38.5,48.2,5.755,37.333333333333336,42.339999999999996,49.706250000000004,2.116328259363726,1.5049909292750883,1.9167092474635798,1.8267899671268713,0.8978294908556981,1.9677031369960596,1.6284567739854539
15,2,LeBron James,63.5,LAL,PG/SF,10900,35.0,54.25,4.965,35.0,56.029999999999994,54.25,2.591026680658329,1.1967167058485118,2.2295654058121523,2.993216793560937,0.39875727004726713,2.8025661600022964,2.09535836057926
15,3,Danilo Gallinari,27.8,OKC,SF/PF,6100,32.0,34.2,5.585,31.0,32.120000000000005,35.303225806451614,1.01785257372332,0.9324816571971603,0.925000896917203,0.9560169820168533,0.7904342028336306,0.45574648115799377,0.7716191109360448
15,4,Shaquille Harrison,48.5,CHI,PG/SF,3500,23.5,18.05,5.17,17.0,12.65,24.951470588235296,-0.24931759221186228,0.1838156860183313,0.21223932998769557,-0.7028822371702375,0.5282633526621131,1.816507471412253,-0.23701352093673242
15,5,Dario Saric,42.5,PHO,SF/PF,4900,33.5,30.950000000000003,6.29,25.666666666666668,24.35,40.395779220779225,0.7628492895567973,1.064599181522836,1.2756444616801068,0.2939909453921128,1.235808779631028,1.422083995976236,0.5527219716961497
15,6,Myles Turner,34.5,IND,C,5200,32.0,32.7,6.300000000000001,30.666666666666668,29.520000000000003,34.12173913043478,0.900158750261848,0.9324816571971603,0.8436506063865508,0.7344896081141087,1.2421261495146794,0.896186028728213,0.6390939879569547
15,7,Lonzo Ball,42.8,NO,PG,7800,35.5,36.5,4.66,34.666666666666664,37.459999999999994,37.37740384615385,1.1983164363642436,1.2407558806237369,1.0678167149600561,1.411000126878643,0.20607748859591107,1.4418051697480365,0.9872206415135746
16,0,Goran Dragic,19.8,MIA,PG,5900,29.0,31.5,5.32,29.666666666666668,31.2,30.792134831460675,0.8060036914926701,0.6682466085458089,0.6143934487969096,0.8776303727897279,0.6230239009168788,-0.0701514860900292,0.6113717722776274
16,1,Jeff Teague,20.5,ATL,PG/SG,3300,26.0,26.5,8.004999999999999,20.333333333333332,23.059999999999995,33.885245901639344,0.41369094662109673,0.4040115598944575,0.8273670601887205,0.1840792868019044,2.3192377146771777,-0.02413541395582725,0.20124505372997897
16,2,Sterling Brown,0.0,MIL,SG/SF,3000,0.0,3.0,1.0,12.0,9.2,0.0,-1.4301789542752983,-1.8860255284172547,-1.50577359620382,-0.9968320217719562,-2.106079888820364,-1.3717489550288862,-1.012169580569711
16,3,Domantas Sabonis,44.0,IND,PF/C,8700,36.5,48.3,5.5649999999999995,35.333333333333336,45.3,49.894811320754705,2.1241745142611568,1.3288342301741873,1.9296924816697858,2.078990362031534,0.7777994630663283,1.5206898648352403,1.6651260284430545
16,4,Aaron Holiday,24.3,IND,PG/SG,4000,32.0,28.05,7.04,26.0,20.669999999999998,34.52307692307692,0.5353078975312846,0.9324816571971603,0.8712843890563974,-0.019555491516387368,1.7096115209048548,0.2256661204869837,0.3095912669145856
16,5,Mikal Bridges,33.3,PHO,SG/SF,5200,38.5,31.4,6.035,33.666666666666664,23.080000000000002,35.90792079207921,0.7981574365952386,1.5049909292750883,0.9666366713713642,0.18578334352423378,1.0747158475979268,0.8173013336410093,0.5538150238445337
16,6,Myles Turner,34.5,IND,C,5200,32.0,32.7,6.300000000000001,30.666666666666668,29.520000000000003,34.12173913043478,0.900158750261848,0.9324816571971603,0.8436506063865508,0.7344896081141087,1.2421261495146794,0.896186028728213,0.6390939879569547
16,7,Bradley Beal,52.8,WAS,SG/SF,10400,37.5,55.75,5.37,37.333333333333336,51.989999999999995,55.99888392857143,2.7087205041198015,1.4169125797246378,2.349983366151171,2.648997335650519,0.6546107503351337,2.0991776288080652,2.1299797207292137
17,0,Jrue Holiday,45.5,NO,PG/SG,8100,36.5,41.55,5.109999999999999,37.0,40.96999999999999,40.98851351351351,1.5945523086845326,1.3288342301741873,1.3164566924908483,1.7100620816473477,0.4903591333602067,1.6192957336942444,1.2658980931646604
17,1,Aaron Holiday,24.3,IND,PG/SG,4000,32.0,28.05,7.04,26.0,20.669999999999998,34.52307692307692,0.5353078975312846,0.9324816571971603,0.8712843890563974,-0.019555491516387368,1.7096115209048548,0.2256661204869837,0.3095912669145856
17,2,Shaquille Harrison,48.5,CHI,PG/SF,3500,23.5,18.05,5.17,17.0,12.65,24.951470588235296,-0.24931759221186228,0.1838156860183313,0.21223932998769557,-0.7028822371702375,0.5282633526621131,1.816507471412253,-0.23701352093673242
17,3,Jae Crowder,8.5,MIA,PF,4800,29.5,25.5,5.28,30.333333333333332,25.560000000000002,24.79945054945055,0.3352283976467821,0.7122857833210341,0.20177211561054095,0.3970863770930055,0.5977544213822746,-0.8129823648278617,0.23846589184158729
17,4,Goran Dragic,19.8,MIA,PG,5900,29.0,31.5,5.32,29.666666666666668,31.2,30.792134831460675,0.8060036914926701,0.6682466085458089,0.6143934487969096,0.8776303727897279,0.6230239009168788,-0.0701514860900292,0.6113717722776274
17,5,LeBron James,63.5,LAL,PG/SF,10900,35.0,54.25,4.965,35.0,56.029999999999994,54.25,2.591026680658329,1.1967167058485118,2.2295654058121523,2.993216793560937,0.39875727004726713,2.8025661600022964,2.09535836057926
17,6,Myles Turner,34.5,IND,C,5200,32.0,32.7,6.300000000000001,30.666666666666668,29.520000000000003,34.12173913043478,0.900158750261848,0.9324816571971603,0.8436506063865508,0.7344896081141087,1.2421261495146794,0.896186028728213,0.6390939879569547
17,7,Wendell Carter Jr.,15.0,CHI,C,5000,26.5,24.6,4.925,26.0,27.139999999999997,25.073076923076925,0.26461210356989895,0.4480507346696827,0.22061243386651866,0.5317068581569805,0.373487790512663,-0.385690266438843,0.22084493661079685
18,0,Devin Booker,50.8,PHO,PG/SG,8400,38.5,48.2,5.755,37.333333333333336,42.339999999999996,49.706250000000004,2.116328259363726,1.5049909292750883,1.9167092474635798,1.8267899671268713,0.8978294908556981,1.9677031369960596,1.6284567739854539
18,1,Quinn Cook,0.0,LAL,PG/SG,3000,0.0,0.75,0.25,7.666666666666667,5.99,0.0,-1.6067196894675064,-1.8860255284172547,-1.50577359620382,-1.270333125705729,-2.5798826300941906,-1.3717489550288862,-1.1166033412024219
18,2,Danilo Gallinari,27.8,OKC,SF/PF,6100,32.0,34.2,5.585,31.0,32.120000000000005,35.303225806451614,1.01785257372332,0.9324816571971603,0.925000896917203,0.9560169820168533,0.7904342028336306,0.45574648115799377,0.7716191109360448
18,3,Dario Saric,42.5,PHO,SF/PF,4900,33.5,30.950000000000003,6.29,25.666666666666668,24.35,40.395779220779225,0.7628492895567973,1.064599181522836,1.2756444616801068,0.2939909453921128,1.235808779631028,1.422083995976236,0.5527219716961497
18,4,DeMar DeRozan,43.3,SA,SG/SF,7200,35.5,41.349999999999994,5.765000000000001,35.666666666666664,39.42999999999999,41.15677570093458,1.5788597988896693,1.2407558806237369,1.3280422466150592,1.57884971402803,0.9041468607393495,1.474673792701038,1.2144334856256018
18,5,Justin Holiday,16.8,IND,SG/SF,3400,28.5,23.1,6.779999999999999,23.0,20.3,28.62391304347826,0.14691828010842692,0.6242074337705836,0.4651023260379876,-0.05108054087947002,1.5453599039299277,-0.26736322380803784,0.03645397148618384
18,6,Domantas Sabonis,44.0,IND,PF/C,8700,36.5,48.3,5.5649999999999995,35.333333333333336,45.3,49.894811320754705,2.1241745142611568,1.3288342301741873,1.9296924816697858,2.078990362031534,0.7777994630663283,1.5206898648352403,1.6651260284430545
18,7,Aaron Holiday,24.3,IND,PG/SG,4000,32.0,28.05,7.04,26.0,20.669999999999998,34.52307692307692,0.5353078975312846,0.9324816571971603,0.8712843890563974,-0.019555491516387368,1.7096115209048548,0.2256661204869837,0.3095912669145856
19,0,Jeff Teague,20.5,ATL,PG/SG,3300,26.0,26.5,8.004999999999999,20.333333333333332,23.059999999999995,33.885245901639344,0.41369094662109673,0.4040115598944575,0.8273670601887205,0.1840792868019044,2.3192377146771777,-0.02413541395582725,0.20124505372997897
19,1,RJ Barrett,27.0,NY,PG/SG,5500,30.5,26.65,4.83,30.333333333333332,26.65,26.79642857142857,0.42546032896724384,0.8003641328714846,0.3392723901112452,0.48995746845992494,0.31347277661797845,0.4031566844331914,0.33664653079793216
19,2,Justin Holiday,16.8,IND,SG/SF,3400,28.5,23.1,6.779999999999999,23.0,20.3,28.62391304347826,0.14691828010842692,0.6242074337705836,0.4651023260379876,-0.05108054087947002,1.5453599039299277,-0.26736322380803784,0.03645397148618384
19,3,John Collins,47.5,ATL,PF,8500,35.5,48.0,5.63,34.0,42.68,50.117647058823536,2.1006357495688626,1.2407558806237369,1.9450356526089845,1.855758931406461,0.8188623673100602,1.7507702255062503,1.6246115307308255
19,4,Devin Booker,50.8,PHO,PG/SG,8400,38.5,48.2,5.755,37.333333333333336,42.339999999999996,49.706250000000004,2.116328259363726,1.5049909292750883,1.9167092474635798,1.8267899671268713,0.8978294908556981,1.9677031369960596,1.6284567739854539
19,5,Troy Brown Jr.,29.5,WAS,SG/SF,3500,20.5,18.05,5.17,20.0,20.65,18.501250000000002,-0.24931759221186228,-0.08041936263302012,-0.23188528816606843,-0.021259548238716137,0.5282633526621131,0.5674997991981986,-0.21282730412301465
19,6,Myles Turner,34.5,IND,C,5200,32.0,32.7,6.300000000000001,30.666666666666668,29.520000000000003,34.12173913043478,0.900158750261848,0.9324816571971603,0.8436506063865508,0.7344896081141087,1.2421261495146794,0.896186028728213,0.6390939879569547
19,7,Dario Saric,42.5,PHO,SF/PF,4900,33.5,30.950000000000003,6.29,25.666666666666668,24.35,40.395779220779225,0.7628492895567973,1.064599181522836,1.2756444616801068,0.2939909453921128,1.235808779631028,1.422083995976236,0.5527219716961497
20,0,Lonzo Ball,42.8,NO,PG,7800,35.5,36.5,4.66,34.666666666666664,37.459999999999994,37.37740384615385,1.1983164363642436,1.2407558806237369,1.0678167149600561,1.411000126878643,0.20607748859591107,1.4418051697480365,0.9872206415135746
20,1,Mikal Bridges,33.3,PHO,SG/SF,5200,38.5,31.4,6.035,33.666666666666664,23.080000000000002,35.90792079207921,0.7981574365952386,1.5049909292750883,0.9666366713713642,0.18578334352423378,1.0747158475979268,0.8173013336410093,0.5538150238445337
20,2,Dario Saric,42.5,PHO,SF/PF,4900,33.5,30.950000000000003,6.29,25.666666666666668,24.35,40.395779220779225,0.7628492895567973,1.064599181522836,1.2756444616801068,0.2939909453921128,1.235808779631028,1.422083995976236,0.5527219716961497
20,3,Domantas Sabonis,44.0,IND,PF/C,8700,36.5,48.3,5.5649999999999995,35.333333333333336,45.3,49.894811320754705,2.1241745142611568,1.3288342301741873,1.9296924816697858,2.078990362031534,0.7777994630663283,1.5206898648352403,1.6651260284430545
20,4,Aaron Holiday,24.3,IND,PG/SG,4000,32.0,28.05,7.04,26.0,20.669999999999998,34.52307692307692,0.5353078975312846,0.9324816571971603,0.8712843890563974,-0.019555491516387368,1.7096115209048548,0.2256661204869837,0.3095912669145856
20,5,Duncan Robinson,38.8,MIA,SG/SF,4700,32.5,24.700000000000003,5.234999999999999,32.333333333333336,23.16,24.827319587628867,0.2724583584673305,0.9765208319723855,0.2036910152465988,0.19259957041354886,0.5693262569058445,1.178856186124025,0.18621987772673176
20,6,Anthony Tolliver,15.0,MEM,PF/C,3000,16.0,11.45,3.815,16.666666666666668,9.35,10.991999999999999,-0.7671704154423393,-0.4767719356100472,-0.7489285029289892,-0.9840515963544901,-0.3277402665726006,-0.385690266438843,-0.6271365063447598
20,7,Jimmy Butler,53.0,MIA,SG/SF,7900,34.0,42.45,5.37,34.666666666666664,41.45,41.633653846153855,1.665168602761416,1.1086383562980613,1.3608772979523236,1.75095944298324,0.6546107503351337,2.1123250779892664,1.3020876470300147
21,0,Jeff Teague,20.5,ATL,PG/SG,3300,26.0,26.5,8.004999999999999,20.333333333333332,23.059999999999995,33.885245901639344,0.41369094662109673,0.4040115598944575,0.8273670601887205,0.1840792868019044,2.3192377146771777,-0.02413541395582725,0.20124505372997897
21,1,Devin Booker,50.8,PHO,PG/SG,8400,38.5,48.2,5.755,37.333333333333336,42.339999999999996,49.706250000000004,2.116328259363726,1.5049909292750883,1.9167092474635798,1.8267899671268713,0.8978294908556981,1.9677031369960596,1.6284567739854539
21,2,Bradley Beal,52.8,WAS,SG/SF,10400,37.5,55.75,5.37,37.333333333333336,51.989999999999995,55.99888392857143,2.7087205041198015,1.4169125797246378,2.349983366151171,2.648997335650519,0.6546107503351337,2.0991776288080652,2.1299797207292137
21,3,James Ennis III,13.8,ORL,SF/PF,4200,27.5,21.3,5.08,23.666666666666668,16.14,24.75,0.00568569195466044,0.5361290842201332,0.19836723881729187,-0.4055243391238612,0.471407023709254,-0.46457496152604644,-0.04112742642206298
21,4,Elie Okobo,5.3,PHO,PG/SG,3100,20.5,14.25,4.57,14.666666666666666,11.39,19.917613636363637,-0.5474752783142581,-0.08041936263302012,-0.1343627382684417,-0.8102378106769521,0.14922115964305194,-1.0233415517270708,-0.4421543243747651
21,5,DeMar DeRozan,43.3,SA,SG/SF,7200,35.5,41.349999999999994,5.765000000000001,35.666666666666664,39.42999999999999,41.15677570093458,1.5788597988896693,1.2407558806237369,1.3280422466150592,1.57884971402803,0.9041468607393495,1.474673792701038,1.2144334856256018
21,6,TJ Leaf,0.0,IND,C,3000,0.0,2.65,0.875,5.333333333333333,5.529999999999999,0.0,-1.4576408464163086,-1.8860255284172547,-1.50577359620382,-1.3095264303192917,-2.1850470123660015,-1.3717489550288862,-1.0560139708477903
21,7,Wendell Carter Jr.,15.0,CHI,C,5000,26.5,24.6,4.925,26.0,27.139999999999997,25.073076923076925,0.26461210356989895,0.4480507346696827,0.22061243386651866,0.5317068581569805,0.373487790512663,-0.385690266438843,0.22084493661079685
22,0,Jeff Teague,20.5,ATL,PG/SG,3300,26.0,26.5,8.004999999999999,20.333333333333332,23.059999999999995,33.885245901639344,0.41369094662109673,0.4040115598944575,0.8273670601887205,0.1840792868019044,2.3192377146771777,-0.02413541395582725,0.20124505372997897
22,1,Aaron Holiday,24.3,IND,PG/SG,4000,32.0,28.05,7.04,26.0,20.669999999999998,34.52307692307692,0.5353078975312846,0.9324816571971603,0.8712843890563974,-0.019555491516387368,1.7096115209048548,0.2256661204869837,0.3095912669145856
22,2,Yuta Watanabe,8.0,MEM,SF,3000,0.0,1.4,0.46,7.333333333333333,3.94,0.0,-1.5557190326342019,-1.8860255284172547,-1.50577359620382,-1.4449989397444314,-2.447217862537519,-0.8458509877808631,-1.11239877387963
22,3,John Collins,47.5,ATL,PF,8500,35.5,48.0,5.63,34.0,42.68,50.117647058823536,2.1006357495688626,1.2407558806237369,1.9450356526089845,1.855758931406461,0.8188623673100602,1.7507702255062503,1.6246115307308255
22,4,John Konchar,16.3,MEM,SG/SF,3000,14.5,13.65,4.525,15.666666666666666,12.05,12.633510638297873,-0.5945528076988469,-0.608889459935723,-0.6359036419251518,-0.7540039388401015,0.12079299516662238,-0.30023184676103926,-0.5200091139651443
22,5,Mario Hezonja,10.0,POR,SF/PF,3000,13.0,11.5,3.85,18.333333333333332,11.639999999999999,8.154545454545454,-0.7632472879936235,-0.7410069842613987,-0.9442990951885996,-0.7889371016478421,-0.3056294719798219,-0.7143764959688573,-0.6293077298459182
22,6,Domantas Sabonis,44.0,IND,PF/C,8700,36.5,48.3,5.5649999999999995,35.333333333333336,45.3,49.894811320754705,2.1241745142611568,1.3288342301741873,1.9296924816697858,2.078990362031534,0.7777994630663283,1.5206898648352403,1.6651260284430545
22,7,Bradley Beal,52.8,WAS,SG/SF,10400,37.5,55.75,5.37,37.333333333333336,51.989999999999995,55.99888392857143,2.7087205041198015,1.4169125797246378,2.349983366151171,2.648997335650519,0.6546107503351337,2.0991776288080652,2.1299797207292137
23,0,Bryn Forbes,12.3,SA,PG/SG,3400,25.5,18.8,5.52,25.0,17.8,19.176,-0.19047068048112628,0.35997238511923224,-0.1854259334820083,-0.2640876311705705,0.7493712985898988,-0.5631808303850507,-0.2038814355656422
23,1,Elie Okobo,5.3,PHO,PG/SG,3100,20.5,14.25,4.57,14.666666666666666,11.39,19.917613636363637,-0.5474752783142581,-0.08041936263302012,-0.1343627382684417,-0.8102378106769521,0.14922115964305194,-1.0233415517270708,-0.4421543243747651
23,2,Josh Okogie,8.0,MIN,SG/SF,4100,27.0,20.9,5.08,27.0,19.54,20.9,-0.025699327635065602,0.49208990944490794,-0.0667213355193256,-0.1158346963279647,0.471407023709254,-0.8458509877808631,-0.055756626059295135
23,3,Trey Lyles,29.0,SA,PF/C,5100,33.5,29.45,5.795,28.333333333333332,21.11,34.820294117647066,0.645155466095325,1.064599181522836,0.8917490338296257,0.01793375637484642,0.9230989703903022,0.5346311762451972,0.4376013164347548
23,4,Michael Carter-Williams,28.5,ORL,PG/SG,3300,20.0,20.85,6.32,18.333333333333332,17.85,22.74545454545455,-0.029622455083781113,-0.12445853740824535,0.060345914989136,-0.2598274893647484,1.254760889281981,0.5017625532921957,-0.1256815716746988
23,5,Duncan Robinson,38.8,MIA,SG/SF,4700,32.5,24.700000000000003,5.234999999999999,32.333333333333336,23.16,24.827319587628867,0.2724583584673305,0.9765208319723855,0.2036910152465988,0.19259957041354886,0.5693262569058445,1.178856186124025,0.18621987772673176
23,6,Rui Hachimura,17.5,WAS,PF/C,5300,30.0,27.4,5.18,29.333333333333332,26.48,28.022727272727273,0.48430724069797987,0.7563249580962593,0.4237081756795877,0.4754729863201303,0.534580722545764,-0.22134715167383587,0.3632709938022079
23,7,Markelle Fultz,41.3,ORL,PG/SG,5400,31.5,30.6,5.68,28.666666666666668,27.04,33.62441860465117,0.7353873974157871,0.888442482421935,0.809408011797378,0.5231865745453367,0.8504492167283152,1.3431993008890322,0.5387578863427059
24,0,Ty Jerome,4.8,PHO,PG/SG,3000,11.0,9.95,3.335,6.666666666666667,8.309999999999999,16.4175,-0.8848642389038114,-0.9171636833622996,-0.3753601756398157,-1.072662545915588,-0.6309740209878497,-1.0562101746800723,-0.6618808986730803
24,1,Coby White,40.0,CHI,PG/SG,6300,32.0,32.55,5.1899999999999995,30.0,28.71,34.72,0.8883893679157003,0.9324816571971603,0.8848433650864023,0.665475310859792,0.5408980924294149,1.2577408812112287,0.6754571052859794
24,2,Josh Hart,42.5,NO,SF,3900,21.5,18.55,4.77,25.0,22.25,15.953,-0.21008631772470496,0.0076589869174303535,-0.4073429399980908,0.11506498954758827,0.275568557316072,1.422083995976236,-0.17241963431583204
24,3,Kyle Anderson,21.5,MEM,SF/PF,4200,27.0,20.4,4.88,21.666666666666668,17.939999999999998,25.421538461538457,-0.06493060212222294,0.49208990944490794,0.24460546566961264,-0.2521592341142691,0.3450596260362334,0.041601831950175625,-0.056510672583059675
24,4,Devin Booker,50.8,PHO,PG/SG,8400,38.5,48.2,5.755,37.333333333333336,42.339999999999996,49.706250000000004,2.116328259363726,1.5049909292750883,1.9167092474635798,1.8267899671268713,0.8978294908556981,1.9677031369960596,1.6284567739854539
24,5,Wenyen Gabriel,10.0,POR,PF,3000,0.0,1.9,0.625,7.666666666666667,4.859999999999999,0.0,-1.5164877581470446,-1.8860255284172547,-1.50577359620382,-1.3666123305173066,-2.342981259457277,-0.7143764959688573,-1.087299022169161
24,6,Jarrett Allen,23.0,BKN,C,4800,25.0,27.35,5.6850000000000005,24.333333333333332,27.51,28.09931506849315,0.48038411324926433,0.315933210344007,0.4289815651837853,0.5632319075200638,0.8536079016701412,0.14020770080917994,0.3405125982210325
24,7,Daniel Theis,31.8,BOS,C,5200,24.5,24.55,4.705,24.666666666666668,24.41,24.38412162162162,0.2606889761211832,0.2718940355687818,0.17317498486796248,0.2991031155590991,0.23450565307234064,0.7186954647820052,0.19583224744382258
25,0,Delon Wright,34.5,DAL,PG/SG,4200,27.0,23.9,5.699999999999999,24.0,20.560000000000002,26.887499999999996,0.20968831928787846,0.49208990944490794,0.3455430382054785,-0.02892780348919544,0.863083956495617,0.896186028728213,0.10901603885995954
25,1,Donte DiVincenzo,29.3,MIL,PG/SG,4800,24.0,20.3,4.23,24.333333333333332,22.68,20.02191780821918,-0.07277685701965425,0.22785486079355652,-0.12718096055037748,0.15170220907765752,-0.06556941640108277,0.554352350016998,-0.03170060420624291
25,2,Isaac Bonga,8.5,WAS,SF/PF,3100,22.0,15.15,4.91,18.333333333333332,12.669999999999998,18.18,-0.4768589842373749,0.051698161692655585,-0.2540046919337669,-0.7011781804479088,0.36401173568718664,-0.8129823648278617,-0.4106147681932309
25,3,Rudy Gay,26.0,SA,SF/PF,4600,26.0,25.200000000000003,5.495,24.0,22.720000000000002,27.3,0.31168963295448787,0.4040115598944575,0.3739453854558307,0.15511032252231538,0.7335778738807716,0.33741943852718853,0.19991377922202958
25,4,E'Twaun Moore,9.3,NO,SG/SF,3000,16.0,13.45,4.5,16.666666666666668,14.25,12.911999999999999,-0.6102453174937099,-0.4767719356100472,-0.6167284866364423,-0.5665576993839332,0.1049995704574946,-0.7603925681030593,-0.5047823323130601
25,5,Kelan Martin,4.8,MIN,SF/PF,3000,0.0,4.75,1.585,12.0,10.55,0.0,-1.2928694935702476,-1.8860255284172547,-1.50577359620382,-0.8818081930147618,-1.736513750626779,-1.0562101746800723,-0.9411221468712058
25,6,JaVale McGee,26.8,LAL,C,3600,14.0,16.0,4.46,18.333333333333332,17.639999999999997,12.218181818181819,-0.41016581760920745,-0.6529286347109482,-0.6645007652512489,-0.2777200849492012,0.07973009092289048,0.3900092352519909,-0.3588999869337368
25,7,Jimmy Butler,53.0,MIA,SG/SF,7900,34.0,42.45,5.37,34.666666666666664,41.45,41.633653846153855,1.665168602761416,1.1086383562980613,1.3608772979523236,1.75095944298324,0.6546107503351337,2.1123250779892664,1.3020876470300147
