Lineup Num,,Player Name,Actual FP,team,Pos,Salary,DFN_MinProj,Avg Proj,Avg Value Proj,Avg Skewed Min,Avg Skewed FP,Proj Min Enhanced,Avg Proj Stan,DFN_MinProj Stan,Proj Min Enhanced Stan,Avg Skewed FP Stan,Avg Value Proj Stan,Actual FP Stan,predictions
0,0,James Harden,79.3,HOU,PG/SG,10100,35.5,58.599999999999994,5.8100000000000005,37.0,51.55999999999999,56.224324324324314,2.987414908854263,1.2122814249382503,2.4558757756031055,2.3262653212404842,1.1437575341355493,3.8186750392934057,2.297920294374454
0,1,Buddy Hield,36.8,SAC,SG/SF,6200,32.5,35.2,5.695,28.333333333333332,25.52,40.3764705882353,0.9883160157051433,0.8920851882561474,1.251815918683841,0.23146974419960353,1.0301110755129046,0.9096345757238611,0.7045373527697919
0,2,Bogdan Bogdanovic,25.0,SAC,SG/SF,3800,24.5,24.55,6.455,23.333333333333332,19.93,25.777500000000003,0.07846972459240205,0.03822855710387284,0.14264146955259144,-0.21821947529573169,1.7811659324973375,0.10194804701514067,-0.09719128328831247
0,3,Montrezl Harrell,14.0,LAC,PF/C,6500,30.5,35.5,5.46,29.666666666666668,34.760000000000005,36.497191011235955,1.0139454886942343,0.6786210304680788,0.9570829605044607,0.9747843037947556,0.7978770078927176,-0.650980072967565,0.765779349763698
0,4,Eric Gordon,19.8,HOU,SG/SF,3900,34.0,24.950000000000003,6.385,34.666666666666664,18.330000000000002,24.47019230769231,0.11264235524452396,1.0521833065971988,0.0433171863302559,-0.3469319531477058,1.711989827248771,-0.2539816097039565,-0.053549874647338604
0,5,T.J. Warren,30.8,IND,SF/PF,5100,35.0,28.35,5.57,36.333333333333336,22.47,27.309633027522935,0.4031097157875585,1.158915385491233,0.2590471295631691,-0.013888416705722533,0.9065823161404648,0.49894651027874914,0.25074939527286433
0,6,Richaun Holmes,39.3,SAC,PF/C,4500,26.0,27.5,6.109999999999999,21.0,22.54,34.04761904761905,0.33049287565179974,0.1983266754449243,0.7709737676041303,-0.008257245799698635,1.4402265566294032,1.0807546029926578,0.1497504546376518
0,7,Karl-Anthony Towns,28.0,MIN,C,9900,34.0,56.2,5.6899999999999995,33.0,66.44,57.903030303030306,2.7823791249415337,1.0521833065971988,2.5834174928722016,3.523291365263846,1.0251699251380062,0.30729207973769673,2.22224794852862
1,0,Patrick Beverley,12.8,LAC,PG/SG,4700,30.5,26.55,5.67,30.333333333333332,24.029999999999998,26.695879120879123,0.2493328778530107,0.6786210304680788,0.21241643411862876,0.11160624919995231,1.0054053236384162,-0.7331176860565874,0.12518508813282145
1,1,James Harden,79.3,HOU,PG/SG,10100,35.5,58.599999999999994,5.8100000000000005,37.0,51.55999999999999,56.224324324324314,2.987414908854263,1.2122814249382503,2.4558757756031055,2.3262653212404842,1.1437575341355493,3.8186750392934057,2.297920294374454
1,2,Eric Gordon,19.8,HOU,SG/SF,3900,34.0,24.950000000000003,6.385,34.666666666666664,18.330000000000002,24.47019230769231,0.11264235524452396,1.0521833065971988,0.0433171863302559,-0.3469319531477058,1.711989827248771,-0.2539816097039565,-0.053549874647338604
1,3,Richaun Holmes,39.3,SAC,PF/C,4500,26.0,27.5,6.109999999999999,21.0,22.54,34.04761904761905,0.33049287565179974,0.1983266754449243,0.7709737676041303,-0.008257245799698635,1.4402265566294032,1.0807546029926578,0.1497504546376518
1,4,Lou Williams,31.8,LAC,PG/SG,6800,33.0,37.15,5.46,30.333333333333332,35.910000000000004,40.41593406593407,1.1549075901342363,0.9454512277031645,1.2548142041364199,1.067296397250862,0.7978770078927176,0.5673945211862679,0.888923748113579
1,5,Bogdan Bogdanovic,25.0,SAC,SG/SF,3800,24.5,24.55,6.455,23.333333333333332,19.93,25.777500000000003,0.07846972459240205,0.03822855710387284,0.14264146955259144,-0.21821947529573169,1.7811659324973375,0.10194804701514067,-0.09719128328831247
1,6,Karl-Anthony Towns,28.0,MIN,C,9900,34.0,56.2,5.6899999999999995,33.0,66.44,57.903030303030306,2.7823791249415337,1.0521833065971988,2.5834174928722016,3.523291365263846,1.0251699251380062,0.30729207973769673,2.22224794852862
1,7,Buddy Hield,36.8,SAC,SG/SF,6200,32.5,35.2,5.695,28.333333333333332,25.52,40.3764705882353,0.9883160157051433,0.8920851882561474,1.251815918683841,0.23146974419960353,1.0301110755129046,0.9096345757238611,0.7045373527697919
2,0,Patrick Beverley,12.8,LAC,PG/SG,4700,30.5,26.55,5.67,30.333333333333332,24.029999999999998,26.695879120879123,0.2493328778530107,0.6786210304680788,0.21241643411862876,0.11160624919995231,1.0054053236384162,-0.7331176860565874,0.12518508813282145
2,1,Eric Gordon,19.8,HOU,SG/SF,3900,34.0,24.950000000000003,6.385,34.666666666666664,18.330000000000002,24.47019230769231,0.11264235524452396,1.0521833065971988,0.0433171863302559,-0.3469319531477058,1.711989827248771,-0.2539816097039565,-0.053549874647338604
2,2,Tobias Harris,33.3,PHI,SF/PF,6700,35.5,36.65,5.445,37.0,38.45,35.16418918918919,1.1121918018190842,1.2122814249382503,0.8558065346959751,1.2716274558408711,0.7830535567680251,0.6700665375475456,0.8621488688509055
2,3,Richaun Holmes,39.3,SAC,PF/C,4500,26.0,27.5,6.109999999999999,21.0,22.54,34.04761904761905,0.33049287565179974,0.1983266754449243,0.7709737676041303,-0.008257245799698635,1.4402265566294032,1.0807546029926578,0.1497504546376518
2,4,Bogdan Bogdanovic,25.0,SAC,SG/SF,3800,24.5,24.55,6.455,23.333333333333332,19.93,25.777500000000003,0.07846972459240205,0.03822855710387284,0.14264146955259144,-0.21821947529573169,1.7811659324973375,0.10194804701514067,-0.09719128328831247
2,5,Buddy Hield,36.8,SAC,SG/SF,6200,32.5,35.2,5.695,28.333333333333332,25.52,40.3764705882353,0.9883160157051433,0.8920851882561474,1.251815918683841,0.23146974419960353,1.0301110755129046,0.9096345757238611,0.7045373527697919
2,6,Karl-Anthony Towns,28.0,MIN,C,9900,34.0,56.2,5.6899999999999995,33.0,66.44,57.903030303030306,2.7823791249415337,1.0521833065971988,2.5834174928722016,3.523291365263846,1.0251699251380062,0.30729207973769673,2.22224794852862
2,7,James Harden,79.3,HOU,PG/SG,10100,35.5,58.599999999999994,5.8100000000000005,37.0,51.55999999999999,56.224324324324314,2.987414908854263,1.2122814249382503,2.4558757756031055,2.3262653212404842,1.1437575341355493,3.8186750392934057,2.297920294374454
3,0,James Harden,79.3,HOU,PG/SG,10100,35.5,58.599999999999994,5.8100000000000005,37.0,51.55999999999999,56.224324324324314,2.987414908854263,1.2122814249382503,2.4558757756031055,2.3262653212404842,1.1437575341355493,3.8186750392934057,2.297920294374454
3,1,Patrick Beverley,12.8,LAC,PG/SG,4700,30.5,26.55,5.67,30.333333333333332,24.029999999999998,26.695879120879123,0.2493328778530107,0.6786210304680788,0.21241643411862876,0.11160624919995231,1.0054053236384162,-0.7331176860565874,0.12518508813282145
3,2,Bogdan Bogdanovic,25.0,SAC,SG/SF,3800,24.5,24.55,6.455,23.333333333333332,19.93,25.777500000000003,0.07846972459240205,0.03822855710387284,0.14264146955259144,-0.21821947529573169,1.7811659324973375,0.10194804701514067,-0.09719128328831247
3,3,T.J. Warren,30.8,IND,SF/PF,5100,35.0,28.35,5.57,36.333333333333336,22.47,27.309633027522935,0.4031097157875585,1.158915385491233,0.2590471295631691,-0.013888416705722533,0.9065823161404648,0.49894651027874914,0.25074939527286433
3,4,Eric Gordon,19.8,HOU,SG/SF,3900,34.0,24.950000000000003,6.385,34.666666666666664,18.330000000000002,24.47019230769231,0.11264235524452396,1.0521833065971988,0.0433171863302559,-0.3469319531477058,1.711989827248771,-0.2539816097039565,-0.053549874647338604
3,5,Richaun Holmes,39.3,SAC,PF/C,4500,26.0,27.5,6.109999999999999,21.0,22.54,34.04761904761905,0.33049287565179974,0.1983266754449243,0.7709737676041303,-0.008257245799698635,1.4402265566294032,1.0807546029926578,0.1497504546376518
3,6,Domantas Sabonis,46.5,IND,PF/C,7900,34.5,42.95,5.42,36.0,38.75,41.16041666666666,1.6504107345900016,1.105549346044216,1.3113771702417714,1.295761045438116,0.7583478048935369,1.5735802815267927,1.2679337941623468
3,7,Karl-Anthony Towns,28.0,MIN,C,9900,34.0,56.2,5.6899999999999995,33.0,66.44,57.903030303030306,2.7823791249415337,1.0521833065971988,2.5834174928722016,3.523291365263846,1.0251699251380062,0.30729207973769673,2.22224794852862
4,0,Lou Williams,31.8,LAC,PG/SG,6800,33.0,37.15,5.46,30.333333333333332,35.910000000000004,40.41593406593407,1.1549075901342363,0.9454512277031645,1.2548142041364199,1.067296397250862,0.7978770078927176,0.5673945211862679,0.888923748113579
4,1,Buddy Hield,36.8,SAC,SG/SF,6200,32.5,35.2,5.695,28.333333333333332,25.52,40.3764705882353,0.9883160157051433,0.8920851882561474,1.251815918683841,0.23146974419960353,1.0301110755129046,0.9096345757238611,0.7045373527697919
4,2,Eric Gordon,19.8,HOU,SG/SF,3900,34.0,24.950000000000003,6.385,34.666666666666664,18.330000000000002,24.47019230769231,0.11264235524452396,1.0521833065971988,0.0433171863302559,-0.3469319531477058,1.711989827248771,-0.2539816097039565,-0.053549874647338604
4,3,Jayson Tatum,36.5,BOS,SF/PF,6800,35.0,38.95,5.705,34.666666666666664,42.05,39.32451923076923,1.3086844280687844,1.158915385491233,1.1718926418761892,1.561230531007813,1.0399933762626994,0.8891001724516057,1.0075146959741093
4,4,Devin Booker,47.0,PHO,PG/SG,7900,35.0,42.45,5.37,34.666666666666664,39.370000000000005,42.85817307692309,1.6076949462748495,1.158915385491233,1.44036626709102,1.3456371306057566,0.7089363011445612,1.607804286980552,1.2494422233001783
4,5,Bogdan Bogdanovic,25.0,SAC,SG/SF,3800,24.5,24.55,6.455,23.333333333333332,19.93,25.777500000000003,0.07846972459240205,0.03822855710387284,0.14264146955259144,-0.21821947529573169,1.7811659324973375,0.10194804701514067,-0.09719128328831247
4,6,Richaun Holmes,39.3,SAC,PF/C,4500,26.0,27.5,6.109999999999999,21.0,22.54,34.04761904761905,0.33049287565179974,0.1983266754449243,0.7709737676041303,-0.008257245799698635,1.4402265566294032,1.0807546029926578,0.1497504546376518
4,7,James Harden,79.3,HOU,PG/SG,10100,35.5,58.599999999999994,5.8100000000000005,37.0,51.55999999999999,56.224324324324314,2.987414908854263,1.2122814249382503,2.4558757756031055,2.3262653212404842,1.1437575341355493,3.8186750392934057,2.297920294374454
5,0,Terry Rozier,46.8,CHA,PG,6200,32.0,33.6,5.43,30.333333333333332,29.02,35.44615384615385,0.8516254930966561,0.8387191488091302,0.8772291405689735,0.5130282895007974,0.7682301056433318,1.5941146847990482,0.6279020991221579
5,1,Eric Gordon,19.8,HOU,SG/SF,3900,34.0,24.950000000000003,6.385,34.666666666666664,18.330000000000002,24.47019230769231,0.11264235524452396,1.0521833065971988,0.0433171863302559,-0.3469319531477058,1.711989827248771,-0.2539816097039565,-0.053549874647338604
5,2,Bogdan Bogdanovic,25.0,SAC,SG/SF,3800,24.5,24.55,6.455,23.333333333333332,19.93,25.777500000000003,0.07846972459240205,0.03822855710387284,0.14264146955259144,-0.21821947529573169,1.7811659324973375,0.10194804701514067,-0.09719128328831247
5,3,T.J. Warren,30.8,IND,SF/PF,5100,35.0,28.35,5.57,36.333333333333336,22.47,27.309633027522935,0.4031097157875585,1.158915385491233,0.2590471295631691,-0.013888416705722533,0.9065823161404648,0.49894651027874914,0.25074939527286433
5,4,James Harden,79.3,HOU,PG/SG,10100,35.5,58.599999999999994,5.8100000000000005,37.0,51.55999999999999,56.224324324324314,2.987414908854263,1.2122814249382503,2.4558757756031055,2.3262653212404842,1.1437575341355493,3.8186750392934057,2.297920294374454
5,5,Richaun Holmes,39.3,SAC,PF/C,4500,26.0,27.5,6.109999999999999,21.0,22.54,34.04761904761905,0.33049287565179974,0.1983266754449243,0.7709737676041303,-0.008257245799698635,1.4402265566294032,1.0807546029926578,0.1497504546376518
5,6,Karl-Anthony Towns,28.0,MIN,C,9900,34.0,56.2,5.6899999999999995,33.0,66.44,57.903030303030306,2.7823791249415337,1.0521833065971988,2.5834174928722016,3.523291365263846,1.0251699251380062,0.30729207973769673,2.22224794852862
5,7,Montrezl Harrell,14.0,LAC,PF/C,6500,30.5,35.5,5.46,29.666666666666668,34.760000000000005,36.497191011235955,1.0139454886942343,0.6786210304680788,0.9570829605044607,0.9747843037947556,0.7978770078927176,-0.650980072967565,0.765779349763698
6,0,Patrick Beverley,12.8,LAC,PG/SG,4700,30.5,26.55,5.67,30.333333333333332,24.029999999999998,26.695879120879123,0.2493328778530107,0.6786210304680788,0.21241643411862876,0.11160624919995231,1.0054053236384162,-0.7331176860565874,0.12518508813282145
6,1,James Harden,79.3,HOU,PG/SG,10100,35.5,58.599999999999994,5.8100000000000005,37.0,51.55999999999999,56.224324324324314,2.987414908854263,1.2122814249382503,2.4558757756031055,2.3262653212404842,1.1437575341355493,3.8186750392934057,2.297920294374454
6,2,Bogdan Bogdanovic,25.0,SAC,SG/SF,3800,24.5,24.55,6.455,23.333333333333332,19.93,25.777500000000003,0.07846972459240205,0.03822855710387284,0.14264146955259144,-0.21821947529573169,1.7811659324973375,0.10194804701514067,-0.09719128328831247
6,3,Thomas Bryant,46.5,WAS,PF/C,6600,31.5,35.65,5.385,31.0,35.35,36.224999999999994,1.0267602251887797,0.785353109362113,0.9364029191877518,1.022247030002671,0.7237597522692536,1.5735802815267927,0.7854112036770795
6,4,Eric Gordon,19.8,HOU,SG/SF,3900,34.0,24.950000000000003,6.385,34.666666666666664,18.330000000000002,24.47019230769231,0.11264235524452396,1.0521833065971988,0.0433171863302559,-0.3469319531477058,1.711989827248771,-0.2539816097039565,-0.053549874647338604
6,5,Richaun Holmes,39.3,SAC,PF/C,4500,26.0,27.5,6.109999999999999,21.0,22.54,34.04761904761905,0.33049287565179974,0.1983266754449243,0.7709737676041303,-0.008257245799698635,1.4402265566294032,1.0807546029926578,0.1497504546376518
6,6,Karl-Anthony Towns,28.0,MIN,C,9900,34.0,56.2,5.6899999999999995,33.0,66.44,57.903030303030306,2.7823791249415337,1.0521833065971988,2.5834174928722016,3.523291365263846,1.0251699251380062,0.30729207973769673,2.22224794852862
6,7,Buddy Hield,36.8,SAC,SG/SF,6200,32.5,35.2,5.695,28.333333333333332,25.52,40.3764705882353,0.9883160157051433,0.8920851882561474,1.251815918683841,0.23146974419960353,1.0301110755129046,0.9096345757238611,0.7045373527697919
7,0,James Harden,79.3,HOU,PG/SG,10100,35.5,58.599999999999994,5.8100000000000005,37.0,51.55999999999999,56.224324324324314,2.987414908854263,1.2122814249382503,2.4558757756031055,2.3262653212404842,1.1437575341355493,3.8186750392934057,2.297920294374454
7,1,Buddy Hield,36.8,SAC,SG/SF,6200,32.5,35.2,5.695,28.333333333333332,25.52,40.3764705882353,0.9883160157051433,0.8920851882561474,1.251815918683841,0.23146974419960353,1.0301110755129046,0.9096345757238611,0.7045373527697919
7,2,T.J. Warren,30.8,IND,SF/PF,5100,35.0,28.35,5.57,36.333333333333336,22.47,27.309633027522935,0.4031097157875585,1.158915385491233,0.2590471295631691,-0.013888416705722533,0.9065823161404648,0.49894651027874914,0.25074939527286433
7,3,Richaun Holmes,39.3,SAC,PF/C,4500,26.0,27.5,6.109999999999999,21.0,22.54,34.04761904761905,0.33049287565179974,0.1983266754449243,0.7709737676041303,-0.008257245799698635,1.4402265566294032,1.0807546029926578,0.1497504546376518
7,4,Rodney Hood,19.3,POR,SG/SF,3800,32.0,22.85,5.99,32.333333333333336,23.189999999999998,22.614432989690723,-0.06676395567911524,0.8387191488091302,-0.09767637255281648,0.04403219832766581,1.321638947631862,-0.28820561515771587,-0.14028190850474884
7,5,Eric Gordon,19.8,HOU,SG/SF,3900,34.0,24.950000000000003,6.385,34.666666666666664,18.330000000000002,24.47019230769231,0.11264235524452396,1.0521833065971988,0.0433171863302559,-0.3469319531477058,1.711989827248771,-0.2539816097039565,-0.053549874647338604
7,6,Karl-Anthony Towns,28.0,MIN,C,9900,34.0,56.2,5.6899999999999995,33.0,66.44,57.903030303030306,2.7823791249415337,1.0521833065971988,2.5834174928722016,3.523291365263846,1.0251699251380062,0.30729207973769673,2.22224794852862
7,7,Montrezl Harrell,14.0,LAC,PF/C,6500,30.5,35.5,5.46,29.666666666666668,34.760000000000005,36.497191011235955,1.0139454886942343,0.6786210304680788,0.9570829605044607,0.9747843037947556,0.7978770078927176,-0.650980072967565,0.765779349763698
8,0,Patrick Beverley,12.8,LAC,PG/SG,4700,30.5,26.55,5.67,30.333333333333332,24.029999999999998,26.695879120879123,0.2493328778530107,0.6786210304680788,0.21241643411862876,0.11160624919995231,1.0054053236384162,-0.7331176860565874,0.12518508813282145
8,1,Lou Williams,31.8,LAC,PG/SG,6800,33.0,37.15,5.46,30.333333333333332,35.910000000000004,40.41593406593407,1.1549075901342363,0.9454512277031645,1.2548142041364199,1.067296397250862,0.7978770078927176,0.5673945211862679,0.888923748113579
8,2,Eric Gordon,19.8,HOU,SG/SF,3900,34.0,24.950000000000003,6.385,34.666666666666664,18.330000000000002,24.47019230769231,0.11264235524452396,1.0521833065971988,0.0433171863302559,-0.3469319531477058,1.711989827248771,-0.2539816097039565,-0.053549874647338604
8,3,Richaun Holmes,39.3,SAC,PF/C,4500,26.0,27.5,6.109999999999999,21.0,22.54,34.04761904761905,0.33049287565179974,0.1983266754449243,0.7709737676041303,-0.008257245799698635,1.4402265566294032,1.0807546029926578,0.1497504546376518
8,4,Bogdan Bogdanovic,25.0,SAC,SG/SF,3800,24.5,24.55,6.455,23.333333333333332,19.93,25.777500000000003,0.07846972459240205,0.03822855710387284,0.14264146955259144,-0.21821947529573169,1.7811659324973375,0.10194804701514067,-0.09719128328831247
8,5,Gordon Hayward,50.0,BOS,SF/PF,6300,34.5,33.6,5.3100000000000005,32.666666666666664,28.939999999999998,35.48571428571429,0.8516254930966561,1.105549346044216,0.8802347928162765,0.5065926656081985,0.6496424966457905,1.8131483197031082,0.6436807115948253
8,6,Karl-Anthony Towns,28.0,MIN,C,9900,34.0,56.2,5.6899999999999995,33.0,66.44,57.903030303030306,2.7823791249415337,1.0521833065971988,2.5834174928722016,3.523291365263846,1.0251699251380062,0.30729207973769673,2.22224794852862
8,7,James Harden,79.3,HOU,PG/SG,10100,35.5,58.599999999999994,5.8100000000000005,37.0,51.55999999999999,56.224324324324314,2.987414908854263,1.2122814249382503,2.4558757756031055,2.3262653212404842,1.1437575341355493,3.8186750392934057,2.297920294374454
9,0,Russell Westbrook,56.5,HOU,PG,9600,34.0,52.95,5.494999999999999,34.333333333333336,57.92999999999999,52.435922330097085,2.504726500893045,1.0521833065971988,2.168047351698962,2.8387018736886573,0.832465060517,2.2580603906019796,1.987743634384894
9,1,Bogdan Bogdanovic,25.0,SAC,SG/SF,3800,24.5,24.55,6.455,23.333333333333332,19.93,25.777500000000003,0.07846972459240205,0.03822855710387284,0.14264146955259144,-0.21821947529573169,1.7811659324973375,0.10194804701514067,-0.09719128328831247
9,2,Davis Bertans,30.8,WAS,SF/PF,3700,27.5,20.15,5.465,30.0,22.25,18.47083333333333,-0.29742921258093713,0.3584247937859758,-0.41249136847892304,-0.03158638241036891,0.802818158267615,0.49894651027874914,-0.2896584965775171
9,3,Richaun Holmes,39.3,SAC,PF/C,4500,26.0,27.5,6.109999999999999,21.0,22.54,34.04761904761905,0.33049287565179974,0.1983266754449243,0.7709737676041303,-0.008257245799698635,1.4402265566294032,1.0807546029926578,0.1497504546376518
9,4,James Harden,79.3,HOU,PG/SG,10100,35.5,58.599999999999994,5.8100000000000005,37.0,51.55999999999999,56.224324324324314,2.987414908854263,1.2122814249382503,2.4558757756031055,2.3262653212404842,1.1437575341355493,3.8186750392934057,2.297920294374454
9,5,Buddy Hield,36.8,SAC,SG/SF,6200,32.5,35.2,5.695,28.333333333333332,25.52,40.3764705882353,0.9883160157051433,0.8920851882561474,1.251815918683841,0.23146974419960353,1.0301110755129046,0.9096345757238611,0.7045373527697919
9,6,Kevin Love,53.5,CLE,PF/C,8200,33.0,44.65,5.425,33.666666666666664,45.01,43.765841584158416,1.7956444148615187,0.9454512277031645,1.509327479830077,1.7993486150339655,0.7632889552684343,2.0527163578794236,1.4017725710255942
9,7,Eric Gordon,19.8,HOU,SG/SF,3900,34.0,24.950000000000003,6.385,34.666666666666664,18.330000000000002,24.47019230769231,0.11264235524452396,1.0521833065971988,0.0433171863302559,-0.3469319531477058,1.711989827248771,-0.2539816097039565,-0.053549874647338604
10,0,James Harden,79.3,HOU,PG/SG,10100,35.5,58.599999999999994,5.8100000000000005,37.0,51.55999999999999,56.224324324324314,2.987414908854263,1.2122814249382503,2.4558757756031055,2.3262653212404842,1.1437575341355493,3.8186750392934057,2.297920294374454
10,1,Landry Shamet,9.8,LAC,SG/SF,4400,34.0,23.1,5.234999999999999,34.0,19.26,23.1,-0.04540606152153915,1.0521833065971988,-0.060784831610188675,-0.27211782539624574,0.5755252410223257,-0.9384617187791435,-0.07283738629065203
10,2,Eric Gordon,19.8,HOU,SG/SF,3900,34.0,24.950000000000003,6.385,34.666666666666664,18.330000000000002,24.47019230769231,0.11264235524452396,1.0521833065971988,0.0433171863302559,-0.3469319531477058,1.711989827248771,-0.2539816097039565,-0.053549874647338604
10,3,Thomas Bryant,46.5,WAS,PF/C,6600,31.5,35.65,5.385,31.0,35.35,36.224999999999994,1.0267602251887797,0.785353109362113,0.9364029191877518,1.022247030002671,0.7237597522692536,1.5735802815267927,0.7854112036770795
10,4,Bogdan Bogdanovic,25.0,SAC,SG/SF,3800,24.5,24.55,6.455,23.333333333333332,19.93,25.777500000000003,0.07846972459240205,0.03822855710387284,0.14264146955259144,-0.21821947529573169,1.7811659324973375,0.10194804701514067,-0.09719128328831247
10,5,Richaun Holmes,39.3,SAC,PF/C,4500,26.0,27.5,6.109999999999999,21.0,22.54,34.04761904761905,0.33049287565179974,0.1983266754449243,0.7709737676041303,-0.008257245799698635,1.4402265566294032,1.0807546029926578,0.1497504546376518
10,6,Karl-Anthony Towns,28.0,MIN,C,9900,34.0,56.2,5.6899999999999995,33.0,66.44,57.903030303030306,2.7823791249415337,1.0521833065971988,2.5834174928722016,3.523291365263846,1.0251699251380062,0.30729207973769673,2.22224794852862
10,7,Lou Williams,31.8,LAC,PG/SG,6800,33.0,37.15,5.46,30.333333333333332,35.910000000000004,40.41593406593407,1.1549075901342363,0.9454512277031645,1.2548142041364199,1.067296397250862,0.7978770078927176,0.5673945211862679,0.888923748113579
11,0,Josh Richardson,26.0,PHI,PG/SG,5300,34.0,29.4,5.535,34.0,28.68,29.4,0.4928128712493778,1.0521833065971988,0.4178652887728228,0.48567688795725283,0.8719942635161816,0.17039605792265936,0.34739394306994026
11,1,Patrick Beverley,12.8,LAC,PG/SG,4700,30.5,26.55,5.67,30.333333333333332,24.029999999999998,26.695879120879123,0.2493328778530107,0.6786210304680788,0.21241643411862876,0.11160624919995231,1.0054053236384162,-0.7331176860565874,0.12518508813282145
11,2,Landry Shamet,9.8,LAC,SG/SF,4400,34.0,23.1,5.234999999999999,34.0,19.26,23.1,-0.04540606152153915,1.0521833065971988,-0.060784831610188675,-0.27211782539624574,0.5755252410223257,-0.9384617187791435,-0.07283738629065203
11,3,Richaun Holmes,39.3,SAC,PF/C,4500,26.0,27.5,6.109999999999999,21.0,22.54,34.04761904761905,0.33049287565179974,0.1983266754449243,0.7709737676041303,-0.008257245799698635,1.4402265566294032,1.0807546029926578,0.1497504546376518
11,4,James Harden,79.3,HOU,PG/SG,10100,35.5,58.599999999999994,5.8100000000000005,37.0,51.55999999999999,56.224324324324314,2.987414908854263,1.2122814249382503,2.4558757756031055,2.3262653212404842,1.1437575341355493,3.8186750392934057,2.297920294374454
11,5,Eric Gordon,19.8,HOU,SG/SF,3900,34.0,24.950000000000003,6.385,34.666666666666664,18.330000000000002,24.47019230769231,0.11264235524452396,1.0521833065971988,0.0433171863302559,-0.3469319531477058,1.711989827248771,-0.2539816097039565,-0.053549874647338604
11,6,Karl-Anthony Towns,28.0,MIN,C,9900,34.0,56.2,5.6899999999999995,33.0,66.44,57.903030303030306,2.7823791249415337,1.0521833065971988,2.5834174928722016,3.523291365263846,1.0251699251380062,0.30729207973769673,2.22224794852862
11,7,Buddy Hield,36.8,SAC,SG/SF,6200,32.5,35.2,5.695,28.333333333333332,25.52,40.3764705882353,0.9883160157051433,0.8920851882561474,1.251815918683841,0.23146974419960353,1.0301110755129046,0.9096345757238611,0.7045373527697919
12,0,James Harden,79.3,HOU,PG/SG,10100,35.5,58.599999999999994,5.8100000000000005,37.0,51.55999999999999,56.224324324324314,2.987414908854263,1.2122814249382503,2.4558757756031055,2.3262653212404842,1.1437575341355493,3.8186750392934057,2.297920294374454
12,1,Eric Gordon,19.8,HOU,SG/SF,3900,34.0,24.950000000000003,6.385,34.666666666666664,18.330000000000002,24.47019230769231,0.11264235524452396,1.0521833065971988,0.0433171863302559,-0.3469319531477058,1.711989827248771,-0.2539816097039565,-0.053549874647338604
12,2,Tobias Harris,33.3,PHI,SF/PF,6700,35.5,36.65,5.445,37.0,38.45,35.16418918918919,1.1121918018190842,1.2122814249382503,0.8558065346959751,1.2716274558408711,0.7830535567680251,0.6700665375475456,0.8621488688509055
12,3,Kevin Love,53.5,CLE,PF/C,8200,33.0,44.65,5.425,33.666666666666664,45.01,43.765841584158416,1.7956444148615187,0.9454512277031645,1.509327479830077,1.7993486150339655,0.7632889552684343,2.0527163578794236,1.4017725710255942
12,4,Bogdan Bogdanovic,25.0,SAC,SG/SF,3800,24.5,24.55,6.455,23.333333333333332,19.93,25.777500000000003,0.07846972459240205,0.03822855710387284,0.14264146955259144,-0.21821947529573169,1.7811659324973375,0.10194804701514067,-0.09719128328831247
12,5,Montrezl Harrell,14.0,LAC,PF/C,6500,30.5,35.5,5.46,29.666666666666668,34.760000000000005,36.497191011235955,1.0139454886942343,0.6786210304680788,0.9570829605044607,0.9747843037947556,0.7978770078927176,-0.650980072967565,0.765779349763698
12,6,DeAndre Jordan,30.8,BKN,C,4700,23.0,25.05,5.3100000000000005,21.666666666666668,19.81,26.59153846153846,0.12118551290755421,-0.12186956123717864,0.20448902631636656,-0.22787291113462982,0.6496424966457905,0.49894651027874914,0.02596996916468396
12,7,Richaun Holmes,39.3,SAC,PF/C,4500,26.0,27.5,6.109999999999999,21.0,22.54,34.04761904761905,0.33049287565179974,0.1983266754449243,0.7709737676041303,-0.008257245799698635,1.4402265566294032,1.0807546029926578,0.1497504546376518
13,0,James Harden,79.3,HOU,PG/SG,10100,35.5,58.599999999999994,5.8100000000000005,37.0,51.55999999999999,56.224324324324314,2.987414908854263,1.2122814249382503,2.4558757756031055,2.3262653212404842,1.1437575341355493,3.8186750392934057,2.297920294374454
13,1,Khris Middleton,39.0,MIL,SG/SF,6800,32.0,35.4,5.195,33.0,34.519999999999996,34.32727272727273,1.0054023310312037,0.8387191488091302,0.7922207941806041,0.9554774321169587,0.5359960380231458,1.0602201997204024,0.7783927123568378
13,2,Eric Gordon,19.8,HOU,SG/SF,3900,34.0,24.950000000000003,6.385,34.666666666666664,18.330000000000002,24.47019230769231,0.11264235524452396,1.0521833065971988,0.0433171863302559,-0.3469319531477058,1.711989827248771,-0.2539816097039565,-0.053549874647338604
13,3,Thomas Bryant,46.5,WAS,PF/C,6600,31.5,35.65,5.385,31.0,35.35,36.224999999999994,1.0267602251887797,0.785353109362113,0.9364029191877518,1.022247030002671,0.7237597522692536,1.5735802815267927,0.7854112036770795
13,4,Devin Booker,47.0,PHO,PG/SG,7900,35.0,42.45,5.37,34.666666666666664,39.370000000000005,42.85817307692309,1.6076949462748495,1.158915385491233,1.44036626709102,1.3456371306057566,0.7089363011445612,1.607804286980552,1.2494422233001783
13,5,Dario Saric,45.3,PHO,SF/PF,4600,27.5,23.1,5.04,27.333333333333332,21.18,23.240853658536587,-0.04540606152153915,0.3584247937859758,-0.05008330452845469,-0.11766285197387674,0.3828203764013204,1.49144266843777,-0.06433427630898597
13,6,Richaun Holmes,39.3,SAC,PF/C,4500,26.0,27.5,6.109999999999999,21.0,22.54,34.04761904761905,0.33049287565179974,0.1983266754449243,0.7709737676041303,-0.008257245799698635,1.4402265566294032,1.0807546029926578,0.1497504546376518
13,7,Josh Richardson,26.0,PHI,PG/SG,5300,34.0,29.4,5.535,34.0,28.68,29.4,0.4928128712493778,1.0521833065971988,0.4178652887728228,0.48567688795725283,0.8719942635161816,0.17039605792265936,0.34739394306994026
14,0,Terry Rozier,46.8,CHA,PG,6200,32.0,33.6,5.43,30.333333333333332,29.02,35.44615384615385,0.8516254930966561,0.8387191488091302,0.8772291405689735,0.5130282895007974,0.7682301056433318,1.5941146847990482,0.6279020991221579
14,1,Buddy Hield,36.8,SAC,SG/SF,6200,32.5,35.2,5.695,28.333333333333332,25.52,40.3764705882353,0.9883160157051433,0.8920851882561474,1.251815918683841,0.23146974419960353,1.0301110755129046,0.9096345757238611,0.7045373527697919
14,2,Landry Shamet,9.8,LAC,SG/SF,4400,34.0,23.1,5.234999999999999,34.0,19.26,23.1,-0.04540606152153915,1.0521833065971988,-0.060784831610188675,-0.27211782539624574,0.5755252410223257,-0.9384617187791435,-0.07283738629065203
14,3,Thomas Bryant,46.5,WAS,PF/C,6600,31.5,35.65,5.385,31.0,35.35,36.224999999999994,1.0267602251887797,0.785353109362113,0.9364029191877518,1.022247030002671,0.7237597522692536,1.5735802815267927,0.7854112036770795
14,4,Justin Holiday,17.8,IND,SG/SF,3400,23.0,16.45,4.85,22.0,16.81,17.19772727272727,-0.613526046113063,-0.12186956123717864,-0.50921714136296,-0.4692088071070816,0.1950566621552117,-0.3908776315189939,-0.5045685542744673
14,5,T.J. Warren,30.8,IND,SF/PF,5100,35.0,28.35,5.57,36.333333333333336,22.47,27.309633027522935,0.4031097157875585,1.158915385491233,0.2590471295631691,-0.013888416705722533,0.9065823161404648,0.49894651027874914,0.25074939527286433
14,6,Karl-Anthony Towns,28.0,MIN,C,9900,34.0,56.2,5.6899999999999995,33.0,66.44,57.903030303030306,2.7823791249415337,1.0521833065971988,2.5834174928722016,3.523291365263846,1.0251699251380062,0.30729207973769673,2.22224794852862
14,7,Montrezl Harrell,14.0,LAC,PF/C,6500,30.5,35.5,5.46,29.666666666666668,34.760000000000005,36.497191011235955,1.0139454886942343,0.6786210304680788,0.9570829605044607,0.9747843037947556,0.7978770078927176,-0.650980072967565,0.765779349763698
15,0,James Harden,79.3,HOU,PG/SG,10100,35.5,58.599999999999994,5.8100000000000005,37.0,51.55999999999999,56.224324324324314,2.987414908854263,1.2122814249382503,2.4558757756031055,2.3262653212404842,1.1437575341355493,3.8186750392934057,2.297920294374454
15,1,Tyler Johnson,5.5,PHO,PG/SG,3400,17.5,14.9,4.404999999999999,20.666666666666668,14.580000000000002,12.616935483870968,-0.7459449898900347,-0.7088959951543674,-0.8572483383765442,-0.6486018231132706,-0.2447057212106738,-1.2327881656814739,-0.5984706984228023
15,2,Eric Gordon,19.8,HOU,SG/SF,3900,34.0,24.950000000000003,6.385,34.666666666666664,18.330000000000002,24.47019230769231,0.11264235524452396,1.0521833065971988,0.0433171863302559,-0.3469319531477058,1.711989827248771,-0.2539816097039565,-0.053549874647338604
15,3,Tobias Harris,33.3,PHI,SF/PF,6700,35.5,36.65,5.445,37.0,38.45,35.16418918918919,1.1121918018190842,1.2122814249382503,0.8558065346959751,1.2716274558408711,0.7830535567680251,0.6700665375475456,0.8621488688509055
15,4,Josh Richardson,26.0,PHI,PG/SG,5300,34.0,29.4,5.535,34.0,28.68,29.4,0.4928128712493778,1.0521833065971988,0.4178652887728228,0.48567688795725283,0.8719942635161816,0.17039605792265936,0.34739394306994026
15,5,T.J. Warren,30.8,IND,SF/PF,5100,35.0,28.35,5.57,36.333333333333336,22.47,27.309633027522935,0.4031097157875585,1.158915385491233,0.2590471295631691,-0.013888416705722533,0.9065823161404648,0.49894651027874914,0.25074939527286433
15,6,Thomas Bryant,46.5,WAS,PF/C,6600,31.5,35.65,5.385,31.0,35.35,36.224999999999994,1.0267602251887797,0.785353109362113,0.9364029191877518,1.022247030002671,0.7237597522692536,1.5735802815267927,0.7854112036770795
15,7,Buddy Hield,36.8,SAC,SG/SF,6200,32.5,35.2,5.695,28.333333333333332,25.52,40.3764705882353,0.9883160157051433,0.8920851882561474,1.251815918683841,0.23146974419960353,1.0301110755129046,0.9096345757238611,0.7045373527697919
16,0,Patrick Beverley,12.8,LAC,PG/SG,4700,30.5,26.55,5.67,30.333333333333332,24.029999999999998,26.695879120879123,0.2493328778530107,0.6786210304680788,0.21241643411862876,0.11160624919995231,1.0054053236384162,-0.7331176860565874,0.12518508813282145
16,1,Khris Middleton,39.0,MIL,SG/SF,6800,32.0,35.4,5.195,33.0,34.519999999999996,34.32727272727273,1.0054023310312037,0.8387191488091302,0.7922207941806041,0.9554774321169587,0.5359960380231458,1.0602201997204024,0.7783927123568378
16,2,Bogdan Bogdanovic,25.0,SAC,SG/SF,3800,24.5,24.55,6.455,23.333333333333332,19.93,25.777500000000003,0.07846972459240205,0.03822855710387284,0.14264146955259144,-0.21821947529573169,1.7811659324973375,0.10194804701514067,-0.09719128328831247
16,3,Danuel House Jr.,33.8,HOU,SF/PF,3800,31.0,21.1,5.550000000000001,32.0,21.880000000000003,20.440625,-0.21626921478214778,0.7319870699150959,-0.26283406397424774,-0.06135114291363776,0.8868177146408749,0.704290543001305,-0.2257614311690047
16,4,James Harden,79.3,HOU,PG/SG,10100,35.5,58.599999999999994,5.8100000000000005,37.0,51.55999999999999,56.224324324324314,2.987414908854263,1.2122814249382503,2.4558757756031055,2.3262653212404842,1.1437575341355493,3.8186750392934057,2.297920294374454
16,5,Thomas Bryant,46.5,WAS,PF/C,6600,31.5,35.65,5.385,31.0,35.35,36.224999999999994,1.0267602251887797,0.785353109362113,0.9364029191877518,1.022247030002671,0.7237597522692536,1.5735802815267927,0.7854112036770795
16,6,Al Horford,39.5,PHI,PF/C,6100,31.0,30.75,5.0600000000000005,32.333333333333336,32.55,29.481958762886595,0.6081454997002887,0.7319870699150959,0.4240922049191898,0.7970001937617155,0.4025849779009112,1.0944442051741619,0.47888300101912373
16,7,Josh Richardson,26.0,PHI,PG/SG,5300,34.0,29.4,5.535,34.0,28.68,29.4,0.4928128712493778,1.0521833065971988,0.4178652887728228,0.48567688795725283,0.8719942635161816,0.17039605792265936,0.34739394306994026
17,0,James Harden,79.3,HOU,PG/SG,10100,35.5,58.599999999999994,5.8100000000000005,37.0,51.55999999999999,56.224324324324314,2.987414908854263,1.2122814249382503,2.4558757756031055,2.3262653212404842,1.1437575341355493,3.8186750392934057,2.297920294374454
17,1,Josh Richardson,26.0,PHI,PG/SG,5300,34.0,29.4,5.535,34.0,28.68,29.4,0.4928128712493778,1.0521833065971988,0.4178652887728228,0.48567688795725283,0.8719942635161816,0.17039605792265936,0.34739394306994026
17,2,Bogdan Bogdanovic,25.0,SAC,SG/SF,3800,24.5,24.55,6.455,23.333333333333332,19.93,25.777500000000003,0.07846972459240205,0.03822855710387284,0.14264146955259144,-0.21821947529573169,1.7811659324973375,0.10194804701514067,-0.09719128328831247
17,3,Richaun Holmes,39.3,SAC,PF/C,4500,26.0,27.5,6.109999999999999,21.0,22.54,34.04761904761905,0.33049287565179974,0.1983266754449243,0.7709737676041303,-0.008257245799698635,1.4402265566294032,1.0807546029926578,0.1497504546376518
17,4,Eric Gordon,19.8,HOU,SG/SF,3900,34.0,24.950000000000003,6.385,34.666666666666664,18.330000000000002,24.47019230769231,0.11264235524452396,1.0521833065971988,0.0433171863302559,-0.3469319531477058,1.711989827248771,-0.2539816097039565,-0.053549874647338604
17,5,Buddy Hield,36.8,SAC,SG/SF,6200,32.5,35.2,5.695,28.333333333333332,25.52,40.3764705882353,0.9883160157051433,0.8920851882561474,1.251815918683841,0.23146974419960353,1.0301110755129046,0.9096345757238611,0.7045373527697919
17,6,PJ Washington,38.5,CHA,PF/C,6800,33.5,31.15,4.56,33.0,28.169999999999998,31.621969696969693,0.6423181303524104,0.9988172671501817,0.5866821241604336,0.44464978564193586,-0.09153005958884836,1.0259961942666431,0.5382959742845562
17,7,Patrick Beverley,12.8,LAC,PG/SG,4700,30.5,26.55,5.67,30.333333333333332,24.029999999999998,26.695879120879123,0.2493328778530107,0.6786210304680788,0.21241643411862876,0.11160624919995231,1.0054053236384162,-0.7331176860565874,0.12518508813282145
18,0,Jevon Carter,8.5,PHO,PG/SG,3400,17.5,14.95,4.375,26.0,20.009999999999998,10.0625,-0.7416734110585195,-0.7088959951543674,-1.0513246640694769,-0.2117838514031331,-0.2743526234600587,-1.027444132958918,-0.5770303065235851
18,1,Collin Sexton,22.0,CLE,PG/SG,5600,30.5,24.8,4.41,30.0,24.56,25.213333333333335,0.09982761874997813,0.6786210304680788,0.09977822464527661,0.15424225748841888,-0.23976457083577543,-0.10339598570741543,0.11917369755221158
18,2,Norman Powell,25.8,TOR,SG/SF,4100,21.5,18.65,4.52,24.0,15.669999999999998,16.707291666666663,-0.4255765775263936,-0.2819676795782301,-0.5464785797567735,-0.5609164475766134,-0.13105926258802908,0.15670645574115566,-0.35120769063617563
18,3,Domantas Sabonis,46.5,IND,PF/C,7900,34.5,42.95,5.42,36.0,38.75,41.16041666666666,1.6504107345900016,1.105549346044216,1.3113771702417714,1.295761045438116,0.7583478048935369,1.5735802815267927,1.2679337941623468
18,4,Khris Middleton,39.0,MIL,SG/SF,6800,32.0,35.4,5.195,33.0,34.519999999999996,34.32727272727273,1.0054023310312037,0.8387191488091302,0.7922207941806041,0.9554774321169587,0.5359960380231458,1.0602201997204024,0.7783927123568378
18,5,Richaun Holmes,39.3,SAC,PF/C,4500,26.0,27.5,6.109999999999999,21.0,22.54,34.04761904761905,0.33049287565179974,0.1983266754449243,0.7709737676041303,-0.008257245799698635,1.4402265566294032,1.0807546029926578,0.1497504546376518
18,6,Montrezl Harrell,14.0,LAC,PF/C,6500,30.5,35.5,5.46,29.666666666666668,34.760000000000005,36.497191011235955,1.0139454886942343,0.6786210304680788,0.9570829605044607,0.9747843037947556,0.7978770078927176,-0.650980072967565,0.765779349763698
18,7,Karl-Anthony Towns,28.0,MIN,C,9900,34.0,56.2,5.6899999999999995,33.0,66.44,57.903030303030306,2.7823791249415337,1.0521833065971988,2.5834174928722016,3.523291365263846,1.0251699251380062,0.30729207973769673,2.22224794852862
19,0,James Harden,79.3,HOU,PG/SG,10100,35.5,58.599999999999994,5.8100000000000005,37.0,51.55999999999999,56.224324324324314,2.987414908854263,1.2122814249382503,2.4558757756031055,2.3262653212404842,1.1437575341355493,3.8186750392934057,2.297920294374454
19,1,Patrick Beverley,12.8,LAC,PG/SG,4700,30.5,26.55,5.67,30.333333333333332,24.029999999999998,26.695879120879123,0.2493328778530107,0.6786210304680788,0.21241643411862876,0.11160624919995231,1.0054053236384162,-0.7331176860565874,0.12518508813282145
19,2,Eric Gordon,19.8,HOU,SG/SF,3900,34.0,24.950000000000003,6.385,34.666666666666664,18.330000000000002,24.47019230769231,0.11264235524452396,1.0521833065971988,0.0433171863302559,-0.3469319531477058,1.711989827248771,-0.2539816097039565,-0.053549874647338604
19,3,T.J. Warren,30.8,IND,SF/PF,5100,35.0,28.35,5.57,36.333333333333336,22.47,27.309633027522935,0.4031097157875585,1.158915385491233,0.2590471295631691,-0.013888416705722533,0.9065823161404648,0.49894651027874914,0.25074939527286433
19,4,Buddy Hield,36.8,SAC,SG/SF,6200,32.5,35.2,5.695,28.333333333333332,25.52,40.3764705882353,0.9883160157051433,0.8920851882561474,1.251815918683841,0.23146974419960353,1.0301110755129046,0.9096345757238611,0.7045373527697919
19,5,Marcus Morris,24.3,NY,SF/PF,4800,31.0,23.75,4.95,32.0,24.43,23.0078125,0.010124463288158535,0.7319870699150959,-0.06778888843126955,0.14378436866294605,0.293879669653164,0.054034439379877626,0.004717608960666236
19,6,Richaun Holmes,39.3,SAC,PF/C,4500,26.0,27.5,6.109999999999999,21.0,22.54,34.04761904761905,0.33049287565179974,0.1983266754449243,0.7709737676041303,-0.008257245799698635,1.4402265566294032,1.0807546029926578,0.1497504546376518
19,7,Jeff Teague,23.3,MIN,PG,5700,30.0,27.950000000000003,4.92,28.333333333333332,26.389999999999997,29.594117647058827,0.36893708513543694,0.6252549910210615,0.4326136118098347,0.3014571540316144,0.2642327674037782,-0.014413571527641073,0.2896636041198973
20,0,Mike Conley,43.3,UTA,PG,6200,30.0,30.85,4.98,24.666666666666668,20.109999999999996,37.52027027027027,0.6166886573633193,0.6252549910210615,1.034812644710514,-0.20373932153738486,0.32352657190254974,1.3545466466227327,0.45857096681497544
20,1,Devin Booker,47.0,PHO,PG/SG,7900,35.0,42.45,5.37,34.666666666666664,39.370000000000005,42.85817307692309,1.6076949462748495,1.158915385491233,1.44036626709102,1.3456371306057566,0.7089363011445612,1.607804286980552,1.2494422233001783
20,2,Landry Shamet,9.8,LAC,SG/SF,4400,34.0,23.1,5.234999999999999,34.0,19.26,23.1,-0.04540606152153915,1.0521833065971988,-0.060784831610188675,-0.27211782539624574,0.5755252410223257,-0.9384617187791435,-0.07283738629065203
20,3,Trevor Ariza,14.0,SAC,SF/PF,3700,22.0,16.950000000000003,4.5649999999999995,22.333333333333332,12.690000000000001,16.69701492537314,-0.5708102577979106,-0.22860164013121295,-0.547259367607137,-0.8006434375759153,-0.08658890921395088,-0.650980072967565,-0.47112888019269267
20,4,Jeff Teague,23.3,MIN,PG,5700,30.0,27.950000000000003,4.92,28.333333333333332,26.389999999999997,29.594117647058827,0.36893708513543694,0.6252549910210615,0.4326136118098347,0.3014571540316144,0.2642327674037782,-0.014413571527641073,0.2896636041198973
20,5,Eric Gordon,19.8,HOU,SG/SF,3900,34.0,24.950000000000003,6.385,34.666666666666664,18.330000000000002,24.47019230769231,0.11264235524452396,1.0521833065971988,0.0433171863302559,-0.3469319531477058,1.711989827248771,-0.2539816097039565,-0.053549874647338604
20,6,Karl-Anthony Towns,28.0,MIN,C,9900,34.0,56.2,5.6899999999999995,33.0,66.44,57.903030303030306,2.7823791249415337,1.0521833065971988,2.5834174928722016,3.523291365263846,1.0251699251380062,0.30729207973769673,2.22224794852862
20,7,T.J. Warren,30.8,IND,SF/PF,5100,35.0,28.35,5.57,36.333333333333336,22.47,27.309633027522935,0.4031097157875585,1.158915385491233,0.2590471295631691,-0.013888416705722533,0.9065823161404648,0.49894651027874914,0.25074939527286433
21,0,James Harden,79.3,HOU,PG/SG,10100,35.5,58.599999999999994,5.8100000000000005,37.0,51.55999999999999,56.224324324324314,2.987414908854263,1.2122814249382503,2.4558757756031055,2.3262653212404842,1.1437575341355493,3.8186750392934057,2.297920294374454
21,1,Jeremy Lamb,36.3,IND,SG/SF,5400,28.5,27.1,5.0,26.0,21.82,29.70576923076923,0.29632024499967813,0.4651568726800101,0.4410964759342695,-0.06617786083308698,0.34329117340213966,0.8754105702701017,0.2081659929669075
21,2,Tobias Harris,33.3,PHI,SF/PF,6700,35.5,36.65,5.445,37.0,38.45,35.16418918918919,1.1121918018190842,1.2122814249382503,0.8558065346959751,1.2716274558408711,0.7830535567680251,0.6700665375475456,0.8621488688509055
21,3,Thomas Bryant,46.5,WAS,PF/C,6600,31.5,35.65,5.385,31.0,35.35,36.224999999999994,1.0267602251887797,0.785353109362113,0.9364029191877518,1.022247030002671,0.7237597522692536,1.5735802815267927,0.7854112036770795
21,4,Shai Gilgeous-Alexander,27.5,OKC,PG/SG,6900,36.0,36.2,5.220000000000001,34.333333333333336,40.279999999999994,37.95728155339806,1.0737475923354476,1.2656474643852675,1.0680151055482685,1.418842352384066,0.5607017898976341,0.2730680742839374,0.8690798885050903
21,5,Evan Fournier,24.8,ORL,SG/SF,5100,29.5,25.950000000000003,5.074999999999999,29.0,28.130000000000003,26.39741379310345,0.19807393187482827,0.5718889515740444,0.18974016982180636,0.44143197369563686,0.41740842902560277,0.08825844483363697,0.1509639481442088
21,6,Christian Wood,9.8,DET,PF/C,4000,20.0,20.95,5.24,16.666666666666668,18.91,25.139999999999997,-0.22908395127669362,-0.4420657979192816,0.09420663594240525,-0.3002736799263653,0.580466391397224,-0.9384617187791435,-0.23643224747913888
21,7,Tyson Chandler,3.3,HOU,C,3100,0.0,6.75,2.175,6.333333333333333,7.269999999999999,0.0,-1.4422123394270148,-2.576707375799968,-1.815835273014565,-1.2366569562994785,-2.448458788414997,-1.383373789678015,-1.024719276351341
22,0,Mike Conley,43.3,UTA,PG,6200,30.0,30.85,4.98,24.666666666666668,20.109999999999996,37.52027027027027,0.6166886573633193,0.6252549910210615,1.034812644710514,-0.20373932153738486,0.32352657190254974,1.3545466466227327,0.45857096681497544
22,1,Khris Middleton,39.0,MIL,SG/SF,6800,32.0,35.4,5.195,33.0,34.519999999999996,34.32727272727273,1.0054023310312037,0.8387191488091302,0.7922207941806041,0.9554774321169587,0.5359960380231458,1.0602201997204024,0.7783927123568378
22,2,Bogdan Bogdanovic,25.0,SAC,SG/SF,3800,24.5,24.55,6.455,23.333333333333332,19.93,25.777500000000003,0.07846972459240205,0.03822855710387284,0.14264146955259144,-0.21821947529573169,1.7811659324973375,0.10194804701514067,-0.09719128328831247
22,3,Nemanja Bjelica,18.0,SAC,PF,4400,27.0,25.9,5.91,25.333333333333332,21.9,27.603947368421053,0.1938023530433127,0.3050587543389586,0.28140801761099943,-0.0597422369404884,1.2425805416335005,-0.37718802933749024,0.05021772938020239
22,4,Lou Williams,31.8,LAC,PG/SG,6800,33.0,37.15,5.46,30.333333333333332,35.910000000000004,40.41593406593407,1.1549075901342363,0.9454512277031645,1.2548142041364199,1.067296397250862,0.7978770078927176,0.5673945211862679,0.888923748113579
22,5,Justin Holiday,17.8,IND,SG/SF,3400,23.0,16.45,4.85,22.0,16.81,17.19772727272727,-0.613526046113063,-0.12186956123717864,-0.50921714136296,-0.4692088071070816,0.1950566621552117,-0.3908776315189939,-0.5045685542744673
22,6,Thomas Bryant,46.5,WAS,PF/C,6600,31.5,35.65,5.385,31.0,35.35,36.224999999999994,1.0267602251887797,0.785353109362113,0.9364029191877518,1.022247030002671,0.7237597522692536,1.5735802815267927,0.7854112036770795
22,7,Jayson Tatum,36.5,BOS,SF/PF,6800,35.0,38.95,5.705,34.666666666666664,42.05,39.32451923076923,1.3086844280687844,1.158915385491233,1.1718926418761892,1.561230531007813,1.0399933762626994,0.8891001724516057,1.0075146959741093
23,0,Damian Lillard,58.3,POR,PG,9100,36.5,48.099999999999994,5.275,37.666666666666664,50.28,46.61017699115044,2.090383354236068,1.3190135038322846,1.7254293028406158,2.223295338958906,0.6150544440215073,2.381266810235513,1.665228253201075
23,1,Jevon Carter,8.5,PHO,PG/SG,3400,17.5,14.95,4.375,26.0,20.009999999999998,10.0625,-0.7416734110585195,-0.7088959951543674,-1.0513246640694769,-0.2117838514031331,-0.2743526234600587,-1.027444132958918,-0.5770303065235851
23,2,Danuel House Jr.,33.8,HOU,SF/PF,3800,31.0,21.1,5.550000000000001,32.0,21.880000000000003,20.440625,-0.21626921478214778,0.7319870699150959,-0.26283406397424774,-0.06135114291363776,0.8868177146408749,0.704290543001305,-0.2257614311690047
23,3,Richaun Holmes,39.3,SAC,PF/C,4500,26.0,27.5,6.109999999999999,21.0,22.54,34.04761904761905,0.33049287565179974,0.1983266754449243,0.7709737676041303,-0.008257245799698635,1.4402265566294032,1.0807546029926578,0.1497504546376518
23,4,Lou Williams,31.8,LAC,PG/SG,6800,33.0,37.15,5.46,30.333333333333332,35.910000000000004,40.41593406593407,1.1549075901342363,0.9454512277031645,1.2548142041364199,1.067296397250862,0.7978770078927176,0.5673945211862679,0.888923748113579
23,5,Landry Shamet,9.8,LAC,SG/SF,4400,34.0,23.1,5.234999999999999,34.0,19.26,23.1,-0.04540606152153915,1.0521833065971988,-0.060784831610188675,-0.27211782539624574,0.5755252410223257,-0.9384617187791435,-0.07283738629065203
23,6,Kevin Love,53.5,CLE,PF/C,8200,33.0,44.65,5.425,33.666666666666664,45.01,43.765841584158416,1.7956444148615187,0.9454512277031645,1.509327479830077,1.7993486150339655,0.7632889552684343,2.0527163578794236,1.4017725710255942
23,7,Patrick Beverley,12.8,LAC,PG/SG,4700,30.5,26.55,5.67,30.333333333333332,24.029999999999998,26.695879120879123,0.2493328778530107,0.6786210304680788,0.21241643411862876,0.11160624919995231,1.0054053236384162,-0.7331176860565874,0.12518508813282145
24,0,Collin Sexton,22.0,CLE,PG/SG,5600,30.5,24.8,4.41,30.0,24.56,25.213333333333335,0.09982761874997813,0.6786210304680788,0.09977822464527661,0.15424225748841888,-0.23976457083577543,-0.10339598570741543,0.11917369755221158
24,1,Eric Gordon,19.8,HOU,SG/SF,3900,34.0,24.950000000000003,6.385,34.666666666666664,18.330000000000002,24.47019230769231,0.11264235524452396,1.0521833065971988,0.0433171863302559,-0.3469319531477058,1.711989827248771,-0.2539816097039565,-0.053549874647338604
24,2,Bogdan Bogdanovic,25.0,SAC,SG/SF,3800,24.5,24.55,6.455,23.333333333333332,19.93,25.777500000000003,0.07846972459240205,0.03822855710387284,0.14264146955259144,-0.21821947529573169,1.7811659324973375,0.10194804701514067,-0.09719128328831247
24,3,Thomas Bryant,46.5,WAS,PF/C,6600,31.5,35.65,5.385,31.0,35.35,36.224999999999994,1.0267602251887797,0.785353109362113,0.9364029191877518,1.022247030002671,0.7237597522692536,1.5735802815267927,0.7854112036770795
24,4,Norman Powell,25.8,TOR,SG/SF,4100,21.5,18.65,4.52,24.0,15.669999999999998,16.707291666666663,-0.4255765775263936,-0.2819676795782301,-0.5464785797567735,-0.5609164475766134,-0.13105926258802908,0.15670645574115566,-0.35120769063617563
24,5,Domantas Sabonis,46.5,IND,PF/C,7900,34.5,42.95,5.42,36.0,38.75,41.16041666666666,1.6504107345900016,1.105549346044216,1.3113771702417714,1.295761045438116,0.7583478048935369,1.5735802815267927,1.2679337941623468
24,6,Karl-Anthony Towns,28.0,MIN,C,9900,34.0,56.2,5.6899999999999995,33.0,66.44,57.903030303030306,2.7823791249415337,1.0521833065971988,2.5834174928722016,3.523291365263846,1.0251699251380062,0.30729207973769673,2.22224794852862
24,7,Skal Labissiere,18.0,POR,PF/C,3200,15.5,13.100000000000001,4.09,9.0,11.48,22.561111111111114,-0.8997218278245823,-0.922360152942436,-0.10172756677522575,-0.8979822489514709,-0.5559981948292213,-0.37718802933749024,-0.6753387113214688
25,0,T.J. McConnell,8.5,IND,PG,3100,15.5,13.5,4.359999999999999,16.333333333333332,15.1,12.811224489795919,-0.8655491971724607,-0.922360152942436,-0.8424869961424056,-0.6067702678113791,-0.289176074584752,-1.027444132958918,-0.6834633925949888
25,1,Norman Powell,25.8,TOR,SG/SF,4100,21.5,18.65,4.52,24.0,15.669999999999998,16.707291666666663,-0.4255765775263936,-0.2819676795782301,-0.5464785797567735,-0.5609164475766134,-0.13105926258802908,0.15670645574115566,-0.35120769063617563
25,2,Terrance Ferguson,9.3,OKC,SG/SF,3200,24.5,12.9,4.029999999999999,24.0,10.98,13.16875,-0.9168081431506433,0.03822855710387284,-0.8153235630472975,-0.9382048982802129,-0.6152919993279928,-0.9726857242329029,-0.6875090464531539
25,3,Patrick Patterson,10.3,LAC,PF/C,3500,26.5,16.950000000000003,4.8149999999999995,25.666666666666668,16.81,17.500324675324677,-0.5708102577979106,0.25169271489194145,-0.4862269376834623,-0.4692088071070816,0.16046860953092845,-0.9042377133253842,-0.46143170240595216
25,4,RJ Barrett,14.0,NY,PG/SG,6500,36.5,33.5,5.17,37.333333333333336,37.58,32.75223214285714,0.8430823354336257,1.3190135038322846,0.6725551806347865,1.2016400460088599,0.5112902861486576,-0.650980072967565,0.6827066501460264
25,5,Jayson Tatum,36.5,BOS,SF/PF,6800,35.0,38.95,5.705,34.666666666666664,42.05,39.32451923076923,1.3086844280687844,1.158915385491233,1.1718926418761892,1.561230531007813,1.0399933762626994,0.8891001724516057,1.0075146959741093
25,6,Andre Drummond,54.0,DET,C,9400,36.0,48.8,5.1899999999999995,34.0,50.8,51.67058823529412,2.1501854578772814,1.2656474643852675,2.109900168109968,2.2651268942607974,0.5310548876482475,2.086940363333183,1.7297273167796168
25,7,Devin Booker,47.0,PHO,PG/SG,7900,35.0,42.45,5.37,34.666666666666664,39.370000000000005,42.85817307692309,1.6076949462748495,1.158915385491233,1.44036626709102,1.3456371306057566,0.7089363011445612,1.607804286980552,1.2494422233001783
26,0,Patrick Beverley,12.8,LAC,PG/SG,4700,30.5,26.55,5.67,30.333333333333332,24.029999999999998,26.695879120879123,0.2493328778530107,0.6786210304680788,0.21241643411862876,0.11160624919995231,1.0054053236384162,-0.7331176860565874,0.12518508813282145
26,1,Evan Fournier,24.8,ORL,SG/SF,5100,29.5,25.950000000000003,5.074999999999999,29.0,28.130000000000003,26.39741379310345,0.19807393187482827,0.5718889515740444,0.18974016982180636,0.44143197369563686,0.41740842902560277,0.08825844483363697,0.1509639481442088
26,2,Tony Snell,11.3,DET,SG/SF,3300,26.0,14.95,4.525,26.666666666666668,15.850000000000003,14.576249999999998,-0.7416734110585195,0.1983266754449243,-0.7083870480569661,-0.5464362938182659,-0.12611811221313074,-0.8357897024178654,-0.574001238207375
26,3,Christian Wood,9.8,DET,PF/C,4000,20.0,20.95,5.24,16.666666666666668,18.91,25.139999999999997,-0.22908395127669362,-0.4420657979192816,0.09420663594240525,-0.3002736799263653,0.580466391397224,-0.9384617187791435,-0.23643224747913888
26,4,James Harden,79.3,HOU,PG/SG,10100,35.5,58.599999999999994,5.8100000000000005,37.0,51.55999999999999,56.224324324324314,2.987414908854263,1.2122814249382503,2.4558757756031055,2.3262653212404842,1.1437575341355493,3.8186750392934057,2.297920294374454
26,5,Eric Gordon,19.8,HOU,SG/SF,3900,34.0,24.950000000000003,6.385,34.666666666666664,18.330000000000002,24.47019230769231,0.11264235524452396,1.0521833065971988,0.0433171863302559,-0.3469319531477058,1.711989827248771,-0.2539816097039565,-0.053549874647338604
26,6,Richaun Holmes,39.3,SAC,PF/C,4500,26.0,27.5,6.109999999999999,21.0,22.54,34.04761904761905,0.33049287565179974,0.1983266754449243,0.7709737676041303,-0.008257245799698635,1.4402265566294032,1.0807546029926578,0.1497504546376518
26,7,Patrick Patterson,10.3,LAC,PF/C,3500,26.5,16.950000000000003,4.8149999999999995,25.666666666666668,16.81,17.500324675324677,-0.5708102577979106,0.25169271489194145,-0.4862269376834623,-0.4692088071070816,0.16046860953092845,-0.9042377133253842,-0.46143170240595216
27,0,Tyler Johnson,5.5,PHO,PG/SG,3400,17.5,14.9,4.404999999999999,20.666666666666668,14.580000000000002,12.616935483870968,-0.7459449898900347,-0.7088959951543674,-0.8572483383765442,-0.6486018231132706,-0.2447057212106738,-1.2327881656814739,-0.5984706984228023
27,1,Matthew Dellavedova,4.3,CLE,PG/SG,3100,18.5,13.95,4.51,19.333333333333332,11.61,13.348706896551723,-0.8271049876888238,-0.602163916260333,-0.8016511201586887,-0.8875243601259981,-0.14094156333782404,-1.3149257787704964,-0.6737876349279845
27,2,Landry Shamet,9.8,LAC,SG/SF,4400,34.0,23.1,5.234999999999999,34.0,19.26,23.1,-0.04540606152153915,1.0521833065971988,-0.060784831610188675,-0.27211782539624574,0.5755252410223257,-0.9384617187791435,-0.07283738629065203
27,3,Kevin Love,53.5,CLE,PF/C,8200,33.0,44.65,5.425,33.666666666666664,45.01,43.765841584158416,1.7956444148615187,0.9454512277031645,1.509327479830077,1.7993486150339655,0.7632889552684343,2.0527163578794236,1.4017725710255942
27,4,Collin Sexton,22.0,CLE,PG/SG,5600,30.5,24.8,4.41,30.0,24.56,25.213333333333335,0.09982761874997813,0.6786210304680788,0.09977822464527661,0.15424225748841888,-0.23976457083577543,-0.10339598570741543,0.11917369755221158
27,5,Bogdan Bogdanovic,25.0,SAC,SG/SF,3800,24.5,24.55,6.455,23.333333333333332,19.93,25.777500000000003,0.07846972459240205,0.03822855710387284,0.14264146955259144,-0.21821947529573169,1.7811659324973375,0.10194804701514067,-0.09719128328831247
27,6,Richaun Holmes,39.3,SAC,PF/C,4500,26.0,27.5,6.109999999999999,21.0,22.54,34.04761904761905,0.33049287565179974,0.1983266754449243,0.7709737676041303,-0.008257245799698635,1.4402265566294032,1.0807546029926578,0.1497504546376518
27,7,Patrick Beverley,12.8,LAC,PG/SG,4700,30.5,26.55,5.67,30.333333333333332,24.029999999999998,26.695879120879123,0.2493328778530107,0.6786210304680788,0.21241643411862876,0.11160624919995231,1.0054053236384162,-0.7331176860565874,0.12518508813282145
28,0,Shai Gilgeous-Alexander,27.5,OKC,PG/SG,6900,36.0,36.2,5.220000000000001,34.333333333333336,40.279999999999994,37.95728155339806,1.0737475923354476,1.2656474643852675,1.0680151055482685,1.418842352384066,0.5607017898976341,0.2730680742839374,0.8690798885050903
28,1,Matthew Dellavedova,4.3,CLE,PG/SG,3100,18.5,13.95,4.51,19.333333333333332,11.61,13.348706896551723,-0.8271049876888238,-0.602163916260333,-0.8016511201586887,-0.8875243601259981,-0.14094156333782404,-1.3149257787704964,-0.6737876349279845
28,2,Dario Saric,45.3,PHO,SF/PF,4600,27.5,23.1,5.04,27.333333333333332,21.18,23.240853658536587,-0.04540606152153915,0.3584247937859758,-0.05008330452845469,-0.11766285197387674,0.3828203764013204,1.49144266843777,-0.06433427630898597
28,3,Rodions Kurucs,9.0,BKN,SF/PF,3100,11.0,11.65,3.76,11.333333333333334,9.049999999999999,11.30735294117647,-1.0235976139385237,-1.4026545079655903,-0.9567454561086414,-1.093464324689157,-0.8821141195724621,-0.9932201275051585,-0.7884835068881118
28,4,Bogdan Bogdanovic,25.0,SAC,SG/SF,3800,24.5,24.55,6.455,23.333333333333332,19.93,25.777500000000003,0.07846972459240205,0.03822855710387284,0.14264146955259144,-0.21821947529573169,1.7811659324973375,0.10194804701514067,-0.09719128328831247
28,5,Al Horford,39.5,PHI,PF/C,6100,31.0,30.75,5.0600000000000005,32.333333333333336,32.55,29.481958762886595,0.6081454997002887,0.7319870699150959,0.4240922049191898,0.7970001937617155,0.4025849779009112,1.0944442051741619,0.47888300101912373
28,6,Tyson Chandler,3.3,HOU,C,3100,0.0,6.75,2.175,6.333333333333333,7.269999999999999,0.0,-1.4422123394270148,-2.576707375799968,-1.815835273014565,-1.2366569562994785,-2.448458788414997,-1.383373789678015,-1.024719276351341
28,7,Eric Gordon,19.8,HOU,SG/SF,3900,34.0,24.950000000000003,6.385,34.666666666666664,18.330000000000002,24.47019230769231,0.11264235524452396,1.0521833065971988,0.0433171863302559,-0.3469319531477058,1.711989827248771,-0.2539816097039565,-0.053549874647338604
