Lineup Num,,Player Name,Actual FP,team,Pos,Salary,DFN_MinProj,Avg Proj,Avg Value Proj,Avg Skewed Min,Avg Skewed FP,Proj Min Enhanced,Avg Proj Stan,DFN_MinProj Stan,Proj Min Enhanced Stan,Avg Skewed FP Stan,Avg Value Proj Stan,Actual FP Stan,predictions
0,0,D'Angelo Russell,42.0,GS,PG/SG,7500,33.0,43.6,5.815,32.333333333333336,40.160000000000004,44.49896907216495,1.8012675628028618,0.9566278112501182,1.6719290483194753,1.592849576452288,1.1310318280859049,1.2485679310715097,1.3635436260311122
0,1,Aaron Holiday,42.8,IND,PG/SG,4400,30.5,28.700000000000003,6.529999999999999,27.0,22.440000000000005,32.42037037037038,0.5183903753971658,0.7038138212915876,0.7278430084629387,-0.011084734952680515,1.7357093048244738,1.3014567410724633,0.2585680913076675
0,2,Damion Lee,29.3,GS,SG/SF,4300,34.0,28.1,6.54,27.333333333333332,22.9,34.953658536585365,0.46673089134056045,1.0577534072335304,0.9258495861880518,0.03055238599801224,1.7441663324711676,0.4089580723063694,0.24027717383515146
0,3,Julius Randle,50.8,NY,PF/C,6700,34.5,41.9,6.265000000000001,29.333333333333332,36.28,49.28011363636364,1.6548990246424802,1.1083162052252364,2.0456323187928387,1.2416495127812226,1.5115980721871027,1.8303448410820005,1.2269905634803768
0,4,Damian Lillard,34.8,POR,PG,8300,37.0,50.5,6.085,37.0,47.660000000000004,50.5,2.3953516294538217,1.361130195183767,2.140980936174202,2.2717156789092443,1.359371574546623,0.772568641062926,1.833438556194355
0,5,Marvin Bagley III,19.5,SAC,PF/C,5700,27.5,32.75,5.74,25.0,28.130000000000003,36.025,0.8670918927792508,0.400437033341351,1.0095876541958044,0.5039483481113302,1.067604120735705,-0.23892985020531385,0.6036571069534457
0,6,Derrick Favors,37.8,NO,PF/C,5200,26.5,29.85,5.734999999999999,22.0,24.589999999999996,35.95568181818182,0.617404386505659,0.29931143735793875,1.004169614456389,0.1835235477516462,1.0633756069123577,0.9709016785665024,0.40705925562579615
0,7,Hassan Whiteside,44.0,POR,C,7900,32.5,47.15,5.96,32.666666666666664,43.970000000000006,46.9094387755102,2.106919510137776,0.906065013258412,1.8603359035027074,1.9377135565004222,1.253658728962957,1.380789956073894,1.5988431011898403
1,0,D'Angelo Russell,42.0,GS,PG/SG,7500,33.0,43.6,5.815,32.333333333333336,40.160000000000004,44.49896907216495,1.8012675628028618,0.9566278112501182,1.6719290483194753,1.592849576452288,1.1310318280859049,1.2485679310715097,1.3635436260311122
1,1,Alec Burks,48.5,GS,PG/SG,5300,33.5,32.05,6.05,30.666666666666668,30.71,35.011141304347824,0.8068224947132111,1.0071906092418244,0.9303425476578943,0.737478287356523,1.3297719777831964,1.6782895123292587,0.5611006323814356
1,2,Damion Lee,29.3,GS,SG/SF,4300,34.0,28.1,6.54,27.333333333333332,22.9,34.953658536585365,0.46673089134056045,1.0577534072335304,0.9258495861880518,0.03055238599801224,1.7441663324711676,0.4089580723063694,0.24027717383515146
1,3,Derrick Favors,37.8,NO,PF/C,5200,26.5,29.85,5.734999999999999,22.0,24.589999999999996,35.95568181818182,0.617404386505659,0.29931143735793875,1.004169614456389,0.1835235477516462,1.0633756069123577,0.9709016785665024,0.40705925562579615
1,4,Damian Lillard,34.8,POR,PG,8300,37.0,50.5,6.085,37.0,47.660000000000004,50.5,2.3953516294538217,1.361130195183767,2.140980936174202,2.2717156789092443,1.359371574546623,0.772568641062926,1.833438556194355
1,5,Julius Randle,50.8,NY,PF/C,6700,34.5,41.9,6.265000000000001,29.333333333333332,36.28,49.28011363636364,1.6548990246424802,1.1083162052252364,2.0456323187928387,1.2416495127812226,1.5115980721871027,1.8303448410820005,1.2269905634803768
1,6,Hassan Whiteside,44.0,POR,C,7900,32.5,47.15,5.96,32.666666666666664,43.970000000000006,46.9094387755102,2.106919510137776,0.906065013258412,1.8603359035027074,1.9377135565004222,1.253658728962957,1.380789956073894,1.5988431011898403
1,7,Aaron Holiday,42.8,IND,PG/SG,4400,30.5,28.700000000000003,6.529999999999999,27.0,22.440000000000005,32.42037037037038,0.5183903753971658,0.7038138212915876,0.7278430084629387,-0.011084734952680515,1.7357093048244738,1.3014567410724633,0.2585680913076675
2,0,D'Angelo Russell,42.0,GS,PG/SG,7500,33.0,43.6,5.815,32.333333333333336,40.160000000000004,44.49896907216495,1.8012675628028618,0.9566278112501182,1.6719290483194753,1.592849576452288,1.1310318280859049,1.2485679310715097,1.3635436260311122
2,1,Alec Burks,48.5,GS,PG/SG,5300,33.5,32.05,6.05,30.666666666666668,30.71,35.011141304347824,0.8068224947132111,1.0071906092418244,0.9303425476578943,0.737478287356523,1.3297719777831964,1.6782895123292587,0.5611006323814356
2,2,Damion Lee,29.3,GS,SG/SF,4300,34.0,28.1,6.54,27.333333333333332,22.9,34.953658536585365,0.46673089134056045,1.0577534072335304,0.9258495861880518,0.03055238599801224,1.7441663324711676,0.4089580723063694,0.24027717383515146
2,3,Derrick Favors,37.8,NO,PF/C,5200,26.5,29.85,5.734999999999999,22.0,24.589999999999996,35.95568181818182,0.617404386505659,0.29931143735793875,1.004169614456389,0.1835235477516462,1.0633756069123577,0.9709016785665024,0.40705925562579615
2,4,Troy Brown,52.8,WAS,SG/SF,4800,30.5,28.05,5.84,26.666666666666668,22.91,32.082187499999996,0.4624259343358433,0.7038138212915876,0.7014099979194347,0.03145754080128832,1.1521743972026375,1.962566866084385,0.27003453222673374
2,5,Julius Randle,50.8,NY,PF/C,6700,34.5,41.9,6.265000000000001,29.333333333333332,36.28,49.28011363636364,1.6548990246424802,1.1083162052252364,2.0456323187928387,1.2416495127812226,1.5115980721871027,1.8303448410820005,1.2269905634803768
2,6,Hassan Whiteside,44.0,POR,C,7900,32.5,47.15,5.96,32.666666666666664,43.970000000000006,46.9094387755102,2.106919510137776,0.906065013258412,1.8603359035027074,1.9377135565004222,1.253658728962957,1.380789956073894,1.5988431011898403
2,7,Damian Lillard,34.8,POR,PG,8300,37.0,50.5,6.085,37.0,47.660000000000004,50.5,2.3953516294538217,1.361130195183767,2.140980936174202,2.2717156789092443,1.359371574546623,0.772568641062926,1.833438556194355
3,0,D'Angelo Russell,42.0,GS,PG/SG,7500,33.0,43.6,5.815,32.333333333333336,40.160000000000004,44.49896907216495,1.8012675628028618,0.9566278112501182,1.6719290483194753,1.592849576452288,1.1310318280859049,1.2485679310715097,1.3635436260311122
3,1,Langston Galloway,14.8,DET,PG/SG,3800,27.0,19.05,4.994999999999999,23.666666666666668,18.21,21.733098591549297,-0.31246632651323497,0.34987423534964485,-0.10749429676921941,-0.39396521673840423,0.43755556105705445,-0.5496516089609169,-0.28211291234139174
3,2,Damion Lee,29.3,GS,SG/SF,4300,34.0,28.1,6.54,27.333333333333332,22.9,34.953658536585365,0.46673089134056045,1.0577534072335304,0.9258495861880518,0.03055238599801224,1.7441663324711676,0.4089580723063694,0.24027717383515146
3,3,Julius Randle,50.8,NY,PF/C,6700,34.5,41.9,6.265000000000001,29.333333333333332,36.28,49.28011363636364,1.6548990246424802,1.1083162052252364,2.0456323187928387,1.2416495127812226,1.5115980721871027,1.8303448410820005,1.2269905634803768
3,4,Damian Lillard,34.8,POR,PG,8300,37.0,50.5,6.085,37.0,47.660000000000004,50.5,2.3953516294538217,1.361130195183767,2.140980936174202,2.2717156789092443,1.359371574546623,0.772568641062926,1.833438556194355
3,5,Marvin Bagley III,19.5,SAC,PF/C,5700,27.5,32.75,5.74,25.0,28.130000000000003,36.025,0.8670918927792508,0.400437033341351,1.0095876541958044,0.5039483481113302,1.067604120735705,-0.23892985020531385,0.6036571069534457
3,6,Hassan Whiteside,44.0,POR,C,7900,32.5,47.15,5.96,32.666666666666664,43.970000000000006,46.9094387755102,2.106919510137776,0.906065013258412,1.8603359035027074,1.9377135565004222,1.253658728962957,1.380789956073894,1.5988431011898403
3,7,Mitchell Robinson,34.3,NY,C,5800,30.0,37.05,6.404999999999999,24.666666666666668,27.77,45.06081081081081,1.2373181951849213,0.6532510232998815,1.7158436575518754,0.471362775193396,1.6299964592408076,0.7395131348123299,0.8494376251541242
4,0,Damian Lillard,34.8,POR,PG,8300,37.0,50.5,6.085,37.0,47.660000000000004,50.5,2.3953516294538217,1.361130195183767,2.140980936174202,2.2717156789092443,1.359371574546623,0.772568641062926,1.833438556194355
4,1,Alec Burks,48.5,GS,PG/SG,5300,33.5,32.05,6.05,30.666666666666668,30.71,35.011141304347824,0.8068224947132111,1.0071906092418244,0.9303425476578943,0.737478287356523,1.3297719777831964,1.6782895123292587,0.5611006323814356
4,2,Damion Lee,29.3,GS,SG/SF,4300,34.0,28.1,6.54,27.333333333333332,22.9,34.953658536585365,0.46673089134056045,1.0577534072335304,0.9258495861880518,0.03055238599801224,1.7441663324711676,0.4089580723063694,0.24027717383515146
4,3,Julius Randle,50.8,NY,PF/C,6700,34.5,41.9,6.265000000000001,29.333333333333332,36.28,49.28011363636364,1.6548990246424802,1.1083162052252364,2.0456323187928387,1.2416495127812226,1.5115980721871027,1.8303448410820005,1.2269905634803768
4,4,DeMar DeRozan,51.3,SA,SG/SF,6800,33.0,35.099999999999994,5.17,34.0,35.3,34.067647058823525,1.069424872000954,0.9566278112501182,0.856597259162456,1.15294434206018,0.5855535448741875,1.8634003473325966,0.829396202193029
4,5,Troy Brown,52.8,WAS,SG/SF,4800,30.5,28.05,5.84,26.666666666666668,22.91,32.082187499999996,0.4624259343358433,0.7038138212915876,0.7014099979194347,0.03145754080128832,1.1521743972026375,1.962566866084385,0.27003453222673374
4,6,Mitchell Robinson,34.3,NY,C,5800,30.0,37.05,6.404999999999999,24.666666666666668,27.77,45.06081081081081,1.2373181951849213,0.6532510232998815,1.7158436575518754,0.471362775193396,1.6299964592408076,0.7395131348123299,0.8494376251541242
4,7,Hassan Whiteside,44.0,POR,C,7900,32.5,47.15,5.96,32.666666666666664,43.970000000000006,46.9094387755102,2.106919510137776,0.906065013258412,1.8603359035027074,1.9377135565004222,1.253658728962957,1.380789956073894,1.5988431011898403
5,0,Damian Lillard,34.8,POR,PG,8300,37.0,50.5,6.085,37.0,47.660000000000004,50.5,2.3953516294538217,1.361130195183767,2.140980936174202,2.2717156789092443,1.359371574546623,0.772568641062926,1.833438556194355
5,1,Damion Lee,29.3,GS,SG/SF,4300,34.0,28.1,6.54,27.333333333333332,22.9,34.953658536585365,0.46673089134056045,1.0577534072335304,0.9258495861880518,0.03055238599801224,1.7441663324711676,0.4089580723063694,0.24027717383515146
5,2,Draymond Green,36.5,GS,PG/SF,5900,32.0,33.75,5.72,30.333333333333332,30.589999999999996,35.604395604395606,0.9531910328735927,0.855502215266706,0.9767124218947756,0.7266164297172112,1.050690065442318,0.8849573623149529,0.6842832584738451
5,3,Julius Randle,50.8,NY,PF/C,6700,34.5,41.9,6.265000000000001,29.333333333333332,36.28,49.28011363636364,1.6548990246424802,1.1083162052252364,2.0456323187928387,1.2416495127812226,1.5115980721871027,1.8303448410820005,1.2269905634803768
5,4,D'Angelo Russell,42.0,GS,PG/SG,7500,33.0,43.6,5.815,32.333333333333336,40.160000000000004,44.49896907216495,1.8012675628028618,0.9566278112501182,1.6719290483194753,1.592849576452288,1.1310318280859049,1.2485679310715097,1.3635436260311122
5,5,Marvin Bagley III,19.5,SAC,PF/C,5700,27.5,32.75,5.74,25.0,28.130000000000003,36.025,0.8670918927792508,0.400437033341351,1.0095876541958044,0.5039483481113302,1.067604120735705,-0.23892985020531385,0.6036571069534457
5,6,Mitchell Robinson,34.3,NY,C,5800,30.0,37.05,6.404999999999999,24.666666666666668,27.77,45.06081081081081,1.2373181951849213,0.6532510232998815,1.7158436575518754,0.471362775193396,1.6299964592408076,0.7395131348123299,0.8494376251541242
5,7,Alec Burks,48.5,GS,PG/SG,5300,33.5,32.05,6.05,30.666666666666668,30.71,35.011141304347824,0.8068224947132111,1.0071906092418244,0.9303425476578943,0.737478287356523,1.3297719777831964,1.6782895123292587,0.5611006323814356
6,0,Damian Lillard,34.8,POR,PG,8300,37.0,50.5,6.085,37.0,47.660000000000004,50.5,2.3953516294538217,1.361130195183767,2.140980936174202,2.2717156789092443,1.359371574546623,0.772568641062926,1.833438556194355
6,1,D'Angelo Russell,42.0,GS,PG/SG,7500,33.0,43.6,5.815,32.333333333333336,40.160000000000004,44.49896907216495,1.8012675628028618,0.9566278112501182,1.6719290483194753,1.592849576452288,1.1310318280859049,1.2485679310715097,1.3635436260311122
6,2,Damion Lee,29.3,GS,SG/SF,4300,34.0,28.1,6.54,27.333333333333332,22.9,34.953658536585365,0.46673089134056045,1.0577534072335304,0.9258495861880518,0.03055238599801224,1.7441663324711676,0.4089580723063694,0.24027717383515146
6,3,LaMarcus Aldridge,65.8,SA,PF/C,7300,33.0,36.8,5.035,35.0,37.81999999999999,34.69714285714286,1.2157934101613357,0.9566278112501182,0.9057998372109618,1.3810433524857169,0.47138367164382833,2.822010028599883,0.9591562724496331
6,4,Aaron Holiday,42.8,IND,PG/SG,4400,30.5,28.700000000000003,6.529999999999999,27.0,22.440000000000005,32.42037037037038,0.5183903753971658,0.7038138212915876,0.7278430084629387,-0.011084734952680515,1.7357093048244738,1.3014567410724633,0.2585680913076675
6,5,Julius Randle,50.8,NY,PF/C,6700,34.5,41.9,6.265000000000001,29.333333333333332,36.28,49.28011363636364,1.6548990246424802,1.1083162052252364,2.0456323187928387,1.2416495127812226,1.5115980721871027,1.8303448410820005,1.2269905634803768
6,6,Marvin Bagley III,19.5,SAC,PF/C,5700,27.5,32.75,5.74,25.0,28.130000000000003,36.025,0.8670918927792508,0.400437033341351,1.0095876541958044,0.5039483481113302,1.067604120735705,-0.23892985020531385,0.6036571069534457
6,7,Mitchell Robinson,34.3,NY,C,5800,30.0,37.05,6.404999999999999,24.666666666666668,27.77,45.06081081081081,1.2373181951849213,0.6532510232998815,1.7158436575518754,0.471362775193396,1.6299964592408076,0.7395131348123299,0.8494376251541242
7,0,Aaron Holiday,42.8,IND,PG/SG,4400,30.5,28.700000000000003,6.529999999999999,27.0,22.440000000000005,32.42037037037038,0.5183903753971658,0.7038138212915876,0.7278430084629387,-0.011084734952680515,1.7357093048244738,1.3014567410724633,0.2585680913076675
7,1,D'Angelo Russell,42.0,GS,PG/SG,7500,33.0,43.6,5.815,32.333333333333336,40.160000000000004,44.49896907216495,1.8012675628028618,0.9566278112501182,1.6719290483194753,1.592849576452288,1.1310318280859049,1.2485679310715097,1.3635436260311122
7,2,Damion Lee,29.3,GS,SG/SF,4300,34.0,28.1,6.54,27.333333333333332,22.9,34.953658536585365,0.46673089134056045,1.0577534072335304,0.9258495861880518,0.03055238599801224,1.7441663324711676,0.4089580723063694,0.24027717383515146
7,3,Cedi Osman,27.0,CLE,SF/PF,4000,29.5,22.15,5.5649999999999995,28.0,20.529999999999994,23.33660714285714,-0.04555899222077485,0.6026882253081755,0.01783895383835272,-0.18396930237838638,0.9196061369185718,0.25690274355362736,-0.113309801147285
7,4,Damian Lillard,34.8,POR,PG,8300,37.0,50.5,6.085,37.0,47.660000000000004,50.5,2.3953516294538217,1.361130195183767,2.140980936174202,2.2717156789092443,1.359371574546623,0.772568641062926,1.833438556194355
7,5,Julius Randle,50.8,NY,PF/C,6700,34.5,41.9,6.265000000000001,29.333333333333332,36.28,49.28011363636364,1.6548990246424802,1.1083162052252364,2.0456323187928387,1.2416495127812226,1.5115980721871027,1.8303448410820005,1.2269905634803768
7,6,Mitchell Robinson,34.3,NY,C,5800,30.0,37.05,6.404999999999999,24.666666666666668,27.77,45.06081081081081,1.2373181951849213,0.6532510232998815,1.7158436575518754,0.471362775193396,1.6299964592408076,0.7395131348123299,0.8494376251541242
7,7,Hassan Whiteside,44.0,POR,C,7900,32.5,47.15,5.96,32.666666666666664,43.970000000000006,46.9094387755102,2.106919510137776,0.906065013258412,1.8603359035027074,1.9377135565004222,1.253658728962957,1.380789956073894,1.5988431011898403
8,0,Damian Lillard,34.8,POR,PG,8300,37.0,50.5,6.085,37.0,47.660000000000004,50.5,2.3953516294538217,1.361130195183767,2.140980936174202,2.2717156789092443,1.359371574546623,0.772568641062926,1.833438556194355
8,1,D'Angelo Russell,42.0,GS,PG/SG,7500,33.0,43.6,5.815,32.333333333333336,40.160000000000004,44.49896907216495,1.8012675628028618,0.9566278112501182,1.6719290483194753,1.592849576452288,1.1310318280859049,1.2485679310715097,1.3635436260311122
8,2,Kent Bazemore,5.3,POR,SG/SF,4700,31.0,26.5,5.640000000000001,29.333333333333332,20.9,28.00568181818182,0.3289722671896131,0.7543766192832938,0.3827826305718802,-0.15047857465717612,0.9830338442687724,-1.1777062277222425,0.1619226966876092
8,3,Marvin Bagley III,19.5,SAC,PF/C,5700,27.5,32.75,5.74,25.0,28.130000000000003,36.025,0.8670918927792508,0.400437033341351,1.0095876541958044,0.5039483481113302,1.067604120735705,-0.23892985020531385,0.6036571069534457
8,4,Aaron Holiday,42.8,IND,PG/SG,4400,30.5,28.700000000000003,6.529999999999999,27.0,22.440000000000005,32.42037037037038,0.5183903753971658,0.7038138212915876,0.7278430084629387,-0.011084734952680515,1.7357093048244738,1.3014567410724633,0.2585680913076675
8,5,Julius Randle,50.8,NY,PF/C,6700,34.5,41.9,6.265000000000001,29.333333333333332,36.28,49.28011363636364,1.6548990246424802,1.1083162052252364,2.0456323187928387,1.2416495127812226,1.5115980721871027,1.8303448410820005,1.2269905634803768
8,6,Hassan Whiteside,44.0,POR,C,7900,32.5,47.15,5.96,32.666666666666664,43.970000000000006,46.9094387755102,2.106919510137776,0.906065013258412,1.8603359035027074,1.9377135565004222,1.253658728962957,1.380789956073894,1.5988431011898403
8,7,Troy Brown,52.8,WAS,SG/SF,4800,30.5,28.05,5.84,26.666666666666668,22.91,32.082187499999996,0.4624259343358433,0.7038138212915876,0.7014099979194347,0.03145754080128832,1.1521743972026375,1.962566866084385,0.27003453222673374
9,0,Damian Lillard,34.8,POR,PG,8300,37.0,50.5,6.085,37.0,47.660000000000004,50.5,2.3953516294538217,1.361130195183767,2.140980936174202,2.2717156789092443,1.359371574546623,0.772568641062926,1.833438556194355
9,1,Alec Burks,48.5,GS,PG/SG,5300,33.5,32.05,6.05,30.666666666666668,30.71,35.011141304347824,0.8068224947132111,1.0071906092418244,0.9303425476578943,0.737478287356523,1.3297719777831964,1.6782895123292587,0.5611006323814356
9,2,Kent Bazemore,5.3,POR,SG/SF,4700,31.0,26.5,5.640000000000001,29.333333333333332,20.9,28.00568181818182,0.3289722671896131,0.7543766192832938,0.3827826305718802,-0.15047857465717612,0.9830338442687724,-1.1777062277222425,0.1619226966876092
9,3,Julius Randle,50.8,NY,PF/C,6700,34.5,41.9,6.265000000000001,29.333333333333332,36.28,49.28011363636364,1.6548990246424802,1.1083162052252364,2.0456323187928387,1.2416495127812226,1.5115980721871027,1.8303448410820005,1.2269905634803768
9,4,Aaron Holiday,42.8,IND,PG/SG,4400,30.5,28.700000000000003,6.529999999999999,27.0,22.440000000000005,32.42037037037038,0.5183903753971658,0.7038138212915876,0.7278430084629387,-0.011084734952680515,1.7357093048244738,1.3014567410724633,0.2585680913076675
9,5,Marvin Bagley III,19.5,SAC,PF/C,5700,27.5,32.75,5.74,25.0,28.130000000000003,36.025,0.8670918927792508,0.400437033341351,1.0095876541958044,0.5039483481113302,1.067604120735705,-0.23892985020531385,0.6036571069534457
9,6,Mitchell Robinson,34.3,NY,C,5800,30.0,37.05,6.404999999999999,24.666666666666668,27.77,45.06081081081081,1.2373181951849213,0.6532510232998815,1.7158436575518754,0.471362775193396,1.6299964592408076,0.7395131348123299,0.8494376251541242
9,7,Russell Westbrook,47.8,HOU,PG,8900,36.0,49.0,5.49,36.0,49.160000000000004,49.0,2.2662029193123088,1.2600045992003548,2.0237381090261817,2.4074888994006356,0.8561784295683729,1.6320118035784241,1.7893115180710935
10,0,Damian Lillard,34.8,POR,PG,8300,37.0,50.5,6.085,37.0,47.660000000000004,50.5,2.3953516294538217,1.361130195183767,2.140980936174202,2.2717156789092443,1.359371574546623,0.772568641062926,1.833438556194355
10,1,Alec Burks,48.5,GS,PG/SG,5300,33.5,32.05,6.05,30.666666666666668,30.71,35.011141304347824,0.8068224947132111,1.0071906092418244,0.9303425476578943,0.737478287356523,1.3297719777831964,1.6782895123292587,0.5611006323814356
10,2,Harrison Barnes,15.0,SAC,SF/PF,5500,33.0,26.15,4.76,34.0,27.07,25.380882352941175,0.2988375681565933,0.9566278112501182,0.1776233572375965,0.4080019389640801,0.23881541135976272,-0.5364294064606786,0.23637794411677768
10,3,Marvin Bagley III,19.5,SAC,PF/C,5700,27.5,32.75,5.74,25.0,28.130000000000003,36.025,0.8670918927792508,0.400437033341351,1.0095876541958044,0.5039483481113302,1.067604120735705,-0.23892985020531385,0.6036571069534457
10,4,Damion Lee,29.3,GS,SG/SF,4300,34.0,28.1,6.54,27.333333333333332,22.9,34.953658536585365,0.46673089134056045,1.0577534072335304,0.9258495861880518,0.03055238599801224,1.7441663324711676,0.4089580723063694,0.24027717383515146
10,5,Julius Randle,50.8,NY,PF/C,6700,34.5,41.9,6.265000000000001,29.333333333333332,36.28,49.28011363636364,1.6548990246424802,1.1083162052252364,2.0456323187928387,1.2416495127812226,1.5115980721871027,1.8303448410820005,1.2269905634803768
10,6,Hassan Whiteside,44.0,POR,C,7900,32.5,47.15,5.96,32.666666666666664,43.970000000000006,46.9094387755102,2.106919510137776,0.906065013258412,1.8603359035027074,1.9377135565004222,1.253658728962957,1.380789956073894,1.5988431011898403
10,7,Derrick Favors,37.8,NO,PF/C,5200,26.5,29.85,5.734999999999999,22.0,24.589999999999996,35.95568181818182,0.617404386505659,0.29931143735793875,1.004169614456389,0.1835235477516462,1.0633756069123577,0.9709016785665024,0.40705925562579615
11,0,D'Angelo Russell,42.0,GS,PG/SG,7500,33.0,43.6,5.815,32.333333333333336,40.160000000000004,44.49896907216495,1.8012675628028618,0.9566278112501182,1.6719290483194753,1.592849576452288,1.1310318280859049,1.2485679310715097,1.3635436260311122
11,1,Alec Burks,48.5,GS,PG/SG,5300,33.5,32.05,6.05,30.666666666666668,30.71,35.011141304347824,0.8068224947132111,1.0071906092418244,0.9303425476578943,0.737478287356523,1.3297719777831964,1.6782895123292587,0.5611006323814356
11,2,Will Barton,31.0,DEN,PG/SF,6200,34.0,31.4,5.08,33.333333333333336,32.36,32.02799999999999,0.750858053651889,1.0577534072335304,0.6971746007887121,0.8868288298970533,0.509440296053948,0.521346793558396,0.5895875208188702
11,3,Marvin Bagley III,19.5,SAC,PF/C,5700,27.5,32.75,5.74,25.0,28.130000000000003,36.025,0.8670918927792508,0.400437033341351,1.0095876541958044,0.5039483481113302,1.067604120735705,-0.23892985020531385,0.6036571069534457
11,4,Damion Lee,29.3,GS,SG/SF,4300,34.0,28.1,6.54,27.333333333333332,22.9,34.953658536585365,0.46673089134056045,1.0577534072335304,0.9258495861880518,0.03055238599801224,1.7441663324711676,0.4089580723063694,0.24027717383515146
11,5,Julius Randle,50.8,NY,PF/C,6700,34.5,41.9,6.265000000000001,29.333333333333332,36.28,49.28011363636364,1.6548990246424802,1.1083162052252364,2.0456323187928387,1.2416495127812226,1.5115980721871027,1.8303448410820005,1.2269905634803768
11,6,Hassan Whiteside,44.0,POR,C,7900,32.5,47.15,5.96,32.666666666666664,43.970000000000006,46.9094387755102,2.106919510137776,0.906065013258412,1.8603359035027074,1.9377135565004222,1.253658728962957,1.380789956073894,1.5988431011898403
11,7,Derrick Favors,37.8,NO,PF/C,5200,26.5,29.85,5.734999999999999,22.0,24.589999999999996,35.95568181818182,0.617404386505659,0.29931143735793875,1.004169614456389,0.1835235477516462,1.0633756069123577,0.9709016785665024,0.40705925562579615
12,0,Damian Lillard,34.8,POR,PG,8300,37.0,50.5,6.085,37.0,47.660000000000004,50.5,2.3953516294538217,1.361130195183767,2.140980936174202,2.2717156789092443,1.359371574546623,0.772568641062926,1.833438556194355
12,1,D'Angelo Russell,42.0,GS,PG/SG,7500,33.0,43.6,5.815,32.333333333333336,40.160000000000004,44.49896907216495,1.8012675628028618,0.9566278112501182,1.6719290483194753,1.592849576452288,1.1310318280859049,1.2485679310715097,1.3635436260311122
12,2,Damion Lee,29.3,GS,SG/SF,4300,34.0,28.1,6.54,27.333333333333332,22.9,34.953658536585365,0.46673089134056045,1.0577534072335304,0.9258495861880518,0.03055238599801224,1.7441663324711676,0.4089580723063694,0.24027717383515146
12,3,Marvin Bagley III,19.5,SAC,PF/C,5700,27.5,32.75,5.74,25.0,28.130000000000003,36.025,0.8670918927792508,0.400437033341351,1.0095876541958044,0.5039483481113302,1.067604120735705,-0.23892985020531385,0.6036571069534457
12,4,Ricky Rubio,43.3,PHO,PG,7000,33.0,34.7,4.965,30.666666666666668,37.839999999999996,37.34021739130435,1.034985215963218,0.9566278112501182,1.1123875243763155,1.382853662092269,0.4121844781169751,1.3345122473230593,0.8515182209926149
12,5,Draymond Green,36.5,GS,PG/SF,5900,32.0,33.75,5.72,30.333333333333332,30.589999999999996,35.604395604395606,0.9531910328735927,0.855502215266706,0.9767124218947756,0.7266164297172112,1.050690065442318,0.8849573623149529,0.6842832584738451
12,6,Derrick Favors,37.8,NO,PF/C,5200,26.5,29.85,5.734999999999999,22.0,24.589999999999996,35.95568181818182,0.617404386505659,0.29931143735793875,1.004169614456389,0.1835235477516462,1.0633756069123577,0.9709016785665024,0.40705925562579615
12,7,Troy Brown,52.8,WAS,SG/SF,4800,30.5,28.05,5.84,26.666666666666668,22.91,32.082187499999996,0.4624259343358433,0.7038138212915876,0.7014099979194347,0.03145754080128832,1.1521743972026375,1.962566866084385,0.27003453222673374
13,0,Allonzo Trier,15.0,NY,PG/SG,3000,14.0,13.05,4.35,11.666666666666666,11.970000000000002,15.660000000000004,-0.8290611670792871,-0.964758512434714,-0.5821791290504863,-0.9587818139825918,-0.10792272215466206,-0.5364294064606786,-0.674416290729063
13,1,Troy Brown,52.8,WAS,SG/SF,4800,30.5,28.05,5.84,26.666666666666668,22.91,32.082187499999996,0.4624259343358433,0.7038138212915876,0.7014099979194347,0.03145754080128832,1.1521743972026375,1.962566866084385,0.27003453222673374
13,2,DeMar DeRozan,51.3,SA,SG/SF,6800,33.0,35.099999999999994,5.17,34.0,35.3,34.067647058823525,1.069424872000954,0.9566278112501182,0.856597259162456,1.15294434206018,0.5855535448741875,1.8634003473325966,0.829396202193029
13,3,Marvin Bagley III,19.5,SAC,PF/C,5700,27.5,32.75,5.74,25.0,28.130000000000003,36.025,0.8670918927792508,0.400437033341351,1.0095876541958044,0.5039483481113302,1.067604120735705,-0.23892985020531385,0.6036571069534457
13,4,Damian Lillard,34.8,POR,PG,8300,37.0,50.5,6.085,37.0,47.660000000000004,50.5,2.3953516294538217,1.361130195183767,2.140980936174202,2.2717156789092443,1.359371574546623,0.772568641062926,1.833438556194355
13,5,Julius Randle,50.8,NY,PF/C,6700,34.5,41.9,6.265000000000001,29.333333333333332,36.28,49.28011363636364,1.6548990246424802,1.1083162052252364,2.0456323187928387,1.2416495127812226,1.5115980721871027,1.8303448410820005,1.2269905634803768
13,6,Hassan Whiteside,44.0,POR,C,7900,32.5,47.15,5.96,32.666666666666664,43.970000000000006,46.9094387755102,2.106919510137776,0.906065013258412,1.8603359035027074,1.9377135565004222,1.253658728962957,1.380789956073894,1.5988431011898403
13,7,Damion Lee,29.3,GS,SG/SF,4300,34.0,28.1,6.54,27.333333333333332,22.9,34.953658536585365,0.46673089134056045,1.0577534072335304,0.9258495861880518,0.03055238599801224,1.7441663324711676,0.4089580723063694,0.24027717383515146
14,0,D'Angelo Russell,42.0,GS,PG/SG,7500,33.0,43.6,5.815,32.333333333333336,40.160000000000004,44.49896907216495,1.8012675628028618,0.9566278112501182,1.6719290483194753,1.592849576452288,1.1310318280859049,1.2485679310715097,1.3635436260311122
14,1,Donovan Mitchell,31.8,UTA,PG/SG,8300,35.0,38.5,4.640000000000001,35.666666666666664,40.42,37.780373831775705,1.3621619483217173,1.1588790032169427,1.1467909813551629,1.6163836013374624,0.13733107959944396,0.5742356035593498,1.1201332398769077
14,2,Josh Okogie,9.8,MIN,SG/SF,3700,26.5,19.85,5.37,24.333333333333332,17.869999999999997,21.61746575342466,-0.24358701443776126,0.29931143735793875,-0.11653237733780725,-0.42474048004978654,0.7546940978080534,-0.8802066714668777,-0.2644115714406732
14,3,Julius Randle,50.8,NY,PF/C,6700,34.5,41.9,6.265000000000001,29.333333333333332,36.28,49.28011363636364,1.6548990246424802,1.1083162052252364,2.0456323187928387,1.2416495127812226,1.5115980721871027,1.8303448410820005,1.2269905634803768
14,4,Terrence Ross,36.0,ORL,SG/SF,4400,25.0,20.8,4.699999999999999,23.666666666666668,19.759999999999998,21.971830985915492,-0.1617928313481364,0.14762304338282042,-0.08883452287101348,-0.2536662222306335,0.1880732454796026,0.8519018560643568,-0.14888194257114312
14,5,Damion Lee,29.3,GS,SG/SF,4300,34.0,28.1,6.54,27.333333333333332,22.9,34.953658536585365,0.46673089134056045,1.0577534072335304,0.9258495861880518,0.03055238599801224,1.7441663324711676,0.4089580723063694,0.24027717383515146
14,6,Hassan Whiteside,44.0,POR,C,7900,32.5,47.15,5.96,32.666666666666664,43.970000000000006,46.9094387755102,2.106919510137776,0.906065013258412,1.8603359035027074,1.9377135565004222,1.253658728962957,1.380789956073894,1.5988431011898403
14,7,Will Barton,31.0,DEN,PG/SF,6200,34.0,31.4,5.08,33.333333333333336,32.36,32.02799999999999,0.750858053651889,1.0577534072335304,0.6971746007887121,0.8868288298970533,0.509440296053948,0.521346793558396,0.5895875208188702
15,0,Damian Lillard,34.8,POR,PG,8300,37.0,50.5,6.085,37.0,47.660000000000004,50.5,2.3953516294538217,1.361130195183767,2.140980936174202,2.2717156789092443,1.359371574546623,0.772568641062926,1.833438556194355
15,1,Allonzo Trier,15.0,NY,PG/SG,3000,14.0,13.05,4.35,11.666666666666666,11.970000000000002,15.660000000000004,-0.8290611670792871,-0.964758512434714,-0.5821791290504863,-0.9587818139825918,-0.10792272215466206,-0.5364294064606786,-0.674416290729063
15,2,Cedi Osman,27.0,CLE,SF/PF,4000,29.5,22.15,5.5649999999999995,28.0,20.529999999999994,23.33660714285714,-0.04555899222077485,0.6026882253081755,0.01783895383835272,-0.18396930237838638,0.9196061369185718,0.25690274355362736,-0.113309801147285
15,3,Julius Randle,50.8,NY,PF/C,6700,34.5,41.9,6.265000000000001,29.333333333333332,36.28,49.28011363636364,1.6548990246424802,1.1083162052252364,2.0456323187928387,1.2416495127812226,1.5115980721871027,1.8303448410820005,1.2269905634803768
15,4,Alec Burks,48.5,GS,PG/SG,5300,33.5,32.05,6.05,30.666666666666668,30.71,35.011141304347824,0.8068224947132111,1.0071906092418244,0.9303425476578943,0.737478287356523,1.3297719777831964,1.6782895123292587,0.5611006323814356
15,5,Royce O'Neale,16.0,UTA,SF,4500,32.5,21.1,4.67,31.333333333333332,20.3,21.885638297872344,-0.13596308931983372,0.906065013258412,-0.09557150582145753,-0.20478786285373243,0.1627021625395233,-0.4703183939594864,-0.11741468626737177
15,6,Hassan Whiteside,44.0,POR,C,7900,32.5,47.15,5.96,32.666666666666664,43.970000000000006,46.9094387755102,2.106919510137776,0.906065013258412,1.8603359035027074,1.9377135565004222,1.253658728962957,1.380789956073894,1.5988431011898403
15,7,Draymond Green,36.5,GS,PG/SF,5900,32.0,33.75,5.72,30.333333333333332,30.589999999999996,35.604395604395606,0.9531910328735927,0.855502215266706,0.9767124218947756,0.7266164297172112,1.050690065442318,0.8849573623149529,0.6842832584738451
16,0,Damian Lillard,34.8,POR,PG,8300,37.0,50.5,6.085,37.0,47.660000000000004,50.5,2.3953516294538217,1.361130195183767,2.140980936174202,2.2717156789092443,1.359371574546623,0.772568641062926,1.833438556194355
16,1,Matthew Dellavedova,18.8,CLE,PG/SG,3100,13.5,10.65,3.455,13.0,9.07,11.059615384615384,-1.035699103305708,-1.01532131042642,-0.941753861234454,-1.2212767069326151,-0.8648266965337107,-0.2852075589561483,-0.7938348342532123
16,2,Terrence Ross,36.0,ORL,SG/SF,4400,25.0,20.8,4.699999999999999,23.666666666666668,19.759999999999998,21.971830985915492,-0.1617928313481364,0.14762304338282042,-0.08883452287101348,-0.2536662222306335,0.1880732454796026,0.8519018560643568,-0.14888194257114312
16,3,Marvin Bagley III,19.5,SAC,PF/C,5700,27.5,32.75,5.74,25.0,28.130000000000003,36.025,0.8670918927792508,0.400437033341351,1.0095876541958044,0.5039483481113302,1.067604120735705,-0.23892985020531385,0.6036571069534457
16,4,Will Barton,31.0,DEN,PG/SF,6200,34.0,31.4,5.08,33.333333333333336,32.36,32.02799999999999,0.750858053651889,1.0577534072335304,0.6971746007887121,0.8868288298970533,0.509440296053948,0.521346793558396,0.5895875208188702
16,5,Julius Randle,50.8,NY,PF/C,6700,34.5,41.9,6.265000000000001,29.333333333333332,36.28,49.28011363636364,1.6548990246424802,1.1083162052252364,2.0456323187928387,1.2416495127812226,1.5115980721871027,1.8303448410820005,1.2269905634803768
16,6,Richaun Holmes,37.8,SAC,PF/C,5500,27.0,26.5,4.825,27.333333333333332,28.0,26.176829268292686,0.3289722671896131,0.34987423534964485,0.2398360683146347,0.49218133566874267,0.2937860910632694,0.9709016785665024,0.25566355487578574
16,7,D'Angelo Russell,42.0,GS,PG/SG,7500,33.0,43.6,5.815,32.333333333333336,40.160000000000004,44.49896907216495,1.8012675628028618,0.9566278112501182,1.6719290483194753,1.592849576452288,1.1310318280859049,1.2485679310715097,1.3635436260311122
17,0,D.J. Augustin,12.0,ORL,PG,4600,27.5,22.65,4.925000000000001,27.333333333333332,23.369999999999997,22.78810975609756,-0.0025094221736038326,0.400437033341351,-0.025032635699643674,0.0730946617519814,0.3783563675302027,-0.734762443964255,-0.024177759051398292
17,1,Damion Lee,29.3,GS,SG/SF,4300,34.0,28.1,6.54,27.333333333333332,22.9,34.953658536585365,0.46673089134056045,1.0577534072335304,0.9258495861880518,0.03055238599801224,1.7441663324711676,0.4089580723063694,0.24027717383515146
17,2,Troy Brown,52.8,WAS,SG/SF,4800,30.5,28.05,5.84,26.666666666666668,22.91,32.082187499999996,0.4624259343358433,0.7038138212915876,0.7014099979194347,0.03145754080128832,1.1521743972026375,1.962566866084385,0.27003453222673374
17,3,Marvin Bagley III,19.5,SAC,PF/C,5700,27.5,32.75,5.74,25.0,28.130000000000003,36.025,0.8670918927792508,0.400437033341351,1.0095876541958044,0.5039483481113302,1.067604120735705,-0.23892985020531385,0.6036571069534457
17,4,D'Angelo Russell,42.0,GS,PG/SG,7500,33.0,43.6,5.815,32.333333333333336,40.160000000000004,44.49896907216495,1.8012675628028618,0.9566278112501182,1.6719290483194753,1.592849576452288,1.1310318280859049,1.2485679310715097,1.3635436260311122
17,5,Josh Okogie,9.8,MIN,SG/SF,3700,26.5,19.85,5.37,24.333333333333332,17.869999999999997,21.61746575342466,-0.24358701443776126,0.29931143735793875,-0.11653237733780725,-0.42474048004978654,0.7546940978080534,-0.8802066714668777,-0.2644115714406732
17,6,Hassan Whiteside,44.0,POR,C,7900,32.5,47.15,5.96,32.666666666666664,43.970000000000006,46.9094387755102,2.106919510137776,0.906065013258412,1.8603359035027074,1.9377135565004222,1.253658728962957,1.380789956073894,1.5988431011898403
17,7,Derrick Favors,37.8,NO,PF/C,5200,26.5,29.85,5.734999999999999,22.0,24.589999999999996,35.95568181818182,0.617404386505659,0.29931143735793875,1.004169614456389,0.1835235477516462,1.0633756069123577,0.9709016785665024,0.40705925562579615
18,0,Devin Booker,25.3,PHO,PG/SG,7900,35.0,37.45,4.734999999999999,34.0,39.410000000000004,38.5514705882353,1.2717578512226586,1.1588790032169427,1.2070613571764903,1.5249629662065924,0.2176728422430292,0.14451402230160074,1.0478747825849801
18,1,D'Angelo Russell,42.0,GS,PG/SG,7500,33.0,43.6,5.815,32.333333333333336,40.160000000000004,44.49896907216495,1.8012675628028618,0.9566278112501182,1.6719290483194753,1.592849576452288,1.1310318280859049,1.2485679310715097,1.3635436260311122
18,2,Damion Lee,29.3,GS,SG/SF,4300,34.0,28.1,6.54,27.333333333333332,22.9,34.953658536585365,0.46673089134056045,1.0577534072335304,0.9258495861880518,0.03055238599801224,1.7441663324711676,0.4089580723063694,0.24027717383515146
18,3,Derrick Favors,37.8,NO,PF/C,5200,26.5,29.85,5.734999999999999,22.0,24.589999999999996,35.95568181818182,0.617404386505659,0.29931143735793875,1.004169614456389,0.1835235477516462,1.0633756069123577,0.9709016785665024,0.40705925562579615
18,4,Tim Frazier,17.3,DET,PG,3300,19.0,14.6,4.445,12.666666666666666,11.440000000000001,21.900000000000002,-0.695607499933057,-0.4591305325176529,-0.09444896811472127,-1.0067550185562169,-0.027580959511075316,-0.3843740777079365,-0.5613860326706349
18,5,Terrence Ross,36.0,ORL,SG/SF,4400,25.0,20.8,4.699999999999999,23.666666666666668,19.759999999999998,21.971830985915492,-0.1617928313481364,0.14762304338282042,-0.08883452287101348,-0.2536662222306335,0.1880732454796026,0.8519018560643568,-0.14888194257114312
18,6,Julius Randle,50.8,NY,PF/C,6700,34.5,41.9,6.265000000000001,29.333333333333332,36.28,49.28011363636364,1.6548990246424802,1.1083162052252364,2.0456323187928387,1.2416495127812226,1.5115980721871027,1.8303448410820005,1.2269905634803768
18,7,Svi Mykhailiuk,23.5,DET,SG/SF,3000,25.5,16.6,5.515000000000001,17.666666666666668,11.780000000000001,23.960377358490568,-0.5234092197443728,0.19818584137452652,0.06659400955274836,-0.9759797552448347,0.8773209986851064,0.0255141997994548,-0.4995645310517652
19,0,D'Angelo Russell,42.0,GS,PG/SG,7500,33.0,43.6,5.815,32.333333333333336,40.160000000000004,44.49896907216495,1.8012675628028618,0.9566278112501182,1.6719290483194753,1.592849576452288,1.1310318280859049,1.2485679310715097,1.3635436260311122
19,1,Nickeil Alexander-Walker,0.0,NO,PG/SG,3100,0.0,3.4,1.09,9.666666666666666,10.0,0.0,-1.6599178689896879,-2.380516856202485,-1.8061942444758203,-1.1370973102279525,-2.8649137349766725,-1.5280945939785608,-1.11217912678613
19,2,Damion Lee,29.3,GS,SG/SF,4300,34.0,28.1,6.54,27.333333333333332,22.9,34.953658536585365,0.46673089134056045,1.0577534072335304,0.9258495861880518,0.03055238599801224,1.7441663324711676,0.4089580723063694,0.24027717383515146
19,3,Julius Randle,50.8,NY,PF/C,6700,34.5,41.9,6.265000000000001,29.333333333333332,36.28,49.28011363636364,1.6548990246424802,1.1083162052252364,2.0456323187928387,1.2416495127812226,1.5115980721871027,1.8303448410820005,1.2269905634803768
19,4,Ricky Rubio,43.3,PHO,PG,7000,33.0,34.7,4.965,30.666666666666668,37.839999999999996,37.34021739130435,1.034985215963218,0.9566278112501182,1.1123875243763155,1.382853662092269,0.4121844781169751,1.3345122473230593,0.8515182209926149
19,5,Jeff Green,15.3,UTA,SF/PF,3200,16.5,11.15,3.48,16.333333333333332,12.429999999999998,11.263775510204082,-0.992649533258537,-0.7119445224761835,-0.9257963210245114,-0.9171446930318988,-0.8436841274169775,-0.5165961027103209,-0.7385937052128966
19,6,Mitchell Robinson,34.3,NY,C,5800,30.0,37.05,6.404999999999999,24.666666666666668,27.77,45.06081081081081,1.2373181951849213,0.6532510232998815,1.7158436575518754,0.471362775193396,1.6299964592408076,0.7395131348123299,0.8494376251541242
19,7,Derrick Favors,37.8,NO,PF/C,5200,26.5,29.85,5.734999999999999,22.0,24.589999999999996,35.95568181818182,0.617404386505659,0.29931143735793875,1.004169614456389,0.1835235477516462,1.0633756069123577,0.9709016785665024,0.40705925562579615
20,0,Damian Lillard,34.8,POR,PG,8300,37.0,50.5,6.085,37.0,47.660000000000004,50.5,2.3953516294538217,1.361130195183767,2.140980936174202,2.2717156789092443,1.359371574546623,0.772568641062926,1.833438556194355
20,1,D'Angelo Russell,42.0,GS,PG/SG,7500,33.0,43.6,5.815,32.333333333333336,40.160000000000004,44.49896907216495,1.8012675628028618,0.9566278112501182,1.6719290483194753,1.592849576452288,1.1310318280859049,1.2485679310715097,1.3635436260311122
20,2,Damion Lee,29.3,GS,SG/SF,4300,34.0,28.1,6.54,27.333333333333332,22.9,34.953658536585365,0.46673089134056045,1.0577534072335304,0.9258495861880518,0.03055238599801224,1.7441663324711676,0.4089580723063694,0.24027717383515146
20,3,Doug McDermott,18.0,IND,SF/PF,3500,21.5,15.05,4.28,22.666666666666668,16.369999999999997,14.275367647058824,-0.656862886890603,-0.20631654255912235,-0.690404603463446,-0.5605137005411778,-0.16712191568151455,-0.3380963689571021,-0.5186462396065706
20,4,Grayson Allen,11.5,MEM,PG/SG,3400,15.0,11.95,3.54,18.0,15.330000000000002,9.958333333333332,-0.9237702211830635,-0.8636329164513018,-1.0278321420209067,-0.6546498000818753,-0.7929419615368177,-0.7678179502148511,-0.6826579541751735
20,5,Richaun Holmes,37.8,SAC,PF/C,5500,27.0,26.5,4.825,27.333333333333332,28.0,26.176829268292686,0.3289722671896131,0.34987423534964485,0.2398360683146347,0.49218133566874267,0.2937860910632694,0.9709016785665024,0.25566355487578574
20,6,Mitchell Robinson,34.3,NY,C,5800,30.0,37.05,6.404999999999999,24.666666666666668,27.77,45.06081081081081,1.2373181951849213,0.6532510232998815,1.7158436575518754,0.471362775193396,1.6299964592408076,0.7395131348123299,0.8494376251541242
20,7,Thon Maker,7.3,DET,PF/C,3100,12.5,8.95,2.88,15.333333333333334,9.569999999999999,7.296195652173912,-1.1820676414660896,-1.1164469064098324,-1.2359098406851772,-1.1760189667688181,-1.3511057862185747,-1.045484202719858,-0.8676507973571429
21,0,Ricky Rubio,43.3,PHO,PG,7000,33.0,34.7,4.965,30.666666666666668,37.839999999999996,37.34021739130435,1.034985215963218,0.9566278112501182,1.1123875243763155,1.382853662092269,0.4121844781169751,1.3345122473230593,0.8515182209926149
21,1,Terrence Ross,36.0,ORL,SG/SF,4400,25.0,20.8,4.699999999999999,23.666666666666668,19.759999999999998,21.971830985915492,-0.1617928313481364,0.14762304338282042,-0.08883452287101348,-0.2536662222306335,0.1880732454796026,0.8519018560643568,-0.14888194257114312
21,2,Damion Lee,29.3,GS,SG/SF,4300,34.0,28.1,6.54,27.333333333333332,22.9,34.953658536585365,0.46673089134056045,1.0577534072335304,0.9258495861880518,0.03055238599801224,1.7441663324711676,0.4089580723063694,0.24027717383515146
21,3,Doug McDermott,18.0,IND,SF/PF,3500,21.5,15.05,4.28,22.666666666666668,16.369999999999997,14.275367647058824,-0.656862886890603,-0.20631654255912235,-0.690404603463446,-0.5605137005411778,-0.16712191568151455,-0.3380963689571021,-0.5186462396065706
21,4,Damian Lillard,34.8,POR,PG,8300,37.0,50.5,6.085,37.0,47.660000000000004,50.5,2.3953516294538217,1.361130195183767,2.140980936174202,2.2717156789092443,1.359371574546623,0.772568641062926,1.833438556194355
21,5,Svi Mykhailiuk,23.5,DET,SG/SF,3000,25.5,16.6,5.515000000000001,17.666666666666668,11.780000000000001,23.960377358490568,-0.5234092197443728,0.19818584137452652,0.06659400955274836,-0.9759797552448347,0.8773209986851064,0.0255141997994548,-0.4995645310517652
21,6,Marquese Chriss,17.8,GS,PF/C,3900,12.5,13.9,3.565,16.666666666666668,19.68,10.424999999999999,-0.7558768979990964,-1.1164469064098324,-0.991356595797078,-0.2609074606568409,-0.7717993924200847,-0.35131857145734047,-0.5400419176987933
21,7,Derrick Favors,37.8,NO,PF/C,5200,26.5,29.85,5.734999999999999,22.0,24.589999999999996,35.95568181818182,0.617404386505659,0.29931143735793875,1.004169614456389,0.1835235477516462,1.0633756069123577,0.9709016785665024,0.40705925562579615
22,0,Tim Frazier,17.3,DET,PG,3300,19.0,14.6,4.445,12.666666666666666,11.440000000000001,21.900000000000002,-0.695607499933057,-0.4591305325176529,-0.09444896811472127,-1.0067550185562169,-0.027580959511075316,-0.3843740777079365,-0.5613860326706349
22,1,Svi Mykhailiuk,23.5,DET,SG/SF,3000,25.5,16.6,5.515000000000001,17.666666666666668,11.780000000000001,23.960377358490568,-0.5234092197443728,0.19818584137452652,0.06659400955274836,-0.9759797552448347,0.8773209986851064,0.0255141997994548,-0.4995645310517652
22,2,Dillon Brooks,22.0,MEM,SG/SF,5300,29.5,26.4,5.005,29.333333333333332,26.4,26.55,0.32036235318017875,0.6026882253081755,0.26900379604414204,0.34735656714459184,0.44601258870374827,-0.07365231895233344,0.23050430841158498
22,3,Julius Randle,50.8,NY,PF/C,6700,34.5,41.9,6.265000000000001,29.333333333333332,36.28,49.28011363636364,1.6548990246424802,1.1083162052252364,2.0456323187928387,1.2416495127812226,1.5115980721871027,1.8303448410820005,1.2269905634803768
22,4,Damion Lee,29.3,GS,SG/SF,4300,34.0,28.1,6.54,27.333333333333332,22.9,34.953658536585365,0.46673089134056045,1.0577534072335304,0.9258495861880518,0.03055238599801224,1.7441663324711676,0.4089580723063694,0.24027717383515146
22,5,Derrick Favors,37.8,NO,PF/C,5200,26.5,29.85,5.734999999999999,22.0,24.589999999999996,35.95568181818182,0.617404386505659,0.29931143735793875,1.004169614456389,0.1835235477516462,1.0633756069123577,0.9709016785665024,0.40705925562579615
22,6,Mitchell Robinson,34.3,NY,C,5800,30.0,37.05,6.404999999999999,24.666666666666668,27.77,45.06081081081081,1.2373181951849213,0.6532510232998815,1.7158436575518754,0.471362775193396,1.6299964592408076,0.7395131348123299,0.8494376251541242
22,7,Wes Iwundu,4.8,ORL,SG/SF,3200,16.0,10.05,3.135,11.333333333333334,8.770000000000001,14.188235294117648,-1.0873585873623133,-0.7625073204678896,-0.6972150323933677,-1.2484313510308933,-1.135451581227896,-1.2107617339728385,-0.7930526447445223
23,0,De'Aaron Fox,52.3,SAC,PG,6400,31.0,35.8,5.58,29.666666666666668,36.06,37.408988764044935,1.1296942700669936,0.7543766192832938,1.1177628244876199,1.221736107109152,0.9322916783886123,1.9295113598337887,0.8593528970407834
23,1,Langston Galloway,14.8,DET,PG/SG,3800,27.0,19.05,4.994999999999999,23.666666666666668,18.21,21.733098591549297,-0.31246632651323497,0.34987423534964485,-0.10749429676921941,-0.39396521673840423,0.43755556105705445,-0.5496516089609169,-0.28211291234139174
23,2,Mike Scott,8.8,PHI,SF/PF,3200,16.5,11.9,3.705,18.333333333333332,13.040000000000001,10.71,-0.9280751781877805,-0.7119445224761835,-0.9690804586389541,-0.8619302500320661,-0.6534010053663786,-0.9463176839680699,-0.708121735065337
23,3,De'Andre Hunter,30.3,ATL,SF/PF,4700,33.0,23.700000000000003,5.025,32.0,23.1,24.440625000000004,0.08789467492545566,0.9566278112501182,0.10413107036723857,0.04865548206353133,0.46292664399713523,0.47506908480756155,0.041988378016669235
23,4,Jamal Murray,46.3,DEN,PG/SG,7200,34.0,35.4,4.9,33.666666666666664,34.2,35.75049504950495,1.095254614029257,1.0577534072335304,0.9881318298876931,1.0533773136998268,0.3572137984134692,1.5328452848266358,0.8664423554628431
23,5,Jerami Grant,14.8,DEN,PF/C,3900,22.5,18.0,4.609999999999999,23.666666666666668,17.34,17.112676056338028,-0.40287042361229414,-0.10519094657571013,-0.46863523053361494,-0.47271368462341123,0.11195999665936315,-0.5496516089609169,-0.3478177932552681
23,6,Jaxson Hayes,17.5,NO,C,4200,21.0,19.65,4.68,20.333333333333332,20.01,20.294262295081968,-0.26080684245662994,-0.25687934055082845,-0.2199564535698974,-0.23103735214873466,0.1711591901862164,-0.37115187520769816,-0.22508689118414005
23,7,Kevin Porter Jr.,29.8,CLE,SG/SF,3700,24.0,20.15,5.43,20.333333333333332,16.77,23.78360655737705,-0.2177572724094589,0.046497447399408205,0.052777270566235344,-0.52430750841014,0.8054362636882128,0.44201357855696544,-0.25213833054768103
24,0,Jarrett Culver,4.0,MIN,PG/SG,3200,23.0,17.0,5.33,17.666666666666668,16.0,22.132075471698112,-0.4889695637066362,-0.05462814858400402,-0.07630951183899005,-0.5940044282623874,0.7208659872212801,-1.2636505439737924,-0.4443446868876648
24,1,Cam Reddish,16.8,ATL,SG/SF,4200,24.0,18.950000000000003,4.5,29.0,18.35,15.682758620689658,-0.321076240522669,0.046497447399408205,-0.5804002723627233,-0.381293049492541,0.018932692545737508,-0.41742958395853264,-0.2815356356755733
24,2,Cedi Osman,27.0,CLE,SF/PF,4000,29.5,22.15,5.5649999999999995,28.0,20.529999999999994,23.33660714285714,-0.04555899222077485,0.6026882253081755,0.01783895383835272,-0.18396930237838638,0.9196061369185718,0.25690274355362736,-0.113309801147285
24,3,Cameron Johnson,22.8,PHO,SF/PF,3400,22.5,15.850000000000001,4.640000000000001,22.0,16.99,16.210227272727277,-0.5879835748151294,-0.10519094657571013,-0.539172328364826,-0.5043941027380694,0.13733107959944396,-0.020763508951379666,-0.4829108339943798
24,4,Bryn Forbes,18.0,SA,PG/SG,3300,24.0,17.9,5.415,22.666666666666668,16.9,18.952941176470585,-0.4114803376217285,0.046497447399408205,-0.3247966402761266,-0.5125404959675528,0.7927507222181731,-0.3380963689571021,-0.4032767498759409
24,5,Jerami Grant,14.8,DEN,PF/C,3900,22.5,18.0,4.609999999999999,23.666666666666668,17.34,17.112676056338028,-0.40287042361229414,-0.10519094657571013,-0.46863523053361494,-0.47271368462341123,0.11195999665936315,-0.5496516089609169,-0.3478177932552681
24,6,Nikola Vucevic,37.3,ORL,C,8200,32.5,46.3,5.635,32.333333333333336,43.839999999999996,46.538659793814425,2.033735241057585,0.906065013258412,1.8313551194619893,1.925946544057834,0.9788053304454252,0.9378461723159064,1.5688471570796225
24,7,Dillon Brooks,22.0,MEM,SG/SF,5300,29.5,26.4,5.005,29.333333333333332,26.4,26.55,0.32036235318017875,0.6026882253081755,0.26900379604414204,0.34735656714459184,0.44601258870374827,-0.07365231895233344,0.23050430841158498
25,0,Ja Morant,30.3,MEM,PG,7100,31.0,35.95,5.0600000000000005,30.0,34.489999999999995,37.14833333333334,1.1426091410811454,0.7543766192832938,1.0973895047488782,1.0796268029948284,0.4925262407605619,0.47506908480756155,0.8923461464573362
25,1,Allonzo Trier,15.0,NY,PG/SG,3000,14.0,13.05,4.35,11.666666666666666,11.970000000000002,15.660000000000004,-0.8290611670792871,-0.964758512434714,-0.5821791290504863,-0.9587818139825918,-0.10792272215466206,-0.5364294064606786,-0.674416290729063
25,2,Rondae Hollis-Jefferson,34.3,TOR,SF/PF,4500,22.5,20.3,4.51,20.0,20.059999999999995,22.837500000000002,-0.2048424013953074,-0.10519094657571013,-0.021172201147208476,-0.22651157813235553,0.027389720192430612,0.7395131348123299,-0.16218535508814763
25,3,Gary Clark,3.5,HOU,PF/C,3000,0.0,4.15,1.375,11.666666666666666,8.17,0.0,-1.5953435139189314,-2.380516856202485,-1.8061942444758203,-1.3027406392274499,-2.623888447045914,-1.2967060502243883,-1.1004644236250374
25,4,Ish Smith,30.5,WAS,PG,4500,33.5,31.7,7.035,26.0,24.340000000000003,40.84423076923076,0.7766877956801915,1.0071906092418244,1.386267814238034,0.1608946776697483,2.1627892009824854,0.4882912873077999,0.45246771272826675
25,5,De'Andre Hunter,30.3,ATL,SF/PF,4700,33.0,23.700000000000003,5.025,32.0,23.1,24.440625000000004,0.08789467492545566,0.9566278112501182,0.10413107036723857,0.04865548206353133,0.46292664399713523,0.47506908480756155,0.041988378016669235
25,6,Gorgui Dieng,30.5,MIN,C,4600,28.0,22.85,4.9399999999999995,22.0,18.93,29.081818181818186,0.014710405845264818,0.4509998313330571,0.4668954770182253,-0.32879407090253654,0.3910419090002416,0.4882912873077999,-0.01706988213416687
25,7,Tomas Satoransky,35.5,CHI,PG/SF,5600,31.5,26.5,4.755,32.0,26.46,26.0859375,0.3289722671896131,0.8049394172749998,0.23273179639522318,0.3527874959642477,0.23458689753641618,0.8188463498137607,0.25444786806012376
26,0,Jarrett Culver,4.0,MIN,PG/SG,3200,23.0,17.0,5.33,17.666666666666668,16.0,22.132075471698112,-0.4889695637066362,-0.05462814858400402,-0.07630951183899005,-0.5940044282623874,0.7208659872212801,-1.2636505439737924,-0.4443446868876648
26,1,Lonnie Walker IV,1.5,SA,SG/SF,3100,12.5,12.15,3.9099999999999997,14.333333333333334,10.03,10.59593023255814,-0.906550393164195,-1.1164469064098324,-0.9779963666569547,-1.1343818458181247,-0.48003193860916654,-1.4289280752267728,-0.7334284441004592
26,2,Draymond Green,36.5,GS,PG/SF,5900,32.0,33.75,5.72,30.333333333333332,30.589999999999996,35.604395604395606,0.9531910328735927,0.855502215266706,0.9767124218947756,0.7266164297172112,1.050690065442318,0.8849573623149529,0.6842832584738451
26,3,Alfonzo McKinnie,2.0,CLE,SF/PF,3000,10.5,7.45,2.465,7.0,6.1899999999999995,11.175,-1.3112163516076025,-1.3186980983766567,-0.9327351822230677,-1.4819612902760861,-1.702072433556346,-1.3958725689761766,-0.9365135152975762
26,4,Denzel Valentine,-0.5,CHI,SG/SF,3500,15.0,15.25,4.369999999999999,13.0,13.930000000000001,17.596153846153847,-0.6396430588717347,-0.8636329164513018,-0.4308456952394263,-0.7813714725405072,-0.09100866686127584,-1.561150100229157,-0.5232023747262529
26,5,Dario Saric,24.0,PHO,SF/PF,4900,28.0,24.6,5.0,28.0,26.9,24.6,0.16538390101036338,0.4509998313330571,0.11658812075171551,0.3926143073083889,0.4417840748804017,0.05856970605005088,0.11828600451074266
26,6,Gary Clark,3.5,HOU,PF/C,3000,0.0,4.15,1.375,11.666666666666666,8.17,0.0,-1.5953435139189314,-2.380516856202485,-1.8061942444758203,-1.3027406392274499,-2.623888447045914,-1.2967060502243883,-1.1004644236250374
26,7,Damion Lee,29.3,GS,SG/SF,4300,34.0,28.1,6.54,27.333333333333332,22.9,34.953658536585365,0.46673089134056045,1.0577534072335304,0.9258495861880518,0.03055238599801224,1.7441663324711676,0.4089580723063694,0.24027717383515146
27,0,Frank Ntilikina,12.8,NY,PG/SG,3100,13.5,11.8,3.8200000000000003,18.333333333333332,14.780000000000001,8.68909090909091,-0.9366850921972146,-1.01532131042642,-1.1270385221238326,-0.7044333142620522,-0.5561451874294056,-0.6818736339633013,-0.721807942457502
27,1,Malik Beasley,10.8,DEN,PG/SG,3000,14.5,12.3,4.1,16.333333333333332,11.52,10.919387755102044,-0.8936355221500436,-0.9141957144430078,-0.9527143170533935,-0.9995137801300094,-0.31934841332199415,-0.8140956589656856,-0.7238694360067734
27,2,Doug McDermott,18.0,IND,SF/PF,3500,21.5,15.05,4.28,22.666666666666668,16.369999999999997,14.275367647058824,-0.656862886890603,-0.20631654255912235,-0.690404603463446,-0.5605137005411778,-0.16712191568151455,-0.3380963689571021,-0.5186462396065706
27,3,Bruno Caboclo,5.0,MEM,PF/C,3000,0.0,2.75,0.915,7.666666666666667,7.470000000000001,0.0,-1.71588231005101,-2.380516856202485,-1.8061942444758203,-1.3661014754567657,-3.012911718793805,-1.1975395314726,-1.1558920400109973
27,4,Kevin Porter Jr.,29.8,CLE,SG/SF,3700,24.0,20.15,5.43,20.333333333333332,16.77,23.78360655737705,-0.2177572724094589,0.046497447399408205,0.052777270566235344,-0.52430750841014,0.8054362636882128,0.44201357855696544,-0.25213833054768103
27,5,Kyle Anderson,0.0,MEM,SF/PF,3200,11.0,10.4,3.27,17.0,15.16,6.729411764705883,-1.0572238883292935,-1.2681353003849507,-1.2802107375843088,-0.6700374317375666,-1.0212817079975365,-1.5280945939785608,-0.7745428027114545
27,6,Alex Len,5.0,ATL,C,5300,17.0,22.0,4.154999999999999,21.0,21.68,17.80952380952381,-0.05847386323492603,-0.6613817244844773,-0.41416829675011685,-0.07987650000165256,-0.27283476126518136,-1.1975395314726,-0.05339129707342819
27,7,Trey Burke,1.0,PHI,PG/SG,3100,12.0,12.600000000000001,4.05,14.0,15.219999999999999,10.8,-0.8678057801217409,-1.1670097044015384,-0.9620458890100728,-0.664606502917911,-0.36163355155546045,-1.4619835814773687,-0.6803118652837898
