Lineup Num,,Player Name,Actual FP,team,Pos,Salary,DFN_MinProj,Avg Proj,Avg Value Proj,Avg Skewed Min,Avg Skewed FP,Proj Min Enhanced,Avg Proj Stan,DFN_MinProj Stan,Proj Min Enhanced Stan,Avg Skewed FP Stan,Avg Value Proj Stan,Actual FP Stan,predictions
0,0,Lou Williams,49.8,LAC,PG/SG,6900,33.0,40.25,5.8100000000000005,31.0,36.730000000000004,42.846774193548384,1.5277071459686817,1.0042849713621633,1.6361605309195577,1.289646781545583,1.3150096819047292,1.8977819114596466,1.1295441904190973
0,1,RJ Barrett,33.3,NY,PG/SG,5500,31.5,29.25,5.335,31.666666666666668,29.21,29.096052631578946,0.5999215276406696,0.8561209101406795,0.5637608224529225,0.6212252004549315,0.9375942712520945,0.7658594249273729,0.41244909674839414
0,2,Paul George,33.3,LAC,SF/PF,8600,33.0,48.3,5.640000000000001,30.333333333333332,44.14,52.54615384615384,2.2066775302905453,1.0042849713621633,2.3926017012890597,1.948290919295812,1.1799346928290497,0.7658594249273729,1.6957290191815626
0,3,Danilo Gallinari,23.0,OKC,SF/PF,6200,31.5,33.7,5.43,32.333333333333336,31.28,32.83144329896908,0.9752529823279111,0.8561209101406795,0.8550787612727406,0.8052189069519592,1.0130773533826212,0.05926538787995374,0.696597671824528
0,4,Kendrick Nunn,20.5,MIA,PG/SG,5500,33.0,31.450000000000003,5.734999999999999,27.666666666666668,28.15,37.51265060240964,0.7854786513062723,1.0042849713621633,1.2201596281099965,0.5270062009926852,1.2554177749595756,-0.11223801917039077,0.5532798494221552
0,5,Blake Griffin,38.0,DET,PF,7000,31.5,38.5,5.5,30.666666666666668,32.82,39.54619565217391,1.3801048885074072,0.8561209101406795,1.3787529869161526,0.9421031137178637,1.0686964665314307,1.0882858301820209,1.015810095843748
0,6,Willie Cauley-Stein,21.3,GS,C,4700,25.5,27.6,5.85,26.666666666666668,22.640000000000004,26.3925,0.4607536848914679,0.2634646652547439,0.3529145013443581,0.03724517548610487,1.3467920322754767,-0.05735692891428047,0.22870129198300002
0,7,Ricky Rubio,24.8,PHO,PG,5500,29.5,33.75,6.15,32.666666666666664,37.31,30.478316326530614,0.9794701896839473,0.6585688285120342,0.6715616514355927,1.3412005737041703,1.5851596600560884,0.18274784095620183,0.6523781622295387
1,0,Ricky Rubio,24.8,PHO,PG,5500,29.5,33.75,6.15,32.666666666666664,37.31,30.478316326530614,0.9794701896839473,0.6585688285120342,0.6715616514355927,1.3412005737041703,1.5851596600560884,0.18274784095620183,0.6523781622295387
1,1,RJ Barrett,33.3,NY,PG/SG,5500,31.5,29.25,5.335,31.666666666666668,29.21,29.096052631578946,0.5999215276406696,0.8561209101406795,0.5637608224529225,0.6212252004549315,0.9375942712520945,0.7658594249273729,0.41244909674839414
1,2,Paul George,33.3,LAC,SF/PF,8600,33.0,48.3,5.640000000000001,30.333333333333332,44.14,52.54615384615384,2.2066775302905453,1.0042849713621633,2.3926017012890597,1.948290919295812,1.1799346928290497,0.7658594249273729,1.6957290191815626
1,3,Julius Randle,30.5,NY,PF/C,6400,32.0,34.85,5.425,33.0,35.029999999999994,33.7939393939394,1.0722487515167487,0.9055089305478408,0.9301424971643292,1.1385408390117913,1.0091045595862778,0.5737756090309872,0.7843708049923889
1,4,Kendrick Nunn,20.5,MIA,PG/SG,5500,33.0,31.450000000000003,5.734999999999999,27.666666666666668,28.15,37.51265060240964,0.7854786513062723,1.0042849713621633,1.2201596281099965,0.5270062009926852,1.2554177749595756,-0.11223801917039077,0.5532798494221552
1,5,LaMarcus Aldridge,32.5,SA,PF/C,6900,34.0,37.25,5.415,34.666666666666664,36.63,36.53365384615385,1.2746747046064966,1.103061012176486,1.1438090285238516,1.280758196690654,1.001158971993591,0.7109783346712628,0.9509509364391578
1,6,Willie Cauley-Stein,21.3,GS,C,4700,25.5,27.6,5.85,26.666666666666668,22.640000000000004,26.3925,0.4607536848914679,0.2634646652547439,0.3529145013443581,0.03724517548610487,1.3467920322754767,-0.05735692891428047,0.22870129198300002
1,7,Lou Williams,49.8,LAC,PG/SG,6900,33.0,40.25,5.8100000000000005,31.0,36.730000000000004,42.846774193548384,1.5277071459686817,1.0042849713621633,1.6361605309195577,1.289646781545583,1.3150096819047292,1.8977819114596466,1.1295441904190973
2,0,Ricky Rubio,24.8,PHO,PG,5500,29.5,33.75,6.15,32.666666666666664,37.31,30.478316326530614,0.9794701896839473,0.6585688285120342,0.6715616514355927,1.3412005737041703,1.5851596600560884,0.18274784095620183,0.6523781622295387
2,1,Lou Williams,49.8,LAC,PG/SG,6900,33.0,40.25,5.8100000000000005,31.0,36.730000000000004,42.846774193548384,1.5277071459686817,1.0042849713621633,1.6361605309195577,1.289646781545583,1.3150096819047292,1.8977819114596466,1.1295441904190973
2,2,Paul George,33.3,LAC,SF/PF,8600,33.0,48.3,5.640000000000001,30.333333333333332,44.14,52.54615384615384,2.2066775302905453,1.0042849713621633,2.3926017012890597,1.948290919295812,1.1799346928290497,0.7658594249273729,1.6957290191815626
2,3,Blake Griffin,38.0,DET,PF,7000,31.5,38.5,5.5,30.666666666666668,32.82,39.54619565217391,1.3801048885074072,0.8561209101406795,1.3787529869161526,0.9421031137178637,1.0686964665314307,1.0882858301820209,1.015810095843748
2,4,Kendrick Nunn,20.5,MIA,PG/SG,5500,33.0,31.450000000000003,5.734999999999999,27.666666666666668,28.15,37.51265060240964,0.7854786513062723,1.0042849713621633,1.2201596281099965,0.5270062009926852,1.2554177749595756,-0.11223801917039077,0.5532798494221552
2,5,Terrence Ross,26.5,ORL,SG/SF,5000,28.0,25.9,5.175,26.666666666666668,21.1,27.195,0.3173686347862294,0.5104047672905504,0.41550036363282533,-0.0996390312798,0.8104648697691018,0.299370157750436,0.18012000581816745
2,6,Willie Cauley-Stein,21.3,GS,C,4700,25.5,27.6,5.85,26.666666666666668,22.640000000000004,26.3925,0.4607536848914679,0.2634646652547439,0.3529145013443581,0.03724517548610487,1.3467920322754767,-0.05735692891428047,0.22870129198300002
2,7,Devonte' Graham,49.8,CHA,PG/SG,6800,35.5,36.8,5.4,35.0,34.9,37.325714285714284,1.2367198384021687,1.25122507339797,1.2055807239686767,1.126985678700384,0.9892405906045606,1.8977819114596466,0.9255819893354098
3,0,Devonte' Graham,49.8,CHA,PG/SG,6800,35.5,36.8,5.4,35.0,34.9,37.325714285714284,1.2367198384021687,1.25122507339797,1.2055807239686767,1.126985678700384,0.9892405906045606,1.8977819114596466,0.9255819893354098
3,1,Lou Williams,49.8,LAC,PG/SG,6900,33.0,40.25,5.8100000000000005,31.0,36.730000000000004,42.846774193548384,1.5277071459686817,1.0042849713621633,1.6361605309195577,1.289646781545583,1.3150096819047292,1.8977819114596466,1.1295441904190973
3,2,JaMychal Green,24.0,LAC,SF/PF,3600,21.0,19.4,5.395,22.0,18.6,18.518181818181816,-0.23086832149850514,-0.18102751840970788,-0.2611926554691567,-0.3218536526530218,0.9852677968082164,0.12786675070009154,-0.2878041425727281
3,3,LaMarcus Aldridge,32.5,SA,PF/C,6900,34.0,37.25,5.415,34.666666666666664,36.63,36.53365384615385,1.2746747046064966,1.103061012176486,1.1438090285238516,1.280758196690654,1.001158971993591,0.7109783346712628,0.9509509364391578
3,4,Ricky Rubio,24.8,PHO,PG,5500,29.5,33.75,6.15,32.666666666666664,37.31,30.478316326530614,0.9794701896839473,0.6585688285120342,0.6715616514355927,1.3412005737041703,1.5851596600560884,0.18274784095620183,0.6523781622295387
3,5,Paul George,33.3,LAC,SF/PF,8600,33.0,48.3,5.640000000000001,30.333333333333332,44.14,52.54615384615384,2.2066775302905453,1.0042849713621633,2.3926017012890597,1.948290919295812,1.1799346928290497,0.7658594249273729,1.6957290191815626
3,6,Willie Cauley-Stein,21.3,GS,C,4700,25.5,27.6,5.85,26.666666666666668,22.640000000000004,26.3925,0.4607536848914679,0.2634646652547439,0.3529145013443581,0.03724517548610487,1.3467920322754767,-0.05735692891428047,0.22870129198300002
3,7,Blake Griffin,38.0,DET,PF,7000,31.5,38.5,5.5,30.666666666666668,32.82,39.54619565217391,1.3801048885074072,0.8561209101406795,1.3787529869161526,0.9421031137178637,1.0686964665314307,1.0882858301820209,1.015810095843748
4,0,Ricky Rubio,24.8,PHO,PG,5500,29.5,33.75,6.15,32.666666666666664,37.31,30.478316326530614,0.9794701896839473,0.6585688285120342,0.6715616514355927,1.3412005737041703,1.5851596600560884,0.18274784095620183,0.6523781622295387
4,1,Kendrick Nunn,20.5,MIA,PG/SG,5500,33.0,31.450000000000003,5.734999999999999,27.666666666666668,28.15,37.51265060240964,0.7854786513062723,1.0042849713621633,1.2201596281099965,0.5270062009926852,1.2554177749595756,-0.11223801917039077,0.5532798494221552
4,2,Paul George,33.3,LAC,SF/PF,8600,33.0,48.3,5.640000000000001,30.333333333333332,44.14,52.54615384615384,2.2066775302905453,1.0042849713621633,2.3926017012890597,1.948290919295812,1.1799346928290497,0.7658594249273729,1.6957290191815626
4,3,Blake Griffin,38.0,DET,PF,7000,31.5,38.5,5.5,30.666666666666668,32.82,39.54619565217391,1.3801048885074072,0.8561209101406795,1.3787529869161526,0.9421031137178637,1.0686964665314307,1.0882858301820209,1.015810095843748
4,4,Dillon Brooks,8.3,MEM,SG/SF,4700,29.0,23.65,5.02,28.333333333333332,23.610000000000003,24.206470588235295,0.1275943037645905,0.609180808104873,0.1824290985739599,0.12346444857891482,0.6873082620824524,-0.9491746455760719,0.053453140371576974
4,5,LaMarcus Aldridge,32.5,SA,PF/C,6900,34.0,37.25,5.415,34.666666666666664,36.63,36.53365384615385,1.2746747046064966,1.103061012176486,1.1438090285238516,1.280758196690654,1.001158971993591,0.7109783346712628,0.9509509364391578
4,6,Willie Cauley-Stein,21.3,GS,C,4700,25.5,27.6,5.85,26.666666666666668,22.640000000000004,26.3925,0.4607536848914679,0.2634646652547439,0.3529145013443581,0.03724517548610487,1.3467920322754767,-0.05735692891428047,0.22870129198300002
4,7,Lou Williams,49.8,LAC,PG/SG,6900,33.0,40.25,5.8100000000000005,31.0,36.730000000000004,42.846774193548384,1.5277071459686817,1.0042849713621633,1.6361605309195577,1.289646781545583,1.3150096819047292,1.8977819114596466,1.1295441904190973
5,0,Malcolm Brogdon,39.5,IND,PG/SG,6800,33.0,36.1,5.3100000000000005,30.666666666666668,39.3,38.84673913043478,1.1776789354176591,1.0042849713621633,1.3242033426216535,1.5180834123172544,0.9177303022703773,1.1911878744122275,0.9084152259451705
5,1,Lou Williams,49.8,LAC,PG/SG,6900,33.0,40.25,5.8100000000000005,31.0,36.730000000000004,42.846774193548384,1.5277071459686817,1.0042849713621633,1.6361605309195577,1.289646781545583,1.3150096819047292,1.8977819114596466,1.1295441904190973
5,2,Troy Brown,7.8,WAS,SG/SF,3600,22.0,18.700000000000003,5.175,20.333333333333332,17.94,20.232786885245908,-0.28990922448301465,-0.08225147759538526,-0.12747298368550414,-0.38051831269555236,0.8104648697691018,-0.9834753269861408,-0.3056988466249746
5,3,LaMarcus Aldridge,32.5,SA,PF/C,6900,34.0,37.25,5.415,34.666666666666664,36.63,36.53365384615385,1.2746747046064966,1.103061012176486,1.1438090285238516,1.280758196690654,1.001158971993591,0.7109783346712628,0.9509509364391578
5,4,Ricky Rubio,24.8,PHO,PG,5500,29.5,33.75,6.15,32.666666666666664,37.31,30.478316326530614,0.9794701896839473,0.6585688285120342,0.6715616514355927,1.3412005737041703,1.5851596600560884,0.18274784095620183,0.6523781622295387
5,5,Blake Griffin,38.0,DET,PF,7000,31.5,38.5,5.5,30.666666666666668,32.82,39.54619565217391,1.3801048885074072,0.8561209101406795,1.3787529869161526,0.9421031137178637,1.0686964665314307,1.0882858301820209,1.015810095843748
5,6,Willie Cauley-Stein,21.3,GS,C,4700,25.5,27.6,5.85,26.666666666666668,22.640000000000004,26.3925,0.4607536848914679,0.2634646652547439,0.3529145013443581,0.03724517548610487,1.3467920322754767,-0.05735692891428047,0.22870129198300002
5,7,Paul George,33.3,LAC,SF/PF,8600,33.0,48.3,5.640000000000001,30.333333333333332,44.14,52.54615384615384,2.2066775302905453,1.0042849713621633,2.3926017012890597,1.948290919295812,1.1799346928290497,0.7658594249273729,1.6957290191815626
6,0,Lou Williams,49.8,LAC,PG/SG,6900,33.0,40.25,5.8100000000000005,31.0,36.730000000000004,42.846774193548384,1.5277071459686817,1.0042849713621633,1.6361605309195577,1.289646781545583,1.3150096819047292,1.8977819114596466,1.1295441904190973
6,1,Kendrick Nunn,20.5,MIA,PG/SG,5500,33.0,31.450000000000003,5.734999999999999,27.666666666666668,28.15,37.51265060240964,0.7854786513062723,1.0042849713621633,1.2201596281099965,0.5270062009926852,1.2554177749595756,-0.11223801917039077,0.5532798494221552
6,2,Miles Bridges,29.0,CHA,SF/PF,5000,33.0,26.5,5.3,32.666666666666664,26.5,26.77040816326531,0.36797512305866653,1.0042849713621633,0.38238703500642696,0.380344550886359,0.9097847146776897,0.4708735648007805,0.23274404253335096
6,3,LaMarcus Aldridge,32.5,SA,PF/C,6900,34.0,37.25,5.415,34.666666666666664,36.63,36.53365384615385,1.2746747046064966,1.103061012176486,1.1438090285238516,1.280758196690654,1.001158971993591,0.7109783346712628,0.9509509364391578
6,4,Ricky Rubio,24.8,PHO,PG,5500,29.5,33.75,6.15,32.666666666666664,37.31,30.478316326530614,0.9794701896839473,0.6585688285120342,0.6715616514355927,1.3412005737041703,1.5851596600560884,0.18274784095620183,0.6523781622295387
6,5,Paul George,33.3,LAC,SF/PF,8600,33.0,48.3,5.640000000000001,30.333333333333332,44.14,52.54615384615384,2.2066775302905453,1.0042849713621633,2.3926017012890597,1.948290919295812,1.1799346928290497,0.7658594249273729,1.6957290191815626
6,6,Willie Cauley-Stein,21.3,GS,C,4700,25.5,27.6,5.85,26.666666666666668,22.640000000000004,26.3925,0.4607536848914679,0.2634646652547439,0.3529145013443581,0.03724517548610487,1.3467920322754767,-0.05735692891428047,0.22870129198300002
6,7,Julius Randle,30.5,NY,PF/C,6400,32.0,34.85,5.425,33.0,35.029999999999994,33.7939393939394,1.0722487515167487,0.9055089305478408,0.9301424971643292,1.1385408390117913,1.0091045595862778,0.5737756090309872,0.7843708049923889
7,0,Kendrick Nunn,20.5,MIA,PG/SG,5500,33.0,31.450000000000003,5.734999999999999,27.666666666666668,28.15,37.51265060240964,0.7854786513062723,1.0042849713621633,1.2201596281099965,0.5270062009926852,1.2554177749595756,-0.11223801917039077,0.5532798494221552
7,1,Lou Williams,49.8,LAC,PG/SG,6900,33.0,40.25,5.8100000000000005,31.0,36.730000000000004,42.846774193548384,1.5277071459686817,1.0042849713621633,1.6361605309195577,1.289646781545583,1.3150096819047292,1.8977819114596466,1.1295441904190973
7,2,JaMychal Green,24.0,LAC,SF/PF,3600,21.0,19.4,5.395,22.0,18.6,18.518181818181816,-0.23086832149850514,-0.18102751840970788,-0.2611926554691567,-0.3218536526530218,0.9852677968082164,0.12786675070009154,-0.2878041425727281
7,3,Blake Griffin,38.0,DET,PF,7000,31.5,38.5,5.5,30.666666666666668,32.82,39.54619565217391,1.3801048885074072,0.8561209101406795,1.3787529869161526,0.9421031137178637,1.0686964665314307,1.0882858301820209,1.015810095843748
7,4,Ricky Rubio,24.8,PHO,PG,5500,29.5,33.75,6.15,32.666666666666664,37.31,30.478316326530614,0.9794701896839473,0.6585688285120342,0.6715616514355927,1.3412005737041703,1.5851596600560884,0.18274784095620183,0.6523781622295387
7,5,Ben Simmons,38.0,PHI,PG/SF,7600,35.0,39.8,5.23,34.0,40.94,40.97058823529411,1.4897522797643539,1.2018370529908087,1.489839389473006,1.663856203938088,0.854165601528881,1.0882858301820209,1.1552040606166667
7,6,Willie Cauley-Stein,21.3,GS,C,4700,25.5,27.6,5.85,26.666666666666668,22.640000000000004,26.3925,0.4607536848914679,0.2634646652547439,0.3529145013443581,0.03724517548610487,1.3467920322754767,-0.05735692891428047,0.22870129198300002
7,7,Paul George,33.3,LAC,SF/PF,8600,33.0,48.3,5.640000000000001,30.333333333333332,44.14,52.54615384615384,2.2066775302905453,1.0042849713621633,2.3926017012890597,1.948290919295812,1.1799346928290497,0.7658594249273729,1.6957290191815626
8,0,Ricky Rubio,24.8,PHO,PG,5500,29.5,33.75,6.15,32.666666666666664,37.31,30.478316326530614,0.9794701896839473,0.6585688285120342,0.6715616514355927,1.3412005737041703,1.5851596600560884,0.18274784095620183,0.6523781622295387
8,1,Devonte' Graham,49.8,CHA,PG/SG,6800,35.5,36.8,5.4,35.0,34.9,37.325714285714284,1.2367198384021687,1.25122507339797,1.2055807239686767,1.126985678700384,0.9892405906045606,1.8977819114596466,0.9255819893354098
8,2,Terrence Ross,26.5,ORL,SG/SF,5000,28.0,25.9,5.175,26.666666666666668,21.1,27.195,0.3173686347862294,0.5104047672905504,0.41550036363282533,-0.0996390312798,0.8104648697691018,0.299370157750436,0.18012000581816745
8,3,Paul George,33.3,LAC,SF/PF,8600,33.0,48.3,5.640000000000001,30.333333333333332,44.14,52.54615384615384,2.2066775302905453,1.0042849713621633,2.3926017012890597,1.948290919295812,1.1799346928290497,0.7658594249273729,1.6957290191815626
8,4,Lou Williams,49.8,LAC,PG/SG,6900,33.0,40.25,5.8100000000000005,31.0,36.730000000000004,42.846774193548384,1.5277071459686817,1.0042849713621633,1.6361605309195577,1.289646781545583,1.3150096819047292,1.8977819114596466,1.1295441904190973
8,5,Blake Griffin,38.0,DET,PF,7000,31.5,38.5,5.5,30.666666666666668,32.82,39.54619565217391,1.3801048885074072,0.8561209101406795,1.3787529869161526,0.9421031137178637,1.0686964665314307,1.0882858301820209,1.015810095843748
8,6,Marc Gasol,21.8,TOR,C,5400,30.0,27.6,5.095000000000001,31.0,24.439999999999998,26.70967741935484,0.4607536848914679,0.7079568489191956,0.3776507284954528,0.197239702874824,0.7469001690276061,-0.023056247504211574,0.3008210790895253
8,7,Willie Cauley-Stein,21.3,GS,C,4700,25.5,27.6,5.85,26.666666666666668,22.640000000000004,26.3925,0.4607536848914679,0.2634646652547439,0.3529145013443581,0.03724517548610487,1.3467920322754767,-0.05735692891428047,0.22870129198300002
9,0,Ricky Rubio,24.8,PHO,PG,5500,29.5,33.75,6.15,32.666666666666664,37.31,30.478316326530614,0.9794701896839473,0.6585688285120342,0.6715616514355927,1.3412005737041703,1.5851596600560884,0.18274784095620183,0.6523781622295387
9,1,Kendrick Nunn,20.5,MIA,PG/SG,5500,33.0,31.450000000000003,5.734999999999999,27.666666666666668,28.15,37.51265060240964,0.7854786513062723,1.0042849713621633,1.2201596281099965,0.5270062009926852,1.2554177749595756,-0.11223801917039077,0.5532798494221552
9,2,JaMychal Green,24.0,LAC,SF/PF,3600,21.0,19.4,5.395,22.0,18.6,18.518181818181816,-0.23086832149850514,-0.18102751840970788,-0.2611926554691567,-0.3218536526530218,0.9852677968082164,0.12786675070009154,-0.2878041425727281
9,3,Paul George,33.3,LAC,SF/PF,8600,33.0,48.3,5.640000000000001,30.333333333333332,44.14,52.54615384615384,2.2066775302905453,1.0042849713621633,2.3926017012890597,1.948290919295812,1.1799346928290497,0.7658594249273729,1.6957290191815626
9,4,Lou Williams,49.8,LAC,PG/SG,6900,33.0,40.25,5.8100000000000005,31.0,36.730000000000004,42.846774193548384,1.5277071459686817,1.0042849713621633,1.6361605309195577,1.289646781545583,1.3150096819047292,1.8977819114596466,1.1295441904190973
9,5,Taurean Prince,15.3,BKN,SF/PF,5800,33.0,29.5,5.07,31.666666666666668,28.080000000000002,30.742105263157896,0.6210075644208517,1.0042849713621633,0.6921341848449089,0.5207841915942353,0.7270362000458882,-0.46896510583510725,0.4536861883277988
9,6,LaMarcus Aldridge,32.5,SA,PF/C,6900,34.0,37.25,5.415,34.666666666666664,36.63,36.53365384615385,1.2746747046064966,1.103061012176486,1.1438090285238516,1.280758196690654,1.001158971993591,0.7109783346712628,0.9509509364391578
9,7,Blake Griffin,38.0,DET,PF,7000,31.5,38.5,5.5,30.666666666666668,32.82,39.54619565217391,1.3801048885074072,0.8561209101406795,1.3787529869161526,0.9421031137178637,1.0686964665314307,1.0882858301820209,1.015810095843748
10,0,Derrick Rose,26.3,DET,PG/SG,5400,25.0,25.3,4.66,23.333333333333332,26.660000000000004,27.107142857142858,0.26676214651379254,0.21407664484758257,0.4086485068802829,0.3945662866542455,0.4012671087457195,0.28564988518640855,0.19603630899307692
10,1,RJ Barrett,33.3,NY,PG/SG,5500,31.5,29.25,5.335,31.666666666666668,29.21,29.096052631578946,0.5999215276406696,0.8561209101406795,0.5637608224529225,0.6212252004549315,0.9375942712520945,0.7658594249273729,0.41244909674839414
10,2,Paul George,33.3,LAC,SF/PF,8600,33.0,48.3,5.640000000000001,30.333333333333332,44.14,52.54615384615384,2.2066775302905453,1.0042849713621633,2.3926017012890597,1.948290919295812,1.1799346928290497,0.7658594249273729,1.6957290191815626
10,3,JaMychal Green,24.0,LAC,SF/PF,3600,21.0,19.4,5.395,22.0,18.6,18.518181818181816,-0.23086832149850514,-0.18102751840970788,-0.2611926554691567,-0.3218536526530218,0.9852677968082164,0.12786675070009154,-0.2878041425727281
10,4,Lou Williams,49.8,LAC,PG/SG,6900,33.0,40.25,5.8100000000000005,31.0,36.730000000000004,42.846774193548384,1.5277071459686817,1.0042849713621633,1.6361605309195577,1.289646781545583,1.3150096819047292,1.8977819114596466,1.1295441904190973
10,5,Blake Griffin,38.0,DET,PF,7000,31.5,38.5,5.5,30.666666666666668,32.82,39.54619565217391,1.3801048885074072,0.8561209101406795,1.3787529869161526,0.9421031137178637,1.0686964665314307,1.0882858301820209,1.015810095843748
10,6,LaMarcus Aldridge,32.5,SA,PF/C,6900,34.0,37.25,5.415,34.666666666666664,36.63,36.53365384615385,1.2746747046064966,1.103061012176486,1.1438090285238516,1.280758196690654,1.001158971993591,0.7109783346712628,0.9509509364391578
10,7,Willie Cauley-Stein,21.3,GS,C,4700,25.5,27.6,5.85,26.666666666666668,22.640000000000004,26.3925,0.4607536848914679,0.2634646652547439,0.3529145013443581,0.03724517548610487,1.3467920322754767,-0.05735692891428047,0.22870129198300002
11,0,Devonte' Graham,49.8,CHA,PG/SG,6800,35.5,36.8,5.4,35.0,34.9,37.325714285714284,1.2367198384021687,1.25122507339797,1.2055807239686767,1.126985678700384,0.9892405906045606,1.8977819114596466,0.9255819893354098
11,1,Malcolm Brogdon,39.5,IND,PG/SG,6800,33.0,36.1,5.3100000000000005,30.666666666666668,39.3,38.84673913043478,1.1776789354176591,1.0042849713621633,1.3242033426216535,1.5180834123172544,0.9177303022703773,1.1911878744122275,0.9084152259451705
11,2,Duncan Robinson,21.3,MIA,SG/SF,4500,30.5,20.9,4.645,28.0,19.580000000000002,22.766071428571426,-0.10435210081741256,0.7573448693263569,0.07009436530648738,-0.23474552107471883,0.3893487273566885,-0.05735692891428047,-0.10141088905322924
11,3,Danilo Gallinari,23.0,OKC,SF/PF,6200,31.5,33.7,5.43,32.333333333333336,31.28,32.83144329896908,0.9752529823279111,0.8561209101406795,0.8550787612727406,0.8052189069519592,1.0130773533826212,0.05926538787995374,0.696597671824528
11,4,Lou Williams,49.8,LAC,PG/SG,6900,33.0,40.25,5.8100000000000005,31.0,36.730000000000004,42.846774193548384,1.5277071459686817,1.0042849713621633,1.6361605309195577,1.289646781545583,1.3150096819047292,1.8977819114596466,1.1295441904190973
11,5,Blake Griffin,38.0,DET,PF,7000,31.5,38.5,5.5,30.666666666666668,32.82,39.54619565217391,1.3801048885074072,0.8561209101406795,1.3787529869161526,0.9421031137178637,1.0686964665314307,1.0882858301820209,1.015810095843748
11,6,Julius Randle,30.5,NY,PF/C,6400,32.0,34.85,5.425,33.0,35.029999999999994,33.7939393939394,1.0722487515167487,0.9055089305478408,0.9301424971643292,1.1385408390117913,1.0091045595862778,0.5737756090309872,0.7843708049923889
11,7,JaMychal Green,24.0,LAC,SF/PF,3600,21.0,19.4,5.395,22.0,18.6,18.518181818181816,-0.23086832149850514,-0.18102751840970788,-0.2611926554691567,-0.3218536526530218,0.9852677968082164,0.12786675070009154,-0.2878041425727281
12,0,Kendrick Nunn,20.5,MIA,PG/SG,5500,33.0,31.450000000000003,5.734999999999999,27.666666666666668,28.15,37.51265060240964,0.7854786513062723,1.0042849713621633,1.2201596281099965,0.5270062009926852,1.2554177749595756,-0.11223801917039077,0.5532798494221552
12,1,Derrick Rose,26.3,DET,PG/SG,5400,25.0,25.3,4.66,23.333333333333332,26.660000000000004,27.107142857142858,0.26676214651379254,0.21407664484758257,0.4086485068802829,0.3945662866542455,0.4012671087457195,0.28564988518640855,0.19603630899307692
12,2,Paul George,33.3,LAC,SF/PF,8600,33.0,48.3,5.640000000000001,30.333333333333332,44.14,52.54615384615384,2.2066775302905453,1.0042849713621633,2.3926017012890597,1.948290919295812,1.1799346928290497,0.7658594249273729,1.6957290191815626
12,3,Blake Griffin,38.0,DET,PF,7000,31.5,38.5,5.5,30.666666666666668,32.82,39.54619565217391,1.3801048885074072,0.8561209101406795,1.3787529869161526,0.9421031137178637,1.0686964665314307,1.0882858301820209,1.015810095843748
12,4,Lou Williams,49.8,LAC,PG/SG,6900,33.0,40.25,5.8100000000000005,31.0,36.730000000000004,42.846774193548384,1.5277071459686817,1.0042849713621633,1.6361605309195577,1.289646781545583,1.3150096819047292,1.8977819114596466,1.1295441904190973
12,5,JaMychal Green,24.0,LAC,SF/PF,3600,21.0,19.4,5.395,22.0,18.6,18.518181818181816,-0.23086832149850514,-0.18102751840970788,-0.2611926554691567,-0.3218536526530218,0.9852677968082164,0.12786675070009154,-0.2878041425727281
12,6,LaMarcus Aldridge,32.5,SA,PF/C,6900,34.0,37.25,5.415,34.666666666666664,36.63,36.53365384615385,1.2746747046064966,1.103061012176486,1.1438090285238516,1.280758196690654,1.001158971993591,0.7109783346712628,0.9509509364391578
12,7,Joe Ingles,26.0,UTA,SG/SF,4800,27.0,19.85,4.11,27.333333333333332,20.130000000000003,19.607926829268294,-0.1929134552941771,0.4116287264762278,-0.17620495304747147,-0.18585830437260994,-0.03574020885206742,0.26506947634036715,-0.14392052653326307
13,0,Lou Williams,49.8,LAC,PG/SG,6900,33.0,40.25,5.8100000000000005,31.0,36.730000000000004,42.846774193548384,1.5277071459686817,1.0042849713621633,1.6361605309195577,1.289646781545583,1.3150096819047292,1.8977819114596466,1.1295441904190973
13,1,RJ Barrett,33.3,NY,PG/SG,5500,31.5,29.25,5.335,31.666666666666668,29.21,29.096052631578946,0.5999215276406696,0.8561209101406795,0.5637608224529225,0.6212252004549315,0.9375942712520945,0.7658594249273729,0.41244909674839414
13,2,Paul George,33.3,LAC,SF/PF,8600,33.0,48.3,5.640000000000001,30.333333333333332,44.14,52.54615384615384,2.2066775302905453,1.0042849713621633,2.3926017012890597,1.948290919295812,1.1799346928290497,0.7658594249273729,1.6957290191815626
13,3,Taurean Prince,15.3,BKN,SF/PF,5800,33.0,29.5,5.07,31.666666666666668,28.080000000000002,30.742105263157896,0.6210075644208517,1.0042849713621633,0.6921341848449089,0.5207841915942353,0.7270362000458882,-0.46896510583510725,0.4536861883277988
13,4,Kendrick Nunn,20.5,MIA,PG/SG,5500,33.0,31.450000000000003,5.734999999999999,27.666666666666668,28.15,37.51265060240964,0.7854786513062723,1.0042849713621633,1.2201596281099965,0.5270062009926852,1.2554177749595756,-0.11223801917039077,0.5532798494221552
13,5,Blake Griffin,38.0,DET,PF,7000,31.5,38.5,5.5,30.666666666666668,32.82,39.54619565217391,1.3801048885074072,0.8561209101406795,1.3787529869161526,0.9421031137178637,1.0686964665314307,1.0882858301820209,1.015810095843748
13,6,LaMarcus Aldridge,32.5,SA,PF/C,6900,34.0,37.25,5.415,34.666666666666664,36.63,36.53365384615385,1.2746747046064966,1.103061012176486,1.1438090285238516,1.280758196690654,1.001158971993591,0.7109783346712628,0.9509509364391578
13,7,Cody Martin,1.5,CHA,SG/SF,3000,0.0,2.75,0.915,9.333333333333334,7.989999999999999,0.0,-1.6351983710586326,-2.2553243755104826,-1.7053999789651355,-1.2649325057609755,-2.5743554447155765,-1.415663912753009,-1.1144042247443322
14,0,Ricky Rubio,24.8,PHO,PG,5500,29.5,33.75,6.15,32.666666666666664,37.31,30.478316326530614,0.9794701896839473,0.6585688285120342,0.6715616514355927,1.3412005737041703,1.5851596600560884,0.18274784095620183,0.6523781622295387
14,1,Lou Williams,49.8,LAC,PG/SG,6900,33.0,40.25,5.8100000000000005,31.0,36.730000000000004,42.846774193548384,1.5277071459686817,1.0042849713621633,1.6361605309195577,1.289646781545583,1.3150096819047292,1.8977819114596466,1.1295441904190973
14,2,Paul George,33.3,LAC,SF/PF,8600,33.0,48.3,5.640000000000001,30.333333333333332,44.14,52.54615384615384,2.2066775302905453,1.0042849713621633,2.3926017012890597,1.948290919295812,1.1799346928290497,0.7658594249273729,1.6957290191815626
14,3,Danilo Gallinari,23.0,OKC,SF/PF,6200,31.5,33.7,5.43,32.333333333333336,31.28,32.83144329896908,0.9752529823279111,0.8561209101406795,0.8550787612727406,0.8052189069519592,1.0130773533826212,0.05926538787995374,0.696597671824528
14,4,Devonte' Graham,49.8,CHA,PG/SG,6800,35.5,36.8,5.4,35.0,34.9,37.325714285714284,1.2367198384021687,1.25122507339797,1.2055807239686767,1.126985678700384,0.9892405906045606,1.8977819114596466,0.9255819893354098
14,5,Chandler Hutchison,0.0,CHI,SF/PF,3400,19.5,10.4,3.08,21.666666666666668,15.780000000000001,9.36,-0.9899656455850605,-0.3291915796311918,-0.9754265571332946,-0.572511745562016,-0.8541357308988325,-1.5185659569832157,-0.710307607042333
14,6,Willie Cauley-Stein,21.3,GS,C,4700,25.5,27.6,5.85,26.666666666666668,22.640000000000004,26.3925,0.4607536848914679,0.2634646652547439,0.3529145013443581,0.03724517548610487,1.3467920322754767,-0.05735692891428047,0.22870129198300002
14,7,JaMychal Green,24.0,LAC,SF/PF,3600,21.0,19.4,5.395,22.0,18.6,18.518181818181816,-0.23086832149850514,-0.18102751840970788,-0.2611926554691567,-0.3218536526530218,0.9852677968082164,0.12786675070009154,-0.2878041425727281
15,0,Lou Williams,49.8,LAC,PG/SG,6900,33.0,40.25,5.8100000000000005,31.0,36.730000000000004,42.846774193548384,1.5277071459686817,1.0042849713621633,1.6361605309195577,1.289646781545583,1.3150096819047292,1.8977819114596466,1.1295441904190973
15,1,Dillon Brooks,8.3,MEM,SG/SF,4700,29.0,23.65,5.02,28.333333333333332,23.610000000000003,24.206470588235295,0.1275943037645905,0.609180808104873,0.1824290985739599,0.12346444857891482,0.6873082620824524,-0.9491746455760719,0.053453140371576974
15,2,Taurean Prince,15.3,BKN,SF/PF,5800,33.0,29.5,5.07,31.666666666666668,28.080000000000002,30.742105263157896,0.6210075644208517,1.0042849713621633,0.6921341848449089,0.5207841915942353,0.7270362000458882,-0.46896510583510725,0.4536861883277988
15,3,Paul George,33.3,LAC,SF/PF,8600,33.0,48.3,5.640000000000001,30.333333333333332,44.14,52.54615384615384,2.2066775302905453,1.0042849713621633,2.3926017012890597,1.948290919295812,1.1799346928290497,0.7658594249273729,1.6957290191815626
15,4,Kendrick Nunn,20.5,MIA,PG/SG,5500,33.0,31.450000000000003,5.734999999999999,27.666666666666668,28.15,37.51265060240964,0.7854786513062723,1.0042849713621633,1.2201596281099965,0.5270062009926852,1.2554177749595756,-0.11223801917039077,0.5532798494221552
15,5,Troy Brown,7.8,WAS,SG/SF,3600,22.0,18.700000000000003,5.175,20.333333333333332,17.94,20.232786885245908,-0.28990922448301465,-0.08225147759538526,-0.12747298368550414,-0.38051831269555236,0.8104648697691018,-0.9834753269861408,-0.3056988466249746
15,6,LaMarcus Aldridge,32.5,SA,PF/C,6900,34.0,37.25,5.415,34.666666666666664,36.63,36.53365384615385,1.2746747046064966,1.103061012176486,1.1438090285238516,1.280758196690654,1.001158971993591,0.7109783346712628,0.9509509364391578
15,7,Skal Labissiere,14.3,POR,PF/C,4800,19.0,17.5,3.67,19.333333333333332,18.88,17.198275862068968,-0.39112220102788897,-0.37857960003835306,-0.3641302908623109,-0.2969656150592212,-0.38534606293029744,-0.537566468655245,-0.282245324370386
16,0,Ricky Rubio,24.8,PHO,PG,5500,29.5,33.75,6.15,32.666666666666664,37.31,30.478316326530614,0.9794701896839473,0.6585688285120342,0.6715616514355927,1.3412005737041703,1.5851596600560884,0.18274784095620183,0.6523781622295387
16,1,Derrick Rose,26.3,DET,PG/SG,5400,25.0,25.3,4.66,23.333333333333332,26.660000000000004,27.107142857142858,0.26676214651379254,0.21407664484758257,0.4086485068802829,0.3945662866542455,0.4012671087457195,0.28564988518640855,0.19603630899307692
16,2,Paul George,33.3,LAC,SF/PF,8600,33.0,48.3,5.640000000000001,30.333333333333332,44.14,52.54615384615384,2.2066775302905453,1.0042849713621633,2.3926017012890597,1.948290919295812,1.1799346928290497,0.7658594249273729,1.6957290191815626
16,3,JaMychal Green,24.0,LAC,SF/PF,3600,21.0,19.4,5.395,22.0,18.6,18.518181818181816,-0.23086832149850514,-0.18102751840970788,-0.2611926554691567,-0.3218536526530218,0.9852677968082164,0.12786675070009154,-0.2878041425727281
16,4,Kendrick Nunn,20.5,MIA,PG/SG,5500,33.0,31.450000000000003,5.734999999999999,27.666666666666668,28.15,37.51265060240964,0.7854786513062723,1.0042849713621633,1.2201596281099965,0.5270062009926852,1.2554177749595756,-0.11223801917039077,0.5532798494221552
16,5,E'Twaun Moore,10.3,NO,SG/SF,4500,17.0,10.7,2.395,21.333333333333332,17.32,8.5265625,-0.9646624014488421,-0.5761316816669982,-1.0404251921501722,-0.4356275387961115,-1.3984084809978947,-0.8119719199357963,-0.6445886372121404
16,6,LaMarcus Aldridge,32.5,SA,PF/C,6900,34.0,37.25,5.415,34.666666666666664,36.63,36.53365384615385,1.2746747046064966,1.103061012176486,1.1438090285238516,1.280758196690654,1.001158971993591,0.7109783346712628,0.9509509364391578
16,7,Lou Williams,49.8,LAC,PG/SG,6900,33.0,40.25,5.8100000000000005,31.0,36.730000000000004,42.846774193548384,1.5277071459686817,1.0042849713621633,1.6361605309195577,1.289646781545583,1.3150096819047292,1.8977819114596466,1.1295441904190973
17,0,Ricky Rubio,24.8,PHO,PG,5500,29.5,33.75,6.15,32.666666666666664,37.31,30.478316326530614,0.9794701896839473,0.6585688285120342,0.6715616514355927,1.3412005737041703,1.5851596600560884,0.18274784095620183,0.6523781622295387
17,1,Devonte' Graham,49.8,CHA,PG/SG,6800,35.5,36.8,5.4,35.0,34.9,37.325714285714284,1.2367198384021687,1.25122507339797,1.2055807239686767,1.126985678700384,0.9892405906045606,1.8977819114596466,0.9255819893354098
17,2,Kyle Korver,3.5,MIL,SG/SF,3100,11.0,7.05,2.255,16.333333333333332,9.569999999999999,4.747959183673469,-1.2725185384395006,-1.168787926552934,-1.335113225543764,-1.1244928650530992,-1.5096467072955133,-1.2784611871127334,-0.9085592762708276
17,3,Paul George,33.3,LAC,SF/PF,8600,33.0,48.3,5.640000000000001,30.333333333333332,44.14,52.54615384615384,2.2066775302905453,1.0042849713621633,2.3926017012890597,1.948290919295812,1.1799346928290497,0.7658594249273729,1.6957290191815626
17,4,Kendrick Nunn,20.5,MIA,PG/SG,5500,33.0,31.450000000000003,5.734999999999999,27.666666666666668,28.15,37.51265060240964,0.7854786513062723,1.0042849713621633,1.2201596281099965,0.5270062009926852,1.2554177749595756,-0.11223801917039077,0.5532798494221552
17,5,LaMarcus Aldridge,32.5,SA,PF/C,6900,34.0,37.25,5.415,34.666666666666664,36.63,36.53365384615385,1.2746747046064966,1.103061012176486,1.1438090285238516,1.280758196690654,1.001158971993591,0.7109783346712628,0.9509509364391578
17,6,Willie Cauley-Stein,21.3,GS,C,4700,25.5,27.6,5.85,26.666666666666668,22.640000000000004,26.3925,0.4607536848914679,0.2634646652547439,0.3529145013443581,0.03724517548610487,1.3467920322754767,-0.05735692891428047,0.22870129198300002
17,7,Dillon Brooks,8.3,MEM,SG/SF,4700,29.0,23.65,5.02,28.333333333333332,23.610000000000003,24.206470588235295,0.1275943037645905,0.609180808104873,0.1824290985739599,0.12346444857891482,0.6873082620824524,-0.9491746455760719,0.053453140371576974
18,0,Trae Young,46.5,ATL,PG,9900,33.5,48.849999999999994,4.9350000000000005,36.666666666666664,49.809999999999995,44.631136363636365,2.2530668112069456,1.0536729917693246,1.7753204624458838,2.4522736805702787,0.6197707675446134,1.671397414153192,1.7642634465479345
18,1,Zach LaVine,58.8,CHI,PG/SG,7100,32.0,36.15,5.105,31.333333333333332,34.43,36.91914893617021,1.1818961427736954,0.9055089305478408,1.173873256083533,1.0852093298822185,0.754845756620293,2.515194176840887,0.8986440867191647
18,2,Buddy Hield,35.5,SAC,SG/SF,7300,35.5,34.7,4.745,36.333333333333336,35.04,33.904128440366975,1.0595971294486395,1.25122507339797,0.9387359881118854,1.1394296974972846,0.46880460328355933,0.9167824231316762,0.8328736563052329
18,3,Kelly Olynyk,27.5,MIA,PF/C,5500,27.0,25.3,4.61,28.0,22.78,24.396428571428572,0.26676214651379254,0.4116287264762278,0.1972436582957411,0.04968919428300503,0.3615391707822845,0.36797152057057386,0.1769890316288955
18,4,Frank Ntilikina,11.0,NY,PG/SG,4700,32.5,22.0,4.695,31.666666666666668,21.48,22.57894736842105,-0.011573538984611212,0.954896950955002,0.05550081931342799,-0.06586240883107038,0.4290766653201243,-0.7639509659616999,-0.02989433137183323
18,5,Markieff Morris,18.8,DET,SF/PF,4100,17.0,14.8,3.62,24.0,18.86,10.483333333333334,-0.6188513982538555,-0.5761316816669982,-0.887819348031681,-0.2987433320302069,-0.4250740008937325,-0.228860335964625,-0.47562791185437486
18,6,Ivica Zubac,16.5,LAC,C,4100,17.5,19.700000000000003,4.8100000000000005,17.333333333333332,20.560000000000002,19.88942307692308,-0.20556507736228627,-0.526743661259837,-0.15425145100330614,-0.14763738949641583,0.5204509226360254,-0.386643470450942,-0.21942650672228098
18,7,Myles Turner,19.0,IND,C,6000,32.0,30.9,5.145,32.0,31.2,30.9,0.7390893703898713,0.9055089305478408,0.7044481764412622,0.7981080390680159,0.7866281069910405,-0.21514006340059746,0.5417171682290308
19,0,Terry Rozier,24.0,CHA,PG,6400,33.5,33.8,5.275,32.666666666666664,31.6,34.662244897959184,0.9836873970399835,1.0536729917693246,0.9978604394682549,0.8336623784877316,0.8899207456959726,0.12786675070009154,0.7275467679597373
19,1,CJ McCollum,31.5,POR,PG/SG,7600,36.0,34.3,4.535,36.0,38.21999999999999,34.3,1.0258594706003477,1.3006130938051312,0.9696094621494095,1.4220866958840221,0.30194726383713155,0.6423769718511251,0.8384558139666467
19,2,Mario Hezonja,3.5,POR,SF/PF,3100,0.0,3.4,1.09,12.666666666666666,10.98,0.0,-1.5803746754301593,-2.2553243755104826,-1.7053999789651355,-0.9991638185986019,-2.435307661843553,-1.2784611871127334,-1.078056057627103
19,3,Patrick Patterson,13.5,LAC,PF/C,3100,0.0,1.25,0.405,7.666666666666667,7.210000000000001,0.0,-1.7617145917397252,-2.2553243755104826,-1.7053999789651355,-1.3342634676294203,-2.979580411942615,-0.5924475589113554,-1.1689902653553461
19,4,Lonnie Walker IV,12.8,SA,PG/SF,3000,0.0,6.0,2.0,4.666666666666667,3.4200000000000004,0.0,-1.3610798929162653,-2.2553243755104826,-1.7053999789651355,-1.6711408336312246,-1.7122591909090328,-0.6404685128854518,-1.0165447604799451
19,5,Jabari Parker,64.5,ATL,SF/PF,6400,30.5,32.15,5.02,29.0,31.29,33.81293103448276,0.8445195542907817,0.7573448693263569,0.9316236288773246,0.8061077654374519,0.6873082620824524,2.9062219449156728,0.6371766159513241
19,6,Montrezl Harrell,41.0,LAC,PF/C,7000,30.5,36.85,5.28,29.666666666666668,37.29,37.88511235955056,1.2409370457582054,0.7573448693263569,1.2492074041101733,1.3394228567331843,0.893893539492316,1.2940899186424342,0.9393661522184418
19,7,Solomon Hill,13.8,MEM,SF/PF,3200,21.5,12.65,3.9299999999999997,17.333333333333332,12.690000000000001,15.690865384615385,-0.8001913145634216,-0.13163949800254657,-0.4816911438892298,-0.8471690175793182,-0.1787607855204346,-0.571867150065314,-0.6159923496350272
20,0,T.J. McConnell,25.0,IND,PG,4500,17.5,15.2,3.365,20.333333333333332,19.440000000000005,13.081967213114755,-0.5851137394055643,-0.526743661259837,-0.6851554949000362,-0.24718953987161899,-0.6276864845072518,0.19646811352022933,-0.4174903969202076
20,1,Troy Daniels,4.0,LAL,SG,3000,10.5,7.45,2.485,16.0,9.030000000000001,4.8890625000000005,-1.2387808795912092,-1.2181759469600952,-1.3241087735511679,-1.1724912232697149,-1.3268981926637116,-1.2441605057026646,-0.9038487972560303
20,2,Taurean Prince,15.3,BKN,SF/PF,5800,33.0,29.5,5.07,31.666666666666668,28.080000000000002,30.742105263157896,0.6210075644208517,1.0042849713621633,0.6921341848449089,0.5207841915942353,0.7270362000458882,-0.46896510583510725,0.4536861883277988
20,3,Rudy Gay,30.3,SA,SF/PF,5000,23.5,24.5,4.875,22.333333333333332,23.2,25.77985074626866,0.19928682881720974,0.06591258362609866,0.3051348355186115,0.08702125067370613,0.5720972419884908,0.5600553364669597,0.11106049438887193
20,4,Jordan Clarkson,15.3,CLE,SG/SF,5400,23.5,20.95,3.9,25.0,23.15,19.692999999999998,-0.10013489346137608,0.06591258362609866,-0.16957021442085757,0.08257695824624163,-0.20259754829849555,-0.46896510583510725,-0.05792559409358236
20,5,Joe Ingles,26.0,UTA,SG/SF,4800,27.0,19.85,4.11,27.333333333333332,20.130000000000003,19.607926829268294,-0.1929134552941771,0.4116287264762278,-0.17620495304747147,-0.18585830437260994,-0.03574020885206742,0.26506947634036715,-0.14392052653326307
20,6,LaMarcus Aldridge,32.5,SA,PF/C,6900,34.0,37.25,5.415,34.666666666666664,36.63,36.53365384615385,1.2746747046064966,1.103061012176486,1.1438090285238516,1.280758196690654,1.001158971993591,0.7109783346712628,0.9509509364391578
20,7,Cody Martin,1.5,CHA,SG/SF,3000,0.0,2.75,0.915,9.333333333333334,7.989999999999999,0.0,-1.6351983710586326,-2.2553243755104826,-1.7053999789651355,-1.2649325057609755,-2.5743554447155765,-1.415663912753009,-1.1144042247443322
21,0,Evan Turner,14.8,ATL,PG/SF,3400,12.5,11.25,3.2800000000000002,11.666666666666666,11.09,12.053571428571429,-0.9182731205324414,-1.02062386533145,-0.7653586562077854,-0.9893863752581802,-0.6952239790450917,-0.5032657872451762,-0.6907381897954757
21,1,Tyler Herro,39.5,MIA,SG,5100,30.0,26.950000000000003,5.275,32.0,25.77,25.265625000000004,0.40592998926299456,0.7079568489191956,0.2650310825701324,0.3154578814453782,0.8899207456959726,1.1911878744122275,0.24636287637227305
21,2,Bojan Bogdanovic,40.3,UTA,SF/PF,6600,33.5,29.1,4.385,34.666666666666664,32.3,28.12067307692308,0.5872699055725604,1.0536729917693246,0.48769232340410196,0.8958824724722333,0.1827634499468257,1.2460689646683376,0.4839029838029616
21,3,Semi Ojeleye,10.8,BOS,SF/PF,3400,14.0,7.6,2.24,18.333333333333332,6.660000000000001,5.803636363636364,-1.2261292575231,-0.8724598041099662,-1.252782426034437,-1.3831506843315293,-1.5215650886845438,-0.7776712385257274,-0.8742308943256915
21,4,Iman Shumpert,14.3,BKN,SG/SF,3300,19.5,12.95,3.9299999999999997,19.333333333333332,11.45,13.061637931034483,-0.7748880704272032,-0.3291915796311918,-0.6867409474217799,-0.9573874697804363,-0.1787607855204346,-0.537566468655245,-0.6184915718253663
21,5,Jeff Green,15.0,UTA,SF/PF,4000,17.5,13.0,3.25,22.0,14.7,10.340909090909092,-0.7706708630711667,-0.526743661259837,-0.8989268172190991,-0.668508461995248,-0.7190607418231529,-0.48954551468114865,-0.5701511573745606
21,6,Kelly Olynyk,27.5,MIA,PF/C,5500,27.0,25.3,4.61,28.0,22.78,24.396428571428572,0.26676214651379254,0.4116287264762278,0.1972436582957411,0.04968919428300503,0.3615391707822845,0.36797152057057386,0.1769890316288955
21,7,Tyler Johnson,24.0,PHO,PG/SG,4400,16.5,16.95,3.8499999999999996,22.666666666666668,15.05,12.338602941176468,-0.4375114819442896,-0.6255197020741596,-0.7431294437519941,-0.6373984150029969,-0.24232548626193096,0.12786675070009154,-0.3695210604993219
22,0,Grayson Allen,9.0,MEM,PG/SG,3200,14.0,9.850000000000001,3.065,14.0,12.370000000000001,9.850000000000001,-1.0363549265014609,-0.8724598041099662,-0.9372121365459438,-0.8756124891150906,-0.8660541122878632,-0.9011536916019754,-0.7617561901162192
22,1,Dillon Brooks,8.3,MEM,SG/SF,4700,29.0,23.65,5.02,28.333333333333332,23.610000000000003,24.206470588235295,0.1275943037645905,0.609180808104873,0.1824290985739599,0.12346444857891482,0.6873082620824524,-0.9491746455760719,0.053453140371576974
22,2,Semi Ojeleye,10.8,BOS,SF/PF,3400,14.0,7.6,2.24,18.333333333333332,6.660000000000001,5.803636363636364,-1.2261292575231,-0.8724598041099662,-1.252782426034437,-1.3831506843315293,-1.5215650886845438,-0.7776712385257274,-0.8742308943256915
22,3,Nassir Little,3.5,POR,SF/PF,3200,13.5,10.350000000000001,3.2249999999999996,17.333333333333332,13.930000000000001,8.061057692307694,-0.9941828529410968,-0.9218478245171274,-1.076729266653412,-0.7369505653782001,-0.7389247108048709,-1.2784611871127334,-0.7476610309835119
22,4,Justin Holiday,10.0,IND,SG/SF,4800,15.0,10.95,2.275,24.666666666666668,18.27,6.658783783783783,-0.9435763646686599,-0.7736837632956435,-1.1860906644472913,-0.35118598267428724,-1.4937555321101392,-0.8325523287818377,-0.629894754489578
22,5,DeMar DeRozan,41.8,SA,SG/SF,7400,34.0,38.55,5.215,34.0,38.910000000000004,38.55,1.3843220958634432,1.103061012176486,1.3010610692845936,1.4834179313830322,0.84224722013985,1.3489710088985443,1.0611270840786005
22,6,Nerlens Noel,15.0,OKC,C,4700,20.5,22.65,4.795,20.333333333333332,22.03,22.835655737704915,0.04325015664386212,-0.23041553881686916,0.07552114909323715,-0.01697519212896151,0.5085325412469944,-0.48954551468114865,-0.017214685867263973
22,7,Jordan Poole,11.3,GS,SG/SF,4400,22.5,18.4,4.18,25.666666666666668,17.8,16.129870129870127,-0.3152124686192335,-0.032863457188223956,-0.44745377251166357,-0.39296233149245285,0.019878904296741367,-0.7433705571156585,-0.2687348054220814
