Lineup Num,,Player Name,Actual FP,team,Pos,Salary,DFN_MinProj,Avg Proj,Avg Value Proj,Avg Skewed Min,Avg Skewed FP,Proj Min Enhanced,Avg Proj Stan,DFN_MinProj Stan,Proj Min Enhanced Stan,Avg Skewed FP Stan,Avg Value Proj Stan,Actual FP Stan,predictions
0,0,Josh Richardson,17.8,PHI,PG/SG,4600,34.5,29.950000000000003,6.52,34.0,29.110000000000003,30.390441176470592,0.5859243887568906,1.139930689888647,0.4661687082516905,0.6292298249723154,1.221779457109525,-0.3474760877067609,0.38034069051127495
0,1,Luke Kennard,35.5,DET,PG/SG,5000,35.5,32.0,6.375,32.666666666666664,27.26,34.775510204081634,0.7517487280719406,1.237797079838027,0.7752074792054963,0.4682951933658858,1.1191050337893724,0.7988570995332891,0.5145331583894543
0,2,Markieff Morris,5.5,DET,SF/PF,4000,32.0,28.05,7.04,30.666666666666668,22.15,29.269565217391303,0.43223353768440476,0.8952647150151972,0.3871747114401409,0.023767643361099478,1.5899911821197288,-1.1440805059583212,0.20779966359474114
0,3,Jae Crowder,21.8,MEM,SF/PF,4800,30.5,29.1,6.05,29.666666666666668,23.419999999999998,29.917415730337076,0.5171679553823574,0.7484651300911273,0.43283212869444304,0.13424709316659422,0.8889727056579951,-0.08841774030787956,0.33069384127507406
0,4,James Harden,73.5,HOU,PG/SG,10800,36.0,64.2,5.9399999999999995,34.0,55.660000000000004,67.9764705882353,3.356404204142486,1.286730274812717,3.1150529701200687,2.9388592677564778,0.8110817638289134,3.2599113998226623,2.62733296096881
0,5,Giannis Antetokounmpo,61.8,MIL,SF/PF,11300,33.5,62.4,5.525,33.0,61.71999999999999,63.345454545454544,3.2108023452317105,1.042064299939267,2.7886810254330285,3.4660289258834833,0.5172204832919247,2.502165733680934,2.5543814765552546
0,6,Clint Capela,31.8,HOU,C,6200,31.0,39.349999999999994,6.335,24.0,31.369999999999997,50.82708333333333,1.3462896519576082,0.7973983250658173,1.9064458703241782,0.8258310506104394,1.0907810549424337,0.5592281281893239,1.007951808854248
0,7,Gorgui Dieng,25.5,MIN,PF/C,3300,25.0,28.25,8.575,15.0,23.07,47.083333333333336,0.44841152200782425,0.21019998536953766,1.6426042086597061,0.10380000070051316,2.676923870371002,0.15121123103608564,0.18884106866435568
1,0,James Harden,73.5,HOU,PG/SG,10800,36.0,64.2,5.9399999999999995,34.0,55.660000000000004,67.9764705882353,3.356404204142486,1.286730274812717,3.1150529701200687,2.9388592677564778,0.8110817638289134,3.2599113998226623,2.62733296096881
1,1,Luke Kennard,35.5,DET,PG/SG,5000,35.5,32.0,6.375,32.666666666666664,27.26,34.775510204081634,0.7517487280719406,1.237797079838027,0.7752074792054963,0.4682951933658858,1.1191050337893724,0.7988570995332891,0.5145331583894543
1,2,Giannis Antetokounmpo,61.8,MIL,SF/PF,11300,33.5,62.4,5.525,33.0,61.71999999999999,63.345454545454544,3.2108023452317105,1.042064299939267,2.7886810254330285,3.4660289258834833,0.5172204832919247,2.502165733680934,2.5543814765552546
1,3,Gorgui Dieng,25.5,MIN,PF/C,3300,25.0,28.25,8.575,15.0,23.07,47.083333333333336,0.44841152200782425,0.21019998536953766,1.6426042086597061,0.10380000070051316,2.676923870371002,0.15121123103608564,0.18884106866435568
1,4,Caris LeVert,39.8,BKN,SG/SF,6000,31.5,35.099999999999994,5.83,31.0,31.159999999999997,35.66612903225806,1.002507485084943,0.8463315200405073,0.8379740505672951,0.8075627951307907,0.7331908219998323,1.0773448229870863,0.7411934710701167
1,5,Markieff Morris,5.5,DET,SF/PF,4000,32.0,28.05,7.04,30.666666666666668,22.15,29.269565217391303,0.43223353768440476,0.8952647150151972,0.3871747114401409,0.023767643361099478,1.5899911821197288,-1.1440805059583212,0.20779966359474114
1,6,Clint Capela,31.8,HOU,C,6200,31.0,39.349999999999994,6.335,24.0,31.369999999999997,50.82708333333333,1.3462896519576082,0.7973983250658173,1.9064458703241782,0.8258310506104394,1.0907810549424337,0.5592281281893239,1.007951808854248
1,7,Jahlil Okafor,12.0,NO,C,3100,20.0,23.200000000000003,7.48,23.0,22.22,20.173913043478265,0.03991741784148113,-0.27913196437736204,-0.2538435145330915,0.02985706185431575,1.901554949436055,-0.723110691435139,-0.1342007438988726
2,0,James Harden,73.5,HOU,PG/SG,10800,36.0,64.2,5.9399999999999995,34.0,55.660000000000004,67.9764705882353,3.356404204142486,1.286730274812717,3.1150529701200687,2.9388592677564778,0.8110817638289134,3.2599113998226623,2.62733296096881
2,1,Josh Richardson,17.8,PHI,PG/SG,4600,34.5,29.950000000000003,6.52,34.0,29.110000000000003,30.390441176470592,0.5859243887568906,1.139930689888647,0.4661687082516905,0.6292298249723154,1.221779457109525,-0.3474760877067609,0.38034069051127495
2,2,Jae Crowder,21.8,MEM,SF/PF,4800,30.5,29.1,6.05,29.666666666666668,23.419999999999998,29.917415730337076,0.5171679553823574,0.7484651300911273,0.43283212869444304,0.13424709316659422,0.8889727056579951,-0.08841774030787956,0.33069384127507406
2,3,Gorgui Dieng,25.5,MIN,PF/C,3300,25.0,28.25,8.575,15.0,23.07,47.083333333333336,0.44841152200782425,0.21019998536953766,1.6426042086597061,0.10380000070051316,2.676923870371002,0.15121123103608564,0.18884106866435568
2,4,Eric Gordon,26.3,HOU,SG/SF,4000,35.0,26.05,6.515000000000001,29.0,16.669999999999998,31.439655172413797,0.2704536944502094,1.188863884863337,0.5401123113585423,-0.4529468329649725,1.2182389597536583,0.20302290051586197,0.1079276750858115
2,5,Giannis Antetokounmpo,61.8,MIL,SF/PF,11300,33.5,62.4,5.525,33.0,61.71999999999999,63.345454545454544,3.2108023452317105,1.042064299939267,2.7886810254330285,3.4660289258834833,0.5172204832919247,2.502165733680934,2.5543814765552546
2,6,Clint Capela,31.8,HOU,C,6200,31.0,39.349999999999994,6.335,24.0,31.369999999999997,50.82708333333333,1.3462896519576082,0.7973983250658173,1.9064458703241782,0.8258310506104394,1.0907810549424337,0.5592281281893239,1.007951808854248
2,7,Luke Kennard,35.5,DET,PG/SG,5000,35.5,32.0,6.375,32.666666666666664,27.26,34.775510204081634,0.7517487280719406,1.237797079838027,0.7752074792054963,0.4682951933658858,1.1191050337893724,0.7988570995332891,0.5145331583894543
3,0,Josh Richardson,17.8,PHI,PG/SG,4600,34.5,29.950000000000003,6.52,34.0,29.110000000000003,30.390441176470592,0.5859243887568906,1.139930689888647,0.4661687082516905,0.6292298249723154,1.221779457109525,-0.3474760877067609,0.38034069051127495
3,1,James Harden,73.5,HOU,PG/SG,10800,36.0,64.2,5.9399999999999995,34.0,55.660000000000004,67.9764705882353,3.356404204142486,1.286730274812717,3.1150529701200687,2.9388592677564778,0.8110817638289134,3.2599113998226623,2.62733296096881
3,2,Giannis Antetokounmpo,61.8,MIL,SF/PF,11300,33.5,62.4,5.525,33.0,61.71999999999999,63.345454545454544,3.2108023452317105,1.042064299939267,2.7886810254330285,3.4660289258834833,0.5172204832919247,2.502165733680934,2.5543814765552546
3,3,Markieff Morris,5.5,DET,SF/PF,4000,32.0,28.05,7.04,30.666666666666668,22.15,29.269565217391303,0.43223353768440476,0.8952647150151972,0.3871747114401409,0.023767643361099478,1.5899911821197288,-1.1440805059583212,0.20779966359474114
3,4,Caris LeVert,39.8,BKN,SG/SF,6000,31.5,35.099999999999994,5.83,31.0,31.159999999999997,35.66612903225806,1.002507485084943,0.8463315200405073,0.8379740505672951,0.8075627951307907,0.7331908219998323,1.0773448229870863,0.7411934710701167
3,5,Gorgui Dieng,25.5,MIN,PF/C,3300,25.0,28.25,8.575,15.0,23.07,47.083333333333336,0.44841152200782425,0.21019998536953766,1.6426042086597061,0.10380000070051316,2.676923870371002,0.15121123103608564,0.18884106866435568
3,6,Clint Capela,31.8,HOU,C,6200,31.0,39.349999999999994,6.335,24.0,31.369999999999997,50.82708333333333,1.3462896519576082,0.7973983250658173,1.9064458703241782,0.8258310506104394,1.0907810549424337,0.5592281281893239,1.007951808854248
3,7,Damion Lee,30.5,GS,SG/SF,3600,26.0,22.85,6.325,22.333333333333332,20.25,26.601492537313437,0.011605945275496828,0.30806637531891756,0.1991416618632922,-0.1415165728833414,1.0837000602306992,0.47503416528468734,-0.07348239288955544
4,0,James Harden,73.5,HOU,PG/SG,10800,36.0,64.2,5.9399999999999995,34.0,55.660000000000004,67.9764705882353,3.356404204142486,1.286730274812717,3.1150529701200687,2.9388592677564778,0.8110817638289134,3.2599113998226623,2.62733296096881
4,1,Josh Richardson,17.8,PHI,PG/SG,4600,34.5,29.950000000000003,6.52,34.0,29.110000000000003,30.390441176470592,0.5859243887568906,1.139930689888647,0.4661687082516905,0.6292298249723154,1.221779457109525,-0.3474760877067609,0.38034069051127495
4,2,Kyle Anderson,19.8,MEM,SF/PF,3600,25.0,22.75,6.325,19.333333333333332,20.15,29.41810344827586,0.0035169531137869436,0.21019998536953766,0.39764297819333827,-0.15021574215936473,1.0837000602306992,-0.21794691400732025,-0.07138398655043694
4,3,Giannis Antetokounmpo,61.8,MIL,SF/PF,11300,33.5,62.4,5.525,33.0,61.71999999999999,63.345454545454544,3.2108023452317105,1.042064299939267,2.7886810254330285,3.4660289258834833,0.5172204832919247,2.502165733680934,2.5543814765552546
4,4,Caris LeVert,39.8,BKN,SG/SF,6000,31.5,35.099999999999994,5.83,31.0,31.159999999999997,35.66612903225806,1.002507485084943,0.8463315200405073,0.8379740505672951,0.8075627951307907,0.7331908219998323,1.0773448229870863,0.7411934710701167
4,5,Markieff Morris,5.5,DET,SF/PF,4000,32.0,28.05,7.04,30.666666666666668,22.15,29.269565217391303,0.43223353768440476,0.8952647150151972,0.3871747114401409,0.023767643361099478,1.5899911821197288,-1.1440805059583212,0.20779966359474114
4,6,Gorgui Dieng,25.5,MIN,PF/C,3300,25.0,28.25,8.575,15.0,23.07,47.083333333333336,0.44841152200782425,0.21019998536953766,1.6426042086597061,0.10380000070051316,2.676923870371002,0.15121123103608564,0.18884106866435568
4,7,Clint Capela,31.8,HOU,C,6200,31.0,39.349999999999994,6.335,24.0,31.369999999999997,50.82708333333333,1.3462896519576082,0.7973983250658173,1.9064458703241782,0.8258310506104394,1.0907810549424337,0.5592281281893239,1.007951808854248
5,0,James Harden,73.5,HOU,PG/SG,10800,36.0,64.2,5.9399999999999995,34.0,55.660000000000004,67.9764705882353,3.356404204142486,1.286730274812717,3.1150529701200687,2.9388592677564778,0.8110817638289134,3.2599113998226623,2.62733296096881
5,1,Kent Bazemore,17.5,POR,SG/SF,3600,24.0,22.700000000000003,6.29,24.333333333333332,21.1,22.389041095890413,-0.000527542967067711,0.11233359542015771,-0.09773184410958352,-0.06757363403714399,1.0589165787396277,-0.3669054637616771,-0.091337221903919
5,2,Giannis Antetokounmpo,61.8,MIL,SF/PF,11300,33.5,62.4,5.525,33.0,61.71999999999999,63.345454545454544,3.2108023452317105,1.042064299939267,2.7886810254330285,3.4660289258834833,0.5172204832919247,2.502165733680934,2.5543814765552546
5,3,Gorgui Dieng,25.5,MIN,PF/C,3300,25.0,28.25,8.575,15.0,23.07,47.083333333333336,0.44841152200782425,0.21019998536953766,1.6426042086597061,0.10380000070051316,2.676923870371002,0.15121123103608564,0.18884106866435568
5,4,Josh Richardson,17.8,PHI,PG/SG,4600,34.5,29.950000000000003,6.52,34.0,29.110000000000003,30.390441176470592,0.5859243887568906,1.139930689888647,0.4661687082516905,0.6292298249723154,1.221779457109525,-0.3474760877067609,0.38034069051127495
5,5,Caris LeVert,39.8,BKN,SG/SF,6000,31.5,35.099999999999994,5.83,31.0,31.159999999999997,35.66612903225806,1.002507485084943,0.8463315200405073,0.8379740505672951,0.8075627951307907,0.7331908219998323,1.0773448229870863,0.7411934710701167
5,6,Clint Capela,31.8,HOU,C,6200,31.0,39.349999999999994,6.335,24.0,31.369999999999997,50.82708333333333,1.3462896519576082,0.7973983250658173,1.9064458703241782,0.8258310506104394,1.0907810549424337,0.5592281281893239,1.007951808854248
5,7,Markieff Morris,5.5,DET,SF/PF,4000,32.0,28.05,7.04,30.666666666666668,22.15,29.269565217391303,0.43223353768440476,0.8952647150151972,0.3871747114401409,0.023767643361099478,1.5899911821197288,-1.1440805059583212,0.20779966359474114
6,0,James Harden,73.5,HOU,PG/SG,10800,36.0,64.2,5.9399999999999995,34.0,55.660000000000004,67.9764705882353,3.356404204142486,1.286730274812717,3.1150529701200687,2.9388592677564778,0.8110817638289134,3.2599113998226623,2.62733296096881
6,1,Langston Galloway,14.5,DET,PG/SG,3200,28.0,20.450000000000003,6.41,24.333333333333332,18.05,23.531506849315072,-0.18252986660553752,0.5037991552176775,-0.017216301464290505,-0.332898296955852,1.1438885152804439,-0.5611992243108381,-0.2349035697209636
6,2,Caris LeVert,39.8,BKN,SG/SF,6000,31.5,35.099999999999994,5.83,31.0,31.159999999999997,35.66612903225806,1.002507485084943,0.8463315200405073,0.8379740505672951,0.8075627951307907,0.7331908219998323,1.0773448229870863,0.7411934710701167
6,3,Markieff Morris,5.5,DET,SF/PF,4000,32.0,28.05,7.04,30.666666666666668,22.15,29.269565217391303,0.43223353768440476,0.8952647150151972,0.3871747114401409,0.023767643361099478,1.5899911821197288,-1.1440805059583212,0.20779966359474114
6,4,Luke Kennard,35.5,DET,PG/SG,5000,35.5,32.0,6.375,32.666666666666664,27.26,34.775510204081634,0.7517487280719406,1.237797079838027,0.7752074792054963,0.4682951933658858,1.1191050337893724,0.7988570995332891,0.5145331583894543
6,5,Giannis Antetokounmpo,61.8,MIL,SF/PF,11300,33.5,62.4,5.525,33.0,61.71999999999999,63.345454545454544,3.2108023452317105,1.042064299939267,2.7886810254330285,3.4660289258834833,0.5172204832919247,2.502165733680934,2.5543814765552546
6,6,Clint Capela,31.8,HOU,C,6200,31.0,39.349999999999994,6.335,24.0,31.369999999999997,50.82708333333333,1.3462896519576082,0.7973983250658173,1.9064458703241782,0.8258310506104394,1.0907810549424337,0.5592281281893239,1.007951808854248
6,7,Gorgui Dieng,25.5,MIN,PF/C,3300,25.0,28.25,8.575,15.0,23.07,47.083333333333336,0.44841152200782425,0.21019998536953766,1.6426042086597061,0.10380000070051316,2.676923870371002,0.15121123103608564,0.18884106866435568
7,0,James Harden,73.5,HOU,PG/SG,10800,36.0,64.2,5.9399999999999995,34.0,55.660000000000004,67.9764705882353,3.356404204142486,1.286730274812717,3.1150529701200687,2.9388592677564778,0.8110817638289134,3.2599113998226623,2.62733296096881
7,1,Luke Kennard,35.5,DET,PG/SG,5000,35.5,32.0,6.375,32.666666666666664,27.26,34.775510204081634,0.7517487280719406,1.237797079838027,0.7752074792054963,0.4682951933658858,1.1191050337893724,0.7988570995332891,0.5145331583894543
7,2,Giannis Antetokounmpo,61.8,MIL,SF/PF,11300,33.5,62.4,5.525,33.0,61.71999999999999,63.345454545454544,3.2108023452317105,1.042064299939267,2.7886810254330285,3.4660289258834833,0.5172204832919247,2.502165733680934,2.5543814765552546
7,3,Glenn Robinson III,17.0,GS,SF/PF,4700,35.5,25.5,5.42,30.0,23.52,30.175,0.22596423756080558,1.237797079838027,0.4509854406748091,0.14294626244261754,0.4428700388187103,-0.39928775718653725,0.16142363199073945
7,4,Josh Richardson,17.8,PHI,PG/SG,4600,34.5,29.950000000000003,6.52,34.0,29.110000000000003,30.390441176470592,0.5859243887568906,1.139930689888647,0.4661687082516905,0.6292298249723154,1.221779457109525,-0.3474760877067609,0.38034069051127495
7,5,Markieff Morris,5.5,DET,SF/PF,4000,32.0,28.05,7.04,30.666666666666668,22.15,29.269565217391303,0.43223353768440476,0.8952647150151972,0.3871747114401409,0.023767643361099478,1.5899911821197288,-1.1440805059583212,0.20779966359474114
7,6,Gorgui Dieng,25.5,MIN,PF/C,3300,25.0,28.25,8.575,15.0,23.07,47.083333333333336,0.44841152200782425,0.21019998536953766,1.6426042086597061,0.10380000070051316,2.676923870371002,0.15121123103608564,0.18884106866435568
7,7,Clint Capela,31.8,HOU,C,6200,31.0,39.349999999999994,6.335,24.0,31.369999999999997,50.82708333333333,1.3462896519576082,0.7973983250658173,1.9064458703241782,0.8258310506104394,1.0907810549424337,0.5592281281893239,1.007951808854248
8,0,James Harden,73.5,HOU,PG/SG,10800,36.0,64.2,5.9399999999999995,34.0,55.660000000000004,67.9764705882353,3.356404204142486,1.286730274812717,3.1150529701200687,2.9388592677564778,0.8110817638289134,3.2599113998226623,2.62733296096881
8,1,Damion Lee,30.5,GS,SG/SF,3600,26.0,22.85,6.325,22.333333333333332,20.25,26.601492537313437,0.011605945275496828,0.30806637531891756,0.1991416618632922,-0.1415165728833414,1.0837000602306992,0.47503416528468734,-0.07348239288955544
8,2,Giannis Antetokounmpo,61.8,MIL,SF/PF,11300,33.5,62.4,5.525,33.0,61.71999999999999,63.345454545454544,3.2108023452317105,1.042064299939267,2.7886810254330285,3.4660289258834833,0.5172204832919247,2.502165733680934,2.5543814765552546
8,3,Markieff Morris,5.5,DET,SF/PF,4000,32.0,28.05,7.04,30.666666666666668,22.15,29.269565217391303,0.43223353768440476,0.8952647150151972,0.3871747114401409,0.023767643361099478,1.5899911821197288,-1.1440805059583212,0.20779966359474114
8,4,Luke Kennard,35.5,DET,PG/SG,5000,35.5,32.0,6.375,32.666666666666664,27.26,34.775510204081634,0.7517487280719406,1.237797079838027,0.7752074792054963,0.4682951933658858,1.1191050337893724,0.7988570995332891,0.5145331583894543
8,5,Caris LeVert,39.8,BKN,SG/SF,6000,31.5,35.099999999999994,5.83,31.0,31.159999999999997,35.66612903225806,1.002507485084943,0.8463315200405073,0.8379740505672951,0.8075627951307907,0.7331908219998323,1.0773448229870863,0.7411934710701167
8,6,Jonas Valanciunas,30.0,MEM,C,6000,25.0,36.55,6.115,21.333333333333332,29.53,42.83203125,1.1197978714297347,0.21019998536953766,1.3429926945617292,0.6657663359316127,0.9349991712842708,0.4426518718598272,0.8215133132675777
8,7,Gorgui Dieng,25.5,MIN,PF/C,3300,25.0,28.25,8.575,15.0,23.07,47.083333333333336,0.44841152200782425,0.21019998536953766,1.6426042086597061,0.10380000070051316,2.676923870371002,0.15121123103608564,0.18884106866435568
9,0,Josh Richardson,17.8,PHI,PG/SG,4600,34.5,29.950000000000003,6.52,34.0,29.110000000000003,30.390441176470592,0.5859243887568906,1.139930689888647,0.4661687082516905,0.6292298249723154,1.221779457109525,-0.3474760877067609,0.38034069051127495
9,1,Luke Kennard,35.5,DET,PG/SG,5000,35.5,32.0,6.375,32.666666666666664,27.26,34.775510204081634,0.7517487280719406,1.237797079838027,0.7752074792054963,0.4682951933658858,1.1191050337893724,0.7988570995332891,0.5145331583894543
9,2,Giannis Antetokounmpo,61.8,MIL,SF/PF,11300,33.5,62.4,5.525,33.0,61.71999999999999,63.345454545454544,3.2108023452317105,1.042064299939267,2.7886810254330285,3.4660289258834833,0.5172204832919247,2.502165733680934,2.5543814765552546
9,3,Gorgui Dieng,25.5,MIN,PF/C,3300,25.0,28.25,8.575,15.0,23.07,47.083333333333336,0.44841152200782425,0.21019998536953766,1.6426042086597061,0.10380000070051316,2.676923870371002,0.15121123103608564,0.18884106866435568
9,4,Dillon Brooks,33.8,MEM,SG/SF,4200,29.5,25.0,5.9350000000000005,25.0,22.26,29.5,0.18551927675225674,0.6505987401417473,0.4034146569356387,0.03333672956472527,0.8075412664730468,0.6887573018887643,0.0926063237603756
9,5,Markieff Morris,5.5,DET,SF/PF,4000,32.0,28.05,7.04,30.666666666666668,22.15,29.269565217391303,0.43223353768440476,0.8952647150151972,0.3871747114401409,0.023767643361099478,1.5899911821197288,-1.1440805059583212,0.20779966359474114
9,6,Clint Capela,31.8,HOU,C,6200,31.0,39.349999999999994,6.335,24.0,31.369999999999997,50.82708333333333,1.3462896519576082,0.7973983250658173,1.9064458703241782,0.8258310506104394,1.0907810549424337,0.5592281281893239,1.007951808854248
9,7,James Harden,73.5,HOU,PG/SG,10800,36.0,64.2,5.9399999999999995,34.0,55.660000000000004,67.9764705882353,3.356404204142486,1.286730274812717,3.1150529701200687,2.9388592677564778,0.8110817638289134,3.2599113998226623,2.62733296096881
10,0,Josh Richardson,17.8,PHI,PG/SG,4600,34.5,29.950000000000003,6.52,34.0,29.110000000000003,30.390441176470592,0.5859243887568906,1.139930689888647,0.4661687082516905,0.6292298249723154,1.221779457109525,-0.3474760877067609,0.38034069051127495
10,1,Caris LeVert,39.8,BKN,SG/SF,6000,31.5,35.099999999999994,5.83,31.0,31.159999999999997,35.66612903225806,1.002507485084943,0.8463315200405073,0.8379740505672951,0.8075627951307907,0.7331908219998323,1.0773448229870863,0.7411934710701167
10,2,Giannis Antetokounmpo,61.8,MIL,SF/PF,11300,33.5,62.4,5.525,33.0,61.71999999999999,63.345454545454544,3.2108023452317105,1.042064299939267,2.7886810254330285,3.4660289258834833,0.5172204832919247,2.502165733680934,2.5543814765552546
10,3,Gorgui Dieng,25.5,MIN,PF/C,3300,25.0,28.25,8.575,15.0,23.07,47.083333333333336,0.44841152200782425,0.21019998536953766,1.6426042086597061,0.10380000070051316,2.676923870371002,0.15121123103608564,0.18884106866435568
10,4,James Harden,73.5,HOU,PG/SG,10800,36.0,64.2,5.9399999999999995,34.0,55.660000000000004,67.9764705882353,3.356404204142486,1.286730274812717,3.1150529701200687,2.9388592677564778,0.8110817638289134,3.2599113998226623,2.62733296096881
10,5,Markieff Morris,5.5,DET,SF/PF,4000,32.0,28.05,7.04,30.666666666666668,22.15,29.269565217391303,0.43223353768440476,0.8952647150151972,0.3871747114401409,0.023767643361099478,1.5899911821197288,-1.1440805059583212,0.20779966359474114
10,6,Skal Labissiere,15.8,POR,PF/C,3000,18.5,17.15,5.6899999999999995,16.333333333333332,14.95,19.425,-0.44946660794196025,-0.42593154930143196,-0.3066233373934595,-0.6025725445125717,0.6340568960355464,-0.47700526140620164,-0.4171031087225886
10,7,Clint Capela,31.8,HOU,C,6200,31.0,39.349999999999994,6.335,24.0,31.369999999999997,50.82708333333333,1.3462896519576082,0.7973983250658173,1.9064458703241782,0.8258310506104394,1.0907810549424337,0.5592281281893239,1.007951808854248
11,0,Jrue Holiday,39.8,NO,PG/SG,8300,33.5,41.3,4.995,34.333333333333336,34.260000000000005,40.297572815533975,1.504024999110949,1.042064299939267,1.1643761403663224,1.0772370426875109,0.14192776356998643,1.0773448229870863,1.176348242020152
11,1,Tony Snell,13.8,DET,SG/SF,3400,30.0,21.450000000000003,6.295,27.0,16.310000000000002,23.833333333333336,-0.10163994498843983,0.6995319351164373,0.004054990977171698,-0.4842638423586557,1.062457076095495,-0.6065344351056423,-0.17521309090240705
11,2,Danuel House Jr.,35.8,HOU,SF/PF,4500,32.0,23.5,5.220000000000001,28.0,23.46,26.857142857142858,0.06418439432661022,0.8952647150151972,0.21715867827433682,0.13772676087700375,0.30125014458401717,0.818286475588205,0.043743235476230574
11,3,Taurean Prince,40.8,BKN,SF/PF,5400,32.0,29.35,5.41,33.0,29.389999999999997,28.46060606060606,0.5373904357866318,0.8952647150151972,0.3301631246234707,0.6535874989451799,0.4357890441069757,1.1421094098368068,0.40148476899806135
11,4,Khris Middleton,40.8,MIL,SG/SF,6800,32.5,36.8,5.42,29.666666666666668,32.839999999999996,40.31460674157303,1.1400203518340093,0.9441979099898872,1.1655766103097787,0.9537088389679805,0.4428700388187103,1.1421094098368068,0.8849881286927082
11,5,Jarrett Allen,34.0,BKN,PF/C,4400,24.5,24.15,5.47,25.666666666666668,24.190000000000005,23.052272727272726,0.1167628433777236,0.16126679039484768,-0.050990438916301783,0.2012306965919735,0.47827501237738357,0.7017102192587086,0.053772093552176194
11,6,Clint Capela,31.8,HOU,C,6200,31.0,39.349999999999994,6.335,24.0,31.369999999999997,50.82708333333333,1.3462896519576082,0.7973983250658173,1.9064458703241782,0.8258310506104394,1.0907810549424337,0.5592281281893239,1.007951808854248
11,7,James Harden,73.5,HOU,PG/SG,10800,36.0,64.2,5.9399999999999995,34.0,55.660000000000004,67.9764705882353,3.356404204142486,1.286730274812717,3.1150529701200687,2.9388592677564778,0.8110817638289134,3.2599113998226623,2.62733296096881
12,0,Josh Richardson,17.8,PHI,PG/SG,4600,34.5,29.950000000000003,6.52,34.0,29.110000000000003,30.390441176470592,0.5859243887568906,1.139930689888647,0.4661687082516905,0.6292298249723154,1.221779457109525,-0.3474760877067609,0.38034069051127495
12,1,Luke Kennard,35.5,DET,PG/SG,5000,35.5,32.0,6.375,32.666666666666664,27.26,34.775510204081634,0.7517487280719406,1.237797079838027,0.7752074792054963,0.4682951933658858,1.1191050337893724,0.7988570995332891,0.5145331583894543
12,2,Giannis Antetokounmpo,61.8,MIL,SF/PF,11300,33.5,62.4,5.525,33.0,61.71999999999999,63.345454545454544,3.2108023452317105,1.042064299939267,2.7886810254330285,3.4660289258834833,0.5172204832919247,2.502165733680934,2.5543814765552546
12,3,Jae Crowder,21.8,MEM,SF/PF,4800,30.5,29.1,6.05,29.666666666666668,23.419999999999998,29.917415730337076,0.5171679553823574,0.7484651300911273,0.43283212869444304,0.13424709316659422,0.8889727056579951,-0.08841774030787956,0.33069384127507406
12,4,Jeff Teague,20.0,MIN,PG,6000,31.5,31.75,5.275,27.333333333333332,29.889999999999997,36.58993902439025,0.7315262476676662,0.8463315200405073,0.9030797770144134,0.6970833453252959,0.3401956154985577,-0.20499399663737622,0.5758010086895156
12,5,Gorgui Dieng,25.5,MIN,PF/C,3300,25.0,28.25,8.575,15.0,23.07,47.083333333333336,0.44841152200782425,0.21019998536953766,1.6426042086597061,0.10380000070051316,2.676923870371002,0.15121123103608564,0.18884106866435568
12,6,Al Horford,51.8,PHI,PF/C,6900,33.5,37.3,5.39,32.0,37.279999999999994,39.0484375,1.1804653126425582,1.042064299939267,1.076343035245986,1.339951954823411,0.42162705468350603,1.8545198651837305,0.930123631181173
12,7,Troy Brown,39.5,WAS,SG/SF,3600,21.5,20.700000000000003,5.76,19.0,19.96,23.423684210526318,-0.1623073862012631,-0.13233237945329213,-0.024815127289485314,-0.16674416378380866,0.6836238590176893,1.0579154469321703,-0.18041533913513466
13,0,Isaiah Thomas,25.0,WAS,PG,4900,26.5,27.15,5.525,18.0,24.97,39.97083333333333,0.3594326082290167,0.35699957029360757,1.1413490985191885,0.26908421694495405,0.5172204832919247,0.11882893761122547,0.2826546880115574
13,1,Caris LeVert,39.8,BKN,SG/SF,6000,31.5,35.099999999999994,5.83,31.0,31.159999999999997,35.66612903225806,1.002507485084943,0.8463315200405073,0.8379740505672951,0.8075627951307907,0.7331908219998323,1.0773448229870863,0.7411934710701167
13,2,Markieff Morris,5.5,DET,SF/PF,4000,32.0,28.05,7.04,30.666666666666668,22.15,29.269565217391303,0.43223353768440476,0.8952647150151972,0.3871747114401409,0.023767643361099478,1.5899911821197288,-1.1440805059583212,0.20779966359474114
13,3,Jae Crowder,21.8,MEM,SF/PF,4800,30.5,29.1,6.05,29.666666666666668,23.419999999999998,29.917415730337076,0.5171679553823574,0.7484651300911273,0.43283212869444304,0.13424709316659422,0.8889727056579951,-0.08841774030787956,0.33069384127507406
13,4,Ben Simmons,33.3,PHI,PG/SF,8500,35.0,46.45,5.4399999999999995,35.0,42.57000000000001,46.45,1.9206080954390023,1.188863884863337,1.5979698930525834,1.8001380095250399,0.4570320282421793,0.6563750084639042,1.503959324987199
13,5,Eric Paschall,55.3,GS,SF/PF,5000,34.5,28.2,5.65,27.666666666666668,22.880000000000003,35.165060240963854,0.4443670259269693,1.139930689888647,0.8026611096649184,0.08727157907606926,0.6057329171886082,2.081195919157752,0.31780691240073333
13,6,Al Horford,51.8,PHI,PF/C,6900,33.5,37.3,5.39,32.0,37.279999999999994,39.0484375,1.1804653126425582,1.042064299939267,1.076343035245986,1.339951954823411,0.42162705468350603,1.8545198651837305,0.930123631181173
13,7,Clint Capela,31.8,HOU,C,6200,31.0,39.349999999999994,6.335,24.0,31.369999999999997,50.82708333333333,1.3462896519576082,0.7973983250658173,1.9064458703241782,0.8258310506104394,1.0907810549424337,0.5592281281893239,1.007951808854248
14,0,Damian Lillard,51.5,POR,PG,8900,36.0,50.6,5.7,38.333333333333336,52.7,47.52,2.2563012701499576,1.286730274812717,1.6733783946835645,2.6813638571861906,0.6411378907472816,1.8350904891288145,1.7748681408218023
14,1,Andrew Wiggins,33.8,MIN,SG/SF,6700,34.0,34.0,5.074999999999999,32.0,32.88,36.125,0.913528571306136,1.0909974949139571,0.8703130899311996,0.9571885066783904,0.1985757212638633,0.6887573018887643,0.7296960648856262
14,2,Eric Paschall,55.3,GS,SF/PF,5000,34.5,28.2,5.65,27.666666666666668,22.880000000000003,35.165060240963854,0.4443670259269693,1.139930689888647,0.8026611096649184,0.08727157907606926,0.6057329171886082,2.081195919157752,0.31780691240073333
14,3,Frank Kaminsky,12.0,PHO,PF/C,4200,24.0,21.95,5.24,24.333333333333332,24.369999999999997,21.649315068493152,-0.06119498417989127,0.11233359542015771,-0.1498642098511401,0.21688920128881467,0.3154121340074862,-0.723110691435139,-0.06499735879724618
14,4,James Harden,73.5,HOU,PG/SG,10800,36.0,64.2,5.9399999999999995,34.0,55.660000000000004,67.9764705882353,3.356404204142486,1.286730274812717,3.1150529701200687,2.9388592677564778,0.8110817638289134,3.2599113998226623,2.62733296096881
14,5,Skal Labissiere,15.8,POR,PF/C,3000,18.5,17.15,5.6899999999999995,16.333333333333332,14.95,19.425,-0.44946660794196025,-0.42593154930143196,-0.3066233373934595,-0.6025725445125717,0.6340568960355464,-0.47700526140620164,-0.4171031087225886
14,6,Thomas Bryant,25.8,WAS,PF/C,7400,31.0,35.35,4.78,28.333333333333332,35.29,38.677058823529414,1.022729965489218,0.7973983250658173,1.050170035684917,1.1668384862305494,-0.010313622732309126,0.1706406070910018,0.8405896701530198
14,7,Solomon Hill,3.5,MEM,SF/PF,3100,22.5,16.35,5.25,19.333333333333332,19.009999999999998,19.028017241379313,-0.5141785452356381,-0.03446598950391219,-0.3346007906653469,-0.2493862719060294,0.32249312871922076,-1.2736096796577618,-0.4213183712781428
15,0,Luke Kennard,35.5,DET,PG/SG,5000,35.5,32.0,6.375,32.666666666666664,27.26,34.775510204081634,0.7517487280719406,1.237797079838027,0.7752074792054963,0.4682951933658858,1.1191050337893724,0.7988570995332891,0.5145331583894543
15,1,Caris LeVert,39.8,BKN,SG/SF,6000,31.5,35.099999999999994,5.83,31.0,31.159999999999997,35.66612903225806,1.002507485084943,0.8463315200405073,0.8379740505672951,0.8075627951307907,0.7331908219998323,1.0773448229870863,0.7411934710701167
15,2,Markieff Morris,5.5,DET,SF/PF,4000,32.0,28.05,7.04,30.666666666666668,22.15,29.269565217391303,0.43223353768440476,0.8952647150151972,0.3871747114401409,0.023767643361099478,1.5899911821197288,-1.1440805059583212,0.20779966359474114
15,3,Giannis Antetokounmpo,61.8,MIL,SF/PF,11300,33.5,62.4,5.525,33.0,61.71999999999999,63.345454545454544,3.2108023452317105,1.042064299939267,2.7886810254330285,3.4660289258834833,0.5172204832919247,2.502165733680934,2.5543814765552546
15,4,James Harden,73.5,HOU,PG/SG,10800,36.0,64.2,5.9399999999999995,34.0,55.660000000000004,67.9764705882353,3.356404204142486,1.286730274812717,3.1150529701200687,2.9388592677564778,0.8110817638289134,3.2599113998226623,2.62733296096881
15,5,Kenrich Williams,11.3,NO,SF/PF,3500,13.5,12.25,3.5,17.333333333333332,15.91,9.540865384615385,-0.8458272238657388,-0.9152634990483316,-1.00321004885614,-0.5190605194627488,-0.9166809458343486,-0.7684459022299431,-0.6087104509574818
15,6,Gorgui Dieng,25.5,MIN,PF/C,3300,25.0,28.25,8.575,15.0,23.07,47.083333333333336,0.44841152200782425,0.21019998536953766,1.6426042086597061,0.10380000070051316,2.676923870371002,0.15121123103608564,0.18884106866435568
15,7,Sterling Brown,1.3,MIL,SG/SF,3100,0.0,4.65,1.49,12.333333333333334,9.629999999999999,0.0,-1.460590628155681,-2.2364597633649606,-1.6756047805540286,-1.0653683499970066,-2.339960882893019,-1.4160917707271465,-1.0002786185757566
16,0,Jeff Teague,20.0,MIN,PG,6000,31.5,31.75,5.275,27.333333333333332,29.889999999999997,36.58993902439025,0.7315262476676662,0.8463315200405073,0.9030797770144134,0.6970833453252959,0.3401956154985577,-0.20499399663737622,0.5758010086895156
16,1,Caris LeVert,39.8,BKN,SG/SF,6000,31.5,35.099999999999994,5.83,31.0,31.159999999999997,35.66612903225806,1.002507485084943,0.8463315200405073,0.8379740505672951,0.8075627951307907,0.7331908219998323,1.0773448229870863,0.7411934710701167
16,2,Markieff Morris,5.5,DET,SF/PF,4000,32.0,28.05,7.04,30.666666666666668,22.15,29.269565217391303,0.43223353768440476,0.8952647150151972,0.3871747114401409,0.023767643361099478,1.5899911821197288,-1.1440805059583212,0.20779966359474114
16,3,Giannis Antetokounmpo,61.8,MIL,SF/PF,11300,33.5,62.4,5.525,33.0,61.71999999999999,63.345454545454544,3.2108023452317105,1.042064299939267,2.7886810254330285,3.4660289258834833,0.5172204832919247,2.502165733680934,2.5543814765552546
16,4,Damion Lee,30.5,GS,SG/SF,3600,26.0,22.85,6.325,22.333333333333332,20.25,26.601492537313437,0.011605945275496828,0.30806637531891756,0.1991416618632922,-0.1415165728833414,1.0837000602306992,0.47503416528468734,-0.07348239288955544
16,5,Gorgui Dieng,25.5,MIN,PF/C,3300,25.0,28.25,8.575,15.0,23.07,47.083333333333336,0.44841152200782425,0.21019998536953766,1.6426042086597061,0.10380000070051316,2.676923870371002,0.15121123103608564,0.18884106866435568
16,6,Brook Lopez,23.0,MIL,C,5200,27.0,25.1,4.825,27.333333333333332,22.440000000000005,24.793902439024393,0.19360826891396662,0.4059327652682975,0.07175132459696067,0.048995234261567336,0.02155085347049689,-0.010700236088215208,0.14519864448458844
16,7,Eric Paschall,55.3,GS,SF/PF,5000,34.5,28.2,5.65,27.666666666666668,22.880000000000003,35.165060240963854,0.4443670259269693,1.139930689888647,0.8026611096649184,0.08727157907606926,0.6057329171886082,2.081195919157752,0.31780691240073333
17,0,James Harden,73.5,HOU,PG/SG,10800,36.0,64.2,5.9399999999999995,34.0,55.660000000000004,67.9764705882353,3.356404204142486,1.286730274812717,3.1150529701200687,2.9388592677564778,0.8110817638289134,3.2599113998226623,2.62733296096881
17,1,Caris LeVert,39.8,BKN,SG/SF,6000,31.5,35.099999999999994,5.83,31.0,31.159999999999997,35.66612903225806,1.002507485084943,0.8463315200405073,0.8379740505672951,0.8075627951307907,0.7331908219998323,1.0773448229870863,0.7411934710701167
17,2,Eric Gordon,26.3,HOU,SG/SF,4000,35.0,26.05,6.515000000000001,29.0,16.669999999999998,31.439655172413797,0.2704536944502094,1.188863884863337,0.5401123113585423,-0.4529468329649725,1.2182389597536583,0.20302290051586197,0.1079276750858115
17,3,P.J. Tucker,10.5,HOU,SF/PF,5000,35.0,24.45,4.9,32.333333333333336,26.669999999999998,26.466494845360824,0.14102981986285296,1.188863884863337,0.18962766777564055,0.4169700946373486,0.07465831380850713,-0.8202575717097195,0.1303546623099586
17,4,Luke Kennard,35.5,DET,PG/SG,5000,35.5,32.0,6.375,32.666666666666664,27.26,34.775510204081634,0.7517487280719406,1.237797079838027,0.7752074792054963,0.4682951933658858,1.1191050337893724,0.7988570995332891,0.5145331583894543
17,5,Markieff Morris,5.5,DET,SF/PF,4000,32.0,28.05,7.04,30.666666666666668,22.15,29.269565217391303,0.43223353768440476,0.8952647150151972,0.3871747114401409,0.023767643361099478,1.5899911821197288,-1.1440805059583212,0.20779966359474114
17,6,Gorgui Dieng,25.5,MIN,PF/C,3300,25.0,28.25,8.575,15.0,23.07,47.083333333333336,0.44841152200782425,0.21019998536953766,1.6426042086597061,0.10380000070051316,2.676923870371002,0.15121123103608564,0.18884106866435568
17,7,Sterling Brown,1.3,MIL,SG/SF,3100,0.0,4.65,1.49,12.333333333333334,9.629999999999999,0.0,-1.460590628155681,-2.2364597633649606,-1.6756047805540286,-1.0653683499970066,-2.339960882893019,-1.4160917707271465,-1.0002786185757566
18,0,Luke Kennard,35.5,DET,PG/SG,5000,35.5,32.0,6.375,32.666666666666664,27.26,34.775510204081634,0.7517487280719406,1.237797079838027,0.7752074792054963,0.4682951933658858,1.1191050337893724,0.7988570995332891,0.5145331583894543
18,1,Eric Gordon,26.3,HOU,SG/SF,4000,35.0,26.05,6.515000000000001,29.0,16.669999999999998,31.439655172413797,0.2704536944502094,1.188863884863337,0.5401123113585423,-0.4529468329649725,1.2182389597536583,0.20302290051586197,0.1079276750858115
18,2,Sterling Brown,1.3,MIL,SG/SF,3100,0.0,4.65,1.49,12.333333333333334,9.629999999999999,0.0,-1.460590628155681,-2.2364597633649606,-1.6756047805540286,-1.0653683499970066,-2.339960882893019,-1.4160917707271465,-1.0002786185757566
18,3,Markieff Morris,5.5,DET,SF/PF,4000,32.0,28.05,7.04,30.666666666666668,22.15,29.269565217391303,0.43223353768440476,0.8952647150151972,0.3871747114401409,0.023767643361099478,1.5899911821197288,-1.1440805059583212,0.20779966359474114
18,4,CJ McCollum,25.3,POR,PG/SG,6100,35.0,34.8,5.71,37.0,33.6,32.91891891891892,0.9782405085998139,1.188863884863337,0.6443637717706758,1.0198225254657574,0.6482188854590161,0.13825831366614164,0.7337543412595776
18,5,Giannis Antetokounmpo,61.8,MIL,SF/PF,11300,33.5,62.4,5.525,33.0,61.71999999999999,63.345454545454544,3.2108023452317105,1.042064299939267,2.7886810254330285,3.4660289258834833,0.5172204832919247,2.502165733680934,2.5543814765552546
18,6,Gorgui Dieng,25.5,MIN,PF/C,3300,25.0,28.25,8.575,15.0,23.07,47.083333333333336,0.44841152200782425,0.21019998536953766,1.6426042086597061,0.10380000070051316,2.676923870371002,0.15121123103608564,0.18884106866435568
18,7,Christian Wood,26.0,DET,PF/C,3300,14.0,15.75,4.775,13.666666666666666,15.010000000000002,16.134146341463417,-0.5627124982058969,-0.8663303040736416,-0.5385470228860542,-0.5973530429469576,-0.013854120088176393,0.18359352446094582,-0.45976166953080444
19,0,Eric Bledsoe,43.3,MIL,PG,6100,27.0,31.25,5.1,26.666666666666668,28.389999999999997,31.640625,0.6910812868591173,0.4059327652682975,0.5542757072195817,0.5665958061849478,0.21627820804320025,1.3040208769611075,0.5322334133347908
19,1,Josh Richardson,17.8,PHI,PG/SG,4600,34.5,29.950000000000003,6.52,34.0,29.110000000000003,30.390441176470592,0.5859243887568906,1.139930689888647,0.4661687082516905,0.6292298249723154,1.221779457109525,-0.3474760877067609,0.38034069051127495
19,2,Ben McLemore,19.5,HOU,SG/SF,3100,18.5,13.100000000000001,4.225,14.666666666666666,8.559999999999999,16.52386363636364,-0.7770707904912056,-0.42593154930143196,-0.5110816048784794,-1.1584494612504548,-0.40330882923358435,-0.2373762900622364,-0.6045744842268399
19,3,Brandon Ingram,56.3,NO,SF/PF,7200,32.5,38.2,5.285,28.333333333333332,41.92,43.81764705882353,1.2532662420979466,0.9441979099898872,1.412454200474991,1.7435934092308885,0.3472766102102922,2.145960506007472,1.0213799553873752
19,4,Josh Okogie,12.8,MIN,SG/SF,4100,22.0,17.5,4.279999999999999,23.0,21.04,16.73913043478261,-0.42115513537597593,-0.08339918447860216,-0.4959106266357944,-0.07279313560275812,-0.3643633583190438,-0.6712990219553626,-0.2993780324547064
19,5,James Ennis III,3.8,PHI,SF/PF,3200,18.5,14.65,4.5649999999999995,18.0,15.73,15.056944444444444,-0.6516914119847044,-0.42593154930143196,-0.6144630799031114,-0.5347190241595905,-0.16255500903460532,-1.2541803036028456,-0.5095912308014168
19,6,Andre Drummond,58.5,DET,C,10400,36.0,58.05,5.58,35.666666666666664,56.93000000000001,58.592523364485984,2.858931186197335,1.286730274812717,2.4537170827115253,3.049338717561973,0.5561659542064653,2.288442597076857,2.2660446720743628
19,7,Ish Smith,15.0,WAS,PG,4500,21.5,19.45,4.335,27.666666666666668,19.970000000000002,15.114759036144578,-0.2634197882226355,-0.13233237945329213,-0.6103885829568365,-0.1658742468562062,-0.32541788740450267,-0.5288169308859779,-0.19902398700722726
20,0,Ky Bowman,35.0,GS,PG,4300,37.5,24.4,5.665,19.666666666666668,13.98,46.52542372881355,0.13698532378199801,1.433529859736787,1.6032853980780517,-0.6869544864899967,0.61635440925621,0.7664748061084289,0.09840663467508383
20,1,James Harden,73.5,HOU,PG/SG,10800,36.0,64.2,5.9399999999999995,34.0,55.660000000000004,67.9764705882353,3.356404204142486,1.286730274812717,3.1150529701200687,2.9388592677564778,0.8110817638289134,3.2599113998226623,2.62733296096881
20,2,Josh Okogie,12.8,MIN,SG/SF,4100,22.0,17.5,4.279999999999999,23.0,21.04,16.73913043478261,-0.42115513537597593,-0.08339918447860216,-0.4959106266357944,-0.07279313560275812,-0.3643633583190438,-0.6712990219553626,-0.2993780324547064
20,3,Mario Hezonja,20.8,POR,SF/PF,3700,23.5,21.8,5.91,25.0,19.059999999999995,20.492,-0.0733284724224558,0.06340040044546774,-0.23142626146798576,-0.24503668726801803,0.7898387796937099,-0.1531823271575999,-0.13668598800709772
20,4,Matisse Thybulle,1.5,PHI,SG/SF,3400,19.0,18.05,5.32,20.333333333333332,16.630000000000003,16.86639344262295,-0.3766656784865721,-0.37699835432674195,-0.4869417362299141,-0.45642650067538143,0.3720600917013637,-1.4031388533572025,-0.3450895926292934
20,5,Davis Bertans,15.8,WAS,SF/PF,3900,26.0,21.05,5.38,28.333333333333332,22.509999999999998,19.316470588235298,-0.13399591363527907,0.30806637531891756,-0.3142719732103455,0.055084652754782984,0.4145460599717715,-0.47700526140620164,-0.13875211494670325
20,6,Willie Cauley-Stein,20.3,GS,C,4400,22.0,24.65,5.6,17.666666666666668,21.169999999999998,30.696226415094337,0.15720780418627245,-0.08339918447860216,0.4877189948549509,-0.06148421554392803,0.5703279436299343,-0.1855646205824601,0.08601931794376712
20,7,Garrett Temple,27.0,BKN,SG/SF,3100,22.5,14.9,4.8,22.333333333333332,15.84,15.011194029850747,-0.6314689315804299,-0.03446598950391219,-0.6176873511306878,-0.525149937955965,0.003848366691159934,0.24835811131066615,-0.5055912520654743
21,0,Ish Smith,15.0,WAS,PG,4500,21.5,19.45,4.335,27.666666666666668,19.970000000000002,15.114759036144578,-0.2634197882226355,-0.13233237945329213,-0.6103885829568365,-0.1658742468562062,-0.32541788740450267,-0.5288169308859779,-0.19902398700722726
21,1,Ben McLemore,19.5,HOU,SG/SF,3100,18.5,13.100000000000001,4.225,14.666666666666666,8.559999999999999,16.52386363636364,-0.7770707904912056,-0.42593154930143196,-0.5110816048784794,-1.1584494612504548,-0.40330882923358435,-0.2373762900622364,-0.6045744842268399
21,2,Matisse Thybulle,1.5,PHI,SG/SF,3400,19.0,18.05,5.32,20.333333333333332,16.630000000000003,16.86639344262295,-0.3766656784865721,-0.37699835432674195,-0.4869417362299141,-0.45642650067538143,0.3720600917013637,-1.4031388533572025,-0.3450895926292934
21,3,Gorgui Dieng,25.5,MIN,PF/C,3300,25.0,28.25,8.575,15.0,23.07,47.083333333333336,0.44841152200782425,0.21019998536953766,1.6426042086597061,0.10380000070051316,2.676923870371002,0.15121123103608564,0.18884106866435568
21,4,Ben Simmons,33.3,PHI,PG/SF,8500,35.0,46.45,5.4399999999999995,35.0,42.57000000000001,46.45,1.9206080954390023,1.188863884863337,1.5979698930525834,1.8001380095250399,0.4570320282421793,0.6563750084639042,1.503959324987199
21,5,Mario Hezonja,20.8,POR,SF/PF,3700,23.5,21.8,5.91,25.0,19.059999999999995,20.492,-0.0733284724224558,0.06340040044546774,-0.23142626146798576,-0.24503668726801803,0.7898387796937099,-0.1531823271575999,-0.13668598800709772
21,6,Jaxson Hayes,13.8,NO,C,3200,0.0,6.9,2.15,14.666666666666666,15.24,0.0,-1.2785883045172115,-2.2364597633649606,-1.6756047805540286,-0.5773449536121043,-1.8726152319185305,-0.6065344351056423,-0.8842952511956522
21,7,Damion Lee,30.5,GS,SG/SF,3600,26.0,22.85,6.325,22.333333333333332,20.25,26.601492537313437,0.011605945275496828,0.30806637531891756,0.1991416618632922,-0.1415165728833414,1.0837000602306992,0.47503416528468734,-0.07348239288955544
22,0,Jevon Carter,6.5,PHO,PG/SG,3100,15.0,11.6,3.7350000000000003,18.666666666666668,14.8,9.32142857142857,-0.8984056729168524,-0.7684639141242617,-1.0186749098702477,-0.6156212984266063,-0.7502775701085833,-1.0793159191086008,-0.6639066329094293
22,1,Khris Middleton,40.8,MIL,SG/SF,6800,32.5,36.8,5.42,29.666666666666668,32.839999999999996,40.31460674157303,1.1400203518340093,0.9441979099898872,1.1655766103097787,0.9537088389679805,0.4428700388187103,1.1421094098368068,0.8849881286927082
22,2,Solomon Hill,3.5,MEM,SF/PF,3100,22.5,16.35,5.25,19.333333333333332,19.009999999999998,19.028017241379313,-0.5141785452356381,-0.03446598950391219,-0.3346007906653469,-0.2493862719060294,0.32249312871922076,-1.2736096796577618,-0.4213183712781428
22,3,Eric Paschall,55.3,GS,SF/PF,5000,34.5,28.2,5.65,27.666666666666668,22.880000000000003,35.165060240963854,0.4443670259269693,1.139930689888647,0.8026611096649184,0.08727157907606926,0.6057329171886082,2.081195919157752,0.31780691240073333
22,4,CJ McCollum,25.3,POR,PG/SG,6100,35.0,34.8,5.71,37.0,33.6,32.91891891891892,0.9782405085998139,1.188863884863337,0.6443637717706758,1.0198225254657574,0.6482188854590161,0.13825831366614164,0.7337543412595776
22,5,Ben McLemore,19.5,HOU,SG/SF,3100,18.5,13.100000000000001,4.225,14.666666666666666,8.559999999999999,16.52386363636364,-0.7770707904912056,-0.42593154930143196,-0.5110816048784794,-1.1584494612504548,-0.40330882923358435,-0.2373762900622364,-0.6045744842268399
22,6,Ersan Ilyasova,14.0,MIL,PF/C,3300,19.0,16.05,4.875,19.0,19.07,16.05,-0.5384455217207675,-0.37699835432674195,-0.5444772560893113,-0.24416677034041528,0.056955827029170174,-0.5935815177356982,-0.42892159172691513
22,7,Jake Layman,13.5,MIN,SF/PF,3500,23.5,18.55,5.3149999999999995,25.0,16.35,17.437,-0.3362207176780233,0.06340040044546774,-0.4467281049097123,-0.4807841746482465,0.3685195943454958,-0.6259638111605584,-0.31238870755539083
23,0,Ja Morant,39.3,MEM,PG,6600,28.5,36.55,5.535,27.666666666666668,33.92999999999999,37.650903614457825,1.1197978714297347,0.5527323501923674,0.9778515060055575,1.0485297840766332,0.5243014780036592,1.0449625295622262,0.857542632275616
23,1,Shabazz Napier,27.8,MIN,PG/SG,3900,19.0,20.200000000000003,5.16,22.666666666666668,20.04,16.93235294117647,-0.20275234700981193,-0.37699835432674195,-0.48229322505771605,-0.15978482836299024,0.2587641763136087,0.3001697807904425,-0.19739397697191963
23,2,Svi Mykhailiuk,11.0,DET,SG/SF,3000,17.0,14.3,4.785,12.0,10.680000000000001,20.258333333333333,-0.6800028845506885,-0.5727311342255018,-0.24789397475250854,-0.9740270725987625,-0.006773125376441862,-0.7878752782848593,-0.5470165747982122
23,3,Rodions Kurucs,3.5,BKN,SF/PF,3000,14.0,12.5,4.165,13.0,8.059999999999999,13.461538461538462,-0.8256047434614644,-0.8663303040736416,-0.7268996917386654,-1.2019453076305708,-0.4457947975039922,-1.2736096796577618,-0.6504344219922485
23,4,Devin Booker,51.5,PHO,PG/SG,7900,34.5,40.75,5.175,34.666666666666664,38.03,40.55408653846155,1.4595355422215455,1.139930689888647,1.182454005313755,1.4051957243935855,0.2693856683812105,1.8350904891288145,1.150847590160194
23,5,Kent Bazemore,17.5,POR,SG/SF,3600,24.0,22.700000000000003,6.29,24.333333333333332,21.1,22.389041095890413,-0.000527542967067711,0.11233359542015771,-0.09773184410958352,-0.06757363403714399,1.0589165787396277,-0.3669054637616771,-0.091337221903919
23,6,Omari Spellman,20.0,GS,PF/C,3200,18.0,17.1,5.355,15.666666666666666,16.5,19.646808510638298,-0.4535111040228149,-0.4748647442761219,-0.29099133044370856,-0.4677354207342118,0.3968435731924352,-0.20499399663737622,-0.3945322533396728
23,7,Raul Neto,5.3,PHI,PG,3000,0.0,2.75,0.915,4.0,4.6499999999999995,0.0,-1.6142814792281668,-2.2364597633649606,-1.6756047805540286,-1.4985869799429625,-2.747118078817764,-1.1570334233282653,-1.0982003355338108
24,0,Ricky Rubio,47.3,PHO,PG,6500,32.0,31.799999999999997,4.904999999999999,32.666666666666664,34.2,31.151020408163266,0.7355707437485208,0.8952647150151972,0.5197707084699965,1.0720175411218968,0.07819881116437376,1.563079224359989,0.5999276054892326
24,1,Jordan Poole,29.8,GS,SG/SF,4100,31.0,22.55,5.484999999999999,27.0,16.93,25.890740740740743,-0.012661031209632537,0.7973983250658173,0.14905126185294193,-0.430328992847312,0.48889650444498534,0.42969895448988316,-0.05618725227785625
24,2,Taurean Prince,40.8,BKN,SF/PF,5400,32.0,29.35,5.41,33.0,29.389999999999997,28.46060606060606,0.5373904357866318,0.8952647150151972,0.3301631246234707,0.6535874989451799,0.4357890441069757,1.1421094098368068,0.40148476899806135
24,3,Markieff Morris,5.5,DET,SF/PF,4000,32.0,28.05,7.04,30.666666666666668,22.15,29.269565217391303,0.43223353768440476,0.8952647150151972,0.3871747114401409,0.023767643361099478,1.5899911821197288,-1.1440805059583212,0.20779966359474114
24,4,Gary Trent Jr.,4.8,POR,SG,3000,0.0,1.0,0.335,4.0,0.52,0.0,-1.7558388420580877,-2.2364597633649606,-1.6756047805540286,-1.857862671042721,-3.1578157720983753,-1.1894157167531254,-1.1837215035933082
24,5,Mike Scott,10.8,PHI,SF/PF,3200,19.5,13.9,4.33,16.333333333333332,13.64,16.594897959183676,-0.7123588531975276,-0.328065159352052,-0.5060754442726566,-0.7165316620284756,-0.3289583847603699,-0.8008281956548033,-0.5428236314591512
24,6,Christian Wood,26.0,DET,PF/C,3300,14.0,15.75,4.775,13.666666666666666,15.010000000000002,16.134146341463417,-0.5627124982058969,-0.8663303040736416,-0.5385470228860542,-0.5973530429469576,-0.013854120088176393,0.18359352446094582,-0.45976166953080444
24,7,Admiral Schofield,1.3,WAS,SF/PF,3000,0.0,3.5,1.165,12.0,7.5600000000000005,0.0,-1.5536140380153436,-2.2364597633649606,-1.6756047805540286,-1.245441154010687,-2.5700932110243966,-1.4160917707271465,-1.0570517270859927
25,0,Donte DiVincenzo,31.8,MIL,PG/SG,3000,0.0,4.65,1.54,15.666666666666666,13.55,0.0,-1.460590628155681,-2.2364597633649606,-1.6756047805540286,-0.7243609143768965,-2.304555909334346,0.5592281281893239,-0.9873534107874024
25,1,Nickeil Alexander-Walker,0.0,NO,PG/SG,4000,0.0,5.25,1.315,12.666666666666666,12.55,0.0,-1.4120566751854227,-2.2364597633649606,-1.6756047805540286,-0.8113526071371286,-2.4638782903483767,-1.500285733631783,-0.9438818546757362
25,2,Markieff Morris,5.5,DET,SF/PF,4000,32.0,28.05,7.04,30.666666666666668,22.15,29.269565217391303,0.43223353768440476,0.8952647150151972,0.3871747114401409,0.023767643361099478,1.5899911821197288,-1.1440805059583212,0.20779966359474114
25,3,James Ennis III,3.8,PHI,SF/PF,3200,18.5,14.65,4.5649999999999995,18.0,15.73,15.056944444444444,-0.6516914119847044,-0.42593154930143196,-0.6144630799031114,-0.5347190241595905,-0.16255500903460532,-1.2541803036028456,-0.5095912308014168
25,4,Chris Clemons,0.0,HOU,PG,3000,0.0,6.15,2.04,22.0,20.67,0.0,-1.3392557457300345,-2.2364597633649606,-1.6756047805540286,-0.10498006192404377,-1.950506173747612,-1.500285733631783,-0.899836734828658
25,5,Jarrett Allen,34.0,BKN,PF/C,4400,24.5,24.15,5.47,25.666666666666668,24.190000000000005,23.052272727272726,0.1167628433777236,0.16126679039484768,-0.050990438916301783,0.2012306965919735,0.47827501237738357,0.7017102192587086,0.053772093552176194
25,6,Clint Capela,31.8,HOU,C,6200,31.0,39.349999999999994,6.335,24.0,31.369999999999997,50.82708333333333,1.3462896519576082,0.7973983250658173,1.9064458703241782,0.8258310506104394,1.0907810549424337,0.5592281281893239,1.007951808854248
25,7,Alec Burks,20.5,GS,PG/SG,3900,25.0,21.85,5.605,19.333333333333332,14.63,28.254310344827587,-0.06928397634160086,0.21019998536953766,0.31562438553959643,-0.6304098861958458,0.5738684409858023,-0.17261170321251607,-0.10895226779693147
