Lineup Num,,Player Name,Actual FP,team,Pos,Salary,DFN_MinProj,Avg Proj,Avg Value Proj,Avg Skewed Min,Avg Skewed FP,Proj Min Enhanced,Avg Proj Stan,DFN_MinProj Stan,Proj Min Enhanced Stan,Avg Skewed FP Stan,Avg Value Proj Stan,Actual FP Stan,predictions
0,0,Jrue Holiday,30.8,NO,PG/SG,7800,36.0,41.45,5.29,37.666666666666664,41.43000000000001,39.61592920353983,1.6730947082184713,1.2278468633806037,1.3220315199460217,1.774740715474088,0.6594881907093758,0.5224929783923624,1.3059725743837776
0,1,CJ McCollum,43.3,POR,PG/SG,6900,36.5,36.95,5.365,37.0,35.81,36.45067567567568,1.2597651983907854,1.2807998278390664,1.0605493737440954,1.2316271607153302,0.7234024072213491,1.4055299538737924,0.9658282738205962
0,2,Andrew Wiggins,38.8,MIN,SG/SF,7600,36.0,42.6,5.595,36.0,40.14,42.6,1.778723360729991,1.2278468633806037,1.568546129094382,1.650075860378216,0.9194060045247328,1.0876366427004776,1.3614282623157823
0,3,Davis Bertans,43.3,WAS,SF/PF,6500,36.5,35.8,5.51,30.333333333333332,30.979999999999997,43.07802197802198,1.1541365458792652,1.2807998278390664,1.608035608102789,0.7648587497749741,0.8469698924778299,1.4055299538737924,0.8783015256281134
0,4,Kemba Walker,45.3,BOS,PG,7400,35.5,42.15,5.705,33.666666666666664,42.769999999999996,44.44529702970297,1.7373904097472221,1.174893898922141,1.7209864386806928,1.9042375416977053,1.0131468554089602,1.5468158699508212,1.3508596860948119
0,5,Josh Okogie,8.3,MIN,SG/SF,3900,31.5,24.55,6.300000000000001,29.0,20.589999999999996,26.666379310344826,0.12081277131005079,0.7512701832544395,0.2522669438659443,-0.2392248505708424,1.5201996397372806,-1.066973577474212,-0.03271054811510703
0,6,Gorgui Dieng,25.0,MIN,C,4000,27.0,30.3,7.595000000000001,12.333333333333334,16.619999999999997,66.33243243243243,0.6489560338676494,0.27469350312827523,3.5290865131097084,-0.6228833581139502,2.6237851115106823,0.11276382176897873,0.3760321915175734
0,7,Jeff Teague,20.5,MIN,PG,5800,32.5,36.65,6.3149999999999995,32.0,33.269999999999996,37.22265625,1.232209897735606,0.8571761121713648,1.1243228236821574,0.9861630274257844,1.532982483039674,-0.20512948940433615,0.862355014745578
1,0,CJ McCollum,43.3,POR,PG/SG,6900,36.5,36.95,5.365,37.0,35.81,36.45067567567568,1.2597651983907854,1.2807998278390664,1.0605493737440954,1.2316271607153302,0.7234024072213491,1.4055299538737924,0.9658282738205962
1,1,Andrew Wiggins,38.8,MIN,SG/SF,7600,36.0,42.6,5.595,36.0,40.14,42.6,1.778723360729991,1.2278468633806037,1.568546129094382,1.650075860378216,0.9194060045247328,1.0876366427004776,1.3614282623157823
1,2,Josh Okogie,8.3,MIN,SG/SF,3900,31.5,24.55,6.300000000000001,29.0,20.589999999999996,26.666379310344826,0.12081277131005079,0.7512701832544395,0.2522669438659443,-0.2392248505708424,1.5201996397372806,-1.066973577474212,-0.03271054811510703
1,3,Wendell Carter Jr.,30.3,CHI,PF/C,6000,33.5,34.05,5.665,32.333333333333336,30.610000000000003,35.278608247422675,0.9933972920573874,0.9630820410882902,0.9637246789968873,0.7291021634296473,0.9790592732692412,0.4871714993731052,0.7175999571343864
1,4,Jeff Teague,20.5,MIN,PG,5800,32.5,36.65,6.3149999999999995,32.0,33.269999999999996,37.22265625,1.232209897735606,0.8571761121713648,1.1243228236821574,0.9861630274257844,1.532982483039674,-0.20512948940433615,0.862355014745578
1,5,Kristaps Porzingis,51.8,DAL,PF/C,8300,33.5,42.599999999999994,5.125,33.0,38.4,43.24545454545454,1.7787233607299904,0.9630820410882902,1.621867241711585,1.481923265132622,0.5188769143830351,2.005995097201165,1.380640934103969
1,6,Gorgui Dieng,25.0,MIN,C,4000,27.0,30.3,7.595000000000001,12.333333333333334,16.619999999999997,66.33243243243243,0.6489560338676494,0.27469350312827523,3.5290865131097084,-0.6228833581139502,2.6237851115106823,0.11276382176897873,0.3760321915175734
1,7,Kemba Walker,45.3,BOS,PG,7400,35.5,42.15,5.705,33.666666666666664,42.769999999999996,44.44529702970297,1.7373904097472221,1.174893898922141,1.7209864386806928,1.9042375416977053,1.0131468554089602,1.5468158699508212,1.3508596860948119
2,0,Jeff Teague,20.5,MIN,PG,5800,32.5,36.65,6.3149999999999995,32.0,33.269999999999996,37.22265625,1.232209897735606,0.8571761121713648,1.1243228236821574,0.9861630274257844,1.532982483039674,-0.20512948940433615,0.862355014745578
2,1,Andrew Wiggins,38.8,MIN,SG/SF,7600,36.0,42.6,5.595,36.0,40.14,42.6,1.778723360729991,1.2278468633806037,1.568546129094382,1.650075860378216,0.9194060045247328,1.0876366427004776,1.3614282623157823
2,2,Josh Okogie,8.3,MIN,SG/SF,3900,31.5,24.55,6.300000000000001,29.0,20.589999999999996,26.666379310344826,0.12081277131005079,0.7512701832544395,0.2522669438659443,-0.2392248505708424,1.5201996397372806,-1.066973577474212,-0.03271054811510703
2,3,Kristaps Porzingis,51.8,DAL,PF/C,8300,33.5,42.599999999999994,5.125,33.0,38.4,43.24545454545454,1.7787233607299904,0.9630820410882902,1.621867241711585,1.481923265132622,0.5188769143830351,2.005995097201165,1.380640934103969
2,4,CJ McCollum,43.3,POR,PG/SG,6900,36.5,36.95,5.365,37.0,35.81,36.45067567567568,1.2597651983907854,1.2807998278390664,1.0605493737440954,1.2316271607153302,0.7234024072213491,1.4055299538737924,0.9658282738205962
2,5,Wendell Carter Jr.,30.3,CHI,PF/C,6000,33.5,34.05,5.665,32.333333333333336,30.610000000000003,35.278608247422675,0.9933972920573874,0.9630820410882902,0.9637246789968873,0.7291021634296473,0.9790592732692412,0.4871714993731052,0.7175999571343864
2,6,Gorgui Dieng,25.0,MIN,C,4000,27.0,30.3,7.595000000000001,12.333333333333334,16.619999999999997,66.33243243243243,0.6489560338676494,0.27469350312827523,3.5290865131097084,-0.6228833581139502,2.6237851115106823,0.11276382176897873,0.3760321915175734
2,7,Chris Paul,35.0,OKC,PG,7500,33.5,41.2,5.465,33.333333333333336,38.419999999999995,41.406,1.6501319576724889,0.9630820410882902,1.4699095807684177,1.4838560535837204,0.8086213625706462,0.819193402154123,1.2616114492354276
3,0,Kemba Walker,45.3,BOS,PG,7400,35.5,42.15,5.705,33.666666666666664,42.769999999999996,44.44529702970297,1.7373904097472221,1.174893898922141,1.7209864386806928,1.9042375416977053,1.0131468554089602,1.5468158699508212,1.3508596860948119
3,1,Josh Okogie,8.3,MIN,SG/SF,3900,31.5,24.55,6.300000000000001,29.0,20.589999999999996,26.666379310344826,0.12081277131005079,0.7512701832544395,0.2522669438659443,-0.2392248505708424,1.5201996397372806,-1.066973577474212,-0.03271054811510703
3,2,Andrew Wiggins,38.8,MIN,SG/SF,7600,36.0,42.6,5.595,36.0,40.14,42.6,1.778723360729991,1.2278468633806037,1.568546129094382,1.650075860378216,0.9194060045247328,1.0876366427004776,1.3614282623157823
3,3,Davis Bertans,43.3,WAS,SF/PF,6500,36.5,35.8,5.51,30.333333333333332,30.979999999999997,43.07802197802198,1.1541365458792652,1.2807998278390664,1.608035608102789,0.7648587497749741,0.8469698924778299,1.4055299538737924,0.8783015256281134
3,4,Jeff Teague,20.5,MIN,PG,5800,32.5,36.65,6.3149999999999995,32.0,33.269999999999996,37.22265625,1.232209897735606,0.8571761121713648,1.1243228236821574,0.9861630274257844,1.532982483039674,-0.20512948940433615,0.862355014745578
3,5,Jaylen Brown,40.8,BOS,SG/SF,6700,37.0,34.55,5.145,35.666666666666664,34.81,35.841588785046724,1.0393227931493525,1.3337527922975292,1.0102325994373662,1.1349877381603912,0.5359207054528942,1.2289225587775063,0.8208114011505557
3,6,Gorgui Dieng,25.0,MIN,C,4000,27.0,30.3,7.595000000000001,12.333333333333334,16.619999999999997,66.33243243243243,0.6489560338676494,0.27469350312827523,3.5290865131097084,-0.6228833581139502,2.6237851115106823,0.11276382176897873,0.3760321915175734
3,7,Zach LaVine,42.8,CHI,PG/SG,8100,34.5,42.25,5.205,34.666666666666664,38.89,42.046875,1.7465755099656153,1.0689879700052156,1.522852376336594,1.5292765821845422,0.587052078662473,1.3702084748545351,1.352844256940599
4,0,Jeff Teague,20.5,MIN,PG,5800,32.5,36.65,6.3149999999999995,32.0,33.269999999999996,37.22265625,1.232209897735606,0.8571761121713648,1.1243228236821574,0.9861630274257844,1.532982483039674,-0.20512948940433615,0.862355014745578
4,1,Andrew Wiggins,38.8,MIN,SG/SF,7600,36.0,42.6,5.595,36.0,40.14,42.6,1.778723360729991,1.2278468633806037,1.568546129094382,1.650075860378216,0.9194060045247328,1.0876366427004776,1.3614282623157823
4,2,Jaylen Brown,40.8,BOS,SG/SF,6700,37.0,34.55,5.145,35.666666666666664,34.81,35.841588785046724,1.0393227931493525,1.3337527922975292,1.0102325994373662,1.1349877381603912,0.5359207054528942,1.2289225587775063,0.8208114011505557
4,3,Wendell Carter Jr.,30.3,CHI,PF/C,6000,33.5,34.05,5.665,32.333333333333336,30.610000000000003,35.278608247422675,0.9933972920573874,0.9630820410882902,0.9637246789968873,0.7291021634296473,0.9790592732692412,0.4871714993731052,0.7175999571343864
4,4,Kemba Walker,45.3,BOS,PG,7400,35.5,42.15,5.705,33.666666666666664,42.769999999999996,44.44529702970297,1.7373904097472221,1.174893898922141,1.7209864386806928,1.9042375416977053,1.0131468554089602,1.5468158699508212,1.3508596860948119
4,5,Davis Bertans,43.3,WAS,SF/PF,6500,36.5,35.8,5.51,30.333333333333332,30.979999999999997,43.07802197802198,1.1541365458792652,1.2807998278390664,1.608035608102789,0.7648587497749741,0.8469698924778299,1.4055299538737924,0.8783015256281134
4,6,Lauri Markkanen,49.3,CHI,PF/C,5900,33.0,32.55,5.505,33.0,29.49,32.55,0.8556207887814921,0.9101290766298276,0.7383138755969448,0.6208660101681152,0.8427089447103652,1.829387702104879,0.6139700300796636
4,7,Gorgui Dieng,25.0,MIN,C,4000,27.0,30.3,7.595000000000001,12.333333333333334,16.619999999999997,66.33243243243243,0.6489560338676494,0.27469350312827523,3.5290865131097084,-0.6228833581139502,2.6237851115106823,0.11276382176897873,0.3760321915175734
5,0,Jeff Teague,20.5,MIN,PG,5800,32.5,36.65,6.3149999999999995,32.0,33.269999999999996,37.22265625,1.232209897735606,0.8571761121713648,1.1243228236821574,0.9861630274257844,1.532982483039674,-0.20512948940433615,0.862355014745578
5,1,Shai Gilgeous-Alexander,40.3,OKC,PG/SG,6100,35.0,33.9,5.535,35.666666666666664,31.340000000000003,33.26635514018692,0.979619641729798,1.1219409344636784,0.7974920987155378,0.7996489418947529,0.8682746313151546,1.1936010797582493,0.7156103738277734
5,2,Davis Bertans,43.3,WAS,SF/PF,6500,36.5,35.8,5.51,30.333333333333332,30.979999999999997,43.07802197802198,1.1541365458792652,1.2807998278390664,1.608035608102789,0.7648587497749741,0.8469698924778299,1.4055299538737924,0.8783015256281134
5,3,Kristaps Porzingis,51.8,DAL,PF/C,8300,33.5,42.599999999999994,5.125,33.0,38.4,43.24545454545454,1.7787233607299904,0.9630820410882902,1.621867241711585,1.481923265132622,0.5188769143830351,2.005995097201165,1.380640934103969
5,4,Kemba Walker,45.3,BOS,PG,7400,35.5,42.15,5.705,33.666666666666664,42.769999999999996,44.44529702970297,1.7373904097472221,1.174893898922141,1.7209864386806928,1.9042375416977053,1.0131468554089602,1.5468158699508212,1.3508596860948119
5,5,Andrew Wiggins,38.8,MIN,SG/SF,7600,36.0,42.6,5.595,36.0,40.14,42.6,1.778723360729991,1.2278468633806037,1.568546129094382,1.650075860378216,0.9194060045247328,1.0876366427004776,1.3614282623157823
5,6,Gorgui Dieng,25.0,MIN,C,4000,27.0,30.3,7.595000000000001,12.333333333333334,16.619999999999997,66.33243243243243,0.6489560338676494,0.27469350312827523,3.5290865131097084,-0.6228833581139502,2.6237851115106823,0.11276382176897873,0.3760321915175734
5,7,Josh Okogie,8.3,MIN,SG/SF,3900,31.5,24.55,6.300000000000001,29.0,20.589999999999996,26.666379310344826,0.12081277131005079,0.7512701832544395,0.2522669438659443,-0.2392248505708424,1.5201996397372806,-1.066973577474212,-0.03271054811510703
6,0,Kemba Walker,45.3,BOS,PG,7400,35.5,42.15,5.705,33.666666666666664,42.769999999999996,44.44529702970297,1.7373904097472221,1.174893898922141,1.7209864386806928,1.9042375416977053,1.0131468554089602,1.5468158699508212,1.3508596860948119
6,1,Terry Rozier,51.8,CHA,PG/SG,6000,34.0,33.75,5.625,32.0,31.389999999999997,35.859375,0.9658419914022086,1.0160350055467529,1.0117019217579482,0.8044809130224991,0.9449716911295222,2.005995097201165,0.7099731438870341
6,2,Josh Okogie,8.3,MIN,SG/SF,3900,31.5,24.55,6.300000000000001,29.0,20.589999999999996,26.666379310344826,0.12081277131005079,0.7512701832544395,0.2522669438659443,-0.2392248505708424,1.5201996397372806,-1.066973577474212,-0.03271054811510703
6,3,Kristaps Porzingis,51.8,DAL,PF/C,8300,33.5,42.599999999999994,5.125,33.0,38.4,43.24545454545454,1.7787233607299904,0.9630820410882902,1.621867241711585,1.481923265132622,0.5188769143830351,2.005995097201165,1.380640934103969
6,4,Jeff Teague,20.5,MIN,PG,5800,32.5,36.65,6.3149999999999995,32.0,33.269999999999996,37.22265625,1.232209897735606,0.8571761121713648,1.1243228236821574,0.9861630274257844,1.532982483039674,-0.20512948940433615,0.862355014745578
6,5,Davis Bertans,43.3,WAS,SF/PF,6500,36.5,35.8,5.51,30.333333333333332,30.979999999999997,43.07802197802198,1.1541365458792652,1.2807998278390664,1.608035608102789,0.7648587497749741,0.8469698924778299,1.4055299538737924,0.8783015256281134
6,6,Gorgui Dieng,25.0,MIN,C,4000,27.0,30.3,7.595000000000001,12.333333333333334,16.619999999999997,66.33243243243243,0.6489560338676494,0.27469350312827523,3.5290865131097084,-0.6228833581139502,2.6237851115106823,0.11276382176897873,0.3760321915175734
6,7,Andrew Wiggins,38.8,MIN,SG/SF,7600,36.0,42.6,5.595,36.0,40.14,42.6,1.778723360729991,1.2278468633806037,1.568546129094382,1.650075860378216,0.9194060045247328,1.0876366427004776,1.3614282623157823
7,0,CJ McCollum,43.3,POR,PG/SG,6900,36.5,36.95,5.365,37.0,35.81,36.45067567567568,1.2597651983907854,1.2807998278390664,1.0605493737440954,1.2316271607153302,0.7234024072213491,1.4055299538737924,0.9658282738205962
7,1,Andrew Wiggins,38.8,MIN,SG/SF,7600,36.0,42.6,5.595,36.0,40.14,42.6,1.778723360729991,1.2278468633806037,1.568546129094382,1.650075860378216,0.9194060045247328,1.0876366427004776,1.3614282623157823
7,2,Robert Covington,35.8,MIN,SF/PF,5300,30.0,30.35,5.73,30.666666666666668,26.309999999999995,29.690217391304348,0.653548583976846,0.5924112898790513,0.5020667353252863,0.31355264644340874,1.0344515942462849,0.8757077685849343,0.4217271751687285
7,3,Davis Bertans,43.3,WAS,SF/PF,6500,36.5,35.8,5.51,30.333333333333332,30.979999999999997,43.07802197802198,1.1541365458792652,1.2807998278390664,1.608035608102789,0.7648587497749741,0.8469698924778299,1.4055299538737924,0.8783015256281134
7,4,Chris Paul,35.0,OKC,PG,7500,33.5,41.2,5.465,33.333333333333336,38.419999999999995,41.406,1.6501319576724889,0.9630820410882902,1.4699095807684177,1.4838560535837204,0.8086213625706462,0.819193402154123,1.2616114492354276
7,5,Wendell Carter Jr.,30.3,CHI,PF/C,6000,33.5,34.05,5.665,32.333333333333336,30.610000000000003,35.278608247422675,0.9933972920573874,0.9630820410882902,0.9637246789968873,0.7291021634296473,0.9790592732692412,0.4871714993731052,0.7175999571343864
7,6,Gorgui Dieng,25.0,MIN,C,4000,27.0,30.3,7.595000000000001,12.333333333333334,16.619999999999997,66.33243243243243,0.6489560338676494,0.27469350312827523,3.5290865131097084,-0.6228833581139502,2.6237851115106823,0.11276382176897873,0.3760321915175734
7,7,Jeff Teague,20.5,MIN,PG,5800,32.5,36.65,6.3149999999999995,32.0,33.269999999999996,37.22265625,1.232209897735606,0.8571761121713648,1.1243228236821574,0.9861630274257844,1.532982483039674,-0.20512948940433615,0.862355014745578
8,0,Shai Gilgeous-Alexander,40.3,OKC,PG/SG,6100,35.0,33.9,5.535,35.666666666666664,31.340000000000003,33.26635514018692,0.979619641729798,1.1219409344636784,0.7974920987155378,0.7996489418947529,0.8682746313151546,1.1936010797582493,0.7156103738277734
8,1,Andrew Wiggins,38.8,MIN,SG/SF,7600,36.0,42.6,5.595,36.0,40.14,42.6,1.778723360729991,1.2278468633806037,1.568546129094382,1.650075860378216,0.9194060045247328,1.0876366427004776,1.3614282623157823
8,2,Draymond Green,22.8,GS,PG/SF,5800,31.0,31.85,5.47,31.0,30.389999999999997,31.850000000000005,0.7913250872527413,0.6983172187959767,0.6804867534627957,0.7078414904675602,0.812882310338111,-0.04265068591575294,0.5726684173300003
8,3,Davis Bertans,43.3,WAS,SF/PF,6500,36.5,35.8,5.51,30.333333333333332,30.979999999999997,43.07802197802198,1.1541365458792652,1.2807998278390664,1.608035608102789,0.7648587497749741,0.8469698924778299,1.4055299538737924,0.8783015256281134
8,4,Jeff Teague,20.5,MIN,PG,5800,32.5,36.65,6.3149999999999995,32.0,33.269999999999996,37.22265625,1.232209897735606,0.8571761121713648,1.1243228236821574,0.9861630274257844,1.532982483039674,-0.20512948940433615,0.862355014745578
8,5,Wendell Carter Jr.,30.3,CHI,PF/C,6000,33.5,34.05,5.665,32.333333333333336,30.610000000000003,35.278608247422675,0.9933972920573874,0.9630820410882902,0.9637246789968873,0.7291021634296473,0.9790592732692412,0.4871714993731052,0.7175999571343864
8,6,Gorgui Dieng,25.0,MIN,C,4000,27.0,30.3,7.595000000000001,12.333333333333334,16.619999999999997,66.33243243243243,0.6489560338676494,0.27469350312827523,3.5290865131097084,-0.6228833581139502,2.6237851115106823,0.11276382176897873,0.3760321915175734
8,7,Kemba Walker,45.3,BOS,PG,7400,35.5,42.15,5.705,33.666666666666664,42.769999999999996,44.44529702970297,1.7373904097472221,1.174893898922141,1.7209864386806928,1.9042375416977053,1.0131468554089602,1.5468158699508212,1.3508596860948119
9,0,Kemba Walker,45.3,BOS,PG,7400,35.5,42.15,5.705,33.666666666666664,42.769999999999996,44.44529702970297,1.7373904097472221,1.174893898922141,1.7209864386806928,1.9042375416977053,1.0131468554089602,1.5468158699508212,1.3508596860948119
9,1,Jrue Holiday,30.8,NO,PG/SG,7800,36.0,41.45,5.29,37.666666666666664,41.43000000000001,39.61592920353983,1.6730947082184713,1.2278468633806037,1.3220315199460217,1.774740715474088,0.6594881907093758,0.5224929783923624,1.3059725743837776
9,2,Andrew Wiggins,38.8,MIN,SG/SF,7600,36.0,42.6,5.595,36.0,40.14,42.6,1.778723360729991,1.2278468633806037,1.568546129094382,1.650075860378216,0.9194060045247328,1.0876366427004776,1.3614282623157823
9,3,Davis Bertans,43.3,WAS,SF/PF,6500,36.5,35.8,5.51,30.333333333333332,30.979999999999997,43.07802197802198,1.1541365458792652,1.2807998278390664,1.608035608102789,0.7648587497749741,0.8469698924778299,1.4055299538737924,0.8783015256281134
9,4,Jeff Teague,20.5,MIN,PG,5800,32.5,36.65,6.3149999999999995,32.0,33.269999999999996,37.22265625,1.232209897735606,0.8571761121713648,1.1243228236821574,0.9861630274257844,1.532982483039674,-0.20512948940433615,0.862355014745578
9,5,Wendell Carter Jr.,30.3,CHI,PF/C,6000,33.5,34.05,5.665,32.333333333333336,30.610000000000003,35.278608247422675,0.9933972920573874,0.9630820410882902,0.9637246789968873,0.7291021634296473,0.9790592732692412,0.4871714993731052,0.7175999571343864
9,6,Jaxson Hayes,9.5,NO,C,4000,26.5,24.15,6.02,25.333333333333332,22.130000000000003,25.262171052631576,0.08407237043647851,0.22174053866981253,0.1362650546937073,-0.09040013983623568,1.2815865647592468,-0.9822020278279948,-0.041229424684522224
9,7,Gorgui Dieng,25.0,MIN,C,4000,27.0,30.3,7.595000000000001,12.333333333333334,16.619999999999997,66.33243243243243,0.6489560338676494,0.27469350312827523,3.5290865131097084,-0.6228833581139502,2.6237851115106823,0.11276382176897873,0.3760321915175734
10,0,Jeff Teague,20.5,MIN,PG,5800,32.5,36.65,6.3149999999999995,32.0,33.269999999999996,37.22265625,1.232209897735606,0.8571761121713648,1.1243228236821574,0.9861630274257844,1.532982483039674,-0.20512948940433615,0.862355014745578
10,1,Tim Hardaway Jr.,23.3,DAL,SG/SF,5100,31.5,25.9,5.1,29.333333333333332,22.559999999999995,27.81306818181818,0.24481162425835637,0.7512701832544395,0.3469951116096016,-0.04884518813761261,0.49757217554571037,-0.0073292068964957305,0.1525157286139766
10,2,Josh Okogie,8.3,MIN,SG/SF,3900,31.5,24.55,6.300000000000001,29.0,20.589999999999996,26.666379310344826,0.12081277131005079,0.7512701832544395,0.2522669438659443,-0.2392248505708424,1.5201996397372806,-1.066973577474212,-0.03271054811510703
10,3,Kristaps Porzingis,51.8,DAL,PF/C,8300,33.5,42.599999999999994,5.125,33.0,38.4,43.24545454545454,1.7787233607299904,0.9630820410882902,1.621867241711585,1.481923265132622,0.5188769143830351,2.005995097201165,1.380640934103969
10,4,Jrue Holiday,30.8,NO,PG/SG,7800,36.0,41.45,5.29,37.666666666666664,41.43000000000001,39.61592920353983,1.6730947082184713,1.2278468633806037,1.3220315199460217,1.774740715474088,0.6594881907093758,0.5224929783923624,1.3059725743837776
10,5,Andrew Wiggins,38.8,MIN,SG/SF,7600,36.0,42.6,5.595,36.0,40.14,42.6,1.778723360729991,1.2278468633806037,1.568546129094382,1.650075860378216,0.9194060045247328,1.0876366427004776,1.3614282623157823
10,6,Gorgui Dieng,25.0,MIN,C,4000,27.0,30.3,7.595000000000001,12.333333333333334,16.619999999999997,66.33243243243243,0.6489560338676494,0.27469350312827523,3.5290865131097084,-0.6228833581139502,2.6237851115106823,0.11276382176897873,0.3760321915175734
10,7,CJ McCollum,43.3,POR,PG/SG,6900,36.5,36.95,5.365,37.0,35.81,36.45067567567568,1.2597651983907854,1.2807998278390664,1.0605493737440954,1.2316271607153302,0.7234024072213491,1.4055299538737924,0.9658282738205962
11,0,Kemba Walker,45.3,BOS,PG,7400,35.5,42.15,5.705,33.666666666666664,42.769999999999996,44.44529702970297,1.7373904097472221,1.174893898922141,1.7209864386806928,1.9042375416977053,1.0131468554089602,1.5468158699508212,1.3508596860948119
11,1,Andrew Wiggins,38.8,MIN,SG/SF,7600,36.0,42.6,5.595,36.0,40.14,42.6,1.778723360729991,1.2278468633806037,1.568546129094382,1.650075860378216,0.9194060045247328,1.0876366427004776,1.3614282623157823
11,2,Tim Hardaway Jr.,23.3,DAL,SG/SF,5100,31.5,25.9,5.1,29.333333333333332,22.559999999999995,27.81306818181818,0.24481162425835637,0.7512701832544395,0.3469951116096016,-0.04884518813761261,0.49757217554571037,-0.0073292068964957305,0.1525157286139766
11,3,Davis Bertans,43.3,WAS,SF/PF,6500,36.5,35.8,5.51,30.333333333333332,30.979999999999997,43.07802197802198,1.1541365458792652,1.2807998278390664,1.608035608102789,0.7648587497749741,0.8469698924778299,1.4055299538737924,0.8783015256281134
11,4,Jeff Teague,20.5,MIN,PG,5800,32.5,36.65,6.3149999999999995,32.0,33.269999999999996,37.22265625,1.232209897735606,0.8571761121713648,1.1243228236821574,0.9861630274257844,1.532982483039674,-0.20512948940433615,0.862355014745578
11,5,Kristaps Porzingis,51.8,DAL,PF/C,8300,33.5,42.599999999999994,5.125,33.0,38.4,43.24545454545454,1.7787233607299904,0.9630820410882902,1.621867241711585,1.481923265132622,0.5188769143830351,2.005995097201165,1.380640934103969
11,6,Gorgui Dieng,25.0,MIN,C,4000,27.0,30.3,7.595000000000001,12.333333333333334,16.619999999999997,66.33243243243243,0.6489560338676494,0.27469350312827523,3.5290865131097084,-0.6228833581139502,2.6237851115106823,0.11276382176897873,0.3760321915175734
11,7,OG Anunoby,35.5,TOR,SF/PF,5000,31.0,24.8,4.95,29.0,26.059999999999995,26.51034482758621,0.14377552185603334,0.6983172187959767,0.23937690802077077,0.289392790804674,0.3697437425217647,0.8545148811733801,0.11133698130863513
12,0,Zach LaVine,42.8,CHI,PG/SG,8100,34.5,42.25,5.205,34.666666666666664,38.89,42.046875,1.7465755099656153,1.0689879700052156,1.522852376336594,1.5292765821845422,0.587052078662473,1.3702084748545351,1.352844256940599
12,1,Josh Okogie,8.3,MIN,SG/SF,3900,31.5,24.55,6.300000000000001,29.0,20.589999999999996,26.666379310344826,0.12081277131005079,0.7512701832544395,0.2522669438659443,-0.2392248505708424,1.5201996397372806,-1.066973577474212,-0.03271054811510703
12,2,Jae Crowder,16.5,MEM,SF/PF,5200,31.5,24.5,4.73,32.666666666666664,26.2,23.625,0.1162202212008542,0.7512701832544395,0.0010180683865347524,0.30292230996236585,0.18226204075331048,-0.48770132155839385,0.09683832745351616
12,3,Kristaps Porzingis,51.8,DAL,PF/C,8300,33.5,42.599999999999994,5.125,33.0,38.4,43.24545454545454,1.7787233607299904,0.9630820410882902,1.621867241711585,1.481923265132622,0.5188769143830351,2.005995097201165,1.380640934103969
12,4,CJ McCollum,43.3,POR,PG/SG,6900,36.5,36.95,5.365,37.0,35.81,36.45067567567568,1.2597651983907854,1.2807998278390664,1.0605493737440954,1.2316271607153302,0.7234024072213491,1.4055299538737924,0.9658282738205962
12,5,Andrew Wiggins,38.8,MIN,SG/SF,7600,36.0,42.6,5.595,36.0,40.14,42.6,1.778723360729991,1.2278468633806037,1.568546129094382,1.650075860378216,0.9194060045247328,1.0876366427004776,1.3614282623157823
12,6,Gorgui Dieng,25.0,MIN,C,4000,27.0,30.3,7.595000000000001,12.333333333333334,16.619999999999997,66.33243243243243,0.6489560338676494,0.27469350312827523,3.5290865131097084,-0.6228833581139502,2.6237851115106823,0.11276382176897873,0.3760321915175734
12,7,Jeff Teague,20.5,MIN,PG,5800,32.5,36.65,6.3149999999999995,32.0,33.269999999999996,37.22265625,1.232209897735606,0.8571761121713648,1.1243228236821574,0.9861630274257844,1.532982483039674,-0.20512948940433615,0.862355014745578
13,0,Chris Paul,35.0,OKC,PG,7500,33.5,41.2,5.465,33.333333333333336,38.419999999999995,41.406,1.6501319576724889,0.9630820410882902,1.4699095807684177,1.4838560535837204,0.8086213625706462,0.819193402154123,1.2616114492354276
13,1,CJ McCollum,43.3,POR,PG/SG,6900,36.5,36.95,5.365,37.0,35.81,36.45067567567568,1.2597651983907854,1.2807998278390664,1.0605493737440954,1.2316271607153302,0.7234024072213491,1.4055299538737924,0.9658282738205962
13,2,Terrance Ferguson,7.8,OKC,SG/SF,3300,29.0,14.600000000000001,4.4350000000000005,28.333333333333332,12.48,14.943529411764708,-0.7931047004200547,0.486505360962126,-0.716159731627625,-1.0229705674913976,-0.06913387752711689,-1.1022950564934693,-0.6418795298112736
13,3,Davis Bertans,43.3,WAS,SF/PF,6500,36.5,35.8,5.51,30.333333333333332,30.979999999999997,43.07802197802198,1.1541365458792652,1.2807998278390664,1.608035608102789,0.7648587497749741,0.8469698924778299,1.4055299538737924,0.8783015256281134
13,4,Jaylen Brown,40.8,BOS,SG/SF,6700,37.0,34.55,5.145,35.666666666666664,34.81,35.841588785046724,1.0393227931493525,1.3337527922975292,1.0102325994373662,1.1349877381603912,0.5359207054528942,1.2289225587775063,0.8208114011505557
13,5,Andrew Wiggins,38.8,MIN,SG/SF,7600,36.0,42.6,5.595,36.0,40.14,42.6,1.778723360729991,1.2278468633806037,1.568546129094382,1.650075860378216,0.9194060045247328,1.0876366427004776,1.3614282623157823
13,6,Gorgui Dieng,25.0,MIN,C,4000,27.0,30.3,7.595000000000001,12.333333333333334,16.619999999999997,66.33243243243243,0.6489560338676494,0.27469350312827523,3.5290865131097084,-0.6228833581139502,2.6237851115106823,0.11276382176897873,0.3760321915175734
13,7,Kemba Walker,45.3,BOS,PG,7400,35.5,42.15,5.705,33.666666666666664,42.769999999999996,44.44529702970297,1.7373904097472221,1.174893898922141,1.7209864386806928,1.9042375416977053,1.0131468554089602,1.5468158699508212,1.3508596860948119
14,0,Kemba Walker,45.3,BOS,PG,7400,35.5,42.15,5.705,33.666666666666664,42.769999999999996,44.44529702970297,1.7373904097472221,1.174893898922141,1.7209864386806928,1.9042375416977053,1.0131468554089602,1.5468158699508212,1.3508596860948119
14,1,Andrew Wiggins,38.8,MIN,SG/SF,7600,36.0,42.6,5.595,36.0,40.14,42.6,1.778723360729991,1.2278468633806037,1.568546129094382,1.650075860378216,0.9194060045247328,1.0876366427004776,1.3614282623157823
14,2,Admiral Schofield,21.5,WAS,SF/PF,3700,21.5,16.45,4.445,14.0,8.65,25.2625,-0.623180346379784,-0.3077891059148144,0.13629222909320662,-1.393099555876814,-0.06061198199218733,-0.13448653136582173,-0.5191950725978667
14,3,Wendell Carter Jr.,30.3,CHI,PF/C,6000,33.5,34.05,5.665,32.333333333333336,30.610000000000003,35.278608247422675,0.9933972920573874,0.9630820410882902,0.9637246789968873,0.7291021634296473,0.9790592732692412,0.4871714993731052,0.7175999571343864
14,4,CJ McCollum,43.3,POR,PG/SG,6900,36.5,36.95,5.365,37.0,35.81,36.45067567567568,1.2597651983907854,1.2807998278390664,1.0605493737440954,1.2316271607153302,0.7234024072213491,1.4055299538737924,0.9658282738205962
14,5,Draymond Green,22.8,GS,PG/SF,5800,31.0,31.85,5.47,31.0,30.389999999999997,31.850000000000005,0.7913250872527413,0.6983172187959767,0.6804867534627957,0.7078414904675602,0.812882310338111,-0.04265068591575294,0.5726684173300003
14,6,Kristaps Porzingis,51.8,DAL,PF/C,8300,33.5,42.599999999999994,5.125,33.0,38.4,43.24545454545454,1.7787233607299904,0.9630820410882902,1.621867241711585,1.481923265132622,0.5188769143830351,2.005995097201165,1.380640934103969
14,7,Gorgui Dieng,25.0,MIN,C,4000,27.0,30.3,7.595000000000001,12.333333333333334,16.619999999999997,66.33243243243243,0.6489560338676494,0.27469350312827523,3.5290865131097084,-0.6228833581139502,2.6237851115106823,0.11276382176897873,0.3760321915175734
15,0,CJ McCollum,43.3,POR,PG/SG,6900,36.5,36.95,5.365,37.0,35.81,36.45067567567568,1.2597651983907854,1.2807998278390664,1.0605493737440954,1.2316271607153302,0.7234024072213491,1.4055299538737924,0.9658282738205962
15,1,Josh Okogie,8.3,MIN,SG/SF,3900,31.5,24.55,6.300000000000001,29.0,20.589999999999996,26.666379310344826,0.12081277131005079,0.7512701832544395,0.2522669438659443,-0.2392248505708424,1.5201996397372806,-1.066973577474212,-0.03271054811510703
15,2,Davis Bertans,43.3,WAS,SF/PF,6500,36.5,35.8,5.51,30.333333333333332,30.979999999999997,43.07802197802198,1.1541365458792652,1.2807998278390664,1.608035608102789,0.7648587497749741,0.8469698924778299,1.4055299538737924,0.8783015256281134
15,3,Wendell Carter Jr.,30.3,CHI,PF/C,6000,33.5,34.05,5.665,32.333333333333336,30.610000000000003,35.278608247422675,0.9933972920573874,0.9630820410882902,0.9637246789968873,0.7291021634296473,0.9790592732692412,0.4871714993731052,0.7175999571343864
15,4,Jeff Teague,20.5,MIN,PG,5800,32.5,36.65,6.3149999999999995,32.0,33.269999999999996,37.22265625,1.232209897735606,0.8571761121713648,1.1243228236821574,0.9861630274257844,1.532982483039674,-0.20512948940433615,0.862355014745578
15,5,Andrew Wiggins,38.8,MIN,SG/SF,7600,36.0,42.6,5.595,36.0,40.14,42.6,1.778723360729991,1.2278468633806037,1.568546129094382,1.650075860378216,0.9194060045247328,1.0876366427004776,1.3614282623157823
15,6,Kristaps Porzingis,51.8,DAL,PF/C,8300,33.5,42.599999999999994,5.125,33.0,38.4,43.24545454545454,1.7787233607299904,0.9630820410882902,1.621867241711585,1.481923265132622,0.5188769143830351,2.005995097201165,1.380640934103969
15,7,D.J. Augustin,33.8,ORL,PG,4400,25.0,20.450000000000003,4.665,25.666666666666668,21.630000000000003,19.918831168831172,-0.2557763376440628,0.06288164529442444,-0.30514918539886404,-0.1387198511137052,0.12686971977626682,0.7344218525079055,-0.21033699031607972
16,0,Kemba Walker,45.3,BOS,PG,7400,35.5,42.15,5.705,33.666666666666664,42.769999999999996,44.44529702970297,1.7373904097472221,1.174893898922141,1.7209864386806928,1.9042375416977053,1.0131468554089602,1.5468158699508212,1.3508596860948119
16,1,Andrew Wiggins,38.8,MIN,SG/SF,7600,36.0,42.6,5.595,36.0,40.14,42.6,1.778723360729991,1.2278468633806037,1.568546129094382,1.650075860378216,0.9194060045247328,1.0876366427004776,1.3614282623157823
16,2,Davis Bertans,43.3,WAS,SF/PF,6500,36.5,35.8,5.51,30.333333333333332,30.979999999999997,43.07802197802198,1.1541365458792652,1.2807998278390664,1.608035608102789,0.7648587497749741,0.8469698924778299,1.4055299538737924,0.8783015256281134
16,3,Jae Crowder,16.5,MEM,SF/PF,5200,31.5,24.5,4.73,32.666666666666664,26.2,23.625,0.1162202212008542,0.7512701832544395,0.0010180683865347524,0.30292230996236585,0.18226204075331048,-0.48770132155839385,0.09683832745351616
16,4,Jeff Teague,20.5,MIN,PG,5800,32.5,36.65,6.3149999999999995,32.0,33.269999999999996,37.22265625,1.232209897735606,0.8571761121713648,1.1243228236821574,0.9861630274257844,1.532982483039674,-0.20512948940433615,0.862355014745578
16,5,Evan Fournier,22.8,ORL,SG/SF,6000,31.5,25.25,4.220000000000001,30.666666666666668,29.95,25.936141304347824,0.18510847283880186,0.7512701832544395,0.19194185478053474,0.6653201445433872,-0.2523546315281063,-0.04265068591575294,0.21450306641978908
16,6,Meyers Leonard,17.8,MIA,PF/C,3100,15.0,11.8,3.805,16.333333333333332,12.66,10.836734693877553,-1.0502875065350592,-0.9961776438748294,-1.0554227598149706,-1.0055754714315086,-0.6060132962276911,-0.39586547610832507,-0.8113223409552462
16,7,Kristaps Porzingis,51.8,DAL,PF/C,8300,33.5,42.599999999999994,5.125,33.0,38.4,43.24545454545454,1.7787233607299904,0.9630820410882902,1.621867241711585,1.481923265132622,0.5188769143830351,2.005995097201165,1.380640934103969
17,0,Kemba Walker,45.3,BOS,PG,7400,35.5,42.15,5.705,33.666666666666664,42.769999999999996,44.44529702970297,1.7373904097472221,1.174893898922141,1.7209864386806928,1.9042375416977053,1.0131468554089602,1.5468158699508212,1.3508596860948119
17,1,Josh Okogie,8.3,MIN,SG/SF,3900,31.5,24.55,6.300000000000001,29.0,20.589999999999996,26.666379310344826,0.12081277131005079,0.7512701832544395,0.2522669438659443,-0.2392248505708424,1.5201996397372806,-1.066973577474212,-0.03271054811510703
17,2,Davis Bertans,43.3,WAS,SF/PF,6500,36.5,35.8,5.51,30.333333333333332,30.979999999999997,43.07802197802198,1.1541365458792652,1.2807998278390664,1.608035608102789,0.7648587497749741,0.8469698924778299,1.4055299538737924,0.8783015256281134
17,3,Chris Boucher,3.3,TOR,PF/C,3000,11.0,11.55,3.835,10.0,11.930000000000001,12.705,-1.0732502570810418,-1.419801359542531,-0.9010850369062027,-1.0761222498966139,-0.580447609622902,-1.4201883676667841,-0.8318610285125972
17,4,Jrue Holiday,30.8,NO,PG/SG,7800,36.0,41.45,5.29,37.666666666666664,41.43000000000001,39.61592920353983,1.6730947082184713,1.2278468633806037,1.3220315199460217,1.774740715474088,0.6594881907093758,0.5224929783923624,1.3059725743837776
17,5,Andrew Wiggins,38.8,MIN,SG/SF,7600,36.0,42.6,5.595,36.0,40.14,42.6,1.778723360729991,1.2278468633806037,1.568546129094382,1.650075860378216,0.9194060045247328,1.0876366427004776,1.3614282623157823
17,6,Wendell Carter Jr.,30.3,CHI,PF/C,6000,33.5,34.05,5.665,32.333333333333336,30.610000000000003,35.278608247422675,0.9933972920573874,0.9630820410882902,0.9637246789968873,0.7291021634296473,0.9790592732692412,0.4871714993731052,0.7175999571343864
17,7,Jae Crowder,16.5,MEM,SF/PF,5200,31.5,24.5,4.73,32.666666666666664,26.2,23.625,0.1162202212008542,0.7512701832544395,0.0010180683865347524,0.30292230996236585,0.18226204075331048,-0.48770132155839385,0.09683832745351616
18,0,Kemba Walker,45.3,BOS,PG,7400,35.5,42.15,5.705,33.666666666666664,42.769999999999996,44.44529702970297,1.7373904097472221,1.174893898922141,1.7209864386806928,1.9042375416977053,1.0131468554089602,1.5468158699508212,1.3508596860948119
18,1,Josh Okogie,8.3,MIN,SG/SF,3900,31.5,24.55,6.300000000000001,29.0,20.589999999999996,26.666379310344826,0.12081277131005079,0.7512701832544395,0.2522669438659443,-0.2392248505708424,1.5201996397372806,-1.066973577474212,-0.03271054811510703
18,2,Andrew Wiggins,38.8,MIN,SG/SF,7600,36.0,42.6,5.595,36.0,40.14,42.6,1.778723360729991,1.2278468633806037,1.568546129094382,1.650075860378216,0.9194060045247328,1.0876366427004776,1.3614282623157823
18,3,Meyers Leonard,17.8,MIA,PF/C,3100,15.0,11.8,3.805,16.333333333333332,12.66,10.836734693877553,-1.0502875065350592,-0.9961776438748294,-1.0554227598149706,-1.0055754714315086,-0.6060132962276911,-0.39586547610832507,-0.8113223409552462
18,4,Michael Carter-Williams,22.0,ORL,PG/SG,3200,17.5,17.15,5.375,18.0,16.19,16.67361111111111,-0.558884644851033,-0.731412821582516,-0.5732373805845365,-0.6644383098125737,0.7319243027562786,-0.09916505234656453,-0.5284823009259133
18,5,Kristaps Porzingis,51.8,DAL,PF/C,8300,33.5,42.599999999999994,5.125,33.0,38.4,43.24545454545454,1.7787233607299904,0.9630820410882902,1.621867241711585,1.481923265132622,0.5188769143830351,2.005995097201165,1.380640934103969
18,6,Gorgui Dieng,25.0,MIN,C,4000,27.0,30.3,7.595000000000001,12.333333333333334,16.619999999999997,66.33243243243243,0.6489560338676494,0.27469350312827523,3.5290865131097084,-0.6228833581139502,2.6237851115106823,0.11276382176897873,0.3760321915175734
18,7,CJ McCollum,43.3,POR,PG/SG,6900,36.5,36.95,5.365,37.0,35.81,36.45067567567568,1.2597651983907854,1.2807998278390664,1.0605493737440954,1.2316271607153302,0.7234024072213491,1.4055299538737924,0.9658282738205962
19,0,Jrue Holiday,30.8,NO,PG/SG,7800,36.0,41.45,5.29,37.666666666666664,41.43000000000001,39.61592920353983,1.6730947082184713,1.2278468633806037,1.3220315199460217,1.774740715474088,0.6594881907093758,0.5224929783923624,1.3059725743837776
19,1,Josh Okogie,8.3,MIN,SG/SF,3900,31.5,24.55,6.300000000000001,29.0,20.589999999999996,26.666379310344826,0.12081277131005079,0.7512701832544395,0.2522669438659443,-0.2392248505708424,1.5201996397372806,-1.066973577474212,-0.03271054811510703
19,2,Andrew Wiggins,38.8,MIN,SG/SF,7600,36.0,42.6,5.595,36.0,40.14,42.6,1.778723360729991,1.2278468633806037,1.568546129094382,1.650075860378216,0.9194060045247328,1.0876366427004776,1.3614282623157823
19,3,Admiral Schofield,21.5,WAS,SF/PF,3700,21.5,16.45,4.445,14.0,8.65,25.2625,-0.623180346379784,-0.3077891059148144,0.13629222909320662,-1.393099555876814,-0.06061198199218733,-0.13448653136582173,-0.5191950725978667
19,4,Langston Galloway,19.0,DET,PG/SG,3300,20.5,14.05,4.275,25.333333333333332,16.77,11.369407894736844,-0.8436227516212164,-0.4136950348317398,-1.0114185337525725,-0.6083874447307092,-0.2054842060859929,-0.31109392646210776,-0.6631886704413058
19,5,Wendell Carter Jr.,30.3,CHI,PF/C,6000,33.5,34.05,5.665,32.333333333333336,30.610000000000003,35.278608247422675,0.9933972920573874,0.9630820410882902,0.9637246789968873,0.7291021634296473,0.9790592732692412,0.4871714993731052,0.7175999571343864
19,6,Gorgui Dieng,25.0,MIN,C,4000,27.0,30.3,7.595000000000001,12.333333333333334,16.619999999999997,66.33243243243243,0.6489560338676494,0.27469350312827523,3.5290865131097084,-0.6228833581139502,2.6237851115106823,0.11276382176897873,0.3760321915175734
19,7,Kristaps Porzingis,51.8,DAL,PF/C,8300,33.5,42.599999999999994,5.125,33.0,38.4,43.24545454545454,1.7787233607299904,0.9630820410882902,1.621867241711585,1.481923265132622,0.5188769143830351,2.005995097201165,1.380640934103969
20,0,Kemba Walker,45.3,BOS,PG,7400,35.5,42.15,5.705,33.666666666666664,42.769999999999996,44.44529702970297,1.7373904097472221,1.174893898922141,1.7209864386806928,1.9042375416977053,1.0131468554089602,1.5468158699508212,1.3508596860948119
20,1,Andrew Wiggins,38.8,MIN,SG/SF,7600,36.0,42.6,5.595,36.0,40.14,42.6,1.778723360729991,1.2278468633806037,1.568546129094382,1.650075860378216,0.9194060045247328,1.0876366427004776,1.3614282623157823
20,2,Tim Hardaway Jr.,23.3,DAL,SG/SF,5100,31.5,25.9,5.1,29.333333333333332,22.559999999999995,27.81306818181818,0.24481162425835637,0.7512701832544395,0.3469951116096016,-0.04884518813761261,0.49757217554571037,-0.0073292068964957305,0.1525157286139766
20,3,Jae Crowder,16.5,MEM,SF/PF,5200,31.5,24.5,4.73,32.666666666666664,26.2,23.625,0.1162202212008542,0.7512701832544395,0.0010180683865347524,0.30292230996236585,0.18226204075331048,-0.48770132155839385,0.09683832745351616
20,4,Jordan Poole,2.0,GS,SG/SF,3300,0.0,7.0,2.12,17.333333333333332,12.18,0.0,-1.4911723170179243,-2.5847665776287103,-1.9506473036410221,-1.0519623942578793,-2.0419526938633528,-1.5120242131168529,-1.0694729300453418
20,5,Davis Bertans,43.3,WAS,SF/PF,6500,36.5,35.8,5.51,30.333333333333332,30.979999999999997,43.07802197802198,1.1541365458792652,1.2807998278390664,1.608035608102789,0.7648587497749741,0.8469698924778299,1.4055299538737924,0.8783015256281134
20,6,Gorgui Dieng,25.0,MIN,C,4000,27.0,30.3,7.595000000000001,12.333333333333334,16.619999999999997,66.33243243243243,0.6489560338676494,0.27469350312827523,3.5290865131097084,-0.6228833581139502,2.6237851115106823,0.11276382176897873,0.3760321915175734
20,7,Wendell Carter Jr.,30.3,CHI,PF/C,6000,33.5,34.05,5.665,32.333333333333336,30.610000000000003,35.278608247422675,0.9933972920573874,0.9630820410882902,0.9637246789968873,0.7291021634296473,0.9790592732692412,0.4871714993731052,0.7175999571343864
21,0,Shabazz Napier,23.5,MIN,PG/SG,3200,18.0,16.05,5.04,15.333333333333334,15.190000000000001,18.84130434782609,-0.6599207472533559,-0.6784598571240532,-0.3941638640861257,-0.7610777323675126,0.4464408023361322,0.006799384711207103,-0.5719739801014765
21,1,Anfernee Simons,4.0,POR,PG/SG,3500,22.5,17.950000000000003,5.105,21.333333333333332,16.59,18.931640625000004,-0.48540384310388834,-0.20188317699788902,-0.3867011684671537,-0.6257825407905981,0.5018331233131759,-1.370738297039824,-0.4403017863102718
21,2,Jaylen Brown,40.8,BOS,SG/SF,6700,37.0,34.55,5.145,35.666666666666664,34.81,35.841588785046724,1.0393227931493525,1.3337527922975292,1.0102325994373662,1.1349877381603912,0.5359207054528942,1.2289225587775063,0.8208114011505557
21,3,Carmelo Anthony,35.0,POR,SF/PF,6300,34.5,30.9,4.890000000000001,33.666666666666664,30.78,31.664851485148517,0.7040666351780074,1.0689879700052156,0.6651916023466908,0.7455308652639868,0.3186123693121865,0.819193402154123,0.5591417200614581
21,4,Delon Wright,19.8,DAL,PG/SG,4400,19.5,20.15,4.58,18.0,21.03,21.829166666666666,-0.2833316382992423,-0.5196009637486652,-0.14733603661238542,-0.19670350464666875,0.054433607729364036,-0.2545795600312962,-0.22723419907141273
21,5,Skal Labissiere,18.8,POR,PF/C,3200,16.5,15.0,4.7,17.333333333333332,14.5,14.278846153846155,-0.7563642995464827,-0.8373187504994414,-0.7710693315364546,-0.8277589339304208,0.15669635414852107,-0.3252225180698106,-0.6412210607181127
21,6,Joel Embiid,57.8,PHI,C,9800,31.5,48.05,4.9,32.666666666666664,48.629999999999995,46.33392857142857,2.27931132263241,0.7512701832544395,1.8770066198660844,2.4705445578696477,0.3271342648471161,2.429852845432251,1.8202232810362788
21,7,Kent Bazemore,10.3,POR,SG/SF,4800,30.5,23.3,4.87,28.0,19.199999999999996,25.380357142857143,0.005999018580138032,0.6453642543375141,0.14602842822803805,-0.3735536479222077,0.30156857824232663,-0.9256876613971832,-0.03055963836776693
22,0,De'Anthony Melton,14.8,MEM,PG/SG,4200,23.5,20.8,4.970000000000001,20.333333333333332,19.54,24.039344262295085,-0.22362848687968748,-0.09597724808096363,0.03524712018842346,-0.3406962442535281,0.38678753359162454,-0.6077943502238683,-0.20809687193694545
22,1,Kent Bazemore,10.3,POR,SG/SF,4800,30.5,23.3,4.87,28.0,19.199999999999996,25.380357142857143,0.005999018580138032,0.6453642543375141,0.14602842822803805,-0.3735536479222077,0.30156857824232663,-0.9256876613971832,-0.03055963836776693
22,2,Michael Porter Jr.,11.8,DEN,SF/PF,3400,10.5,9.85,2.875,8.666666666666666,9.81,11.933653846153845,-1.2293969607937232,-1.4727543240009937,-0.9648060772578717,-1.2809978257130847,-1.3985495809761574,-0.8197232243394116,-0.8922128317347312
22,3,Brandon Ingram,56.0,NO,SF/PF,8000,34.5,40.3,5.02,34.333333333333336,42.36,40.49563106796116,1.567466055706951,1.0689879700052156,1.3947038444539246,1.8646153784501807,0.42939701126627233,2.3026955209629256,1.2599357549096315
22,4,Damion Lee,20.0,GS,SG/SF,3900,23.0,18.25,4.6899999999999995,26.0,19.45,16.144230769230766,-0.45784854244870954,-0.14893021253942632,-0.6169695829921547,-0.3493937922834726,0.14817445861359074,-0.24045096842359337,-0.38453576596093325
22,5,Kevin Love,50.0,CLE,PF/C,6800,29.0,34.8,5.12,28.666666666666668,35.120000000000005,35.20465116279069,1.0622855436953351,0.486505360962126,0.9576150713316024,1.1649459591524225,0.5146159666155702,1.8788377727318393,0.8264259643341084
22,6,Daniel Gafford,6.8,CHI,C,3000,0.0,3.9,1.29,11.0,8.3,0.0,-1.775910423788108,-2.5847665776287103,-1.9506473036410221,-1.4269233537710426,-2.749270023262522,-1.1729380145319837,-1.2350507627399872
22,7,Marc Gasol,5.3,TOR,C,5400,29.0,26.200000000000003,4.825,30.333333333333332,26.6,25.04835164835165,0.2723669249135358,0.486505360962126,0.11860139639949825,0.34157807898434167,0.26322004833514284,-1.2789024515897554,0.2027592815378121
23,0,D.J. Augustin,33.8,ORL,PG,4400,25.0,20.450000000000003,4.665,25.666666666666668,21.630000000000003,19.918831168831172,-0.2557763376440628,0.06288164529442444,-0.30514918539886404,-0.1387198511137052,0.12686971977626682,0.7344218525079055,-0.21033699031607972
23,1,Tony Snell,17.0,DET,SG/SF,3500,27.0,15.65,4.455,27.666666666666668,15.370000000000001,15.27289156626506,-0.696661148126928,0.27469350312827523,-0.6889510665781128,-0.7436826363076237,-0.05209008645725776,-0.45237984253913666,-0.5585644990144416
23,2,Jordan Poole,2.0,GS,SG/SF,3300,0.0,7.0,2.12,17.333333333333332,12.18,0.0,-1.4911723170179243,-2.5847665776287103,-1.9506473036410221,-1.0519623942578793,-2.0419526938633528,-1.5120242131168529,-1.0694729300453418
23,3,Dorian Finney-Smith,23.3,DAL,SF/PF,4500,32.0,23.450000000000003,5.1899999999999995,32.0,20.67,23.450000000000003,0.019776668907727758,0.8042231477129022,-0.013438712147002471,-0.23149369676644674,0.5742692353600779,-0.0073292068964957305,-0.0388340040374307
23,4,Norman Powell,16.8,TOR,SG/SF,6400,34.0,29.35,4.59,31.333333333333332,27.610000000000003,31.847872340425532,0.5616975817929158,1.0160350055467529,0.6803109871341201,0.43918389576483025,0.0629555032642936,-0.46650843414683946,0.46010790274697533
23,5,Darius Bazley,14.5,OKC,SF/PF,3000,16.0,10.7,3.54,14.666666666666666,9.7,11.672727272727272,-1.1513236089373826,-0.890271714957904,-0.9863612670144197,-1.2916281621941281,-0.8318435279033294,-0.6289872376354226,-0.8780517157472764
23,6,Marquese Chriss,27.0,GS,PF/C,4400,13.5,13.4,3.04,17.333333333333332,19.000000000000004,10.436538461538461,-0.903325903040771,-1.1550365372502176,-1.0884830403936838,-0.39288153243319474,-1.2579383046498165,0.2540497378460076,-0.6184909612324084
23,7,Enes Kanter,24.8,BOS,C,4200,20.5,22.4,5.35,17.0,19.579999999999995,27.011764705882353,-0.07666688338539934,-0.4136950348317398,0.28079929165323025,-0.33683066735133094,0.710619563918954,0.0986352301612759,-0.1244956119758893
