Lineup Num,,Player Name,Actual FP,team,Pos,Salary,DFN_MinProj,Avg Proj,Avg Value Proj,Avg Skewed Min,Avg Skewed FP,Proj Min Enhanced,Avg Proj Stan,DFN_MinProj Stan,Proj Min Enhanced Stan,Avg Skewed FP Stan,Avg Value Proj Stan,Actual FP Stan,predictions
0,0,Donte DiVincenzo,29.3,MIL,PG/SG,4300,25.5,26.5,6.165,23.333333333333332,23.82,28.960714285714285,0.32714330089228477,0.21635894857159063,0.4594863859663729,0.1165798389259416,1.2902056234214554,0.4527817185033277,0.16178799334778116
0,1,Dante Exum,4.8,CLE,PG/SG,3100,27.5,21.6,6.949999999999999,17.0,11.959999999999999,34.94117647058824,-0.09310359623353012,0.4108535690069873,0.9244563916798852,-0.9747635766569807,1.8747386859131872,-1.215277281795792,-0.22671127906070945
0,2,Bradley Beal,60.5,WAS,SG/SF,8300,35.0,43.6,5.25,34.333333333333336,46.34,44.44660194174757,1.7937192071884964,1.1402083956397249,1.6634858511107826,2.1888440648051497,0.6088709072686718,2.577003792353635,1.457780161098902
0,3,Ersan Ilyasova,22.3,MIL,PF,3300,26.0,28.6,8.655000000000001,16.333333333333332,19.560000000000002,45.5265306122449,0.5072491139462056,0.2649826036804398,1.7474483316965386,-0.2754204098416171,3.1443296050831293,-0.023806567296420743,0.19827211036460163
0,4,Kyle Lowry,40.5,TOR,PG,7200,34.0,39.8,5.529999999999999,35.666666666666664,39.67999999999999,37.94018691588785,1.4678134502337825,1.0429610854220266,1.1576239731776408,1.5759986054643174,0.8173667766924739,1.2153229757829254,1.1305239809477756
0,5,Khris Middleton,76.5,MIL,SF,7000,31.5,45.15,6.43,30.333333333333332,37.25000000000001,46.886538461538464,1.9266544501568663,0.7998428098777807,1.853186456595288,1.3523928297588803,1.4875320712689826,3.666348445610203,1.3956224033300237
0,6,Nikola Jokic,50.3,DEN,C,10200,34.5,52.3,5.140000000000001,34.666666666666664,49.46,52.04855769230769,2.5398718612690248,1.0915847405308756,2.25452401831329,2.475942838550404,0.5269618157093212,1.882546575902573,2.0062655749106866
0,7,Eric Bledsoe,60.0,MIL,PG,6600,29.0,40.8,6.18,27.666666666666668,31.419999999999998,42.766265060240954,1.553578123116602,0.5567245343335349,1.532842729351586,0.8159230057413047,1.3013750449977302,2.542961771939367,1.089496147936643
1,0,Dante Exum,4.8,CLE,PG/SG,3100,27.5,21.6,6.949999999999999,17.0,11.959999999999999,34.94117647058824,-0.09310359623353012,0.4108535690069873,0.9244563916798852,-0.9747635766569807,1.8747386859131872,-1.215277281795792,-0.22671127906070945
1,1,Terry Rozier,46.5,CHA,PG/SG,6800,36.5,38.4,5.625,34.333333333333336,32.9,40.82330097087378,1.3477429081978354,1.2860793609662724,1.3817808221265604,0.9521108855948228,0.8881064466755503,1.6238272207541382,0.9997114494729081
1,2,Khris Middleton,76.5,MIL,SF,7000,31.5,45.15,6.43,30.333333333333332,37.25000000000001,46.886538461538464,1.9266544501568663,0.7998428098777807,1.853186456595288,1.3523928297588803,1.4875320712689826,3.666348445610203,1.3956224033300237
1,3,Ersan Ilyasova,22.3,MIL,PF,3300,26.0,28.6,8.655000000000001,16.333333333333332,19.560000000000002,45.5265306122449,0.5072491139462056,0.2649826036804398,1.7474483316965386,-0.2754204098416171,3.1443296050831293,-0.023806567296420743,0.19827211036460163
1,4,Eric Bledsoe,60.0,MIL,PG,6600,29.0,40.8,6.18,27.666666666666668,31.419999999999998,42.766265060240954,1.553578123116602,0.5567245343335349,1.532842729351586,0.8159230057413047,1.3013750449977302,2.542961771939367,1.089496147936643
1,5,Deandre Ayton,49.3,PHO,PF/C,8200,36.0,41.5,5.055,35.666666666666664,40.98,41.887850467289724,1.6136133941345756,1.2374557058574231,1.4645476000325843,1.6956230945248405,0.46366842677709474,1.8144625350740375,1.2855594872634168
1,6,Brook Lopez,22.3,MIL,C,4800,27.0,29.8,6.225,26.333333333333332,26.500000000000007,30.554430379746837,0.6101667214055888,0.36222991389813813,0.5833948997970059,0.36319032406609664,1.3348833097265556,-0.023806567296420743,0.3732127237993945
1,7,Nikola Jokic,50.3,DEN,C,10200,34.5,52.3,5.140000000000001,34.666666666666664,49.46,52.04855769230769,2.5398718612690248,1.0915847405308756,2.25452401831329,2.475942838550404,0.5269618157093212,1.882546575902573,2.0062655749106866
2,0,Eric Bledsoe,60.0,MIL,PG,6600,29.0,40.8,6.18,27.666666666666668,31.419999999999998,42.766265060240954,1.553578123116602,0.5567245343335349,1.532842729351586,0.8159230057413047,1.3013750449977302,2.542961771939367,1.089496147936643
2,1,Bradley Beal,60.5,WAS,SG/SF,8300,35.0,43.6,5.25,34.333333333333336,46.34,44.44660194174757,1.7937192071884964,1.1402083956397249,1.6634858511107826,2.1888440648051497,0.6088709072686718,2.577003792353635,1.457780161098902
2,2,Khris Middleton,76.5,MIL,SF,7000,31.5,45.15,6.43,30.333333333333332,37.25000000000001,46.886538461538464,1.9266544501568663,0.7998428098777807,1.853186456595288,1.3523928297588803,1.4875320712689826,3.666348445610203,1.3956224033300237
2,3,Ersan Ilyasova,22.3,MIL,PF,3300,26.0,28.6,8.655000000000001,16.333333333333332,19.560000000000002,45.5265306122449,0.5072491139462056,0.2649826036804398,1.7474483316965386,-0.2754204098416171,3.1443296050831293,-0.023806567296420743,0.19827211036460163
2,4,Dante Exum,4.8,CLE,PG/SG,3100,27.5,21.6,6.949999999999999,17.0,11.959999999999999,34.94117647058824,-0.09310359623353012,0.4108535690069873,0.9244563916798852,-0.9747635766569807,1.8747386859131872,-1.215277281795792,-0.22671127906070945
2,5,Jaylen Brown,37.8,BOS,SG/SF,6400,35.5,35.75,5.585,33.666666666666664,34.790000000000006,37.69678217821782,1.120466525058364,1.188832050748574,1.1386996996404921,1.1260264889212757,0.8583213224721499,1.0314960655458791,0.8603122946739632
2,6,Nikola Jokic,50.3,DEN,C,10200,34.5,52.3,5.140000000000001,34.666666666666664,49.46,52.04855769230769,2.5398718612690248,1.0915847405308756,2.25452401831329,2.475942838550404,0.5269618157093212,1.882546575902573,2.0062655749106866
2,7,Brook Lopez,22.3,MIL,C,4800,27.0,29.8,6.225,26.333333333333332,26.500000000000007,30.554430379746837,0.6101667214055888,0.36222991389813813,0.5833948997970059,0.36319032406609664,1.3348833097265556,-0.023806567296420743,0.3732127237993945
3,0,Donte DiVincenzo,29.3,MIL,PG/SG,4300,25.5,26.5,6.165,23.333333333333332,23.82,28.960714285714285,0.32714330089228477,0.21635894857159063,0.4594863859663729,0.1165798389259416,1.2902056234214554,0.4527817185033277,0.16178799334778116
3,1,Terry Rozier,46.5,CHA,PG/SG,6800,36.5,38.4,5.625,34.333333333333336,32.9,40.82330097087378,1.3477429081978354,1.2860793609662724,1.3817808221265604,0.9521108855948228,0.8881064466755503,1.6238272207541382,0.9997114494729081
3,2,Khris Middleton,76.5,MIL,SF,7000,31.5,45.15,6.43,30.333333333333332,37.25000000000001,46.886538461538464,1.9266544501568663,0.7998428098777807,1.853186456595288,1.3523928297588803,1.4875320712689826,3.666348445610203,1.3956224033300237
3,3,Troy Brown Jr.,32.8,WAS,SF/PF,4500,29.5,25.9,5.755000000000001,27.0,24.28,28.298148148148147,0.275684497162593,0.605348189442384,0.40797307959535367,0.15890850428581893,0.984908100336602,0.6910758614032018,0.15512699724858725
3,4,Kyle Lowry,40.5,TOR,PG,7200,34.0,39.8,5.529999999999999,35.666666666666664,39.67999999999999,37.94018691588785,1.4678134502337825,1.0429610854220266,1.1576239731776408,1.5759986054643174,0.8173667766924739,1.2153229757829254,1.1305239809477756
3,5,Ersan Ilyasova,22.3,MIL,PF,3300,26.0,28.6,8.655000000000001,16.333333333333332,19.560000000000002,45.5265306122449,0.5072491139462056,0.2649826036804398,1.7474483316965386,-0.2754204098416171,3.1443296050831293,-0.023806567296420743,0.19827211036460163
3,6,Nikola Jokic,50.3,DEN,C,10200,34.5,52.3,5.140000000000001,34.666666666666664,49.46,52.04855769230769,2.5398718612690248,1.0915847405308756,2.25452401831329,2.475942838550404,0.5269618157093212,1.882546575902573,2.0062655749106866
3,7,Eric Bledsoe,60.0,MIL,PG,6600,29.0,40.8,6.18,27.666666666666668,31.419999999999998,42.766265060240954,1.553578123116602,0.5567245343335349,1.532842729351586,0.8159230057413047,1.3013750449977302,2.542961771939367,1.089496147936643
4,0,Eric Bledsoe,60.0,MIL,PG,6600,29.0,40.8,6.18,27.666666666666668,31.419999999999998,42.766265060240954,1.553578123116602,0.5567245343335349,1.532842729351586,0.8159230057413047,1.3013750449977302,2.542961771939367,1.089496147936643
4,1,Donte DiVincenzo,29.3,MIL,PG/SG,4300,25.5,26.5,6.165,23.333333333333332,23.82,28.960714285714285,0.32714330089228477,0.21635894857159063,0.4594863859663729,0.1165798389259416,1.2902056234214554,0.4527817185033277,0.16178799334778116
4,2,Khris Middleton,76.5,MIL,SF,7000,31.5,45.15,6.43,30.333333333333332,37.25000000000001,46.886538461538464,1.9266544501568663,0.7998428098777807,1.853186456595288,1.3523928297588803,1.4875320712689826,3.666348445610203,1.3956224033300237
4,3,Ersan Ilyasova,22.3,MIL,PF,3300,26.0,28.6,8.655000000000001,16.333333333333332,19.560000000000002,45.5265306122449,0.5072491139462056,0.2649826036804398,1.7474483316965386,-0.2754204098416171,3.1443296050831293,-0.023806567296420743,0.19827211036460163
4,4,Kyle Lowry,40.5,TOR,PG,7200,34.0,39.8,5.529999999999999,35.666666666666664,39.67999999999999,37.94018691588785,1.4678134502337825,1.0429610854220266,1.1576239731776408,1.5759986054643174,0.8173667766924739,1.2153229757829254,1.1305239809477756
4,5,Pascal Siakam,41.3,TOR,PF/C,8000,34.0,42.2,5.295,34.666666666666664,42.7,41.38846153846154,1.6736486651525495,1.0429610854220266,1.425721023438254,1.8538954954356863,0.6423791719974972,1.2697902084457535,1.3235272387502213
4,6,Nikola Jokic,50.3,DEN,C,10200,34.5,52.3,5.140000000000001,34.666666666666664,49.46,52.04855769230769,2.5398718612690248,1.0915847405308756,2.25452401831329,2.475942838550404,0.5269618157093212,1.882546575902573,2.0062655749106866
4,7,Dante Exum,4.8,CLE,PG/SG,3100,27.5,21.6,6.949999999999999,17.0,11.959999999999999,34.94117647058824,-0.09310359623353012,0.4108535690069873,0.9244563916798852,-0.9747635766569807,1.8747386859131872,-1.215277281795792,-0.22671127906070945
5,0,Eric Bledsoe,60.0,MIL,PG,6600,29.0,40.8,6.18,27.666666666666668,31.419999999999998,42.766265060240954,1.553578123116602,0.5567245343335349,1.532842729351586,0.8159230057413047,1.3013750449977302,2.542961771939367,1.089496147936643
5,1,Terry Rozier,46.5,CHA,PG/SG,6800,36.5,38.4,5.625,34.333333333333336,32.9,40.82330097087378,1.3477429081978354,1.2860793609662724,1.3817808221265604,0.9521108855948228,0.8881064466755503,1.6238272207541382,0.9997114494729081
5,2,Khris Middleton,76.5,MIL,SF,7000,31.5,45.15,6.43,30.333333333333332,37.25000000000001,46.886538461538464,1.9266544501568663,0.7998428098777807,1.853186456595288,1.3523928297588803,1.4875320712689826,3.666348445610203,1.3956224033300237
5,3,Miles Bridges,23.0,CHA,SF/PF,4400,27.5,24.200000000000003,5.515000000000001,26.333333333333332,22.58,25.27215189873418,0.12988455326180043,0.4108535690069873,0.17270740114365826,0.0024764801297505724,0.8061973551161997,0.023852261283554055,0.03973876297720659
5,4,Kyle Lowry,40.5,TOR,PG,7200,34.0,39.8,5.529999999999999,35.666666666666664,39.67999999999999,37.94018691588785,1.4678134502337825,1.0429610854220266,1.1576239731776408,1.5759986054643174,0.8173667766924739,1.2153229757829254,1.1305239809477756
5,5,Ersan Ilyasova,22.3,MIL,PF,3300,26.0,28.6,8.655000000000001,16.333333333333332,19.560000000000002,45.5265306122449,0.5072491139462056,0.2649826036804398,1.7474483316965386,-0.2754204098416171,3.1443296050831293,-0.023806567296420743,0.19827211036460163
5,6,Nikola Jokic,50.3,DEN,C,10200,34.5,52.3,5.140000000000001,34.666666666666664,49.46,52.04855769230769,2.5398718612690248,1.0915847405308756,2.25452401831329,2.475942838550404,0.5269618157093212,1.882546575902573,2.0062655749106866
5,7,Donte DiVincenzo,29.3,MIL,PG/SG,4300,25.5,26.5,6.165,23.333333333333332,23.82,28.960714285714285,0.32714330089228477,0.21635894857159063,0.4594863859663729,0.1165798389259416,1.2902056234214554,0.4527817185033277,0.16178799334778116
6,0,Eric Bledsoe,60.0,MIL,PG,6600,29.0,40.8,6.18,27.666666666666668,31.419999999999998,42.766265060240954,1.553578123116602,0.5567245343335349,1.532842729351586,0.8159230057413047,1.3013750449977302,2.542961771939367,1.089496147936643
6,1,Dante Exum,4.8,CLE,PG/SG,3100,27.5,21.6,6.949999999999999,17.0,11.959999999999999,34.94117647058824,-0.09310359623353012,0.4108535690069873,0.9244563916798852,-0.9747635766569807,1.8747386859131872,-1.215277281795792,-0.22671127906070945
6,2,Will Barton,28.3,DEN,PG/SF,6600,34.5,33.85,5.115,32.333333333333336,31.99,36.118298969072164,0.9575136465810075,1.0915847405308756,1.0159755147720597,0.868373743252457,0.5083461130821957,0.38469767767479224,0.7446437736192318
6,3,Ersan Ilyasova,22.3,MIL,PF,3300,26.0,28.6,8.655000000000001,16.333333333333332,19.560000000000002,45.5265306122449,0.5072491139462056,0.2649826036804398,1.7474483316965386,-0.2754204098416171,3.1443296050831293,-0.023806567296420743,0.19827211036460163
6,4,Bradley Beal,60.5,WAS,SG/SF,8300,35.0,43.6,5.25,34.333333333333336,46.34,44.44660194174757,1.7937192071884964,1.1402083956397249,1.6634858511107826,2.1888440648051497,0.6088709072686718,2.577003792353635,1.457780161098902
6,5,Khris Middleton,76.5,MIL,SF,7000,31.5,45.15,6.43,30.333333333333332,37.25000000000001,46.886538461538464,1.9266544501568663,0.7998428098777807,1.853186456595288,1.3523928297588803,1.4875320712689826,3.666348445610203,1.3956224033300237
6,6,Nikola Jokic,50.3,DEN,C,10200,34.5,52.3,5.140000000000001,34.666666666666664,49.46,52.04855769230769,2.5398718612690248,1.0915847405308756,2.25452401831329,2.475942838550404,0.5269618157093212,1.882546575902573,2.0062655749106866
6,7,Brook Lopez,22.3,MIL,C,4800,27.0,29.8,6.225,26.333333333333332,26.500000000000007,30.554430379746837,0.6101667214055888,0.36222991389813813,0.5833948997970059,0.36319032406609664,1.3348833097265556,-0.023806567296420743,0.3732127237993945
7,0,Dante Exum,4.8,CLE,PG/SG,3100,27.5,21.6,6.949999999999999,17.0,11.959999999999999,34.94117647058824,-0.09310359623353012,0.4108535690069873,0.9244563916798852,-0.9747635766569807,1.8747386859131872,-1.215277281795792,-0.22671127906070945
7,1,Terry Rozier,46.5,CHA,PG/SG,6800,36.5,38.4,5.625,34.333333333333336,32.9,40.82330097087378,1.3477429081978354,1.2860793609662724,1.3817808221265604,0.9521108855948228,0.8881064466755503,1.6238272207541382,0.9997114494729081
7,2,Khris Middleton,76.5,MIL,SF,7000,31.5,45.15,6.43,30.333333333333332,37.25000000000001,46.886538461538464,1.9266544501568663,0.7998428098777807,1.853186456595288,1.3523928297588803,1.4875320712689826,3.666348445610203,1.3956224033300237
7,3,Ersan Ilyasova,22.3,MIL,PF,3300,26.0,28.6,8.655000000000001,16.333333333333332,19.560000000000002,45.5265306122449,0.5072491139462056,0.2649826036804398,1.7474483316965386,-0.2754204098416171,3.1443296050831293,-0.023806567296420743,0.19827211036460163
7,4,Eric Bledsoe,60.0,MIL,PG,6600,29.0,40.8,6.18,27.666666666666668,31.419999999999998,42.766265060240954,1.553578123116602,0.5567245343335349,1.532842729351586,0.8159230057413047,1.3013750449977302,2.542961771939367,1.089496147936643
7,5,Draymond Green,46.3,GS,PG/SF,5400,30.5,28.85,5.33,29.0,28.369999999999997,30.342241379310344,0.5286902821669105,0.7025954996600823,0.5668975927837053,0.5352655506377707,0.6684411556754726,1.610210412588431,0.39082076693717965
7,6,Nikola Jokic,50.3,DEN,C,10200,34.5,52.3,5.140000000000001,34.666666666666664,49.46,52.04855769230769,2.5398718612690248,1.0915847405308756,2.25452401831329,2.475942838550404,0.5269618157093212,1.882546575902573,2.0062655749106866
7,7,Kyle Lowry,40.5,TOR,PG,7200,34.0,39.8,5.529999999999999,35.666666666666664,39.67999999999999,37.94018691588785,1.4678134502337825,1.0429610854220266,1.1576239731776408,1.5759986054643174,0.8173667766924739,1.2153229757829254,1.1305239809477756
8,0,Dante Exum,4.8,CLE,PG/SG,3100,27.5,21.6,6.949999999999999,17.0,11.959999999999999,34.94117647058824,-0.09310359623353012,0.4108535690069873,0.9244563916798852,-0.9747635766569807,1.8747386859131872,-1.215277281795792,-0.22671127906070945
8,1,Terry Rozier,46.5,CHA,PG/SG,6800,36.5,38.4,5.625,34.333333333333336,32.9,40.82330097087378,1.3477429081978354,1.2860793609662724,1.3817808221265604,0.9521108855948228,0.8881064466755503,1.6238272207541382,0.9997114494729081
8,2,Bradley Beal,60.5,WAS,SG/SF,8300,35.0,43.6,5.25,34.333333333333336,46.34,44.44660194174757,1.7937192071884964,1.1402083956397249,1.6634858511107826,2.1888440648051497,0.6088709072686718,2.577003792353635,1.457780161098902
8,3,Ersan Ilyasova,22.3,MIL,PF,3300,26.0,28.6,8.655000000000001,16.333333333333332,19.560000000000002,45.5265306122449,0.5072491139462056,0.2649826036804398,1.7474483316965386,-0.2754204098416171,3.1443296050831293,-0.023806567296420743,0.19827211036460163
8,4,Eric Bledsoe,60.0,MIL,PG,6600,29.0,40.8,6.18,27.666666666666668,31.419999999999998,42.766265060240954,1.553578123116602,0.5567245343335349,1.532842729351586,0.8159230057413047,1.3013750449977302,2.542961771939367,1.089496147936643
8,5,Khris Middleton,76.5,MIL,SF,7000,31.5,45.15,6.43,30.333333333333332,37.25000000000001,46.886538461538464,1.9266544501568663,0.7998428098777807,1.853186456595288,1.3523928297588803,1.4875320712689826,3.666348445610203,1.3956224033300237
8,6,Nikola Jokic,50.3,DEN,C,10200,34.5,52.3,5.140000000000001,34.666666666666664,49.46,52.04855769230769,2.5398718612690248,1.0915847405308756,2.25452401831329,2.475942838550404,0.5269618157093212,1.882546575902573,2.0062655749106866
8,7,Delon Wright,5.0,DAL,PG/SG,4100,24.5,24.450000000000003,5.98,24.666666666666668,22.169999999999998,24.2847972972973,0.15132572148250525,0.11911163835389228,0.09594238525031808,-0.03525124334318351,1.1524494239807288,-1.2016604736300849,0.01591049655637952
9,0,Kyle Lowry,40.5,TOR,PG,7200,34.0,39.8,5.529999999999999,35.666666666666664,39.67999999999999,37.94018691588785,1.4678134502337825,1.0429610854220266,1.1576239731776408,1.5759986054643174,0.8173667766924739,1.2153229757829254,1.1305239809477756
9,1,Dante Exum,4.8,CLE,PG/SG,3100,27.5,21.6,6.949999999999999,17.0,11.959999999999999,34.94117647058824,-0.09310359623353012,0.4108535690069873,0.9244563916798852,-0.9747635766569807,1.8747386859131872,-1.215277281795792,-0.22671127906070945
9,2,Troy Brown Jr.,32.8,WAS,SF/PF,4500,29.5,25.9,5.755000000000001,27.0,24.28,28.298148148148147,0.275684497162593,0.605348189442384,0.40797307959535367,0.15890850428581893,0.984908100336602,0.6910758614032018,0.15512699724858725
9,3,Ersan Ilyasova,22.3,MIL,PF,3300,26.0,28.6,8.655000000000001,16.333333333333332,19.560000000000002,45.5265306122449,0.5072491139462056,0.2649826036804398,1.7474483316965386,-0.2754204098416171,3.1443296050831293,-0.023806567296420743,0.19827211036460163
9,4,Jimmy Butler,35.0,MIA,SG/SF,8100,34.0,40.75,5.005,32.333333333333336,42.25000000000001,42.850515463917525,1.5492898894724612,1.0429610854220266,1.5393930442717174,1.812487018453198,0.42643702152284446,0.84086075122598,1.2659235576299297
9,5,Khris Middleton,76.5,MIL,SF,7000,31.5,45.15,6.43,30.333333333333332,37.25000000000001,46.886538461538464,1.9266544501568663,0.7998428098777807,1.853186456595288,1.3523928297588803,1.4875320712689826,3.666348445610203,1.3956224033300237
9,6,Nikola Jokic,50.3,DEN,C,10200,34.5,52.3,5.140000000000001,34.666666666666664,49.46,52.04855769230769,2.5398718612690248,1.0915847405308756,2.25452401831329,2.475942838550404,0.5269618157093212,1.882546575902573,2.0062655749106866
9,7,Eric Bledsoe,60.0,MIL,PG,6600,29.0,40.8,6.18,27.666666666666668,31.419999999999998,42.766265060240954,1.553578123116602,0.5567245343335349,1.532842729351586,0.8159230057413047,1.3013750449977302,2.542961771939367,1.089496147936643
10,0,Eric Bledsoe,60.0,MIL,PG,6600,29.0,40.8,6.18,27.666666666666668,31.419999999999998,42.766265060240954,1.553578123116602,0.5567245343335349,1.532842729351586,0.8159230057413047,1.3013750449977302,2.542961771939367,1.089496147936643
10,1,Matisse Thybulle,12.5,PHI,SG/SF,4700,28.5,21.4,4.565,28.0,16.6,21.782142857142855,-0.11025653081009425,0.5081008792246856,-0.0986344239268617,-0.5477961695486534,0.09880065528544071,-0.6910301674160687,-0.1416509724676519
10,2,Jaylen Brown,37.8,BOS,SG/SF,6400,35.5,35.75,5.585,33.666666666666664,34.790000000000006,37.69678217821782,1.120466525058364,1.188832050748574,1.1386996996404921,1.1260264889212757,0.8583213224721499,1.0314960655458791,0.8603122946739632
10,3,Ersan Ilyasova,22.3,MIL,PF,3300,26.0,28.6,8.655000000000001,16.333333333333332,19.560000000000002,45.5265306122449,0.5072491139462056,0.2649826036804398,1.7474483316965386,-0.2754204098416171,3.1443296050831293,-0.023806567296420743,0.19827211036460163
10,4,Bradley Beal,60.5,WAS,SG/SF,8300,35.0,43.6,5.25,34.333333333333336,46.34,44.44660194174757,1.7937192071884964,1.1402083956397249,1.6634858511107826,2.1888440648051497,0.6088709072686718,2.577003792353635,1.457780161098902
10,5,Khris Middleton,76.5,MIL,SF,7000,31.5,45.15,6.43,30.333333333333332,37.25000000000001,46.886538461538464,1.9266544501568663,0.7998428098777807,1.853186456595288,1.3523928297588803,1.4875320712689826,3.666348445610203,1.3956224033300237
10,6,Nikola Jokic,50.3,DEN,C,10200,34.5,52.3,5.140000000000001,34.666666666666664,49.46,52.04855769230769,2.5398718612690248,1.0915847405308756,2.25452401831329,2.475942838550404,0.5269618157093212,1.882546575902573,2.0062655749106866
10,7,Dante Exum,4.8,CLE,PG/SG,3100,27.5,21.6,6.949999999999999,17.0,11.959999999999999,34.94117647058824,-0.09310359623353012,0.4108535690069873,0.9244563916798852,-0.9747635766569807,1.8747386859131872,-1.215277281795792,-0.22671127906070945
11,0,Kyle Lowry,40.5,TOR,PG,7200,34.0,39.8,5.529999999999999,35.666666666666664,39.67999999999999,37.94018691588785,1.4678134502337825,1.0429610854220266,1.1576239731776408,1.5759986054643174,0.8173667766924739,1.2153229757829254,1.1305239809477756
11,1,Dante Exum,4.8,CLE,PG/SG,3100,27.5,21.6,6.949999999999999,17.0,11.959999999999999,34.94117647058824,-0.09310359623353012,0.4108535690069873,0.9244563916798852,-0.9747635766569807,1.8747386859131872,-1.215277281795792,-0.22671127906070945
11,2,Khris Middleton,76.5,MIL,SF,7000,31.5,45.15,6.43,30.333333333333332,37.25000000000001,46.886538461538464,1.9266544501568663,0.7998428098777807,1.853186456595288,1.3523928297588803,1.4875320712689826,3.666348445610203,1.3956224033300237
11,3,Jaren Jackson Jr.,27.5,MEM,PF/C,6300,31.5,32.15,5.09,29.666666666666668,31.53,34.13679775280899,0.8117137026802143,0.7998428098777807,0.8619174163566045,0.82604507789258,0.4897304104550702,0.3302304450119638,0.6363543779751895
11,4,Donte DiVincenzo,29.3,MIL,PG/SG,4300,25.5,26.5,6.165,23.333333333333332,23.82,28.960714285714285,0.32714330089228477,0.21635894857159063,0.4594863859663729,0.1165798389259416,1.2902056234214554,0.4527817185033277,0.16178799334778116
11,5,Ersan Ilyasova,22.3,MIL,PF,3300,26.0,28.6,8.655000000000001,16.333333333333332,19.560000000000002,45.5265306122449,0.5072491139462056,0.2649826036804398,1.7474483316965386,-0.2754204098416171,3.1443296050831293,-0.023806567296420743,0.19827211036460163
11,6,Nikola Jokic,50.3,DEN,C,10200,34.5,52.3,5.140000000000001,34.666666666666664,49.46,52.04855769230769,2.5398718612690248,1.0915847405308756,2.25452401831329,2.475942838550404,0.5269618157093212,1.882546575902573,2.0062655749106866
11,7,Eric Bledsoe,60.0,MIL,PG,6600,29.0,40.8,6.18,27.666666666666668,31.419999999999998,42.766265060240954,1.553578123116602,0.5567245343335349,1.532842729351586,0.8159230057413047,1.3013750449977302,2.542961771939367,1.089496147936643
12,0,Terry Rozier,46.5,CHA,PG/SG,6800,36.5,38.4,5.625,34.333333333333336,32.9,40.82330097087378,1.3477429081978354,1.2860793609662724,1.3817808221265604,0.9521108855948228,0.8881064466755503,1.6238272207541382,0.9997114494729081
12,1,Dante Exum,4.8,CLE,PG/SG,3100,27.5,21.6,6.949999999999999,17.0,11.959999999999999,34.94117647058824,-0.09310359623353012,0.4108535690069873,0.9244563916798852,-0.9747635766569807,1.8747386859131872,-1.215277281795792,-0.22671127906070945
12,2,Jaylen Brown,37.8,BOS,SG/SF,6400,35.5,35.75,5.585,33.666666666666664,34.790000000000006,37.69678217821782,1.120466525058364,1.188832050748574,1.1386996996404921,1.1260264889212757,0.8583213224721499,1.0314960655458791,0.8603122946739632
12,3,Ersan Ilyasova,22.3,MIL,PF,3300,26.0,28.6,8.655000000000001,16.333333333333332,19.560000000000002,45.5265306122449,0.5072491139462056,0.2649826036804398,1.7474483316965386,-0.2754204098416171,3.1443296050831293,-0.023806567296420743,0.19827211036460163
12,4,Bradley Beal,60.5,WAS,SG/SF,8300,35.0,43.6,5.25,34.333333333333336,46.34,44.44660194174757,1.7937192071884964,1.1402083956397249,1.6634858511107826,2.1888440648051497,0.6088709072686718,2.577003792353635,1.457780161098902
12,5,Khris Middleton,76.5,MIL,SF,7000,31.5,45.15,6.43,30.333333333333332,37.25000000000001,46.886538461538464,1.9266544501568663,0.7998428098777807,1.853186456595288,1.3523928297588803,1.4875320712689826,3.666348445610203,1.3956224033300237
12,6,Nikola Jokic,50.3,DEN,C,10200,34.5,52.3,5.140000000000001,34.666666666666664,49.46,52.04855769230769,2.5398718612690248,1.0915847405308756,2.25452401831329,2.475942838550404,0.5269618157093212,1.882546575902573,2.0062655749106866
12,7,Bobby Portis,8.8,NY,PF/C,4100,20.0,20.700000000000003,5.04,21.666666666666668,20.26,19.10769230769231,-0.17029180182806744,-0.3185012576257502,-0.3065680666482787,-0.21100722342441264,0.45249900520081987,-0.94294111848165,-0.18850588156804896
13,0,Eric Bledsoe,60.0,MIL,PG,6600,29.0,40.8,6.18,27.666666666666668,31.419999999999998,42.766265060240954,1.553578123116602,0.5567245343335349,1.532842729351586,0.8159230057413047,1.3013750449977302,2.542961771939367,1.089496147936643
13,1,Donte DiVincenzo,29.3,MIL,PG/SG,4300,25.5,26.5,6.165,23.333333333333332,23.82,28.960714285714285,0.32714330089228477,0.21635894857159063,0.4594863859663729,0.1165798389259416,1.2902056234214554,0.4527817185033277,0.16178799334778116
13,2,Khris Middleton,76.5,MIL,SF,7000,31.5,45.15,6.43,30.333333333333332,37.25000000000001,46.886538461538464,1.9266544501568663,0.7998428098777807,1.853186456595288,1.3523928297588803,1.4875320712689826,3.666348445610203,1.3956224033300237
13,3,Ersan Ilyasova,22.3,MIL,PF,3300,26.0,28.6,8.655000000000001,16.333333333333332,19.560000000000002,45.5265306122449,0.5072491139462056,0.2649826036804398,1.7474483316965386,-0.2754204098416171,3.1443296050831293,-0.023806567296420743,0.19827211036460163
13,4,Tim Hardaway Jr.,13.5,DAL,SG/SF,4800,30.0,25.85,5.41,30.0,23.71,25.85,0.2713962635184523,0.6539718445512331,0.21763403501263812,0.10645776677466666,0.7280114040822734,-0.6229461265875331,0.15033446035592618
13,5,Bradley Beal,60.5,WAS,SG/SF,8300,35.0,43.6,5.25,34.333333333333336,46.34,44.44660194174757,1.7937192071884964,1.1402083956397249,1.6634858511107826,2.1888440648051497,0.6088709072686718,2.577003792353635,1.457780161098902
13,6,Nikola Jokic,50.3,DEN,C,10200,34.5,52.3,5.140000000000001,34.666666666666664,49.46,52.04855769230769,2.5398718612690248,1.0915847405308756,2.25452401831329,2.475942838550404,0.5269618157093212,1.882546575902573,2.0062655749106866
13,7,Eric Paschall,6.3,GS,SF/PF,4800,26.0,20.95,4.34,28.0,25.21,19.45357142857143,-0.1488506336073629,0.2649826036804398,-0.2796765970862589,0.24448602338296205,-0.06874066835868678,-1.1131512205529888,-0.08019604735164111
14,0,Marcus Smart,34.5,BOS,PG/SG,5800,35.5,31.55,5.42,32.333333333333336,30.51,34.63994845360825,0.7602548989505228,1.188832050748574,0.9010364638471322,0.7321858633989391,0.7354576851331234,0.8068187308117123,0.5819525041700943
14,1,Dante Exum,4.8,CLE,PG/SG,3100,27.5,21.6,6.949999999999999,17.0,11.959999999999999,34.94117647058824,-0.09310359623353012,0.4108535690069873,0.9244563916798852,-0.9747635766569807,1.8747386859131872,-1.215277281795792,-0.22671127906070945
14,2,Khris Middleton,76.5,MIL,SF,7000,31.5,45.15,6.43,30.333333333333332,37.25000000000001,46.886538461538464,1.9266544501568663,0.7998428098777807,1.853186456595288,1.3523928297588803,1.4875320712689826,3.666348445610203,1.3956224033300237
14,3,Dario Saric,19.0,PHO,SF/PF,4000,23.0,18.45,4.625,27.0,21.990000000000002,15.716666666666667,-0.3632623158144114,-0.02675932697265522,-0.5702141132147602,-0.0518146341361786,0.143478341590541,-0.24848390203058793,-0.28709408370685974
14,4,Eric Bledsoe,60.0,MIL,PG,6600,29.0,40.8,6.18,27.666666666666668,31.419999999999998,42.766265060240954,1.553578123116602,0.5567245343335349,1.532842729351586,0.8159230057413047,1.3013750449977302,2.542961771939367,1.089496147936643
14,5,Mikal Bridges,31.0,PHO,SG/SF,3900,31.5,21.85,5.619999999999999,28.666666666666668,19.869999999999997,24.009593023255814,-0.07166242801282527,0.7998428098777807,0.07454575587322766,-0.24689457014256982,0.8843833061501246,0.568524587911838,-0.12434447802906072
14,6,Nikola Jokic,50.3,DEN,C,10200,34.5,52.3,5.140000000000001,34.666666666666664,49.46,52.04855769230769,2.5398718612690248,1.0915847405308756,2.25452401831329,2.475942838550404,0.5269618157093212,1.882546575902573,2.0062655749106866
14,7,Bradley Beal,60.5,WAS,SG/SF,8300,35.0,43.6,5.25,34.333333333333336,46.34,44.44660194174757,1.7937192071884964,1.1402083956397249,1.6634858511107826,2.1888440648051497,0.6088709072686718,2.577003792353635,1.457780161098902
15,0,Delon Wright,5.0,DAL,PG/SG,4100,24.5,24.450000000000003,5.98,24.666666666666668,22.169999999999998,24.2847972972973,0.15132572148250525,0.11911163835389228,0.09594238525031808,-0.03525124334318351,1.1524494239807288,-1.2016604736300849,0.01591049655637952
15,1,Donte DiVincenzo,29.3,MIL,PG/SG,4300,25.5,26.5,6.165,23.333333333333332,23.82,28.960714285714285,0.32714330089228477,0.21635894857159063,0.4594863859663729,0.1165798389259416,1.2902056234214554,0.4527817185033277,0.16178799334778116
15,2,Marcus Morris Sr.,31.5,NY,SF/PF,6200,34.0,30.950000000000003,4.99,34.666666666666664,31.53,30.3548076923077,0.7087960952208313,1.0429610854220266,0.5678746006545945,0.82604507789258,0.41526759994656953,0.6025666083261058,0.556269751011799
15,3,Ersan Ilyasova,22.3,MIL,PF,3300,26.0,28.6,8.655000000000001,16.333333333333332,19.560000000000002,45.5265306122449,0.5072491139462056,0.2649826036804398,1.7474483316965386,-0.2754204098416171,3.1443296050831293,-0.023806567296420743,0.19827211036460163
15,4,Terry Rozier,46.5,CHA,PG/SG,6800,36.5,38.4,5.625,34.333333333333336,32.9,40.82330097087378,1.3477429081978354,1.2860793609662724,1.3817808221265604,0.9521108855948228,0.8881064466755503,1.6238272207541382,0.9997114494729081
15,5,Davis Bertans,26.3,WAS,PF,5300,30.0,28.5,5.369999999999999,29.0,27.54,29.482758620689655,0.49867264665792355,0.6539718445512331,0.5000743789864007,0.45888991531451406,0.6982262798788723,0.24852959601772123,0.35580219118025885
15,6,Nikola Jokic,50.3,DEN,C,10200,34.5,52.3,5.140000000000001,34.666666666666664,49.46,52.04855769230769,2.5398718612690248,1.0915847405308756,2.25452401831329,2.475942838550404,0.5269618157093212,1.882546575902573,2.0062655749106866
15,7,Khris Middleton,76.5,MIL,SF,7000,31.5,45.15,6.43,30.333333333333332,37.25000000000001,46.886538461538464,1.9266544501568663,0.7998428098777807,1.853186456595288,1.3523928297588803,1.4875320712689826,3.666348445610203,1.3956224033300237
16,0,Eric Bledsoe,60.0,MIL,PG,6600,29.0,40.8,6.18,27.666666666666668,31.419999999999998,42.766265060240954,1.553578123116602,0.5567245343335349,1.532842729351586,0.8159230057413047,1.3013750449977302,2.542961771939367,1.089496147936643
16,1,Delon Wright,5.0,DAL,PG/SG,4100,24.5,24.450000000000003,5.98,24.666666666666668,22.169999999999998,24.2847972972973,0.15132572148250525,0.11911163835389228,0.09594238525031808,-0.03525124334318351,1.1524494239807288,-1.2016604736300849,0.01591049655637952
16,2,Bradley Beal,60.5,WAS,SG/SF,8300,35.0,43.6,5.25,34.333333333333336,46.34,44.44660194174757,1.7937192071884964,1.1402083956397249,1.6634858511107826,2.1888440648051497,0.6088709072686718,2.577003792353635,1.457780161098902
16,3,Ersan Ilyasova,22.3,MIL,PF,3300,26.0,28.6,8.655000000000001,16.333333333333332,19.560000000000002,45.5265306122449,0.5072491139462056,0.2649826036804398,1.7474483316965386,-0.2754204098416171,3.1443296050831293,-0.023806567296420743,0.19827211036460163
16,4,Dante Exum,4.8,CLE,PG/SG,3100,27.5,21.6,6.949999999999999,17.0,11.959999999999999,34.94117647058824,-0.09310359623353012,0.4108535690069873,0.9244563916798852,-0.9747635766569807,1.8747386859131872,-1.215277281795792,-0.22671127906070945
16,5,Josh Hart,12.0,NO,SG/SF,4400,26.5,20.6,4.675,29.333333333333332,25.140000000000004,18.610227272727276,-0.1788682691163495,0.31360625878928894,-0.3452450640106222,0.2380447047412419,0.18070974684479132,-0.7250721878303364,-0.12228875008785874
16,6,Nikola Jokic,50.3,DEN,C,10200,34.5,52.3,5.140000000000001,34.666666666666664,49.46,52.04855769230769,2.5398718612690248,1.0915847405308756,2.25452401831329,2.475942838550404,0.5269618157093212,1.882546575902573,2.0062655749106866
16,7,Pascal Siakam,41.3,TOR,PF/C,8000,34.0,42.2,5.295,34.666666666666664,42.7,41.38846153846154,1.6736486651525495,1.0429610854220266,1.425721023438254,1.8538954954356863,0.6423791719974972,1.2697902084457535,1.3235272387502213
17,0,Dante Exum,4.8,CLE,PG/SG,3100,27.5,21.6,6.949999999999999,17.0,11.959999999999999,34.94117647058824,-0.09310359623353012,0.4108535690069873,0.9244563916798852,-0.9747635766569807,1.8747386859131872,-1.215277281795792,-0.22671127906070945
17,1,Bradley Beal,60.5,WAS,SG/SF,8300,35.0,43.6,5.25,34.333333333333336,46.34,44.44660194174757,1.7937192071884964,1.1402083956397249,1.6634858511107826,2.1888440648051497,0.6088709072686718,2.577003792353635,1.457780161098902
17,2,Tobias Harris,28.3,PHI,SF/PF,7400,35.0,37.3,5.015000000000001,37.333333333333336,36.0,34.96874999999999,1.253401768026734,1.1402083956397249,0.9266001832016428,1.2373692825853,0.433883302573695,0.38469767767479224,0.9689668278179532
17,3,Ersan Ilyasova,22.3,MIL,PF,3300,26.0,28.6,8.655000000000001,16.333333333333332,19.560000000000002,45.5265306122449,0.5072491139462056,0.2649826036804398,1.7474483316965386,-0.2754204098416171,3.1443296050831293,-0.023806567296420743,0.19827211036460163
17,4,Delon Wright,5.0,DAL,PG/SG,4100,24.5,24.450000000000003,5.98,24.666666666666668,22.169999999999998,24.2847972972973,0.15132572148250525,0.11911163835389228,0.09594238525031808,-0.03525124334318351,1.1524494239807288,-1.2016604736300849,0.01591049655637952
17,5,Khris Middleton,76.5,MIL,SF,7000,31.5,45.15,6.43,30.333333333333332,37.25000000000001,46.886538461538464,1.9266544501568663,0.7998428098777807,1.853186456595288,1.3523928297588803,1.4875320712689826,3.666348445610203,1.3956224033300237
17,6,Brook Lopez,22.3,MIL,C,4800,27.0,29.8,6.225,26.333333333333332,26.500000000000007,30.554430379746837,0.6101667214055888,0.36222991389813813,0.5833948997970059,0.36319032406609664,1.3348833097265556,-0.023806567296420743,0.3732127237993945
17,7,Kyle Lowry,40.5,TOR,PG,7200,34.0,39.8,5.529999999999999,35.666666666666664,39.67999999999999,37.94018691588785,1.4678134502337825,1.0429610854220266,1.1576239731776408,1.5759986054643174,0.8173667766924739,1.2153229757829254,1.1305239809477756
18,0,Eric Bledsoe,60.0,MIL,PG,6600,29.0,40.8,6.18,27.666666666666668,31.419999999999998,42.766265060240954,1.553578123116602,0.5567245343335349,1.532842729351586,0.8159230057413047,1.3013750449977302,2.542961771939367,1.089496147936643
18,1,Delon Wright,5.0,DAL,PG/SG,4100,24.5,24.450000000000003,5.98,24.666666666666668,22.169999999999998,24.2847972972973,0.15132572148250525,0.11911163835389228,0.09594238525031808,-0.03525124334318351,1.1524494239807288,-1.2016604736300849,0.01591049655637952
18,2,Khris Middleton,76.5,MIL,SF,7000,31.5,45.15,6.43,30.333333333333332,37.25000000000001,46.886538461538464,1.9266544501568663,0.7998428098777807,1.853186456595288,1.3523928297588803,1.4875320712689826,3.666348445610203,1.3956224033300237
18,3,Marcus Morris Sr.,31.5,NY,SF/PF,6200,34.0,30.950000000000003,4.99,34.666666666666664,31.53,30.3548076923077,0.7087960952208313,1.0429610854220266,0.5678746006545945,0.82604507789258,0.41526759994656953,0.6025666083261058,0.556269751011799
18,4,Bradley Beal,60.5,WAS,SG/SF,8300,35.0,43.6,5.25,34.333333333333336,46.34,44.44660194174757,1.7937192071884964,1.1402083956397249,1.6634858511107826,2.1888440648051497,0.6088709072686718,2.577003792353635,1.457780161098902
18,5,Dion Waiters,18.3,MIA,SG/SF,4300,0.0,2.75,0.64,12.0,14.37,0.0,-1.7097676800746757,-2.263447461979717,-1.792156224692452,-0.7529981777063194,-2.823864657173221,-0.29614273061056273,-1.1027865023386194
18,6,Nikola Jokic,50.3,DEN,C,10200,34.5,52.3,5.140000000000001,34.666666666666664,49.46,52.04855769230769,2.5398718612690248,1.0915847405308756,2.25452401831329,2.475942838550404,0.5269618157093212,1.882546575902573,2.0062655749106866
18,7,Ersan Ilyasova,22.3,MIL,PF,3300,26.0,28.6,8.655000000000001,16.333333333333332,19.560000000000002,45.5265306122449,0.5072491139462056,0.2649826036804398,1.7474483316965386,-0.2754204098416171,3.1443296050831293,-0.023806567296420743,0.19827211036460163
19,0,Kyle Lowry,40.5,TOR,PG,7200,34.0,39.8,5.529999999999999,35.666666666666664,39.67999999999999,37.94018691588785,1.4678134502337825,1.0429610854220266,1.1576239731776408,1.5759986054643174,0.8173667766924739,1.2153229757829254,1.1305239809477756
19,1,Damyean Dotson,12.0,NY,SG/SF,3200,20.5,15.2,4.76,21.333333333333332,13.9,14.606250000000001,-0.6419975026835744,-0.26987760251690107,-0.6565469797865536,-0.7962470314435852,0.24400313577701707,-0.7250721878303364,-0.560158488251875
19,2,Bradley Beal,60.5,WAS,SG/SF,8300,35.0,43.6,5.25,34.333333333333336,46.34,44.44660194174757,1.7937192071884964,1.1402083956397249,1.6634858511107826,2.1888440648051497,0.6088709072686718,2.577003792353635,1.457780161098902
19,3,Eric Paschall,6.3,GS,SF/PF,4800,26.0,20.95,4.34,28.0,25.21,19.45357142857143,-0.1488506336073629,0.2649826036804398,-0.2796765970862589,0.24448602338296205,-0.06874066835868678,-1.1131512205529888,-0.08019604735164111
19,4,Jaylen Brown,37.8,BOS,SG/SF,6400,35.5,35.75,5.585,33.666666666666664,34.790000000000006,37.69678217821782,1.120466525058364,1.188832050748574,1.1386996996404921,1.1260264889212757,0.8583213224721499,1.0314960655458791,0.8603122946739632
19,5,PJ Washington,22.5,CHA,PF/C,5200,32.0,27.0,5.17,29.333333333333332,26.139999999999997,29.454545454545457,0.3700256373336945,0.8484664649866298,0.49788085687761735,0.33006354248010483,0.549300658861871,-0.010189759130713693,0.2731212638096853
19,6,Brook Lopez,22.3,MIL,C,4800,27.0,29.8,6.225,26.333333333333332,26.500000000000007,30.554430379746837,0.6101667214055888,0.36222991389813813,0.5833948997970059,0.36319032406609664,1.3348833097265556,-0.023806567296420743,0.3732127237993945
19,7,Khris Middleton,76.5,MIL,SF,7000,31.5,45.15,6.43,30.333333333333332,37.25000000000001,46.886538461538464,1.9266544501568663,0.7998428098777807,1.853186456595288,1.3523928297588803,1.4875320712689826,3.666348445610203,1.3956224033300237
20,0,Elfrid Payton,33.0,NY,PG,6000,32.0,30.25,5.05,30.0,29.43,32.266666666666666,0.6487608242028575,0.8484664649866298,0.7165181420316319,0.6328055186409662,0.4599452862516698,0.7046926695689091,0.5042428994539688
20,1,Delon Wright,5.0,DAL,PG/SG,4100,24.5,24.450000000000003,5.98,24.666666666666668,22.169999999999998,24.2847972972973,0.15132572148250525,0.11911163835389228,0.09594238525031808,-0.03525124334318351,1.1524494239807288,-1.2016604736300849,0.01591049655637952
20,2,Duncan Robinson,23.3,MIA,SG/SF,5100,32.0,22.55,4.43,31.333333333333332,22.330000000000002,23.029787234042555,-0.011627156994851758,0.8484664649866298,-0.0016323536650108819,-0.020528229304964996,-0.001724138901036047,0.04427747353211475,-0.0035891098433036618
20,3,Troy Brown Jr.,32.8,WAS,SF/PF,4500,29.5,25.9,5.755000000000001,27.0,24.28,28.298148148148147,0.275684497162593,0.605348189442384,0.40797307959535367,0.15890850428581893,0.984908100336602,0.6910758614032018,0.15512699724858725
20,4,D'Angelo Russell,50.3,GS,PG/SG,7600,34.0,39.1,5.135,33.333333333333336,42.04,39.882000000000005,1.4077781792158093,1.0429610854220266,1.3085963918475252,1.7931630625280361,0.5232386751838956,1.882546575902573,1.1506403292727942
20,5,Reggie Bullock,11.5,NY,SG/SF,3900,27.0,18.6,4.77,26.666666666666668,18.119999999999997,18.8325,-0.3503976148819883,0.36222991389813813,-0.3279637656635891,-0.4079275361855811,0.25144941682786703,-0.7591142082446042,-0.30523172293386275
20,6,Larry Nance Jr.,46.8,CLE,PF/C,5500,23.5,23.15,4.1899999999999995,24.666666666666668,24.55,22.055067567567566,0.039831646734839694,0.02186432813619395,-0.07741502645512413,0.18375359047531206,-0.18043488412143843,1.6442524330026986,0.052508983690308306
20,7,Tobias Harris,28.3,PHI,SF/PF,7400,35.0,37.3,5.015000000000001,37.333333333333336,36.0,34.96874999999999,1.253401768026734,1.1402083956397249,0.9266001832016428,1.2373692825853,0.433883302573695,0.38469767767479224,0.9689668278179532
21,0,Matthew Dellavedova,10.8,CLE,PG,3000,13.5,13.15,4.4,9.333333333333334,8.629999999999999,19.020535714285714,-0.8178150820933541,-0.9506087740407895,-0.313344332508923,-1.2811863063273965,-0.02406298205358585,-0.806773036824579,-0.682813435652866
21,1,Devin Booker,57.5,PHO,PG/SG,9100,37.5,44.4,4.885,38.333333333333336,44.74,43.43478260869565,1.8623309454947516,1.3833266711839707,1.5848187470431208,2.041613924422968,0.33708164891264325,2.3727516698680287,1.4988508469167876
21,2,Ben Simmons,30.5,PHI,PG/SF,10000,38.0,47.349999999999994,4.74,39.0,47.489999999999995,46.135897435897434,2.1153367304990685,1.43195032629282,1.7948254886313275,2.2946657282048424,0.2291105736753172,0.5344825674975703,1.7093604733730514
21,3,Brandon Clarke,24.5,MEM,PF/C,4900,23.0,24.05,4.92,23.333333333333332,24.029999999999998,23.70642857142857,0.11701985232937732,-0.02675932697265522,0.05097527376989205,0.1359037948511027,0.36314363259061866,0.1259783225263573,0.06590550629179277
21,4,Damion Lee,9.3,GS,SG/SF,4800,29.5,23.4,4.87,29.0,24.3,23.803448275862067,0.06127281495554454,0.605348189442384,0.05851837848826368,0.16074888104059618,0.3259122273363683,-0.9088990980673822,0.041740096732222655
21,5,JJ Redick,24.3,NO,SG/SF,4400,24.5,20.7,4.685,26.0,22.44,19.50576923076923,-0.17029180182806775,0.11911163835389228,-0.27561831335569215,-0.010406157153690055,0.18815602789564126,0.11236151436065026,-0.14141336119269554
21,6,Jonas Valanciunas,48.0,MEM,C,6700,27.0,33.55,4.994999999999999,26.0,33.75,34.840384615384615,0.9317842447161613,0.36222991389813813,0.916620009132657,1.030326897672857,0.41899074047199386,1.7259532819969414,0.7403809663693642
21,7,Semi Ojeleye,15.3,BOS,PF,3000,16.5,8.850000000000001,2.94,16.666666666666668,7.2700000000000005,8.7615,-1.1866031754894772,-0.6588668433876944,-1.1109656111370885,-1.4063319256522508,-1.1112200154776997,-0.5003948530961693,-0.9090397793305951
22,0,Frank Ntilikina,3.5,NY,PG,3200,16.5,12.8,4.01,18.0,14.459999999999999,11.733333333333334,-0.8478327176023408,-0.6588668433876944,-0.8799110004291487,-0.7447164823098217,-0.3144679430367399,-1.303786534872888,-0.6626312071804616
22,1,Jrue Holiday,57.5,NO,PG/SG,7900,35.5,39.75,5.035,35.666666666666664,40.03,39.564252336448604,1.4635252165896417,1.188832050748574,1.2838920916831285,1.6082051986729204,0.4487758646753949,2.3727516698680287,1.1688662834042363
22,2,Solomon Hill,16.3,MEM,SF/PF,3000,20.0,14.100000000000001,4.6899999999999995,17.666666666666668,14.02,15.962264150943398,-0.7363386428546755,-0.3185012576257502,-0.5511193576361356,-0.7852047709149216,0.19187916842106623,-0.43231081226763374,-0.6059072252668859
22,3,Marcus Morris Sr.,31.5,NY,SF/PF,6200,34.0,30.950000000000003,4.99,34.666666666666664,31.53,30.3548076923077,0.7087960952208313,1.0429610854220266,0.5678746006545945,0.82604507789258,0.41526759994656953,0.6025666083261058,0.556269751011799
22,4,Marcus Smart,34.5,BOS,PG/SG,5800,35.5,31.55,5.42,32.333333333333336,30.51,34.63994845360825,0.7602548989505228,1.188832050748574,0.9010364638471322,0.7321858633989391,0.7354576851331234,0.8068187308117123,0.5819525041700943
22,5,Kyle Anderson,20.5,MEM,SF/PF,4100,26.0,21.25,5.16,18.666666666666668,16.53,29.59821428571428,-0.12312123174251703,0.2649826036804398,0.5090508459494285,-0.5542374881903739,0.5418543778110211,-0.1463578407877847,-0.1360708545953388
22,6,Willie Cauley-Stein,13.3,DAL,C,4700,13.5,13.75,2.92,23.333333333333332,20.57,7.955357142857143,-0.7663562783636625,-0.9506087740407895,-1.1736417450719647,-0.18248138372536504,-1.1261125775793999,-0.6365629347532402,-0.5154790795419507
22,7,Khris Middleton,76.5,MIL,SF,7000,31.5,45.15,6.43,30.333333333333332,37.25000000000001,46.886538461538464,1.9266544501568663,0.7998428098777807,1.853186456595288,1.3523928297588803,1.4875320712689826,3.666348445610203,1.3956224033300237
23,0,Dante Exum,4.8,CLE,PG/SG,3100,27.5,21.6,6.949999999999999,17.0,11.959999999999999,34.94117647058824,-0.09310359623353012,0.4108535690069873,0.9244563916798852,-0.9747635766569807,1.8747386859131872,-1.215277281795792,-0.22671127906070945
23,1,Dillon Brooks,33.3,MEM,SG,6000,32.0,26.75,4.465,30.666666666666668,28.330000000000002,27.913043478260867,0.3485844691129896,0.8484664649866298,0.3780318952817599,0.5315847971282165,0.024337844776939385,0.7251178818174695,0.3107322431583853
23,2,Justin Jackson,8.8,DAL,SF/PF,3000,18.0,13.0,4.34,20.0,12.02,11.700000000000001,-0.830679783025777,-0.5129958780611469,-0.8825026061798967,-0.9692424463926488,-0.06874066835868678,-0.94294111848165,-0.6940890664174301
23,3,Troy Brown Jr.,32.8,WAS,SF/PF,4500,29.5,25.9,5.755000000000001,27.0,24.28,28.298148148148147,0.275684497162593,0.605348189442384,0.40797307959535367,0.15890850428581893,0.984908100336602,0.6910758614032018,0.15512699724858725
23,4,Mikal Bridges,31.0,PHO,SG/SF,3900,31.5,21.85,5.619999999999999,28.666666666666668,19.869999999999997,24.009593023255814,-0.07166242801282527,0.7998428098777807,0.07454575587322766,-0.24689457014256982,0.8843833061501246,0.568524587911838,-0.12434447802906072
23,5,Jaylen Brown,37.8,BOS,SG/SF,6400,35.5,35.75,5.585,33.666666666666664,34.790000000000006,37.69678217821782,1.120466525058364,1.188832050748574,1.1386996996404921,1.1260264889212757,0.8583213224721499,1.0314960655458791,0.8603122946739632
23,6,Larry Nance Jr.,46.8,CLE,PF/C,5500,23.5,23.15,4.1899999999999995,24.666666666666668,24.55,22.055067567567566,0.039831646734839694,0.02186432813619395,-0.07741502645512413,0.18375359047531206,-0.18043488412143843,1.6442524330026986,0.052508983690308306
23,7,Bobby Portis,8.8,NY,PF/C,4100,20.0,20.700000000000003,5.04,21.666666666666668,20.26,19.10769230769231,-0.17029180182806744,-0.3185012576257502,-0.3065680666482787,-0.21100722342441264,0.45249900520081987,-0.94294111848165,-0.18850588156804896
