Lineup Num,,Player Name,Actual FP,team,Pos,Salary,DFN_MinProj,Avg Proj,Avg Value Proj,Avg Skewed Min,Avg Skewed FP,Proj Min Enhanced,Avg Proj Stan,DFN_MinProj Stan,Proj Min Enhanced Stan,Avg Skewed FP Stan,Avg Value Proj Stan,Actual FP Stan,predictions
0,0,James Harden,61.5,HOU,PG/SG,13000,37.5,70.75,5.46,38.666666666666664,67.05,68.61530172413794,3.6845407191537536,1.4715570433080025,3.264445758249747,3.620880871623594,0.9076435021347865,2.6346494607874247,2.9055443661141616
0,1,Devin Booker,55.8,PHO,PG/SG,8200,37.0,46.0,5.63,37.333333333333336,43.6,45.58928571428571,1.8044825092354262,1.4232555882008135,1.6370472968081853,1.7336726434805547,1.0364218637206961,2.253527379893235,1.3829785597453508
0,2,Cedi Osman,27.8,CLE,SF/PF,4400,33.0,26.85,6.09,33.333333333333336,22.23,26.5815,0.34981120741983174,1.0368439473433018,0.2936433308939802,0.013858578004360045,1.3848809597766867,0.38134873690423565,0.15188577527276545
0,3,John Collins,42.5,ATL,PF/C,8300,33.0,44.2,5.3,29.666666666666668,38.96,49.166292134831465,1.6677510030595482,1.0368439473433018,1.889857628516111,1.3602548959929766,0.7864403382892243,1.3642425244734606,1.2938669296159568
0,4,Alec Burks,25.5,GS,PG/SG,5300,29.0,28.05,5.27,29.666666666666668,30.01,27.419662921348316,0.4409655448704173,0.6504323064857902,0.3528817613743545,0.6399771287486181,0.7637147450681813,0.22756263408728203,0.3209835885390456
0,5,Ben McLemore,22.8,HOU,SG/SF,3500,30.0,22.25,6.355,23.666666666666668,18.69,28.204225352112676,0.0003862471925869763,0.7470352167001681,0.40833189622114974,-0.27103341038055934,1.5856236998958992,0.047031122084771344,-0.10619415391809964
0,6,P.J. Tucker,13.8,HOU,PF/C,3700,34.5,22.4,6.025,34.333333333333336,22.359999999999996,22.508737864077666,0.011780539373910064,1.1817483126648687,0.005794715181149041,0.02432071317103751,1.3356421744644276,-0.5547405845902644,-0.07977664938348632
0,7,Elie Okobo,8.3,PHO,PG/SG,3200,28.0,23.55,7.34,13.0,13.11,50.723076923076924,0.0991367794307214,0.5538293962714123,1.9998857448911829,-0.7201004429195003,2.3317806773201397,-0.9224899608916751,-0.01999928535577359
1,0,James Harden,61.5,HOU,PG/SG,13000,37.5,70.75,5.46,38.666666666666664,67.05,68.61530172413794,3.6845407191537536,1.4715570433080025,3.264445758249747,3.620880871623594,0.9076435021347865,2.6346494607874247,2.9055443661141616
1,1,Elie Okobo,8.3,PHO,PG/SG,3200,28.0,23.55,7.34,13.0,13.11,50.723076923076924,0.0991367794307214,0.5538293962714123,1.9998857448911829,-0.7201004429195003,2.3317806773201397,-0.9224899608916751,-0.01999928535577359
1,2,Cedi Osman,27.8,CLE,SF/PF,4400,33.0,26.85,6.09,33.333333333333336,22.23,26.5815,0.34981120741983174,1.0368439473433018,0.2936433308939802,0.013858578004360045,1.3848809597766867,0.38134873690423565,0.15188577527276545
1,3,John Collins,42.5,ATL,PF/C,8300,33.0,44.2,5.3,29.666666666666668,38.96,49.166292134831465,1.6677510030595482,1.0368439473433018,1.889857628516111,1.3602548959929766,0.7864403382892243,1.3642425244734606,1.2938669296159568
1,4,Devin Booker,55.8,PHO,PG/SG,8200,37.0,46.0,5.63,37.333333333333336,43.6,45.58928571428571,1.8044825092354262,1.4232555882008135,1.6370472968081853,1.7336726434805547,1.0364218637206961,2.253527379893235,1.3829785597453508
1,5,Ben McLemore,22.8,HOU,SG/SF,3500,30.0,22.25,6.355,23.666666666666668,18.69,28.204225352112676,0.0003862471925869763,0.7470352167001681,0.40833189622114974,-0.27103341038055934,1.5856236998958992,0.047031122084771344,-0.10619415391809964
1,6,Omari Spellman,15.0,GS,PF/C,5500,27.0,27.9,5.075,22.666666666666668,22.76,33.23382352941176,0.4295712526890939,0.45722648605703436,0.7638063444237218,0.056511898299277455,0.6159983891314031,-0.474504357033593,0.2961050790136884
1,7,P.J. Tucker,13.8,HOU,PF/C,3700,34.5,22.4,6.025,34.333333333333336,22.359999999999996,22.508737864077666,0.011780539373910064,1.1817483126648687,0.005794715181149041,0.02432071317103751,1.3356421744644276,-0.5547405845902644,-0.07977664938348632
2,0,Elie Okobo,8.3,PHO,PG/SG,3200,28.0,23.55,7.34,13.0,13.11,50.723076923076924,0.0991367794307214,0.5538293962714123,1.9998857448911829,-0.7201004429195003,2.3317806773201397,-0.9224899608916751,-0.01999928535577359
2,1,James Harden,61.5,HOU,PG/SG,13000,37.5,70.75,5.46,38.666666666666664,67.05,68.61530172413794,3.6845407191537536,1.4715570433080025,3.264445758249747,3.620880871623594,0.9076435021347865,2.6346494607874247,2.9055443661141616
2,2,Ben McLemore,22.8,HOU,SG/SF,3500,30.0,22.25,6.355,23.666666666666668,18.69,28.204225352112676,0.0003862471925869763,0.7470352167001681,0.40833189622114974,-0.27103341038055934,1.5856236998958992,0.047031122084771344,-0.10619415391809964
2,3,Cedi Osman,27.8,CLE,SF/PF,4400,33.0,26.85,6.09,33.333333333333336,22.23,26.5815,0.34981120741983174,1.0368439473433018,0.2936433308939802,0.013858578004360045,1.3848809597766867,0.38134873690423565,0.15188577527276545
2,4,Devin Booker,55.8,PHO,PG/SG,8200,37.0,46.0,5.63,37.333333333333336,43.6,45.58928571428571,1.8044825092354262,1.4232555882008135,1.6370472968081853,1.7336726434805547,1.0364218637206961,2.253527379893235,1.3829785597453508
2,5,JaMychal Green,10.5,LAC,SF/PF,3800,20.5,19.85,5.215,22.333333333333332,19.169999999999998,18.220522388059706,-0.18192242770858405,-0.17069243033642206,-0.2972813907772394,-0.23240398822667221,0.7220511574962696,-0.7753902103711109,-0.21572756770041154
2,6,P.J. Tucker,13.8,HOU,PF/C,3700,34.5,22.4,6.025,34.333333333333336,22.359999999999996,22.508737864077666,0.011780539373910064,1.1817483126648687,0.005794715181149041,0.02432071317103751,1.3356421744644276,-0.5547405845902644,-0.07977664938348632
2,7,Trae Young,63.0,ATL,PG,10200,35.0,52.2,5.140000000000001,36.0,52.8,50.75000000000001,2.275446586063452,1.2300497677720577,2.0017885740190335,2.4740699014300627,0.6652371744436629,2.734944745233264,1.8116939919633328
3,0,James Harden,61.5,HOU,PG/SG,13000,37.5,70.75,5.46,38.666666666666664,67.05,68.61530172413794,3.6845407191537536,1.4715570433080025,3.264445758249747,3.620880871623594,0.9076435021347865,2.6346494607874247,2.9055443661141616
3,1,Elie Okobo,8.3,PHO,PG/SG,3200,28.0,23.55,7.34,13.0,13.11,50.723076923076924,0.0991367794307214,0.5538293962714123,1.9998857448911829,-0.7201004429195003,2.3317806773201397,-0.9224899608916751,-0.01999928535577359
3,2,Ben McLemore,22.8,HOU,SG/SF,3500,30.0,22.25,6.355,23.666666666666668,18.69,28.204225352112676,0.0003862471925869763,0.7470352167001681,0.40833189622114974,-0.27103341038055934,1.5856236998958992,0.047031122084771344,-0.10619415391809964
3,3,P.J. Tucker,13.8,HOU,PF/C,3700,34.5,22.4,6.025,34.333333333333336,22.359999999999996,22.508737864077666,0.011780539373910064,1.1817483126648687,0.005794715181149041,0.02432071317103751,1.3356421744644276,-0.5547405845902644,-0.07977664938348632
3,4,Patrick Beverley,35.3,LAC,PG/SG,5300,30.5,27.65,5.205,30.333333333333332,26.809999999999995,27.801923076923078,0.4105807657202219,0.795336671807357,0.3798985752594228,0.38244764772270173,0.7144759597559222,0.8828251591334318,0.28198228365977973
3,5,Cedi Osman,27.8,CLE,SF/PF,4400,33.0,26.85,6.09,33.333333333333336,22.23,26.5815,0.34981120741983174,1.0368439473433018,0.2936433308939802,0.013858578004360045,1.3848809597766867,0.38134873690423565,0.15188577527276545
3,6,John Collins,42.5,ATL,PF/C,8300,33.0,44.2,5.3,29.666666666666668,38.96,49.166292134831465,1.6677510030595482,1.0368439473433018,1.889857628516111,1.3602548959929766,0.7864403382892243,1.3642425244734606,1.2938669296159568
3,7,Devin Booker,55.8,PHO,PG/SG,8200,37.0,46.0,5.63,37.333333333333336,43.6,45.58928571428571,1.8044825092354262,1.4232555882008135,1.6370472968081853,1.7336726434805547,1.0364218637206961,2.253527379893235,1.3829785597453508
4,0,James Harden,61.5,HOU,PG/SG,13000,37.5,70.75,5.46,38.666666666666664,67.05,68.61530172413794,3.6845407191537536,1.4715570433080025,3.264445758249747,3.620880871623594,0.9076435021347865,2.6346494607874247,2.9055443661141616
4,1,Tim Hardaway Jr.,24.3,DAL,SG/SF,4900,30.0,26.3,5.355,28.0,24.44,28.178571428571427,0.3080321360883133,0.7470352167001681,0.4065187664255696,0.19171487583788327,0.8281039258611368,0.14732640653061063,0.19102759227652596
4,2,Ben McLemore,22.8,HOU,SG/SF,3500,30.0,22.25,6.355,23.666666666666668,18.69,28.204225352112676,0.0003862471925869763,0.7470352167001681,0.40833189622114974,-0.27103341038055934,1.5856236998958992,0.047031122084771344,-0.10619415391809964
4,3,John Collins,42.5,ATL,PF/C,8300,33.0,44.2,5.3,29.666666666666668,38.96,49.166292134831465,1.6677510030595482,1.0368439473433018,1.889857628516111,1.3602548959929766,0.7864403382892243,1.3642425244734606,1.2938669296159568
4,4,Devin Booker,55.8,PHO,PG/SG,8200,37.0,46.0,5.63,37.333333333333336,43.6,45.58928571428571,1.8044825092354262,1.4232555882008135,1.6370472968081853,1.7336726434805547,1.0364218637206961,2.253527379893235,1.3829785597453508
4,5,Cedi Osman,27.8,CLE,SF/PF,4400,33.0,26.85,6.09,33.333333333333336,22.23,26.5815,0.34981120741983174,1.0368439473433018,0.2936433308939802,0.013858578004360045,1.3848809597766867,0.38134873690423565,0.15188577527276545
4,6,P.J. Tucker,13.8,HOU,PF/C,3700,34.5,22.4,6.025,34.333333333333336,22.359999999999996,22.508737864077666,0.011780539373910064,1.1817483126648687,0.005794715181149041,0.02432071317103751,1.3356421744644276,-0.5547405845902644,-0.07977664938348632
4,7,Elie Okobo,8.3,PHO,PG/SG,3200,28.0,23.55,7.34,13.0,13.11,50.723076923076924,0.0991367794307214,0.5538293962714123,1.9998857448911829,-0.7201004429195003,2.3317806773201397,-0.9224899608916751,-0.01999928535577359
5,0,James Harden,61.5,HOU,PG/SG,13000,37.5,70.75,5.46,38.666666666666664,67.05,68.61530172413794,3.6845407191537536,1.4715570433080025,3.264445758249747,3.620880871623594,0.9076435021347865,2.6346494607874247,2.9055443661141616
5,1,Elie Okobo,8.3,PHO,PG/SG,3200,28.0,23.55,7.34,13.0,13.11,50.723076923076924,0.0991367794307214,0.5538293962714123,1.9998857448911829,-0.7201004429195003,2.3317806773201397,-0.9224899608916751,-0.01999928535577359
5,2,Cedi Osman,27.8,CLE,SF/PF,4400,33.0,26.85,6.09,33.333333333333336,22.23,26.5815,0.34981120741983174,1.0368439473433018,0.2936433308939802,0.013858578004360045,1.3848809597766867,0.38134873690423565,0.15188577527276545
5,3,P.J. Tucker,13.8,HOU,PF/C,3700,34.5,22.4,6.025,34.333333333333336,22.359999999999996,22.508737864077666,0.011780539373910064,1.1817483126648687,0.005794715181149041,0.02432071317103751,1.3356421744644276,-0.5547405845902644,-0.07977664938348632
5,4,Collin Sexton,32.3,CLE,PG/SG,5800,34.0,30.200000000000003,5.18,34.333333333333336,28.620000000000005,29.906796116504854,0.6042837328027165,1.1334468575576797,0.5286636566647139,0.5281127604279862,0.6955379654050529,0.6822345902417533,0.4347051494103676
5,5,Ben McLemore,22.8,HOU,SG/SF,3500,30.0,22.25,6.355,23.666666666666668,18.69,28.204225352112676,0.0003862471925869763,0.7470352167001681,0.40833189622114974,-0.27103341038055934,1.5856236998958992,0.047031122084771344,-0.10619415391809964
5,6,Deandre Ayton,37.5,PHO,PF/C,7800,31.5,40.099999999999994,5.145,30.333333333333332,37.42,41.64230769230769,1.3563070167700468,0.891939582021735,1.3580886633406186,1.2363188332492545,0.669024773313836,1.0299249096539964,1.0496435036651675
5,7,Devin Booker,55.8,PHO,PG/SG,8200,37.0,46.0,5.63,37.333333333333336,43.6,45.58928571428571,1.8044825092354262,1.4232555882008135,1.6370472968081853,1.7336726434805547,1.0364218637206961,2.253527379893235,1.3829785597453508
6,0,Collin Sexton,32.3,CLE,PG/SG,5800,34.0,30.200000000000003,5.18,34.333333333333336,28.620000000000005,29.906796116504854,0.6042837328027165,1.1334468575576797,0.5286636566647139,0.5281127604279862,0.6955379654050529,0.6822345902417533,0.4347051494103676
6,1,James Harden,61.5,HOU,PG/SG,13000,37.5,70.75,5.46,38.666666666666664,67.05,68.61530172413794,3.6845407191537536,1.4715570433080025,3.264445758249747,3.620880871623594,0.9076435021347865,2.6346494607874247,2.9055443661141616
6,2,Cedi Osman,27.8,CLE,SF/PF,4400,33.0,26.85,6.09,33.333333333333336,22.23,26.5815,0.34981120741983174,1.0368439473433018,0.2936433308939802,0.013858578004360045,1.3848809597766867,0.38134873690423565,0.15188577527276545
6,3,Julius Randle,49.3,NY,PF/C,7500,32.0,39.75,5.3149999999999995,32.333333333333336,38.410000000000004,39.340206185567006,1.3297203350136264,0.9402410371289239,1.1953841621125691,1.3159920164416474,0.7978031348997455,1.8189144806279318,1.0190878573050381
6,4,Devin Booker,55.8,PHO,PG/SG,8200,37.0,46.0,5.63,37.333333333333336,43.6,45.58928571428571,1.8044825092354262,1.4232555882008135,1.6370472968081853,1.7336726434805547,1.0364218637206961,2.253527379893235,1.3829785597453508
6,5,Ben McLemore,22.8,HOU,SG/SF,3500,30.0,22.25,6.355,23.666666666666668,18.69,28.204225352112676,0.0003862471925869763,0.7470352167001681,0.40833189622114974,-0.27103341038055934,1.5856236998958992,0.047031122084771344,-0.10619415391809964
6,6,P.J. Tucker,13.8,HOU,PF/C,3700,34.5,22.4,6.025,34.333333333333336,22.359999999999996,22.508737864077666,0.011780539373910064,1.1817483126648687,0.005794715181149041,0.02432071317103751,1.3356421744644276,-0.5547405845902644,-0.07977664938348632
6,7,Elie Okobo,8.3,PHO,PG/SG,3200,28.0,23.55,7.34,13.0,13.11,50.723076923076924,0.0991367794307214,0.5538293962714123,1.9998857448911829,-0.7201004429195003,2.3317806773201397,-0.9224899608916751,-0.01999928535577359
7,0,Draymond Green,16.3,GS,PG/SF,6000,30.5,29.75,4.984999999999999,27.333333333333332,28.29,33.19664634146341,0.5701008562587467,0.795336671807357,0.7611787905107056,0.5015550326971882,0.547821609468274,-0.3875817771805322,0.43727629704376997
7,1,James Harden,61.5,HOU,PG/SG,13000,37.5,70.75,5.46,38.666666666666664,67.05,68.61530172413794,3.6845407191537536,1.4715570433080025,3.264445758249747,3.620880871623594,0.9076435021347865,2.6346494607874247,2.9055443661141616
7,2,Cedi Osman,27.8,CLE,SF/PF,4400,33.0,26.85,6.09,33.333333333333336,22.23,26.5815,0.34981120741983174,1.0368439473433018,0.2936433308939802,0.013858578004360045,1.3848809597766867,0.38134873690423565,0.15188577527276545
7,3,P.J. Tucker,13.8,HOU,PF/C,3700,34.5,22.4,6.025,34.333333333333336,22.359999999999996,22.508737864077666,0.011780539373910064,1.1817483126648687,0.005794715181149041,0.02432071317103751,1.3356421744644276,-0.5547405845902644,-0.07977664938348632
7,4,Elie Okobo,8.3,PHO,PG/SG,3200,28.0,23.55,7.34,13.0,13.11,50.723076923076924,0.0991367794307214,0.5538293962714123,1.9998857448911829,-0.7201004429195003,2.3317806773201397,-0.9224899608916751,-0.01999928535577359
7,5,Ben McLemore,22.8,HOU,SG/SF,3500,30.0,22.25,6.355,23.666666666666668,18.69,28.204225352112676,0.0003862471925869763,0.7470352167001681,0.40833189622114974,-0.27103341038055934,1.5856236998958992,0.047031122084771344,-0.10619415391809964
7,6,Deandre Ayton,37.5,PHO,PF/C,7800,31.5,40.099999999999994,5.145,30.333333333333332,37.42,41.64230769230769,1.3563070167700468,0.891939582021735,1.3580886633406186,1.2363188332492545,0.669024773313836,1.0299249096539964,1.0496435036651675
7,7,Devin Booker,55.8,PHO,PG/SG,8200,37.0,46.0,5.63,37.333333333333336,43.6,45.58928571428571,1.8044825092354262,1.4232555882008135,1.6370472968081853,1.7336726434805547,1.0364218637206961,2.253527379893235,1.3829785597453508
8,0,Devin Booker,55.8,PHO,PG/SG,8200,37.0,46.0,5.63,37.333333333333336,43.6,45.58928571428571,1.8044825092354262,1.4232555882008135,1.6370472968081853,1.7336726434805547,1.0364218637206961,2.253527379893235,1.3829785597453508
8,1,James Harden,61.5,HOU,PG/SG,13000,37.5,70.75,5.46,38.666666666666664,67.05,68.61530172413794,3.6845407191537536,1.4715570433080025,3.264445758249747,3.620880871623594,0.9076435021347865,2.6346494607874247,2.9055443661141616
8,2,JaMychal Green,10.5,LAC,SF/PF,3800,20.5,19.85,5.215,22.333333333333332,19.169999999999998,18.220522388059706,-0.18192242770858405,-0.17069243033642206,-0.2972813907772394,-0.23240398822667221,0.7220511574962696,-0.7753902103711109,-0.21572756770041154
8,3,Montrezl Harrell,22.3,LAC,PF/C,7000,29.5,36.3,5.205,30.0,35.67999999999999,35.695,1.0676516148431927,0.6987337615929792,0.9377537089985448,1.096287177941412,0.7144759597559222,0.013599360602824918,0.8148762932544275
8,4,Ben McLemore,22.8,HOU,SG/SF,3500,30.0,22.25,6.355,23.666666666666668,18.69,28.204225352112676,0.0003862471925869763,0.7470352167001681,0.40833189622114974,-0.27103341038055934,1.5856236998958992,0.047031122084771344,-0.10619415391809964
8,5,Julius Randle,49.3,NY,PF/C,7500,32.0,39.75,5.3149999999999995,32.333333333333336,38.410000000000004,39.340206185567006,1.3297203350136264,0.9402410371289239,1.1953841621125691,1.3159920164416474,0.7978031348997455,1.8189144806279318,1.0190878573050381
8,6,P.J. Tucker,13.8,HOU,PF/C,3700,34.5,22.4,6.025,34.333333333333336,22.359999999999996,22.508737864077666,0.011780539373910064,1.1817483126648687,0.005794715181149041,0.02432071317103751,1.3356421744644276,-0.5547405845902644,-0.07977664938348632
8,7,Elie Okobo,8.3,PHO,PG/SG,3200,28.0,23.55,7.34,13.0,13.11,50.723076923076924,0.0991367794307214,0.5538293962714123,1.9998857448911829,-0.7201004429195003,2.3317806773201397,-0.9224899608916751,-0.01999928535577359
9,0,Elie Okobo,8.3,PHO,PG/SG,3200,28.0,23.55,7.34,13.0,13.11,50.723076923076924,0.0991367794307214,0.5538293962714123,1.9998857448911829,-0.7201004429195003,2.3317806773201397,-0.9224899608916751,-0.01999928535577359
9,1,Alec Burks,25.5,GS,PG/SG,5300,29.0,28.05,5.27,29.666666666666668,30.01,27.419662921348316,0.4409655448704173,0.6504323064857902,0.3528817613743545,0.6399771287486181,0.7637147450681813,0.22756263408728203,0.3209835885390456
9,2,Dorian Finney-Smith,12.3,DAL,SF/PF,4700,32.5,23.5,4.975,31.333333333333332,22.4,24.375,0.09533868203694694,0.9885424922361129,0.13769561055736745,0.027539831683861676,0.5402464117279264,-0.6550358690361037,0.040505957717478225
9,3,Julius Randle,49.3,NY,PF/C,7500,32.0,39.75,5.3149999999999995,32.333333333333336,38.410000000000004,39.340206185567006,1.3297203350136264,0.9402410371289239,1.1953841621125691,1.3159920164416474,0.7978031348997455,1.8189144806279318,1.0190878573050381
9,4,James Harden,61.5,HOU,PG/SG,13000,37.5,70.75,5.46,38.666666666666664,67.05,68.61530172413794,3.6845407191537536,1.4715570433080025,3.264445758249747,3.620880871623594,0.9076435021347865,2.6346494607874247,2.9055443661141616
9,5,Cedi Osman,27.8,CLE,SF/PF,4400,33.0,26.85,6.09,33.333333333333336,22.23,26.5815,0.34981120741983174,1.0368439473433018,0.2936433308939802,0.013858578004360045,1.3848809597766867,0.38134873690423565,0.15188577527276545
9,6,P.J. Tucker,13.8,HOU,PF/C,3700,34.5,22.4,6.025,34.333333333333336,22.359999999999996,22.508737864077666,0.011780539373910064,1.1817483126648687,0.005794715181149041,0.02432071317103751,1.3356421744644276,-0.5547405845902644,-0.07977664938348632
9,7,Devin Booker,55.8,PHO,PG/SG,8200,37.0,46.0,5.63,37.333333333333336,43.6,45.58928571428571,1.8044825092354262,1.4232555882008135,1.6370472968081853,1.7336726434805547,1.0364218637206961,2.253527379893235,1.3829785597453508
10,0,Elie Okobo,8.3,PHO,PG/SG,3200,28.0,23.55,7.34,13.0,13.11,50.723076923076924,0.0991367794307214,0.5538293962714123,1.9998857448911829,-0.7201004429195003,2.3317806773201397,-0.9224899608916751,-0.01999928535577359
10,1,James Harden,61.5,HOU,PG/SG,13000,37.5,70.75,5.46,38.666666666666664,67.05,68.61530172413794,3.6845407191537536,1.4715570433080025,3.264445758249747,3.620880871623594,0.9076435021347865,2.6346494607874247,2.9055443661141616
10,2,Cedi Osman,27.8,CLE,SF/PF,4400,33.0,26.85,6.09,33.333333333333336,22.23,26.5815,0.34981120741983174,1.0368439473433018,0.2936433308939802,0.013858578004360045,1.3848809597766867,0.38134873690423565,0.15188577527276545
10,3,JaMychal Green,10.5,LAC,SF/PF,3800,20.5,19.85,5.215,22.333333333333332,19.169999999999998,18.220522388059706,-0.18192242770858405,-0.17069243033642206,-0.2972813907772394,-0.23240398822667221,0.7220511574962696,-0.7753902103711109,-0.21572756770041154
10,4,Ben McLemore,22.8,HOU,SG/SF,3500,30.0,22.25,6.355,23.666666666666668,18.69,28.204225352112676,0.0003862471925869763,0.7470352167001681,0.40833189622114974,-0.27103341038055934,1.5856236998958992,0.047031122084771344,-0.10619415391809964
10,5,Caris LeVert,19.5,BKN,PG/SF,5000,25.5,23.75,4.725,24.333333333333332,25.35,24.888698630136986,0.11432916900581894,0.3123221207354675,0.17400203716507368,0.26494982200462813,0.35086646821923584,-0.17361850369607512,0.08947666663840813
10,6,John Collins,42.5,ATL,PF/C,8300,33.0,44.2,5.3,29.666666666666668,38.96,49.166292134831465,1.6677510030595482,1.0368439473433018,1.889857628516111,1.3602548959929766,0.7864403382892243,1.3642425244734606,1.2938669296159568
10,7,Devin Booker,55.8,PHO,PG/SG,8200,37.0,46.0,5.63,37.333333333333336,43.6,45.58928571428571,1.8044825092354262,1.4232555882008135,1.6370472968081853,1.7336726434805547,1.0364218637206961,2.253527379893235,1.3829785597453508
11,0,James Harden,61.5,HOU,PG/SG,13000,37.5,70.75,5.46,38.666666666666664,67.05,68.61530172413794,3.6845407191537536,1.4715570433080025,3.264445758249747,3.620880871623594,0.9076435021347865,2.6346494607874247,2.9055443661141616
11,1,Elie Okobo,8.3,PHO,PG/SG,3200,28.0,23.55,7.34,13.0,13.11,50.723076923076924,0.0991367794307214,0.5538293962714123,1.9998857448911829,-0.7201004429195003,2.3317806773201397,-0.9224899608916751,-0.01999928535577359
11,2,Cedi Osman,27.8,CLE,SF/PF,4400,33.0,26.85,6.09,33.333333333333336,22.23,26.5815,0.34981120741983174,1.0368439473433018,0.2936433308939802,0.013858578004360045,1.3848809597766867,0.38134873690423565,0.15188577527276545
11,3,Julius Randle,49.3,NY,PF/C,7500,32.0,39.75,5.3149999999999995,32.333333333333336,38.410000000000004,39.340206185567006,1.3297203350136264,0.9402410371289239,1.1953841621125691,1.3159920164416474,0.7978031348997455,1.8189144806279318,1.0190878573050381
11,4,Ben McLemore,22.8,HOU,SG/SF,3500,30.0,22.25,6.355,23.666666666666668,18.69,28.204225352112676,0.0003862471925869763,0.7470352167001681,0.40833189622114974,-0.27103341038055934,1.5856236998958992,0.047031122084771344,-0.10619415391809964
11,5,Dillon Brooks,42.5,MEM,SG/SF,5400,30.0,26.95,5.005,28.333333333333332,26.729999999999997,28.53529411764706,0.3574074022073804,0.7470352167001681,0.4317306812924135,0.37600941069705396,0.5629720049489695,1.3642425244734606,0.26233341848801384
11,6,P.J. Tucker,13.8,HOU,PF/C,3700,34.5,22.4,6.025,34.333333333333336,22.359999999999996,22.508737864077666,0.011780539373910064,1.1817483126648687,0.005794715181149041,0.02432071317103751,1.3356421744644276,-0.5547405845902644,-0.07977664938348632
11,7,John Collins,42.5,ATL,PF/C,8300,33.0,44.2,5.3,29.666666666666668,38.96,49.166292134831465,1.6677510030595482,1.0368439473433018,1.889857628516111,1.3602548959929766,0.7864403382892243,1.3642425244734606,1.2938669296159568
12,0,Elie Okobo,8.3,PHO,PG/SG,3200,28.0,23.55,7.34,13.0,13.11,50.723076923076924,0.0991367794307214,0.5538293962714123,1.9998857448911829,-0.7201004429195003,2.3317806773201397,-0.9224899608916751,-0.01999928535577359
12,1,James Harden,61.5,HOU,PG/SG,13000,37.5,70.75,5.46,38.666666666666664,67.05,68.61530172413794,3.6845407191537536,1.4715570433080025,3.264445758249747,3.620880871623594,0.9076435021347865,2.6346494607874247,2.9055443661141616
12,2,Joe Harris,18.3,BKN,SG/SF,4800,31.0,22.9,4.75,34.0,25.22,20.879411764705882,0.04976151331165405,0.843638126914546,-0.10936036792874235,0.2544876868379501,0.3698044625701052,-0.2538547312527465,0.026897798782713405
12,3,Cedi Osman,27.8,CLE,SF/PF,4400,33.0,26.85,6.09,33.333333333333336,22.23,26.5815,0.34981120741983174,1.0368439473433018,0.2936433308939802,0.013858578004360045,1.3848809597766867,0.38134873690423565,0.15188577527276545
12,4,Devin Booker,55.8,PHO,PG/SG,8200,37.0,46.0,5.63,37.333333333333336,43.6,45.58928571428571,1.8044825092354262,1.4232555882008135,1.6370472968081853,1.7336726434805547,1.0364218637206961,2.253527379893235,1.3829785597453508
12,5,John Collins,42.5,ATL,PF/C,8300,33.0,44.2,5.3,29.666666666666668,38.96,49.166292134831465,1.6677510030595482,1.0368439473433018,1.889857628516111,1.3602548959929766,0.7864403382892243,1.3642425244734606,1.2938669296159568
12,6,P.J. Tucker,13.8,HOU,PF/C,3700,34.5,22.4,6.025,34.333333333333336,22.359999999999996,22.508737864077666,0.011780539373910064,1.1817483126648687,0.005794715181149041,0.02432071317103751,1.3356421744644276,-0.5547405845902644,-0.07977664938348632
12,7,JaMychal Green,10.5,LAC,SF/PF,3800,20.5,19.85,5.215,22.333333333333332,19.169999999999998,18.220522388059706,-0.18192242770858405,-0.17069243033642206,-0.2972813907772394,-0.23240398822667221,0.7220511574962696,-0.7753902103711109,-0.21572756770041154
13,0,Elie Okobo,8.3,PHO,PG/SG,3200,28.0,23.55,7.34,13.0,13.11,50.723076923076924,0.0991367794307214,0.5538293962714123,1.9998857448911829,-0.7201004429195003,2.3317806773201397,-0.9224899608916751,-0.01999928535577359
13,1,Ben McLemore,22.8,HOU,SG/SF,3500,30.0,22.25,6.355,23.666666666666668,18.69,28.204225352112676,0.0003862471925869763,0.7470352167001681,0.40833189622114974,-0.27103341038055934,1.5856236998958992,0.047031122084771344,-0.10619415391809964
13,2,Dorian Finney-Smith,12.3,DAL,SF/PF,4700,32.5,23.5,4.975,31.333333333333332,22.4,24.375,0.09533868203694694,0.9885424922361129,0.13769561055736745,0.027539831683861676,0.5402464117279264,-0.6550358690361037,0.040505957717478225
13,3,Deandre Ayton,37.5,PHO,PF/C,7800,31.5,40.099999999999994,5.145,30.333333333333332,37.42,41.64230769230769,1.3563070167700468,0.891939582021735,1.3580886633406186,1.2363188332492545,0.669024773313836,1.0299249096539964,1.0496435036651675
13,4,James Harden,61.5,HOU,PG/SG,13000,37.5,70.75,5.46,38.666666666666664,67.05,68.61530172413794,3.6845407191537536,1.4715570433080025,3.264445758249747,3.620880871623594,0.9076435021347865,2.6346494607874247,2.9055443661141616
13,5,Cedi Osman,27.8,CLE,SF/PF,4400,33.0,26.85,6.09,33.333333333333336,22.23,26.5815,0.34981120741983174,1.0368439473433018,0.2936433308939802,0.013858578004360045,1.3848809597766867,0.38134873690423565,0.15188577527276545
13,6,Taj Gibson,3.5,NY,PF/C,4600,19.0,19.4,4.22,22.333333333333332,16.24,16.5044776119403,-0.21610530425255384,-0.3155967956579889,-0.4185654473516218,-0.4682044192910264,-0.03168101766831908,-1.243434871118361,-0.21706719904696894
13,7,John Collins,42.5,ATL,PF/C,8300,33.0,44.2,5.3,29.666666666666668,38.96,49.166292134831465,1.6677510030595482,1.0368439473433018,1.889857628516111,1.3602548959929766,0.7864403382892243,1.3642425244734606,1.2938669296159568
14,0,Devin Booker,55.8,PHO,PG/SG,8200,37.0,46.0,5.63,37.333333333333336,43.6,45.58928571428571,1.8044825092354262,1.4232555882008135,1.6370472968081853,1.7336726434805547,1.0364218637206961,2.253527379893235,1.3829785597453508
14,1,J.J. Barea,16.5,DAL,PG/SG,3300,0.0,7.75,2.35,19.666666666666668,15.51,0.0,-1.1010619970019886,-2.151052089731169,-1.585044331978295,-0.5269533321500633,-1.4482429951133244,-0.3742090725877537,-0.783734665721792
14,2,Cedi Osman,27.8,CLE,SF/PF,4400,33.0,26.85,6.09,33.333333333333336,22.23,26.5815,0.34981120741983174,1.0368439473433018,0.2936433308939802,0.013858578004360045,1.3848809597766867,0.38134873690423565,0.15188577527276545
14,3,Omari Spellman,15.0,GS,PF/C,5500,27.0,27.9,5.075,22.666666666666668,22.76,33.23382352941176,0.4295712526890939,0.45722648605703436,0.7638063444237218,0.056511898299277455,0.6159983891314031,-0.474504357033593,0.2961050790136884
14,4,Elie Okobo,8.3,PHO,PG/SG,3200,28.0,23.55,7.34,13.0,13.11,50.723076923076924,0.0991367794307214,0.5538293962714123,1.9998857448911829,-0.7201004429195003,2.3317806773201397,-0.9224899608916751,-0.01999928535577359
14,5,Ben McLemore,22.8,HOU,SG/SF,3500,30.0,22.25,6.355,23.666666666666668,18.69,28.204225352112676,0.0003862471925869763,0.7470352167001681,0.40833189622114974,-0.27103341038055934,1.5856236998958992,0.047031122084771344,-0.10619415391809964
14,6,John Collins,42.5,ATL,PF/C,8300,33.0,44.2,5.3,29.666666666666668,38.96,49.166292134831465,1.6677510030595482,1.0368439473433018,1.889857628516111,1.3602548959929766,0.7864403382892243,1.3642425244734606,1.2938669296159568
14,7,James Harden,61.5,HOU,PG/SG,13000,37.5,70.75,5.46,38.666666666666664,67.05,68.61530172413794,3.6845407191537536,1.4715570433080025,3.264445758249747,3.620880871623594,0.9076435021347865,2.6346494607874247,2.9055443661141616
15,0,Elie Okobo,8.3,PHO,PG/SG,3200,28.0,23.55,7.34,13.0,13.11,50.723076923076924,0.0991367794307214,0.5538293962714123,1.9998857448911829,-0.7201004429195003,2.3317806773201397,-0.9224899608916751,-0.01999928535577359
15,1,Ben McLemore,22.8,HOU,SG/SF,3500,30.0,22.25,6.355,23.666666666666668,18.69,28.204225352112676,0.0003862471925869763,0.7470352167001681,0.40833189622114974,-0.27103341038055934,1.5856236998958992,0.047031122084771344,-0.10619415391809964
15,2,Cedi Osman,27.8,CLE,SF/PF,4400,33.0,26.85,6.09,33.333333333333336,22.23,26.5815,0.34981120741983174,1.0368439473433018,0.2936433308939802,0.013858578004360045,1.3848809597766867,0.38134873690423565,0.15188577527276545
15,3,Kelly Oubre Jr.,18.3,PHO,SF/PF,7900,37.5,38.65,4.885,36.666666666666664,36.910000000000004,39.52840909090909,1.2461621923505897,1.4715570433080025,1.2086856867211466,1.1952750722107495,0.47206963206479796,-0.2538547312527465,0.9814171098459894
15,4,James Harden,61.5,HOU,PG/SG,13000,37.5,70.75,5.46,38.666666666666664,67.05,68.61530172413794,3.6845407191537536,1.4715570433080025,3.264445758249747,3.620880871623594,0.9076435021347865,2.6346494607874247,2.9055443661141616
15,5,Dorian Finney-Smith,12.3,DAL,SF/PF,4700,32.5,23.5,4.975,31.333333333333332,22.4,24.375,0.09533868203694694,0.9885424922361129,0.13769561055736745,0.027539831683861676,0.5402464117279264,-0.6550358690361037,0.040505957717478225
15,6,P.J. Tucker,13.8,HOU,PF/C,3700,34.5,22.4,6.025,34.333333333333336,22.359999999999996,22.508737864077666,0.011780539373910064,1.1817483126648687,0.005794715181149041,0.02432071317103751,1.3356421744644276,-0.5547405845902644,-0.07977664938348632
15,7,Alec Burks,25.5,GS,PG/SG,5300,29.0,28.05,5.27,29.666666666666668,30.01,27.419662921348316,0.4409655448704173,0.6504323064857902,0.3528817613743545,0.6399771287486181,0.7637147450681813,0.22756263408728203,0.3209835885390456
16,0,Alec Burks,25.5,GS,PG/SG,5300,29.0,28.05,5.27,29.666666666666668,30.01,27.419662921348316,0.4409655448704173,0.6504323064857902,0.3528817613743545,0.6399771287486181,0.7637147450681813,0.22756263408728203,0.3209835885390456
16,1,Elie Okobo,8.3,PHO,PG/SG,3200,28.0,23.55,7.34,13.0,13.11,50.723076923076924,0.0991367794307214,0.5538293962714123,1.9998857448911829,-0.7201004429195003,2.3317806773201397,-0.9224899608916751,-0.01999928535577359
16,2,Cedi Osman,27.8,CLE,SF/PF,4400,33.0,26.85,6.09,33.333333333333336,22.23,26.5815,0.34981120741983174,1.0368439473433018,0.2936433308939802,0.013858578004360045,1.3848809597766867,0.38134873690423565,0.15188577527276545
16,3,Alen Smailagic,10.3,GS,PF/C,3000,0.0,3.0,1.0,8.333333333333334,8.139999999999999,0.0,-1.4618812494105564,-2.151052089731169,-1.585044331978295,-1.1200759181378759,-2.4708946900602538,-0.7887629149638894,-0.9990225363975256
16,4,Devin Booker,55.8,PHO,PG/SG,8200,37.0,46.0,5.63,37.333333333333336,43.6,45.58928571428571,1.8044825092354262,1.4232555882008135,1.6370472968081853,1.7336726434805547,1.0364218637206961,2.253527379893235,1.3829785597453508
16,5,Julius Randle,49.3,NY,PF/C,7500,32.0,39.75,5.3149999999999995,32.333333333333336,38.410000000000004,39.340206185567006,1.3297203350136264,0.9402410371289239,1.1953841621125691,1.3159920164416474,0.7978031348997455,1.8189144806279318,1.0190878573050381
16,6,Jonas Valanciunas,31.0,MEM,C,7300,27.0,37.0,5.075,27.333333333333332,36.0,36.54878048780488,1.1208249783560345,0.45722648605703436,0.9980959345779932,1.1220401260440043,0.6159983891314031,0.5953120103886927,0.8617508506035342
16,7,Patrick Beverley,35.3,LAC,PG/SG,5300,30.5,27.65,5.205,30.333333333333332,26.809999999999995,27.801923076923078,0.4105807657202219,0.795336671807357,0.3798985752594228,0.38244764772270173,0.7144759597559222,0.8828251591334318,0.28198228365977973
17,0,Elie Okobo,8.3,PHO,PG/SG,3200,28.0,23.55,7.34,13.0,13.11,50.723076923076924,0.0991367794307214,0.5538293962714123,1.9998857448911829,-0.7201004429195003,2.3317806773201397,-0.9224899608916751,-0.01999928535577359
17,1,Eric Gordon,33.0,HOU,SG/SF,4800,28.5,23.25,4.845000000000001,28.0,20.250000000000004,23.665178571428573,0.07634819506807494,0.6021308513786012,0.08752790893407629,-0.14548778838042517,0.4417688411034081,0.7290390563164785,0.011873122146524785
17,2,Justin Jackson,7.3,DAL,SF/PF,3000,16.0,12.15,4.035,16.666666666666668,11.73,11.664,-0.7668294263498415,-0.6054055263011227,-0.760673513937845,-0.8311600316119264,-0.17182217586474982,-0.989353483855568,-0.6218835662186247
17,3,John Collins,42.5,ATL,PF/C,8300,33.0,44.2,5.3,29.666666666666668,38.96,49.166292134831465,1.6677510030595482,1.0368439473433018,1.889857628516111,1.3602548959929766,0.7864403382892243,1.3642425244734606,1.2938669296159568
17,4,Alec Burks,25.5,GS,PG/SG,5300,29.0,28.05,5.27,29.666666666666668,30.01,27.419662921348316,0.4409655448704173,0.6504323064857902,0.3528817613743545,0.6399771287486181,0.7637147450681813,0.22756263408728203,0.3209835885390456
17,5,P.J. Tucker,13.8,HOU,PF/C,3700,34.5,22.4,6.025,34.333333333333336,22.359999999999996,22.508737864077666,0.011780539373910064,1.1817483126648687,0.005794715181149041,0.02432071317103751,1.3356421744644276,-0.5547405845902644,-0.07977664938348632
17,6,Julius Randle,49.3,NY,PF/C,7500,32.0,39.75,5.3149999999999995,32.333333333333336,38.410000000000004,39.340206185567006,1.3297203350136264,0.9402410371289239,1.1953841621125691,1.3159920164416474,0.7978031348997455,1.8189144806279318,1.0190878573050381
17,7,Collin Sexton,32.3,CLE,PG/SG,5800,34.0,30.200000000000003,5.18,34.333333333333336,28.620000000000005,29.906796116504854,0.6042837328027165,1.1334468575576797,0.5286636566647139,0.5281127604279862,0.6955379654050529,0.6822345902417533,0.4347051494103676
18,0,Elie Okobo,8.3,PHO,PG/SG,3200,28.0,23.55,7.34,13.0,13.11,50.723076923076924,0.0991367794307214,0.5538293962714123,1.9998857448911829,-0.7201004429195003,2.3317806773201397,-0.9224899608916751,-0.01999928535577359
18,1,Wesley Matthews,17.8,MIL,SG/SF,3400,21.5,14.4,4.255,23.0,13.760000000000002,13.460869565217392,-0.5959150436299936,-0.07408952012204416,-0.6336770433111091,-0.6677897670861109,-0.005167825577102285,-0.2872864927346929,-0.49589630990057343
18,2,Caris LeVert,19.5,BKN,PG/SF,5000,25.5,23.75,4.725,24.333333333333332,25.35,24.888698630136986,0.11432916900581894,0.3123221207354675,0.17400203716507368,0.26494982200462813,0.35086646821923584,-0.17361850369607512,0.08947666663840813
18,3,P.J. Tucker,13.8,HOU,PF/C,3700,34.5,22.4,6.025,34.333333333333336,22.359999999999996,22.508737864077666,0.011780539373910064,1.1817483126648687,0.005794715181149041,0.02432071317103751,1.3356421744644276,-0.5547405845902644,-0.07977664938348632
18,4,Devin Booker,55.8,PHO,PG/SG,8200,37.0,46.0,5.63,37.333333333333336,43.6,45.58928571428571,1.8044825092354262,1.4232555882008135,1.6370472968081853,1.7336726434805547,1.0364218637206961,2.253527379893235,1.3829785597453508
18,5,Draymond Green,16.3,GS,PG/SF,6000,30.5,29.75,4.984999999999999,27.333333333333332,28.29,33.19664634146341,0.5701008562587467,0.795336671807357,0.7611787905107056,0.5015550326971882,0.547821609468274,-0.3875817771805322,0.43727629704376997
18,6,Montrezl Harrell,22.3,LAC,PF/C,7000,29.5,36.3,5.205,30.0,35.67999999999999,35.695,1.0676516148431927,0.6987337615929792,0.9377537089985448,1.096287177941412,0.7144759597559222,0.013599360602824918,0.8148762932544275
18,7,Cedi Osman,27.8,CLE,SF/PF,4400,33.0,26.85,6.09,33.333333333333336,22.23,26.5815,0.34981120741983174,1.0368439473433018,0.2936433308939802,0.013858578004360045,1.3848809597766867,0.38134873690423565,0.15188577527276545
19,0,Elie Okobo,8.3,PHO,PG/SG,3200,28.0,23.55,7.34,13.0,13.11,50.723076923076924,0.0991367794307214,0.5538293962714123,1.9998857448911829,-0.7201004429195003,2.3317806773201397,-0.9224899608916751,-0.01999928535577359
19,1,Devin Booker,55.8,PHO,PG/SG,8200,37.0,46.0,5.63,37.333333333333336,43.6,45.58928571428571,1.8044825092354262,1.4232555882008135,1.6370472968081853,1.7336726434805547,1.0364218637206961,2.253527379893235,1.3829785597453508
19,2,Cedi Osman,27.8,CLE,SF/PF,4400,33.0,26.85,6.09,33.333333333333336,22.23,26.5815,0.34981120741983174,1.0368439473433018,0.2936433308939802,0.013858578004360045,1.3848809597766867,0.38134873690423565,0.15188577527276545
19,3,Dorian Finney-Smith,12.3,DAL,SF/PF,4700,32.5,23.5,4.975,31.333333333333332,22.4,24.375,0.09533868203694694,0.9885424922361129,0.13769561055736745,0.027539831683861676,0.5402464117279264,-0.6550358690361037,0.040505957717478225
19,4,Kadeem Allen,24.8,NY,PG/SG,3100,15.5,11.9,3.865,10.0,9.799999999999999,18.445,-0.7858199133187135,-0.6537069814083116,-0.2814160964882316,-0.986482499855682,-0.3006005374506594,0.18075816801255706,-0.6032197564395633
19,5,Julius Randle,49.3,NY,PF/C,7500,32.0,39.75,5.3149999999999995,32.333333333333336,38.410000000000004,39.340206185567006,1.3297203350136264,0.9402410371289239,1.1953841621125691,1.3159920164416474,0.7978031348997455,1.8189144806279318,1.0190878573050381
19,6,P.J. Tucker,13.8,HOU,PF/C,3700,34.5,22.4,6.025,34.333333333333336,22.359999999999996,22.508737864077666,0.011780539373910064,1.1817483126648687,0.005794715181149041,0.02432071317103751,1.3356421744644276,-0.5547405845902644,-0.07977664938348632
19,7,Alec Burks,25.5,GS,PG/SG,5300,29.0,28.05,5.27,29.666666666666668,30.01,27.419662921348316,0.4409655448704173,0.6504323064857902,0.3528817613743545,0.6399771287486181,0.7637147450681813,0.22756263408728203,0.3209835885390456
20,0,RJ Barrett,41.5,NY,PG/SG,5600,30.0,26.2,4.655,33.666666666666664,27.259999999999998,23.346534653465348,0.3004359413007644,0.7470352167001681,0.0650072687321766,0.4186627309919714,0.29784008403680295,1.2973790015095676,0.22106509929028234
20,1,Donte DiVincenzo,21.8,MIL,PG/SG,4800,23.5,21.45,4.49,24.333333333333332,22.67,20.71541095890411,-0.060383311107803456,0.11911630030671166,-0.12095137259593208,0.04926888164542358,0.17284932132106712,-0.01983240087912151,-0.05463980374043511
20,2,Wesley Matthews,17.8,MIL,SG/SF,3400,21.5,14.4,4.255,23.0,13.760000000000002,13.460869565217392,-0.5959150436299936,-0.07408952012204416,-0.6336770433111091,-0.6677897670861109,-0.005167825577102285,-0.2872864927346929,-0.49589630990057343
20,3,Bojan Bogdanovic,22.5,UTA,SF/PF,6400,33.5,29.15,4.54,32.333333333333336,30.77,30.201804123711337,0.5245236875334539,1.0851454024504907,0.5495137931727122,0.701140380492273,0.21072531002280512,0.02697206519560344,0.43819399972719797
20,4,Jordan Clarkson,18.3,UTA,PG/SG,5600,24.0,22.25,3.9799999999999995,27.0,22.97,19.77777777777778,0.0003862471925869763,0.1674177554139006,-0.18722001393226453,0.07341227049160297,-0.21348576343666223,-0.2538547312527465,0.00951179160896409
20,5,Jaren Jackson Jr.,29.5,MEM,PF/C,6800,30.5,34.05,5.0,28.333333333333332,33.67,36.65382352941176,0.8967372321233448,0.795336671807357,1.005520010207187,0.9345264726720094,0.5591844060787958,0.49501672594285345,0.7070037715869458
20,6,Julius Randle,49.3,NY,PF/C,7500,32.0,39.75,5.3149999999999995,32.333333333333336,38.410000000000004,39.340206185567006,1.3297203350136264,0.9402410371289239,1.1953841621125691,1.3159920164416474,0.7978031348997455,1.8189144806279318,1.0190878573050381
20,7,Ben McLemore,22.8,HOU,SG/SF,3500,30.0,22.25,6.355,23.666666666666668,18.69,28.204225352112676,0.0003862471925869763,0.7470352167001681,0.40833189622114974,-0.27103341038055934,1.5856236998958992,0.047031122084771344,-0.10619415391809964
21,0,Luka Doncic,34.5,DAL,PG/SF,12600,35.0,63.449999999999996,5.02,34.333333333333336,60.629999999999995,64.68203883495144,3.130018499662691,1.2300497677720577,2.986456462508422,3.10421235031535,0.5743348015594907,0.8293343407623177,2.5019657877337678
21,1,Wesley Matthews,17.8,MIL,SG/SF,3400,21.5,14.4,4.255,23.0,13.760000000000002,13.460869565217392,-0.5959150436299936,-0.07408952012204416,-0.6336770433111091,-0.6677897670861109,-0.005167825577102285,-0.2872864927346929,-0.49589630990057343
21,2,Caris LeVert,19.5,BKN,PG/SF,5000,25.5,23.75,4.725,24.333333333333332,25.35,24.888698630136986,0.11432916900581894,0.3123221207354675,0.17400203716507368,0.26494982200462813,0.35086646821923584,-0.17361850369607512,0.08947666663840813
21,3,Cedi Osman,27.8,CLE,SF/PF,4400,33.0,26.85,6.09,33.333333333333336,22.23,26.5815,0.34981120741983174,1.0368439473433018,0.2936433308939802,0.013858578004360045,1.3848809597766867,0.38134873690423565,0.15188577527276545
21,4,Jalen Brunson,18.5,DAL,PG/SG,3000,14.0,12.1,4.035,14.0,14.079999999999998,12.1,-0.770627523743616,-0.7986113467298785,-0.7298585553759764,-0.6420368189835196,-0.17182217586474982,-0.24048202665996798,-0.6037290245606869
21,5,Dillon Brooks,42.5,MEM,SG/SF,5400,30.0,26.95,5.005,28.333333333333332,26.729999999999997,28.53529411764706,0.3574074022073804,0.7470352167001681,0.4317306812924135,0.37600941069705396,0.5629720049489695,1.3642425244734606,0.26233341848801384
21,6,Alen Smailagic,10.3,GS,PF/C,3000,0.0,3.0,1.0,8.333333333333334,8.139999999999999,0.0,-1.4618812494105564,-2.151052089731169,-1.585044331978295,-1.1200759181378759,-2.4708946900602538,-0.7887629149638894,-0.9990225363975256
21,7,Eric Bledsoe,23.0,MIL,PG,6500,27.5,33.3,5.13,28.0,32.8,32.705357142857146,0.8397657712167288,0.5055279411642233,0.7264561843250501,0.8645106450180882,0.6576619767033148,0.06040382667754987,0.6331109290385061
22,0,Spencer Dinwiddie,28.5,BKN,PG/SG,6700,29.5,32.4,4.855,30.666666666666668,36.84,31.167391304347824,0.7714000181287898,0.6987337615929792,0.617758125647907,1.1896416148133075,0.44934403884375557,0.4281532029789606,0.6305017497828366
22,1,Brandon Knight,2.3,CLE,PG/SG,3400,12.5,9.8,2.895,16.333333333333332,10.919999999999998,7.500000000000001,-0.9453400038572382,-0.9435157120514454,-1.0549705035057835,-0.8963471814966116,-1.035394718264379,-1.3236710986750322,-0.7041424056350192
22,2,Caris LeVert,19.5,BKN,PG/SF,5000,25.5,23.75,4.725,24.333333333333332,25.35,24.888698630136986,0.11432916900581894,0.3123221207354675,0.17400203716507368,0.26494982200462813,0.35086646821923584,-0.17361850369607512,0.08947666663840813
22,3,Dorian Finney-Smith,12.3,DAL,SF/PF,4700,32.5,23.5,4.975,31.333333333333332,22.4,24.375,0.09533868203694694,0.9885424922361129,0.13769561055736745,0.027539831683861676,0.5402464117279264,-0.6550358690361037,0.040505957717478225
22,4,Alec Burks,25.5,GS,PG/SG,5300,29.0,28.05,5.27,29.666666666666668,30.01,27.419662921348316,0.4409655448704173,0.6504323064857902,0.3528817613743545,0.6399771287486181,0.7637147450681813,0.22756263408728203,0.3209835885390456
22,5,Maxi Kleber,22.8,DAL,PF/C,5400,28.0,23.5,4.355,26.666666666666668,21.64,24.675,0.09533868203694694,0.5538293962714123,0.15889856369626795,-0.033623420059793185,0.07058415182637436,0.047031122084771344,0.06754194116721027
22,6,Bobby Portis,33.0,NY,PF/C,4500,19.0,20.5,4.5600000000000005,22.333333333333332,21.86,17.44029850746269,-0.13254716158951696,-0.3155967956579889,-0.35242489203773814,-0.01591826823926156,0.2258757055035007,0.7290390563164785,-0.13148969978011954
22,7,Elfrid Payton,13.3,NY,PG,5900,28.5,28.35,4.8149999999999995,29.666666666666668,27.79,27.235112359550563,0.4637541292330637,0.6021308513786012,0.3398383716625028,0.4613160512868888,0.41904324788236436,-0.5881723460722108,0.340971717515719
23,0,Lou Williams,30.8,LAC,PG/SG,7500,31.5,38.25,5.115,31.666666666666668,36.309999999999995,38.04868421052631,1.2157774132003945,0.891939582021735,1.104103895730409,1.1469882945183896,0.6462991800927936,0.5819393057959142,0.9331227090405463
23,1,Landry Shamet,27.3,LAC,SG/SF,3300,23.5,15.8,4.8,26.0,14.779999999999998,14.280769230769232,-0.4895683166043104,0.11911630030671166,-0.5757293960201229,-0.5857022450091006,0.40768045127184316,0.3479169754222892,-0.44434069152173744
23,2,Alfonzo McKinnie,14.8,CLE,SF/PF,3400,23.0,17.95,5.27,19.0,10.65,21.72894736842105,-0.32625012867201136,0.0708148451995227,-0.04931815594407496,-0.9180762314581731,0.7637147450681813,-0.4878770616263715,-0.35942416643027436
23,3,Isaiah Hartenstein,3.5,HOU,PF/C,4400,11.0,13.5,3.05,16.0,16.799999999999997,9.28125,-0.6642807967179327,-1.0884200773730122,-0.9290779692435619,-0.42313676011149126,-0.917979153288991,-1.243434871118361,-0.4770261805091696
23,4,Eric Bledsoe,23.0,MIL,PG,6500,27.5,33.3,5.13,28.0,32.8,32.705357142857146,0.8397657712167288,0.5055279411642233,0.7264561843250501,0.8645106450180882,0.6576619767033148,0.06040382667754987,0.6331109290385061
23,5,Dario Saric,10.3,PHO,SF/PF,3700,20.5,18.05,4.865,22.333333333333332,19.869999999999997,16.568283582089553,-0.31865393388446245,-0.17069243033642206,-0.41405586403476613,-0.17606941425225317,0.45691923658410305,-0.7887629149638894,-0.2867046125043856
23,6,Jaren Jackson Jr.,29.5,MEM,PF/C,6800,30.5,34.05,5.0,28.333333333333332,33.67,36.65382352941176,0.8967372321233448,0.795336671807357,1.005520010207187,0.9345264726720094,0.5591844060787958,0.49501672594285345,0.7070037715869458
23,7,Brandon Goodwin,10.5,ATL,PG/SG,4000,13.5,12.6,3.165,18.666666666666668,13.4,9.112499999999999,-0.732646549805872,-0.8469128018370674,-0.9410046303841935,-0.6967618337015266,-0.8308643792749932,-0.7753902103711109,-0.5541668892870721
24,0,Delon Wright,23.5,DAL,PG/SG,4600,24.0,22.9,4.97,23.666666666666668,21.32,23.222535211267605,0.04976151331165405,0.1674177554139006,0.056243420858281476,-0.0593763681623848,0.5364588128577528,0.0938355881594963,-0.008012871220245767
24,1,Donte DiVincenzo,21.8,MIL,PG/SG,4800,23.5,21.45,4.49,24.333333333333332,22.67,20.71541095890411,-0.060383311107803456,0.11911630030671166,-0.12095137259593208,0.04926888164542358,0.17284932132106712,-0.01983240087912151,-0.05463980374043511
24,2,Timothe Luwawu-Cabarrot,10.3,BKN,SG/SF,3000,13.5,9.15,3.065,16.0,9.69,7.7203125,-0.9947152699763054,-0.8469128018370674,-1.0393995847944033,-0.9953350757659479,-0.9066163566784695,-0.7887629149638894,-0.7531423198721008
24,3,Maxi Kleber,22.8,DAL,PF/C,5400,28.0,23.5,4.355,26.666666666666668,21.64,24.675,0.09533868203694694,0.5538293962714123,0.15889856369626795,-0.033623420059793185,0.07058415182637436,0.047031122084771344,0.06754194116721027
24,4,De'Anthony Melton,28.0,MEM,PG/SG,4400,21.5,21.55,4.915,18.333333333333332,21.130000000000003,25.27227272727273,-0.05278711632025455,-0.07408952012204416,0.20111171585462434,-0.07466718109829837,0.494795225285841,0.39472144149701416,-0.06169706325163228
24,5,Jaren Jackson Jr.,29.5,MEM,PF/C,6800,30.5,34.05,5.0,28.333333333333332,33.67,36.65382352941176,0.8967372321233448,0.795336671807357,1.005520010207187,0.9345264726720094,0.5591844060787958,0.49501672594285345,0.7070037715869458
24,6,Damian Jones,22.5,ATL,C,3000,17.0,15.5,5.16,12.333333333333334,12.819999999999999,21.364864864864867,-0.5123569009669569,-0.5088026160867447,-0.07505023681605934,-0.743439052137474,0.6803875699243579,0.02697206519560344,-0.4590541095734885
24,7,Cameron Johnson,25.5,PHO,SF/PF,3000,12.5,10.75,3.59,13.666666666666666,11.95,9.832317073170731,-0.8731761533755247,-0.9435157120514454,-0.890130471480795,-0.8134548797913949,-0.5089184753102193,0.22756263408728203,-0.6751850270909695
