Lineup Num,,Player Name,Actual FP,team,Pos,Salary,DFN_MinProj,Avg Proj,Avg Value Proj,Avg Skewed Min,Avg Skewed FP,Proj Min Enhanced,Avg Proj Stan,DFN_MinProj Stan,Proj Min Enhanced Stan,Avg Skewed FP Stan,Avg Value Proj Stan,Actual FP Stan,predictions
0,0,Goran Dragic,30.5,MIA,PG,5400,30.0,34.4,6.35,29.666666666666668,30.54,34.78651685393258,0.9357656394703436,0.6694366352906965,0.861858953338579,0.6782319475571854,1.202391199495098,0.6447035729704679,0.6547185745049292
0,1,James Harden,62.3,HOU,PG/SG,10900,37.5,57.15,5.24,35.666666666666664,59.35,60.08761682242991,2.644394495965427,1.2865150979888245,2.5383527401037944,2.963662245186834,0.5040423908283456,2.7427164350101894,2.1590025346281316
0,2,Duncan Robinson,26.3,MIA,SG/SF,4500,34.0,27.450000000000003,6.109999999999999,32.666666666666664,24.470000000000002,28.57040816326531,0.41378891188173594,0.9985451487296981,0.44996905089415656,0.19671296433566646,1.0513968624860701,0.3676075345878631,0.2542138056925178
0,3,Maxi Kleber,32.0,DAL,PF/C,3900,30.5,29.65,7.615,23.333333333333332,22.03,38.75678571428571,0.5790189551471943,0.7105751994705717,1.124935700375548,0.003153438955022732,1.998257184146848,0.7436664438213981,0.33332890829209233
0,4,Delon Wright,24.0,DAL,PG/SG,3800,25.0,26.3,6.905,22.666666666666668,21.26,29.007352941176467,0.32741866199297326,0.2580509934919445,0.478921752801965,-0.057928870283950835,1.5515656038284746,0.21586446594976996,0.14066746944177
0,5,Dorian Finney-Smith,18.3,DAL,SF/PF,4600,34.0,29.0,6.3,30.333333333333332,22.88,32.505494505494504,0.5302009878187633,0.9985451487296981,0.7107145446215473,0.07058196214090251,1.1709340459515507,-0.16019444328376503,0.32630696323511726
0,6,Rudy Gobert,23.5,UTA,C,7800,35.5,45.7,5.88,36.333333333333336,42.48,44.65183486238532,1.7844472253338362,1.1219608412693238,1.515551653111596,1.6254043791329578,0.9066939561857523,0.18287684233279322,1.3609820313109529
0,7,Zach LaVine,34.0,CHI,SG,8900,37.5,48.8,5.49,36.333333333333336,43.879999999999995,50.366972477064216,2.017271377207891,1.2865150979888245,1.894246362568783,1.7364631232038186,0.6613281585460827,0.8756169382893051,1.5655481076105324
1,0,James Harden,62.3,HOU,PG/SG,10900,37.5,57.15,5.24,35.666666666666664,59.35,60.08761682242991,2.644394495965427,1.2865150979888245,2.5383527401037944,2.963662245186834,0.5040423908283456,2.7427164350101894,2.1590025346281316
1,1,Zach LaVine,34.0,CHI,SG,8900,37.5,48.8,5.49,36.333333333333336,43.879999999999995,50.366972477064216,2.017271377207891,1.2865150979888245,1.894246362568783,1.7364631232038186,0.6613281585460827,0.8756169382893051,1.5655481076105324
1,2,Joe Harris,24.5,BKN,SG/SF,4500,33.0,26.9,5.98,33.333333333333336,25.360000000000003,26.630999999999997,0.3724814010653709,0.9162680203699477,0.32146057735884004,0.2673145944949996,0.9696082632728475,0.24885208956674673,0.23053380348463148
1,3,Maxi Kleber,32.0,DAL,PF/C,3900,30.5,29.65,7.615,23.333333333333332,22.03,38.75678571428571,0.5790189551471943,0.7105751994705717,1.124935700375548,0.003153438955022732,1.998257184146848,0.7436664438213981,0.33332890829209233
1,4,Delon Wright,24.0,DAL,PG/SG,3800,25.0,26.3,6.905,22.666666666666668,21.26,29.007352941176467,0.32741866199297326,0.2580509934919445,0.478921752801965,-0.057928870283950835,1.5515656038284746,0.21586446594976996,0.14066746944177
1,5,Dorian Finney-Smith,18.3,DAL,SF/PF,4600,34.0,29.0,6.3,30.333333333333332,22.88,32.505494505494504,0.5302009878187633,0.9985451487296981,0.7107145446215473,0.07058196214090251,1.1709340459515507,-0.16019444328376503,0.32630696323511726
1,6,Rudy Gobert,23.5,UTA,C,7800,35.5,45.7,5.88,36.333333333333336,42.48,44.65183486238532,1.7844472253338362,1.1219608412693238,1.515551653111596,1.6254043791329578,0.9066939561857523,0.18287684233279322,1.3609820313109529
1,7,Goran Dragic,30.5,MIA,PG,5400,30.0,34.4,6.35,29.666666666666668,30.54,34.78651685393258,0.9357656394703436,0.6694366352906965,0.861858953338579,0.6782319475571854,1.202391199495098,0.6447035729704679,0.6547185745049292
2,0,Goran Dragic,30.5,MIA,PG,5400,30.0,34.4,6.35,29.666666666666668,30.54,34.78651685393258,0.9357656394703436,0.6694366352906965,0.861858953338579,0.6782319475571854,1.202391199495098,0.6447035729704679,0.6547185745049292
2,1,Zach LaVine,34.0,CHI,SG,8900,37.5,48.8,5.49,36.333333333333336,43.879999999999995,50.366972477064216,2.017271377207891,1.2865150979888245,1.894246362568783,1.7364631232038186,0.6613281585460827,0.8756169382893051,1.5655481076105324
2,2,Joe Ingles,17.0,UTA,SG/SF,4800,30.0,28.15,5.87,31.333333333333332,25.709999999999997,26.95212765957447,0.4663621074661997,0.6694366352906965,0.3427390406155912,0.2950792805127144,0.900402525477043,-0.24596226468790464,0.2960930276514282
2,3,Maxi Kleber,32.0,DAL,PF/C,3900,30.5,29.65,7.615,23.333333333333332,22.03,38.75678571428571,0.5790189551471943,0.7105751994705717,1.124935700375548,0.003153438955022732,1.998257184146848,0.7436664438213981,0.33332890829209233
2,4,Delon Wright,24.0,DAL,PG/SG,3800,25.0,26.3,6.905,22.666666666666668,21.26,29.007352941176467,0.32741866199297326,0.2580509934919445,0.478921752801965,-0.057928870283950835,1.5515656038284746,0.21586446594976996,0.14066746944177
2,5,Duncan Robinson,26.3,MIA,SG/SF,4500,34.0,27.450000000000003,6.109999999999999,32.666666666666664,24.470000000000002,28.57040816326531,0.41378891188173594,0.9985451487296981,0.44996905089415656,0.19671296433566646,1.0513968624860701,0.3676075345878631,0.2542138056925178
2,6,Rudy Gobert,23.5,UTA,C,7800,35.5,45.7,5.88,36.333333333333336,42.48,44.65183486238532,1.7844472253338362,1.1219608412693238,1.515551653111596,1.6254043791329578,0.9066939561857523,0.18287684233279322,1.3609820313109529
2,7,James Harden,62.3,HOU,PG/SG,10900,37.5,57.15,5.24,35.666666666666664,59.35,60.08761682242991,2.644394495965427,1.2865150979888245,2.5383527401037944,2.963662245186834,0.5040423908283456,2.7427164350101894,2.1590025346281316
3,0,Delon Wright,24.0,DAL,PG/SG,3800,25.0,26.3,6.905,22.666666666666668,21.26,29.007352941176467,0.32741866199297326,0.2580509934919445,0.478921752801965,-0.057928870283950835,1.5515656038284746,0.21586446594976996,0.14066746944177
3,1,James Harden,62.3,HOU,PG/SG,10900,37.5,57.15,5.24,35.666666666666664,59.35,60.08761682242991,2.644394495965427,1.2865150979888245,2.5383527401037944,2.963662245186834,0.5040423908283456,2.7427164350101894,2.1590025346281316
3,2,Dorian Finney-Smith,18.3,DAL,SF/PF,4600,34.0,29.0,6.3,30.333333333333332,22.88,32.505494505494504,0.5302009878187633,0.9985451487296981,0.7107145446215473,0.07058196214090251,1.1709340459515507,-0.16019444328376503,0.32630696323511726
3,3,Cody Zeller,24.8,CHA,PF/C,4700,23.0,25.85,5.49,23.0,24.490000000000002,25.85,0.29362160768867496,0.09349673677244368,0.26971019302401267,0.19829951782239302,0.6613281585460827,0.26864466373693285,0.185682787214731
3,4,Goran Dragic,30.5,MIA,PG,5400,30.0,34.4,6.35,29.666666666666668,30.54,34.78651685393258,0.9357656394703436,0.6694366352906965,0.861858953338579,0.6782319475571854,1.202391199495098,0.6447035729704679,0.6547185745049292
3,5,Maxi Kleber,32.0,DAL,PF/C,3900,30.5,29.65,7.615,23.333333333333332,22.03,38.75678571428571,0.5790189551471943,0.7105751994705717,1.124935700375548,0.003153438955022732,1.998257184146848,0.7436664438213981,0.33332890829209233
3,6,Rudy Gobert,23.5,UTA,C,7800,35.5,45.7,5.88,36.333333333333336,42.48,44.65183486238532,1.7844472253338362,1.1219608412693238,1.515551653111596,1.6254043791329578,0.9066939561857523,0.18287684233279322,1.3609820313109529
3,7,Zach LaVine,34.0,CHI,SG,8900,37.5,48.8,5.49,36.333333333333336,43.879999999999995,50.366972477064216,2.017271377207891,1.2865150979888245,1.894246362568783,1.7364631232038186,0.6613281585460827,0.8756169382893051,1.5655481076105324
4,0,Goran Dragic,30.5,MIA,PG,5400,30.0,34.4,6.35,29.666666666666668,30.54,34.78651685393258,0.9357656394703436,0.6694366352906965,0.861858953338579,0.6782319475571854,1.202391199495098,0.6447035729704679,0.6547185745049292
4,1,Delon Wright,24.0,DAL,PG/SG,3800,25.0,26.3,6.905,22.666666666666668,21.26,29.007352941176467,0.32741866199297326,0.2580509934919445,0.478921752801965,-0.057928870283950835,1.5515656038284746,0.21586446594976996,0.14066746944177
4,2,Dorian Finney-Smith,18.3,DAL,SF/PF,4600,34.0,29.0,6.3,30.333333333333332,22.88,32.505494505494504,0.5302009878187633,0.9985451487296981,0.7107145446215473,0.07058196214090251,1.1709340459515507,-0.16019444328376503,0.32630696323511726
4,3,Maxi Kleber,32.0,DAL,PF/C,3900,30.5,29.65,7.615,23.333333333333332,22.03,38.75678571428571,0.5790189551471943,0.7105751994705717,1.124935700375548,0.003153438955022732,1.998257184146848,0.7436664438213981,0.33332890829209233
4,4,James Harden,62.3,HOU,PG/SG,10900,37.5,57.15,5.24,35.666666666666664,59.35,60.08761682242991,2.644394495965427,1.2865150979888245,2.5383527401037944,2.963662245186834,0.5040423908283456,2.7427164350101894,2.1590025346281316
4,5,PJ Washington,33.8,CHA,PF/C,4700,30.0,25.6,5.465,30.666666666666668,25.339999999999996,25.043478260869566,0.2748454664085092,0.6694366352906965,0.21626869497741388,0.2657280410082725,0.6455995817743088,0.8624218888425143,0.18055886428453002
4,6,Rudy Gobert,23.5,UTA,C,7800,35.5,45.7,5.88,36.333333333333336,42.48,44.65183486238532,1.7844472253338362,1.1219608412693238,1.515551653111596,1.6254043791329578,0.9066939561857523,0.18287684233279322,1.3609820313109529
4,7,Zach LaVine,34.0,CHI,SG,8900,37.5,48.8,5.49,36.333333333333336,43.879999999999995,50.366972477064216,2.017271377207891,1.2865150979888245,1.894246362568783,1.7364631232038186,0.6613281585460827,0.8756169382893051,1.5655481076105324
5,0,Delon Wright,24.0,DAL,PG/SG,3800,25.0,26.3,6.905,22.666666666666668,21.26,29.007352941176467,0.32741866199297326,0.2580509934919445,0.478921752801965,-0.057928870283950835,1.5515656038284746,0.21586446594976996,0.14066746944177
5,1,Zach LaVine,34.0,CHI,SG,8900,37.5,48.8,5.49,36.333333333333336,43.879999999999995,50.366972477064216,2.017271377207891,1.2865150979888245,1.894246362568783,1.7364631232038186,0.6613281585460827,0.8756169382893051,1.5655481076105324
5,2,Dorian Finney-Smith,18.3,DAL,SF/PF,4600,34.0,29.0,6.3,30.333333333333332,22.88,32.505494505494504,0.5302009878187633,0.9985451487296981,0.7107145446215473,0.07058196214090251,1.1709340459515507,-0.16019444328376503,0.32630696323511726
5,3,Maxi Kleber,32.0,DAL,PF/C,3900,30.5,29.65,7.615,23.333333333333332,22.03,38.75678571428571,0.5790189551471943,0.7105751994705717,1.124935700375548,0.003153438955022732,1.998257184146848,0.7436664438213981,0.33332890829209233
5,4,James Harden,62.3,HOU,PG/SG,10900,37.5,57.15,5.24,35.666666666666664,59.35,60.08761682242991,2.644394495965427,1.2865150979888245,2.5383527401037944,2.963662245186834,0.5040423908283456,2.7427164350101894,2.1590025346281316
5,5,Al Horford,15.3,PHI,PF/C,4600,26.0,25.05,5.465,30.0,28.53,21.71,0.2335379555921445,0.34032812185169486,-0.004613227137557998,0.5187833221411635,0.6455995817743088,-0.3581201849856256,0.16400313826931745
5,6,Rudy Gobert,23.5,UTA,C,7800,35.5,45.7,5.88,36.333333333333336,42.48,44.65183486238532,1.7844472253338362,1.1219608412693238,1.515551653111596,1.6254043791329578,0.9066939561857523,0.18287684233279322,1.3609820313109529
5,7,Goran Dragic,30.5,MIA,PG,5400,30.0,34.4,6.35,29.666666666666668,30.54,34.78651685393258,0.9357656394703436,0.6694366352906965,0.861858953338579,0.6782319475571854,1.202391199495098,0.6447035729704679,0.6547185745049292
6,0,Goran Dragic,30.5,MIA,PG,5400,30.0,34.4,6.35,29.666666666666668,30.54,34.78651685393258,0.9357656394703436,0.6694366352906965,0.861858953338579,0.6782319475571854,1.202391199495098,0.6447035729704679,0.6547185745049292
6,1,James Harden,62.3,HOU,PG/SG,10900,37.5,57.15,5.24,35.666666666666664,59.35,60.08761682242991,2.644394495965427,1.2865150979888245,2.5383527401037944,2.963662245186834,0.5040423908283456,2.7427164350101894,2.1590025346281316
6,2,Duncan Robinson,26.3,MIA,SG/SF,4500,34.0,27.450000000000003,6.109999999999999,32.666666666666664,24.470000000000002,28.57040816326531,0.41378891188173594,0.9985451487296981,0.44996905089415656,0.19671296433566646,1.0513968624860701,0.3676075345878631,0.2542138056925178
6,3,Cedi Osman,40.3,CLE,SF/PF,3900,31.5,23.3,5.965,30.0,21.86,24.465000000000003,0.10210496663098421,0.7928523278303221,0.1779377444916999,-0.010332265682153393,0.960171117209783,1.2912609958632122,0.02069850513530338
6,4,Zach LaVine,34.0,CHI,SG,8900,37.5,48.8,5.49,36.333333333333336,43.879999999999995,50.366972477064216,2.017271377207891,1.2865150979888245,1.894246362568783,1.7364631232038186,0.6613281585460827,0.8756169382893051,1.5655481076105324
6,5,Dorian Finney-Smith,18.3,DAL,SF/PF,4600,34.0,29.0,6.3,30.333333333333332,22.88,32.505494505494504,0.5302009878187633,0.9985451487296981,0.7107145446215473,0.07058196214090251,1.1709340459515507,-0.16019444328376503,0.32630696323511726
6,6,Maxi Kleber,32.0,DAL,PF/C,3900,30.5,29.65,7.615,23.333333333333332,22.03,38.75678571428571,0.5790189551471943,0.7105751994705717,1.124935700375548,0.003153438955022732,1.998257184146848,0.7436664438213981,0.33332890829209233
6,7,Rudy Gobert,23.5,UTA,C,7800,35.5,45.7,5.88,36.333333333333336,42.48,44.65183486238532,1.7844472253338362,1.1219608412693238,1.515551653111596,1.6254043791329578,0.9066939561857523,0.18287684233279322,1.3609820313109529
7,0,James Harden,62.3,HOU,PG/SG,10900,37.5,57.15,5.24,35.666666666666664,59.35,60.08761682242991,2.644394495965427,1.2865150979888245,2.5383527401037944,2.963662245186834,0.5040423908283456,2.7427164350101894,2.1590025346281316
7,1,Zach LaVine,34.0,CHI,SG,8900,37.5,48.8,5.49,36.333333333333336,43.879999999999995,50.366972477064216,2.017271377207891,1.2865150979888245,1.894246362568783,1.7364631232038186,0.6613281585460827,0.8756169382893051,1.5655481076105324
7,2,Derrick Jones Jr.,32.5,MIA,SF/PF,3500,26.0,21.7,6.22,22.333333333333332,18.720000000000002,25.262686567164177,-0.01806233756207673,0.34032812185169486,0.2307938090620909,-0.2594211630982273,1.1206026002818748,0.7766540674383748,-0.08849300277580001
7,3,Dorian Finney-Smith,18.3,DAL,SF/PF,4600,34.0,29.0,6.3,30.333333333333332,22.88,32.505494505494504,0.5302009878187633,0.9985451487296981,0.7107145446215473,0.07058196214090251,1.1709340459515507,-0.16019444328376503,0.32630696323511726
7,4,Goran Dragic,30.5,MIA,PG,5400,30.0,34.4,6.35,29.666666666666668,30.54,34.78651685393258,0.9357656394703436,0.6694366352906965,0.861858953338579,0.6782319475571854,1.202391199495098,0.6447035729704679,0.6547185745049292
7,5,Maxi Kleber,32.0,DAL,PF/C,3900,30.5,29.65,7.615,23.333333333333332,22.03,38.75678571428571,0.5790189551471943,0.7105751994705717,1.124935700375548,0.003153438955022732,1.998257184146848,0.7436664438213981,0.33332890829209233
7,6,Rudy Gobert,23.5,UTA,C,7800,35.5,45.7,5.88,36.333333333333336,42.48,44.65183486238532,1.7844472253338362,1.1219608412693238,1.515551653111596,1.6254043791329578,0.9066939561857523,0.18287684233279322,1.3609820313109529
7,7,Coby White,42.8,CHI,PG/SG,4700,32.0,29.0,6.1899999999999995,28.666666666666668,23.759999999999998,32.372093023255815,0.5302009878187633,0.8339908920101973,0.7018751362006921,0.14039031555687226,1.101728308155746,1.4561991139480959,0.33736370986805925
8,0,James Harden,62.3,HOU,PG/SG,10900,37.5,57.15,5.24,35.666666666666664,59.35,60.08761682242991,2.644394495965427,1.2865150979888245,2.5383527401037944,2.963662245186834,0.5040423908283456,2.7427164350101894,2.1590025346281316
8,1,Zach LaVine,34.0,CHI,SG,8900,37.5,48.8,5.49,36.333333333333336,43.879999999999995,50.366972477064216,2.017271377207891,1.2865150979888245,1.894246362568783,1.7364631232038186,0.6613281585460827,0.8756169382893051,1.5655481076105324
8,2,Duncan Robinson,26.3,MIA,SG/SF,4500,34.0,27.450000000000003,6.109999999999999,32.666666666666664,24.470000000000002,28.57040816326531,0.41378891188173594,0.9985451487296981,0.44996905089415656,0.19671296433566646,1.0513968624860701,0.3676075345878631,0.2542138056925178
8,3,Maxi Kleber,32.0,DAL,PF/C,3900,30.5,29.65,7.615,23.333333333333332,22.03,38.75678571428571,0.5790189551471943,0.7105751994705717,1.124935700375548,0.003153438955022732,1.998257184146848,0.7436664438213981,0.33332890829209233
8,4,Delon Wright,24.0,DAL,PG/SG,3800,25.0,26.3,6.905,22.666666666666668,21.26,29.007352941176467,0.32741866199297326,0.2580509934919445,0.478921752801965,-0.057928870283950835,1.5515656038284746,0.21586446594976996,0.14066746944177
8,5,Thaddeus Young,34.8,CHI,PF,5600,34.5,31.15,5.555,30.333333333333332,25.27,35.42884615384615,0.6916758028281887,1.0396837129095733,0.9044207819429939,0.2601751038047297,0.702222458152694,0.9283971360764678,0.4933437383249096
8,6,Rudy Gobert,23.5,UTA,C,7800,35.5,45.7,5.88,36.333333333333336,42.48,44.65183486238532,1.7844472253338362,1.1219608412693238,1.515551653111596,1.6254043791329578,0.9066939561857523,0.18287684233279322,1.3609820313109529
8,7,Dorian Finney-Smith,18.3,DAL,SF/PF,4600,34.0,29.0,6.3,30.333333333333332,22.88,32.505494505494504,0.5302009878187633,0.9985451487296981,0.7107145446215473,0.07058196214090251,1.1709340459515507,-0.16019444328376503,0.32630696323511726
9,0,Delon Wright,24.0,DAL,PG/SG,3800,25.0,26.3,6.905,22.666666666666668,21.26,29.007352941176467,0.32741866199297326,0.2580509934919445,0.478921752801965,-0.057928870283950835,1.5515656038284746,0.21586446594976996,0.14066746944177
9,1,Coby White,42.8,CHI,PG/SG,4700,32.0,29.0,6.1899999999999995,28.666666666666668,23.759999999999998,32.372093023255815,0.5302009878187633,0.8339908920101973,0.7018751362006921,0.14039031555687226,1.101728308155746,1.4561991139480959,0.33736370986805925
9,2,Dorian Finney-Smith,18.3,DAL,SF/PF,4600,34.0,29.0,6.3,30.333333333333332,22.88,32.505494505494504,0.5302009878187633,0.9985451487296981,0.7107145446215473,0.07058196214090251,1.1709340459515507,-0.16019444328376503,0.32630696323511726
9,3,Maxi Kleber,32.0,DAL,PF/C,3900,30.5,29.65,7.615,23.333333333333332,22.03,38.75678571428571,0.5790189551471943,0.7105751994705717,1.124935700375548,0.003153438955022732,1.998257184146848,0.7436664438213981,0.33332890829209233
9,4,Zach LaVine,34.0,CHI,SG,8900,37.5,48.8,5.49,36.333333333333336,43.879999999999995,50.366972477064216,2.017271377207891,1.2865150979888245,1.894246362568783,1.7364631232038186,0.6613281585460827,0.8756169382893051,1.5655481076105324
9,5,Kevin Huerter,23.8,ATL,SG/SF,5400,35.5,29.2,5.385,35.0,27.46,29.61714285714286,0.5452219008428959,1.1219608412693238,0.5193274666492929,0.4339027106012911,0.5952681361046328,0.20266941650297932,0.3968913185898366
9,6,Rudy Gobert,23.5,UTA,C,7800,35.5,45.7,5.88,36.333333333333336,42.48,44.65183486238532,1.7844472253338362,1.1219608412693238,1.515551653111596,1.6254043791329578,0.9066939561857523,0.18287684233279322,1.3609820313109529
9,7,James Harden,62.3,HOU,PG/SG,10900,37.5,57.15,5.24,35.666666666666664,59.35,60.08761682242991,2.644394495965427,1.2865150979888245,2.5383527401037944,2.963662245186834,0.5040423908283456,2.7427164350101894,2.1590025346281316
10,0,Kendrick Nunn,46.0,MIA,PG/SG,4500,27.0,28.4,6.3,27.333333333333332,25.3,28.053658536585367,0.48513824874636546,0.4226052502114453,0.4157283443825487,0.26255493403481966,1.1709340459515507,1.6673199050967473,0.29262991130368077
10,1,James Harden,62.3,HOU,PG/SG,10900,37.5,57.15,5.24,35.666666666666664,59.35,60.08761682242991,2.644394495965427,1.2865150979888245,2.5383527401037944,2.963662245186834,0.5040423908283456,2.7427164350101894,2.1590025346281316
10,2,Dorian Finney-Smith,18.3,DAL,SF/PF,4600,34.0,29.0,6.3,30.333333333333332,22.88,32.505494505494504,0.5302009878187633,0.9985451487296981,0.7107145446215473,0.07058196214090251,1.1709340459515507,-0.16019444328376503,0.32630696323511726
10,3,PJ Washington,33.8,CHA,PF/C,4700,30.0,25.6,5.465,30.666666666666668,25.339999999999996,25.043478260869566,0.2748454664085092,0.6694366352906965,0.21626869497741388,0.2657280410082725,0.6455995817743088,0.8624218888425143,0.18055886428453002
10,4,Zach LaVine,34.0,CHI,SG,8900,37.5,48.8,5.49,36.333333333333336,43.879999999999995,50.366972477064216,2.017271377207891,1.2865150979888245,1.894246362568783,1.7364631232038186,0.6613281585460827,0.8756169382893051,1.5655481076105324
10,5,Cody Zeller,24.8,CHA,PF/C,4700,23.0,25.85,5.49,23.0,24.490000000000002,25.85,0.29362160768867496,0.09349673677244368,0.26971019302401267,0.19829951782239302,0.6613281585460827,0.26864466373693285,0.185682787214731
10,6,Rudy Gobert,23.5,UTA,C,7800,35.5,45.7,5.88,36.333333333333336,42.48,44.65183486238532,1.7844472253338362,1.1219608412693238,1.515551653111596,1.6254043791329578,0.9066939561857523,0.18287684233279322,1.3609820313109529
10,7,Maxi Kleber,32.0,DAL,PF/C,3900,30.5,29.65,7.615,23.333333333333332,22.03,38.75678571428571,0.5790189551471943,0.7105751994705717,1.124935700375548,0.003153438955022732,1.998257184146848,0.7436664438213981,0.33332890829209233
11,0,Goran Dragic,30.5,MIA,PG,5400,30.0,34.4,6.35,29.666666666666668,30.54,34.78651685393258,0.9357656394703436,0.6694366352906965,0.861858953338579,0.6782319475571854,1.202391199495098,0.6447035729704679,0.6547185745049292
11,1,Delon Wright,24.0,DAL,PG/SG,3800,25.0,26.3,6.905,22.666666666666668,21.26,29.007352941176467,0.32741866199297326,0.2580509934919445,0.478921752801965,-0.057928870283950835,1.5515656038284746,0.21586446594976996,0.14066746944177
11,2,Duncan Robinson,26.3,MIA,SG/SF,4500,34.0,27.450000000000003,6.109999999999999,32.666666666666664,24.470000000000002,28.57040816326531,0.41378891188173594,0.9985451487296981,0.44996905089415656,0.19671296433566646,1.0513968624860701,0.3676075345878631,0.2542138056925178
11,3,Dorian Finney-Smith,18.3,DAL,SF/PF,4600,34.0,29.0,6.3,30.333333333333332,22.88,32.505494505494504,0.5302009878187633,0.9985451487296981,0.7107145446215473,0.07058196214090251,1.1709340459515507,-0.16019444328376503,0.32630696323511726
11,4,Zach LaVine,34.0,CHI,SG,8900,37.5,48.8,5.49,36.333333333333336,43.879999999999995,50.366972477064216,2.017271377207891,1.2865150979888245,1.894246362568783,1.7364631232038186,0.6613281585460827,0.8756169382893051,1.5655481076105324
11,5,Furkan Korkmaz,26.3,PHI,SG/SF,3700,17.0,15.25,4.1,23.0,18.03,11.271739130434781,-0.5024867825903532,-0.4001660333860588,-0.6962700924220558,-0.3141572583902947,-0.21318070996453595,0.3676075345878631,-0.3936468853056968
11,6,Rudy Gobert,23.5,UTA,C,7800,35.5,45.7,5.88,36.333333333333336,42.48,44.65183486238532,1.7844472253338362,1.1219608412693238,1.515551653111596,1.6254043791329578,0.9066939561857523,0.18287684233279322,1.3609820313109529
11,7,James Harden,62.3,HOU,PG/SG,10900,37.5,57.15,5.24,35.666666666666664,59.35,60.08761682242991,2.644394495965427,1.2865150979888245,2.5383527401037944,2.963662245186834,0.5040423908283456,2.7427164350101894,2.1590025346281316
12,0,Delon Wright,24.0,DAL,PG/SG,3800,25.0,26.3,6.905,22.666666666666668,21.26,29.007352941176467,0.32741866199297326,0.2580509934919445,0.478921752801965,-0.057928870283950835,1.5515656038284746,0.21586446594976996,0.14066746944177
12,1,James Harden,62.3,HOU,PG/SG,10900,37.5,57.15,5.24,35.666666666666664,59.35,60.08761682242991,2.644394495965427,1.2865150979888245,2.5383527401037944,2.963662245186834,0.5040423908283456,2.7427164350101894,2.1590025346281316
12,2,Joe Ingles,17.0,UTA,SG/SF,4800,30.0,28.15,5.87,31.333333333333332,25.709999999999997,26.95212765957447,0.4663621074661997,0.6694366352906965,0.3427390406155912,0.2950792805127144,0.900402525477043,-0.24596226468790464,0.2960930276514282
12,3,Al Horford,15.3,PHI,PF/C,4600,26.0,25.05,5.465,30.0,28.53,21.71,0.2335379555921445,0.34032812185169486,-0.004613227137557998,0.5187833221411635,0.6455995817743088,-0.3581201849856256,0.16400313826931745
12,4,Zach LaVine,34.0,CHI,SG,8900,37.5,48.8,5.49,36.333333333333336,43.879999999999995,50.366972477064216,2.017271377207891,1.2865150979888245,1.894246362568783,1.7364631232038186,0.6613281585460827,0.8756169382893051,1.5655481076105324
12,5,Dorian Finney-Smith,18.3,DAL,SF/PF,4600,34.0,29.0,6.3,30.333333333333332,22.88,32.505494505494504,0.5302009878187633,0.9985451487296981,0.7107145446215473,0.07058196214090251,1.1709340459515507,-0.16019444328376503,0.32630696323511726
12,6,Rudy Gobert,23.5,UTA,C,7800,35.5,45.7,5.88,36.333333333333336,42.48,44.65183486238532,1.7844472253338362,1.1219608412693238,1.515551653111596,1.6254043791329578,0.9066939561857523,0.18287684233279322,1.3609820313109529
12,7,Cam Reddish,37.0,ATL,SG/SF,4100,33.0,22.15,5.38,29.333333333333332,21.330000000000002,24.91875,0.015734716742221575,0.9162680203699477,0.20800398891158192,-0.052375933080407756,0.5921224207502782,1.0735426799911656,-0.01081972310407481
13,0,Goran Dragic,30.5,MIA,PG,5400,30.0,34.4,6.35,29.666666666666668,30.54,34.78651685393258,0.9357656394703436,0.6694366352906965,0.861858953338579,0.6782319475571854,1.202391199495098,0.6447035729704679,0.6547185745049292
13,1,Joe Ingles,17.0,UTA,SG/SF,4800,30.0,28.15,5.87,31.333333333333332,25.709999999999997,26.95212765957447,0.4663621074661997,0.6694366352906965,0.3427390406155912,0.2950792805127144,0.900402525477043,-0.24596226468790464,0.2960930276514282
13,2,Duncan Robinson,26.3,MIA,SG/SF,4500,34.0,27.450000000000003,6.109999999999999,32.666666666666664,24.470000000000002,28.57040816326531,0.41378891188173594,0.9985451487296981,0.44996905089415656,0.19671296433566646,1.0513968624860701,0.3676075345878631,0.2542138056925178
13,3,Dorian Finney-Smith,18.3,DAL,SF/PF,4600,34.0,29.0,6.3,30.333333333333332,22.88,32.505494505494504,0.5302009878187633,0.9985451487296981,0.7107145446215473,0.07058196214090251,1.1709340459515507,-0.16019444328376503,0.32630696323511726
13,4,James Harden,62.3,HOU,PG/SG,10900,37.5,57.15,5.24,35.666666666666664,59.35,60.08761682242991,2.644394495965427,1.2865150979888245,2.5383527401037944,2.963662245186834,0.5040423908283456,2.7427164350101894,2.1590025346281316
13,5,Solomon Hill,4.0,MIA,SF/PF,3000,14.0,9.55,3.185,17.0,12.330000000000002,7.864705882352942,-0.9305828037781324,-0.64699741846531,-0.9220258927162577,-0.766325002107372,-0.7888466198114534,-1.1036404787293004,-0.6928184869585701
13,6,Rudy Gobert,23.5,UTA,C,7800,35.5,45.7,5.88,36.333333333333336,42.48,44.65183486238532,1.7844472253338362,1.1219608412693238,1.515551653111596,1.6254043791329578,0.9066939561857523,0.18287684233279322,1.3609820313109529
13,7,Zach LaVine,34.0,CHI,SG,8900,37.5,48.8,5.49,36.333333333333336,43.879999999999995,50.366972477064216,2.017271377207891,1.2865150979888245,1.894246362568783,1.7364631232038186,0.6613281585460827,0.8756169382893051,1.5655481076105324
14,0,Goran Dragic,30.5,MIA,PG,5400,30.0,34.4,6.35,29.666666666666668,30.54,34.78651685393258,0.9357656394703436,0.6694366352906965,0.861858953338579,0.6782319475571854,1.202391199495098,0.6447035729704679,0.6547185745049292
14,1,Delon Wright,24.0,DAL,PG/SG,3800,25.0,26.3,6.905,22.666666666666668,21.26,29.007352941176467,0.32741866199297326,0.2580509934919445,0.478921752801965,-0.057928870283950835,1.5515656038284746,0.21586446594976996,0.14066746944177
14,2,Dorian Finney-Smith,18.3,DAL,SF/PF,4600,34.0,29.0,6.3,30.333333333333332,22.88,32.505494505494504,0.5302009878187633,0.9985451487296981,0.7107145446215473,0.07058196214090251,1.1709340459515507,-0.16019444328376503,0.32630696323511726
14,3,Maxi Kleber,32.0,DAL,PF/C,3900,30.5,29.65,7.615,23.333333333333332,22.03,38.75678571428571,0.5790189551471943,0.7105751994705717,1.124935700375548,0.003153438955022732,1.998257184146848,0.7436664438213981,0.33332890829209233
14,4,Rayjon Tucker,0.0,UTA,SG/SF,3000,0.0,2.65,0.875,3.3333333333333335,2.55,0.0,-1.4488043031107074,-1.7988772155018156,-1.4431546405935238,-1.542149657116673,-2.2421671135233443,-1.3675414676651143,-1.0608660869210136
14,5,Furkan Korkmaz,26.3,PHI,SG/SF,3700,17.0,15.25,4.1,23.0,18.03,11.271739130434781,-0.5024867825903532,-0.4001660333860588,-0.6962700924220558,-0.3141572583902947,-0.21318070996453595,0.3676075345878631,-0.3936468853056968
14,6,Rudy Gobert,23.5,UTA,C,7800,35.5,45.7,5.88,36.333333333333336,42.48,44.65183486238532,1.7844472253338362,1.1219608412693238,1.515551653111596,1.6254043791329578,0.9066939561857523,0.18287684233279322,1.3609820313109529
14,7,Duncan Robinson,26.3,MIA,SG/SF,4500,34.0,27.450000000000003,6.109999999999999,32.666666666666664,24.470000000000002,28.57040816326531,0.41378891188173594,0.9985451487296981,0.44996905089415656,0.19671296433566646,1.0513968624860701,0.3676075345878631,0.2542138056925178
15,0,James Harden,62.3,HOU,PG/SG,10900,37.5,57.15,5.24,35.666666666666664,59.35,60.08761682242991,2.644394495965427,1.2865150979888245,2.5383527401037944,2.963662245186834,0.5040423908283456,2.7427164350101894,2.1590025346281316
15,1,Terry Rozier,19.3,CHA,PG/SG,5300,34.0,31.6,5.970000000000001,34.333333333333336,30.979999999999997,31.293203883495146,0.7254728571324873,0.9985451487296981,0.6303861123373294,0.7131361242651701,0.9633168325641381,-0.09421919604981151,0.5261342432752537
15,2,Georges Niang,2.8,UTA,SF/PF,3000,12.0,10.45,3.465,13.333333333333334,10.929999999999998,9.405,-0.8629886951695357,-0.8115516751848108,-0.819963392617782,-0.8773837461782333,-0.612686559967588,-1.1828107754100445,-0.6670926729674966
15,3,Jeff Green,7.8,HOU,PF/C,3200,15.0,10.85,3.3899999999999997,19.333333333333332,13.429999999999998,8.418103448275863,-0.8329468691212705,-0.5647202901055596,-0.8853568316068219,-0.6790645603374099,-0.6598722902829093,-0.852934539240277,-0.6275512939998149
15,4,Wesley Matthews,15.3,MIL,SG,3500,28.0,16.6,4.72,26.0,15.34,17.876923076923077,-0.401095619677458,0.5048823785711957,-0.25859940377544477,-0.5275487023550207,0.17688799397545213,-0.3581201849856256,-0.3381717975683929
15,5,Royce O'Neale,13.8,UTA,SF,3400,24.5,16.55,4.85,30.333333333333332,18.15,13.367307692307694,-0.4048508479334912,0.21691242931206928,-0.557414166075186,-0.30463793746993534,0.25867659318867536,-0.45708305583655584,-0.3473974430881086
15,6,Cristiano Felicio,16.5,CHI,C,3000,23.5,18.1,6.035,21.333333333333332,14.040000000000001,19.938281250000003,-0.28843877199646345,0.13463530095231888,-0.12201031580045224,-0.6306746789922488,1.0042111321707494,-0.2789498883048814,-0.3219893582050992
15,7,Zach LaVine,34.0,CHI,SG,8900,37.5,48.8,5.49,36.333333333333336,43.879999999999995,50.366972477064216,2.017271377207891,1.2865150979888245,1.894246362568783,1.7364631232038186,0.6613281585460827,0.8756169382893051,1.5655481076105324
16,0,Coby White,42.8,CHI,PG/SG,4700,32.0,29.0,6.1899999999999995,28.666666666666668,23.759999999999998,32.372093023255815,0.5302009878187633,0.8339908920101973,0.7018751362006921,0.14039031555687226,1.101728308155746,1.4561991139480959,0.33736370986805925
16,1,Jevon Carter,2.5,PHO,PG/SG,3000,0.0,4.0,1.335,15.666666666666666,10.26,0.0,-1.3474131401978122,-1.7988772155018156,-1.4431546405935238,-0.9305332879835738,-1.952761300922708,-1.2026033495802306,-0.9451345781105456
16,2,Robert Covington,33.0,HOU,SF/PF,5900,32.5,30.15,5.13,31.333333333333332,29.49,31.272606382978722,0.6165712377075258,0.8751294561900725,0.6290212870261108,0.5949378895040395,0.43483665303254104,0.8096416910553516,0.4780738699222106
16,3,Timothe Luwawu-Cabarrot,27.5,BKN,SF/PF,3000,13.5,10.65,3.565,15.0,10.57,9.585,-0.847967782145403,-0.6881359826451852,-0.8080362873933656,-0.9059417089393117,-0.5497722528804931,0.44677783126860726,-0.6636577002252928
16,4,Donovan Mitchell,42.8,UTA,PG/SG,7400,34.5,41.05,5.52,34.666666666666664,38.410000000000004,40.85264423076923,1.4352109975227525,1.0396837129095733,1.2638108396065901,1.3025407445840977,0.6802024506722107,1.4561991139480959,1.1016755069424051
16,5,Joe Ingles,17.0,UTA,SG/SF,4800,30.0,28.15,5.87,31.333333333333332,25.709999999999997,26.95212765957447,0.4663621074661997,0.6694366352906965,0.3427390406155912,0.2950792805127144,0.900402525477043,-0.24596226468790464,0.2960930276514282
16,6,P.J. Tucker,15.8,HOU,C,4000,35.0,20.45,5.125,33.333333333333336,21.39,21.472499999999997,-0.11194304396290551,1.0808222770894484,-0.02035037986421843,-0.0476162726202281,0.4316909376781864,-0.3251325613686488,-0.09795803942560767
16,7,Khris Middleton,38.3,MIL,SF,8100,32.5,39.25,4.859999999999999,32.0,39.410000000000004,39.86328125,1.3000227803055593,0.8751294561900725,1.1982539708467201,1.381868418920427,0.2649680238973847,1.1593105013953051,1.0479384686014666
17,0,Dante Exum,28.0,CLE,PG/SG,3000,19.0,13.3,4.45,17.0,10.219999999999999,14.864705882352942,-0.648940684575646,-0.23561177666655794,-0.4581940228778532,-0.9337063949570271,0.007019364840296332,0.47976545488558403,-0.5469811763665333
17,1,Joe Harris,24.5,BKN,SG/SF,4500,33.0,26.9,5.98,33.333333333333336,25.360000000000003,26.630999999999997,0.3724814010653709,0.9162680203699477,0.32146057735884004,0.2673145944949996,0.9696082632728475,0.24885208956674673,0.23053380348463148
17,2,Mikal Bridges,28.5,PHO,SG/SF,4900,31.0,23.45,4.8,28.333333333333332,21.25,25.65705882352941,0.11337065139908356,0.751713763650447,0.2569255835024162,-0.05872214702731426,0.22721943964512806,0.5127530785025608,0.07407334922768556
17,3,Larry Nance Jr.,22.8,CLE,PF/C,5700,34.0,32.4,5.665,28.666666666666668,27.46,38.42790697674418,0.7855565092290175,0.9985451487296981,1.103143637549265,0.4339027106012911,0.7714281959484985,0.1366941692690258,0.5843790550671295
17,4,Josh Richardson,14.3,PHI,SG,4400,32.5,25.8,5.859999999999999,32.666666666666664,26.6,25.668367346938776,0.28986637943264176,0.8751294561900725,0.25767490543928434,0.3656809106720479,0.8941110947683331,-0.42409543221957907,0.1906465191452294
17,5,Ben Simmons,10.5,PHI,PG/SF,9200,37.0,44.0,4.79,38.333333333333336,45.660000000000004,42.469565217391306,1.6567694646287088,1.2453765338089493,1.370950765978858,1.8776663835224856,0.2209280089364187,-0.6748013717086024,1.3428167928022428
17,6,Cody Zeller,24.8,CHA,PF/C,4700,23.0,25.85,5.49,23.0,24.490000000000002,25.85,0.29362160768867496,0.09349673677244368,0.26971019302401267,0.19829951782239302,0.6613281585460827,0.26864466373693285,0.185682787214731
17,7,Courtney Lee,15.0,DAL,SF,3000,11.5,8.1,2.7,13.333333333333334,7.58,6.986249999999999,-1.0394844232030938,-0.852690239364686,-0.9802338690708735,-1.1431314552049365,-1.0939810091838633,-0.3779127591558117,-0.7905597344046008
18,0,Adam Mokoka,6.8,CHI,PG/SG,3000,0.0,2.0,0.665,4.333333333333333,3.5799999999999996,0.0,-1.4976222704391382,-1.7988772155018156,-1.4431546405935238,-1.460442152550254,-2.3742871584062435,-0.9189097864742305,-1.072756660134262
18,1,Michael Frazier,0.0,HOU,PG/SG,3000,0.0,6.25,2.085,7.333333333333333,3.4899999999999998,0.0,-1.1784278686763203,-1.7988772155018156,-1.4431546405935238,-1.4675816432405238,-1.4809039977694967,-1.3675414676651143,-0.9347923231428427
18,2,Timothe Luwawu-Cabarrot,27.5,BKN,SF/PF,3000,13.5,10.65,3.565,15.0,10.57,9.585,-0.847967782145403,-0.6881359826451852,-0.8080362873933656,-0.9059417089393117,-0.5497722528804931,0.44677783126860726,-0.6636577002252928
18,3,Dorian Finney-Smith,18.3,DAL,SF/PF,4600,34.0,29.0,6.3,30.333333333333332,22.88,32.505494505494504,0.5302009878187633,0.9985451487296981,0.7107145446215473,0.07058196214090251,1.1709340459515507,-0.16019444328376503,0.32630696323511726
18,4,Donte DiVincenzo,14.5,MIL,PG/SG,4100,21.0,19.25,4.68,24.333333333333332,21.27,16.613013698630137,-0.20206852210770107,-0.07105751994705714,-0.3423481823811461,-0.0571355935405877,0.15172227114061418,-0.4109003827727884,-0.17010562373154234
18,5,Bojan Bogdanovic,19.0,UTA,SF/PF,6500,33.0,32.2,4.955,33.666666666666664,30.979999999999997,31.56237623762377,0.7705355962048853,0.9162680203699477,0.6482219289550845,0.7131361242651701,0.3247366156301252,-0.1140117702199976,0.5942263040155874
18,6,Rudy Gobert,23.5,UTA,C,7800,35.5,45.7,5.88,36.333333333333336,42.48,44.65183486238532,1.7844472253338362,1.1219608412693238,1.515551653111596,1.6254043791329578,0.9066939561857523,0.18287684233279322,1.3609820313109529
18,7,Wilson Chandler,9.8,BKN,PF,3200,23.0,16.450000000000003,5.109999999999999,25.333333333333332,16.09,14.934868421052634,-0.41236130444555735,0.09349673677244368,-0.45354493408961205,-0.46805294660277375,0.4222537916151218,-0.7209840447723699,-0.3723702986253274
19,0,J.J. Barea,23.0,DAL,PG/SG,3000,11.0,15.15,5.05,14.666666666666666,17.310000000000002,11.3625,-0.5099972391024195,-0.8938288035445612,-0.6902561233022566,-0.37127318391245173,0.38450520736286514,0.14988921871581645,-0.44317429867542735
19,1,Jalen Brunson,2.0,DAL,PG/SG,5000,29.5,27.1,5.425,19.666666666666668,19.28,40.65,0.38750231408950375,0.6282980711108213,1.2503832892537818,-0.214997665469883,0.6204338589394708,-1.2355909731972075,0.2873568768074573
19,2,Mikal Bridges,28.5,PHO,SG/SF,4900,31.0,23.45,4.8,28.333333333333332,21.25,25.65705882352941,0.11337065139908356,0.751713763650447,0.2569255835024162,-0.05872214702731426,0.22721943964512806,0.5127530785025608,0.07407334922768556
19,3,Bojan Bogdanovic,19.0,UTA,SF/PF,6500,33.0,32.2,4.955,33.666666666666664,30.979999999999997,31.56237623762377,0.7705355962048853,0.9162680203699477,0.6482219289550845,0.7131361242651701,0.3247366156301252,-0.1140117702199976,0.5942263040155874
19,4,Ty Jerome,-0.5,PHO,PG/SG,3000,0.0,6.9,2.29,12.666666666666666,9.68,0.0,-1.1296099013478893,-1.7988772155018156,-1.4431546405935238,-0.9765433390986449,-1.3519296682409523,-1.4005290912820911,-0.8552948754706021
19,5,Courtney Lee,15.0,DAL,SF,3000,11.5,8.1,2.7,13.333333333333334,7.58,6.986249999999999,-1.0394844232030938,-0.852690239364686,-0.9802338690708735,-1.1431314552049365,-1.0939810091838633,-0.3779127591558117,-0.7905597344046008
19,6,Kelly Olynyk,30.0,MIA,PF/C,3400,19.0,15.65,4.61,15.666666666666666,17.31,18.979787234042554,-0.47244495654208796,-0.23561177666655794,-0.18552175460766152,-0.371273183912452,0.10768225617964816,0.611715949353491,-0.35509225218323687
19,7,Kendrick Nunn,46.0,MIA,PG/SG,4500,27.0,28.4,6.3,27.333333333333332,25.3,28.053658536585367,0.48513824874636546,0.4226052502114453,0.4157283443825487,0.26255493403481966,1.1709340459515507,1.6673199050967473,0.29262991130368077
20,0,Austin Rivers,10.5,HOU,PG/SG,3100,15.0,12.05,3.9,23.0,14.73,7.858695652173914,-0.7428213909764748,-0.5647202901055596,-0.9224241407594145,-0.5759385837001816,-0.3390093241387255,-0.6748013717086024,-0.583808951546203
20,1,Malik Monk,23.5,CHA,PG/SG,5100,29.0,27.0,5.295,27.666666666666668,23.04,28.301204819277107,0.37999185757743736,0.5871595069309461,0.4321311808357567,0.08327439003471522,0.5386452597262475,0.18287684233279322,0.24878162977249918
20,2,Solomon Hill,4.0,MIA,SF/PF,3000,14.0,9.55,3.185,17.0,12.330000000000002,7.864705882352942,-0.9305828037781324,-0.64699741846531,-0.9220258927162577,-0.766325002107372,-0.7888466198114534,-1.1036404787293004,-0.6928184869585701
20,3,Bruno Caboclo,0.0,HOU,PF/C,3000,0.0,2.65,0.875,5.333333333333333,5.85,0.0,-1.4488043031107074,-1.7988772155018156,-1.4431546405935238,-1.2803683318067862,-2.2421671135233443,-1.3675414676651143,-1.0300541807075296
20,4,Ty Jerome,-0.5,PHO,PG/SG,3000,0.0,6.9,2.29,12.666666666666666,9.68,0.0,-1.1296099013478893,-1.7988772155018156,-1.4431546405935238,-0.9765433390986449,-1.3519296682409523,-1.4005290912820911,-0.8552948754706021
20,5,Marvin Williams,19.0,MIL,PF,3000,0.0,3.75,1.25,16.666666666666668,11.21,0.0,-1.366189281477978,-1.7988772155018156,-1.4431546405935238,-0.8551719973640609,-2.006238461946739,-0.1140117702199976,-0.9443723585742982
20,6,Jarrett Allen,35.3,BKN,C,4300,20.5,21.65,5.015000000000001,22.333333333333332,27.21,19.87276119402985,-0.021817565818109935,-0.11219608412693234,-0.12635178581081702,0.41407079201720876,0.3624851998823824,0.9613847596934445,0.0012478560733174006
20,7,Spencer Dinwiddie,30.5,BKN,PG/SG,7700,34.0,38.75,5.050000000000001,33.333333333333336,38.67,39.525,1.262470497745228,0.9985451487296981,1.175838881601181,1.3231659399115432,0.3845052073628657,0.6447035729704679,1.0092803933622336
