Lineup Num,,Player Name,Actual FP,team,Pos,Salary,DFN_MinProj,Avg Proj,Avg Value Proj,Avg Skewed Min,Avg Skewed FP,Proj Min Enhanced,Avg Proj Stan,DFN_MinProj Stan,Proj Min Enhanced Stan,Avg Skewed FP Stan,Avg Value Proj Stan,Actual FP Stan,predictions
0,0,Ben Simmons,47.5,PHI,PG/SF,8700,37.5,50.15,5.785,38.0,46.190000000000005,49.49013157894736,2.267092538098934,1.3948096806018064,2.0437138675677566,1.9621812628381539,1.2395326940650049,1.6779441591760091,1.7158290368220386
0,1,Buddy Hield,31.8,SAC,SG/SF,6500,35.5,35.65,5.46,35.666666666666664,35.81,35.48341121495327,1.0634463167001411,1.191417493541241,0.973463108439015,1.0813586424775903,0.9566951815422199,0.5953417803887815,0.7980631190694224
0,2,Gordon Hayward,38.8,BOS,SF/PF,6300,34.5,35.85,5.665,31.333333333333332,32.42999999999999,39.473138297872346,1.0800483335470212,1.0897214000109583,1.2783173732665756,0.7945397160017991,1.1351003817488996,1.0780307390837234,0.7886811560041296
0,3,Cody Zeller,19.3,CHA,PF/C,3900,23.5,23.4,5.975,24.0,23.179999999999996,22.912499999999998,0.04657278482874702,-0.028935628822152372,0.012922245116798512,0.009606263368349308,1.4048838552321712,-0.26660278870932963,-0.07041211058861012
0,4,Jaylen Brown,43.5,BOS,SG/SF,6500,35.0,37.9,5.835,31.666666666666668,33.96,41.88947368421052,1.25021900622754,1.1405694467760996,1.4629490867821753,0.9243719519509002,1.2830461575300487,1.4021218970646134,0.9138321166152865
0,5,Tobias Harris,56.5,PHI,SF/PF,6900,35.5,39.0,5.640000000000001,36.333333333333336,35.8,38.10550458715596,1.3415300988853796,1.191417493541241,1.17381674934701,1.0805100657720401,1.1133436500163783,2.298544248926649,0.9782863891974557
0,6,Al Horford,39.5,PHI,PF/C,6700,33.0,37.95,5.66,33.0,32.29,37.95,1.2543695104392603,0.937177259715534,1.161934674305411,0.7826596421241041,1.1307490354023955,1.126299634953218,0.8885762879203598
0,7,Terrence Ross,26.5,ORL,SG/SF,4400,33.0,27.0,6.125,27.666666666666668,22.8,32.204819277108435,0.3454090880725854,0.937177259715534,0.7229465407368507,-0.022639651442537982,1.5354242456273028,0.22987728309118233,0.16518110490824436
1,0,Kendrick Nunn,48.3,MIA,PG/SG,5100,31.5,29.1,5.715,27.666666666666668,25.82,33.13192771084337,0.5197302649648244,0.7846331194201098,0.7937867145401444,0.23363051363346404,1.1786138452139434,1.7331086115982879,0.3330787763267865
1,1,Malcolm Brogdon,37.0,IND,PG/SG,6700,32.5,37.1,5.56,31.666666666666668,37.2,38.07631578947368,1.1838109388400206,0.8863292129503927,1.1715864390341246,1.1993108045489953,1.0437221084723072,0.9539107211335957,0.8942558204558139
1,2,Jaylen Brown,43.5,BOS,SG/SF,6500,35.0,37.9,5.835,31.666666666666668,33.96,41.88947368421052,1.25021900622754,1.1405694467760996,1.4629490867821753,0.9243719519509002,1.2830461575300487,1.4021218970646134,0.9138321166152865
1,3,Al Horford,39.5,PHI,PF/C,6700,33.0,37.95,5.66,33.0,32.29,37.95,1.2543695104392603,0.937177259715534,1.161934674305411,0.7826596421241041,1.1307490354023955,1.126299634953218,0.8885762879203598
1,4,De'Aaron Fox,56.8,SAC,PG,8000,35.5,44.099999999999994,5.515000000000001,35.0,41.42,44.72999999999999,1.7648815284808166,1.191417493541241,1.6799931461191286,1.5574101742909583,1.0045599913537686,2.3192309185850037,1.3433227005903285
1,5,Terrence Ross,26.5,ORL,SG/SF,4400,33.0,27.0,6.125,27.666666666666668,22.8,32.204819277108435,0.3454090880725854,0.937177259715534,0.7229465407368507,-0.022639651442537982,1.5354242456273028,0.22987728309118233,0.16518110490824436
1,6,Cody Zeller,19.3,CHA,PF/C,3900,23.5,23.4,5.975,24.0,23.179999999999996,22.912499999999998,0.04657278482874702,-0.028935628822152372,0.012922245116798512,0.009606263368349308,1.4048838552321712,-0.26660278870932963,-0.07041211058861012
1,7,Ben Simmons,47.5,PHI,PG/SF,8700,37.5,50.15,5.785,38.0,46.190000000000005,49.49013157894736,2.267092538098934,1.3948096806018064,2.0437138675677566,1.9621812628381539,1.2395326940650049,1.6779441591760091,1.7158290368220386
2,0,De'Aaron Fox,56.8,SAC,PG,8000,35.5,44.099999999999994,5.515000000000001,35.0,41.42,44.72999999999999,1.7648815284808166,1.191417493541241,1.6799931461191286,1.5574101742909583,1.0045599913537686,2.3192309185850037,1.3433227005903285
2,1,Dennis Schroder,41.8,OKC,PG/SG,5500,31.0,30.15,5.5,32.0,28.79,29.2078125,0.6068908534109437,0.7337850726549685,0.4939458400046746,0.48565779518171764,0.991505952314255,1.2848974356672702,0.4049090539757506
2,2,Gordon Hayward,38.8,BOS,SF/PF,6300,34.5,35.85,5.665,31.333333333333332,32.42999999999999,39.473138297872346,1.0800483335470212,1.0897214000109583,1.2783173732665756,0.7945397160017991,1.1351003817488996,1.0780307390837234,0.7886811560041296
2,3,Cody Zeller,19.3,CHA,PF/C,3900,23.5,23.4,5.975,24.0,23.179999999999996,22.912499999999998,0.04657278482874702,-0.028935628822152372,0.012922245116798512,0.009606263368349308,1.4048838552321712,-0.26660278870932963,-0.07041211058861012
2,4,Ben Simmons,47.5,PHI,PG/SF,8700,37.5,50.15,5.785,38.0,46.190000000000005,49.49013157894736,2.267092538098934,1.3948096806018064,2.0437138675677566,1.9621812628381539,1.2395326940650049,1.6779441591760091,1.7158290368220386
2,5,Jaylen Brown,43.5,BOS,SG/SF,6500,35.0,37.9,5.835,31.666666666666668,33.96,41.88947368421052,1.25021900622754,1.1405694467760996,1.4629490867821753,0.9243719519509002,1.2830461575300487,1.4021218970646134,0.9138321166152865
2,6,Al Horford,39.5,PHI,PF/C,6700,33.0,37.95,5.66,33.0,32.29,37.95,1.2543695104392603,0.937177259715534,1.161934674305411,0.7826596421241041,1.1307490354023955,1.126299634953218,0.8885762879203598
2,7,Terrence Ross,26.5,ORL,SG/SF,4400,33.0,27.0,6.125,27.666666666666668,22.8,32.204819277108435,0.3454090880725854,0.937177259715534,0.7229465407368507,-0.022639651442537982,1.5354242456273028,0.22987728309118233,0.16518110490824436
3,0,CJ McCollum,40.8,POR,PG/SG,6800,36.0,36.65,5.385,36.0,36.45,36.65,1.1464564009345406,1.2422655403063825,1.062601928972397,1.1356675516327694,0.8914249863446541,1.2159418701394213,0.868173457999142
3,1,Malcolm Brogdon,37.0,IND,PG/SG,6700,32.5,37.1,5.56,31.666666666666668,37.2,38.07631578947368,1.1838109388400206,0.8863292129503927,1.1715864390341246,1.1993108045489953,1.0437221084723072,0.9539107211335957,0.8942558204558139
3,2,Terrence Ross,26.5,ORL,SG/SF,4400,33.0,27.0,6.125,27.666666666666668,22.8,32.204819277108435,0.3454090880725854,0.937177259715534,0.7229465407368507,-0.022639651442537982,1.5354242456273028,0.22987728309118233,0.16518110490824436
3,3,Gordon Hayward,38.8,BOS,SF/PF,6300,34.5,35.85,5.665,31.333333333333332,32.42999999999999,39.473138297872346,1.0800483335470212,1.0897214000109583,1.2783173732665756,0.7945397160017991,1.1351003817488996,1.0780307390837234,0.7886811560041296
3,4,Jaylen Brown,43.5,BOS,SG/SF,6500,35.0,37.9,5.835,31.666666666666668,33.96,41.88947368421052,1.25021900622754,1.1405694467760996,1.4629490867821753,0.9243719519509002,1.2830461575300487,1.4021218970646134,0.9138321166152865
3,5,Ben Simmons,47.5,PHI,PG/SF,8700,37.5,50.15,5.785,38.0,46.190000000000005,49.49013157894736,2.267092538098934,1.3948096806018064,2.0437138675677566,1.9621812628381539,1.2395326940650049,1.6779441591760091,1.7158290368220386
3,6,Al Horford,39.5,PHI,PF/C,6700,33.0,37.95,5.66,33.0,32.29,37.95,1.2543695104392603,0.937177259715534,1.161934674305411,0.7826596421241041,1.1307490354023955,1.126299634953218,0.8885762879203598
3,7,Cody Zeller,19.3,CHA,PF/C,3900,23.5,23.4,5.975,24.0,23.179999999999996,22.912499999999998,0.04657278482874702,-0.028935628822152372,0.012922245116798512,0.009606263368349308,1.4048838552321712,-0.26660278870932963,-0.07041211058861012
4,0,Marcus Smart,16.3,BOS,PG/SG,5400,32.5,29.05,5.365,29.333333333333332,28.050000000000004,32.18607954545455,0.5155797607531044,0.8863292129503927,0.7215146415122471,0.42286311897104206,0.8740196009586368,-0.4734694852928763,0.3672021549955734
4,1,Terrence Ross,26.5,ORL,SG/SF,4400,33.0,27.0,6.125,27.666666666666668,22.8,32.204819277108435,0.3454090880725854,0.937177259715534,0.7229465407368507,-0.022639651442537982,1.5354242456273028,0.22987728309118233,0.16518110490824436
4,2,Tobias Harris,56.5,PHI,SF/PF,6900,35.5,39.0,5.640000000000001,36.333333333333336,35.8,38.10550458715596,1.3415300988853796,1.191417493541241,1.17381674934701,1.0805100657720401,1.1133436500163783,2.298544248926649,0.9782863891974557
4,3,Gordon Hayward,38.8,BOS,SF/PF,6300,34.5,35.85,5.665,31.333333333333332,32.42999999999999,39.473138297872346,1.0800483335470212,1.0897214000109583,1.2783173732665756,0.7945397160017991,1.1351003817488996,1.0780307390837234,0.7886811560041296
4,4,Jaylen Brown,43.5,BOS,SG/SF,6500,35.0,37.9,5.835,31.666666666666668,33.96,41.88947368421052,1.25021900622754,1.1405694467760996,1.4629490867821753,0.9243719519509002,1.2830461575300487,1.4021218970646134,0.9138321166152865
4,5,Ben Simmons,47.5,PHI,PG/SF,8700,37.5,50.15,5.785,38.0,46.190000000000005,49.49013157894736,2.267092538098934,1.3948096806018064,2.0437138675677566,1.9621812628381539,1.2395326940650049,1.6779441591760091,1.7158290368220386
4,6,Al Horford,39.5,PHI,PF/C,6700,33.0,37.95,5.66,33.0,32.29,37.95,1.2543695104392603,0.937177259715534,1.161934674305411,0.7826596421241041,1.1307490354023955,1.126299634953218,0.8885762879203598
4,7,Kendrick Nunn,48.3,MIA,PG/SG,5100,31.5,29.1,5.715,27.666666666666668,25.82,33.13192771084337,0.5197302649648244,0.7846331194201098,0.7937867145401444,0.23363051363346404,1.1786138452139434,1.7331086115982879,0.3330787763267865
5,0,Ben Simmons,47.5,PHI,PG/SF,8700,37.5,50.15,5.785,38.0,46.190000000000005,49.49013157894736,2.267092538098934,1.3948096806018064,2.0437138675677566,1.9621812628381539,1.2395326940650049,1.6779441591760091,1.7158290368220386
5,1,Terrence Ross,26.5,ORL,SG/SF,4400,33.0,27.0,6.125,27.666666666666668,22.8,32.204819277108435,0.3454090880725854,0.937177259715534,0.7229465407368507,-0.022639651442537982,1.5354242456273028,0.22987728309118233,0.16518110490824436
5,2,Jaylen Brown,43.5,BOS,SG/SF,6500,35.0,37.9,5.835,31.666666666666668,33.96,41.88947368421052,1.25021900622754,1.1405694467760996,1.4629490867821753,0.9243719519509002,1.2830461575300487,1.4021218970646134,0.9138321166152865
5,3,Tobias Harris,56.5,PHI,SF/PF,6900,35.5,39.0,5.640000000000001,36.333333333333336,35.8,38.10550458715596,1.3415300988853796,1.191417493541241,1.17381674934701,1.0805100657720401,1.1133436500163783,2.298544248926649,0.9782863891974557
5,4,Josh Richardson,31.8,PHI,SG/SF,6400,35.0,33.8,5.26,34.666666666666664,30.160000000000004,34.125,0.9098776608665019,1.1405694467760996,0.8696671736140432,0.6019128038420236,0.7826413276820444,0.5953417803887815,0.654986927443052
5,5,Al Horford,39.5,PHI,PF/C,6700,33.0,37.95,5.66,33.0,32.29,37.95,1.2543695104392603,0.937177259715534,1.161934674305411,0.7826596421241041,1.1307490354023955,1.126299634953218,0.8885762879203598
5,6,Cody Zeller,19.3,CHA,PF/C,3900,23.5,23.4,5.975,24.0,23.179999999999996,22.912499999999998,0.04657278482874702,-0.028935628822152372,0.012922245116798512,0.009606263368349308,1.4048838552321712,-0.26660278870932963,-0.07041211058861012
5,7,Gordon Hayward,38.8,BOS,SF/PF,6300,34.5,35.85,5.665,31.333333333333332,32.42999999999999,39.473138297872346,1.0800483335470212,1.0897214000109583,1.2783173732665756,0.7945397160017991,1.1351003817488996,1.0780307390837234,0.7886811560041296
6,0,Ben Simmons,47.5,PHI,PG/SF,8700,37.5,50.15,5.785,38.0,46.190000000000005,49.49013157894736,2.267092538098934,1.3948096806018064,2.0437138675677566,1.9621812628381539,1.2395326940650049,1.6779441591760091,1.7158290368220386
6,1,Jaylen Brown,43.5,BOS,SG/SF,6500,35.0,37.9,5.835,31.666666666666668,33.96,41.88947368421052,1.25021900622754,1.1405694467760996,1.4629490867821753,0.9243719519509002,1.2830461575300487,1.4021218970646134,0.9138321166152865
6,2,Terrence Ross,26.5,ORL,SG/SF,4400,33.0,27.0,6.125,27.666666666666668,22.8,32.204819277108435,0.3454090880725854,0.937177259715534,0.7229465407368507,-0.022639651442537982,1.5354242456273028,0.22987728309118233,0.16518110490824436
6,3,Al Horford,39.5,PHI,PF/C,6700,33.0,37.95,5.66,33.0,32.29,37.95,1.2543695104392603,0.937177259715534,1.161934674305411,0.7826596421241041,1.1307490354023955,1.126299634953218,0.8885762879203598
6,4,Spencer Dinwiddie,41.0,BKN,PG/SG,6600,32.0,33.25,5.0600000000000005,31.666666666666668,36.510000000000005,33.6,0.8642221145375824,0.8354811661852513,0.8295520264603262,1.1407590118660678,0.6085874738218697,1.2297329832449913,0.6905545618241218
6,5,Tobias Harris,56.5,PHI,SF/PF,6900,35.5,39.0,5.640000000000001,36.333333333333336,35.8,38.10550458715596,1.3415300988853796,1.191417493541241,1.17381674934701,1.0805100657720401,1.1133436500163783,2.298544248926649,0.9782863891974557
6,6,Cody Zeller,19.3,CHA,PF/C,3900,23.5,23.4,5.975,24.0,23.179999999999996,22.912499999999998,0.04657278482874702,-0.028935628822152372,0.012922245116798512,0.009606263368349308,1.4048838552321712,-0.26660278870932963,-0.07041211058861012
6,7,Gordon Hayward,38.8,BOS,SF/PF,6300,34.5,35.85,5.665,31.333333333333332,32.42999999999999,39.473138297872346,1.0800483335470212,1.0897214000109583,1.2783173732665756,0.7945397160017991,1.1351003817488996,1.0780307390837234,0.7886811560041296
7,0,Ben Simmons,47.5,PHI,PG/SF,8700,37.5,50.15,5.785,38.0,46.190000000000005,49.49013157894736,2.267092538098934,1.3948096806018064,2.0437138675677566,1.9621812628381539,1.2395326940650049,1.6779441591760091,1.7158290368220386
7,1,Kendrick Nunn,48.3,MIA,PG/SG,5100,31.5,29.1,5.715,27.666666666666668,25.82,33.13192771084337,0.5197302649648244,0.7846331194201098,0.7937867145401444,0.23363051363346404,1.1786138452139434,1.7331086115982879,0.3330787763267865
7,2,Terrence Ross,26.5,ORL,SG/SF,4400,33.0,27.0,6.125,27.666666666666668,22.8,32.204819277108435,0.3454090880725854,0.937177259715534,0.7229465407368507,-0.022639651442537982,1.5354242456273028,0.22987728309118233,0.16518110490824436
7,3,Gordon Hayward,38.8,BOS,SF/PF,6300,34.5,35.85,5.665,31.333333333333332,32.42999999999999,39.473138297872346,1.0800483335470212,1.0897214000109583,1.2783173732665756,0.7945397160017991,1.1351003817488996,1.0780307390837234,0.7886811560041296
7,4,Malcolm Brogdon,37.0,IND,PG/SG,6700,32.5,37.1,5.56,31.666666666666668,37.2,38.07631578947368,1.1838109388400206,0.8863292129503927,1.1715864390341246,1.1993108045489953,1.0437221084723072,0.9539107211335957,0.8942558204558139
7,5,Jaylen Brown,43.5,BOS,SG/SF,6500,35.0,37.9,5.835,31.666666666666668,33.96,41.88947368421052,1.25021900622754,1.1405694467760996,1.4629490867821753,0.9243719519509002,1.2830461575300487,1.4021218970646134,0.9138321166152865
7,6,Al Horford,39.5,PHI,PF/C,6700,33.0,37.95,5.66,33.0,32.29,37.95,1.2543695104392603,0.937177259715534,1.161934674305411,0.7826596421241041,1.1307490354023955,1.126299634953218,0.8885762879203598
7,7,Markelle Fultz,55.8,ORL,PG/SG,5600,34.5,29.4,5.234999999999999,29.333333333333332,26.54,34.57840909090909,0.5446332902351441,1.0897214000109583,0.9043120734286171,0.2947280364330406,0.7608845959495222,2.2502753530571544,0.3954069662254371
8,0,Malcolm Brogdon,37.0,IND,PG/SG,6700,32.5,37.1,5.56,31.666666666666668,37.2,38.07631578947368,1.1838109388400206,0.8863292129503927,1.1715864390341246,1.1993108045489953,1.0437221084723072,0.9539107211335957,0.8942558204558139
8,1,Derrick Rose,34.0,DET,PG/SG,6700,30.0,34.9,5.1850000000000005,30.333333333333332,33.60000000000001,34.51648351648351,1.0011887535243413,0.6320889791246856,0.8995803524178351,0.8938231905511125,0.7173711324844794,0.747044024550049,0.7481236045228035
8,2,Terrence Ross,26.5,ORL,SG/SF,4400,33.0,27.0,6.125,27.666666666666668,22.8,32.204819277108435,0.3454090880725854,0.937177259715534,0.7229465407368507,-0.022639651442537982,1.5354242456273028,0.22987728309118233,0.16518110490824436
8,3,Gordon Hayward,38.8,BOS,SF/PF,6300,34.5,35.85,5.665,31.333333333333332,32.42999999999999,39.473138297872346,1.0800483335470212,1.0897214000109583,1.2783173732665756,0.7945397160017991,1.1351003817488996,1.0780307390837234,0.7886811560041296
8,4,Ben Simmons,47.5,PHI,PG/SF,8700,37.5,50.15,5.785,38.0,46.190000000000005,49.49013157894736,2.267092538098934,1.3948096806018064,2.0437138675677566,1.9621812628381539,1.2395326940650049,1.6779441591760091,1.7158290368220386
8,5,Jaylen Brown,43.5,BOS,SG/SF,6500,35.0,37.9,5.835,31.666666666666668,33.96,41.88947368421052,1.25021900622754,1.1405694467760996,1.4629490867821753,0.9243719519509002,1.2830461575300487,1.4021218970646134,0.9138321166152865
8,6,Cody Zeller,19.3,CHA,PF/C,3900,23.5,23.4,5.975,24.0,23.179999999999996,22.912499999999998,0.04657278482874702,-0.028935628822152372,0.012922245116798512,0.009606263368349308,1.4048838552321712,-0.26660278870932963,-0.07041211058861012
8,7,Al Horford,39.5,PHI,PF/C,6700,33.0,37.95,5.66,33.0,32.29,37.95,1.2543695104392603,0.937177259715534,1.161934674305411,0.7826596421241041,1.1307490354023955,1.126299634953218,0.8885762879203598
9,0,De'Aaron Fox,56.8,SAC,PG,8000,35.5,44.099999999999994,5.515000000000001,35.0,41.42,44.72999999999999,1.7648815284808166,1.191417493541241,1.6799931461191286,1.5574101742909583,1.0045599913537686,2.3192309185850037,1.3433227005903285
9,1,Terrence Ross,26.5,ORL,SG/SF,4400,33.0,27.0,6.125,27.666666666666668,22.8,32.204819277108435,0.3454090880725854,0.937177259715534,0.7229465407368507,-0.022639651442537982,1.5354242456273028,0.22987728309118233,0.16518110490824436
9,2,Ben Simmons,47.5,PHI,PG/SF,8700,37.5,50.15,5.785,38.0,46.190000000000005,49.49013157894736,2.267092538098934,1.3948096806018064,2.0437138675677566,1.9621812628381539,1.2395326940650049,1.6779441591760091,1.7158290368220386
9,3,Cody Zeller,19.3,CHA,PF/C,3900,23.5,23.4,5.975,24.0,23.179999999999996,22.912499999999998,0.04657278482874702,-0.028935628822152372,0.012922245116798512,0.009606263368349308,1.4048838552321712,-0.26660278870932963,-0.07041211058861012
9,4,Malcolm Brogdon,37.0,IND,PG/SG,6700,32.5,37.1,5.56,31.666666666666668,37.2,38.07631578947368,1.1838109388400206,0.8863292129503927,1.1715864390341246,1.1993108045489953,1.0437221084723072,0.9539107211335957,0.8942558204558139
9,5,Jaylen Brown,43.5,BOS,SG/SF,6500,35.0,37.9,5.835,31.666666666666668,33.96,41.88947368421052,1.25021900622754,1.1405694467760996,1.4629490867821753,0.9243719519509002,1.2830461575300487,1.4021218970646134,0.9138321166152865
9,6,Al Horford,39.5,PHI,PF/C,6700,33.0,37.95,5.66,33.0,32.29,37.95,1.2543695104392603,0.937177259715534,1.161934674305411,0.7826596421241041,1.1307490354023955,1.126299634953218,0.8885762879203598
9,7,Jerami Grant,26.8,DEN,PF/C,5000,31.5,23.9,4.8,26.666666666666668,19.0,28.231874999999995,0.08807782694594678,0.7846331194201098,0.419374646813568,-0.3450987995514148,0.38231746380364123,0.250563952749537,0.02786139144277505
10,0,Marcus Smart,16.3,BOS,PG/SG,5400,32.5,29.05,5.365,29.333333333333332,28.050000000000004,32.18607954545455,0.5155797607531044,0.8863292129503927,0.7215146415122471,0.42286311897104206,0.8740196009586368,-0.4734694852928763,0.3672021549955734
10,1,Malcolm Brogdon,37.0,IND,PG/SG,6700,32.5,37.1,5.56,31.666666666666668,37.2,38.07631578947368,1.1838109388400206,0.8863292129503927,1.1715864390341246,1.1993108045489953,1.0437221084723072,0.9539107211335957,0.8942558204558139
10,2,Ben Simmons,47.5,PHI,PG/SF,8700,37.5,50.15,5.785,38.0,46.190000000000005,49.49013157894736,2.267092538098934,1.3948096806018064,2.0437138675677566,1.9621812628381539,1.2395326940650049,1.6779441591760091,1.7158290368220386
10,3,Tobias Harris,56.5,PHI,SF/PF,6900,35.5,39.0,5.640000000000001,36.333333333333336,35.8,38.10550458715596,1.3415300988853796,1.191417493541241,1.17381674934701,1.0805100657720401,1.1133436500163783,2.298544248926649,0.9782863891974557
10,4,Terrence Ross,26.5,ORL,SG/SF,4400,33.0,27.0,6.125,27.666666666666668,22.8,32.204819277108435,0.3454090880725854,0.937177259715534,0.7229465407368507,-0.022639651442537982,1.5354242456273028,0.22987728309118233,0.16518110490824436
10,5,Buddy Hield,31.8,SAC,SG/SF,6500,35.5,35.65,5.46,35.666666666666664,35.81,35.48341121495327,1.0634463167001411,1.191417493541241,0.973463108439015,1.0813586424775903,0.9566951815422199,0.5953417803887815,0.7980631190694224
10,6,JaVale McGee,31.3,LAL,C,4500,22.0,25.1,5.58,19.666666666666668,21.1,28.077966101694916,0.18768992802722642,-0.18147976911757654,0.40761449804447325,-0.1668976913859828,1.0611274938583253,0.5608639976248571,0.05517800050902641
10,7,Al Horford,39.5,PHI,PF/C,6700,33.0,37.95,5.66,33.0,32.29,37.95,1.2543695104392603,0.937177259715534,1.161934674305411,0.7826596421241041,1.1307490354023955,1.126299634953218,0.8885762879203598
11,0,De'Aaron Fox,56.8,SAC,PG,8000,35.5,44.099999999999994,5.515000000000001,35.0,41.42,44.72999999999999,1.7648815284808166,1.191417493541241,1.6799931461191286,1.5574101742909583,1.0045599913537686,2.3192309185850037,1.3433227005903285
11,1,Jaylen Brown,43.5,BOS,SG/SF,6500,35.0,37.9,5.835,31.666666666666668,33.96,41.88947368421052,1.25021900622754,1.1405694467760996,1.4629490867821753,0.9243719519509002,1.2830461575300487,1.4021218970646134,0.9138321166152865
11,2,Buddy Hield,31.8,SAC,SG/SF,6500,35.5,35.65,5.46,35.666666666666664,35.81,35.48341121495327,1.0634463167001411,1.191417493541241,0.973463108439015,1.0813586424775903,0.9566951815422199,0.5953417803887815,0.7980631190694224
11,3,Harry Giles III,6.5,SAC,PF/C,3400,14.0,15.0,4.404999999999999,13.333333333333334,13.139999999999997,15.75,-0.6507119227402088,-0.9950485173598388,-0.5343629767660566,-0.842364749003525,0.03856110242979459,-1.1492340274657955,-0.5489145518168147
11,4,Ben Simmons,47.5,PHI,PG/SF,8700,37.5,50.15,5.785,38.0,46.190000000000005,49.49013157894736,2.267092538098934,1.3948096806018064,2.0437138675677566,1.9621812628381539,1.2395326940650049,1.6779441591760091,1.7158290368220386
11,5,Gordon Hayward,38.8,BOS,SF/PF,6300,34.5,35.85,5.665,31.333333333333332,32.42999999999999,39.473138297872346,1.0800483335470212,1.0897214000109583,1.2783173732665756,0.7945397160017991,1.1351003817488996,1.0780307390837234,0.7886811560041296
11,6,Cody Zeller,19.3,CHA,PF/C,3900,23.5,23.4,5.975,24.0,23.179999999999996,22.912499999999998,0.04657278482874702,-0.028935628822152372,0.012922245116798512,0.009606263368349308,1.4048838552321712,-0.26660278870932963,-0.07041211058861012
11,7,Al Horford,39.5,PHI,PF/C,6700,33.0,37.95,5.66,33.0,32.29,37.95,1.2543695104392603,0.937177259715534,1.161934674305411,0.7826596421241041,1.1307490354023955,1.126299634953218,0.8885762879203598
12,0,Marcus Smart,16.3,BOS,PG/SG,5400,32.5,29.05,5.365,29.333333333333332,28.050000000000004,32.18607954545455,0.5155797607531044,0.8863292129503927,0.7215146415122471,0.42286311897104206,0.8740196009586368,-0.4734694852928763,0.3672021549955734
12,1,Jaylen Brown,43.5,BOS,SG/SF,6500,35.0,37.9,5.835,31.666666666666668,33.96,41.88947368421052,1.25021900622754,1.1405694467760996,1.4629490867821753,0.9243719519509002,1.2830461575300487,1.4021218970646134,0.9138321166152865
12,2,Duncan Robinson,22.0,MIA,SG/SF,4300,30.5,21.25,4.955,28.666666666666668,20.79,22.609011627906977,-0.1318988962752118,0.6829370258898271,-0.010267241942160726,-0.19320356925802293,0.5172092005452773,-0.0804227617841377,-0.13898271390643283
12,3,Tobias Harris,56.5,PHI,SF/PF,6900,35.5,39.0,5.640000000000001,36.333333333333336,35.8,38.10550458715596,1.3415300988853796,1.191417493541241,1.17381674934701,1.0805100657720401,1.1133436500163783,2.298544248926649,0.9782863891974557
12,4,Ben Simmons,47.5,PHI,PG/SF,8700,37.5,50.15,5.785,38.0,46.190000000000005,49.49013157894736,2.267092538098934,1.3948096806018064,2.0437138675677566,1.9621812628381539,1.2395326940650049,1.6779441591760091,1.7158290368220386
12,5,Cody Zeller,19.3,CHA,PF/C,3900,23.5,23.4,5.975,24.0,23.179999999999996,22.912499999999998,0.04657278482874702,-0.028935628822152372,0.012922245116798512,0.009606263368349308,1.4048838552321712,-0.26660278870932963,-0.07041211058861012
12,6,Al Horford,39.5,PHI,PF/C,6700,33.0,37.95,5.66,33.0,32.29,37.95,1.2543695104392603,0.937177259715534,1.161934674305411,0.7826596421241041,1.1307490354023955,1.126299634953218,0.8885762879203598
12,7,Gordon Hayward,38.8,BOS,SF/PF,6300,34.5,35.85,5.665,31.333333333333332,32.42999999999999,39.473138297872346,1.0800483335470212,1.0897214000109583,1.2783173732665756,0.7945397160017991,1.1351003817488996,1.0780307390837234,0.7886811560041296
13,0,Ben Simmons,47.5,PHI,PG/SF,8700,37.5,50.15,5.785,38.0,46.190000000000005,49.49013157894736,2.267092538098934,1.3948096806018064,2.0437138675677566,1.9621812628381539,1.2395326940650049,1.6779441591760091,1.7158290368220386
13,1,Terrence Ross,26.5,ORL,SG/SF,4400,33.0,27.0,6.125,27.666666666666668,22.8,32.204819277108435,0.3454090880725854,0.937177259715534,0.7229465407368507,-0.022639651442537982,1.5354242456273028,0.22987728309118233,0.16518110490824436
13,2,Gordon Hayward,38.8,BOS,SF/PF,6300,34.5,35.85,5.665,31.333333333333332,32.42999999999999,39.473138297872346,1.0800483335470212,1.0897214000109583,1.2783173732665756,0.7945397160017991,1.1351003817488996,1.0780307390837234,0.7886811560041296
13,3,Tobias Harris,56.5,PHI,SF/PF,6900,35.5,39.0,5.640000000000001,36.333333333333336,35.8,38.10550458715596,1.3415300988853796,1.191417493541241,1.17381674934701,1.0805100657720401,1.1133436500163783,2.298544248926649,0.9782863891974557
13,4,Kendrick Nunn,48.3,MIA,PG/SG,5100,31.5,29.1,5.715,27.666666666666668,25.82,33.13192771084337,0.5197302649648244,0.7846331194201098,0.7937867145401444,0.23363051363346404,1.1786138452139434,1.7331086115982879,0.3330787763267865
13,5,Wes Iwundu,30.5,ORL,SG/SF,3300,31.0,17.55,5.300000000000001,21.666666666666668,13.209999999999999,25.11,-0.43903620794249,0.7337850726549685,0.1808327896316432,-0.8364247120646772,0.8174520984540803,0.5056995452025779,-0.4077055882572441
13,6,Al Horford,39.5,PHI,PF/C,6700,33.0,37.95,5.66,33.0,32.29,37.95,1.2543695104392603,0.937177259715534,1.161934674305411,0.7826596421241041,1.1307490354023955,1.126299634953218,0.8885762879203598
13,7,Buddy Hield,31.8,SAC,SG/SF,6500,35.5,35.65,5.46,35.666666666666664,35.81,35.48341121495327,1.0634463167001411,1.191417493541241,0.973463108439015,1.0813586424775903,0.9566951815422199,0.5953417803887815,0.7980631190694224
14,0,Ben Simmons,47.5,PHI,PG/SF,8700,37.5,50.15,5.785,38.0,46.190000000000005,49.49013157894736,2.267092538098934,1.3948096806018064,2.0437138675677566,1.9621812628381539,1.2395326940650049,1.6779441591760091,1.7158290368220386
14,1,Ben McLemore,25.5,HOU,SG/SF,4000,27.5,18.85,4.725,27.666666666666668,18.43,18.73644578313253,-0.33112309843777055,0.37784874529897877,-0.3061692395147051,-0.39346767176774633,0.31704726860607535,0.16092171756333343,-0.2958447411181247
14,2,Gordon Hayward,38.8,BOS,SF/PF,6300,34.5,35.85,5.665,31.333333333333332,32.42999999999999,39.473138297872346,1.0800483335470212,1.0897214000109583,1.2783173732665756,0.7945397160017991,1.1351003817488996,1.0780307390837234,0.7886811560041296
14,3,Tobias Harris,56.5,PHI,SF/PF,6900,35.5,39.0,5.640000000000001,36.333333333333336,35.8,38.10550458715596,1.3415300988853796,1.191417493541241,1.17381674934701,1.0805100657720401,1.1133436500163783,2.298544248926649,0.9782863891974557
14,4,Shabazz Napier,18.0,MIN,PG/SG,4900,24.5,23.4,4.795,23.333333333333332,21.7,24.57,0.04657278482874702,0.07276046470813041,0.13957149541639138,-0.11598308905300243,0.377966117457137,-0.35624502389553325,0.0010754072043167309
14,5,Jaylen Brown,43.5,BOS,SG/SF,6500,35.0,37.9,5.835,31.666666666666668,33.96,41.88947368421052,1.25021900622754,1.1405694467760996,1.4629490867821753,0.9243719519509002,1.2830461575300487,1.4021218970646134,0.9138321166152865
14,6,Al Horford,39.5,PHI,PF/C,6700,33.0,37.95,5.66,33.0,32.29,37.95,1.2543695104392603,0.937177259715534,1.161934674305411,0.7826596421241041,1.1307490354023955,1.126299634953218,0.8885762879203598
14,7,Kendrick Nunn,48.3,MIA,PG/SG,5100,31.5,29.1,5.715,27.666666666666668,25.82,33.13192771084337,0.5197302649648244,0.7846331194201098,0.7937867145401444,0.23363051363346404,1.1786138452139434,1.7331086115982879,0.3330787763267865
15,0,De'Aaron Fox,56.8,SAC,PG,8000,35.5,44.099999999999994,5.515000000000001,35.0,41.42,44.72999999999999,1.7648815284808166,1.191417493541241,1.6799931461191286,1.5574101742909583,1.0045599913537686,2.3192309185850037,1.3433227005903285
15,1,Jaylen Brown,43.5,BOS,SG/SF,6500,35.0,37.9,5.835,31.666666666666668,33.96,41.88947368421052,1.25021900622754,1.1405694467760996,1.4629490867821753,0.9243719519509002,1.2830461575300487,1.4021218970646134,0.9138321166152865
15,2,Ben Simmons,47.5,PHI,PG/SF,8700,37.5,50.15,5.785,38.0,46.190000000000005,49.49013157894736,2.267092538098934,1.3948096806018064,2.0437138675677566,1.9621812628381539,1.2395326940650049,1.6779441591760091,1.7158290368220386
15,3,Cody Zeller,19.3,CHA,PF/C,3900,23.5,23.4,5.975,24.0,23.179999999999996,22.912499999999998,0.04657278482874702,-0.028935628822152372,0.012922245116798512,0.009606263368349308,1.4048838552321712,-0.26660278870932963,-0.07041211058861012
15,4,Terrence Ross,26.5,ORL,SG/SF,4400,33.0,27.0,6.125,27.666666666666668,22.8,32.204819277108435,0.3454090880725854,0.937177259715534,0.7229465407368507,-0.022639651442537982,1.5354242456273028,0.22987728309118233,0.16518110490824436
15,5,Gordon Hayward,38.8,BOS,SF/PF,6300,34.5,35.85,5.665,31.333333333333332,32.42999999999999,39.473138297872346,1.0800483335470212,1.0897214000109583,1.2783173732665756,0.7945397160017991,1.1351003817488996,1.0780307390837234,0.7886811560041296
15,6,Mo Bamba,23.8,ORL,C,3100,11.5,13.2,4.24,14.0,15.02,10.842857142857143,-0.800130074362128,-1.2492887511855457,-0.909316801182433,-0.6828323283601858,-0.10503332700484931,0.043697256165990364,-0.6465415192339924
15,7,Malcolm Brogdon,37.0,IND,PG/SG,6700,32.5,37.1,5.56,31.666666666666668,37.2,38.07631578947368,1.1838109388400206,0.8863292129503927,1.1715864390341246,1.1993108045489953,1.0437221084723072,0.9539107211335957,0.8942558204558139
16,0,James Harden,37.0,HOU,PG/SG,12400,36.5,61.35,4.93,38.666666666666664,65.29,57.91228448275863,3.196805481524209,1.2931135870715238,2.6872489210677473,3.582962770438035,0.4954524688127551,0.9539107211335957,2.5775504642946103
16,1,Romeo Langford,5.8,BOS,SG/SF,3000,0.0,1.9,0.625,5.666666666666667,3.6599999999999993,0.0,-1.7381440262108425,-2.418793826783798,-1.7378173913775707,-1.6468154658646172,-3.2510567355275186,-1.1975029233352896,-1.1829380485987868
16,2,Rudy Gay,15.5,SA,SF/PF,4600,22.0,21.3,4.609999999999999,23.0,23.08,20.37391304347826,-0.12774839206349178,-0.18147976911757654,-0.18105068692772797,0.0011204963128527321,0.21696630263647435,-0.5286339377151554,-0.11132524137010096
16,3,Kyle Kuzma,21.8,LAL,SF/PF,5800,31.5,29.450000000000003,5.07,28.666666666666668,24.169999999999998,32.36075581395349,0.5487837944468644,0.7846331194201098,0.7348616209695752,0.09361535721776737,0.6172901665148783,-0.09421387488970742,0.372982341666536
16,4,Danny Green,17.5,LAL,SG/SF,4400,25.0,18.9,4.295,24.333333333333332,20.119999999999997,19.41780821917808,-0.3269725942260508,0.1236085114732718,-0.2541064692537862,-0.25005820852985133,-0.05716851719330134,-0.3907228066594577,-0.24823750572056932
16,5,Carmelo Anthony,36.0,POR,SF/PF,6200,35.0,32.55,5.24,33.666666666666664,30.21,33.839108910891085,0.8061150555735025,1.1405694467760996,0.8478222915006326,0.6061556873697718,0.7652359422960273,0.8849551556057468,0.5892512461314141
16,6,Enes Kanter,11.8,BOS,C,5700,22.5,30.65,5.385,22.0,27.110000000000003,31.346590909090907,0.6483958955281435,-0.13063172235243514,0.657369479261579,0.3430969086493724,0.8914249863446541,-0.7837695301681963,0.43224288404603395
16,7,Rodions Kurucs,3.8,BKN,SF/PF,3300,11.5,9.6,2.915,17.333333333333332,11.08,6.36923076923077,-1.0989663776059662,-1.2492887511855457,-1.2511457160181891,-1.017171550346758,-1.258140108828511,-1.3354140543909874,-0.813665532541151
17,0,Spencer Dinwiddie,41.0,BKN,PG/SG,6600,32.0,33.25,5.0600000000000005,31.666666666666668,36.510000000000005,33.6,0.8642221145375824,0.8354811661852513,0.8295520264603262,1.1407590118660678,0.6085874738218697,1.2297329832449913,0.6905545618241218
17,1,Jalen Brunson,4.0,DAL,PG/SG,3000,13.5,11.2,3.75,14.0,14.440000000000001,10.799999999999999,-0.966150242830927,-1.0458965641249802,-0.9125915070725324,-0.7320497772820668,-0.5314652689622791,-1.3216229412854177,-0.7253381506023366
17,2,Ben McLemore,25.5,HOU,SG/SF,4000,27.5,18.85,4.725,27.666666666666668,18.43,18.73644578313253,-0.33112309843777055,0.37784874529897877,-0.3061692395147051,-0.39346767176774633,0.31704726860607535,0.16092171756333343,-0.2958447411181247
17,3,Danuel House Jr.,11.0,HOU,SF/PF,4100,24.0,17.25,4.225,30.0,18.29,13.799999999999999,-0.4639392332128099,0.021912417942989017,-0.6833620947655774,-0.40534774564544185,-0.11808736604436296,-0.8389339825904755,-0.38038379051466625
17,4,Nicolas Batum,19.3,CHA,SG/SF,3800,22.5,15.9,4.205,26.666666666666668,15.540000000000001,13.415624999999999,-0.5760028469292492,-0.13063172235243514,-0.712732113217406,-0.6387063396716025,-0.13549275143038012,-0.26660278870932963,-0.4774969523084272
17,5,Tony Snell,17.3,DET,SG/SF,3500,28.5,15.95,4.57,28.666666666666668,15.290000000000001,15.857267441860463,-0.5718523427175293,0.4795448388292615,-0.5261666925469417,-0.6599207573103444,0.18215553186444003,-0.40451391976502743,-0.482981406723287
17,6,Dwight Powell,29.8,DAL,C,5300,28.5,24.3,4.59,29.0,24.1,23.881034482758622,0.12128186063970677,0.4795448388292615,0.08692777521072523,0.08767532027891992,0.1995609172504572,0.4574306493330837,0.08042768306089917
17,7,DeMar DeRozan,49.8,SA,SG/SF,7900,34.0,36.7,4.63,35.0,39.6,35.651428571428575,1.1506069051462608,1.0388733532458168,0.9863012817330823,1.4029692138809173,0.23437168802249228,1.8365419598900612,0.9395750389209403
18,0,Jalen Brunson,4.0,DAL,PG/SG,3000,13.5,11.2,3.75,14.0,14.440000000000001,10.799999999999999,-0.966150242830927,-1.0458965641249802,-0.9125915070725324,-0.7320497772820668,-0.5314652689622791,-1.3216229412854177,-0.7253381506023366
18,1,Furkan Korkmaz,18.0,PHI,SG/SF,3100,19.5,14.65,4.71,19.333333333333332,13.63,14.776293103448278,-0.6797654522222486,-0.4357200029432835,-0.60876372998465,-0.8007844904315906,0.3039932295665625,-0.35624502389553325,-0.5854190188207883
18,2,Harrison Barnes,41.0,SAC,SF/PF,4900,35.0,25.5,5.2,35.666666666666664,25.720000000000006,25.023364485981308,0.22089396172098613,1.1405694467760996,0.17421298697717133,0.22514474657796776,0.7304251715239922,1.2297329832449913,0.12917013939294872
18,3,Maxi Kleber,23.0,DAL,PF/C,5100,26.0,20.45,4.01,26.333333333333332,20.509999999999998,20.19113924050633,-0.19830696366273148,0.22530460500355456,-0.19501639740784887,-0.21696371701341394,-0.3051952589440513,-0.0114671962562888,-0.14025490652070094
18,4,Marco Belinelli,2.8,SA,SG/SF,3000,0.0,1.25,0.415,15.666666666666666,9.11,0.0,-1.792100580963202,-2.418793826783798,-1.7378173913775707,-1.184341161340044,-3.4338132820807026,-1.4043696199188362,-1.1555224226695273
18,5,Naz Reid,2.8,MIN,PF/C,3900,17.0,15.6,4.0,15.666666666666666,16.979999999999997,16.927659574468084,-0.6009058721995691,-0.6899602367689904,-0.44437823938173066,-0.5165112940724496,-0.31389795163705986,-1.4043696199188362,-0.449426505126275
18,6,Steven Adams,7.5,OKC,C,6700,31.0,33.55,5.0,29.666666666666668,34.23,35.05786516853932,0.889125139807902,0.7337850726549685,0.940947218396009,0.947283523000741,0.5563713176638168,-1.0802784619379466,0.6980063474768015
18,7,Gordon Hayward,38.8,BOS,SF/PF,6300,34.5,35.85,5.665,31.333333333333332,32.42999999999999,39.473138297872346,1.0800483335470212,1.0897214000109583,1.2783173732665756,0.7945397160017991,1.1351003817488996,1.0780307390837234,0.7886811560041296
19,0,Aaron Holiday,0.0,IND,PG/SG,4500,22.0,20.55,4.5649999999999995,25.666666666666668,22.549999999999997,17.614285714285714,-0.19000595523929142,-0.18147976911757654,-0.39191327054673447,-0.04385406908128018,0.17780418551793498,-1.5974452033968134,-0.16888623223134624
19,1,Javonte Green,5.3,BOS,SG,3000,0.0,6.65,2.21,7.666666666666667,6.890000000000001,0.0,-1.3438461260974448,-2.418793826783798,-1.7378173913775707,-1.372725189972072,-1.871679943685629,-1.231980706099214,-1.0043397199982302
19,2,Josh Okogie,10.0,MIN,SG/SF,4000,24.0,17.95,4.49,24.666666666666668,18.85,17.464864864864865,-0.40583217424873025,0.021912417942989017,-0.4033304883797836,-0.35782745013465983,0.11253399032036984,-0.9078895481183243,-0.3337325916759251
19,3,Treveon Graham,5.0,MIN,SF/PF,3000,11.5,7.45,2.5,18.0,10.45,4.759722222222223,-1.2774380587099252,-1.2492887511855457,-1.374127948796119,-1.0706318827963877,-1.6193018555883747,-1.2526673757575688,-0.9156630567422392
19,4,Shai Gilgeous-Alexander,45.0,OKC,PG/SG,7400,35.5,34.4,4.645,36.0,35.58,33.92222222222222,0.9596837114071417,1.191417493541241,0.8541729633377394,1.0618413782499474,0.24742572706200516,1.5055552453563867,0.7724692517085029
19,5,Thon Maker,0.0,DET,PF/C,3400,0.0,7.4,2.17,10.333333333333334,8.66,0.0,-1.281588562921645,-2.418793826783798,-1.7378173913775707,-1.2225271130897795,-1.9064907144576642,-1.5974452033968134,-0.9466541229315628
19,6,Mike Muscala,32.0,OKC,PF/C,3100,16.5,13.95,4.49,14.333333333333334,11.069999999999999,16.058720930232557,-0.7378725111863284,-0.7408082835341319,-0.5107736709647014,-1.0180201270523077,0.11253399032036984,0.6091328934943512,-0.6249189082132058
19,7,Jarrett Allen,32.0,BKN,C,5600,27.0,25.4,4.525,26.0,28.160000000000004,26.376923076923077,0.21259295329754604,0.32700069853383734,0.277638133752042,0.4321974627320884,0.14299341474590066,0.6091328934943512,0.1924254129033233
